-14.11 -5.53 124.91 0.92 0.30 0.09 
-35.38 9.32 131.07 0.91 0.21 -0.08 
-29.63 10.63 130.81 1.05 0.04 -0.08 
-28.26 -1.97 128.41 1.06 0.34 0.20 
-19.99 4.60 124.41 0.95 0.21 0.13 
-21.82 3.15 126.42 0.89 0.21 -0.11 
-11.43 3.52 124.97 0.93 0.16 -0.03 
-16.89 4.29 123.36 0.98 0.07 -0.08 
-35.78 4.65 128.61 1.13 0.41 -0.11 
-14.97 -6.69 122.79 0.82 0.30 0.12 
-13.85 1.18 117.49 1.01 0.32 0.00 
-8.18 3.94 113.53 0.97 0.32 0.03 
-14.08 0.84 109.40 0.96 0.11 0.00 
-20.46 4.94 102.36 1.00 0.07 -0.01 
14.21 36.23 99.54 1.08 0.47 0.67 
-20.65 1.44 95.99 0.98 0.21 0.16 
-26.13 5.63 94.92 0.97 0.26 0.01 
-35.49 15.53 88.09 0.91 0.10 0.00 
-25.73 12.25 94.51 1.37 0.33 -0.18 
-25.18 3.47 91.16 0.89 0.22 0.16 
-23.95 14.57 96.63 1.01 0.37 -0.05 
-12.98 4.76 95.42 0.95 0.15 0.02 
-22.65 9.50 102.31 1.04 0.11 -0.01 
-24.12 0.30 85.06 0.98 0.08 -0.11 
-17.81 4.71 89.84 0.88 0.36 0.39 
-11.79 2.35 95.52 0.93 0.23 0.06 
-16.07 3.22 91.73 0.98 0.10 0.04 
-13.40 3.32 88.30 1.02 0.15 -0.02 
-28.34 7.13 79.36 1.04 0.18 -0.10 
-17.21 2.55 72.03 0.95 0.00 -0.08 
-3.92 35.86 74.97 0.96 0.51 0.31 
-18.16 5.93 79.01 0.96 0.19 0.12 
-34.40 9.70 77.52 0.99 0.10 0.00 
-17.21 6.49 79.87 1.04 0.11 -0.11 
-18.17 7.74 76.03 0.95 0.03 -0.10 
-61.42 -5.76 81.47 0.77 0.19 0.02 
-23.12 -3.42 84.36 0.92 0.15 0.08 
-20.99 4.56 80.97 1.07 0.19 0.04 
-19.68 2.12 81.83 0.95 0.17 -0.01 
-27.31 -4.96 78.47 1.04 0.11 0.03 
-29.74 4.69 84.17 0.90 0.00 -0.14 
13.84 8.83 78.02 0.96 1.62 1.49 
-21.83 -19.62 76.12 1.05 0.28 0.16 
-26.15 5.32 74.18 1.04 0.05 0.03 
-13.92 2.75 73.58 0.90 0.03 -0.07 
-19.84 8.29 75.49 1.01 0.12 -0.11 
-18.58 10.18 71.33 1.14 0.05 -0.17 
4.17 9.16 65.08 0.67 0.27 0.03 
-15.76 -4.57 70.54 0.95 0.18 0.18 
-17.73 0.38 66.85 0.96 0.07 0.08 
-12.59 6.80 66.34 0.95 0.11 -0.05 
-24.79 3.93 72.33 1.02 0.08 -0.08 
-19.68 3.05 63.55 0.92 0.00 -0.06 
-4.25 -6.49 54.94 1.00 0.22 0.00 
-14.20 -10.12 53.95 1.00 0.12 0.12 
-17.74 6.76 51.85 1.06 0.21 -0.11 
-17.45 2.16 49.47 1.01 0.13 0.01 
-9.38 -2.24 41.97 1.11 0.14 -0.15 
-18.86 7.91 30.01 0.94 0.00 -0.09 
-0.98 -14.79 18.19 0.85 0.52 0.35 
-14.74 -2.77 8.82 1.04 0.22 0.18 
-9.76 5.45 18.87 1.02 0.26 0.01 
-15.31 5.73 12.99 0.98 0.08 -0.05 
-30.79 7.71 13.34 0.99 0.16 -0.14 
-31.07 11.05 12.69 1.33 0.14 -0.24 
-23.07 -8.04 14.42 0.84 0.27 0.12 
-8.48 9.65 23.34 1.02 0.06 0.05 
-16.71 3.59 24.00 0.98 0.14 -0.03 
-12.65 0.11 17.37 0.99 0.10 -0.10 
-15.55 7.20 16.06 0.99 0.14 -0.08 
-19.38 8.89 13.62 1.12 0.07 -0.20 
-25.06 -14.10 2.61 0.92 0.25 0.15 
-21.50 15.02 22.19 1.01 0.16 -0.01 
-23.32 5.88 20.51 0.97 0.12 -0.01 
-17.55 2.81 18.53 1.02 0.15 -0.11 
-18.66 9.03 16.97 0.97 0.06 -0.07 
-3.82 -4.59 12.26 0.89 0.39 0.26 
-15.87 -14.71 1.49 0.93 0.19 0.14 
-10.43 7.13 11.70 1.12 0.22 0.14 
-18.89 4.50 11.99 0.98 0.18 -0.06 
-11.34 2.48 8.93 0.96 0.13 -0.05 
-17.53 6.00 7.69 0.99 0.07 -0.05 
-20.62 11.37 15.16 1.21 0.12 -0.14 
-21.57 -6.39 4.79 0.92 0.25 0.11 
-19.61 -2.41 5.76 0.90 0.08 0.13 
-27.99 6.25 4.15 0.96 0.17 0.00 
-21.83 4.90 4.73 1.01 0.07 -0.07 
-22.22 7.29 -5.27 0.92 -0.02 -0.09 
0.28 -13.20 -11.00 0.90 0.31 0.27 
-13.52 0.41 -17.33 0.90 0.25 0.14 
-15.12 -2.89 -16.74 1.03 0.08 0.09 
-17.94 4.46 -17.50 0.92 0.19 -0.09 
-4.94 2.80 -19.82 0.93 0.11 -0.04 
-24.90 6.85 -29.73 0.91 0.12 -0.13 
-6.66 -39.07 74.97 0.89 0.24 0.08 
27.38 -111.47 73.59 0.94 0.10 -0.11 
-1.50 -17.19 76.73 1.06 0.06 -0.15 
0.34 -20.07 71.20 0.98 0.07 -0.12 
5.62 -28.94 78.56 0.98 0.39 0.21 
2.33 -29.33 81.20 0.92 0.16 0.01 
5.47 -35.05 80.46 1.00 0.14 0.05 
1.65 -23.80 82.09 0.97 0.14 -0.11 
1.61 -25.28 81.84 0.98 0.11 -0.07 
6.71 -22.14 81.77 0.96 0.08 -0.12 
9.81 -39.71 64.17 0.97 0.06 -0.09 
-22.61 -12.64 74.87 1.46 0.46 -0.31 
4.54 -33.89 70.59 0.93 0.24 0.11 
-4.47 -26.30 77.83 1.09 0.34 -0.07 
-1.36 -23.79 81.70 0.99 0.10 -0.08 
0.87 -27.17 78.54 1.04 0.07 -0.12 
-2.30 -23.67 78.84 0.96 0.07 -0.13 
-23.19 -26.90 94.65 0.80 0.22 0.05 
5.17 -42.49 84.81 0.92 -0.11 0.11 
-0.87 -30.13 83.55 0.97 0.14 -0.05 
2.55 -26.64 82.57 0.96 0.04 -0.08 
1.66 -30.26 85.29 1.01 0.09 -0.11 
1.78 -18.46 82.29 0.89 0.03 -0.16 
15.35 -51.36 79.96 0.79 0.22 0.10 
-5.11 -30.93 86.78 1.01 0.20 -0.18 
13.85 -26.54 81.79 1.05 0.11 -0.04 
1.30 -19.07 82.07 0.97 0.08 -0.15 
-1.22 -24.26 82.96 0.96 0.15 -0.14 
-3.84 -18.71 79.31 1.11 0.14 -0.14 
16.11 -55.52 96.72 1.09 0.43 -0.11 
7.62 -26.90 93.45 0.99 0.23 0.04 
-0.06 -20.66 98.96 0.95 0.12 -0.12 
-1.68 -33.38 97.12 1.01 0.13 -0.04 
-23.31 -28.22 118.41 1.53 0.39 -0.26 
4.64 -34.05 116.68 0.92 0.23 0.12 
-0.68 -35.91 108.48 0.95 0.10 0.06 
8.21 -21.90 104.65 1.05 0.14 0.06 
7.46 -23.06 107.72 0.88 0.07 -0.12 
0.44 -28.06 105.34 1.02 0.12 -0.11 
0.63 -21.49 105.50 0.90 0.04 -0.17 
-8.92 -21.93 108.25 1.09 0.30 -0.10 
4.03 -21.29 106.60 0.87 0.19 0.11 
12.66 -31.60 109.84 1.15 0.17 -0.02 
9.95 -25.03 107.40 0.99 0.20 -0.01 
1.83 -32.32 103.23 0.96 0.06 -0.07 
-1.91 -16.72 105.10 1.07 0.04 -0.07 
-0.18 -18.36 108.88 0.92 0.10 -0.11 
-0.30 -15.92 108.44 1.06 0.06 -0.25 
6.21 -17.05 112.84 1.08 0.46 0.37 
2.81 -28.15 112.22 0.97 0.10 0.11 
7.56 -23.99 123.36 1.12 0.27 0.00 
-4.31 -32.65 124.15 0.95 0.10 -0.10 
3.18 -25.01 120.38 1.07 0.16 -0.08 
-1.74 -24.66 121.58 1.04 0.02 -0.10 
4.11 -18.86 113.76 1.05 0.16 -0.29 
6.88 -15.56 116.36 1.04 0.59 0.60 
5.26 -31.66 119.28 0.96 0.13 0.10 
-1.18 -25.53 121.96 1.00 0.31 -0.04 
-2.03 -22.86 122.77 1.00 0.10 -0.05 
2.24 -20.77 124.94 0.93 0.09 -0.05 
-0.79 -22.13 128.34 1.02 0.12 -0.11 
1.07 -24.87 121.21 0.93 0.03 -0.14 
-8.25 -12.02 133.20 1.29 0.30 -0.32 
1.76 -16.31 144.72 0.65 0.18 0.21 
7.81 -38.19 153.35 0.97 0.17 0.07 
0.42 -23.92 159.57 1.02 0.23 -0.09 
5.29 -26.78 163.02 0.84 0.02 -0.05 
4.41 -24.19 165.30 1.01 0.15 -0.12 
-2.09 -17.88 163.93 0.98 0.06 -0.17 
-11.65 -14.25 175.12 1.55 0.45 -0.32 
9.84 -57.02 170.51 0.95 0.10 0.13 
0.92 -22.44 168.97 0.88 0.05 -0.02 
1.75 -21.96 167.64 1.03 0.15 -0.06 
2.74 -38.75 162.09 1.15 0.21 -0.18 
0.69 -21.69 156.47 1.03 0.07 -0.13 
-0.22 -16.09 155.44 0.98 -0.02 -0.17 
-17.66 -12.35 168.25 0.90 0.38 0.11 
4.87 -27.94 162.53 0.96 0.15 0.17 
-2.00 -26.51 169.24 1.05 0.22 -0.02 
1.35 -30.19 164.92 1.01 0.09 -0.06 
9.85 -20.05 166.61 0.99 0.13 -0.19 
0.33 -20.87 167.07 0.96 0.14 -0.09 
-4.64 -25.35 164.29 0.99 0.02 -0.08 
-4.61 -30.65 174.02 0.82 0.35 -0.03 
3.45 -22.20 170.24 0.91 0.12 0.08 
-0.38 -27.95 182.97 1.01 0.09 -0.02 
1.26 -25.34 183.88 0.85 0.04 -0.06 
5.24 -17.98 184.34 1.10 0.00 0.00 
-0.84 -29.16 175.80 0.95 0.00 -0.16 
-4.64 -30.00 175.78 0.75 0.10 0.05 
-10.97 -36.85 179.39 0.93 -0.04 0.07 
-1.51 -25.30 189.01 0.94 0.01 0.01 
-3.64 -22.42 183.21 1.01 0.15 -0.05 
3.65 -20.92 182.87 0.93 0.08 -0.04 
-2.15 -24.65 190.59 1.03 0.04 -0.08 
-3.72 -26.56 183.23 0.98 0.06 -0.14 
81.66 4.23 161.27 1.03 0.41 0.89 
26.88 -29.09 148.49 1.09 0.12 0.11 
0.55 -15.04 162.00 1.25 0.35 -0.13 
0.11 -25.45 159.43 0.96 0.18 -0.06 
3.52 -27.58 160.67 0.83 -0.02 -0.10 
-8.69 -25.67 160.76 0.95 0.17 -0.16 
5.26 -28.59 160.29 1.44 -0.05 -0.17 
