-10.89 -21.90 181.31 1.15 0.15 -0.18 
0.87 -29.53 130.68 1.00 0.10 -0.08 
0.87 -29.53 130.68 1.00 0.10 -0.08 
1.43 -52.63 133.46 0.99 0.10 -0.08 
2.59 -31.07 133.22 0.98 0.10 -0.10 
0.91 -29.02 134.67 1.01 0.11 -0.07 
0.48 -21.52 136.17 0.99 0.11 -0.09 
2.24 -36.23 136.31 0.99 0.12 -0.09 
0.05 -20.28 137.49 0.96 0.14 -0.12 
-0.36 -31.76 141.51 1.00 0.10 -0.11 
-0.18 -25.58 140.93 0.99 0.13 -0.07 
2.26 -28.56 141.63 1.00 0.11 -0.09 
1.39 -40.82 141.79 0.99 0.11 -0.09 
1.33 -29.26 142.32 0.99 0.11 -0.09 
2.98 -36.31 144.12 1.00 0.12 -0.09 
2.49 -37.00 144.21 0.99 0.13 -0.11 
1.60 -32.15 144.82 0.99 0.13 -0.09 
0.94 -25.03 145.70 0.99 0.13 -0.09 
1.76 -32.58 146.88 1.00 0.11 -0.08 
-0.15 -32.06 147.05 1.01 0.10 -0.06 
-0.91 -26.77 147.62 1.01 0.11 -0.06 
2.05 -25.40 147.97 0.99 0.10 -0.07 
2.07 -21.15 147.85 0.98 0.11 -0.09 
1.01 -35.37 150.78 0.98 0.13 -0.09 
2.86 -32.18 152.91 0.98 0.11 -0.10 
-1.75 -40.61 156.81 1.02 0.11 -0.04 
0.96 -24.60 157.10 1.01 0.12 -0.05 
0.00 -25.87 157.39 0.99 0.12 -0.06 
1.67 -20.98 157.80 1.00 0.11 -0.05 
1.25 -36.99 159.01 0.99 0.13 -0.07 
1.21 -33.70 159.79 1.01 0.11 -0.05 
1.73 -21.40 159.95 1.02 0.10 -0.04 
1.11 -21.60 160.32 0.99 0.13 -0.06 
0.99 -32.65 161.08 0.99 0.13 -0.06 
0.89 -29.42 161.28 1.00 0.10 -0.04 
1.90 -21.03 161.71 1.01 0.11 -0.05 
1.83 -21.46 161.50 0.99 0.12 -0.04 
1.91 -25.56 161.64 1.01 0.12 -0.04 
1.80 -21.93 161.40 0.99 0.12 -0.06 
1.34 -33.60 162.27 1.01 0.13 -0.05 
1.76 -25.22 162.35 1.00 0.13 -0.06 
2.28 -25.15 162.03 1.01 0.11 -0.05 
1.34 -21.51 162.04 1.01 0.12 -0.06 
3.51 -36.56 162.13 1.00 0.16 -0.06 
0.31 -25.32 163.15 1.01 0.13 -0.06 
1.81 -24.50 163.99 0.99 0.14 -0.08 
1.75 -24.92 164.49 1.00 0.14 -0.07 
0.87 -29.18 165.34 0.99 0.12 -0.05 
1.69 -28.93 165.67 1.01 0.13 -0.06 
0.75 -17.44 166.18 1.00 0.12 -0.04 
1.59 -21.02 166.44 0.99 0.15 -0.05 
0.81 -25.65 166.49 1.00 0.14 -0.06 
3.70 -40.89 167.14 0.98 0.16 -0.05 
0.66 -29.01 167.75 1.00 0.12 -0.05 
1.35 -21.13 168.16 0.99 0.12 -0.06 
0.88 -21.23 168.95 0.99 0.15 -0.07 
0.64 -25.71 169.40 1.00 0.12 -0.05 
0.78 -17.41 169.79 0.99 0.13 -0.07 
1.73 -29.02 169.96 1.00 0.13 -0.06 
1.25 -29.10 170.72 0.99 0.14 -0.06 
1.48 -25.01 171.20 0.99 0.14 -0.06 
1.96 -28.88 171.96 1.00 0.13 -0.04 
1.29 -24.60 172.27 0.98 0.13 -0.07 
0.75 -21.25 172.77 0.98 0.16 -0.06 
1.31 -24.74 173.57 1.00 0.14 -0.07 
1.94 -24.32 173.68 0.99 0.13 -0.08 
1.09 -21.73 174.44 1.00 0.15 -0.06 
0.93 -29.07 175.70 0.97 0.15 -0.09 
0.92 -20.74 176.22 0.99 0.13 -0.08 
0.96 -21.03 176.72 1.00 0.13 -0.07 
2.31 -32.64 177.42 0.99 0.15 -0.05 
1.89 -29.15 177.51 0.99 0.14 -0.06 
-0.11 -22.13 177.99 0.98 0.18 -0.07 
1.10 -32.98 178.45 1.00 0.15 -0.06 
0.98 -25.44 179.39 0.99 0.16 -0.04 
0.17 -21.63 179.96 1.00 0.15 -0.07 
0.94 -20.90 180.88 1.00 0.15 -0.05 
1.17 -25.54 181.48 1.00 0.14 -0.05 
1.39 -25.63 181.89 1.00 0.14 -0.05 
1.05 -37.07 183.21 0.99 0.15 -0.07 
1.38 -21.41 183.30 1.01 0.14 -0.05 
1.36 -21.64 183.14 0.99 0.14 -0.05 
1.15 -21.88 183.44 1.00 0.15 -0.05 
1.49 -24.97 183.84 0.99 0.16 -0.07 
0.94 -25.51 184.19 1.01 0.13 -0.04 
1.38 -21.80 184.83 1.00 0.17 -0.06 
1.08 -28.16 185.77 1.01 0.14 -0.03 
0.93 -22.05 185.72 1.01 0.15 -0.03 
1.72 -28.23 186.67 1.00 0.14 -0.04 
1.48 -25.11 187.36 0.99 0.15 -0.05 
1.27 -25.75 187.73 1.00 0.15 -0.04 
1.90 -24.84 188.11 0.99 0.15 -0.07 
0.88 -25.17 188.78 1.01 0.15 -0.04 
2.13 -28.08 186.81 1.00 0.14 -0.07 
1.32 -38.44 186.17 0.99 0.15 -0.07 
1.19 -21.50 186.34 0.99 0.15 -0.05 
1.93 -25.27 185.89 1.01 0.14 -0.06 
1.91 -29.15 186.43 1.01 0.16 -0.05 
0.99 -25.53 186.89 1.01 0.15 -0.05 
1.69 -21.45 187.00 0.98 0.15 -0.07 
1.01 -24.66 187.74 0.99 0.15 -0.06 
1.73 -21.02 187.71 0.99 0.15 -0.05 
1.43 -21.15 187.70 1.00 0.15 -0.04 
1.06 -29.01 188.69 0.99 0.15 -0.04 
0.84 -21.31 189.29 1.00 0.15 -0.05 
1.00 -25.01 189.91 0.99 0.15 -0.06 
2.07 -28.29 190.74 1.00 0.15 -0.05 
1.28 -21.36 191.15 0.99 0.15 -0.05 
1.40 -21.80 190.93 0.99 0.15 -0.05 
0.91 -29.02 192.09 1.03 0.13 -0.01 
1.50 -33.59 192.88 0.99 0.15 -0.07 
1.34 -24.99 193.38 0.99 0.14 -0.05 
1.08 -20.95 193.91 1.00 0.14 -0.05 
1.34 -21.02 194.72 1.00 0.15 -0.05 
1.28 -21.61 194.86 1.00 0.15 -0.04 
0.84 -25.50 195.75 1.00 0.15 -0.05 
0.95 -21.29 196.71 0.99 0.15 -0.05 
1.22 -20.94 197.22 1.00 0.13 -0.04 
0.62 -25.68 197.66 1.01 0.14 -0.05 
1.40 -21.04 198.31 0.99 0.14 -0.05 
1.15 -21.33 199.03 1.00 0.14 -0.04 
2.05 -25.15 198.95 1.01 0.13 -0.04 
1.75 -21.13 199.06 0.97 0.16 -0.06 
0.43 -21.26 199.87 1.00 0.14 -0.06 
1.30 -20.97 200.46 0.99 0.14 -0.04 
1.43 -21.32 200.28 0.99 0.17 -0.04 
1.53 -25.55 201.11 0.99 0.14 -0.05 
1.41 -21.65 201.40 1.00 0.14 -0.04 
1.17 -21.17 201.91 0.99 0.15 -0.05 
1.43 -21.38 202.10 1.00 0.12 -0.05 
1.61 -21.19 202.49 1.00 0.14 -0.06 
1.73 -20.74 202.68 1.00 0.13 -0.05 
1.23 -29.78 202.94 0.99 0.14 -0.05 
1.26 -25.39 203.33 1.01 0.13 -0.03 
0.32 -21.98 204.61 0.99 0.15 -0.05 
1.95 -20.92 205.30 1.02 0.11 -0.05 
0.31 -25.47 205.34 1.00 0.14 -0.05 
2.07 -29.35 205.19 0.99 0.16 -0.07 
2.11 -110.79 205.80 1.00 0.12 -0.07 
1.56 -25.46 206.03 1.00 0.11 -0.06 
1.45 -25.27 206.46 0.99 0.13 -0.06 
2.00 -37.10 206.87 1.00 0.13 -0.05 
0.90 -29.10 207.40 1.00 0.12 -0.05 
1.02 -29.12 207.96 0.99 0.13 -0.07 
1.49 -28.86 208.94 0.98 0.14 -0.06 
1.05 -33.29 209.72 0.99 0.15 -0.05 
2.09 -28.74 209.93 0.99 0.14 -0.07 
1.14 -25.43 210.40 0.99 0.14 -0.06 
0.78 -28.72 211.67 0.99 0.12 -0.07 
1.85 -36.93 212.13 1.00 0.14 -0.07 
0.76 -28.30 213.42 1.01 0.13 -0.06 
2.04 -37.96 213.95 0.98 0.16 -0.09 
0.73 -29.25 216.06 0.97 0.15 -0.09 
1.44 -33.44 218.33 1.01 0.16 -0.04 
2.00 -28.38 218.11 1.00 0.13 -0.04 
-0.01 -26.04 218.67 0.97 0.15 -0.06 
0.89 -25.30 219.16 1.00 0.12 -0.05 
2.06 -29.65 220.02 1.01 0.13 -0.04 
1.19 -25.27 219.87 1.00 0.15 -0.08 
1.64 -25.21 220.04 0.99 0.16 -0.09 
1.78 -29.09 219.72 0.98 0.16 -0.10 
0.66 -25.60 220.12 0.99 0.14 -0.10 
0.62 -29.40 218.12 0.97 0.17 -0.07 
0.92 -36.99 218.72 0.99 0.17 -0.08 
1.53 -29.27 218.94 0.98 0.17 -0.11 
2.00 -24.92 219.49 1.00 0.16 -0.09 
2.04 -28.63 220.45 0.99 0.17 -0.09 
1.74 -36.22 221.70 0.99 0.18 -0.09 
1.79 -32.83 222.67 0.99 0.17 -0.09 
3.01 -95.25 224.79 1.00 0.15 -0.08 
3.49 -75.83 226.92 1.00 0.15 -0.09 
1.23 -33.32 227.67 1.00 0.15 -0.07 
1.34 -25.12 227.98 0.99 0.15 -0.09 
2.13 -36.54 228.96 0.98 0.16 -0.08 
1.66 -24.94 229.40 0.99 0.16 -0.08 
1.00 -28.67 230.39 1.00 0.14 -0.06 
1.45 -29.00 231.58 0.99 0.15 -0.10 
3.86 -50.02 230.16 0.99 0.15 -0.08 
0.72 -5.93 230.10 1.01 0.13 -0.06 
1.24 -25.10 230.59 0.99 0.16 -0.08 
0.96 -28.92 231.44 1.00 0.15 -0.10 
1.37 -25.46 231.74 0.99 0.15 -0.08 
0.21 -25.51 232.47 0.98 0.15 -0.07 
2.74 -37.09 232.52 0.98 0.16 -0.10 
1.04 -32.62 233.60 0.99 0.16 -0.09 
1.31 -28.87 234.28 0.98 0.17 -0.09 
0.57 -29.09 235.10 0.99 0.17 -0.09 
0.74 -25.81 234.66 0.98 0.16 -0.09 
0.72 -36.68 235.72 1.00 0.13 -0.08 
2.30 -32.79 236.31 0.99 0.16 -0.08 
1.73 -32.24 237.72 0.99 0.17 -0.08 
1.64 -33.39 238.52 0.99 0.16 -0.09 
1.27 -28.73 239.16 0.99 0.15 -0.09 
1.30 -25.17 239.85 0.98 0.16 -0.09 
1.49 -32.89 240.27 0.99 0.17 -0.09 
1.61 -28.92 240.77 0.99 0.16 -0.08 
1.59 -29.06 241.31 0.99 0.16 -0.08 
1.80 -25.10 241.83 0.99 0.16 -0.08 
1.15 -21.19 242.57 1.00 0.14 -0.08 
1.70 -25.10 243.06 0.99 0.15 -0.08 
1.32 -21.36 243.47 0.98 0.15 -0.07 
1.24 -21.40 243.96 0.99 0.14 -0.09 
1.36 -21.28 244.32 1.00 0.14 -0.07 
1.55 -28.97 244.88 0.99 0.15 -0.08 
1.05 -29.35 245.57 0.99 0.17 -0.08 
1.36 -25.10 245.98 0.99 0.16 -0.10 
0.86 -25.12 246.55 0.99 0.16 -0.09 
0.54 -25.29 247.30 1.00 0.16 -0.08 
1.00 -27.81 247.95 0.97 0.16 -0.07 
0.68 -32.84 249.70 0.98 0.18 -0.08 
1.03 -21.23 250.19 0.98 0.16 -0.07 
1.75 -25.01 250.56 0.98 0.17 -0.08 
1.19 -25.01 251.14 0.99 0.18 -0.08 
1.33 -25.05 251.51 0.98 0.16 -0.09 
1.32 -21.24 252.09 0.99 0.15 -0.07 
1.05 -24.84 252.80 0.98 0.16 -0.09 
1.48 -25.44 253.26 0.98 0.17 -0.09 
1.50 -20.97 253.92 0.99 0.16 -0.08 
1.68 -25.18 254.13 1.00 0.16 -0.08 
1.11 -25.44 254.49 0.99 0.17 -0.07 
1.29 -25.20 255.13 0.98 0.17 -0.07 
1.57 -21.95 255.41 1.00 0.18 -0.09 
1.09 -21.72 255.63 1.01 0.14 -0.05 
0.48 -21.90 255.89 0.98 0.18 -0.09 
6.79 -38.20 250.02 0.95 0.15 -0.15 
1.81 -20.29 251.98 0.97 0.21 -0.15 
-0.69 -21.81 251.22 0.96 0.16 -0.11 
2.60 -20.75 252.26 0.98 0.23 -0.06 
-0.36 -22.26 252.79 0.98 0.18 -0.09 
2.18 -21.06 253.20 0.96 0.20 -0.10 
1.47 -20.46 254.36 0.99 0.19 -0.10 
3.09 -31.99 254.92 0.99 0.17 -0.11 
2.59 -20.82 255.24 0.99 0.18 -0.08 
1.76 -20.98 255.67 1.01 0.17 -0.07 
1.21 -21.61 255.41 0.98 0.16 -0.09 
1.44 -21.27 255.58 0.98 0.17 -0.11 
1.00 -24.90 256.09 0.98 0.18 -0.11 
1.67 -21.05 256.21 0.98 0.19 -0.09 
3.96 -23.64 255.40 0.99 0.17 -0.09 
1.16 -21.18 255.94 0.98 0.18 -0.09 
1.20 -32.53 256.89 0.99 0.18 -0.09 
1.23 -21.12 257.63 0.98 0.19 -0.09 
1.84 -25.16 258.30 0.98 0.19 -0.08 
1.33 -21.28 258.77 0.98 0.19 -0.09 
1.03 -25.30 259.35 0.99 0.18 -0.10 
1.74 -25.06 259.73 0.98 0.18 -0.08 
1.09 -21.30 260.23 0.98 0.19 -0.10 
0.69 -25.23 260.87 0.99 0.18 -0.10 
1.18 -21.24 261.14 0.98 0.19 -0.10 
1.15 -21.20 261.47 0.98 0.19 -0.09 
0.95 -25.05 262.20 0.99 0.18 -0.09 
0.46 -21.37 262.71 0.98 0.17 -0.10 
1.81 -21.17 262.97 0.99 0.18 -0.08 
1.76 -29.67 262.75 1.00 0.17 -0.09 
1.69 -24.94 263.23 0.99 0.18 -0.09 
1.77 -21.27 263.57 0.97 0.19 -0.10 
1.20 -29.07 264.24 0.98 0.19 -0.11 
1.36 -36.70 265.10 0.98 0.19 -0.09 
1.19 -21.43 265.41 0.99 0.18 -0.10 
0.96 -25.08 266.01 0.98 0.18 -0.08 
1.47 -21.08 266.40 0.99 0.18 -0.10 
0.88 -25.20 266.93 0.98 0.18 -0.09 
1.58 -32.76 267.79 0.99 0.18 -0.09 
1.08 -21.23 268.10 0.99 0.18 -0.10 
1.65 -21.18 268.20 0.98 0.18 -0.09 
1.51 -21.03 268.72 0.99 0.19 -0.09 
1.41 -25.20 269.16 0.98 0.17 -0.09 
0.81 -21.19 269.78 0.97 0.19 -0.10 
0.51 -25.31 270.19 0.99 0.17 -0.09 
1.26 -21.35 270.53 0.99 0.19 -0.09 
1.31 -21.52 270.86 0.98 0.18 -0.09 
0.87 -25.13 271.61 0.99 0.18 -0.08 
1.61 -21.16 272.01 1.00 0.16 -0.07 
0.82 -21.24 272.57 0.99 0.18 -0.09 
1.26 -21.27 272.78 0.99 0.18 -0.09 
1.05 -21.15 273.01 0.99 0.17 -0.08 
1.11 -21.59 273.33 0.98 0.18 -0.08 
1.45 -25.56 273.63 0.98 0.19 -0.07 
2.42 -44.44 274.52 0.99 0.18 -0.07 
1.08 -21.21 275.16 0.99 0.17 -0.06 
0.86 -21.09 275.84 0.99 0.18 -0.07 
1.50 -21.17 276.31 0.98 0.17 -0.07 
1.31 -25.06 277.21 0.99 0.17 -0.07 
1.09 -21.12 277.74 0.99 0.18 -0.07 
1.78 -36.80 279.24 0.99 0.16 -0.08 
0.77 -21.42 280.11 0.99 0.17 -0.07 
1.34 -24.74 280.72 0.99 0.17 -0.08 
1.46 -25.21 281.14 0.98 0.16 -0.09 
1.19 -21.25 281.72 0.98 0.17 -0.09 
1.48 -25.13 282.44 0.99 0.17 -0.08 
1.54 -20.90 282.88 0.99 0.16 -0.07 
1.53 -21.07 283.20 0.99 0.17 -0.08 
0.94 -29.19 283.82 1.01 0.15 -0.05 
2.07 -28.65 284.31 0.99 0.16 -0.06 
1.06 -22.00 283.94 1.02 0.14 -0.05 
0.91 -33.19 285.37 0.99 0.15 -0.06 
1.72 -25.06 285.65 0.98 0.15 -0.07 
1.16 -25.08 286.22 0.99 0.15 -0.08 
0.84 -21.37 286.83 1.00 0.14 -0.07 
2.91 -40.31 287.40 0.98 0.16 -0.08 
1.58 -60.07 289.07 0.99 0.16 -0.07 
0.98 -21.43 289.63 0.99 0.16 -0.07 
0.86 -25.47 290.23 1.00 0.15 -0.07 
1.40 -29.07 290.76 0.99 0.16 -0.08 
1.54 -25.02 291.07 0.98 0.17 -0.09 
1.78 -29.20 291.24 0.99 0.17 -0.07 
0.99 -21.27 291.39 0.99 0.18 -0.08 
1.13 -21.05 291.71 0.99 0.18 -0.08 
1.20 -25.22 292.18 0.99 0.17 -0.07 
1.00 -29.31 293.14 0.99 0.17 -0.09 
0.83 -21.29 293.72 0.99 0.18 -0.09 
2.18 -32.64 294.21 0.98 0.20 -0.10 
0.96 -21.19 294.79 0.99 0.19 -0.08 
1.42 -21.11 295.00 0.99 0.19 -0.09 
1.11 -24.97 295.83 0.98 0.18 -0.09 
0.10 -21.08 297.01 0.98 0.17 -0.09 
2.15 -20.88 296.99 1.00 0.17 -0.06 
1.05 -21.64 297.21 0.96 0.20 -0.12 
1.13 -29.64 297.27 0.99 0.16 -0.07 
1.00 -21.35 297.67 0.99 0.18 -0.08 
1.50 -21.00 298.07 0.99 0.19 -0.09 
2.05 -20.61 298.53 0.98 0.18 -0.07 
1.37 -20.94 299.09 0.97 0.19 -0.10 
1.72 -20.90 299.27 0.99 0.18 -0.08 
1.29 -21.34 299.75 0.98 0.18 -0.10 
0.97 -29.35 300.60 0.99 0.17 -0.06 
1.41 -24.99 301.12 0.99 0.18 -0.07 
1.29 -21.15 301.54 0.98 0.19 -0.08 
1.19 -21.09 301.89 0.99 0.18 -0.09 
0.85 -21.41 302.32 0.99 0.18 -0.08 
1.16 -21.05 302.86 0.98 0.18 -0.09 
1.46 -21.05 303.21 0.98 0.19 -0.08 
1.30 -20.99 303.63 0.98 0.18 -0.09 
1.39 -21.30 303.93 0.98 0.18 -0.08 
1.31 -21.32 304.12 0.99 0.19 -0.08 
1.62 -21.07 304.51 0.98 0.19 -0.07 
0.66 -21.15 305.10 0.99 0.19 -0.07 
1.05 -21.11 305.76 0.99 0.18 -0.08 
0.89 -25.18 306.42 0.99 0.18 -0.08 
1.02 -20.99 306.89 0.98 0.19 -0.08 
1.42 -28.97 307.47 0.98 0.20 -0.09 
0.75 -17.60 307.96 0.98 0.18 -0.09 
2.50 -32.19 309.57 0.98 0.19 -0.09 
1.26 -24.88 310.04 0.98 0.18 -0.08 
1.27 -24.79 310.83 0.98 0.17 -0.10 
1.70 -21.28 311.09 1.00 0.19 -0.08 
0.99 -21.38 311.47 0.99 0.18 -0.08 
1.43 -21.12 312.00 0.99 0.17 -0.07 
1.20 -21.08 312.31 0.98 0.19 -0.08 
1.63 -20.95 312.64 0.98 0.19 -0.08 
1.14 -21.17 313.23 0.98 0.19 -0.08 
1.46 -24.89 313.72 0.97 0.19 -0.11 
1.76 -32.44 314.62 0.97 0.19 -0.08 
1.33 -28.99 315.07 0.99 0.18 -0.09 
1.64 -28.91 315.68 0.99 0.18 -0.07 
1.29 -20.93 315.96 0.99 0.20 -0.08 
0.94 -25.13 316.87 0.98 0.21 -0.08 
2.31 -36.71 317.55 0.99 0.19 -0.07 
0.93 -25.82 317.78 0.98 0.19 -0.08 
1.37 -20.94 318.29 0.99 0.19 -0.09 
1.35 -20.87 318.61 0.98 0.18 -0.09 
1.49 -29.03 319.47 0.97 0.19 -0.08 
1.37 -17.44 319.55 0.98 0.18 -0.08 
1.59 -25.35 319.93 0.97 0.18 -0.09 
1.15 -21.10 320.56 0.98 0.19 -0.09 
0.95 -25.21 320.99 0.98 0.18 -0.09 
1.31 -29.14 321.50 0.98 0.20 -0.08 
1.24 -28.50 322.22 0.98 0.19 -0.08 
1.24 -25.32 322.54 0.99 0.18 -0.09 
1.65 -24.87 323.12 0.98 0.18 -0.08 
1.61 -21.10 323.29 0.99 0.19 -0.08 
1.79 -21.06 323.68 0.98 0.20 -0.08 
1.43 -24.62 324.67 0.97 0.18 -0.07 
1.55 -32.48 325.24 0.99 0.19 -0.09 
1.52 -24.92 325.78 0.99 0.18 -0.08 
1.61 -29.08 325.76 1.00 0.18 -0.09 
0.42 -25.37 326.32 0.99 0.18 -0.07 
1.65 -32.41 327.66 0.98 0.19 -0.07 
3.33 -51.98 -326.77 0.99 0.19 -0.08 
0.72 -5.68 -326.67 0.98 0.19 -0.08 
0.74 -21.29 -326.22 0.98 0.18 -0.09 
1.33 -21.36 -325.99 1.00 0.17 -0.07 
1.08 -29.18 -325.40 0.98 0.19 -0.08 
0.92 -21.33 -325.01 0.99 0.19 -0.09 
1.31 -21.08 -324.50 0.99 0.18 -0.09 
1.57 -36.62 -323.81 0.99 0.18 -0.08 
2.14 -24.71 -323.49 0.98 0.20 -0.07 
0.87 -25.50 -322.92 0.97 0.18 -0.09 
1.21 -21.41 -322.25 0.99 0.17 -0.08 
1.09 -21.07 -321.74 0.99 0.19 -0.08 
1.47 -20.99 -321.60 0.98 0.20 -0.08 
1.98 -32.99 -321.22 1.00 0.18 -0.09 
1.17 -25.41 -320.53 0.98 0.20 -0.09 
2.14 -36.30 -319.43 0.98 0.18 -0.08 
0.74 -21.38 -318.65 0.98 0.20 -0.09 
1.28 -25.12 -318.26 0.98 0.19 -0.10 
1.57 -24.91 -317.82 0.99 0.20 -0.08 
1.16 -28.98 -317.19 0.98 0.20 -0.09 
1.56 -21.30 -317.06 0.98 0.19 -0.08 
2.06 -32.78 -316.44 0.97 0.20 -0.08 
0.73 -21.14 -315.91 0.98 0.19 -0.07 
1.23 -21.55 -315.57 0.98 0.20 -0.10 
1.54 -21.08 -315.01 0.99 0.20 -0.08 
1.99 -24.78 -314.67 0.98 0.19 -0.08 
0.47 -21.54 -314.00 0.98 0.20 -0.08 
2.07 -28.69 -313.44 0.98 0.19 -0.07 
0.40 -25.37 -312.85 0.98 0.19 -0.10 
2.02 -29.06 -312.80 0.99 0.20 -0.08 
1.88 -20.86 -312.58 0.98 0.21 -0.09 
1.71 -28.73 -311.98 0.98 0.20 -0.09 
1.33 -21.31 -311.45 0.97 0.21 -0.09 
2.26 -31.29 -310.58 0.99 0.20 -0.08 
1.74 -27.87 -310.21 0.97 0.19 -0.05 
1.23 -25.75 -309.63 0.98 0.18 -0.06 
1.21 -17.17 -309.11 0.99 0.18 -0.05 
1.95 -20.89 -308.66 1.00 0.18 -0.06 
1.48 -25.23 -308.24 0.98 0.18 -0.05 
1.36 -32.81 -307.54 0.99 0.19 -0.08 
1.63 -24.89 -307.05 0.99 0.19 -0.07 
0.95 -33.06 -306.17 0.99 0.19 -0.06 
0.82 -17.58 -305.84 0.99 0.18 -0.08 
1.26 -21.09 -305.29 0.99 0.19 -0.06 
