0.00 0.00 318.26 0.95 0.16 0.07 
0.00 0.00 323.01 0.97 0.23 0.25 
0.00 0.00 303.92 1.03 0.14 0.00 
0.00 0.00 310.46 1.37 0.33 -0.34 
0.00 0.00 308.51 1.00 0.27 -0.12 
0.00 0.00 304.42 1.05 0.27 0.01 
0.00 0.00 306.12 0.90 0.24 0.15 
0.00 0.00 287.90 1.31 0.51 0.11 
0.00 0.00 286.23 1.00 0.14 -0.14 
0.00 0.00 287.23 1.02 0.22 -0.12 
0.00 0.00 287.26 1.09 0.28 0.04 
0.00 0.00 281.99 0.96 0.22 0.25 
0.00 0.00 259.10 1.48 0.40 -0.26 
0.00 0.00 253.33 0.96 0.14 -0.12 
0.00 0.00 256.04 1.11 0.19 -0.09 
0.00 0.00 257.51 0.95 0.21 -0.11 
0.00 0.00 263.77 1.02 0.21 -0.02 
0.00 0.00 259.59 0.96 0.15 0.07 
0.00 0.00 255.21 1.01 0.09 0.01 
0.00 0.00 257.78 0.84 0.11 -0.29 
0.00 0.00 255.14 1.12 0.12 -0.16 
0.00 0.00 254.24 0.88 0.10 -0.22 
0.00 0.00 255.33 1.06 0.25 0.00 
0.00 0.00 253.94 0.94 0.14 0.06 
0.00 0.00 251.82 1.13 0.28 -0.03 
0.00 0.00 252.85 0.80 0.14 -0.27 
0.00 0.00 263.92 1.23 0.26 -0.22 
0.00 0.00 272.27 0.95 0.23 -0.11 
0.00 0.00 264.79 1.01 0.07 0.00 
0.00 0.00 264.53 0.89 0.18 0.07 
0.00 0.00 273.41 0.95 0.08 -0.13 
0.00 0.00 275.49 0.98 0.10 -0.30 
0.00 0.00 275.64 0.95 0.05 0.05 
0.00 0.00 275.34 1.00 0.30 0.00 
0.00 0.00 274.10 0.95 0.17 0.05 
0.00 0.00 271.72 1.19 0.32 0.28 
0.00 0.00 267.02 0.82 0.06 -0.21 
0.00 0.00 270.52 1.13 0.15 -0.12 
0.00 0.00 273.57 0.95 0.19 -0.19 
0.00 0.00 266.97 0.91 0.12 0.00 
0.00 0.00 261.23 0.84 0.09 0.03 
0.00 0.00 264.41 1.13 0.27 -0.31 
0.00 0.00 263.55 1.00 0.12 -0.16 
0.00 0.00 267.70 0.99 0.03 0.06 
0.00 0.00 262.03 1.06 0.19 0.03 
0.00 0.00 256.71 0.96 0.20 0.00 
0.00 0.00 254.37 0.81 0.19 0.03 
0.00 0.00 252.81 1.02 0.02 -0.17 
0.00 0.00 253.24 0.88 0.05 -0.16 
0.00 0.00 251.11 1.01 0.30 0.00 
0.00 0.00 249.10 1.05 0.14 -0.03 
0.00 0.00 253.66 0.91 0.22 -0.11 
0.00 0.00 247.82 0.96 0.03 0.12 
0.00 0.00 256.30 0.93 0.20 -0.17 
0.00 0.00 257.66 0.92 0.04 -0.20 
0.00 0.00 253.13 1.05 0.24 0.05 
0.00 0.00 251.12 1.05 0.13 0.11 
0.00 0.00 250.46 1.00 0.20 0.11 
0.00 0.00 242.20 0.85 0.02 -0.17 
0.00 0.00 240.80 1.06 0.20 -0.13 
0.00 0.00 243.53 0.97 0.16 -0.11 
0.00 0.00 236.47 1.00 0.10 0.05 
0.00 0.00 234.39 0.88 0.14 0.16 
0.00 0.00 230.67 0.97 0.16 -0.27 
0.00 0.00 246.91 1.21 0.19 -0.16 
0.00 0.00 251.14 0.97 0.20 -0.10 
0.00 0.00 250.50 0.99 0.18 0.03 
0.00 0.00 255.24 0.97 0.19 0.21 
0.00 0.00 257.34 0.88 0.14 -0.12 
0.00 0.00 253.44 0.92 0.05 -0.11 
0.00 0.00 253.63 0.94 0.18 0.00 
0.00 0.00 248.76 0.87 0.16 0.05 
0.00 0.00 244.11 0.89 0.21 -0.11 
0.00 0.00 242.97 0.96 0.09 -0.21 
0.00 0.00 243.68 1.01 0.28 -0.12 
0.00 0.00 248.35 0.97 0.09 0.05 
0.00 0.00 252.89 1.11 0.10 0.05 
0.00 0.00 238.80 1.04 0.10 -0.22 
0.00 0.00 250.42 1.29 0.32 -0.26 
0.00 0.00 243.45 1.00 0.20 -0.10 
0.00 0.00 236.80 0.98 0.03 0.11 
0.00 0.00 244.55 0.80 0.13 -0.15 
0.00 0.00 246.53 1.01 0.10 -0.06 
0.00 0.00 245.20 0.89 0.16 -0.23 
0.00 0.00 242.40 1.01 0.20 0.00 
0.00 0.00 269.20 1.07 0.01 0.16 
0.00 0.00 274.13 1.04 0.08 -0.20 
0.00 0.00 269.14 0.97 0.22 -0.14 
0.00 0.00 265.93 1.05 0.16 0.21 
0.00 0.00 256.91 1.38 0.45 0.10 
0.00 0.00 262.61 1.01 0.11 -0.18 
0.00 0.00 260.00 0.89 0.23 -0.24 
0.00 0.00 265.77 1.06 0.27 -0.03 
0.00 0.00 260.41 0.91 0.14 0.06 
0.00 0.00 248.96 1.52 0.47 0.08 
0.00 0.00 251.58 0.99 0.14 -0.21 
0.00 0.00 244.72 0.99 0.25 -0.18 
0.00 0.00 232.62 1.05 0.38 0.22 
0.00 0.00 223.85 1.32 0.26 -0.06 
0.00 0.00 281.46 0.84 0.23 0.10 
0.00 0.00 269.66 1.10 0.29 -0.17 
0.00 0.00 271.35 0.97 0.18 0.00 
0.00 0.00 264.33 0.99 0.16 0.02 
0.00 0.00 263.66 0.82 0.16 0.10 
0.00 0.00 269.22 0.93 0.11 -0.26 
0.00 0.00 273.86 0.98 0.18 -0.05 
0.00 0.00 284.29 0.99 0.07 -0.19 
0.00 0.00 280.64 1.04 0.37 0.02 
0.00 0.00 278.11 0.86 0.23 0.08 
0.00 0.00 270.05 1.24 0.27 -0.21 
0.00 0.00 263.18 0.93 0.16 -0.19 
0.00 0.00 251.60 0.98 0.05 -0.29 
0.00 0.00 257.39 1.01 0.14 -0.10 
0.00 0.00 258.62 1.09 0.18 0.00 
0.00 0.00 252.03 1.01 0.11 0.19 
0.00 0.00 253.82 0.92 0.16 0.21 
0.00 0.00 258.52 0.84 0.07 -0.16 
0.00 0.00 264.40 1.02 0.09 -0.08 
0.00 0.00 266.95 0.99 0.18 -0.03 
0.00 0.00 268.23 1.00 0.18 -0.05 
0.00 0.00 261.30 0.98 0.11 0.00 
0.00 0.00 261.76 1.03 0.11 0.06 
0.00 0.00 274.19 0.84 0.11 -0.19 
0.00 0.00 273.79 1.00 0.05 -0.21 
0.00 0.00 279.45 0.88 0.21 -0.17 
0.00 0.00 277.79 1.03 0.16 -0.03 
0.00 0.00 279.07 0.97 0.16 0.00 
0.00 0.00 275.78 0.98 0.15 0.16 
0.00 0.00 266.43 1.19 0.27 -0.26 
0.00 0.00 258.47 0.94 0.04 -0.27 
0.00 0.00 262.20 0.97 0.38 -0.11 
0.00 0.00 261.97 0.97 0.16 -0.08 
0.00 0.00 256.75 0.96 0.19 -0.01 
0.00 0.00 247.55 0.90 0.25 0.10 
0.00 0.00 251.79 1.27 0.32 -0.10 
0.00 0.00 244.12 0.91 0.10 -0.20 
0.00 0.00 241.35 1.07 -0.03 -0.34 
0.00 0.00 236.11 1.04 0.16 -0.01 
0.00 0.00 229.27 0.90 0.20 0.05 
0.00 0.00 227.36 1.11 0.15 0.27 
0.00 0.00 242.97 0.77 0.17 -0.18 
0.00 0.00 223.48 0.84 -0.03 -0.32 
0.00 0.00 246.64 1.04 0.11 -0.21 
0.00 0.00 237.29 1.01 0.31 0.02 
0.00 0.00 233.93 1.02 0.12 0.14 
0.00 0.00 215.09 1.42 0.44 -0.12 
0.00 0.00 213.97 0.96 0.08 -0.21 
0.00 0.00 204.39 1.03 0.05 0.27 
0.00 0.00 198.92 0.93 0.15 -0.11 
0.00 0.00 191.10 0.97 0.06 -0.03 
0.00 0.00 186.93 0.84 0.25 0.09 
0.00 0.00 180.60 0.82 0.11 -0.27 
0.00 0.00 183.21 1.00 0.01 -0.11 
0.00 0.00 179.95 0.97 0.13 -0.18 
0.00 0.00 185.00 1.14 0.26 -0.03 
0.00 0.00 177.21 0.91 0.09 0.11 
0.00 0.00 190.39 0.89 0.05 -0.19 
0.00 0.00 185.87 1.23 0.19 0.05 
0.00 0.00 186.26 1.02 0.18 -0.06 
0.00 0.00 181.36 1.03 0.20 0.09 
0.00 0.00 172.35 1.18 0.18 0.06 
0.00 0.00 171.35 0.93 0.11 -0.26 
0.00 0.00 180.27 0.87 0.12 -0.31 
0.00 0.00 171.18 1.06 0.23 -0.04 
0.00 0.00 172.26 0.84 0.14 0.14 
0.00 0.00 170.90 0.83 0.10 -0.28 
0.00 0.00 176.69 0.89 0.07 -0.25 
0.00 0.00 174.08 0.99 0.31 -0.04 
0.00 0.00 171.03 0.89 0.16 0.12 
0.00 0.00 173.25 1.14 0.27 -0.17 
0.00 0.00 173.03 1.02 0.06 -0.23 
0.00 0.00 177.74 0.95 0.18 -0.13 
0.00 0.00 174.81 1.00 0.19 0.03 
0.00 0.00 169.16 0.87 0.15 0.10 
0.00 0.00 164.77 1.12 0.21 -0.42 
0.00 0.00 162.77 1.00 0.08 -0.23 
0.00 0.00 167.53 1.02 0.14 -0.10 
0.00 0.00 166.27 0.99 0.24 0.00 
0.00 0.00 162.13 1.01 0.13 0.09 
0.00 0.00 156.64 0.84 0.27 0.08 
0.00 0.00 165.27 0.81 0.12 -0.23 
0.00 0.00 140.10 1.03 0.16 0.00 
0.00 0.00 144.21 0.89 0.19 -0.16 
0.00 0.00 140.70 1.01 0.27 -0.05 
0.00 0.00 145.62 1.10 0.13 0.27 
0.00 0.00 143.84 0.78 0.01 -0.27 
0.00 0.00 133.17 0.93 0.23 -0.23 
0.00 0.00 137.16 1.01 0.20 -0.09 
0.00 0.00 128.38 0.98 0.18 0.04 
0.00 0.00 147.72 0.86 0.15 -0.14 
0.00 0.00 152.46 1.01 0.10 -0.19 
0.00 0.00 155.09 0.88 0.10 -0.31 
0.00 0.00 153.09 0.98 0.14 -0.13 
0.00 0.00 152.09 1.03 0.28 0.05 
