33.95 18.97 54.25 0.67 0.15 -0.06 
0.20 -3.15 193.21 1.04 0.01 -0.21 
0.88 -3.50 193.77 1.04 0.02 -0.22 
-1.08 -2.05 195.30 1.05 0.00 -0.22 
0.47 -3.55 194.17 1.02 0.00 -0.22 
0.61 -3.49 194.39 1.02 0.03 -0.21 
-0.41 -3.30 194.64 1.04 0.00 -0.22 
-0.23 -3.06 194.48 1.03 0.01 -0.22 
-19.89 -12.73 205.18 1.08 0.04 -0.14 
-13.85 8.03 205.92 0.99 -0.03 -0.22 
-23.08 -20.45 201.63 1.00 -0.50 -1.59 
43.01 -49.92 197.92 2.14 0.05 -1.35 
16.29 -23.13 214.64 1.07 0.14 -0.59 
-87.41 49.98 178.40 1.02 -0.65 -1.16 
83.19 -162.40 298.06 1.33 0.37 -0.63 
-11.78 22.16 302.09 0.28 -0.31 -0.57 
-3.83 10.14 306.82 0.15 -0.72 -0.97 
0.12 7.94 303.10 0.35 -0.37 -0.54 
-17.48 26.61 283.10 1.05 -0.15 -0.70 
-18.91 30.64 276.81 1.03 -0.44 -1.03 
-12.86 -0.38 283.22 0.77 -0.20 -1.50 
44.20 -49.49 272.87 2.35 0.21 -2.19 
30.86 -7.92 287.42 1.14 0.09 -0.46 
-18.92 32.00 287.56 -0.28 -0.73 -0.79 
-4.44 0.50 290.53 -0.14 -0.88 -0.93 
0.14 5.94 284.97 0.10 -0.64 -0.57 
-92.65 97.40 258.33 1.21 -0.43 -1.19 
7.58 -48.04 276.62 1.27 0.10 -1.33 
-40.86 35.69 291.45 -0.13 -1.05 -0.75 
2.91 -2.72 292.69 0.01 -0.66 -0.71 
12.00 18.19 285.56 0.07 -0.47 -0.47 
-14.47 22.12 259.38 0.89 -0.36 -0.78 
-27.54 22.28 236.60 1.59 -0.47 -1.02 
56.55 -74.26 290.09 1.44 0.24 -0.24 
-12.36 29.71 300.81 -0.23 -0.63 -0.85 
-0.01 0.00 303.34 -0.13 -0.71 -1.02 
0.47 6.23 303.56 0.06 -0.56 -0.76 
-0.58 15.84 283.58 0.45 -0.18 -0.45 
-29.09 33.01 250.09 1.62 -0.21 -0.85 
-6.23 12.08 252.79 0.98 -0.71 -1.95 
81.82 138.64 161.47 0.01 -0.48 -0.51 
-28.94 51.53 124.21 1.84 -0.23 -0.69 
-22.78 27.68 120.32 1.08 -0.53 -1.16 
63.69 41.16 145.72 0.76 -0.14 -0.23 
-5.44 22.39 146.33 -0.35 -0.79 -0.94 
1.44 3.34 149.79 0.08 -0.71 -0.97 
0.52 8.51 145.71 0.06 -0.50 -0.53 
-11.11 21.66 126.41 0.64 -0.23 -0.63 
-13.63 39.37 113.30 1.25 -0.31 -1.15 
6.16 -5.89 112.86 1.05 -0.63 -2.61 
39.69 -50.26 100.76 2.94 0.35 -2.09 
20.85 9.64 112.89 0.58 -0.03 -0.19 
-5.03 22.19 115.25 -0.50 -0.76 -0.94 
2.80 -5.02 115.44 -0.14 -0.56 -0.99 
14.38 17.22 106.31 0.10 -0.52 -0.49 
-20.78 22.65 93.29 0.43 -0.31 -0.70 
-20.15 32.03 77.86 1.37 -0.38 -1.00 
-8.24 21.19 74.75 0.69 -0.31 -1.24 
38.46 -49.05 72.01 1.48 -0.33 -2.02 
35.37 -50.45 76.77 2.13 0.39 -0.91 
12.68 32.49 84.47 -0.18 0.01 -0.36 
-0.62 -9.00 81.93 -0.40 -0.73 -1.25 
-3.44 0.35 83.08 -0.11 -0.58 -0.82 
3.05 14.36 78.98 0.00 -0.44 -0.55 
-17.54 37.80 45.60 1.03 -0.13 -0.75 
-37.35 35.05 32.96 1.63 -0.03 -1.00 
-2.36 -16.91 33.24 0.75 -0.44 -2.08 
33.77 -50.03 13.93 3.35 0.79 -2.26 
7.54 15.11 28.37 0.68 -0.24 -0.08 
-8.79 16.13 31.50 -0.21 -0.75 -1.15 
5.86 1.41 33.06 0.07 -0.63 -0.83 
4.12 30.79 16.71 0.26 -0.32 -0.44 
-29.71 18.00 -5.91 1.19 -0.14 -0.94 
-54.84 50.12 1.46 0.90 -0.39 -1.34 
42.74 -49.60 -4.88 2.07 0.17 -2.68 
46.48 -50.19 -4.34 1.91 0.55 -1.03 
11.38 11.29 7.61 -0.11 -0.22 -0.02 
4.57 4.11 6.77 -0.36 -0.83 -1.11 
-2.23 3.29 5.41 -0.12 -0.52 -0.74 
14.57 11.21 -6.83 0.01 -0.62 -0.69 
-5.32 21.20 -32.68 0.45 -0.46 -0.58 
-33.00 26.55 -57.95 0.86 -0.57 -0.88 
-25.96 -7.22 -54.84 1.34 -1.15 -2.52 
49.45 -50.27 -74.72 2.11 0.70 -1.33 
20.57 20.63 -60.04 0.25 0.16 -0.27 
8.02 15.43 -53.78 -0.52 -0.69 -1.16 
2.76 -3.08 -53.53 -0.06 -0.51 -0.78 
0.42 12.98 -58.71 -0.06 -0.48 -0.61 
-12.47 26.39 -76.98 0.66 -0.21 -0.75 
-23.45 46.30 -85.71 1.72 -0.38 -1.54 
5.49 -2.57 -79.82 0.57 -0.62 -2.02 
42.45 -61.82 -95.92 2.71 0.55 -2.20 
13.55 21.07 -89.87 0.28 -0.06 0.01 
-149.34 208.27 -218.76 1.73 -0.37 -1.05 
-4.91 5.64 -214.68 0.43 -1.17 -2.31 
26.25 -49.69 -198.39 2.92 0.44 -2.80 
-115.54 108.84 322.77 0.98 -0.45 -0.82 
-13.43 22.20 306.00 0.71 -0.61 -1.31 
-101.63 203.67 208.41 0.46 -0.89 -1.36 
5.21 41.32 209.41 -0.11 -0.54 -0.72 
-17.35 25.07 184.02 0.55 -0.12 -0.54 
-21.63 46.47 161.19 1.27 -0.44 -1.30 
10.66 -32.71 164.27 0.73 -0.79 -2.12 
23.43 -49.82 170.52 2.55 0.32 -2.19 
3.75 5.20 172.78 0.12 -0.34 -0.39 
-0.34 12.77 181.41 -0.55 -0.46 -1.19 
4.64 -4.23 178.25 -0.07 -0.49 -0.85 
-1.43 4.72 180.48 -0.27 -0.53 -0.90 
4.76 24.49 161.64 0.20 -0.08 -0.29 
-20.71 46.12 143.32 1.61 -0.29 -1.24 
-10.95 -11.95 146.90 0.27 -0.82 -2.84 
48.61 -62.35 149.29 2.53 0.71 -1.04 
-216.56 252.28 98.82 0.96 -0.55 -1.45 
-10.80 -8.16 -152.54 1.10 -0.02 -0.22 
4.35 -3.43 -110.37 0.36 -0.20 0.42 
-3.73 -12.69 -144.49 0.91 -0.04 0.57 
1.83 -3.18 -161.28 1.02 0.12 0.04 
1.66 -4.07 -162.58 1.01 0.06 -0.01 
-0.04 -3.71 -160.24 1.04 0.03 -0.05 
0.10 -4.26 -161.63 1.06 0.02 -0.10 
-0.62 -2.15 -161.44 1.03 0.04 -0.12 
-1.10 -3.42 -161.34 1.04 0.03 -0.13 
0.29 -4.06 -160.94 1.06 0.02 -0.08 
2.53 -2.94 -160.55 1.04 0.03 -0.09 
0.73 -2.80 -160.59 1.02 0.05 -0.13 
-45.38 37.54 -187.52 1.05 0.08 -0.10 
-15.88 1.34 -183.95 0.91 -0.25 -0.59 
2.67 -35.24 -176.19 1.35 -0.38 -0.94 
38.28 -62.23 -151.03 1.87 -0.11 -1.06 
23.28 22.74 -147.69 0.32 -0.30 -0.20 
141.23 -288.78 -58.36 2.11 0.19 -1.60 
-140.40 161.03 -269.68 1.64 -0.57 -0.58 
-7.28 6.16 -280.71 1.16 -0.70 -1.38 
24.27 -49.11 -265.90 1.22 -0.34 -1.56 
32.03 -32.04 -247.91 1.68 -0.02 -0.34 
-17.66 10.09 -250.60 -0.17 -0.90 -0.86 
7.35 -0.32 -251.60 -0.04 -0.86 -0.75 
19.27 17.65 -282.48 0.31 -0.55 -0.23 
-36.53 4.72 325.19 1.58 -0.49 -0.03 
-28.92 -3.01 303.95 1.20 -0.97 -0.79 
37.35 -61.87 317.70 2.32 -0.32 -1.84 
13.34 -16.71 -319.57 1.06 -0.03 -0.34 
-186.78 76.99 184.74 1.77 -0.33 -0.75 
-22.14 7.84 178.57 0.86 -0.95 -1.08 
43.52 -73.96 217.29 2.66 -0.05 -1.91 
17.52 12.61 231.75 0.71 0.06 0.00 
-7.48 10.69 234.16 -0.43 -1.02 -0.67 
-4.12 -1.97 235.62 -0.03 -0.81 -0.59 
-117.61 45.82 176.54 0.99 -0.57 -0.83 
19.95 -48.94 191.85 1.16 -0.55 -2.19 
30.50 -41.27 227.58 1.87 0.42 -0.50 
-4.07 23.32 239.60 -0.79 -0.61 -1.01 
2.23 -3.61 238.45 -0.12 -0.78 -0.77 
3.05 2.24 237.59 -0.04 -0.75 -0.64 
-23.87 41.95 195.55 1.00 -0.21 -0.35 
2.10 42.97 174.87 0.82 -0.78 -1.50 
24.69 -49.23 189.12 1.64 -0.58 -2.32 
12.99 -36.57 210.48 1.50 0.32 -0.67 
-3.31 29.26 208.63 -0.25 -0.25 -0.38 
2.02 -2.36 213.53 -0.35 -0.86 -0.83 
-4.36 3.31 214.64 -0.24 -0.86 -0.69 
8.05 18.15 192.80 0.23 -0.22 -0.27 
-28.06 29.36 163.21 1.56 -0.28 -0.93 
-35.89 42.80 160.73 1.36 -0.35 -1.28 
66.11 -73.33 169.59 1.93 -0.23 -2.40 
20.59 -28.36 189.35 1.57 0.42 -0.48 
4.49 29.35 191.87 -0.40 -0.44 -0.50 
0.04 0.54 192.89 -0.36 -0.98 -0.93 
11.30 13.48 185.22 0.07 -0.78 -0.55 
8.28 28.75 166.44 0.38 -0.64 -0.31 
1.03 21.77 134.33 0.93 -0.90 -0.15 
56.32 -121.84 180.86 3.71 0.16 -2.60 
13.07 -3.98 192.98 0.70 -0.09 -0.10 
14.00 19.12 190.80 -0.37 -0.68 -0.74 
-0.84 -0.85 193.91 -0.42 -0.88 -0.94 
0.44 10.95 184.68 -0.03 -0.63 -0.42 
-21.71 21.88 160.20 0.59 -0.56 -0.44 
-28.93 24.23 133.93 1.11 -0.82 -0.91 
-10.46 -7.05 117.88 0.85 -0.69 -1.31 
14.35 -49.83 136.09 2.93 -0.18 -2.51 
15.42 -13.39 145.57 0.97 0.11 -0.16 
-8.82 3.50 148.35 -0.35 -0.89 -0.92 
-1.51 4.07 146.30 -0.10 -0.68 -0.62 
-4.99 20.18 140.35 0.32 -0.53 -0.68 
-4.99 44.85 123.79 0.48 -0.55 -0.68 
-14.32 28.60 102.25 0.84 -0.68 -1.03 
-164.91 260.29 -65.95 1.04 -0.82 -1.00 
-9.81 4.22 -75.29 1.04 -1.00 -1.75 
40.74 -49.98 -52.21 2.32 -0.07 -2.14 
16.51 14.02 -46.57 0.19 -0.04 -0.08 
-0.09 4.99 -41.57 -0.31 -0.83 -1.09 
-0.74 2.30 -38.64 -0.09 -0.66 -0.77 
0.84 6.88 -37.92 -0.04 -0.73 -0.74 
5.06 30.21 -59.02 0.39 -0.52 -0.58 
-19.98 42.75 -97.47 0.84 -0.83 -0.94 
-6.05 111.54 -85.01 -0.55 -0.31 -0.47 
9.52 4.24 -83.47 -0.13 -0.74 -0.79 
1.56 12.57 -86.77 0.04 -0.75 -0.64 
1.70 26.93 -109.09 0.55 -0.54 -0.54 
-11.72 31.61 -142.76 0.50 -0.57 -0.69 
6.26 -6.44 -148.06 1.31 -1.16 -2.04 
25.40 -50.25 -138.80 1.75 -0.20 -1.25 
192.23 -312.88 99.87 3.10 -0.38 -2.48 
13.73 -28.57 114.68 1.53 0.44 -0.61 
-2.47 22.04 112.49 -0.26 -0.39 -0.33 
3.86 -2.60 114.34 -0.24 -0.66 -0.81 
7.05 10.86 113.44 0.00 -0.56 -0.69 
2.29 45.04 86.28 0.39 -0.60 -0.55 
-13.82 16.76 48.93 0.48 -0.54 -0.67 
-29.49 -2.35 44.54 1.45 -1.23 -2.28 
45.62 -62.16 55.46 2.28 0.29 -1.36 
21.79 31.63 62.84 -0.08 -0.16 -0.20 
5.13 2.42 64.01 -0.29 -0.81 -0.87 
-0.28 6.29 62.11 0.00 -0.71 -0.68 
-5.36 19.92 42.34 0.35 -0.49 -0.49 
-11.14 25.73 9.82 0.57 -0.68 -0.79 
-34.05 -2.07 -5.39 1.01 -0.41 -1.43 
11.95 -49.30 4.60 1.86 -0.50 -2.49 
28.12 -27.51 24.53 1.16 0.34 -0.55 
-18.64 17.69 25.97 -0.87 -0.78 -0.95 
2.07 3.03 25.56 -0.18 -0.57 -0.77 
2.06 12.35 15.40 0.03 -0.53 -0.59 
-18.72 42.02 -3.40 1.15 -0.48 -0.98 
-5.06 29.67 -18.48 1.06 -0.30 -1.20 
28.38 -61.41 -9.99 1.81 -0.02 -2.17 
21.64 -34.00 0.47 1.35 0.29 -0.69 
-7.53 18.15 2.61 -0.24 -0.51 -0.34 
10.95 0.44 4.71 -0.38 -0.82 -1.01 
-3.36 2.73 3.49 0.02 -0.59 -0.73 
8.28 33.37 -23.85 0.53 -0.33 -0.55 
-15.42 24.37 -52.08 0.65 -0.56 -1.24 
35.55 -48.93 -41.73 0.86 -0.82 -2.09 
-6.25 -29.74 -9.38 0.87 0.24 -0.31 
-11.31 9.34 -3.16 -0.49 -0.97 -0.97 
-1.47 2.65 -2.61 -0.16 -0.64 -0.65 
8.40 21.93 -23.01 0.33 -0.56 -0.30 
-2.10 40.13 -44.33 0.47 -0.57 -0.58 
-11.44 19.27 -63.00 0.78 -0.57 -1.01 
30.53 -48.85 -43.71 1.34 -0.99 -2.02 
43.39 -26.69 -28.40 1.45 0.32 -0.65 
-12.37 27.28 -26.73 -0.32 -0.47 -0.53 
-5.03 0.07 -23.73 -0.15 -0.73 -0.81 
2.81 1.69 -24.54 -0.03 -0.75 -0.66 
0.34 25.11 -41.06 0.49 -0.42 -0.37 
-2.89 36.34 -77.44 0.88 -0.77 -0.86 
-7.20 5.49 -93.43 1.04 -0.90 -1.43 
37.30 -49.12 -70.22 1.72 -0.60 -2.16 
3.78 -23.16 -47.82 0.99 0.21 -0.42 
-10.83 12.87 -48.72 -0.58 -0.78 -0.91 
-0.13 1.23 -46.62 -0.05 -0.79 -0.69 