0.02 -7.15 302.24 0.53 -0.43 0.46 
12.91 16.39 314.53 0.98 0.00 -0.15 
2.83 -3.29 311.75 1.08 -0.06 -0.21 
1.16 -6.54 314.01 1.05 -0.02 -0.25 
-3.96 -4.85 315.67 0.89 -0.07 -0.26 
-0.60 -0.93 314.10 1.02 -0.17 -0.33 
-9.40 -0.57 315.90 1.02 -0.13 -0.28 
0.52 -3.61 313.82 1.01 -0.15 -0.31 
-4.55 -3.15 315.05 1.03 -0.07 -0.23 
-4.39 -4.47 316.61 1.25 -0.21 -0.23 
-1.81 -4.56 315.25 1.06 0.00 -0.26 
-4.00 -3.32 314.93 1.01 -0.06 -0.33 
-1.19 -3.16 315.76 1.02 -0.04 -0.37 
-1.50 -3.31 315.82 1.00 -0.03 -0.37 
-2.03 -3.10 318.13 1.00 -0.05 -0.36 
6.07 -0.60 315.68 1.00 0.05 -0.32 
-4.11 -4.38 317.62 0.99 -0.05 -0.32 
0.07 -2.35 317.17 1.00 -0.02 -0.32 
0.67 -1.74 317.16 1.01 0.01 -0.26 
3.59 -2.87 317.30 1.03 0.00 -0.25 
2.59 -2.70 317.80 1.05 -0.03 -0.26 
0.23 -3.01 317.98 1.04 -0.05 -0.27 
-0.07 -3.07 317.96 1.01 0.00 -0.27 
1.57 -2.58 317.78 1.02 0.00 -0.24 
0.72 -2.87 317.65 1.03 -0.02 -0.24 
0.99 -2.76 317.17 1.07 -0.02 -0.31 
1.08 -2.15 318.01 1.06 0.03 -0.21 
-1.37 -2.99 317.64 1.03 -0.03 -0.23 
-1.07 -3.78 315.00 1.03 -0.03 -0.23 
1.22 -3.16 314.83 1.03 -0.03 -0.22 
0.91 -2.88 314.47 1.02 0.04 -0.22 
0.82 -2.66 314.72 1.04 -0.04 -0.21 
0.60 -3.26 314.01 1.03 0.00 -0.23 
14.08 -0.48 310.56 1.03 -0.01 -0.23 
-7.31 -4.75 311.75 1.03 0.08 -0.25 
-1.43 -3.67 311.79 1.06 -0.01 -0.25 
2.00 -2.69 311.66 1.04 -0.01 -0.25 
0.50 -3.17 311.34 1.04 0.00 -0.25 
-0.51 -3.59 311.10 1.02 0.00 -0.25 
-1.07 -2.98 311.57 1.03 0.04 -0.25 
1.44 -2.79 311.60 1.03 0.01 -0.24 
0.81 -2.79 311.58 1.04 0.01 -0.23 
0.59 -3.06 311.45 1.04 0.01 -0.24 
0.64 -2.88 311.46 1.04 0.02 -0.23 
-0.24 -3.09 311.58 1.02 0.00 -0.24 
-0.85 -2.95 311.78 1.02 0.00 -0.24 
0.44 -3.17 311.46 1.04 0.01 -0.24 
-1.37 -3.22 311.81 1.04 0.00 -0.23 
0.22 -3.06 311.69 1.04 0.00 -0.23 
-1.38 -3.59 311.08 1.04 0.00 -0.23 
-2.54 -3.68 311.35 1.03 0.00 -0.23 
-0.23 -3.15 311.18 1.03 0.01 -0.23 
1.04 -3.08 310.75 1.03 0.00 -0.23 
0.22 -3.15 310.79 1.02 0.03 -0.23 
-0.49 -2.97 311.15 1.04 0.01 -0.23 
-0.19 -3.00 311.47 1.03 0.00 -0.24 
0.08 -3.03 311.61 1.04 0.01 -0.22 
0.68 -3.05 311.56 1.03 0.00 -0.20 
0.02 -3.17 311.20 1.04 0.00 -0.22 
-0.42 -3.15 311.08 1.04 -0.01 -0.23 
-0.04 -3.10 311.29 1.03 0.00 -0.23 
0.48 -2.84 311.01 1.03 0.00 -0.24 
-0.12 -3.14 310.92 1.03 0.01 -0.22 
0.13 -2.84 310.68 1.04 0.00 -0.22 
0.89 -2.97 310.58 1.03 0.01 -0.22 
0.51 -3.25 310.37 1.03 0.02 -0.22 
0.46 -3.16 310.70 1.03 0.03 -0.22 
0.13 -3.46 311.01 1.03 0.01 -0.23 
-0.13 -3.12 310.93 1.01 0.04 -0.23 
0.01 -3.24 311.18 1.04 0.00 -0.22 
0.35 -2.44 311.32 1.03 0.00 -0.24 
-1.84 -2.77 311.27 1.03 -0.01 -0.23 
-0.70 -3.57 311.45 1.04 0.02 -0.20 
-1.38 -2.94 310.51 1.03 0.00 -0.22 
0.02 -3.23 310.57 1.03 0.03 -0.20 
-0.86 -3.28 310.65 1.04 0.01 -0.21 
-0.06 -3.19 310.48 1.03 0.01 -0.21 
0.71 -3.18 310.36 1.04 0.02 -0.19 
-0.07 -3.32 310.25 1.03 0.01 -0.21 
3.25 -1.71 310.03 1.04 0.00 -0.18 
2.94 -2.80 309.82 1.04 0.00 -0.20 
-0.42 -3.41 309.96 1.05 0.00 -0.21 
-0.25 -3.15 309.80 1.03 0.02 -0.20 
0.42 -3.15 309.78 1.04 0.00 -0.22 
-0.85 -3.14 309.63 1.04 -0.03 -0.21 
-0.70 -3.03 309.55 1.03 0.03 -0.19 
0.84 -2.80 309.54 1.04 0.00 -0.20 
0.27 -3.21 309.44 1.04 0.00 -0.19 
-0.43 -3.37 309.52 1.05 0.00 -0.20 
-0.19 -2.97 309.83 1.03 0.00 -0.20 
-0.31 -3.24 310.18 1.03 0.00 -0.21 
-0.79 -3.15 310.25 1.03 0.01 -0.20 
-1.04 -3.26 310.50 1.04 -0.01 -0.21 
0.46 -3.31 309.88 1.04 -0.01 -0.19 
-0.09 -3.20 310.05 1.03 0.00 -0.19 
1.23 -3.05 309.39 1.03 0.00 -0.20 
0.73 -3.01 309.45 1.04 0.00 -0.19 
-0.57 -3.30 309.50 1.03 0.00 -0.20 
0.14 -3.13 309.62 1.04 0.02 -0.19 
-0.01 -2.87 309.78 1.03 0.00 -0.21 
-0.46 -3.46 309.95 1.02 0.01 -0.19 
0.02 -3.25 310.13 1.03 0.00 -0.20 
0.16 -3.21 310.08 1.03 0.00 -0.19 
-0.36 -3.22 310.32 1.04 0.01 -0.20 
0.11 -3.03 310.50 1.04 0.00 -0.19 
0.13 -3.06 310.45 1.06 0.00 -0.20 
0.26 -2.72 310.35 1.04 -0.01 -0.19 
-1.31 -3.39 310.59 1.04 0.00 -0.19 
0.48 -3.13 310.77 1.05 -0.02 -0.18 
-0.27 -3.21 309.82 1.04 -0.02 -0.18 
0.16 -3.31 308.74 1.04 0.00 -0.17 
3.44 -2.43 308.38 1.06 0.01 -0.18 
-3.39 -3.82 308.70 1.02 -0.01 -0.19 
1.16 -3.27 308.35 1.05 0.03 -0.17 
-1.46 -3.56 308.87 1.04 0.02 -0.18 
-0.85 -3.31 308.71 1.04 0.02 -0.19 
0.44 -3.20 309.16 1.04 0.01 -0.18 
-1.13 -3.52 309.19 1.04 -0.01 -0.18 
-0.51 -3.40 309.10 1.05 0.02 -0.17 
-0.65 -3.17 309.40 1.03 0.04 -0.19 
0.66 -3.39 309.32 1.03 0.03 -0.19 
-0.54 -3.14 309.97 1.04 0.02 -0.20 
0.48 -3.26 309.17 1.04 0.00 -0.19 
-0.09 -3.01 309.38 1.05 0.02 -0.18 
-1.53 -2.85 309.24 1.06 0.00 -0.18 
-0.60 -3.21 308.77 1.03 0.04 -0.17 
1.22 -3.23 308.59 1.00 0.07 -0.18 
1.16 -3.16 308.22 1.05 0.02 -0.19 
-0.46 -3.45 308.78 1.04 0.03 -0.20 
-0.25 -3.20 308.40 1.02 0.05 -0.19 
-0.24 -3.01 308.53 1.04 0.03 -0.16 
-0.27 -2.77 308.79 1.04 0.03 -0.17 
3.89 -2.50 308.62 1.06 0.02 -0.19 
-3.73 -3.46 308.38 1.05 0.05 -0.16 
1.06 -2.57 309.42 1.04 0.06 -0.16 
-2.51 -4.58 309.37 1.05 0.02 -0.17 
0.10 -3.40 309.27 1.04 0.03 -0.19 
-0.99 -3.78 309.62 1.05 0.01 -0.18 
0.10 -4.34 309.75 1.04 0.00 -0.18 
-0.57 -3.73 310.59 1.02 0.04 -0.21 
1.04 -2.91 310.93 1.04 -0.02 -0.19 
0.48 -2.66 310.50 1.05 0.00 -0.18 
0.64 -2.88 310.35 1.03 -0.01 -0.19 
-2.62 -5.01 308.61 1.03 0.00 -0.19 
0.16 -4.40 308.41 1.02 -0.03 -0.19 
1.20 -2.83 307.93 1.06 0.02 -0.18 
2.33 -2.29 307.79 1.07 -0.02 -0.17 
-3.55 -4.54 308.32 1.06 0.00 -0.16 
4.57 -5.93 306.70 1.04 0.00 -0.19 
0.84 -3.41 307.27 1.03 0.00 -0.20 
1.18 -3.22 307.15 1.04 0.00 -0.20 
0.88 -3.12 307.19 1.03 -0.01 -0.20 
0.17 -3.27 307.12 1.04 -0.01 -0.21 
-0.14 -3.15 307.50 1.04 -0.02 -0.21 
-0.49 -2.96 307.45 1.04 -0.02 -0.20 
-0.76 -2.96 307.33 1.04 0.00 -0.21 
-0.51 -3.13 307.27 1.03 -0.01 -0.21 
0.23 -2.85 306.95 1.04 -0.01 -0.20 
-1.15 -3.56 306.89 1.04 -0.05 -0.18 
-0.15 -3.17 306.94 1.03 0.02 -0.19 
-0.03 -3.04 306.79 1.04 0.00 -0.21 
-0.53 -3.64 306.76 1.04 -0.01 -0.19 
0.51 -3.09 306.70 1.05 -0.01 -0.19 
0.09 -3.12 306.63 1.03 -0.02 -0.19 
-0.09 -3.27 306.70 1.04 -0.01 -0.18 
-0.28 -3.19 306.78 1.04 -0.01 -0.20 
1.39 -2.89 306.44 1.04 -0.01 -0.19 
-1.62 -3.40 306.84 1.03 0.00 -0.19 
1.75 -2.98 306.14 1.03 -0.02 -0.19 
-0.24 -3.19 306.51 1.06 -0.01 -0.20 
0.58 -3.52 305.39 1.04 -0.05 -0.19 
-1.90 -3.48 305.40 1.05 -0.03 -0.19 
0.31 -3.10 305.55 1.03 0.00 -0.19 
-1.19 -3.55 305.72 1.03 0.02 -0.19 
-1.22 -3.39 306.34 1.05 0.01 -0.19 
1.27 -2.88 305.64 1.03 0.00 -0.17 
-0.43 -3.32 305.39 1.04 -0.03 -0.18 
-1.00 -2.77 305.41 1.05 -0.04 -0.20 
-6.38 -4.17 305.55 1.03 -0.02 -0.19 
-0.02 -0.21 304.26 1.05 0.01 -0.19 
0.58 -3.04 304.09 1.04 0.02 -0.18 
-3.62 -2.91 303.37 0.99 0.08 -0.17 
-0.67 0.95 305.77 1.09 -0.04 -0.09 
-2.08 -2.70 306.41 1.04 0.00 -0.02 
-1.13 0.31 311.17 1.07 0.05 -0.09 
-0.74 -4.40 310.56 1.04 -0.02 -0.07 
0.88 -3.20 310.79 1.04 0.04 -0.07 
-1.54 -3.81 309.91 1.06 -0.01 -0.06 
1.58 -2.76 310.90 1.03 0.04 -0.07 
-7.43 -4.00 312.34 1.04 0.04 -0.10 
3.05 -2.40 312.56 1.04 0.03 -0.10 
-9.38 -6.65 313.04 1.05 0.01 -0.09 
0.09 -3.26 312.92 1.02 0.00 -0.12 
0.41 -3.37 312.98 1.03 0.01 -0.10 
0.10 -3.60 313.09 1.03 0.01 -0.11 
2.52 -3.10 313.10 1.04 0.01 -0.12 
0.53 -3.29 312.64 1.03 0.01 -0.13 
0.03 -3.30 312.62 1.03 0.01 -0.13 
4.78 -1.47 313.56 1.03 0.00 -0.15 
0.60 -1.46 313.80 1.05 0.00 -0.11 
-2.51 -4.69 312.33 1.03 -0.02 -0.14 
1.92 -1.89 311.63 1.06 0.02 -0.08 
0.00 -2.93 312.06 1.05 0.00 -0.10 
-1.74 -3.60 312.49 1.03 0.00 -0.14 
0.85 -3.04 312.47 1.04 -0.03 -0.13 
-0.71 -2.35 312.53 1.00 -0.02 -0.17 
2.15 -3.00 311.98 1.07 0.02 -0.10 
-2.86 -5.21 311.57 1.08 -0.05 -0.08 
-0.20 -3.39 311.84 1.01 0.03 -0.12 
2.10 -2.45 311.72 1.02 0.05 -0.13 
-0.01 -3.70 312.24 1.00 -0.03 -0.14 
0.22 -2.60 312.64 1.00 0.06 -0.12 
-1.08 -3.72 312.04 1.04 -0.01 -0.14 
-3.38 -4.46 311.03 1.03 0.00 -0.13 
0.94 -3.11 310.69 1.05 0.03 -0.13 
-1.38 -3.55 311.10 1.05 0.03 -0.11 
1.02 -3.46 310.78 1.04 0.03 -0.10 
-1.75 -3.48 310.82 1.04 0.02 -0.12 
-2.82 -4.00 311.00 1.03 0.05 -0.12 
0.29 -3.06 310.73 1.04 0.02 -0.10 
0.50 -3.69 310.41 1.02 0.02 -0.12 
-0.02 -3.73 310.27 1.01 0.06 -0.11 
0.83 -3.03 310.43 1.04 0.08 -0.12 
1.15 -3.15 310.84 1.04 0.01 -0.12 
0.95 -3.45 311.10 1.04 0.06 -0.11 
-1.77 -3.74 311.32 1.05 0.00 -0.12 
0.35 -3.95 311.22 1.02 0.03 -0.13 
0.34 -4.18 310.60 1.06 0.01 -0.14 
3.43 -2.42 310.20 1.03 0.08 -0.15 
-2.23 -3.71 310.66 1.04 0.02 -0.16 
0.40 -3.09 310.67 1.02 0.04 -0.14 
0.78 -2.59 310.89 1.02 0.08 -0.14 
