-2.31 23.07 -66.37 0.48 -0.41 -0.32 
-0.27 -2.78 -18.30 1.02 -0.20 -0.24 
-0.87 -2.79 -17.50 1.04 -0.21 -0.20 
-33.42 13.43 152.81 0.52 -0.29 -0.52 
-179.89 -224.03 -42.51 1.21 -0.13 -0.28 
-30.78 38.74 -41.94 2.54 0.05 -0.64 
8.09 45.16 -44.55 1.40 -0.40 -1.53 
-7.67 12.23 -9.98 0.60 -0.27 -0.82 
-8.70 -19.27 -0.77 0.29 -0.63 -0.11 
-0.59 -21.61 -5.53 0.83 -1.25 0.24 
-0.99 -3.63 -7.98 0.40 -0.78 -0.28 
-10.70 -99.77 -3.85 0.30 -0.88 0.42 
-111.26 65.08 -186.42 2.19 -0.02 -0.03 
-47.41 45.92 -165.99 2.10 -0.22 -1.71 
-5.08 -6.95 -141.91 1.00 -0.27 -0.88 
-2.77 -13.09 -143.81 0.08 -0.90 0.41 
5.65 -2.11 -145.79 0.50 -0.98 0.20 
-1.72 -19.06 -142.63 0.58 -1.03 -0.25 
5.85 -49.31 -142.02 0.66 -0.85 -0.29 
1.63 -43.09 -144.85 0.68 -0.78 -0.31 
17.40 -16.59 -161.98 0.84 -0.10 0.00 
-59.06 57.59 -142.27 2.61 0.03 -1.50 
-29.57 23.66 -100.75 0.68 -0.27 -1.66 
-14.20 -14.30 -94.43 0.25 -0.63 -0.28 
-2.39 -1.39 -96.72 0.34 -1.13 0.13 
-2.62 -9.27 -97.99 0.41 -0.91 -0.31 
-10.06 -28.49 -101.83 0.34 -0.91 -0.54 
-1.83 -48.90 -114.22 0.46 -0.66 -0.58 
7.85 -46.53 -150.13 0.86 -0.09 0.01 
19.28 2.15 -145.73 0.51 -0.80 -0.36 
7.57 -10.12 -148.42 0.45 -0.87 -0.45 
0.70 -38.73 -156.07 0.41 -0.80 -0.68 
8.46 -49.48 -177.18 0.63 -0.39 -0.45 
-19.51 10.29 -206.19 2.49 -0.08 -0.20 
-47.36 46.40 -156.23 2.45 0.46 -1.96 
-4.83 27.60 -138.39 0.51 0.00 -1.23 
-12.31 -14.50 -144.10 0.33 -0.71 -0.20 
2.58 -4.61 -154.27 0.38 -1.15 -0.20 
2.42 -4.49 -154.22 0.61 -0.81 -0.26 
-3.87 -19.97 -159.00 0.60 -0.86 -0.69 
-11.61 -42.77 -182.27 0.45 -0.75 -0.63 
-2.15 -51.20 -225.87 1.00 -0.03 -0.10 
-38.58 45.37 -213.98 2.56 -0.15 -0.60 
-68.47 -24.63 221.12 1.90 0.33 0.08 
-38.35 -289.75 154.64 0.27 -0.66 -0.28 
-115.76 143.10 253.88 1.43 -0.09 -1.54 
-15.26 8.45 275.05 0.36 -0.25 -0.46 
-1.21 -13.76 262.74 0.18 -1.31 0.53 
-2.21 -1.34 263.18 0.39 -1.05 0.21 
-12.84 -36.92 264.24 0.43 -0.88 -0.39 
-12.01 -29.18 230.83 0.34 -1.00 0.46 
-172.61 252.10 -284.48 0.89 -0.51 -1.56 
-13.85 -3.95 -260.95 0.60 -0.44 -0.12 
-7.30 -14.96 -263.05 -0.08 -1.03 0.57 
-10.47 -9.15 -265.38 0.30 -0.96 0.17 
-12.79 -54.06 -267.84 0.41 -0.78 -0.44 
-30.87 -265.33 283.38 0.35 -1.00 -0.18 
-3.52 -28.72 279.04 0.29 -0.66 -0.05 
-9.69 -16.39 257.07 1.30 -0.15 0.48 
-59.71 58.03 256.90 2.48 -0.18 -1.36 
-21.45 24.08 290.98 0.70 -0.57 -0.89 
-29.72 -12.44 284.04 0.04 -0.67 0.36 
-3.09 -9.36 284.53 0.18 -1.08 0.50 
-10.89 -7.54 289.02 0.42 -0.93 0.01 
-10.57 -60.69 277.76 0.29 -0.70 -0.17 
-3.71 -2.56 249.85 1.13 -0.23 0.66 
-59.59 56.95 251.01 2.55 -0.29 -0.19 
0.19 24.57 293.26 1.03 -0.27 -1.14 
-6.32 -9.11 300.87 -0.01 -0.49 0.31 
-9.55 -9.66 293.10 -0.27 -0.89 0.58 
-6.43 -4.29 293.89 0.25 -0.81 0.17 
-11.87 -15.82 297.58 0.20 -1.14 0.08 
-8.04 -43.64 292.36 0.00 -0.69 -0.13 
2.93 -22.72 260.75 0.71 -0.11 0.40 
-39.70 29.37 228.34 3.75 -0.01 0.00 
-32.76 44.34 260.49 1.28 0.05 -1.45 
-8.12 -16.01 268.75 0.22 -0.62 0.16 
9.96 -11.54 267.89 0.16 -1.26 0.83 
0.71 -4.83 272.29 0.38 -0.75 0.12 
-7.58 -22.75 276.85 0.31 -1.11 -0.04 
7.66 -49.06 272.02 0.42 -0.72 -0.16 
-21.52 -4.06 210.40 2.36 0.33 1.17 
-42.70 46.24 217.42 1.92 -0.51 -2.03 
-11.59 -5.80 243.77 0.55 -0.62 -0.79 
-3.79 -24.52 244.71 0.70 -0.72 0.41 
2.60 -7.39 243.68 0.62 -0.88 0.39 
-10.56 -4.77 246.39 0.68 -0.88 0.00 
-21.91 -30.26 251.06 0.52 -0.93 -0.52 
25.60 -50.09 222.02 0.35 -0.17 -0.15 
-10.22 17.79 191.15 2.78 0.14 0.09 
-42.88 46.21 202.13 1.79 -0.35 -1.49 
0.84 -6.59 234.61 0.46 -0.37 -0.50 
-1.42 -17.20 232.74 0.55 -0.88 0.60 
5.26 -3.84 235.46 0.53 -0.99 0.08 
-4.24 -8.81 241.17 0.56 -0.82 -0.11 
-8.32 -22.68 242.53 0.21 -0.90 -0.45 
11.25 -62.82 196.58 0.42 -0.04 0.15 
-33.92 40.08 175.97 2.23 -0.07 -0.59 
-25.33 32.08 175.87 1.40 -0.60 -0.94 
-6.30 -6.15 206.67 0.41 -0.63 -0.41 
15.22 -32.60 219.47 0.82 -0.86 0.04 
-1.52 -2.34 -287.14 1.04 0.05 -0.12 
-3.82 -1.11 -288.03 0.99 0.05 -0.09 
-1.66 -4.74 -283.38 1.03 0.02 -0.13 
-31.90 -4.61 -278.18 1.02 0.00 -0.19 
6.38 -4.27 -279.16 1.01 0.03 -0.25 
3.85 -3.48 -284.53 1.02 0.00 -0.31 
-5.17 0.20 -285.93 1.03 0.04 -0.31 
-13.21 -6.45 -280.53 1.01 -0.07 -0.32 
4.49 -1.45 -284.09 1.01 0.25 -0.17 
9.12 -1.55 -284.52 1.08 0.15 -0.16 
-1.36 2.75 -280.74 1.24 0.00 -0.01 
8.80 2.03 -248.38 1.04 -0.55 -0.39 
7.73 -61.93 -252.03 1.32 0.80 0.01 
-47.09 45.97 -249.63 2.58 0.77 -1.17 
-27.02 45.03 -229.37 1.55 -0.20 -1.60 
2.66 -19.92 -222.20 0.63 -0.12 -0.45 
11.26 -41.02 -216.31 0.71 -1.08 -0.06 
5.56 -7.93 -219.88 0.99 -0.55 0.06 
4.37 -17.61 -217.23 0.50 -0.87 -0.42 
12.08 -41.74 -216.45 0.64 -0.20 -0.34 
-25.63 10.71 -226.94 2.32 0.59 -0.08 
-47.51 46.05 -220.62 1.78 -0.04 -1.31 
-12.87 5.47 -192.89 0.92 -0.36 -0.82 
-11.61 -17.67 -183.98 0.57 -0.58 0.35 
5.44 -3.07 -183.04 0.69 -0.65 0.64 
-2.96 -14.71 -177.80 0.70 -0.86 -0.07 
19.86 -62.86 -181.02 0.90 -0.71 -0.28 
-12.54 -32.94 -210.73 1.41 0.10 0.06 
-46.94 45.67 -195.67 2.38 0.59 -1.05 
-21.67 41.94 -164.54 1.14 -0.26 -1.55 
-8.09 8.24 -148.34 0.15 -0.31 -0.10 
0.13 -10.69 -148.28 0.44 -0.99 0.62 
7.42 -2.73 -145.12 0.53 -0.83 0.24 
-2.24 -11.11 -140.98 0.53 -0.92 -0.08 
9.51 -48.68 -140.55 0.76 -0.87 -0.21 
-35.36 -55.82 -208.74 2.10 0.21 0.28 
-47.55 45.98 -206.27 2.15 0.15 -1.17 
-20.30 16.93 -176.87 0.86 -0.55 -0.93 
-4.39 -7.85 -168.50 0.55 -0.41 0.24 
2.67 -8.60 -168.87 0.70 -0.99 0.32 
43.91 -41.95 -142.08 0.11 -0.54 0.48 
4.03 -46.09 -115.78 0.61 -0.98 -0.06 
-13.25 -60.89 -106.36 0.43 -0.77 -0.37 
-10.25 -51.06 -143.58 1.17 -0.07 0.18 
-71.39 70.42 -121.14 2.20 0.04 -1.68 
-2.12 1.52 -105.55 0.95 -0.47 -0.86 
-10.50 -12.74 -101.85 0.11 -0.64 0.43 
0.86 -7.04 -102.22 0.53 -0.99 0.47 
-2.28 -3.45 -100.29 0.67 -0.75 0.20 
-7.38 -10.08 -92.57 0.70 -1.05 0.05 
-11.66 -60.16 -95.79 0.29 -0.59 -0.51 
-3.33 2.17 -132.74 1.77 -0.19 0.65 
-42.45 45.89 -133.39 2.47 -0.30 -1.20 
12.27 26.77 -107.37 0.91 -0.20 -0.91 
-8.59 -22.65 -90.48 0.14 -0.50 0.28 
-6.61 -4.58 -91.88 0.35 -1.01 0.76 
-5.00 0.05 -90.70 0.45 -0.89 0.25 
-10.15 -19.20 -86.15 0.51 -0.94 0.08 
-5.32 -61.51 -99.81 0.64 -0.58 -0.39 
-29.84 23.60 -137.93 2.92 0.69 0.53 
-48.72 48.57 -120.53 0.77 -0.28 -1.02 
-2.24 0.05 -110.36 0.37 -0.26 0.18 
5.74 -11.07 -110.48 0.41 -0.77 0.66 
1.78 -5.16 -102.17 0.65 -0.72 0.40 
-8.52 -17.74 -94.50 0.58 -0.78 0.08 
10.28 -50.15 -93.30 0.77 -0.56 -0.25 
-116.58 42.99 29.47 0.68 -0.39 -0.87 
-244.64 310.66 145.47 2.09 -0.06 -1.61 
-10.83 24.47 168.68 0.59 -0.28 -0.90 
-4.61 -17.36 175.71 0.31 -0.41 0.01 
2.96 -11.96 174.58 0.20 -0.81 0.95 
-3.13 -3.51 174.71 0.47 -0.71 0.33 
-7.48 -43.93 176.31 0.57 -0.97 -0.24 
11.29 -50.57 165.56 0.63 -0.33 0.02 
-50.96 24.99 134.65 2.98 0.59 0.15 
-22.90 44.98 166.99 1.06 -0.17 -1.07 
-8.87 -10.19 174.11 0.58 -0.82 0.18 
-7.76 -20.44 182.71 0.60 -0.94 -0.11 
4.93 -61.87 166.37 0.57 -0.42 -0.18 
26.47 -5.36 115.78 1.48 -0.54 0.60 
-56.03 70.35 158.52 1.58 -0.29 -1.38 
15.48 -109.77 169.77 0.40 -0.77 -0.30 
-1.46 -14.00 115.42 1.22 -0.07 0.95 
-47.80 45.76 119.84 3.05 -0.14 -1.30 
1.51 24.96 140.47 0.77 -0.11 -1.02 
0.07 -15.85 139.28 0.25 -0.73 0.41 
1.22 -6.62 137.58 0.54 -0.89 0.68 
58.76 -135.04 146.28 0.61 -0.50 -0.15 
15.53 -25.94 118.62 1.34 0.50 0.46 
-47.23 45.60 108.54 2.97 0.32 -1.36 
-23.68 36.53 144.36 1.10 -0.19 -1.06 
1.93 -17.55 149.46 0.14 -0.60 0.77 
0.40 -6.79 146.16 0.40 -0.77 0.59 
3.33 -35.31 140.98 0.47 -0.70 -0.06 
-94.33 185.50 278.36 0.76 -0.31 -0.99 
1.78 -9.52 285.72 0.18 -0.58 1.24 
-2.40 -7.17 287.30 0.54 -0.62 0.46 
-5.91 -18.79 294.27 0.50 -0.81 0.15 
3.80 -49.53 294.34 0.59 -0.63 -0.20 
17.18 -22.33 298.61 0.97 -0.27 0.02 
-46.95 35.21 263.46 3.50 0.44 -1.09 
-39.32 56.18 299.88 1.17 -0.51 -0.95 
-12.51 4.31 315.47 -0.12 -0.48 0.14 
1.77 -6.69 315.93 0.36 -0.76 0.51 
-18.22 -23.18 322.55 0.66 -1.12 0.18 
-8.58 -49.12 323.36 0.33 -0.52 -0.08 
-0.09 -42.64 313.71 1.29 -0.19 0.02 
-59.59 57.51 308.98 2.38 -0.29 -0.91 
-17.06 41.64 324.46 0.85 -0.25 -1.29 
2.04 -15.82 -327.26 0.54 -0.67 0.44 
5.04 -10.00 -326.88 0.64 -0.93 0.61 
1.29 -5.62 -322.60 0.74 -0.63 0.23 
-11.62 -27.16 -309.82 0.61 -0.83 -0.11 
0.28 -59.35 -320.60 0.32 -0.06 -0.23 
-13.87 30.40 302.50 2.42 0.58 0.35 
-47.54 43.46 -326.02 2.07 -0.36 -1.21 
16.97 -31.45 -325.99 0.24 -1.09 0.35 
-1.34 -23.44 -319.83 0.51 -0.93 -0.02 
7.94 -56.99 323.66 0.84 -0.58 -0.08 
-11.14 -24.26 290.52 1.51 0.01 0.66 
-47.50 41.75 284.42 2.30 -0.04 -0.42 
-22.45 42.36 327.61 1.48 -0.25 -1.34 
-7.29 -6.37 316.01 -0.18 -0.92 0.83 
-4.44 -10.56 319.45 0.30 -0.96 0.11 
1.04 -49.89 -323.70 0.23 -1.15 0.00 
-7.09 -35.99 327.57 0.30 -0.40 0.00 
-12.09 -21.75 286.14 1.30 0.16 0.67 
-47.87 38.65 272.86 1.92 -0.35 -0.51 
-0.48 20.43 295.65 0.55 -0.57 -0.33 