2.22 -3.03 36.55 1.02 0.12 -0.23 
-74.71 -3.78 168.14 1.52 0.21 -0.13 
-81.00 -2.77 -157.49 1.15 0.10 -0.41 
96.37 -3.34 -149.09 1.18 0.00 -0.16 
17.85 -2.82 -152.00 0.94 0.13 -0.28 
11.52 -2.97 -154.74 1.07 0.15 -0.24 
10.01 -3.03 -156.37 1.05 0.20 -0.14 
11.10 -3.15 -155.73 1.05 0.09 -0.15 
22.23 -2.93 -135.40 1.27 -0.32 -0.18 
215.72 -2.38 -93.21 1.55 -0.71 -0.48 
255.28 -2.16 -46.74 0.42 -0.30 -0.17 
62.92 -2.31 -34.25 0.33 0.04 0.27 
-60.96 -1.23 -31.02 0.50 -0.44 0.93 
-42.46 -1.32 -38.84 0.44 -0.27 0.59 
3.75 -0.80 -55.27 0.69 -0.80 1.25 
150.27 0.49 -60.69 -0.14 -0.47 0.83 
101.14 -0.02 -55.08 0.03 -0.24 0.65 
-46.52 0.58 -30.88 -0.06 0.28 0.38 
-70.13 -1.11 -14.73 0.14 0.02 0.27 
-205.83 -1.93 1.44 0.96 0.00 1.13 
46.49 -0.69 -16.64 0.47 -0.20 1.08 
-45.90 -0.47 -42.32 0.33 -1.12 0.84 
-66.13 -0.37 -44.13 0.08 -0.48 0.43 
0.70 0.12 -33.71 -0.05 -0.63 0.73 
-23.59 -1.68 -14.56 1.10 -1.66 0.67 
172.33 -1.03 -14.90 0.45 -0.38 0.76 
-49.90 -1.74 -14.92 0.65 -0.40 0.57 
105.02 -0.47 -37.28 0.09 0.40 0.32 
-71.12 -0.26 -64.11 0.00 0.16 0.35 
-207.84 -1.94 -71.49 0.46 -0.12 0.54 
12.61 -0.34 -64.70 0.19 -0.76 1.02 
-48.07 -0.46 -37.79 0.26 -1.27 1.01 
21.32 -1.50 -20.65 0.72 -0.42 1.01 
12.99 -2.47 -21.55 0.32 0.17 0.06 
-112.42 -2.02 -32.85 0.85 -0.39 0.68 
77.15 -0.26 -67.52 0.34 -1.07 0.97 
77.34 0.88 -74.96 -0.20 -0.48 0.32 
111.37 -0.15 -65.15 0.12 0.00 0.93 
20.82 -0.53 -37.20 0.12 -0.26 0.40 
-53.50 -0.66 -22.61 0.15 0.44 0.27 
-244.98 -2.36 -10.98 1.34 -0.53 0.79 
-32.79 -0.89 -40.19 0.64 -0.49 1.22 
-14.73 0.20 -60.63 0.02 -0.63 0.52 
-38.45 -0.10 -38.79 0.00 -0.69 0.67 
60.08 -1.51 -10.33 0.79 -1.09 0.75 
95.63 -2.06 1.42 0.95 -0.44 0.55 
126.32 -1.10 -4.33 0.42 -0.26 0.71 
157.59 -0.86 -24.79 0.24 0.17 0.55 
-130.47 -1.33 -43.33 0.22 0.27 0.23 
-58.65 -0.48 -66.95 0.15 -0.70 0.66 
-120.90 -0.62 -59.83 0.16 -0.33 0.78 
38.28 -0.48 -45.03 0.33 -1.34 0.95 
142.34 -1.74 -28.15 0.82 -0.98 0.27 
-30.44 -2.82 -24.42 0.40 0.10 0.10 
-112.36 -2.17 -32.88 0.94 -0.26 0.65 
26.06 -0.70 -63.26 0.57 -1.18 0.54 
50.17 -0.20 -77.43 0.28 -0.74 0.84 
-3.17 0.17 -57.35 0.01 -0.48 0.51 
54.58 0.63 -29.49 -0.11 0.13 0.35 
-50.46 -1.95 -11.93 0.22 0.06 0.22 
-14.02 -2.02 -6.90 1.27 -0.68 0.93 
-164.70 -1.32 -19.67 0.78 -0.11 1.32 
1.53 -0.35 -48.68 0.26 -0.85 0.85 
-21.82 0.32 -57.41 -0.09 -0.35 0.47 
-39.13 0.02 -42.89 -0.02 -0.52 0.86 
63.91 -1.01 -8.15 0.53 -1.18 0.85 
255.28 -1.93 -5.00 0.81 -0.35 0.56 
-10.08 -1.57 -8.66 0.58 -0.35 0.65 
84.92 -1.20 -32.01 0.32 0.23 0.48 
-167.59 -1.35 -58.13 0.29 0.05 0.47 
-5.33 -0.25 -83.00 0.06 -0.30 0.54 
35.56 -0.51 -88.88 0.12 -0.12 0.82 
-222.88 -0.46 -79.36 0.24 -2.03 0.75 
177.34 -1.34 -55.85 0.63 -0.67 0.74 
73.53 -2.13 -45.44 0.61 -0.23 0.37 
-55.74 -1.66 -54.13 0.61 -0.35 0.63 
-98.57 -1.75 -71.01 0.78 -0.40 0.76 
-113.82 -1.13 -95.45 0.67 -0.81 0.68 
189.06 0.67 -107.26 -0.19 0.10 1.03 
-112.05 -0.38 -99.60 0.12 -0.39 0.80 
73.59 0.51 -78.01 -0.07 0.05 0.66 
36.34 -0.62 -57.07 0.10 0.00 0.42 
-73.33 -2.13 -42.23 0.95 0.06 0.81 
-145.30 -1.69 -51.72 0.79 0.02 0.94 
38.56 -0.27 -75.49 0.21 -0.95 0.61 
-40.90 -0.09 -78.40 0.00 -0.29 0.52 
14.54 0.06 -60.83 -0.05 -0.56 0.48 
130.82 -1.82 -39.18 1.07 -1.07 0.62 
145.40 -2.20 -34.70 1.34 -0.79 0.43 
66.30 -1.05 -41.39 0.40 -0.33 0.61 
-31.08 -0.50 -57.81 0.15 0.38 0.67 
-56.96 -0.99 -80.81 0.17 0.15 0.39 
-19.07 -0.26 -98.86 0.13 -0.53 0.62 
41.80 0.09 -100.73 -0.09 -0.29 0.85 
-195.30 -0.78 -78.52 0.42 -1.11 1.12 
45.42 -1.75 -51.25 0.72 -0.57 0.62 
-81.16 -1.62 -51.95 0.40 -0.16 0.46 
-139.37 -1.30 -61.56 0.61 -0.55 0.73 
-10.22 -0.74 -82.48 0.51 -1.21 0.50 
-14.36 -0.48 -87.47 0.22 -0.64 0.78 
238.34 -0.23 -89.02 0.25 -0.71 0.55 
55.04 0.03 -73.05 0.00 -0.41 0.44 
4.91 -0.78 -45.21 0.22 -0.19 0.65 
12.41 -0.21 -84.78 0.04 -0.16 0.42 
-79.46 0.03 -69.59 0.00 -0.44 0.60 
-95.85 -0.51 -70.12 0.29 -1.71 0.81 
-83.17 -0.63 -116.43 0.57 -1.20 0.63 
62.52 -0.20 -121.78 0.19 -0.84 0.78 
131.96 -0.50 -113.70 0.21 -0.41 0.51 
-39.52 0.45 -92.11 -0.08 0.14 0.39 
56.15 -0.87 -75.63 0.34 -0.55 0.64 
-163.13 -0.61 -66.36 0.34 1.11 0.78 
-35.78 -1.25 -70.22 0.86 -0.23 1.38 
-46.40 -0.80 -90.50 0.61 -1.12 0.79 
-5.06 -0.34 -105.94 0.13 -0.58 0.61 
64.46 -0.42 -108.42 0.10 -0.21 0.43 
-107.62 -0.07 -101.52 0.00 -0.78 0.69 
129.93 -1.50 -64.24 0.91 -1.00 0.72 
147.56 -2.37 -57.26 0.99 -0.73 0.42 
74.67 -1.09 -58.37 0.47 0.38 0.70 
5.40 -1.31 -69.54 0.52 -0.12 0.76 
26.60 -1.10 -91.54 0.40 0.04 0.71 
-75.19 -0.40 -114.57 0.08 0.03 0.56 
-58.82 0.08 -133.87 -0.03 -0.24 0.34 
-23.88 -0.89 -143.43 0.22 -0.81 0.42 
-69.42 -1.01 -120.63 0.63 -1.31 0.88 
128.86 -1.55 -98.66 0.86 -0.90 0.66 
97.41 -1.69 -84.92 0.47 -0.18 0.44 
-75.10 -1.54 -88.40 0.40 -0.24 0.48 
57.56 -1.94 -69.57 0.85 -0.66 0.64 
146.56 -1.69 -67.38 0.57 -0.34 0.43 
152.69 -0.96 -86.62 0.37 -0.26 0.57 
59.87 -0.40 -115.03 0.14 0.03 0.62 
8.50 1.14 -136.38 -0.11 0.04 0.22 
-123.32 -0.36 -155.67 0.15 -0.83 0.80 
-45.58 -1.04 -161.41 0.31 -0.25 0.85 
-53.19 -1.11 -134.99 0.71 -1.08 0.90 
30.79 -1.64 -115.85 0.72 -0.84 0.52 
26.79 -1.91 -110.92 0.66 -0.27 0.52 
-55.88 -1.96 -118.23 0.67 -0.40 0.43 
-97.59 -1.13 -140.16 0.65 -0.99 0.57 
-50.72 -0.96 -156.08 0.71 -1.11 0.94 
208.42 0.13 -155.39 0.01 -0.62 0.35 
39.47 0.08 -144.84 0.00 0.03 0.53 
-58.51 -0.04 -118.83 0.00 0.02 0.61 
2.96 -0.75 -97.43 0.28 -0.30 0.70 
-126.46 -1.97 -84.30 0.61 -0.08 0.56 
-31.65 -1.07 -92.89 0.70 -0.64 0.93 
-64.47 -1.42 -117.83 0.86 -0.73 0.97 
25.12 -0.05 -133.00 0.05 -0.80 0.49 
-29.09 -0.70 -133.49 0.24 -0.52 0.55 
105.27 -0.83 -115.14 0.35 -1.04 0.44 
-10.38 -1.40 -96.99 0.69 -0.99 0.58 
133.50 -1.73 -86.07 0.89 -0.68 0.57 
104.42 -1.10 -97.28 0.46 -0.41 0.69 
42.43 -1.02 -108.04 0.41 0.09 0.75 
60.82 0.35 -136.58 -0.06 0.03 0.45 
-62.41 -0.01 -158.34 -0.01 0.05 0.64 
-15.39 -0.76 -173.95 0.21 -0.42 0.68 
-47.56 -0.75 -164.45 0.33 -0.67 0.81 
13.44 -1.08 -136.57 0.64 -1.15 0.83 
96.45 -2.01 -117.44 1.03 -0.66 0.53 
12.70 -1.62 -119.93 0.42 -0.25 0.41 
160.75 -0.23 -179.27 0.26 -0.93 0.43 
-83.82 -1.08 -172.22 0.42 -0.12 0.85 
173.43 -0.67 -163.38 0.27 -0.43 0.54 
21.52 -0.25 -145.95 0.09 -0.01 0.64 
55.59 -0.19 -125.24 0.06 -0.12 0.57 
-33.10 -1.58 -110.51 0.37 0.10 0.49 
-99.41 -2.32 -105.02 0.76 -0.09 0.61 
-68.63 -1.76 -113.72 1.10 -0.47 0.93 
-64.51 -0.88 -132.46 0.70 -1.09 0.91 
27.43 0.00 -145.65 0.02 -0.52 0.52 
-70.40 -0.75 -142.65 0.20 -0.50 0.51 
25.74 -0.90 -129.01 0.33 -0.90 0.50 
80.92 -1.93 -106.29 1.06 -1.02 0.36 
37.79 -2.07 -97.16 1.16 -0.86 0.60 
253.52 -1.39 -115.75 0.53 -0.53 0.43 
-112.16 -1.53 -117.38 0.68 -0.13 0.86 
115.43 -0.88 -135.88 0.46 -0.34 0.72 
22.60 1.03 -155.03 -0.18 0.13 0.39 
100.38 -0.49 -175.77 0.11 -0.30 0.58 
-99.45 -1.04 -174.41 0.17 -0.09 0.75 
-113.96 -0.60 -159.51 0.29 -1.11 1.08 
118.55 -1.50 -132.99 0.89 -0.93 0.78 
5.49 -2.39 -125.09 0.55 -0.09 0.31 
-43.66 -1.60 -136.19 0.62 -0.50 0.60 
-66.17 -1.60 -154.60 0.97 -0.86 0.74 
8.34 -0.41 -165.40 0.38 -0.69 0.84 
-6.73 -0.30 -170.43 0.22 -1.15 0.33 
99.27 -0.69 -162.32 0.32 -0.45 0.75 
65.53 -0.04 -139.55 0.03 -0.18 0.40 
89.07 -0.12 -115.29 0.04 -0.06 0.50 
-13.00 -2.15 -100.97 0.34 0.04 0.28 
-203.92 -1.92 -96.72 0.87 -0.51 0.71 
-114.08 -1.82 -115.15 1.22 -1.00 0.72 
32.34 -0.32 -133.47 0.35 -1.16 0.51 
80.48 -0.66 -144.65 0.13 -0.32 0.29 
-57.11 -0.83 -137.55 0.26 -0.74 0.52 
-15.15 -1.49 -113.10 0.78 -0.98 0.77 
64.88 -1.91 -95.00 1.00 -0.81 0.59 
103.17 -1.99 -95.92 0.73 -0.32 0.48 
19.63 -1.04 -102.54 0.36 -0.57 0.41 
37.58 -1.33 -116.02 0.57 -0.25 0.65 
67.96 -1.35 -145.48 0.27 0.00 0.36 
-134.51 -0.70 -157.84 0.14 -0.36 0.42 
45.25 -1.22 -172.88 0.49 -0.43 0.85 
15.77 -1.18 -144.21 0.77 -1.13 0.94 
79.24 -1.88 -117.63 0.97 -0.59 0.74 
18.63 -1.72 -112.34 0.25 -0.10 0.22 
-34.53 -1.55 -120.98 0.56 -0.40 0.65 
-151.48 -1.57 -135.58 0.87 -0.78 0.80 
-60.18 -0.64 -150.03 0.48 -1.08 0.81 
102.39 -0.51 -143.82 0.35 -0.72 0.51 
103.63 -0.02 -133.37 0.02 -0.37 0.48 
9.77 -0.41 -106.99 0.06 -0.06 0.38 
50.17 -0.70 -85.02 0.25 -0.14 0.67 
-133.78 -1.88 -77.14 0.46 0.14 0.53 
-92.91 -2.14 -86.73 0.97 -0.36 0.64 
-73.15 -0.38 -96.76 0.73 -1.57 1.02 
67.78 -1.14 -123.17 0.50 -0.71 0.47 
51.45 -0.87 -134.85 0.17 -0.25 0.35 
-46.24 -0.86 -124.17 0.27 -0.53 0.52 
-80.24 -1.34 -86.53 0.66 -1.23 0.49 
106.97 -1.64 -67.81 0.93 -1.08 0.51 
115.85 -2.20 -63.14 0.89 -0.52 0.41 
152.64 -1.78 -72.24 0.55 -0.19 0.39 
-91.05 -1.75 -92.65 0.59 -0.13 0.58 
-40.08 -0.38 -117.02 0.09 -0.14 0.41 
-130.17 -1.66 -137.67 0.31 -0.20 0.47 
-138.85 -1.37 -134.05 0.57 -0.81 0.69 
55.69 -0.23 -121.97 0.15 -0.76 0.90 
96.35 -1.79 -98.49 1.05 -0.86 0.64 
53.10 -1.46 -86.54 0.43 -0.20 0.48 
-51.07 -1.38 -95.22 0.28 -0.02 0.49 
-156.89 -1.59 -120.85 1.09 -1.09 0.80 
-56.31 -0.78 -137.75 0.90 -1.55 0.57 
7.92 -0.20 -148.65 0.10 -0.70 0.58 
112.53 -1.10 -140.04 0.48 -0.51 0.61 
159.86 0.33 -121.97 -0.04 -0.28 0.38 
-9.20 -0.18 -98.89 0.03 0.04 0.52 
49.56 -0.74 -80.18 0.19 0.03 0.57 
-244.98 -2.12 -78.28 0.43 -0.20 0.34 
-170.44 -1.52 -88.85 0.96 -0.85 0.95 
26.36 -1.48 -113.12 1.27 -1.32 0.67 
38.14 -0.27 -131.94 0.12 -0.60 0.25 
35.19 -0.51 -134.89 0.10 -0.04 0.58 
-69.96 -0.67 -116.84 0.15 -0.42 0.38 
-25.30 -1.69 -107.99 0.99 -1.75 0.18 
196.21 -1.38 -89.43 0.82 -1.14 0.49 
122.58 -1.68 -89.23 0.66 -0.42 0.59 
117.47 -1.52 -94.70 0.44 -0.10 0.49 
-36.53 -1.33 -110.15 0.52 -0.14 0.70 
14.82 -0.40 -140.37 0.08 0.22 0.51 
-38.44 -0.70 -164.93 0.13 -0.10 0.52 
-122.85 -1.04 -175.26 0.32 -0.71 0.71 
-36.47 -1.03 -152.48 0.65 -1.37 0.76 
63.47 -1.65 -131.96 0.90 -1.05 0.66 
99.40 -2.30 -121.40 0.52 -0.14 0.27 
-64.46 -1.40 -125.53 0.53 -0.52 0.58 
-86.97 -1.76 -143.50 0.76 -0.60 0.57 
-8.53 -0.68 -159.00 0.63 -1.26 0.84 
29.02 -0.61 -164.39 0.38 -0.82 0.65 
63.62 -0.55 -143.31 0.08 -0.22 0.39 
30.83 -1.05 -141.85 0.25 -0.18 0.58 
-55.71 -0.89 271.62 0.28 -0.46 0.50 
20.91 -0.75 279.61 0.30 -0.66 0.57 
33.38 -1.44 291.09 0.59 -0.88 0.56 
-6.26 -1.62 311.88 0.92 -1.00 0.70 
153.56 -1.85 313.97 0.94 -0.75 0.60 
82.57 -1.74 312.14 0.88 -0.48 0.73 
75.20 -1.13 295.84 0.29 -0.16 0.44 
-47.04 -0.30 268.82 0.04 0.35 0.46 
-90.96 -0.27 251.47 0.07 -0.18 0.78 
7.28 -0.63 229.75 0.13 0.18 0.69 
-203.93 -1.28 230.34 0.34 -0.47 0.65 
-52.24 -0.61 250.43 0.40 -0.95 1.05 
159.27 -1.88 272.00 1.15 -0.83 0.93 
94.31 -1.54 284.82 0.54 -0.09 0.60 
-0.69 -0.82 287.66 0.16 -0.19 0.35 
-14.84 -1.30 283.55 0.53 -0.32 0.84 
-117.51 -1.37 258.70 0.70 -0.66 0.81 
-57.48 -1.55 238.13 0.72 -0.38 0.67 
-110.42 -1.14 224.54 1.08 -1.40 0.93 
59.45 -0.08 225.74 0.05 -0.01 0.60 
108.35 -0.04 241.96 0.08 -0.66 0.24 
-62.88 -0.51 265.97 0.07 -0.10 0.55 
45.88 -0.64 286.77 0.12 0.07 0.41 
-51.06 -1.50 290.76 0.41 0.17 0.54 
-143.36 -1.39 293.18 0.88 -0.77 1.03 
-67.12 -1.28 275.33 1.00 -1.05 0.95 
0.88 -0.39 254.61 0.12 -0.53 0.44 
-26.46 -1.01 254.58 0.25 -0.37 0.44 
22.40 -0.82 267.73 0.24 -0.63 0.45 
128.75 -1.50 278.89 0.82 -1.23 0.34 
52.45 -1.40 289.62 0.68 -0.67 0.74 
18.23 -1.35 295.14 0.56 -0.86 0.46 
17.22 -1.75 294.43 0.76 -0.45 0.59 
99.46 -0.73 281.20 0.36 -0.60 0.68 
1.50 -1.31 257.81 0.41 0.05 0.61 
-43.54 0.20 230.47 -0.02 -0.14 0.57 
-89.26 -0.68 212.20 0.12 -0.09 0.56 
39.17 -0.97 211.27 0.34 -0.53 0.73 
-226.39 -0.69 226.76 0.14 -0.36 0.90 
-52.17 -1.05 245.19 0.61 -1.39 0.84 
125.63 -1.73 262.36 0.93 -0.74 0.60 
54.35 -1.91 267.40 0.38 -0.10 0.31 
-28.87 -1.50 260.71 0.59 -0.50 0.65 
-117.87 -1.51 245.72 0.68 -0.40 0.81 
-58.53 -0.86 230.32 0.47 -0.93 0.47 
-23.16 -1.25 217.24 0.74 -0.78 0.82 
62.17 -0.81 215.63 0.49 -0.89 0.58 
51.07 -0.21 226.32 0.09 -0.50 0.47 
54.08 -0.63 242.48 0.14 0.04 0.53 
35.50 -0.29 256.35 0.11 0.03 0.70 
73.39 -0.96 266.09 0.18 0.00 0.40 
-83.86 -1.02 269.72 0.24 0.00 0.59 
-52.77 -1.09 265.92 0.66 -0.50 1.25 
-75.74 -1.19 248.72 0.63 -0.62 0.77 
9.17 -0.73 229.17 0.40 -0.61 0.82 
17.56 -0.91 222.25 0.21 -0.34 0.39 
-56.07 -1.20 230.97 0.40 -0.43 0.65 
-52.33 -1.00 246.34 0.44 -0.91 0.64 
62.30 -1.68 263.76 0.84 -0.79 0.57 
70.77 -1.45 271.72 0.63 -0.69 0.60 
2.34 -1.41 274.64 0.71 -0.79 0.64 
58.01 -1.41 267.67 0.52 -0.25 0.59 
61.87 -0.79 244.62 0.27 0.03 0.66 
26.00 -0.13 225.84 0.05 -0.11 0.54 
-80.07 -0.50 212.33 0.12 -0.14 0.60 
-55.84 -0.95 201.71 0.24 -0.14 0.84 
-19.23 -0.62 224.43 0.37 -0.92 1.04 
-106.52 -1.33 219.93 0.80 -0.86 1.00 
-66.30 -0.80 219.61 0.24 -0.50 0.59 
52.50 -1.69 243.79 1.15 -0.99 0.88 
69.14 -1.24 262.53 0.54 -0.61 0.59 
16.28 -1.73 277.82 0.73 -0.77 0.34 
164.45 -1.67 265.69 0.60 -0.23 0.50 
-43.14 -0.91 253.87 0.30 -0.08 0.69 
-3.13 -0.85 229.03 0.23 -0.23 0.47 
12.14 1.17 209.72 -0.12 0.00 0.21 
-244.98 -0.74 225.12 0.42 -1.28 0.80 
68.05 -0.90 241.01 0.58 -1.18 0.90 
98.35 -1.99 258.58 0.88 -0.43 0.65 
56.49 -1.60 267.01 0.30 -0.18 0.27 
-95.88 -1.72 263.19 0.66 -0.37 0.71 
-37.49 -1.04 245.67 0.72 -1.20 0.59 
41.93 -0.76 231.19 0.44 -0.85 0.63 
12.17 -0.70 223.80 0.36 -0.69 0.74 
37.97 -0.88 239.10 0.45 -0.70 0.70 
53.71 -0.31 249.14 0.09 -0.28 0.54 
27.77 1.11 278.65 -0.16 -0.09 0.30 
30.82 -1.23 292.21 0.33 0.00 0.55 
-68.15 -1.72 294.73 0.70 0.03 0.84 
-134.55 -1.29 278.47 0.80 -0.68 1.23 
0.32 -0.75 265.73 0.52 -1.01 0.75 
71.75 -0.51 254.57 0.20 -0.42 0.57 
-106.77 -0.74 261.71 0.21 -0.34 0.61 
-36.14 -1.09 281.03 0.50 -0.94 0.75 
30.82 -1.16 301.35 0.55 -0.97 0.55 
80.58 -1.19 312.47 0.53 -0.52 0.91 
-2.65 -1.27 317.14 0.37 -0.44 0.51 
77.11 -0.69 309.75 0.21 -0.29 0.53 
-42.57 -1.00 285.05 0.17 0.17 0.38 
36.74 0.15 265.59 -0.04 -0.22 0.56 
-196.87 -1.00 260.84 0.25 -0.37 0.79 
-128.75 -0.77 278.92 0.49 -1.22 0.97 
68.90 -1.47 299.94 0.67 -0.86 0.63 
47.11 -2.15 312.06 0.57 -0.24 0.35 
-18.29 -0.52 319.26 0.28 -0.83 0.94 
45.48 -0.36 322.17 0.18 -0.49 1.01 
34.50 -1.02 319.47 0.42 -0.48 0.72 
81.37 -0.81 315.89 0.29 -0.26 0.62 
-14.45 -0.65 298.57 0.18 -0.07 0.57 
11.32 0.00 274.28 0.00 -0.21 0.61 
-112.63 -0.13 256.56 0.03 -0.41 1.36 
1.85 0.18 252.12 -0.07 -0.42 0.95 
57.17 0.14 261.71 -0.08 -0.38 0.85 
161.05 0.57 288.88 -0.02 0.05 0.19 
-73.01 -1.19 306.31 0.22 0.21 0.41 
-60.34 -1.71 310.17 0.79 -0.52 0.74 
-150.53 -1.81 284.93 1.20 -0.85 0.89 
-54.07 -0.86 265.14 0.68 -1.22 0.42 
37.56 -0.76 249.32 0.48 -0.95 0.60 
117.41 -0.64 251.42 0.39 -0.77 0.52 
85.54 -0.12 266.20 0.07 -0.09 0.39 
-10.34 0.05 284.10 0.00 0.08 0.64 
14.91 -0.36 303.52 0.14 -0.06 0.80 
-39.61 0.08 315.86 -0.02 -0.01 0.52 
-52.62 -1.13 322.83 0.19 0.11 0.40 
-155.29 -1.83 320.49 1.00 -0.46 0.99 
-138.11 -1.03 299.37 1.09 -1.53 1.13 
52.05 -0.56 273.73 0.16 -0.44 0.55 
-21.67 -0.66 274.89 0.11 -0.20 0.42 
32.70 -0.83 297.11 0.38 -1.15 0.55 
33.11 -0.03 259.82 0.04 -0.07 0.64 
39.88 0.19 240.89 -0.05 0.12 0.77 
54.80 0.49 221.68 -0.17 -0.05 0.68 
-13.60 -0.46 212.67 0.07 0.20 0.57 
-108.04 -1.23 213.15 0.41 -0.60 0.70 
-96.64 -0.59 231.01 0.29 -0.90 0.96 
66.74 -1.48 255.99 0.93 -1.05 0.85 
111.88 -1.47 274.01 0.53 -0.37 0.51 
-47.17 -1.21 262.85 0.25 -0.03 0.48 
-208.46 -1.50 244.47 0.74 -0.48 0.93 
-124.11 -0.67 226.37 0.81 -1.52 0.49 
-35.65 -0.78 210.52 0.45 -0.97 0.68 
125.00 -0.30 214.37 0.27 -0.81 0.40 
64.70 -0.18 230.14 0.04 -0.28 0.40 
53.97 -0.79 252.89 0.15 -0.08 0.51 
86.02 -0.70 274.07 0.34 -0.15 0.71 
-187.40 -1.46 279.46 0.48 0.05 0.82 
-108.53 -1.48 267.62 0.89 -0.44 1.16 
7.01 -0.44 244.97 0.34 -0.75 0.87 
34.61 1.08 228.97 -0.17 -0.12 0.31 
-29.29 -0.85 230.85 0.14 -0.25 0.44 
6.59 -1.46 244.16 0.60 -1.07 0.42 
160.72 -1.77 268.15 1.05 -1.04 0.55 
12.34 -0.97 284.10 0.43 -0.60 0.66 
233.60 -0.93 289.83 0.31 -0.21 0.56 
14.11 -0.50 276.72 0.18 0.00 0.84 
29.11 -0.62 259.97 0.23 -0.17 0.76 
38.94 0.73 239.25 -0.18 0.00 0.65 
-82.62 -0.32 219.92 0.09 -0.32 0.61 
4.27 0.34 207.53 -0.06 -0.22 0.39 
-109.95 -1.29 197.41 0.39 -0.67 1.10 
-10.14 -0.87 215.04 0.44 -0.74 1.05 
86.79 -1.55 242.28 0.92 -1.00 0.63 
49.36 -1.57 257.24 0.48 -0.14 0.54 
-56.72 -1.57 253.32 0.42 -0.24 0.52 
-97.24 -1.24 243.23 0.63 -0.42 0.91 
-68.99 -0.45 231.45 0.35 -1.21 0.47 
42.72 -0.73 216.39 0.33 -0.73 0.60 
80.50 -0.48 222.34 0.34 -0.54 0.90 
92.69 -0.38 252.00 0.34 -0.75 0.57 
180.09 0.79 268.14 -0.09 0.35 0.27 
-109.30 1.53 296.88 -0.21 0.18 0.19 
-215.61 -1.60 297.98 0.26 0.21 0.26 
-122.47 -1.55 276.31 0.99 -0.71 1.31 
-38.51 -0.78 258.92 0.65 -1.14 0.70 
0.37 -0.99 245.06 0.56 -0.77 0.70 
119.92 -0.83 235.31 0.13 -0.14 0.28 
-122.56 -0.24 241.94 0.01 -0.02 0.51 
-53.20 -1.38 267.96 0.73 -1.30 0.69 
138.17 -1.62 283.95 0.91 -0.92 0.59 
191.95 -1.48 287.49 0.77 -0.77 0.69 
58.16 -1.29 283.64 0.53 -0.28 0.74 
64.30 -1.06 268.14 0.34 0.04 0.65 
-24.60 -1.00 249.18 0.19 0.02 0.38 
-163.88 -0.52 236.73 0.21 -0.56 0.64 
45.58 0.44 210.69 -0.15 -0.22 0.61 
-145.87 -0.84 218.23 0.37 -0.88 0.87 
-32.27 -0.54 234.64 0.17 -1.10 0.85 
147.56 -1.75 254.27 0.97 -0.95 0.65 
44.22 -1.77 266.60 0.41 -0.26 0.28 
-97.59 -1.53 250.96 0.41 -0.27 0.55 
-67.65 -1.54 230.84 1.28 -1.36 0.73 
-15.57 -0.95 216.32 0.74 -1.09 0.61 
40.16 -0.76 205.43 0.39 -0.59 0.66 
73.78 -0.46 201.87 0.29 -0.49 0.72 
-29.01 1.24 220.62 -0.22 0.07 0.34 
53.97 -0.10 238.55 0.06 -0.04 0.74 
-17.46 -0.56 251.09 0.22 0.15 0.82 
62.67 -0.33 262.76 0.08 0.28 0.34 
-174.55 -1.85 262.17 0.82 -0.48 0.75 
-97.56 -1.25 238.08 0.98 -1.14 0.95 
63.69 -0.38 213.81 0.29 -0.92 0.71 
76.79 0.74 205.73 -0.13 -0.14 0.29 
-61.65 -0.52 225.21 0.19 -0.54 0.67 
-85.43 -1.61 241.00 1.16 -2.04 0.49 
234.43 -2.63 240.19 1.82 -0.93 0.50 
156.28 -1.56 245.55 0.74 -0.60 0.56 
81.56 -0.99 238.33 0.27 -0.16 0.53 
-5.69 -0.45 223.21 0.16 0.26 0.70 
-15.10 0.33 202.87 -0.05 -0.14 0.42 
15.79 0.91 184.58 -0.21 -0.04 0.46 
-129.30 -1.49 172.60 0.29 0.00 0.73 
-75.21 -0.41 183.05 0.22 -1.10 1.19 
-20.49 -1.26 203.58 0.63 -1.26 0.70 
112.88 -1.52 218.77 0.75 -0.58 0.72 
19.55 -2.57 220.97 0.21 -0.07 0.08 
-119.88 -2.22 207.83 0.98 -0.35 0.64 
-47.49 -1.11 187.39 0.80 -0.96 0.49 
70.74 -0.77 178.42 0.72 -1.25 0.51 
37.05 -0.52 179.33 0.24 -0.51 0.63 
133.68 0.29 193.13 0.00 -0.42 0.59 
167.86 0.87 214.20 -0.13 0.21 0.31 
-72.76 -0.13 240.71 0.00 0.03 0.54 
79.05 -1.33 260.33 0.49 0.03 0.60 
-144.56 -2.27 260.34 0.88 -0.26 0.73 
-100.73 -0.86 239.65 0.75 -0.67 1.32 
-4.66 -0.73 222.34 0.53 -1.07 0.67 
40.66 0.58 210.45 -0.07 -0.20 0.20 
-87.16 -0.67 230.53 0.20 -0.56 0.57 
-50.11 -1.39 254.41 0.72 -1.07 0.74 
73.69 -1.78 273.34 0.89 -0.69 0.65 
94.46 -0.83 275.41 0.44 -0.56 0.78 
34.69 -0.80 267.34 0.13 0.30 0.18 
23.71 -0.50 259.44 0.35 -0.45 1.04 
76.30 0.81 237.08 -0.12 0.23 0.38 
-63.88 0.70 211.91 -0.19 0.08 0.43 
-12.40 -0.28 194.74 0.01 -0.21 0.51 
-58.85 -0.30 205.84 0.05 -0.79 1.00 
-15.71 -1.36 227.12 0.64 -1.23 0.68 
109.78 -1.52 249.04 0.76 -0.81 0.55 
32.59 -1.85 253.29 0.36 -0.21 0.25 
-37.08 -2.17 233.25 0.67 -0.49 0.28 
-26.69 -0.62 215.64 0.62 -1.42 0.58 
27.12 -0.53 200.66 0.45 -1.12 0.50 
110.82 -0.14 199.55 0.09 -0.60 0.49 
66.01 0.68 211.57 -0.16 -0.39 0.65 
53.65 0.25 230.26 -0.04 -0.12 0.46 
-46.11 0.04 256.54 -0.01 -0.02 0.47 
-43.62 -0.55 262.91 0.14 -0.02 0.52 
-137.62 -1.29 255.13 0.52 -0.41 1.07 
-51.04 -1.36 241.94 0.68 -0.59 0.83 
-57.94 -1.02 225.76 0.63 -0.93 0.66 
-15.36 -0.88 214.72 0.63 -0.97 0.76 
104.71 -0.26 205.12 0.10 -0.27 0.45 
38.10 -0.55 210.54 0.35 -0.66 0.94 
61.61 0.17 223.60 0.01 -0.21 0.69 
-5.11 0.33 249.50 -0.09 -0.10 0.63 
50.09 0.37 268.65 -0.05 0.03 0.37 
-108.67 -1.79 285.80 0.52 0.07 0.54 
-159.36 -1.82 280.43 0.95 -0.44 1.09 
-75.83 -1.46 261.97 0.92 -0.83 0.97 
5.22 -1.00 237.91 0.51 -0.69 0.73 
57.54 -0.11 229.79 0.04 -0.36 0.25 
-86.79 -0.60 240.10 0.21 -0.62 0.58 
111.69 -2.08 263.66 1.02 -1.00 0.68 
59.01 -1.67 282.10 0.85 -0.57 0.66 
95.50 -0.88 287.84 0.35 -0.49 0.60 
51.38 -1.11 286.38 0.44 -0.27 0.68 
14.20 -0.47 277.62 0.19 -0.21 0.65 
17.91 0.63 252.15 -0.14 -0.12 0.53 
27.65 1.03 225.89 -0.23 -0.06 0.44 
-47.07 -1.02 213.86 0.19 -0.36 0.62 
-92.62 -0.66 235.87 0.39 -1.23 1.12 
38.48 -1.73 258.75 0.98 -1.25 0.66 
74.63 -0.97 289.82 0.32 -0.42 0.50 
80.08 -0.83 290.96 0.24 -0.37 0.44 
-138.16 -1.85 262.97 1.27 -0.66 1.10 
-0.01 -0.61 249.06 0.55 -1.21 0.85 
84.05 -0.76 233.21 0.31 -0.53 0.52 
-24.54 0.33 239.79 -0.04 -0.23 0.14 
-26.49 -0.94 260.08 0.43 -1.02 0.83 
106.46 -1.58 278.08 1.25 -1.18 0.89 
96.92 -1.46 290.29 0.62 -0.55 0.68 
50.40 -1.17 291.61 0.32 0.04 0.55 
65.27 -0.70 274.00 0.27 -0.19 0.68 
15.45 0.69 253.47 -0.13 -0.05 0.49 
-10.27 -0.18 231.88 0.01 -0.08 0.61 
-139.01 -0.30 228.31 0.05 -0.49 0.85 
-66.69 -0.42 239.51 0.12 -0.80 0.98 
21.58 -1.26 261.70 0.83 -1.63 0.95 
121.11 -1.87 275.11 0.62 -0.13 0.49 
-10.53 -0.91 276.22 0.18 -0.21 0.36 
170.76 0.34 257.18 0.00 -0.27 0.55 
-8.88 0.20 277.80 -0.05 -0.07 0.47 
-1.61 0.07 295.82 -0.01 0.01 0.58 
49.84 -0.10 306.02 0.03 -0.10 0.43 
-152.27 -1.09 304.60 0.30 0.02 0.89 
-80.88 -1.98 292.80 1.15 -0.57 0.98 
-47.82 -0.96 280.22 0.82 -1.32 0.82 
39.96 -0.75 263.74 0.33 -0.61 0.50 
11.74 -0.87 260.07 0.14 -0.16 0.28 
-95.17 -0.52 269.40 0.12 -0.69 0.51 
135.14 -2.05 285.67 0.96 -0.65 0.49 
48.76 -1.94 302.90 1.04 -0.67 0.60 
174.66 -1.38 312.84 0.64 -0.59 0.44 
92.42 -0.57 300.61 0.18 0.09 0.51 
27.38 -0.59 276.15 0.12 0.00 0.52 
19.96 0.44 256.40 -0.09 0.05 0.43 
-64.17 -0.41 248.58 0.04 -0.47 0.79 
-156.03 -0.80 258.90 0.29 -1.39 0.95 
30.42 -1.62 281.91 1.13 -1.04 1.06 
112.43 -1.74 300.97 0.50 -0.25 0.35 
-118.43 -2.51 289.86 0.21 0.00 0.16 
-192.11 -2.29 268.04 1.61 -1.17 0.63 
-57.00 -0.63 255.32 0.76 -1.10 0.73 
81.43 0.01 254.79 0.08 -0.51 0.58 
130.63 0.43 273.10 -0.03 -0.65 0.36 
-7.71 1.75 290.49 -0.30 0.10 0.29 
-186.50 -1.02 306.39 0.10 -0.02 0.39 
40.84 -0.67 317.89 0.25 0.20 0.79 
-63.05 -1.87 319.91 0.98 -0.51 0.81 
-132.33 -1.67 305.03 1.22 -1.08 1.03 
49.14 -0.71 291.49 0.62 -1.07 0.73 
65.37 0.89 284.55 -0.11 -0.41 0.01 
-150.63 -0.89 298.88 0.24 -0.65 0.56 
-10.63 -1.65 326.42 1.09 -1.56 0.81 
110.08 -1.66 -315.79 0.67 -0.69 0.57 
42.21 -0.68 -308.67 0.28 -0.43 0.83 
71.09 -0.44 -310.94 0.19 0.37 0.65 
-4.73 -0.54 -324.86 0.17 -0.03 0.73 
81.85 1.80 310.20 -0.33 0.11 0.31 
-50.03 -0.93 293.16 0.10 0.07 0.46 
-49.91 -0.18 286.22 0.00 -0.38 0.88 
-114.83 -0.70 302.23 0.28 -1.28 0.99 
97.21 -1.94 324.92 1.28 -0.93 0.63 
57.85 -2.49 -320.46 0.50 -0.06 0.21 
-97.11 -1.76 319.88 0.57 -0.56 0.44 
-104.54 -1.31 310.67 1.08 -1.03 0.68 
-1.45 -0.97 299.06 0.86 -1.02 0.79 
59.21 -1.10 294.10 0.55 -0.80 0.65 
33.44 -0.01 305.27 0.10 -0.68 0.61 
24.40 0.24 -327.59 -0.02 -0.28 0.51 
-28.36 0.09 -304.10 -0.03 0.14 0.64 
-104.39 -0.05 -286.64 0.00 0.19 0.37 
-229.95 -1.66 -283.87 0.70 -0.79 0.50 
-109.00 -1.18 -299.87 0.68 -0.78 0.94 
5.41 -0.72 -321.51 0.71 -1.25 0.99 
79.95 0.28 321.46 -0.02 -0.54 0.19 
-62.70 -0.31 -318.58 0.10 -0.79 0.76 
2.09 -1.49 -296.64 0.84 -0.96 0.89 
178.00 -1.22 -277.60 0.67 -0.65 0.81 
61.04 -1.02 -269.47 0.34 -0.31 0.67 
43.01 -0.65 -270.73 0.35 -0.30 0.90 
102.58 -0.91 -286.84 0.26 -0.24 0.49 
-26.47 -0.46 -306.19 0.22 0.49 0.72 
49.87 1.29 322.41 -0.23 -0.21 0.33 
28.86 -0.37 305.92 0.07 -0.22 0.68 
-102.30 -0.84 306.15 0.20 -0.21 0.93 
-39.14 -0.87 326.25 0.43 -1.02 0.98 
58.75 -1.74 -309.92 1.08 -0.84 0.94 
61.27 -2.48 -300.71 0.60 -0.10 0.28 
-81.44 -1.72 -307.96 0.53 -0.35 0.53 
-100.43 -1.55 -323.14 1.00 -0.88 0.78 
21.92 -0.80 320.85 0.61 -0.91 0.84 
70.48 -0.57 317.17 0.33 -0.92 0.52 
27.14 -0.80 324.42 0.35 -0.39 0.83 
40.48 0.83 -312.67 -0.18 -0.16 0.43 
5.97 -0.79 -289.57 0.25 -0.24 0.72 
36.34 -0.51 -271.56 0.13 -0.13 0.54 
5.11 -1.20 -275.65 0.19 0.11 0.36 
-108.61 -1.20 -275.95 0.80 -0.61 1.23 
-107.27 -1.32 -293.86 0.68 -0.68 0.85 
-33.10 -1.11 -313.71 0.56 -0.78 0.55 
61.51 -0.74 -319.35 0.32 -0.64 0.46 
107.85 -1.76 -265.33 0.47 -0.24 0.50 
44.28 -1.67 -268.67 0.59 -0.22 0.58 
33.69 -0.72 -277.96 0.27 0.02 0.63 
-14.06 -0.44 -290.04 0.18 -0.19 0.63 
0.34 0.47 -315.59 -0.11 -0.18 0.53 
-23.76 0.20 323.92 -0.05 -0.16 0.53 
-130.43 -1.15 319.03 0.54 -1.11 0.75 
19.68 -0.68 -316.01 0.33 -0.91 0.91 
46.80 -1.47 -297.53 0.88 -0.54 0.99 
25.92 -2.05 -295.55 0.34 -0.11 0.25 
-34.11 -1.44 -303.30 0.58 -0.41 0.75 
-65.10 -0.21 -313.16 0.29 -1.22 0.84 
2.34 -1.37 -324.70 0.70 -0.65 0.65 
30.56 -0.91 323.21 0.55 -0.96 0.63 
72.74 -0.46 321.47 0.31 -0.30 0.94 
73.98 -0.63 327.02 0.29 -0.22 0.66 
54.92 0.89 -313.46 -0.18 -0.12 0.42 
7.26 -0.16 -293.66 0.09 -0.08 0.87 
25.13 -0.17 -271.00 0.05 -0.01 0.36 
-122.51 -1.39 -269.64 0.24 0.00 0.43 
-82.95 -1.24 -278.99 0.75 -0.57 1.22 
-49.24 -1.47 -296.29 0.78 -0.67 0.74 
30.16 -0.75 -327.17 0.35 -0.68 0.66 
38.48 -0.89 323.11 0.24 -0.37 0.35 
-51.04 -0.50 -321.77 0.16 -0.41 0.63 
-39.79 -1.73 -304.32 0.88 -0.97 0.88 
99.53 -1.52 -288.80 0.80 -0.51 0.75 
31.40 -2.27 -288.19 1.15 -0.60 0.53 
96.45 -1.34 -283.22 0.55 -0.51 0.54 
69.72 -1.11 -283.49 0.46 -0.33 0.64 
-18.25 -1.03 -303.17 0.35 0.31 0.63 
-1.43 -0.36 -326.51 0.11 -0.18 0.72 
21.22 -0.41 315.73 0.20 -0.48 0.71 
-7.33 0.34 297.16 -0.13 -0.16 0.70 
-84.31 -1.28 301.30 0.40 -0.39 0.81 
-18.63 -0.64 325.09 0.51 -0.92 1.24 
53.44 -1.80 -303.23 1.03 -0.64 0.90 
63.62 -1.82 -293.71 0.45 -0.15 0.41 
-85.65 -1.78 -301.16 0.57 -0.37 0.56 
-65.87 -1.75 -321.45 1.03 -0.58 0.88 
-42.59 -0.61 320.73 0.49 -0.95 0.88 
59.95 -0.54 313.33 0.38 -0.84 0.63 
33.50 -0.31 315.66 0.13 -0.23 0.69 
33.48 -0.42 321.62 0.18 -0.50 0.82 
85.16 0.27 -307.10 -0.05 0.04 0.59 
13.00 0.30 -295.32 -0.06 0.04 0.36 
-2.96 -1.02 -286.90 0.32 -0.27 0.61 
-12.18 -1.66 -284.25 0.62 0.01 0.72 
-121.61 -1.77 -296.60 1.03 -0.58 1.14 
-15.91 -1.05 -314.28 0.67 -1.19 0.64 
37.29 -0.43 -323.92 0.17 -0.50 0.57 
-72.82 -1.16 -324.55 0.25 -0.07 0.46 
-20.10 -0.79 -325.13 0.28 -1.25 0.52 
16.05 -2.21 -308.42 1.19 -0.76 0.60 
84.98 -1.44 -299.97 0.81 -0.87 0.57 
69.56 -1.53 -291.68 0.55 -0.63 0.35 
64.76 -0.93 -295.54 0.44 -0.39 0.78 
50.63 -0.68 -294.96 0.26 -0.17 0.64 
9.21 -0.72 -302.10 0.25 -0.20 0.70 
255.28 -0.05 321.38 0.07 -0.09 0.62 
-181.95 -0.12 310.45 0.00 0.00 0.52 
-94.46 -0.42 290.83 0.12 -0.38 0.91 
137.14 0.38 289.73 -0.17 -0.28 0.76 
-105.11 -0.89 308.95 0.50 -0.81 1.09 
59.42 -1.31 -323.46 0.78 -1.17 0.80 
105.98 -1.69 -309.18 0.68 -0.02 0.70 
-23.98 -2.72 -312.94 0.47 0.02 0.20 
-71.98 -1.53 -324.51 0.78 -0.42 0.93 
-25.00 -0.93 310.90 0.49 -0.66 0.80 
-69.02 -0.84 304.65 0.50 -0.84 0.79 
28.08 -0.91 301.27 0.47 -0.60 0.85 
-2.42 -0.55 306.47 0.23 -0.50 0.54 
57.61 -0.57 316.82 0.26 -0.62 0.74 
105.64 0.43 319.11 -0.06 -0.16 0.41 
33.69 -0.51 -322.79 0.22 -0.20 0.85 
43.28 -0.86 -308.22 0.31 -0.19 0.75 
-96.47 -0.94 -301.38 0.23 0.26 0.61 
-36.14 -0.81 -293.97 0.47 -0.23 1.01 
-98.60 -1.19 -312.30 0.51 -0.40 0.86 
-165.27 -0.91 320.94 0.58 -0.85 1.03 
57.37 -0.64 306.09 0.43 -0.82 0.76 
59.78 -0.38 298.94 0.10 -0.36 0.43 
-86.43 -0.63 305.82 0.17 -0.52 0.59 
-58.93 -0.54 -325.20 0.35 -1.36 0.51 
82.58 -1.80 -307.33 0.99 -1.04 0.63 
135.68 -1.45 -297.78 0.63 -0.62 0.62 
45.03 -1.56 -290.41 0.58 -0.34 0.66 
45.85 -1.10 -288.05 0.40 -0.10 0.67 
42.18 -0.69 -300.29 0.30 -0.12 0.76 
31.92 -0.14 -324.88 0.04 -0.02 0.52 
-20.01 0.50 314.52 -0.19 0.29 0.56 
-57.14 -0.44 297.96 0.07 -0.16 0.68 
-54.27 -0.61 287.36 0.18 -0.60 0.79 
-37.86 -0.66 303.46 0.35 -1.24 0.95 
46.21 -2.02 320.45 0.97 -0.81 0.66 
105.36 -1.95 -322.58 0.51 -0.20 0.33 
-90.50 -1.55 322.63 0.51 -0.44 0.62 
-59.79 -1.61 307.73 0.92 -0.64 0.70 
-63.95 -0.39 300.59 0.23 -0.95 0.22 
2.94 -0.94 295.36 0.50 -0.55 0.86 
13.14 -0.88 303.93 0.67 -1.19 0.53 
72.89 -0.32 309.99 0.16 -0.06 0.82 
24.88 0.70 322.27 -0.15 -0.18 0.57 
23.30 0.61 -322.96 -0.14 0.17 0.52 
-10.31 -0.45 -296.55 0.08 -0.23 0.48 
-0.91 -0.47 -293.07 0.09 0.07 0.60 
-77.12 -1.65 -302.11 0.87 -0.50 1.07 
-92.42 -0.39 -319.54 0.34 -1.31 0.54 
65.76 -1.19 318.99 0.55 -0.56 0.76 
3.03 -1.24 313.11 0.24 -0.18 0.37 
-46.73 -0.70 323.77 0.35 -0.81 0.74 
-16.37 -2.03 -305.09 1.07 -0.62 0.82 
70.05 -1.75 -296.47 0.72 -0.47 0.65 
37.96 -1.43 -289.82 0.51 -0.35 0.64 
23.20 -0.87 -289.17 0.40 -0.40 0.71 
11.48 -0.83 -289.01 0.26 -0.20 0.60 
98.85 0.04 -301.72 0.05 0.06 0.67 
6.42 0.36 -316.27 -0.09 0.06 0.64 
-24.11 -0.04 325.25 0.00 -0.06 0.77 
-24.87 0.79 311.36 -0.14 -0.06 0.37 
-9.05 -1.12 307.35 0.40 -0.56 0.86 
-12.23 -0.84 313.60 0.33 -0.51 0.93 
-9.65 -0.88 -325.00 0.51 -0.92 1.03 
110.77 -1.79 -303.03 0.59 -0.25 0.51 
-20.60 -1.79 -300.24 0.63 -0.11 0.61 
-81.33 -1.98 -308.89 0.70 -0.26 0.59 
-39.34 -0.83 -324.53 0.54 -0.86 0.84 
15.27 -1.06 311.89 0.63 -0.65 0.99 
-64.68 0.02 310.47 0.00 -0.55 0.75 
98.92 -0.24 319.15 0.12 -0.46 0.61 
25.76 -0.15 -325.18 0.04 -0.32 0.65 
16.01 -0.24 -315.04 0.06 -0.19 0.66 
-72.94 -0.36 -298.93 0.08 0.26 0.55 
50.39 -1.19 -295.01 0.44 -0.65 0.49 
25.10 -0.88 -297.64 0.35 -0.03 0.95 
-85.21 -1.51 -309.59 0.98 -0.50 1.21 
5.63 -0.92 -324.13 0.68 -1.03 0.83 
50.85 -0.48 314.52 0.15 -0.28 0.53 
-21.53 -0.68 316.95 0.22 -0.37 0.70 
-45.15 -0.52 -324.54 0.25 -0.88 0.81 
-76.72 -2.05 -306.77 1.23 -0.62 0.96 
48.36 -1.36 -294.97 0.64 -0.66 0.68 
65.53 -1.27 -293.04 0.37 -0.51 0.47 
49.69 -1.14 -287.96 0.54 -0.48 0.67 
35.91 -0.91 -294.58 0.32 -0.28 0.61 
0.43 -0.57 -300.21 0.27 -0.35 0.75 
15.03 -0.12 -312.09 0.06 -0.30 0.54 
34.31 0.28 324.46 -0.08 -0.16 0.77 
23.46 0.22 314.21 -0.09 -0.03 0.67 
7.58 -0.64 309.76 0.13 -0.04 0.73 
-94.64 -0.41 320.17 0.15 -0.40 1.04 
132.53 -0.88 -312.71 0.56 -0.72 1.16 
105.94 -1.39 -295.79 0.64 -0.04 0.86 
-52.23 -2.66 -293.38 0.67 -0.04 0.31 
-64.72 -1.80 -299.56 0.82 -0.22 0.87 
-115.36 -1.57 -318.72 0.56 -0.34 0.61 
-92.71 -1.04 323.55 0.49 -0.74 0.69 
-64.64 -0.95 316.17 0.69 -1.17 0.81 
0.76 -0.47 -326.50 0.15 -0.43 0.50 
-8.25 -0.45 -314.26 0.16 -0.46 0.93 
35.79 -0.21 -302.97 0.06 -0.25 0.59 
10.63 -0.38 -291.51 0.13 -0.21 0.71 
-2.02 -0.09 -278.30 0.00 -0.34 0.67 
93.75 -0.90 -273.38 0.22 -0.13 0.53 
11.98 -1.16 -273.32 0.32 0.02 0.65 
-125.65 -1.31 -275.78 0.74 -0.28 1.24 
-65.31 -1.31 -289.62 0.68 -0.48 1.00 
-9.81 -1.02 -303.03 0.55 -0.64 0.89 
31.64 -0.81 -314.05 0.25 -0.33 0.59 
-18.82 -0.90 -311.96 0.34 -0.40 0.76 
37.47 -1.47 -288.98 0.84 -0.42 1.05 
38.05 -1.85 -277.96 1.23 -1.00 0.58 
28.92 -1.89 -269.85 0.67 -0.51 0.41 
129.90 -0.77 -263.11 0.40 -0.70 0.61 
61.50 -1.36 -268.33 0.46 -0.26 0.58 
27.06 -0.16 -283.65 0.12 -0.25 0.81 
51.16 0.11 -298.19 -0.01 -0.04 0.63 
21.64 0.51 -315.84 -0.16 0.00 0.63 
-24.66 -0.23 323.89 0.06 0.08 0.77 
-37.35 -0.39 323.27 0.10 0.00 0.73 
7.24 -1.12 206.20 0.41 -0.33 0.77 
8.48 -1.16 203.24 0.42 -0.43 0.61 
-38.63 -1.10 207.19 0.42 -0.32 0.78 
-51.55 -1.39 226.48 0.56 -0.64 0.65 
30.37 -1.90 239.83 0.95 -0.74 0.56 
108.84 -0.63 251.17 0.31 -1.03 0.53 
54.63 -1.10 253.21 0.30 -0.63 0.57 
-1.49 -1.81 257.88 0.81 -0.54 0.65 
32.46 -1.41 250.09 0.44 -0.21 0.53 
20.88 -0.96 237.04 0.37 -0.34 0.69 
-7.79 -0.69 212.11 0.18 -0.07 0.57 
-19.81 0.63 211.05 -0.15 -0.17 0.51 
-34.16 0.03 183.53 0.05 -0.62 0.49 
-1.99 -1.39 181.94 0.60 -0.46 1.06 
44.62 -0.09 198.74 0.01 -1.37 0.99 
64.14 -2.21 219.98 0.93 -0.09 0.69 
-44.86 -0.89 217.98 0.36 -0.11 0.78 
-15.59 -1.74 215.05 0.56 -0.15 0.59 
-114.77 -0.61 201.45 0.51 -1.28 0.93 
-60.25 -0.61 184.56 0.28 -0.65 0.69 
24.80 -1.12 183.13 0.62 -0.80 0.46 
40.00 -0.87 177.03 0.34 -0.63 0.58 
13.02 0.08 192.47 0.08 -0.33 0.74 
22.10 -0.03 215.49 0.04 0.00 0.43 
104.83 0.15 228.85 -0.04 0.03 0.42 
105.21 -0.83 234.92 0.22 0.13 0.60 
-240.86 -1.63 233.04 0.45 0.09 0.75 
-148.14 -1.51 219.27 0.97 -0.54 1.21 
27.05 -0.81 208.46 0.48 -0.72 0.85 
-26.90 -0.53 201.87 0.14 -0.26 0.44 
-56.73 -0.70 207.32 0.27 -0.60 0.72 
-69.75 -1.44 217.11 0.62 -0.92 0.66 
-30.01 -1.87 241.71 0.76 -0.54 0.44 
89.53 -0.87 243.44 0.48 -0.90 0.57 
248.78 -1.24 252.89 0.48 -0.50 0.42 
-26.92 -0.99 249.51 0.33 -0.03 0.64 
66.70 0.02 241.42 0.00 -0.05 0.70 
32.43 -0.51 231.01 0.24 -0.21 0.96 
141.13 1.42 222.11 -0.31 0.30 0.45 
-52.62 0.44 210.63 -0.13 -0.04 0.62 
-71.78 0.14 196.00 -0.11 -0.46 0.60 
-114.51 -1.08 186.93 0.33 -0.47 0.99 
57.61 -0.79 193.48 0.42 -0.76 1.05 
119.07 -1.83 208.98 0.98 -0.48 0.89 
68.63 -1.68 212.90 0.61 -0.09 0.52 
12.38 -1.84 214.43 0.44 -0.08 0.46 
-114.36 -1.99 202.45 1.14 -0.46 0.77 
16.60 -0.69 189.01 0.51 -1.22 0.61 
53.82 -0.49 183.99 0.19 -0.49 0.38 
34.99 -0.75 187.42 0.36 -0.86 0.31 
103.37 0.37 189.55 -0.10 -0.35 0.63 
40.47 -0.23 194.59 0.05 -0.39 0.62 
89.43 -0.38 202.94 0.10 -0.10 0.48 
-13.12 -1.01 218.15 0.24 0.16 0.61 
-37.91 -1.24 230.16 0.46 -0.19 0.78 
-0.21 -1.04 226.90 0.44 0.07 0.94 
-96.98 -1.74 222.58 0.85 -0.22 1.00 
-48.21 -1.17 204.86 0.63 -0.57 0.89 
37.46 -1.13 192.41 0.56 -0.57 0.79 
32.63 -1.00 185.19 0.26 -0.23 0.47 
-55.82 -0.87 192.93 0.32 -0.38 0.72 
-6.11 -1.48 211.55 0.67 -0.78 0.72 
-80.43 -1.47 228.57 0.88 -1.17 0.51 
107.03 -1.27 239.33 0.64 -0.98 0.42 
99.92 -2.00 242.68 0.61 -0.51 0.34 
55.24 -1.78 250.08 0.55 -0.14 0.50 
25.02 -1.75 233.10 0.58 -0.14 0.59 
-27.15 -1.40 217.02 0.51 -0.17 0.59 
-54.53 -0.98 200.88 0.36 -0.32 0.54 
-64.21 -0.43 182.78 0.16 -0.46 0.59 
-23.19 -0.48 163.68 0.14 -0.56 0.43 
62.44 -1.03 155.59 0.31 -0.48 0.63 
-17.69 -0.96 163.35 0.47 -0.91 0.96 
172.17 -2.25 190.75 1.38 -0.78 0.66 
75.95 -1.62 210.09 0.50 -0.45 0.35 
-21.17 -1.90 208.41 0.57 -0.25 0.48 
41.38 -1.38 198.66 1.02 -0.64 1.18 
-165.69 -0.43 182.82 0.56 -1.33 0.79 
137.79 0.35 177.80 -0.04 -0.96 0.45 
82.06 -0.03 190.10 0.04 -0.49 0.58 
20.71 0.02 197.51 -0.03 -0.12 0.40 
-11.41 -0.75 212.89 0.28 -0.08 0.76 
-91.98 0.27 236.86 -0.03 0.14 0.28 
17.92 -0.97 236.88 0.28 0.02 0.69 
-21.88 -1.23 217.75 0.67 -0.57 1.07 
-42.88 -0.98 205.51 0.55 -0.76 0.80 
43.19 -0.47 195.26 0.17 -0.35 0.58 
-12.31 -0.19 198.06 0.04 -0.28 0.39 
-48.36 -1.33 220.38 0.55 -0.75 0.81 
93.46 -2.23 234.69 1.08 -0.74 0.45 
32.68 -1.93 220.49 0.82 -0.69 0.52 
15.30 -2.48 216.89 0.80 -0.25 0.26 
4.59 -1.41 217.80 0.62 -0.59 0.50 
165.03 -0.54 206.08 0.23 0.07 0.64 
-51.98 0.00 185.19 0.02 0.15 0.58 
-54.07 -0.17 163.81 0.06 -0.43 0.64 
200.05 0.08 153.20 -0.03 -0.01 0.63 
65.24 -0.13 158.01 0.12 -0.84 0.40 
-0.58 -0.46 156.97 0.19 -0.82 0.40 
110.53 -0.27 162.35 0.13 -0.67 0.59 
73.77 -0.54 171.05 0.16 -0.39 0.56 
29.51 -0.75 183.64 0.18 -0.26 0.49 
-94.27 -1.16 201.98 0.27 -0.23 0.58 
56.08 -0.82 216.44 0.28 -0.40 0.60 
70.86 -0.48 213.42 0.15 0.00 0.78 
-82.15 -1.93 218.45 0.95 -0.36 1.09 
-14.17 -0.93 215.12 0.58 -0.76 1.04 
73.46 -0.99 220.40 0.44 -0.35 0.68 
-15.90 -1.78 215.26 0.40 -0.33 0.25 
41.55 -0.06 219.12 0.16 -0.59 1.25 
6.66 -1.01 218.62 0.24 -0.27 0.38 
-39.81 -1.86 208.59 0.44 -0.20 0.50 
32.53 -1.78 200.51 1.03 -0.45 0.93 
-37.02 -0.81 183.43 0.45 -0.82 0.82 
6.13 -0.12 177.70 0.04 -0.42 0.48 
-54.74 -1.15 194.70 0.54 -1.04 0.94 
125.40 -2.24 206.76 1.00 -0.47 0.53 
70.80 -1.67 209.73 0.70 -0.81 0.40 
32.97 -1.30 216.21 0.52 -0.65 0.29 
19.21 -0.91 207.75 0.25 0.00 0.51 
2.09 -0.62 195.13 0.26 -0.44 0.50 
2.08 -0.36 171.03 0.10 -0.31 0.52 
-69.78 -0.80 151.63 0.20 -0.41 0.52 
-77.14 -0.41 132.16 0.18 -0.91 0.30 
154.36 -0.75 133.95 0.26 -0.55 0.82 
57.79 -1.19 164.74 0.68 -0.61 0.97 
158.47 -1.59 180.72 0.87 -0.44 0.93 
-9.16 -1.63 183.72 0.44 -0.14 0.51 
-33.01 -2.13 182.89 0.75 -0.22 0.63 
-160.24 -1.38 162.11 0.86 -0.68 0.90 
-41.01 -0.93 149.10 0.56 -0.75 0.78 
-70.81 -1.13 136.89 0.53 -0.75 0.68 
33.79 -0.69 151.51 0.36 -0.81 0.35 
72.83 -0.05 155.99 0.00 -0.48 0.53 
94.82 -0.16 166.77 0.11 -0.14 0.74 
-9.29 -0.19 183.12 0.02 -0.07 0.46 
23.73 -1.73 190.07 0.38 -0.07 0.48 
-95.82 -1.76 190.58 0.76 -0.35 0.85 
-32.19 -1.61 177.79 0.92 -0.72 0.86 
-60.06 -1.26 167.12 0.89 -0.87 0.92 
50.18 -0.31 154.76 0.11 -0.47 0.52 
-14.46 -0.82 150.89 0.26 -0.45 0.60 
-44.78 -1.07 157.87 0.36 -0.78 0.66 
71.14 -2.37 176.65 1.40 -0.82 0.44 
65.67 -1.67 176.12 1.34 -1.61 -0.26 
54.08 -1.61 183.38 0.41 -0.42 0.27 
63.91 -1.00 178.89 0.52 -0.53 0.55 
79.88 -0.35 159.37 0.15 -0.17 0.56 
-89.17 -0.23 149.81 0.14 -0.46 0.64 
-5.80 -0.93 131.08 0.29 -0.25 0.71 
-33.00 -1.58 144.62 0.58 -0.44 0.76 
25.67 -1.05 156.64 0.71 -1.31 0.68 
108.13 -1.96 176.87 1.12 -0.52 0.65 
-35.65 -1.95 177.14 0.31 0.08 0.26 
-104.53 -1.71 168.72 0.70 -0.28 0.81 
6.27 -0.73 159.50 0.50 -1.06 0.36 
-83.41 -1.14 139.44 0.57 -1.07 0.62 
60.65 -0.88 140.21 0.39 -0.51 0.33 
65.34 -1.07 143.29 0.52 -0.56 0.69 
50.40 -0.09 151.28 0.09 -0.37 0.61 
15.27 0.08 175.28 0.03 0.11 0.62 
94.56 1.16 191.98 -0.16 0.22 0.16 
-25.50 -0.51 206.65 0.16 0.19 0.63 
-147.40 -0.93 205.71 0.26 0.00 0.72 
-76.99 -1.20 192.75 0.60 -0.42 1.12 
-67.32 -1.44 178.42 1.13 -1.17 0.60 
86.98 -0.36 164.60 0.14 -0.54 0.62 
16.74 -0.54 164.01 0.15 -0.44 0.32 
-48.16 -0.62 176.07 0.24 -0.66 0.70 
-98.20 -1.98 166.57 1.15 -1.51 0.32 
-10.38 -2.04 196.22 0.90 -0.76 0.28 
137.38 -1.56 209.30 0.70 -0.80 0.05 
201.64 -1.96 203.11 0.39 -0.20 0.21 
17.86 -0.70 179.45 0.36 -0.35 0.75 
100.12 1.46 154.04 -0.31 0.13 0.50 
-107.69 0.42 138.26 -0.14 0.00 0.65 
-129.54 -0.18 127.70 0.03 -0.59 0.69 
37.68 0.65 139.09 -0.19 -0.26 0.63 
-35.88 -0.79 152.42 0.25 -0.72 0.97 
152.28 -1.63 161.55 0.90 -0.45 0.85 
-57.92 -2.18 162.70 0.55 -0.20 0.36 
-150.86 -1.53 153.60 0.71 -0.38 0.93 
-15.67 -0.67 145.21 0.53 -1.24 0.38 
27.90 -0.66 133.63 0.34 -1.06 0.48 
22.15 -0.76 139.55 0.35 -0.57 0.69 
36.20 0.38 149.00 -0.05 -0.65 0.72 
59.85 1.18 161.85 -0.19 -0.09 0.35 
15.45 0.26 165.96 -0.11 0.04 0.62 
-206.92 -1.01 177.37 0.45 -0.82 0.87 
26.10 -0.21 189.58 0.09 -0.38 0.68 
116.89 -0.99 183.67 0.19 0.12 0.53 
-117.29 -1.78 166.83 1.12 -0.72 1.12 
68.56 -0.74 152.18 0.66 -1.13 1.16 
-10.40 -0.74 141.16 0.20 -0.31 0.40 
-79.82 -0.99 146.95 0.28 -0.52 0.50 
-7.95 -1.55 154.99 0.90 -1.60 0.23 
2.39 -1.20 161.87 0.65 -1.22 0.33 
14.85 -2.06 178.96 0.42 -0.26 0.14 
26.80 -0.99 194.94 0.53 -0.96 0.53 
20.70 -1.05 185.50 0.34 -0.09 0.70 
84.39 -0.38 165.01 0.16 0.17 0.64 
-26.59 -0.39 142.04 0.10 -0.15 0.56 
-34.86 -0.63 127.34 0.18 -0.14 0.69 
-26.19 -0.32 116.31 0.08 -0.35 0.64 
2.03 -0.53 119.19 0.17 -0.26 0.75 
11.77 -1.43 125.63 0.77 -1.43 0.77 
130.30 -1.68 144.10 1.16 -1.11 0.74 
66.84 -1.66 155.73 0.34 -0.08 0.31 
-67.35 -1.57 146.55 0.50 -0.29 0.65 
-157.76 -1.88 138.06 1.33 -0.96 0.76 
-2.18 -0.19 125.11 0.25 -1.53 0.12 
-11.81 -1.11 113.81 0.40 -0.77 0.23 
121.09 -0.57 131.91 0.23 -0.38 0.48 
35.01 -0.40 146.65 0.17 -0.35 0.69 
43.32 -0.03 158.50 0.00 -0.31 0.62 
22.79 -0.51 167.39 0.16 -0.23 0.76 
32.14 -0.42 177.93 0.11 -0.14 0.51 
93.74 -1.32 192.17 0.32 -0.01 0.56 
-148.49 -1.23 191.04 0.48 0.03 1.05 
-122.93 -1.50 177.84 0.83 -0.28 1.16 
64.98 -0.65 158.41 0.50 -0.87 1.09 
-104.95 -1.33 141.88 0.22 -0.23 0.34 
-61.94 -0.84 141.72 0.22 -0.21 0.56 
-102.94 -0.87 153.49 0.42 -1.53 0.48 
56.99 -1.95 163.63 1.07 -1.13 0.39 
139.13 -1.49 167.94 0.52 -0.67 0.32 
-54.24 -1.01 173.25 0.40 -0.66 0.46 
70.71 -1.33 167.35 0.51 -0.24 0.62 
-10.40 -0.63 161.17 0.33 -0.36 0.76 
27.05 0.38 154.72 -0.04 -0.06 0.56 
-14.75 0.71 130.78 -0.26 -0.47 0.67 
40.72 -0.47 113.28 0.24 -0.94 0.30 
147.63 -0.52 113.90 0.23 -0.65 0.44 
18.16 -0.35 127.39 0.15 -0.41 0.71 
37.56 0.25 138.81 -0.06 -0.25 0.60 
16.14 0.72 159.10 -0.16 -0.14 0.47 
-45.24 -0.64 165.52 0.08 -0.25 0.41 
46.53 -1.26 178.09 0.55 -0.36 0.81 
-102.51 -1.72 166.33 0.91 -0.72 0.89 
60.42 -1.45 148.61 0.88 -0.54 0.76 
2.75 -1.06 133.91 0.58 -0.59 0.97 
70.50 -1.17 130.34 0.16 -0.16 0.18 
-75.39 -1.04 142.67 0.29 -0.37 0.59 
-73.29 -0.92 170.21 0.70 -1.62 0.79 
62.14 -1.59 192.27 0.95 -0.99 0.68 
190.42 -1.46 201.10 0.49 -0.67 0.12 
36.86 -1.15 199.47 0.46 -0.53 0.66 
92.63 -0.74 188.04 0.29 -0.38 0.58 
84.70 -0.02 174.21 0.10 -0.02 0.88 
-32.85 1.32 151.18 -0.27 -0.14 0.42 
-33.71 0.67 131.77 -0.18 -0.39 0.55 
45.17 -0.11 115.01 -0.01 -0.36 0.64 
-46.57 -0.08 119.91 -0.06 -0.36 0.88 
-16.98 -0.81 150.12 0.54 -1.32 1.15 
120.11 -1.92 172.63 0.96 -0.49 0.60 
-6.24 -2.94 171.15 0.48 0.09 0.12 
-113.69 -1.88 151.02 1.13 -0.62 0.81 
3.82 -0.27 134.60 0.44 -1.37 0.61 
45.05 -0.15 124.15 0.16 -0.88 0.60 
131.90 0.04 128.05 0.05 -0.48 0.37 
-1.66 1.01 146.00 -0.23 -0.13 0.56 
15.72 0.92 162.84 -0.23 0.06 0.52 
-71.01 -0.04 187.12 0.00 -0.05 0.64 
-26.42 -1.33 201.78 0.39 -0.06 0.65 
-73.67 -1.11 194.69 0.44 -0.38 0.91 
-68.33 -1.71 178.85 1.07 -0.68 0.98 
16.01 -0.83 163.32 0.65 -1.01 0.88 
87.19 -0.52 144.87 0.14 -0.42 0.48 
-86.20 -0.98 154.17 0.27 -0.55 0.37 
-48.59 -0.62 167.45 0.32 -1.03 0.77 
168.74 -1.85 193.66 1.40 -1.02 0.97 
81.19 -2.21 197.94 0.73 -0.11 0.46 
78.92 -1.27 189.24 0.41 -0.06 0.54 
9.11 -0.30 172.30 0.12 -0.34 0.55 
-33.61 0.17 134.04 -0.07 -0.18 0.60 
-10.65 -0.80 109.46 0.24 -0.39 0.65 
-114.49 -0.66 108.72 0.15 -0.78 0.97 
26.46 -1.59 144.47 1.26 -1.92 0.87 
85.78 -1.71 146.71 1.39 -1.79 0.92 
-43.64 0.72 35.39 -0.18 0.08 0.50 
-140.59 -0.26 23.02 0.11 -0.25 0.78 
-37.40 0.46 9.89 -0.11 -0.24 0.59 
41.55 0.21 -5.58 -0.11 -0.46 0.72 
-126.43 -0.64 -5.37 0.16 -0.40 0.80 
-112.25 -0.06 5.44 0.09 -0.86 0.98 
196.40 -1.88 21.37 0.77 -0.68 0.53 
-24.82 -1.99 24.90 0.55 -0.19 0.46 
-62.30 -1.55 15.04 0.57 -0.40 0.62 
-171.18 -1.14 2.22 0.87 -1.32 0.49 
52.01 -0.03 8.47 0.33 -1.33 0.22 
83.69 -0.82 12.36 0.42 -0.85 0.53 
107.35 0.52 28.48 -0.09 -0.40 0.57 
30.97 0.59 39.00 -0.17 -0.16 0.60 
-11.75 0.36 52.60 -0.11 -0.03 0.55 
-16.30 -1.03 63.84 0.21 -0.19 0.48 
-28.79 -1.69 58.19 0.65 -0.06 0.81 
-167.64 -1.73 40.40 0.90 -0.79 1.20 
-59.11 -0.99 31.45 0.84 -0.95 0.85 
87.21 -0.43 17.30 0.22 -0.62 0.72 
3.45 0.93 9.90 -0.13 -0.22 0.23 
-97.11 -0.25 23.91 0.06 -0.71 0.74 
64.49 -1.32 39.43 0.60 -1.13 1.10 
-84.49 -1.09 57.02 0.47 -0.64 0.54 
75.85 -0.95 54.91 0.28 -0.28 0.59 
20.29 -0.72 49.22 0.27 -0.05 0.73 
-4.27 -0.68 42.20 0.27 -0.39 0.73 
35.17 0.32 28.26 -0.04 -0.16 0.50 
-36.26 -0.08 4.51 0.03 -0.19 0.53 
50.71 -0.27 -11.43 -0.02 -0.40 0.60 
-157.56 -0.20 2.33 0.03 -1.03 1.14 
124.36 -0.85 26.97 0.44 -1.73 0.51 
22.91 -1.78 34.70 0.52 -0.05 0.49 
-39.87 -1.48 26.87 0.65 -0.44 0.79 
-100.73 -0.48 8.47 0.44 -1.38 0.41 
69.25 -0.52 -3.50 0.29 -0.99 0.48 
72.15 -0.58 2.55 0.28 -0.60 0.39 
34.71 -0.46 3.96 0.17 -0.45 0.80 
36.21 0.84 24.26 -0.16 -0.24 0.38 
2.14 0.08 40.66 -0.03 -0.17 0.55 
-53.09 -0.78 56.93 0.24 -0.49 0.61 
110.54 -0.81 64.23 0.32 -0.43 0.59 
-181.98 -1.77 53.73 0.65 -0.33 0.91 
-80.40 -1.20 40.98 0.94 -0.98 0.93 
67.14 -0.66 24.75 0.32 -0.69 0.58 
24.90 -0.55 18.26 0.14 -0.36 0.43 
-91.32 -0.48 30.31 0.16 -0.61 0.56 
-49.53 -1.46 41.63 0.81 -1.43 0.54 
88.19 -1.90 61.93 0.98 -0.84 0.42 
126.22 -1.50 68.00 0.44 -0.70 0.00 
106.12 -1.09 62.61 0.30 -0.09 0.48 
49.65 -0.67 49.32 0.23 -0.35 0.47 
0.43 0.19 18.77 -0.02 -0.43 0.51 
4.07 0.85 -3.54 -0.25 -0.37 0.60 
-26.05 0.22 -14.12 -0.12 -0.24 0.54 
-79.01 -0.55 3.02 0.27 -0.83 1.28 
35.71 -0.98 25.71 0.58 -0.98 0.93 
57.92 -1.70 33.80 0.51 -0.17 0.52 
-59.40 -1.25 29.34 0.41 -0.42 0.68 
-62.80 -1.44 10.46 0.78 -0.71 0.71 
-215.34 -1.08 -9.36 0.74 -1.19 0.70 
122.43 -0.62 -16.56 0.33 -0.74 0.31 
15.50 -1.01 -10.90 0.54 -0.76 0.61 
32.21 -0.37 -3.22 0.16 -0.51 0.61 
0.32 -0.15 18.79 0.05 -0.23 0.59 
46.61 -0.37 38.17 0.09 -0.18 0.61 
-51.68 -0.01 60.74 0.00 -0.33 0.64 
104.81 0.17 71.77 -0.01 -0.09 0.69 
-135.75 -1.80 57.28 0.60 -0.17 0.89 
-157.50 -1.33 34.10 0.95 -1.15 1.36 
120.05 0.03 13.83 0.06 -0.57 0.29 
-62.45 -0.36 11.50 0.04 -0.26 0.33 
-68.04 -0.29 20.97 0.09 -0.61 0.77 
29.71 -1.91 39.45 1.07 -0.92 0.88 
72.95 -1.08 47.37 0.46 -0.69 0.85 
45.37 -1.31 54.71 0.45 -0.56 0.31 
-10.41 -0.67 51.04 0.16 -0.31 0.54 
69.03 -0.78 44.16 0.26 -0.27 0.59 
40.09 0.48 32.66 -0.05 -0.06 0.58 
-5.26 1.02 7.01 -0.29 -0.29 0.49 
31.85 0.33 -10.36 -0.18 -0.43 0.75 
-16.19 -0.21 -2.76 -0.01 -0.39 0.98 
-15.53 -0.44 15.51 0.20 -1.39 1.02 
128.97 -1.81 21.02 0.88 0.12 0.69 
-24.81 -2.17 21.43 0.56 -0.10 0.39 
-128.27 -1.88 10.16 1.07 -0.57 0.91 
-50.16 0.11 8.03 0.30 -1.49 0.44 
-93.92 -1.14 1.28 0.34 -0.66 0.46 
66.67 0.28 15.91 0.00 -0.53 0.57 
84.12 0.52 31.54 -0.10 -0.09 0.48 
-35.40 0.12 43.47 -0.03 0.04 0.43 
1.14 -1.59 46.85 0.56 -0.49 0.36 
-148.27 -1.11 50.03 0.52 -0.81 1.19 
52.19 -1.94 45.31 1.33 -0.49 0.75 
-5.04 -0.74 36.45 0.54 -0.83 0.97 
35.02 0.20 25.50 -0.05 -0.39 0.54 
-100.16 -0.68 33.55 0.26 -0.44 0.71 
-41.78 -1.11 45.23 0.45 -1.28 0.87 
-42.49 -0.94 61.28 0.56 -1.25 0.77 
94.63 -0.78 77.84 0.30 -0.68 0.52 
129.24 -1.49 72.97 0.36 -0.18 0.39 
45.59 -0.50 64.04 0.16 -0.25 0.65 
26.75 0.78 48.17 -0.17 0.12 0.59 
-45.97 0.92 23.01 -0.26 -0.04 0.50 
-137.78 0.33 5.55 -0.15 -0.53 0.62 
56.48 -0.43 -6.20 0.10 -0.48 0.75 
-50.58 -0.36 1.02 0.09 -0.82 0.94 
-33.66 -1.08 18.48 0.59 -1.27 0.93 
148.79 -1.32 41.47 0.64 -0.37 0.67 
-4.16 -1.96 41.66 0.40 -0.07 0.35 
-62.17 -2.08 29.02 0.63 -0.22 0.64 
-47.86 -0.67 13.30 1.09 -1.69 1.23 
1.38 -0.05 -2.33 0.13 -1.09 0.51 
69.04 0.58 -3.62 -0.14 -0.59 0.45 
26.30 0.59 6.87 -0.15 -0.22 0.60 
-6.88 0.38 21.40 -0.07 0.00 0.50 
-6.24 0.24 35.57 -0.07 -0.20 0.61 
-35.93 0.07 48.21 -0.02 -0.16 0.50 
-82.02 -0.89 55.33 0.35 -0.19 0.96 
-42.43 -0.80 46.70 0.26 -0.27 1.05 
-62.18 -1.64 30.23 0.72 -0.41 0.85 
-4.39 -0.90 13.19 0.57 -0.76 1.04 
85.96 0.11 3.83 -0.03 -0.28 0.36 
-70.50 -0.53 3.11 0.11 -0.31 0.52 
-107.16 -1.21 16.22 0.70 -1.61 0.66 
165.09 -2.27 -4.96 1.55 -1.43 1.22 
-42.62 -1.72 10.76 0.59 -0.61 0.03 
171.37 -1.18 15.62 0.40 -0.16 0.54 
89.71 -0.12 8.75 0.14 -0.17 0.82 
55.56 0.92 -2.79 -0.18 -0.19 0.56 
21.07 1.24 -22.19 -0.30 -0.01 0.47 
-40.61 -0.14 -41.65 0.01 -0.32 0.73 
27.01 0.39 -59.30 -0.18 -0.59 0.69 
-5.61 -0.64 -56.52 0.06 -0.33 0.74 
-48.13 -0.91 -37.55 0.83 -1.42 1.31 
146.60 -1.75 -14.73 1.03 -0.65 0.80 
21.99 -2.08 -12.50 0.43 -0.21 0.24 
-78.78 -1.80 -26.64 0.71 -0.43 0.70 
-40.41 -1.13 -56.83 0.71 -0.65 0.82 
73.08 -0.21 -63.58 0.34 -1.24 0.75 
149.02 1.38 -61.54 -0.23 0.18 0.32 
-97.43 0.06 -33.88 0.00 -0.29 0.65 
35.49 0.45 -20.66 -0.11 0.04 0.68 
-97.88 1.30 -1.36 -0.16 0.14 0.21 
-58.83 -1.52 -4.29 0.69 -0.46 0.93 
-8.74 -1.57 -17.39 0.87 -0.91 0.94 
-41.24 -0.85 -33.24 0.75 -1.07 1.10 
91.46 0.13 -48.08 0.01 -0.39 0.33 
-17.96 -0.74 -47.36 0.24 -0.60 0.72 
11.52 -0.55 -29.02 0.25 -0.48 0.95 
-12.98 -1.15 -8.79 0.72 -0.63 1.19 
88.27 -1.42 5.81 0.95 -1.07 0.80 
27.09 -1.08 8.32 0.47 -0.37 0.73 
74.31 -1.01 2.33 0.28 -0.13 0.51 
26.21 -0.03 -5.03 0.11 -0.29 0.81 
11.77 2.05 -26.14 -0.50 0.00 0.39 
-7.28 0.56 -48.81 -0.16 0.03 0.50 
57.78 -0.16 -63.05 -0.03 -0.46 0.59 
-80.88 -0.99 -50.38 0.42 -0.57 1.13 
49.47 -0.81 -25.89 0.57 -1.34 1.03 
81.72 -2.15 -11.64 0.75 -0.25 0.49 
-36.94 -1.97 -14.54 0.55 -0.18 0.47 
-134.98 -1.27 -33.79 0.73 -0.52 1.09 
-27.94 0.07 -45.73 0.23 -1.22 0.56 
71.60 -0.23 -50.50 0.11 -0.77 0.59 
-12.53 -0.47 -44.98 0.22 -0.73 0.57 
-1.01 -0.13 -26.83 0.08 -0.38 0.85 
100.60 0.34 -5.34 -0.06 -0.21 0.67 
-12.27 0.67 11.73 -0.13 0.07 0.41 
-66.62 -1.27 28.21 0.29 0.04 0.52 
-8.37 -0.32 21.65 0.11 -0.62 0.76 
39.53 -1.07 12.34 0.45 -0.94 0.84 
-27.73 -1.18 -12.48 0.73 -1.07 0.91 
34.66 -0.50 -25.42 0.38 -0.96 0.79 
-16.69 0.53 -34.55 -0.12 -0.33 0.42 
-95.20 -0.70 -19.68 0.26 -0.83 0.92 
97.79 -1.29 3.02 0.71 -0.78 0.70 
110.98 -2.15 5.28 0.63 -0.29 0.35 
59.26 -0.96 5.32 0.49 -0.55 0.73 
89.80 -0.49 -8.64 0.17 -0.16 0.64 
-20.11 0.23 -24.10 -0.02 -0.05 0.71 
-14.28 1.08 -38.27 -0.23 -0.24 0.49 
103.14 2.53 -61.48 -0.42 0.00 0.19 
10.52 -0.74 -63.29 0.24 -0.66 0.94 
-129.55 -0.51 -54.43 0.13 -0.34 1.02 
90.50 -1.42 -31.24 0.92 -0.80 1.25 
51.12 -2.13 -21.06 0.55 -0.17 0.29 
-132.44 -1.82 -28.05 0.79 -0.31 0.76 
-133.35 -0.42 -41.17 0.54 -1.27 0.83 
61.40 -0.30 -53.83 0.28 -0.84 0.60 
104.71 0.90 -51.10 -0.31 -0.52 0.65 
29.82 1.08 -38.69 -0.24 -0.25 0.45 
25.07 0.18 -23.50 -0.08 -0.29 0.60 
-10.96 0.14 0.66 -0.04 -0.30 0.49 
3.73 -0.94 20.25 0.20 0.05 0.48 
-61.93 -1.58 12.75 0.70 -0.81 0.73 
21.57 -1.13 -9.70 0.65 -0.69 1.15 
21.53 -0.77 -30.31 0.59 -0.71 1.25 
-40.07 0.14 -35.99 -0.03 -0.23 0.46 
-78.43 -0.24 -23.96 0.07 -0.44 0.96 
-98.68 -1.38 -1.25 0.96 -1.41 0.92 
230.75 -1.11 3.94 0.61 -1.03 0.39 
49.37 -1.43 10.11 0.62 -0.39 0.62 
104.72 0.02 6.41 0.05 -0.14 0.60 
27.67 0.68 -10.16 -0.11 -0.28 0.44 
92.45 1.52 -31.94 -0.30 0.01 0.37 
-165.78 -0.21 -48.98 -0.01 -0.66 0.91 
-118.72 -0.10 -49.22 -0.08 -0.39 1.23 
18.52 -1.09 -20.28 0.53 -0.76 1.19 
55.19 -1.30 -5.26 0.54 -0.28 0.67 
-4.19 -1.85 -8.49 0.37 -0.12 0.38 
-130.15 -1.64 -24.54 0.77 -0.44 0.82 
-98.07 -0.93 -40.66 0.61 -0.98 0.74 
-14.01 -0.45 -39.76 0.39 -1.33 0.63 
-9.82 0.41 -35.47 -0.12 -0.57 0.25 
91.39 -0.22 -25.04 0.11 -0.55 0.66 
86.15 1.27 -10.51 -0.26 -0.25 0.42 
5.65 0.01 10.69 0.04 0.30 0.41 
-36.49 -0.18 14.08 0.04 -0.11 0.57 
-122.30 -0.94 -0.63 0.26 -0.71 1.01 
-60.01 -1.25 -11.45 0.79 -0.69 1.14 
-18.85 -1.12 -27.06 0.82 -0.88 1.07 
51.69 0.27 -38.71 -0.06 -0.39 0.50 
-51.98 -0.31 -34.20 0.09 -0.41 0.63 
-160.24 -0.77 -16.50 0.52 -1.49 0.89 
17.31 -1.64 6.14 0.99 -1.39 0.33 
82.65 -0.80 15.78 0.35 -0.83 0.62 
122.72 -0.66 15.49 0.26 -0.45 0.65 
112.66 -0.54 5.83 0.21 -0.24 0.63 
87.37 1.31 -14.98 -0.20 0.01 0.33 
-3.46 1.42 -40.17 -0.38 0.08 0.45 
4.91 -0.09 -51.38 -0.08 -0.29 0.83 
-94.27 -0.31 -42.88 0.09 -0.40 0.88 
119.91 -1.30 -15.60 1.03 -1.04 1.20 
56.43 -2.53 -9.49 0.39 -0.05 0.17 
-111.30 -1.95 -21.85 0.65 -0.31 0.59 
-5.38 -1.07 -40.42 0.86 -1.23 0.93 
18.11 -0.39 -44.27 0.33 -1.02 0.62 
25.65 -0.41 -44.03 0.29 -0.72 0.53 
65.11 0.43 -34.19 -0.06 -0.33 0.37 
2.55 1.02 -13.72 -0.23 -0.22 0.45 
45.35 0.59 2.16 -0.14 -0.05 0.59 
-100.04 -0.03 12.39 -0.02 -0.14 0.34 
77.17 -0.85 10.55 0.23 -0.32 0.73 
-87.78 -1.62 -1.90 0.78 -0.36 1.04 
-23.11 -0.92 -20.15 0.67 -0.97 1.15 
83.64 -0.24 -32.47 0.09 -0.48 0.50 
-94.44 -0.51 -30.27 0.17 -0.55 0.60 
91.17 -0.96 -12.33 0.50 -0.98 0.79 
44.25 -1.04 13.26 0.58 -0.97 0.68 
90.49 -1.01 21.19 0.59 -0.86 0.79 
63.66 -1.08 27.03 0.34 -0.36 0.43 
97.06 0.27 22.00 -0.03 -0.04 0.67 
27.33 0.48 1.20 -0.10 0.13 0.55 
72.74 0.62 -24.25 -0.21 -0.35 0.51 
-6.68 -0.08 -34.57 -0.02 -0.14 0.76 
-86.01 -0.29 -36.11 0.03 -0.46 0.74 
-71.36 -0.76 -22.55 0.33 -1.40 0.77 
176.40 -1.85 -2.45 1.07 -0.18 0.89 
1.43 -2.10 4.73 0.38 0.08 0.27 
-102.00 -1.63 -8.16 0.65 -0.20 0.84 
-132.71 -0.92 -39.04 0.90 -1.36 0.95 
8.19 -0.06 -41.79 0.32 -1.46 0.21 
-10.33 0.26 -41.51 -0.06 -0.12 0.57 
-31.89 0.54 -11.29 -0.08 -0.40 0.53 
-1.27 0.74 8.78 -0.15 -0.04 0.43 
36.15 -0.60 26.01 0.13 -0.27 0.50 
-35.61 -1.64 9.83 0.47 -0.25 0.71 
-15.11 -1.76 -3.19 1.49 -0.50 1.47 
59.04 -0.13 -20.59 0.22 -0.75 1.07 
-48.55 0.44 -32.89 -0.07 -0.38 0.29 
-54.06 -0.21 -18.51 0.08 -0.64 0.81 
-2.00 -1.54 -5.54 0.72 -0.59 0.73 
37.03 -1.45 -4.45 0.47 -0.42 0.45 
-50.85 -1.46 -25.24 0.57 -0.56 0.48 
-75.01 -2.12 -61.36 0.75 -0.30 0.41 
-220.17 -3.03 -100.68 1.17 -0.35 0.09 
-81.91 -3.32 -135.28 1.43 -0.20 -0.13 
-156.58 -3.21 -146.97 0.77 0.20 0.02 
22.87 -3.29 -142.52 0.98 0.03 0.12 
46.70 -0.76 2.58 0.32 -0.49 0.84 
-70.30 -0.77 7.09 0.29 -0.39 0.77 
45.72 -0.98 4.76 0.40 -0.51 0.70 
11.43 -0.29 13.79 0.19 -0.67 1.00 
-42.83 -1.65 12.60 0.63 -0.45 0.59 
-59.27 -1.14 6.88 0.65 -0.76 0.82 
-20.03 -0.66 -1.03 0.55 -0.78 1.29 
-0.50 -1.56 10.89 0.68 -0.54 0.66 
8.57 -1.51 8.76 0.65 -0.43 0.69 
49.50 -1.67 3.39 0.61 -0.28 0.62 
-44.20 -1.23 3.47 0.26 -0.31 0.34 
-107.76 -0.68 31.38 0.57 -1.31 1.08 
72.21 -1.23 47.87 0.54 -0.92 0.45 
176.29 -1.03 63.96 0.38 -0.79 -0.07 
103.81 -0.67 58.67 0.16 0.57 0.27 
8.08 -1.20 37.98 0.56 -0.64 0.70 
-0.65 1.27 13.49 -0.27 0.15 0.43 
-112.04 -0.88 3.71 0.23 -0.36 0.57 
-78.04 -0.99 2.38 0.22 -0.23 0.69 
-85.88 -0.65 22.14 0.38 -1.25 0.88 
170.92 -1.85 38.44 1.44 -0.68 1.08 
34.09 -1.48 39.66 0.30 0.37 0.04 
-78.72 -1.32 21.13 0.67 -0.90 0.88 
-131.58 -0.92 4.50 0.62 -1.03 0.83 
29.33 -1.14 -7.18 0.57 -1.00 0.52 
52.21 -0.70 -6.36 0.35 -0.69 0.55 
44.07 -0.23 11.27 0.15 -0.63 0.59 
124.69 0.47 24.65 -0.09 -0.10 0.53 
5.48 0.29 32.85 -0.08 0.28 0.45 
-190.04 -1.29 49.06 0.29 -0.40 0.59 
73.10 -1.06 48.74 0.37 -0.05 0.71 
-105.05 -1.41 37.40 0.89 -0.72 1.19 
57.15 -0.52 19.38 0.32 -0.73 1.16 
47.81 -0.15 6.55 0.04 -0.30 0.47 
-102.10 -0.42 18.68 0.13 -0.34 0.61 
-144.34 -0.92 26.92 0.45 -2.21 0.50 
51.41 -1.35 49.61 0.80 -1.38 0.24 
161.34 -0.52 62.89 0.15 -0.71 0.35 
58.37 -1.16 41.24 0.35 -0.15 0.62 
79.11 0.15 27.46 0.00 -0.72 0.44 
53.16 1.07 3.60 -0.21 -0.18 0.37 
-45.88 -0.48 -15.33 0.08 -0.35 0.66 
-33.30 -0.59 -18.40 0.24 -0.68 0.74 
-68.20 -0.39 5.65 0.53 -1.35 1.60 
145.11 -1.79 16.56 0.74 -0.38 0.65 
-76.61 -2.55 13.83 0.47 0.00 0.26 
-145.31 -1.48 -2.03 0.79 -0.55 0.93 
-44.65 -0.91 -12.83 0.72 -1.20 0.76 
86.06 -0.22 -17.70 0.19 -0.97 0.43 
56.50 -0.49 -11.75 0.24 -0.64 0.51 
57.62 -0.15 -0.20 0.05 -0.46 0.58 
28.50 -0.46 13.66 0.12 -0.23 0.60 
34.47 -0.50 28.16 0.14 -0.11 0.65 
41.26 -1.05 33.37 0.24 -0.15 0.50 
-135.45 -1.06 33.93 0.45 -0.37 0.94 
-59.07 -1.19 22.16 0.66 -0.65 0.95 
-12.87 -1.20 6.96 0.80 -0.94 0.82 
67.72 -1.00 -12.01 0.52 -0.63 0.79 
46.01 -0.81 -26.93 0.31 -0.36 0.66 
-1.11 -0.48 -22.22 0.05 -0.14 0.21 
-93.84 -0.69 -6.95 0.26 -0.79 0.79 
58.82 -1.84 11.93 1.26 -1.30 0.86 
73.85 -1.56 28.45 0.70 -0.71 0.62 
107.67 -1.58 37.44 0.54 -0.62 0.16 
78.34 -0.90 31.28 0.34 -0.50 0.56 
41.95 0.12 25.80 0.06 -0.24 0.58 
-30.89 0.61 6.78 -0.12 -0.17 0.52 
19.82 0.79 -10.29 -0.18 -0.12 0.58 
-22.14 0.46 -21.02 -0.23 -0.52 0.65 
-42.61 -0.73 -21.36 0.21 -0.75 0.75 
-36.82 -0.84 -9.31 0.41 -1.21 0.86 
168.59 -1.55 7.73 0.61 -0.28 0.56 
-23.04 -1.79 8.05 0.37 -0.16 0.37 
-149.93 -1.75 -11.13 0.93 -0.48 1.00 
-98.42 -0.56 -25.62 0.49 -0.83 0.76 
77.72 -0.07 -23.44 0.12 -0.99 0.43 
89.17 -0.14 -3.43 0.08 -0.58 0.47 
46.82 -0.50 11.09 0.19 -0.50 0.70 
56.21 0.79 22.39 -0.17 0.04 0.56 
-20.03 0.23 28.88 -0.07 -0.13 0.43 
-79.55 -2.67 37.40 0.68 -0.28 0.34 
-83.04 -1.32 41.85 0.75 -0.59 0.71 
-120.71 -0.96 28.83 0.78 -1.09 1.12 
92.56 -0.22 15.53 0.11 -0.59 0.41 
-44.59 -0.39 11.83 0.07 -0.54 0.33 
-72.11 -0.98 16.86 0.31 -0.72 0.73 
110.39 -1.75 31.79 1.05 -1.20 0.47 
33.67 -0.94 40.34 0.42 -0.90 0.56 
152.12 -0.85 46.07 0.33 -0.67 0.43 
1.79 -0.87 47.37 0.39 -0.42 0.76 
37.50 -0.28 34.75 0.13 -0.24 0.74 
1.88 0.42 19.32 -0.06 -0.06 0.54 
50.94 1.11 -1.77 -0.30 -0.21 0.45 
-84.65 -0.38 -11.21 0.03 -0.21 0.78 
-58.88 -0.68 -10.97 0.24 -0.64 0.80 
-35.69 -0.71 -1.95 0.32 -1.08 0.55 
154.85 -1.63 14.28 1.03 -1.02 0.72 
20.93 -2.21 18.17 0.46 -0.17 0.24 
-103.17 -1.54 5.56 0.73 -0.62 0.70 
-56.04 -0.18 -0.27 0.27 -1.42 0.36 
91.23 -0.66 -3.03 0.60 -1.50 0.62 
193.92 -0.32 -8.69 0.09 -0.43 0.21 
31.72 -0.27 4.53 0.09 -0.42 0.65 
-15.73 0.37 25.62 -0.09 -0.07 0.57 
-28.99 -0.03 38.24 0.00 -0.16 0.57 
11.69 -0.66 43.19 0.20 -0.44 0.56 
-191.41 -1.70 30.32 0.88 -0.64 1.04 
-4.17 -0.49 3.62 0.44 -1.35 0.71 
81.06 -0.32 -6.15 0.16 -0.54 0.31 
-78.48 -0.46 -10.18 0.11 -0.57 0.46 
-135.44 0.41 -3.78 -0.18 -0.99 0.15 
114.15 -1.66 6.98 0.90 -1.51 0.20 
112.24 -1.21 21.34 0.48 -1.04 0.33 
52.84 -1.58 19.34 0.49 -0.54 0.40 
54.30 -1.07 19.28 0.43 -0.53 0.60 
63.30 -0.55 10.53 0.24 -0.44 0.50 
7.96 -0.14 -4.51 0.07 -0.17 0.75 
70.11 0.65 -19.03 -0.15 -0.18 0.57 
-84.89 -0.33 -34.66 0.09 -0.26 0.78 
-108.75 -0.72 -59.55 0.14 -0.63 0.44 
12.79 -0.85 -60.58 0.46 -0.79 0.87 
-67.70 -1.02 -36.23 0.54 -1.43 1.19 
125.82 -2.09 -21.51 0.85 -0.26 0.46 
-65.33 -1.57 -24.71 0.34 -0.22 0.39 
-114.34 -1.47 -40.43 0.84 -0.91 0.72 
-25.09 -0.40 -46.67 0.42 -1.32 0.31 
13.95 0.12 -46.05 0.00 -0.67 0.45 
-61.79 -1.14 -5.53 0.42 -0.40 0.81 
-56.16 -0.99 3.78 0.38 -0.50 0.57 
-226.94 -2.09 -10.81 1.12 -0.66 0.72 
-14.24 -0.97 -30.45 0.84 -1.09 0.47 
83.94 -0.31 -41.02 0.19 -0.94 0.68 
96.58 -0.81 -44.69 0.18 -0.20 0.43 
-110.27 -1.03 -35.99 0.27 -0.27 0.54 
-2.46 -1.12 -28.08 0.56 -1.25 0.41 
94.34 -1.86 -24.96 1.23 -1.79 0.08 
73.97 -1.74 -29.79 1.12 -1.27 0.37 
106.43 -1.40 -22.72 0.56 -0.56 0.40 
47.30 -1.07 -37.18 0.30 -0.09 0.57 
56.98 0.02 -49.04 0.02 -0.23 0.45 
-26.00 0.94 -59.46 -0.34 -0.09 0.76 
-19.55 0.09 -78.04 -0.07 -0.14 0.45 
-145.25 -1.15 -79.64 0.50 -0.76 0.76 
-38.80 -0.23 -73.90 0.14 -0.97 0.97 
100.59 -1.60 -47.08 1.07 -0.87 0.93 
-13.98 -1.97 -44.58 0.60 -0.17 0.44 
-53.96 -1.43 -52.66 0.65 -0.64 0.59 
-53.47 -0.36 -66.73 0.47 -1.35 0.79 
8.42 -0.71 -84.73 0.40 -1.00 1.02 
86.71 -0.49 -87.23 0.25 -0.44 0.78 
-120.78 0.32 -77.37 -0.04 0.01 0.25 
-75.17 -0.43 -55.00 0.11 -0.15 0.73 
181.20 -0.23 -47.01 0.10 -0.30 0.36 
-10.33 -0.25 -36.19 0.12 -0.02 0.56 
-244.98 -2.30 -45.67 0.91 -0.49 0.71 
22.82 -0.69 -75.32 0.45 -0.29 1.17 
134.28 -0.53 -91.29 0.29 -0.97 0.82 
30.33 -0.37 -97.93 0.07 -0.23 0.30 
-108.79 -0.65 -81.87 0.31 -1.17 0.83 
59.16 -1.86 -55.71 0.89 -0.91 0.46 
-71.94 -1.04 -33.35 0.59 -1.20 0.67 
119.72 -1.17 -27.51 0.42 -0.67 0.30 
16.37 -1.22 -35.42 0.45 -0.71 0.52 
-53.53 -0.77 -42.83 0.35 -0.19 0.81 
-5.06 -0.43 -58.35 0.20 -0.37 0.63 
29.33 0.72 -81.88 -0.13 -0.08 0.37 
-45.61 -0.31 -94.14 0.06 -0.19 0.79 
3.50 -0.76 -97.19 0.26 -0.46 0.75 
-73.59 -0.69 -86.81 0.35 -1.03 1.01 
255.28 -2.14 -53.75 1.17 -0.36 0.67 
71.81 -2.51 -52.38 0.30 0.10 0.09 
-59.27 -1.99 -62.16 0.93 -0.54 0.68 
-214.43 -0.73 -72.89 0.72 -1.32 0.77 
96.54 0.13 -72.41 -0.04 -1.21 0.08 
89.42 -0.36 -76.04 0.12 -0.49 0.51 
41.79 1.33 -54.75 -0.26 -0.20 0.48 
59.98 0.85 -43.07 -0.20 -0.20 0.49 
24.50 0.81 -23.56 -0.19 0.23 0.50 
-66.65 -1.04 -15.02 0.25 -0.40 0.63 
-42.74 -0.93 -11.64 0.33 -0.34 0.82 
-52.43 -0.65 -14.88 0.28 -0.37 1.04 
-22.01 -1.26 -31.20 0.64 -0.61 0.84 
26.70 -0.64 -50.33 0.50 -1.01 1.01 
56.75 0.23 -70.61 -0.02 -0.18 0.40 
-51.74 -0.85 -63.37 0.30 -0.41 0.72 
-209.52 -0.74 -44.21 0.12 -0.62 0.53 
60.05 -1.30 -23.90 0.72 -1.10 0.35 
63.11 -0.98 -10.65 0.51 -0.91 0.72 
180.59 -2.05 -10.82 0.50 -0.28 0.25 
-15.90 -0.66 -16.02 0.23 -0.04 0.81 
50.23 -0.19 -32.64 0.04 -0.08 0.51 
49.21 0.84 -43.62 -0.16 0.14 0.54 
4.24 0.63 -66.07 -0.21 0.05 0.53 
-41.85 -0.72 -76.91 0.17 -0.13 0.88 
-59.15 -0.63 -73.41 0.28 -0.78 0.72 
-49.12 -0.27 -59.44 0.10 -0.80 0.82 
109.30 -1.83 -33.80 1.19 -0.46 1.09 
74.40 -1.80 -23.02 0.52 -0.13 0.39 
-55.16 -1.63 -37.39 0.65 -0.41 0.75 
-82.52 -1.58 -51.79 0.86 -0.64 0.76 
-14.87 -0.58 -65.76 0.37 -0.82 0.73 
69.75 -1.20 -71.34 0.59 -0.70 0.67 
-14.33 -0.58 -66.71 0.30 -0.59 0.74 
95.07 -0.18 -59.68 0.09 -0.23 0.52 
32.21 -0.05 -42.31 0.04 0.10 0.43 
24.79 0.48 -33.69 -0.14 -0.12 0.91 
-5.34 0.98 -24.09 -0.26 0.15 0.54 
-72.68 0.25 -12.60 -0.04 -0.16 0.66 
-115.32 -0.88 -16.44 0.16 -0.29 0.58 
-37.26 -1.13 -28.69 0.54 -0.91 1.02 
-29.58 -1.35 -40.44 0.72 -0.79 0.61 
8.83 -1.03 -58.91 0.64 -0.89 0.68 
94.34 -0.79 -72.49 0.44 -0.63 0.81 
21.98 0.33 -72.91 -0.02 -0.12 0.13 
-139.79 -0.30 -53.47 0.18 -0.62 0.82 
-33.03 -1.58 -41.16 0.56 -1.33 0.55 
126.56 -0.60 -20.39 0.32 -1.57 0.41 
117.68 -1.34 -15.26 0.46 -0.54 0.58 
155.34 -0.82 -15.21 0.26 -0.23 0.57 
31.34 -0.21 -31.18 0.10 -0.05 0.81 
15.11 0.00 -52.26 0.02 0.10 0.69 
13.24 0.59 -72.36 -0.16 -0.08 0.64 
193.63 2.75 -77.04 -0.45 0.01 0.24 
-55.56 -1.10 -84.59 0.38 -0.15 1.07 
-78.84 -0.76 -73.23 0.30 -0.49 1.02 
10.20 -1.07 -53.69 0.70 -1.05 1.10 
96.76 -1.44 -37.24 0.67 -0.51 0.71 
-1.18 -2.23 -39.56 0.44 -0.06 0.30 
-76.84 -1.87 -52.10 0.72 -0.29 0.68 
-43.41 -0.86 -70.86 0.84 -1.13 0.91 
22.89 0.24 -84.14 -0.05 -0.74 0.49 
-5.92 -0.11 -73.07 0.09 -0.42 0.50 
109.58 0.21 -62.73 -0.08 -0.32 0.68 
26.08 0.46 -47.21 -0.13 -0.17 0.59 
-43.82 0.31 -31.66 -0.06 -0.28 0.50 
-109.04 -0.80 -10.97 0.18 -0.13 0.55 
-2.65 -1.22 -11.64 0.33 0.08 0.74 
-24.28 -1.33 -28.68 0.76 -0.88 0.96 
95.95 -1.12 -45.07 0.63 -0.63 0.79 
28.47 -0.45 -52.58 0.14 -0.42 0.60 
-92.52 -0.55 -48.72 0.33 -0.36 1.03 
-15.36 -0.56 -27.42 0.21 -0.78 0.61 
21.96 -1.78 -3.89 0.89 -0.84 0.76 
85.34 -1.23 12.99 0.63 -0.85 0.64 
162.92 -0.93 13.51 0.33 -0.30 0.61 
41.14 -0.16 1.01 0.18 -0.35 0.98 
152.12 1.10 -27.71 -0.30 0.21 0.49 
-38.06 0.61 -54.26 -0.14 -0.05 0.47 
-40.24 0.00 -74.44 -0.04 -0.47 0.70 
132.05 -0.23 -81.97 0.00 -0.62 0.67 
-62.95 -0.74 -73.88 0.29 -0.44 0.98 
93.45 -1.57 -56.18 1.05 -1.05 1.12 
129.60 -1.73 -36.57 0.69 -0.22 0.54 
-102.43 -2.07 -44.17 0.54 -0.14 0.44 
-83.43 -1.16 -61.58 0.93 -0.99 1.14 
76.39 0.44 -90.98 -0.10 -0.41 0.55 
-103.46 -1.17 -84.03 0.31 -0.34 0.47 
122.65 0.73 -72.93 -0.22 -1.13 0.34 
70.53 0.32 -63.35 -0.11 -0.64 0.50 
16.02 -0.04 -54.71 -0.02 -0.40 0.51 
93.80 -0.07 -52.85 0.05 -0.30 0.62 
-12.38 -0.71 -132.84 0.25 -0.04 0.94 
-1.17 -0.62 -130.45 0.25 -0.31 0.86 
-54.51 -0.18 -125.38 0.08 -0.82 0.79 
-0.65 -0.96 -119.75 0.37 -1.27 0.61 
21.65 -1.42 -102.92 0.85 -0.70 0.93 
31.96 -1.63 -98.08 0.32 -0.16 0.31 
-96.11 -1.29 -112.09 0.63 -0.67 0.88 
-14.34 -0.85 -127.06 0.53 -1.00 0.52 
-1.16 -1.01 -140.98 0.68 -0.95 0.81 
18.07 -0.57 -132.95 0.24 -0.70 0.41 
64.92 -0.01 -127.04 0.03 -0.51 0.40 
68.46 -0.36 -116.30 0.10 -0.25 0.58 
18.94 0.77 -98.37 -0.17 0.07 0.52 
-114.98 -0.88 -74.49 0.23 -0.34 0.59 
60.90 -0.61 -71.78 0.20 -0.12 0.71 
-46.77 -0.94 -78.05 0.63 -0.48 1.45 
-85.85 -0.86 -78.70 0.56 -0.32 1.42 
13.93 -0.33 219.21 0.13 -0.49 0.52 
-23.15 -0.76 216.78 0.28 -0.57 0.68 
-9.65 -0.53 221.02 0.18 -0.66 0.58 
-16.02 -1.05 234.35 0.45 -0.94 0.63 
-186.53 -1.12 243.65 0.41 -1.01 0.45 
251.14 -1.55 253.28 0.67 -0.85 -0.34 
69.28 -1.87 252.61 0.66 -0.54 0.41 
34.26 -1.02 253.34 0.56 -0.81 0.58 
63.52 0.29 247.17 0.00 -0.16 0.51 
-1.07 0.20 228.65 -0.06 -0.10 0.73 
85.24 0.61 216.61 -0.06 -0.30 0.42 
-4.57 0.14 206.84 -0.07 -0.36 0.75 
-26.86 -0.33 192.07 0.02 -0.48 0.83 
-101.97 -0.69 204.68 0.28 -0.99 0.89 
27.57 -1.23 221.49 0.56 -0.95 0.67 
50.06 -1.60 233.45 0.64 -0.41 0.60 
5.24 -1.98 232.43 0.50 -0.19 0.39 
-140.93 -1.57 220.53 0.80 -0.65 0.81 
-95.07 -0.29 210.79 0.38 -1.40 0.36 
59.46 -0.70 210.30 0.44 -0.90 0.30 
136.32 -0.13 212.95 0.19 -0.83 0.50 
72.83 0.81 223.71 -0.21 -0.28 0.55 
22.91 0.49 242.40 -0.17 -0.28 0.71 
-58.65 -1.33 243.14 0.73 -0.58 1.08 
-49.44 -1.19 226.26 0.68 -0.70 0.77 
87.26 -1.23 272.73 0.72 -1.22 0.81 
12.92 -1.92 275.26 0.41 -0.29 0.23 
26.46 -1.23 266.28 0.51 -0.49 0.58 
62.15 -0.06 244.12 0.08 -0.28 0.64 
25.49 -0.01 226.50 0.06 -0.21 0.79 
-0.65 1.97 208.08 -0.47 -0.16 0.43 
-11.90 0.49 191.71 -0.23 -0.44 0.55 
-133.40 -0.48 195.44 0.16 -0.91 0.93 
80.62 -0.97 206.17 0.38 -0.80 0.85 
44.12 -1.52 218.23 0.69 -0.76 0.73 
33.99 -1.69 232.27 0.75 -0.25 0.68 
-12.78 -2.06 227.96 0.58 -0.18 0.45 
-233.81 -2.25 201.95 1.21 -0.60 0.65 
-27.56 -0.93 192.49 0.71 -1.40 0.26 
102.27 -0.62 192.10 0.31 -0.75 0.28 
121.75 0.16 215.03 0.03 -0.48 0.39 
59.73 0.26 232.37 -0.07 -0.08 0.70 
-30.53 -0.08 255.26 0.01 -0.12 0.61 
28.98 -0.83 264.67 0.20 -0.32 0.57 
-80.73 -0.81 265.63 0.33 -0.29 0.89 
-46.81 -1.67 257.12 0.87 -0.54 1.01 
-52.00 -0.69 233.47 0.54 -1.10 0.87 
42.40 -0.02 222.14 0.04 -0.64 0.51 
-44.42 -0.40 225.97 0.11 -0.69 0.56 
20.94 -1.75 242.42 0.81 -0.45 0.89 
-28.17 -1.45 260.43 0.64 -0.68 0.64 
83.82 -1.07 279.90 0.57 -0.95 0.24 
99.37 -0.97 283.17 0.33 -0.56 0.48 
54.20 -0.43 278.79 0.18 -0.34 0.74 
50.75 -0.20 263.69 0.07 -0.29 0.72 
7.36 -0.26 248.47 0.12 -0.21 0.68 
48.32 0.32 228.89 -0.10 -0.25 0.66 
-52.81 0.29 212.71 -0.11 -0.28 0.60 
5.82 -0.67 206.13 0.23 -0.63 0.87 
-44.78 -0.68 219.32 0.26 -0.71 0.85 
46.79 -1.35 234.90 0.68 -0.69 0.90 
48.84 -1.19 249.84 0.54 -0.51 0.68 
6.40 -1.04 253.00 0.26 -0.28 0.44 
-26.43 -1.35 246.98 0.47 -0.34 0.66 
-70.18 -1.16 232.66 0.64 -0.77 0.81 
-7.35 -0.70 219.42 0.48 -1.04 0.71 
44.40 -0.95 205.09 0.54 -0.82 0.64 
27.39 -0.68 208.60 0.25 -0.31 0.66 
-5.92 -0.57 219.56 0.27 -0.45 0.77 
49.95 0.13 238.56 -0.02 -0.30 0.62 
11.36 -0.59 253.69 0.17 -0.34 0.75 
-7.46 -0.70 268.24 0.19 -0.16 0.64 
-81.81 -1.15 273.22 0.26 -0.41 0.39 
-1.94 -1.58 272.49 0.58 -0.53 0.63 
-99.50 -1.47 265.89 0.81 -0.70 0.90 
-40.54 -1.44 252.04 0.73 -0.62 0.64 
-34.01 -0.93 237.30 0.52 -0.81 0.56 
-9.28 -0.88 226.77 0.44 -0.64 0.66 
25.37 -0.99 220.41 0.37 -0.41 0.61 
9.34 -0.88 220.97 0.25 -0.33 0.48 
-24.69 -0.71 227.78 0.22 -0.56 0.56 
82.01 -1.01 282.11 0.32 -0.27 0.55 
30.48 -0.50 269.58 0.19 -0.14 0.70 
41.26 -0.29 249.85 0.09 -0.16 0.61 
-25.53 -0.51 229.54 0.08 -0.05 0.61 
-18.62 -1.12 219.84 0.44 -0.43 1.02 
-82.36 -1.14 222.58 0.46 -0.38 0.78 
-26.31 -0.63 231.55 0.35 -0.71 0.96 
68.83 -1.54 252.22 0.81 -0.50 0.91 
28.34 -2.09 256.44 0.50 -0.15 0.35 
-70.22 -1.65 248.86 0.67 -0.38 0.73 
-20.96 -1.02 233.69 0.78 -1.10 0.81 
40.17 -0.59 225.54 0.38 -0.99 0.51 
-62.55 -1.58 215.66 0.46 -0.43 0.51 
76.00 -0.47 222.06 0.20 -0.29 0.67 
20.22 0.12 236.76 0.00 -0.20 0.78 
53.07 -0.08 250.06 0.03 -0.17 0.76 
4.48 -0.31 264.64 0.10 -0.03 0.70 
31.40 -0.58 275.79 0.14 -0.08 0.51 
-207.23 -1.30 274.58 0.53 -0.31 1.04 
-47.62 -1.10 268.73 0.57 -0.39 0.97 
-13.38 -0.89 254.41 0.46 -0.52 0.88 
10.03 -1.00 237.47 0.45 -0.67 0.71 
-1.47 -0.34 230.66 0.09 -0.33 0.57 
-47.79 -0.48 244.56 0.17 -0.64 0.80 
-15.88 -1.41 265.47 0.80 -0.73 0.97 
90.97 -0.96 279.83 0.42 -0.87 0.56 
-33.78 -1.18 288.20 0.42 -0.27 0.63 
129.12 -0.80 276.36 0.25 -0.40 0.47 
70.09 -0.30 263.22 0.13 -0.24 0.78 
-37.32 -0.50 248.78 0.20 -0.25 0.80 
-13.13 0.01 236.52 0.03 -0.35 0.74 
56.04 1.17 223.42 -0.24 -0.17 0.36 
-54.41 -0.88 215.97 0.28 -0.33 0.84 
-28.37 -0.41 219.99 0.18 -0.40 1.01 
15.11 -0.81 231.40 0.29 -0.58 0.71 
49.46 -1.45 251.01 0.71 -0.77 0.84 
-18.04 -1.55 250.32 0.55 -0.11 0.65 
-102.21 -1.39 225.55 0.44 -0.44 0.42 
-244.98 -2.75 182.49 1.22 -0.50 0.04 
-244.98 -2.54 155.39 1.21 -0.26 -0.56 
-90.56 -2.79 157.33 0.93 -0.21 -0.33 
-65.85 -2.75 157.45 1.31 0.00 -0.44 
-30.43 -2.83 158.54 1.05 0.11 -0.31 
19.76 -3.14 157.83 0.91 -0.14 -0.13 
