253.17 -2.23 -281.78 1.05 0.16 -0.37 
4.66 -2.90 290.48 1.04 0.01 -0.25 
5.49 -2.88 293.36 1.04 0.06 -0.23 
7.88 -2.86 290.37 1.03 0.04 -0.25 
104.23 -1.50 176.82 0.70 -0.53 -0.99 
72.64 0.88 210.80 -0.15 -0.23 -0.10 
46.76 0.33 215.68 -0.11 -0.19 0.73 
-63.40 3.07 210.19 -0.87 -0.35 -0.06 
-166.37 0.48 204.77 -0.34 -0.62 0.33 
7.12 3.05 204.24 -0.65 -0.36 0.09 
-52.76 0.20 153.89 0.24 -0.54 -0.53 
-67.87 -1.72 120.24 0.94 -0.26 -0.66 
-112.30 0.47 149.38 -0.02 -0.52 0.13 
-247.09 -2.07 151.35 0.82 0.00 -0.64 
23.49 -2.17 174.80 1.43 -0.69 -0.79 
113.84 -1.76 224.14 1.38 -0.55 -1.29 
155.14 -1.86 267.28 0.42 -0.31 -0.51 
-58.95 2.09 283.29 -0.66 -0.27 0.38 
88.42 3.08 278.12 -0.76 -0.29 0.13 
-165.55 1.82 271.79 -0.67 -0.37 0.14 
16.04 0.91 279.71 0.00 -0.71 0.32 
-69.64 -0.08 216.77 0.48 -0.72 -0.76 
142.65 -1.98 190.33 0.86 0.13 -0.73 
252.64 -1.19 240.27 0.10 -0.08 -0.35 
-102.20 -2.08 232.71 1.06 -0.38 -0.61 
-47.90 -1.96 282.41 1.40 -0.77 -1.00 
77.81 -1.78 -326.29 1.12 -0.59 -1.38 
100.83 -1.47 -298.83 0.18 -0.16 -0.27 
184.17 1.35 -283.85 -0.51 -0.05 0.52 
-34.07 2.91 -284.75 -0.70 -0.27 0.15 
-239.63 1.17 -290.99 -0.63 -0.64 0.21 
11.92 2.67 -293.31 -0.38 -0.26 0.28 
-83.00 -0.23 299.11 0.26 -0.43 -0.30 
-20.43 -2.53 248.75 1.57 -0.02 -1.05 
-119.39 -1.76 262.69 0.88 0.36 -0.56 
27.34 -1.54 292.54 1.13 -1.13 -1.10 
98.33 -1.80 -317.59 1.03 -0.58 -1.44 
165.75 -0.63 -290.70 0.04 -0.18 -0.25 
49.08 -0.37 -275.81 0.01 -0.09 0.67 
-116.07 2.95 -283.47 -0.79 -0.10 0.23 
-109.68 0.42 -287.10 -0.28 -0.50 0.37 
-121.11 3.47 -301.54 -1.04 -0.64 -0.03 
-138.44 -0.19 303.72 0.30 -0.52 -0.39 
-60.86 -1.40 265.83 0.87 -0.35 -0.70 
-111.46 -0.89 259.81 0.65 -1.05 -0.83 
-247.09 -1.76 257.16 0.78 -0.30 -0.69 
107.23 -1.82 282.57 1.28 -0.83 -1.01 
59.95 -1.51 -322.84 1.01 -0.67 -1.21 
87.16 -0.78 -289.79 0.08 -0.27 -0.18 
26.92 0.25 -276.03 -0.15 -0.15 0.55 
-116.18 2.52 -281.01 -0.70 -0.30 0.23 
-122.72 0.28 -287.90 -0.19 -0.38 0.33 
-166.85 3.32 -313.07 -0.77 -0.41 -0.05 
-84.29 -0.80 291.93 0.48 -0.36 -0.46 
-172.08 -2.67 263.36 2.34 0.53 -1.42 
239.89 -1.28 297.82 1.83 0.68 -1.51 
-192.95 -1.89 289.59 1.10 -0.48 -0.80 
59.59 -1.91 -315.83 1.47 -0.76 -1.42 
116.30 -1.95 -271.53 0.97 -0.37 -1.31 
154.34 -0.63 -248.70 0.05 -0.23 0.00 
166.71 1.92 -247.88 -0.53 0.17 0.67 
-244.05 0.04 -244.62 -0.23 -0.83 0.37 
-161.11 2.06 -257.35 -0.42 -0.52 0.23 
-54.08 0.09 -307.71 0.19 -0.60 -0.54 
-113.59 -1.71 -325.55 1.04 -0.29 -0.87 
181.69 -3.06 -289.68 1.01 0.06 -0.50 
-191.65 -1.78 -255.47 1.19 -0.88 -0.95 
121.68 -1.66 -205.53 1.41 -0.75 -1.80 
130.81 -1.47 -174.39 0.42 -0.16 -0.70 
-21.86 0.85 -158.05 -0.13 -0.05 0.37 
-70.92 2.51 -161.06 -0.67 -0.22 0.35 
-118.18 0.51 -160.29 -0.38 -0.79 0.32 
-126.95 3.12 -173.78 -0.60 -0.38 0.14 
-56.88 -0.12 -223.88 0.37 -0.63 -0.47 
-218.21 -2.86 -226.88 1.83 -0.07 -1.13 
253.17 -2.76 -202.07 0.67 -0.18 -0.36 
-247.09 -2.20 -173.15 1.16 -0.52 -0.68 
148.10 -1.59 -132.36 1.33 -0.93 -1.46 
198.62 -1.76 -93.52 0.96 -0.41 -1.17 
-43.62 1.49 -71.91 -0.12 -0.12 -0.06 
193.30 1.20 -69.57 -0.30 -0.38 0.67 
-93.82 2.54 -71.11 -1.08 -0.29 -0.05 
-247.09 -0.53 -56.91 0.74 -1.16 1.00 
-247.09 -0.13 -91.40 0.24 -0.53 -0.14 
-48.95 -1.03 -139.84 0.61 -0.37 -0.87 
-247.09 -0.82 -179.50 1.59 -0.91 -1.54 
-64.56 -1.51 -174.57 0.70 0.38 -0.47 
84.38 -1.65 -137.77 1.15 -0.92 -1.08 
93.81 -1.89 -96.42 1.32 -0.50 -1.42 
114.27 -1.43 -69.11 0.41 -0.35 -0.72 
-25.69 -0.30 -59.10 -0.03 -0.61 0.56 
253.17 3.13 -55.41 -0.83 -0.09 0.19 
-234.54 -0.85 -60.40 0.10 -0.45 0.58 
-247.09 1.54 -73.47 -0.42 -0.74 -0.04 
-101.18 0.20 -124.07 0.28 -0.81 -0.39 
-247.09 -1.75 -149.42 1.03 -0.45 -0.77 
-209.13 -0.52 -144.03 0.74 -1.45 -0.14 
-138.47 -1.85 -147.23 0.91 -0.22 -0.72 
182.07 -1.96 -125.58 1.47 -0.85 -1.01 
35.12 -1.69 -77.10 1.12 -0.55 -1.19 
151.09 -1.82 -30.12 0.37 -0.24 -0.31 
-121.14 -0.07 -9.99 -0.17 -0.13 0.81 
-85.79 2.43 -12.71 -1.06 -0.42 0.23 
49.76 0.61 -30.63 -0.26 -0.45 0.34 
-222.98 0.60 -37.39 0.01 -0.37 0.12 
-149.08 0.48 -87.75 0.10 -0.74 -0.90 
-231.30 -2.10 -112.55 1.65 0.03 -1.15 
212.41 -2.64 -77.36 1.19 -0.21 0.88 
-141.86 -2.07 -75.69 1.08 -0.38 -0.67 
118.06 -2.00 -31.27 1.63 -0.60 -1.13 
110.87 -1.75 14.72 0.94 -0.45 -0.97 
104.76 0.25 49.48 -0.07 -0.33 -0.08 
74.08 1.83 43.28 -0.56 -0.04 0.84 
-213.95 2.40 48.38 -0.77 -0.25 0.18 
37.14 0.90 55.01 0.00 -0.35 0.29 
-159.50 -0.02 7.10 0.35 -0.82 -0.19 
-176.18 -0.19 -25.58 0.47 -0.48 -0.90 
-211.22 -2.15 -52.02 2.17 -0.16 -1.36 
177.17 -1.54 -53.62 0.97 0.72 -0.63 
-16.27 -1.34 -36.28 1.01 -0.56 -0.90 
82.81 -2.09 2.09 1.53 -0.77 -1.19 
93.28 -1.63 40.80 0.84 -0.52 -1.09 
72.23 -0.28 78.93 0.00 -0.14 -0.08 
123.13 0.44 83.17 -0.09 -0.35 0.67 
-149.24 2.06 77.56 -0.58 -0.21 0.44 
-247.09 0.78 78.02 -0.51 -0.72 0.30 
-135.44 2.30 63.70 -0.62 -0.64 0.05 
-99.93 -0.05 13.35 0.30 -0.55 -0.40 
-3.46 -2.75 -2.34 1.34 0.06 -1.15 
253.17 -2.46 34.37 0.57 -0.24 -0.45 
-207.95 -2.36 35.62 1.38 -0.59 -0.69 
36.72 -1.94 85.31 1.74 -0.64 -1.18 
131.10 -1.83 131.62 1.01 -0.44 -1.08 
73.59 -0.33 168.81 0.00 -0.13 -0.10 
124.03 0.31 177.81 -0.09 0.10 0.81 
-215.24 3.14 169.49 -0.81 0.07 0.07 
-19.01 -0.64 156.35 0.17 -0.96 0.63 
-151.59 1.16 142.43 -0.08 -0.48 0.14 
22.53 -0.31 92.07 0.55 -0.61 -0.70 
-247.09 -2.59 41.72 3.39 -0.54 -2.05 
-167.85 -1.76 45.78 0.62 0.09 -0.53 
134.73 -2.04 76.04 1.55 -0.75 -0.96 
22.44 -2.08 125.73 1.37 -0.44 -1.20 
129.95 -1.55 157.55 0.41 -0.32 -0.62 
81.82 -0.07 180.43 -0.09 -0.25 0.72 
74.27 2.73 169.74 -0.77 0.13 0.32 
-247.09 -0.24 176.03 -0.02 -0.83 0.43 
-84.18 1.66 148.77 -0.36 -0.67 0.36 
-195.63 -0.17 111.81 0.43 -0.64 -0.55 
-106.53 -1.78 77.63 1.33 -0.01 -1.08 
219.69 -1.36 65.78 0.67 -0.85 -0.15 
-247.09 -1.75 86.65 1.73 -1.06 -0.93 
-4.07 -1.74 136.35 1.31 -0.27 -1.07 
155.47 -1.74 180.66 0.55 -0.44 -0.55 
-123.95 0.40 212.79 -0.18 -0.05 0.48 
138.45 2.80 211.61 -0.81 -0.01 0.33 
-233.95 0.52 222.62 -0.16 -0.41 0.12 
-124.85 3.35 205.22 -0.53 -0.25 0.13 
-50.63 0.22 154.86 0.39 -0.69 -1.10 
-203.92 -1.98 104.76 2.80 0.03 -2.08 
-131.40 -2.70 130.75 1.57 0.46 -0.33 
-14.43 -1.74 134.50 1.04 -0.37 -0.77 
142.63 -2.21 171.92 1.67 -0.55 -1.21 
154.15 -1.94 214.28 1.16 -0.45 -1.11 
76.59 -1.14 257.17 0.12 -0.24 -0.10 
65.04 -0.61 283.07 0.06 0.09 0.55 
-164.59 1.76 281.71 -0.74 0.27 0.59 
-153.02 -1.57 278.89 0.82 -0.94 1.26 
-232.41 0.20 278.35 0.09 -0.34 0.38 
152.46 0.18 228.00 0.50 -0.77 -1.35 
-247.09 -2.89 177.64 3.37 -0.16 -2.02 
253.17 -2.20 186.63 0.94 0.07 -0.52 
-94.61 -1.57 203.33 1.28 -0.99 -1.06 
56.75 -2.28 253.03 1.81 -0.25 -1.33 
176.98 -2.07 303.80 0.46 -0.17 -0.43 
28.44 0.93 327.22 -0.27 -0.09 0.44 
-107.47 2.57 320.10 -0.69 -0.15 0.31 
-164.39 -0.33 -320.48 -0.05 -0.37 0.42 
-179.88 1.06 320.90 -0.04 -0.35 0.19 
123.79 -0.35 270.55 0.88 -0.84 -1.19 
-247.09 -3.17 320.24 3.90 -0.28 -1.73 
-160.05 -1.27 302.84 0.75 0.49 -0.49 
252.06 -1.85 324.10 1.38 -0.93 -1.02 
14.82 -2.08 -281.56 1.42 -0.52 -1.22 
157.90 -1.94 -237.68 0.34 -0.13 -0.31 
43.31 0.86 -216.28 -0.22 -0.05 0.41 
154.64 2.26 -215.32 -0.64 -0.18 0.63 
-158.14 1.95 -214.55 -0.72 -0.19 0.33 
122.05 1.13 -186.41 -0.05 -0.41 0.14 
-87.08 -0.03 -236.51 0.29 -0.57 -0.37 
-158.38 -2.07 -277.22 1.59 -0.67 -1.01 
-35.17 0.02 -253.47 0.27 -0.82 -0.51 
-153.37 -1.99 -246.59 0.93 -0.57 -0.53 
160.72 -1.93 -202.55 1.62 -0.77 -0.99 
114.82 -1.39 -153.76 0.78 -0.62 -0.88 
70.33 2.93 -127.74 -0.32 -0.04 -0.04 
-2.20 1.78 -121.13 -0.47 -0.30 0.19 
143.76 1.71 -116.92 -0.53 -0.58 0.40 
-127.27 0.15 -126.53 -0.25 -0.51 0.28 
-64.99 2.28 -118.46 -0.27 -0.11 0.29 
-111.61 0.68 -148.74 0.05 -0.56 -0.27 
44.30 -1.67 -199.35 1.27 -0.69 -0.62 
-71.88 -2.79 -223.55 1.87 -0.08 -0.84 
85.27 -1.99 -217.40 1.04 0.22 -0.62 
118.03 -1.96 -194.85 1.41 -0.82 -0.74 
49.14 -2.00 -145.40 1.45 -0.43 -1.00 
126.65 -1.17 -112.29 0.28 -0.43 -0.42 
110.79 0.51 -87.73 -0.13 -0.50 0.04 
130.46 2.43 -82.22 -0.76 -0.07 0.64 
-237.02 2.60 -82.30 -0.80 -0.22 0.17 
-40.02 -1.04 -87.53 1.06 -0.91 1.95 
-95.10 0.92 -137.89 0.00 -0.52 0.09 
-216.28 -1.58 -188.24 1.17 -0.86 -0.63 
-100.44 -2.59 -239.53 1.78 -0.56 -0.69 
-109.78 -2.23 -241.54 0.86 0.04 -0.44 
-118.26 -2.19 -229.03 1.66 -0.77 -0.43 
23.34 -1.97 -179.33 1.54 -0.62 -1.11 
172.47 -1.95 -136.00 0.33 -0.20 -0.28 
12.94 0.77 -113.58 -0.20 -0.23 0.41 
143.09 2.56 -112.25 -0.64 -0.02 0.42 
-189.50 1.56 -114.64 -0.75 -0.54 0.17 
-68.61 1.25 -95.18 -0.13 -0.56 0.23 
-140.76 0.20 -144.72 0.20 -0.62 -0.22 
-44.36 -1.41 -195.07 1.09 -0.86 -0.79 
-83.28 -2.51 -213.78 1.59 -0.01 -0.82 
114.97 -2.03 -208.64 1.23 0.34 -0.69 
44.59 -1.92 -168.02 1.59 -1.11 -0.82 
50.36 -1.53 -118.33 1.10 -0.71 -1.25 
91.08 -1.22 -80.58 0.14 -0.21 -0.33 
19.04 0.53 -83.83 -0.28 -0.54 0.61 
100.59 2.35 -79.30 -0.69 -0.46 0.26 
-161.95 0.60 -85.78 -0.37 -0.44 0.52 
62.40 1.01 -96.65 -0.10 -0.48 0.36 
-107.06 0.54 -146.56 0.04 -0.75 -0.11 
-177.65 -1.62 -182.63 0.92 -0.66 -0.78 
-151.81 -2.21 -204.08 1.97 -0.25 -1.18 
131.47 -2.29 -198.67 1.09 0.21 -0.57 
111.10 -1.89 -171.53 1.39 -0.94 -0.79 
87.23 -1.74 -122.08 1.27 -0.71 -1.10 
36.44 -0.97 -82.47 0.28 -0.51 -0.53 
38.59 0.78 -61.54 -0.21 0.02 0.45 
63.07 1.74 -62.28 -0.52 -0.35 0.63 
-130.42 2.18 -60.27 -0.84 -0.32 0.36 
-129.57 -0.67 -58.08 0.81 -0.91 1.39 
-247.09 1.14 -69.85 0.00 -0.40 -0.12 
-65.85 -0.82 -119.96 0.81 -0.82 -0.63 
-247.09 -1.62 -102.30 1.57 -0.84 -0.75 
-218.18 -2.12 -87.59 0.79 -0.06 -0.47 
112.10 -1.54 -58.16 1.38 -0.91 -1.18 
56.29 -1.84 -8.46 1.22 -0.59 -1.15 
99.46 -1.43 30.94 0.23 -0.23 -0.24 
38.07 0.17 44.15 -0.20 -0.07 0.73 
-0.21 2.36 44.34 -0.65 -0.46 0.24 
-59.73 1.30 39.64 -0.57 -0.29 0.51 
98.14 0.44 38.71 0.04 -0.46 0.43 
-166.27 -1.02 -11.39 0.42 -0.36 -0.08 
-202.66 -2.17 -47.31 1.34 -0.72 -0.65 
-213.16 -2.37 -59.25 1.63 -0.40 -0.91 
42.07 -2.13 -56.42 1.06 0.09 -0.65 
104.60 -1.76 -9.10 1.38 -0.78 -1.07 
95.48 -1.64 40.60 0.99 -0.67 -1.07 
105.86 -1.31 73.91 0.11 -0.22 -0.14 
61.60 1.07 77.46 -0.27 -0.21 0.74 
-89.60 2.40 73.29 -0.90 -0.52 -0.10 
-59.22 0.88 67.23 -0.50 -0.65 0.41 
-57.66 0.78 63.63 -0.03 -0.30 0.37 
-67.76 0.13 13.03 0.36 -0.74 -0.75 
-104.23 -2.26 -19.01 1.38 -0.34 -0.85 
-123.28 -2.27 0.72 1.11 -0.34 -0.41 
65.28 -1.82 44.74 1.52 -1.09 -0.80 
111.80 -1.46 94.44 1.03 -0.69 -1.19 
-18.21 1.04 124.80 -0.11 -0.17 -0.06 
36.00 0.69 129.31 -0.16 -0.55 0.65 
-11.46 1.97 127.75 -0.66 -0.66 -0.01 
-91.17 0.55 116.67 -0.38 -0.59 0.48 
-51.74 2.15 114.72 -0.20 -0.26 0.14 
-127.01 -0.14 64.62 0.30 -0.58 -0.58 
80.75 -1.26 15.01 1.30 -0.81 -1.07 
-247.09 -1.28 40.22 1.10 -0.71 -0.74 
-217.42 -1.81 63.98 1.29 -0.97 -0.62 
34.65 -2.00 126.11 1.40 -0.68 -1.21 
158.63 -1.09 164.79 0.21 -0.08 -0.43 
152.58 0.16 170.20 -0.03 -0.41 0.61 
70.17 3.20 167.79 -0.84 -0.26 0.16 
-80.95 0.24 182.55 -0.25 -0.59 0.88 
-115.27 1.38 176.19 -0.28 -0.50 0.30 
176.16 -0.52 113.25 0.42 -0.69 -0.62 
-111.44 -2.53 107.92 1.53 -0.26 -0.68 
8.84 -3.08 119.26 1.23 -0.02 -0.14 
-26.35 -2.69 128.19 1.46 -0.53 -0.15 
125.49 -1.54 177.88 1.77 -0.78 -1.21 
92.43 -1.50 227.33 0.59 -0.44 -0.72 
60.10 0.72 248.63 -0.15 -0.01 0.32 
17.93 2.15 244.34 -0.47 -0.38 0.36 
-77.25 2.98 239.95 -1.01 -0.18 0.17 
-154.95 0.33 269.71 0.29 -2.04 0.89 
-96.01 1.20 234.49 -0.09 -0.32 0.14 
-123.40 -0.76 185.59 0.56 -0.83 -0.57 
63.21 -1.48 300.16 1.45 -0.91 -1.28 
77.10 -1.38 304.14 1.38 -0.90 -1.36 
138.66 -1.45 -307.90 0.40 -0.33 -0.57 
63.10 1.04 -290.74 -0.04 -0.09 0.00 
-118.73 0.79 -295.66 -0.32 -0.57 0.56 
-2.14 1.40 -325.35 -0.08 -0.59 -0.46 
-10.98 -1.82 290.52 1.08 -0.61 -0.62 
-70.63 -2.40 266.02 1.68 -0.60 -0.56 
-35.27 -2.01 260.68 0.83 -0.10 -0.55 
50.92 -1.75 322.50 1.59 -0.93 -0.91 
57.09 -1.48 -282.92 0.93 -0.66 -1.06 
-37.66 0.54 -255.80 -0.07 -0.15 -0.08 
77.56 0.08 -252.05 0.10 -0.42 0.98 
-50.39 2.50 -248.39 -0.75 -0.41 0.15 
-152.89 2.06 -257.08 -0.89 -0.39 -0.13 
138.49 2.49 -265.03 -0.48 -0.41 0.19 
-154.08 0.01 -311.50 0.20 -0.57 -0.25 
-57.33 -1.66 300.94 1.11 -0.66 -0.62 
-76.85 -2.59 266.52 1.89 -0.51 -0.80 
-201.45 -2.33 269.92 1.03 -0.33 -0.32 
112.27 -1.87 314.06 1.62 -0.86 -1.03 
75.40 -1.56 -291.60 0.84 -0.55 -1.09 
20.22 1.01 -260.92 -0.13 -0.22 -0.03 
82.58 0.18 -258.23 0.01 -0.16 0.77 
-76.14 2.66 -265.18 -1.07 -0.40 0.03 
-73.67 0.31 -270.33 -0.23 -0.61 0.59 
-98.91 1.36 -286.79 -0.32 -0.56 0.41 
-104.16 0.08 318.21 0.28 -0.62 -0.45 
-22.74 -1.99 286.26 1.07 -0.51 -0.79 
162.01 -2.62 306.31 0.84 -0.05 -0.36 
-54.05 -1.86 -324.39 1.42 -0.91 -0.67 
84.20 -1.69 -274.69 1.33 -0.68 -1.05 
52.30 -1.23 -225.49 0.43 -0.52 -0.68 
27.39 1.54 -204.92 -0.27 -0.21 0.19 
54.10 2.71 -206.86 -0.75 -0.08 0.43 
-12.41 2.79 -206.00 -0.92 -0.32 0.11 
-220.59 -0.56 -204.08 0.78 -1.34 1.20 
-88.47 1.10 -233.16 -0.08 -0.55 0.01 
-132.31 -0.96 -283.51 0.58 -0.65 -0.56 
2.56 -2.88 309.15 1.97 -0.22 -0.82 
-128.58 -2.16 301.87 0.94 0.04 -0.53 
106.71 -1.94 -318.59 1.58 -0.82 -0.81 
98.51 -1.54 -268.89 1.11 -0.79 -1.18 
54.78 -1.12 -226.54 0.10 -0.17 -0.17 
69.91 0.92 -222.12 -0.16 -0.03 0.54 
-12.18 2.99 -219.21 -0.99 -0.21 0.21 
-178.52 0.02 -229.98 -0.14 -0.94 0.56 
-120.47 1.71 -252.51 -0.20 -0.34 0.18 
70.90 -0.42 -302.87 0.71 -0.99 -0.47 
-118.69 -2.78 -322.80 1.65 -0.21 -0.82 
205.71 -2.44 -310.95 0.89 -0.17 -0.48 
-37.52 -2.88 -306.10 1.31 -0.23 -0.30 
-82.31 -1.66 -256.40 1.49 -0.75 -1.36 
180.90 -1.48 -218.26 0.67 -0.35 -0.98 
71.65 0.60 -194.00 -0.09 -0.23 0.00 
174.49 0.83 -188.41 -0.16 -0.43 0.60 
-117.79 2.64 -194.71 -0.88 -0.24 0.15 
-15.05 -0.15 -201.05 0.00 -0.69 0.65 
-169.30 0.70 -207.35 0.01 -0.54 0.08 
-76.31 -0.30 -259.35 0.54 -0.82 -0.84 
-26.34 -2.57 -301.06 1.66 -0.06 -0.72 
-68.28 -2.11 -297.56 0.94 0.03 -0.55 
145.68 -1.71 -264.84 1.41 -1.02 -1.05 
148.36 -1.78 -217.48 1.17 -0.75 -1.22 
8.47 -1.05 -173.26 0.11 -0.18 -0.21 
43.34 1.63 -179.99 -0.36 -0.29 0.62 
-29.12 2.32 -188.73 -0.81 -0.54 0.02 
-88.27 0.17 -202.66 -0.25 -0.75 0.30 
-45.30 1.67 -211.07 -0.39 -0.77 0.10 
-111.44 -0.14 -252.98 0.23 -0.52 -0.27 
220.56 -2.75 -303.33 1.29 -0.43 -0.77 
128.25 -0.71 -294.46 0.49 -0.93 -0.71 
-81.79 -2.20 -279.46 1.20 -0.56 -0.39 
84.06 -2.02 -229.76 1.88 -0.75 -1.35 
166.42 -1.37 -180.06 0.61 -0.44 -0.95 
146.52 -0.13 -156.33 -0.02 0.18 0.31 
7.66 3.15 -163.99 -0.95 -0.05 0.34 
-230.66 2.55 -167.66 -0.93 -0.25 0.11 
-129.47 1.10 -143.08 -0.48 -1.11 0.49 
-35.53 1.30 -180.39 -0.09 -0.46 -0.20 
40.18 -0.22 -243.58 0.70 -0.90 -0.99 
-247.09 -2.11 -218.00 2.27 -1.01 -1.23 
-211.01 -1.55 -206.92 0.67 -0.23 -0.60 
145.70 -1.45 -167.23 1.24 -1.14 -1.46 
152.91 -1.54 -120.00 0.79 -0.55 -1.23 
53.40 0.46 -98.37 -0.17 -0.21 0.41 
65.23 2.51 -96.69 -0.59 -0.23 0.40 
-91.62 2.64 -108.26 -0.90 -0.35 0.00 
-129.69 0.36 -116.67 -0.25 -0.65 0.45 
-111.96 1.47 -127.04 -0.14 -0.44 0.04 
181.94 -0.05 -177.64 0.43 -0.96 -0.51 
-167.21 -2.56 -190.63 1.28 -0.41 -0.57 
150.04 -1.67 -179.01 0.73 -0.35 -0.52 
29.81 -1.91 -134.19 1.64 -0.89 -0.58 
102.25 -1.62 -84.25 1.32 -0.75 -0.90 
61.78 -1.28 -34.80 0.13 -0.05 -0.21 
-50.55 1.45 -28.82 -0.50 0.07 0.65 
-27.06 3.20 -27.58 -0.90 -0.12 0.18 
-225.01 1.10 -37.83 -0.57 -0.77 0.28 
-33.32 1.14 -54.62 -0.23 -0.82 0.16 
-60.81 0.21 -97.18 0.14 -0.54 -0.39 
-74.98 -2.13 -143.08 1.49 -0.73 -0.83 
-61.27 -1.09 -127.85 0.81 -0.76 -0.55 
-43.11 -1.61 -88.05 1.38 -1.42 -0.65 
68.66 -1.41 -43.67 0.87 -0.82 -1.19 
44.84 -1.27 -2.89 0.21 -0.32 -0.23 
155.33 0.08 16.74 -0.11 -0.02 0.63 
25.56 2.43 12.88 -0.80 -0.37 0.42 
-108.24 2.57 7.94 -0.76 -0.38 0.12 
-84.51 0.00 -19.96 -0.02 -0.61 0.52 
-105.77 0.01 -74.05 0.24 -0.52 -0.50 
69.30 -1.58 -113.27 0.87 -0.51 -0.77 
253.17 -1.16 -107.64 0.44 -0.62 -0.58 
-182.55 -1.73 -83.36 1.23 -1.05 -0.59 
56.55 -1.51 -33.41 1.24 -0.91 -1.22 
88.43 -1.72 6.70 0.41 -0.37 -0.31 
14.36 1.70 24.72 -0.35 -0.07 0.27 
23.44 3.16 20.32 -0.87 0.04 0.28 
-212.59 1.37 15.82 -0.61 -0.63 0.10 
1.24 1.55 20.02 -0.38 -0.80 0.03 
-105.55 0.37 -12.88 0.13 -0.66 -0.36 
13.73 -1.56 -63.48 0.75 -0.55 -0.56 
-247.09 -3.26 -89.63 2.86 -0.25 -0.80 
-246.17 -2.30 -84.33 1.07 -0.09 -0.43 
91.59 -1.69 -41.44 1.32 -0.80 -1.12 
96.03 -1.49 5.42 0.79 -0.55 -1.15 
45.07 0.33 28.90 -0.08 -0.26 -0.16 
237.25 2.49 29.45 -0.65 -0.33 0.53 
-25.52 3.30 28.29 -1.00 -0.15 -0.03 
-247.09 1.22 29.26 -0.61 -0.50 0.37 
-51.38 1.12 19.04 -0.13 -0.44 0.39 
-83.20 -0.82 -31.56 0.32 -0.46 -0.30 
14.81 -1.75 -77.17 1.45 -0.95 -0.96 
-188.25 -2.95 -63.27 1.45 -0.17 -0.28 
-117.67 -1.62 -14.92 1.44 -1.25 -0.38 
41.26 -1.35 34.52 0.96 -0.75 -1.27 
2.35 0.76 60.84 -0.06 -0.13 -0.09 
34.91 1.80 62.23 -0.52 -0.04 0.62 
-63.90 2.63 54.55 -0.77 -0.44 0.02 
-122.98 1.28 51.11 -0.67 -0.81 -0.04 
-69.65 0.49 47.02 -0.04 -1.13 0.41 
158.36 0.58 -3.08 0.12 -0.80 -0.29 
-118.85 -2.03 -41.87 1.14 -0.86 -0.38 
21.72 -2.84 -58.14 1.31 -0.27 -0.39 
-52.92 -2.12 -41.01 1.38 -0.73 -0.19 
-8.38 -1.41 8.44 1.23 -0.97 -0.95 
35.09 -0.87 58.14 0.35 -0.59 -0.61 
12.69 2.95 82.45 -0.56 -0.11 0.11 
102.75 1.48 80.22 -0.46 -0.33 0.75 
-78.54 2.08 74.85 -0.72 -0.58 -0.05 
-88.59 0.65 65.53 -0.38 -0.78 0.45 
21.49 1.00 74.45 -0.14 -0.77 0.31 
-39.76 0.15 24.35 0.17 -0.49 -0.18 
-48.96 -2.33 -25.84 1.18 -0.70 -0.38 
-83.47 -2.50 -32.03 1.37 -0.31 -0.69 
30.39 -2.30 -26.75 0.93 -0.12 -0.47 
-76.40 -1.73 -6.07 1.31 -0.97 -0.47 
14.53 -1.63 43.87 1.37 -0.95 -1.07 
119.35 -1.75 89.19 0.43 -0.38 -0.42 
0.43 1.43 105.01 -0.31 -0.14 0.29 
45.14 2.30 107.80 -0.59 -0.35 0.42 
-222.31 2.67 106.93 -0.96 -0.41 -0.26 
-74.47 1.61 89.24 -0.62 -0.49 0.34 
56.20 1.70 81.43 -0.40 -0.85 0.09 
203.30 1.92 31.33 -0.31 -0.45 -0.02 
-190.76 -1.43 -5.13 0.87 -0.97 -0.53 
6.02 -2.72 -27.48 1.31 -0.36 -0.41 
-56.30 -2.79 -20.43 1.21 -0.27 -0.14 
36.30 -1.44 29.02 1.35 -1.36 -1.12 
16.59 2.20 40.60 -0.48 -0.32 0.42 
-4.99 2.61 32.54 -0.91 -0.34 -0.08 
-48.50 0.19 15.76 -0.21 -0.90 0.58 
-59.58 1.70 6.43 -0.28 -0.53 0.19 
42.50 0.44 -43.67 0.11 -0.72 -0.38 
39.89 -2.25 -90.66 1.06 -0.61 -0.52 
-247.09 -1.52 -81.17 1.43 -0.84 -0.62 
-145.62 -1.84 -62.05 1.09 -0.76 -0.36 
30.84 -1.66 -20.14 1.23 -0.97 -0.74 
60.75 -1.06 25.02 0.62 -0.83 -0.85 
56.93 0.62 60.91 -0.05 -0.16 -0.09 
68.70 1.38 69.22 -0.51 -0.05 0.69 
-85.78 2.74 60.79 -0.89 -0.38 0.05 
-106.53 1.30 48.51 -0.62 -0.68 0.09 
-119.37 0.54 70.66 -0.07 -1.18 0.30 
-91.21 0.87 39.18 -0.02 -0.51 -0.05 
72.59 -1.43 -11.17 0.71 -0.77 -0.32 
-74.95 -2.63 -28.06 1.21 -0.29 -0.47 
57.49 -1.73 -18.51 0.67 -0.40 -0.51 
-22.29 -1.72 2.03 1.34 -1.02 -0.59 
75.99 -1.73 45.80 1.29 -0.84 -0.96 
124.34 -1.09 96.26 0.38 -0.67 -0.70 
66.64 1.02 121.52 -0.20 0.03 0.32 
6.39 1.29 123.55 -0.37 -0.26 1.00 
-50.34 2.97 112.41 -0.96 -0.38 0.00 
-49.29 1.43 103.39 -0.62 -0.74 0.34 
-32.53 0.67 96.33 -0.33 -0.93 0.48 
0.15 1.44 79.87 -0.29 -0.58 0.14 
12.34 -1.60 16.68 0.48 -0.52 -0.18 
-64.73 -1.98 -9.96 1.36 -0.74 -0.70 
253.17 -2.11 -7.38 0.61 -0.27 -0.47 
-83.69 -2.22 -1.69 1.31 -0.69 -0.33 
37.20 -1.70 48.26 1.52 -0.94 -0.98 
94.88 -1.48 97.96 0.82 -0.67 -0.99 
81.01 0.58 122.81 -0.14 -0.24 -0.10 
54.44 0.15 126.97 0.05 0.35 0.88 
-76.39 2.35 112.77 -0.78 -0.35 0.36 
-195.13 -0.31 93.00 -0.07 -0.80 0.44 
-35.34 0.92 68.80 -0.16 -0.66 0.05 
-150.06 -0.47 49.59 0.34 -0.87 -0.20 
-130.84 -1.05 24.27 0.76 -0.70 -0.63 
-29.17 -2.03 0.01 1.28 -0.38 -0.72 
-247.09 -3.20 30.75 1.13 0.18 -0.04 
-90.27 -1.62 43.21 1.38 -1.24 -0.43 
65.79 -1.90 87.51 1.32 -0.70 -0.81 
85.52 -1.10 131.09 0.59 -0.72 -0.75 
23.32 0.97 162.61 -0.08 -0.16 0.00 
15.22 1.54 165.84 -0.43 -0.20 0.55 
13.51 2.37 164.20 -0.76 -0.42 0.35 
-137.08 0.52 150.05 -0.29 -0.78 0.66 
-109.05 0.63 129.34 -0.05 -0.83 0.03 
-37.31 -0.76 78.99 0.34 -0.60 -0.25 
-41.86 -1.93 47.96 1.42 -0.79 -0.77 
-73.98 -1.47 39.93 1.10 -0.67 -0.85 
-218.95 -2.01 66.20 1.39 -0.91 -0.45 
12.17 -1.51 116.14 1.33 -0.65 -1.28 
81.49 -1.14 149.16 0.33 -0.34 -0.60 
110.81 0.04 167.38 -0.10 -0.48 -0.17 
67.12 0.58 182.68 -0.13 -0.18 0.57 
253.17 3.01 190.19 -0.75 -0.19 0.23 
-247.09 1.41 169.04 -0.64 -0.32 0.32 
-57.24 1.05 173.34 -0.19 -0.70 0.27 
-138.31 0.35 131.90 0.13 -0.80 -0.55 
-116.87 -0.90 87.36 0.91 -0.93 -0.95 
-110.14 -1.74 66.98 1.63 -0.69 -0.88 
-247.09 -2.26 88.69 1.19 -0.57 -0.37 
70.03 -1.73 126.16 1.33 -0.68 -1.00 
49.54 -1.50 169.41 0.86 -0.59 -0.93 
87.50 -1.00 203.55 0.12 -0.39 -0.18 
-4.28 0.92 214.28 -0.33 0.00 0.70 
-28.05 2.33 207.63 -0.60 -0.28 0.34 
-44.50 1.70 199.32 -0.70 -0.48 0.34 
-104.33 0.63 190.79 -0.04 -0.75 0.37 
-87.66 0.58 171.17 0.00 -1.00 -0.01 
-95.22 -0.54 143.15 0.28 -0.52 -0.35 
-37.45 -1.69 107.37 1.19 -0.65 -0.85 
-85.44 -1.57 103.18 1.11 -0.45 -0.68 
-144.06 -2.37 116.36 1.16 -0.55 -0.30 
105.49 -1.87 162.65 1.58 -0.59 -1.03 
48.01 -1.39 210.92 0.71 -0.55 -0.86 
7.65 0.36 246.51 -0.08 -0.25 -0.19 
79.02 1.37 251.57 -0.46 -0.04 0.71 
-58.92 2.28 240.84 -0.67 -0.31 0.31 
-40.53 0.52 224.39 -0.34 -0.76 0.43 
-7.30 1.53 227.04 -0.22 -0.44 0.20 
-125.53 0.07 183.20 0.15 -0.80 -0.30 
37.13 -2.84 169.28 0.82 -0.24 -0.42 
-247.09 -2.17 145.31 2.94 -0.96 -1.02 
-247.09 -2.56 156.77 0.82 0.14 -0.24 
173.77 -1.89 199.39 1.61 -0.84 -0.91 
60.11 -1.17 261.52 0.64 -0.59 -0.81 
51.55 3.04 291.95 -0.35 -0.05 0.00 
27.97 0.87 298.83 -0.33 0.07 0.72 
-42.77 2.46 293.76 -0.68 -0.01 0.43 
-111.39 1.84 284.68 -0.71 -0.32 0.55 
-247.09 -0.47 309.34 0.41 -0.90 0.67 
-90.98 0.80 294.20 -0.06 -0.85 0.00 
-83.30 -0.38 258.80 0.32 -0.70 -0.39 
-57.30 -1.89 234.18 0.88 -0.42 -0.68 
-95.41 -1.78 217.64 1.39 -0.37 -0.93 
-247.09 -1.85 244.75 1.19 -0.72 -0.54 
107.10 -1.65 289.17 1.31 -0.80 -1.16 
150.43 -1.19 -316.50 0.61 -0.48 -0.84 
35.97 0.35 -287.67 -0.10 -0.33 -0.03 
93.97 1.40 -283.30 -0.37 -0.29 0.53 
5.86 1.80 -285.92 -0.65 -0.09 0.58 
-147.36 0.90 -302.18 -0.29 -0.65 0.55 
-28.37 1.11 -312.99 -0.22 -1.35 0.01 
-4.92 0.91 307.18 -0.13 -0.77 -0.29 
-118.36 -1.52 279.73 0.85 -0.85 -0.44 
-101.84 -1.83 257.26 1.54 -1.05 -0.41 
-98.15 -2.08 251.16 1.16 -0.46 -0.64 
-222.00 -2.25 266.07 1.24 -0.51 -0.41 
45.65 -1.72 316.01 1.47 -0.94 -1.00 
70.71 -1.09 -289.90 0.54 -0.57 -0.93 
36.56 1.18 -262.12 -0.11 -0.18 0.05 
-3.39 1.08 -258.98 -0.27 -0.15 0.67 
-93.64 1.45 -269.61 -0.66 -0.57 0.26 
-90.35 -0.46 -286.80 0.23 -0.47 0.88 
-105.01 0.00 -326.14 0.15 -0.65 0.08 
-146.10 -1.43 299.45 0.77 -0.84 -0.45 
-109.43 -2.10 292.08 1.38 -0.64 -0.61 
-53.76 -2.29 272.34 1.08 -0.43 -0.45 
-65.06 -2.45 272.93 1.09 -0.39 -0.37 
-39.02 -1.70 307.14 1.47 -1.12 -0.62 
56.08 -1.62 -324.12 1.36 -0.88 -1.01 
1.07 -1.28 -262.51 0.25 -0.33 -0.50 
-103.85 1.86 -255.64 -0.79 -0.63 0.15 
-26.10 -0.47 -276.25 0.11 -0.73 0.71 
-79.11 0.10 -319.33 0.19 -0.92 -0.44 
-8.47 -2.23 288.77 0.96 -0.25 -0.46 
43.56 -1.42 -301.90 1.19 -0.79 -1.33 
-120.83 -2.19 11.61 0.89 -0.02 -0.55 
60.57 -2.09 10.50 0.94 -0.23 -0.58 
-53.58 -2.26 11.98 0.91 -0.08 -0.50 
-53.12 -2.13 15.30 0.94 -0.27 -0.51 
3.31 -2.13 23.25 1.09 -0.48 -0.51 
106.41 -1.22 85.37 1.35 -0.41 -1.98 
248.99 -0.41 124.59 0.10 0.11 -0.45 
-16.01 0.75 132.64 -0.18 -0.30 0.60 
-21.25 2.58 126.47 -0.71 -0.36 0.11 
-143.69 0.73 105.70 -0.29 -0.83 0.59 
-31.24 0.42 70.92 0.01 -0.64 0.18 
-130.08 -1.11 32.46 0.64 -0.76 -0.58 
11.89 -2.42 -1.06 1.27 -0.38 -0.53 
-44.27 -2.37 6.59 1.17 -0.37 -0.38 
-70.53 -1.93 35.25 1.58 -0.88 -0.54 
19.46 -1.76 84.70 1.28 -0.61 -0.89 
-6.18 -1.25 131.74 0.20 -0.37 -0.20 
-11.86 1.36 140.41 -0.41 -0.35 0.40 
-1.10 2.22 141.01 -0.76 -0.36 0.38 
-149.24 0.72 125.68 -0.37 -0.80 0.51 
-84.61 1.12 114.38 -0.11 -0.45 0.14 
-71.21 -0.54 68.52 0.34 -0.79 -0.29 
-103.72 -1.98 37.95 1.53 -1.05 -0.82 
81.03 -1.82 16.58 0.86 -0.18 -0.75 
-14.95 -2.82 34.30 1.23 -0.29 -0.18 
-68.34 -1.66 83.75 1.22 -1.00 -1.06 
104.35 -1.50 126.45 0.72 -0.68 -1.05 
6.23 1.01 151.47 -0.18 -0.27 -0.04 
-71.85 0.52 143.98 -0.17 -0.54 0.25 
-7.78 1.29 140.86 -0.59 -0.50 0.52 
-48.40 0.10 133.46 0.08 -0.86 0.42 
-125.60 -0.28 103.62 0.16 -0.54 -0.31 
-47.08 -1.38 73.80 0.86 -0.83 -0.58 
-64.66 -1.89 56.02 1.09 -0.31 -0.83 
-68.25 -2.37 62.91 1.09 -0.29 -0.41 
-65.12 -1.78 85.09 1.36 -0.70 -0.64 
49.85 -1.73 129.76 1.12 -0.64 -1.07 
78.79 -1.02 156.60 0.30 -0.48 -0.73 
79.45 0.31 166.63 -0.13 -0.50 -0.09 
123.92 2.08 167.89 -0.54 -0.24 0.42 
-76.59 1.39 159.76 -0.47 -0.62 0.19 
-71.51 -0.24 149.18 0.21 -0.99 0.52 
11.59 0.24 120.52 0.13 -0.60 0.01 
-139.40 -1.21 90.54 0.69 -0.90 -0.29 
-82.41 -2.34 57.05 1.82 -0.78 -0.81 
9.09 -2.59 63.82 1.33 -0.42 -0.25 
-205.27 -1.50 91.97 1.19 -1.19 -0.64 
100.07 -1.53 141.67 1.20 -0.97 -1.14 
47.32 -0.94 185.14 0.37 -0.47 -0.80 
71.68 -1.15 191.79 0.23 -0.05 0.52 
-50.67 1.89 177.30 -0.61 -0.50 0.30 
-30.17 -0.13 158.42 0.15 -1.09 0.88 
-45.04 0.42 117.65 0.00 -0.83 -0.18 
31.78 -0.69 74.63 0.35 -0.57 -0.30 
77.38 -1.69 44.33 0.97 -0.75 -0.52 
-85.97 -1.75 44.66 1.06 -0.20 -0.85 
57.92 -2.11 45.26 0.97 -0.56 -0.29 
-20.25 -1.71 94.96 1.30 -0.88 -1.25 
50.76 -1.50 137.72 0.75 -0.39 -1.20 
42.91 -0.26 157.17 -0.03 -0.34 -0.17 
-20.00 1.73 151.06 -0.51 -0.38 0.41 
-90.46 0.94 131.11 -0.41 -0.79 0.19 
-60.50 0.21 137.20 0.05 -0.78 0.41 
-26.47 0.24 105.22 0.15 -0.60 -0.11 
-98.95 -1.63 68.93 1.06 -1.05 -0.34 
48.79 -0.33 242.77 0.00 -0.26 0.00 
22.96 1.95 242.11 -0.53 -0.40 0.35 
9.69 1.53 237.58 -0.59 -0.67 0.14 
3.85 0.13 229.69 -0.01 -1.05 0.60 
-14.49 0.86 224.62 -0.12 -0.70 0.30 
196.03 1.00 174.27 -0.21 -0.67 0.30 
-147.31 -1.95 147.43 1.11 -0.95 -0.15 
-21.02 -2.46 124.53 1.44 -0.67 -0.27 
-124.39 -2.66 123.34 1.10 -0.04 -0.47 
-65.48 -2.24 130.55 0.99 -0.02 -0.54 
-58.18 -1.96 171.93 1.57 -1.33 -0.67 
57.14 -1.25 221.63 0.91 -0.58 -1.39 
-6.40 -0.46 251.64 0.01 -0.06 0.03 
-26.79 1.58 241.13 -0.67 -0.71 0.33 
-100.96 0.67 222.47 -0.31 -0.42 0.35 
11.63 1.32 221.13 -0.29 -0.63 0.09 
-29.53 0.45 180.97 0.06 -0.68 -0.22 
-120.48 -1.47 139.19 0.83 -0.81 -0.41 
-186.20 -2.40 144.32 1.22 -0.07 -0.66 
110.97 -2.46 157.65 0.95 -0.08 -0.53 
35.59 -1.29 187.65 1.01 -1.28 -1.01 
84.19 -1.40 232.50 0.85 -0.62 -1.27 
46.46 -1.42 250.58 0.25 -0.31 -0.82 
164.72 0.48 256.90 -0.15 -0.53 0.29 
-21.33 2.23 249.61 -0.64 -0.20 0.41 
-151.44 1.39 237.78 -0.57 -0.65 0.30 
61.13 0.16 212.70 0.04 -0.66 0.64 
-65.69 -0.08 185.30 0.14 -0.65 0.16 
-145.58 -0.89 157.07 0.52 -0.79 -0.43 
250.93 -1.44 132.20 0.88 -0.85 -0.65 
-136.92 -2.54 127.48 1.32 -0.36 -0.52 
-57.37 -1.73 140.21 1.19 -1.04 -0.37 
28.83 -1.63 189.91 1.44 -0.73 -0.98 
57.33 -1.24 230.94 0.42 -0.47 -0.58 
80.58 0.89 252.01 -0.21 -0.23 0.45 
4.39 2.43 256.02 -0.73 -0.34 0.42 
-140.21 0.83 245.36 -0.34 -0.68 0.22 
-133.30 0.88 262.97 -0.15 -0.79 0.18 
91.02 0.99 220.42 -0.10 -0.68 -0.23 
-76.08 -1.23 178.26 0.91 -1.12 -0.78 
81.55 -2.00 152.02 0.93 -0.29 -0.65 
-39.25 -1.79 159.65 0.85 -0.46 -0.51 
-247.09 -0.96 209.35 1.05 -1.69 -1.84 
38.12 -1.26 259.30 0.62 -0.30 -1.17 
65.46 -1.49 288.72 0.07 -0.04 0.08 
29.81 1.51 290.56 -0.40 -0.35 0.56 
-17.88 2.55 270.85 -0.71 -0.11 -0.29 
-66.05 0.70 257.08 -0.18 -1.02 0.19 
-24.79 0.27 226.13 0.10 -0.65 -0.11 
-19.55 -1.28 185.97 0.77 -0.93 -0.33 
-63.47 -2.33 164.48 1.31 -0.62 -0.52 
41.55 -2.25 169.94 0.95 -0.39 -0.38 
186.75 -1.54 209.08 1.41 -1.10 -0.94 
151.52 -1.62 256.81 0.79 -0.58 -0.87 
-31.19 0.39 275.78 -0.16 -0.42 0.06 
88.09 1.56 292.29 -0.28 -0.28 0.48 
-148.79 1.76 275.28 -0.79 -0.54 -0.08 
-118.66 0.76 267.22 -0.30 -0.78 0.36 
-88.85 1.78 255.01 -0.30 -0.55 0.00 
-37.93 -0.72 221.94 0.28 -0.65 -0.18 
8.13 -1.77 171.58 1.54 -0.92 -1.08 
84.70 -2.39 182.16 0.99 -0.13 -0.50 
-20.57 -2.14 195.18 1.51 -0.92 -0.26 
-116.98 -1.63 245.12 1.08 -0.74 -1.13 
98.76 -0.82 281.04 0.22 -0.53 -0.77 
23.75 2.17 297.45 -0.59 -0.12 0.39 
-75.41 1.69 281.40 -0.54 -0.55 0.10 
-128.44 0.29 272.01 -0.27 -1.07 0.29 
-69.30 1.13 258.70 -0.17 -0.53 0.26 
-25.99 -0.64 208.34 0.55 -0.71 -0.71 
-49.19 -2.43 176.02 1.39 -0.20 -0.69 
17.39 -1.63 206.03 0.50 -0.43 -0.43 
-189.23 -1.99 217.94 1.00 -0.30 -0.75 
127.07 -1.50 242.87 1.10 -0.92 -1.19 
84.35 -1.68 283.53 0.66 -0.40 -1.11 
112.89 0.11 281.28 -0.16 -0.58 0.10 
95.48 2.27 281.39 -0.33 -0.16 0.29 
-99.79 1.97 279.26 -0.72 -0.42 0.23 
-53.56 0.82 290.54 -0.15 -0.64 0.61 
29.30 0.39 227.59 0.14 -0.55 -0.27 
-8.88 -0.82 190.53 0.69 -0.98 -0.95 
-103.29 -1.03 200.75 1.05 -1.04 -0.68 
-80.31 -2.08 219.54 1.26 -0.97 -0.26 
58.78 -0.99 260.27 0.98 -0.85 -1.08 
81.83 -0.89 302.95 0.24 -0.37 -0.85 
47.50 1.33 302.65 -0.36 -0.39 0.20 
45.30 3.09 283.16 -0.98 -0.30 -0.12 
-81.57 0.44 268.62 -0.35 -1.10 0.27 
-97.34 0.83 251.86 -0.02 -0.39 0.06 
-133.69 -1.54 204.06 0.77 -0.65 -0.35 
30.09 -2.22 161.54 1.47 -0.86 -0.75 
138.93 -1.59 149.06 0.68 -0.17 -0.76 
-67.77 -2.03 171.91 1.38 -0.85 -0.23 
43.11 -1.21 221.36 1.22 -0.97 -1.03 
-39.08 -0.50 271.06 0.09 -0.37 -0.58 
-22.55 0.89 272.64 -0.22 -0.40 0.41 
92.25 -2.39 183.41 1.22 -0.40 -0.63 
95.21 -2.33 192.23 1.02 -0.18 -0.62 
62.41 -1.55 217.47 1.28 -1.15 -0.77 
118.30 -1.06 266.86 0.91 -0.80 -1.26 
-56.09 1.34 261.53 -0.19 -0.67 -0.02 
-45.64 0.14 227.63 0.15 -0.87 -0.35 
3.27 -1.93 189.59 0.88 -0.57 -0.40 
33.36 -2.67 174.03 1.26 -0.11 -0.51 
197.22 -2.12 178.28 0.80 -0.33 -0.50 
-123.66 -2.50 195.32 1.59 -0.59 -0.18 
2.17 -1.61 244.77 1.30 -0.79 -1.00 
-1.53 -0.92 293.28 0.25 -0.42 -0.73 
167.47 0.09 306.89 -0.04 -0.44 0.21 
-73.07 2.57 281.98 -0.58 -0.22 -0.22 
-28.69 0.71 285.78 -0.13 -0.86 0.78 
-9.34 1.00 250.71 -0.11 -0.69 -0.10 
-127.38 -1.60 200.36 0.59 -0.55 -0.22 
17.66 -2.44 177.82 1.53 -0.45 -0.68 
-4.12 -2.44 189.67 0.89 -0.16 -0.31 
-242.41 -2.11 216.76 1.40 -0.81 -0.40 
-71.43 -1.10 266.21 1.31 -0.94 -1.83 
138.60 -0.73 298.02 0.17 -0.16 -0.50 
-0.12 0.67 295.80 -0.32 -0.92 0.27 
-29.41 2.76 281.55 -0.53 -0.25 0.18 
-2.10 1.11 271.45 -0.45 -0.77 0.02 
-77.83 0.74 267.06 -0.06 -0.65 0.22 
5.36 -0.86 216.95 0.46 -0.73 -0.44 
55.12 -0.79 319.83 0.12 -0.33 -0.65 
141.49 0.44 322.75 -0.12 -0.45 0.36 
44.07 1.90 301.57 -0.48 -0.50 -0.10 
-43.04 0.38 285.22 -0.24 -1.00 0.38 
-26.04 0.56 274.23 0.00 -0.76 -0.02 
-23.05 -1.26 225.26 0.49 -0.69 -0.25 
-136.73 -2.42 212.68 1.16 -0.49 -0.51 
-45.69 -2.36 232.04 1.00 -0.30 -0.30 
-55.69 -1.64 254.17 1.16 -0.93 -0.56 
25.07 -1.12 303.87 0.85 -0.80 -1.22 
57.16 -0.92 -316.75 0.15 -0.42 -0.49 
68.03 0.31 -305.41 -0.06 -0.21 0.37 
-4.72 2.49 -311.02 -0.60 -0.50 0.15 
-89.67 1.54 -316.87 -1.01 -1.01 -0.33 
-30.67 -0.06 -320.39 -0.03 -0.68 0.59 
-101.27 0.91 313.87 -0.11 -0.72 0.05 
-60.50 -1.18 259.66 0.48 -0.65 -0.36 
-82.61 -2.20 223.10 1.75 -0.70 -1.04 
-119.00 -2.01 234.10 0.95 -0.55 -0.42 
-64.58 -1.41 272.31 1.19 -1.17 -0.88 
42.88 -1.50 322.00 0.95 -0.67 -1.26 
68.80 0.06 -307.37 -0.04 -0.22 -0.31 
40.15 1.37 -304.43 -0.30 -0.36 0.35 
-15.98 1.56 327.59 -0.81 -0.85 -0.26 
-114.56 -0.09 -325.78 0.23 -0.94 0.90 
36.15 0.23 286.77 0.04 -0.43 0.05 
-97.14 -1.46 248.20 0.76 -0.72 -0.46 
-139.30 -2.05 217.94 1.53 -0.82 -0.81 
-83.09 -2.57 225.82 0.92 -0.14 -0.27 
-60.25 -2.49 231.23 1.17 -0.42 -0.32 
-1.38 -1.67 276.93 1.42 -0.83 -1.00 
56.34 -1.28 326.14 0.55 -0.51 -0.86 
91.07 -0.51 -308.87 0.03 -0.39 -0.01 
-23.63 2.51 -313.94 -0.68 -0.44 0.24 
-73.36 0.83 327.13 -0.45 -0.79 0.16 
-14.38 0.56 319.84 -0.07 -1.05 0.25 
105.09 0.79 271.63 0.00 -1.06 -0.24 
-125.69 -1.70 227.46 0.92 -0.83 -0.28 
11.46 -2.50 199.15 1.53 -0.54 -0.57 
37.10 -2.08 202.81 0.92 -0.05 -0.59 
-149.74 -2.11 210.28 1.14 -0.62 -0.46 
67.62 -1.71 252.84 1.38 -0.92 -0.98 
47.80 -1.43 302.79 0.65 -0.53 -1.19 
91.39 0.28 312.36 -0.08 -0.33 0.19 
33.23 1.96 302.62 -0.40 -0.51 0.00 
-91.89 1.33 299.32 -0.51 -0.74 0.22 
-24.59 0.49 308.05 0.05 -0.66 0.40 
23.36 0.28 261.39 0.11 -0.60 -0.30 
-66.17 -0.73 240.00 0.58 -0.88 -0.70 
-185.30 -2.14 225.65 1.38 -0.50 -0.94 
-70.59 -1.73 230.17 0.75 -0.21 -0.60 
-130.63 -1.38 255.00 0.96 -0.86 -0.82 
87.53 -1.52 278.18 1.00 -0.46 -1.36 
98.82 -1.45 294.91 0.47 -0.47 -1.00 
118.64 0.69 295.48 -0.18 -0.42 0.24 
-7.85 2.13 292.79 -0.42 -0.51 0.02 
69.44 0.63 278.30 -0.47 -0.98 -0.02 
-7.78 0.88 292.73 -0.06 -0.51 0.32 
-32.21 1.55 256.84 -0.20 -0.57 -0.06 
-46.21 -1.29 214.89 0.52 -0.64 -0.38 
-6.47 -2.11 177.33 1.48 -0.77 -0.86 
-133.12 -1.85 184.65 0.76 -0.42 -0.38 
-130.86 -1.38 189.60 1.19 -1.08 -0.78 
93.04 -1.73 235.59 1.29 -0.75 -1.27 
68.86 -0.83 283.22 0.19 -0.43 -0.71 
34.83 -0.09 294.68 0.00 -0.25 0.49 
-0.05 2.28 283.18 -0.73 -0.56 -0.10 
-37.28 0.47 271.61 -0.27 -0.98 0.33 
-30.26 0.92 266.20 -0.05 -0.65 0.15 
4.11 -0.74 215.85 0.24 -0.53 -0.25 
10.83 -2.41 176.52 1.34 -0.74 -0.51 
-217.52 -1.26 190.69 0.88 -0.75 -0.35 
-84.85 -2.35 193.57 1.13 -0.46 -0.38 
70.81 -1.85 235.86 1.40 -0.72 -1.04 
46.04 -1.09 278.34 0.30 -0.39 -0.62 
20.14 0.80 289.22 -0.20 -0.44 0.11 
-30.43 1.65 281.47 -0.45 -0.78 -0.04 
39.80 1.62 282.41 -0.68 -0.71 -0.15 
-54.80 0.17 272.40 -0.12 -0.80 0.62 
16.65 1.08 243.80 -0.16 -0.73 -0.16 
-32.21 -1.33 198.82 0.32 -0.41 -0.11 
-60.09 -2.90 175.56 1.63 -0.34 -0.64 
27.66 -3.17 188.76 1.39 -0.15 -0.06 
-56.21 -2.52 186.13 1.03 -0.21 -0.41 
-41.96 -1.91 204.83 1.27 -0.74 -0.67 
90.77 -1.77 252.98 1.31 -0.66 -1.30 
17.90 -0.67 286.88 0.08 -0.37 -0.26 
-20.85 1.52 275.30 -0.51 -0.79 -0.22 
-18.75 1.43 274.34 -0.49 -0.77 -0.28 
71.65 -1.41 14.13 0.24 -0.26 -0.38 
53.41 1.44 18.70 -0.45 -0.16 0.61 
-30.80 1.97 12.32 -0.36 -0.42 0.16 
-29.94 0.85 0.41 -0.48 -0.89 0.05 
-197.74 0.33 24.71 0.05 -1.09 0.53 
-45.95 0.23 -15.77 0.14 -0.64 -0.06 
2.36 -1.80 -56.37 0.67 -0.45 -0.43 
-100.37 -3.10 -71.38 2.07 -0.40 -0.07 
-145.76 -1.88 -74.13 0.78 -0.19 -0.51 
30.10 -1.75 -59.87 1.32 -0.90 -0.76 
80.97 -1.58 -13.66 1.25 -0.76 -1.13 
2.75 -0.94 36.29 0.35 -0.36 -0.80 
168.40 -0.15 45.04 0.01 -0.35 0.46 
-9.99 2.39 31.29 -0.75 -0.59 0.01 
-38.33 0.37 15.79 -0.24 -0.93 0.08 
-70.85 0.35 26.87 0.02 -0.79 0.21 
-52.94 1.13 -4.04 -0.07 -0.29 -0.08 
-58.82 -1.89 -43.86 0.88 -0.56 -0.51 
-247.09 -2.26 -71.80 2.06 -0.87 -0.80 
-117.59 -1.65 -74.29 0.50 -0.01 -0.38 
13.10 -1.87 -64.89 1.24 -0.85 -0.57 
77.84 -1.66 -20.91 1.28 -0.78 -0.99 
150.28 -1.31 17.04 0.55 -0.62 -0.73 
-18.94 0.69 41.57 -0.19 -0.43 0.04 
-36.53 0.70 11.26 -0.25 -0.86 0.34 
-87.55 -2.84 -126.79 1.58 -0.10 -0.71 
126.53 -2.37 -106.12 1.09 0.09 -0.53 
69.60 -1.64 -87.51 1.20 -0.97 -0.74 
65.59 -1.62 -39.26 1.25 -0.68 -1.18 
63.78 -1.18 -5.41 0.38 -0.50 -0.77 
83.04 -0.71 14.72 0.12 -0.44 0.28 
-35.14 2.60 4.07 -0.66 -0.25 0.25 
-48.72 -0.75 -7.78 0.25 -0.82 0.67 
-83.42 1.18 -8.72 -0.21 -0.57 0.23 
-107.47 0.61 -19.75 0.19 -0.73 -0.43 
130.61 -1.51 -69.85 0.69 -0.82 -0.54 
-26.82 -2.49 -88.34 1.23 -0.41 -0.42 
-120.57 -1.64 -79.56 1.00 -0.81 -0.48 
24.20 -1.61 -42.85 1.28 -1.12 -0.66 
85.54 -1.09 6.85 0.75 -0.76 -1.16 
-14.66 -0.24 35.19 -0.01 -0.45 -0.28 
52.37 0.34 45.34 -0.04 0.11 0.69 
-61.04 1.08 39.87 -0.40 -0.85 0.25 
1.78 0.41 25.37 -0.18 -0.82 0.45 
-26.66 0.57 3.95 0.03 -0.53 0.23 
163.46 -0.74 -46.15 0.56 -1.03 0.04 
-142.33 -2.31 -74.77 1.61 -0.85 -0.73 
-230.45 -2.17 -50.75 1.40 -0.62 -0.02 
-227.34 -2.38 -40.07 1.37 -0.67 -0.32 
41.08 -1.61 1.80 1.37 -0.79 -0.97 
84.61 -1.26 46.68 0.61 -0.68 -0.73 
100.91 -0.07 70.32 -0.02 -0.47 -0.05 
66.14 1.25 78.20 -0.28 -0.23 0.60 
29.91 2.47 65.14 -0.67 -0.34 0.22 
-153.18 0.21 52.87 -0.23 -1.06 0.30 
-64.59 0.36 47.43 0.02 -0.89 0.19 
17.38 -0.01 26.73 0.11 -0.53 -0.09 
-10.80 -1.91 -23.62 1.24 -0.99 -0.45 
-182.76 -1.42 -25.82 1.06 -0.88 -0.79 
-82.04 -2.19 -20.93 1.06 -0.49 -0.40 
-38.64 -1.47 21.81 1.17 -0.93 -1.00 
123.37 -1.37 62.17 0.87 -0.72 -1.06 
96.74 0.40 96.76 -0.06 -0.26 -0.14 
15.66 1.34 111.12 -0.22 -0.22 0.15 
-0.33 1.04 109.39 -0.22 -0.33 0.53 
-52.14 1.47 102.03 -0.67 -0.76 0.50 
-101.23 0.73 85.45 -0.25 -0.76 0.23 
-52.21 0.11 104.82 0.20 -1.25 0.14 
-57.88 0.05 81.57 0.10 -0.71 -0.13 
-10.75 -1.99 39.18 0.60 -0.37 -0.29 
-108.50 -1.86 0.40 1.72 -0.66 -0.92 
64.48 -2.39 3.09 0.81 -0.20 -0.40 
6.83 -1.76 65.21 1.48 -1.05 -1.25 
167.07 -1.30 106.18 0.72 -0.47 -0.95 
-3.35 2.09 144.00 -0.12 -0.08 0.03 
76.34 2.30 140.79 -0.60 -0.42 0.39 
-139.03 1.38 126.47 -0.58 -0.62 0.23 
-113.53 0.06 116.64 0.00 -0.79 0.53 
-36.89 0.40 100.84 0.03 -0.71 0.18 
-57.37 -1.37 63.69 0.38 -0.47 -0.15 
37.57 -2.16 16.80 1.20 -0.59 -0.55 
-247.09 -1.36 40.84 1.17 -0.82 -0.40 
-128.67 -2.60 39.64 1.10 -0.32 -0.37 
18.49 -2.12 76.98 1.74 -0.96 -0.38 
111.76 -1.40 121.09 1.06 -0.77 -0.91 
51.59 -1.22 163.97 0.26 -0.35 -0.29 
11.58 0.93 183.19 -0.29 -0.25 0.50 
51.45 1.26 185.39 -0.38 -0.61 0.62 
-8.83 2.01 179.49 -0.67 -0.55 0.06 
-38.23 1.13 167.44 -0.35 -0.56 0.37 
-167.89 -0.31 167.79 0.25 -1.37 0.32 
-75.72 0.01 151.21 0.10 -0.61 -0.08 
-105.85 -1.42 116.29 0.55 -0.63 -0.30 
100.89 -2.27 77.35 0.91 -0.53 -0.33 
-25.13 -2.22 72.57 1.23 -0.54 -0.61 
-96.53 -2.25 98.45 1.37 -0.68 -0.24 
67.43 -1.65 125.80 1.25 -0.73 -0.80 
48.77 -1.29 170.93 0.79 -0.69 -0.79 
64.51 0.28 204.47 -0.07 -0.44 -0.09 
45.23 0.89 217.33 -0.28 -0.09 0.71 
-71.14 2.15 206.87 -0.67 -0.34 0.39 
-78.85 0.03 203.06 -0.10 -0.93 0.56 
-170.08 -0.55 202.60 0.36 -0.68 0.42 
-70.42 0.20 163.93 0.15 -0.71 -0.28 
-86.75 -2.34 129.98 0.90 -0.45 -0.44 
-247.09 -1.88 128.89 2.67 -1.22 -0.88 
-237.73 -1.56 130.87 0.44 0.06 -0.37 
15.12 -2.30 135.57 0.97 -0.26 -0.47 
52.21 -1.88 181.89 1.57 -0.92 -0.64 
22.58 -1.44 231.59 0.96 -0.72 -0.99 
68.21 -0.91 271.30 0.14 -0.42 -0.31 
65.00 1.01 286.10 -0.31 -0.28 0.44 
14.27 1.88 283.54 -0.55 -0.31 0.61 
-150.19 2.43 278.69 -0.80 -0.41 0.03 
-100.82 0.00 263.74 -0.11 -0.93 0.44 
31.83 1.79 251.46 -0.39 -0.67 -0.12 
-42.16 -0.16 214.47 0.10 -0.62 -0.05 
-47.95 -1.48 187.88 0.72 -0.82 -0.22 
-96.86 -2.41 153.42 1.34 -0.09 -0.77 
42.10 -2.44 175.96 1.15 -0.15 -0.50 
-153.45 -2.25 185.53 1.27 -0.63 -0.36 
44.70 -1.81 221.80 1.41 -0.61 -0.89 
39.05 -1.33 264.03 0.79 -0.76 -0.94 
-9.36 -0.68 306.43 0.16 -0.49 -0.34 
90.56 1.48 323.31 -0.36 -0.33 0.25 
54.04 2.06 -326.93 -0.49 -0.18 0.61 
-100.64 1.77 316.28 -0.89 -0.70 0.07 
-138.22 -0.43 309.29 0.05 -0.76 0.46 
-19.43 1.51 285.27 -0.18 -0.64 -0.07 
-37.08 -1.23 238.53 0.56 -0.73 -0.43 
-95.92 -2.49 188.17 2.11 -0.37 -1.15 
139.20 -2.23 212.97 0.68 -0.11 -0.63 
39.90 -2.35 206.64 1.03 -0.02 -0.52 
-66.10 -1.95 228.52 1.43 -0.85 -0.54 
47.73 -1.52 278.22 1.20 -0.67 -1.08 
70.23 -0.80 319.70 0.29 -0.56 -0.66 
41.69 1.92 -316.46 -0.40 -0.19 0.26 
-25.60 2.04 -315.49 -0.52 -0.26 0.50 
-113.85 2.43 -320.38 -0.81 -0.39 0.08 
-169.13 0.27 -326.61 -0.27 -0.88 0.22 
12.43 1.46 319.27 -0.23 -0.53 0.15 
121.89 -0.32 268.92 0.40 -0.81 -0.32 
-133.44 -2.05 233.64 1.30 -0.77 -0.67 
-247.09 -1.44 256.44 1.51 -0.95 -0.66 
-60.51 -2.21 259.93 0.85 -0.17 -0.47 
-105.78 -2.23 272.58 1.34 -0.58 -0.29 
-8.52 -1.65 304.61 1.16 -0.82 -0.71 
33.43 -1.43 -310.36 0.80 -0.72 -0.93 
3.90 -0.07 -281.84 -0.03 -0.53 -0.34 
61.95 0.58 -270.66 -0.20 -0.52 0.32 
11.74 1.77 -279.14 -0.60 -0.66 0.41 
-96.61 1.11 -285.49 -0.45 -0.75 0.10 
25.91 0.10 -277.51 0.11 -0.66 0.81 
-72.14 1.17 -270.88 -0.23 -0.86 -0.16 
-75.74 0.04 -298.66 0.11 -0.46 -0.37 
-111.27 -2.27 316.89 1.61 -0.47 -0.97 
91.34 -2.17 311.09 0.97 -0.15 -0.58 
-132.38 -1.67 -317.58 1.25 -0.91 -0.60 
55.29 -1.47 -274.32 1.07 -0.70 -1.12 
71.90 -1.33 -235.49 0.55 -0.49 -0.83 
40.28 0.79 -220.30 -0.28 -0.56 0.01 
69.96 -0.04 -216.81 0.03 -0.35 0.74 
-82.85 1.85 -224.91 -0.72 -0.70 0.20 
-46.52 0.95 -233.18 -0.49 -0.82 0.24 
12.47 0.94 -227.92 -0.13 -0.66 0.31 
-90.18 -0.26 -269.15 0.19 -0.51 0.06 
-76.82 -1.19 -305.03 0.98 -0.91 -0.79 
-124.27 -2.38 -325.11 1.62 0.06 -0.96 
145.79 -2.76 -313.17 1.53 0.05 -0.32 
23.47 -2.18 -318.20 1.45 -0.68 -0.51 
58.59 -1.82 -274.16 1.43 -0.63 -0.96 
117.20 -1.39 -228.47 0.75 -0.68 -0.96 
29.08 0.37 -201.14 -0.08 -0.37 -0.03 
101.65 0.20 -194.08 -0.05 -0.19 0.37 
-223.66 1.25 -204.61 -0.77 -0.96 0.23 
-136.01 0.71 -221.15 -0.27 -1.11 0.01 
-52.60 0.45 -236.31 0.04 -0.52 0.20 
22.10 -1.40 -286.67 0.56 -0.55 -0.33 
-164.77 -2.51 -300.18 1.26 -0.43 -0.57 
-13.13 -2.51 -283.36 1.01 -0.12 -0.38 
-103.71 -2.38 -280.83 1.34 -0.52 -0.35 
63.53 -2.22 -239.75 1.52 -0.56 -0.70 
20.46 -1.41 -190.33 0.74 -0.62 -0.78 
75.96 -0.12 -170.34 -0.07 -0.54 -0.27 
79.92 0.55 -154.95 -0.13 -0.35 0.46 
-80.11 2.47 -145.77 -0.72 -0.19 0.28 
-16.74 0.05 -159.24 -0.09 -1.05 0.60 
-34.08 0.92 -187.81 -0.16 -0.67 0.34 
-35.05 -0.63 -237.40 0.53 -0.91 -0.32 
-128.92 -2.26 -249.98 0.69 -0.27 -0.32 
-247.09 -2.73 -245.90 2.59 -1.00 -0.17 
-171.24 -2.29 -241.77 0.85 -0.11 -0.42 
70.72 -1.90 -214.46 1.37 -0.74 -0.84 
76.48 -1.49 -174.30 0.90 -0.55 -1.03 
32.85 -0.43 -152.66 0.05 -0.52 -0.41 
101.02 1.07 -131.41 -0.21 -0.29 0.25 
13.01 1.59 -138.15 -0.52 -0.48 0.40 
-84.56 -0.64 -156.27 0.26 -1.06 0.43 
-80.92 -0.25 -165.52 0.17 -0.50 0.18 
-31.85 -0.85 -211.33 0.38 -0.66 -0.27 
-77.98 -2.13 -240.67 1.21 -0.36 -0.76 
-133.32 -2.54 -209.33 1.14 -0.14 -0.36 
-55.91 -1.89 -188.90 1.30 -0.80 -0.59 
49.72 -1.54 -153.45 1.09 -0.65 -0.85 
-39.88 -1.10 -107.87 0.62 -0.59 -0.87 
46.01 -0.15 -80.30 -0.02 -0.41 -0.29 
72.30 0.00 -77.25 -0.08 -0.36 0.55 
-37.31 1.14 -86.58 -0.39 -0.93 0.41 
-7.47 0.33 -101.07 -0.26 -0.97 0.06 
25.13 0.80 -103.69 -0.06 -0.52 0.18 
-58.94 -0.11 -156.00 0.18 -0.50 -0.19 
-132.20 -2.31 -166.05 1.18 -0.60 -0.74 
98.63 -2.19 -201.70 1.46 -0.75 -0.44 
-66.02 -2.39 -200.90 0.97 -0.40 -0.27 
-51.99 -1.76 -156.61 1.22 -0.80 -0.96 
-7.88 -0.82 -129.63 0.43 -0.59 -0.86 
222.81 -1.69 -103.99 0.54 -0.47 -0.62 
9.23 1.34 -88.35 -0.50 -0.61 -0.05 
40.79 0.25 -76.39 -0.07 -0.58 0.70 
-40.86 2.42 -83.61 -0.69 -0.12 0.44 
-141.27 -2.06 -58.22 1.44 -0.97 -0.44 
-37.82 -0.07 -53.12 -0.09 -1.17 0.38 
-30.42 0.42 -53.58 0.01 -0.93 0.15 
-99.82 -0.28 -79.45 0.23 -0.60 -0.08 
-126.41 -1.74 -108.97 0.75 -0.60 -0.26 
-153.03 -2.28 -141.12 1.55 -0.26 -0.86 
126.73 -2.74 -123.08 1.29 0.00 -0.48 
-144.26 -2.25 -122.49 1.16 -0.51 -0.43 
20.88 -1.91 -101.05 1.30 -0.71 -0.71 
61.90 -1.73 -61.22 1.18 -0.75 -0.82 
50.43 -0.77 -24.47 0.35 -0.62 -0.86 
65.11 -0.70 -0.77 0.06 -0.27 0.19 
8.26 2.06 -10.15 -0.91 -0.52 0.57 
-78.21 0.03 -22.29 -0.19 -0.98 0.30 
-29.24 0.99 -27.62 -0.12 -0.58 0.07 
-1.28 0.10 -59.31 0.07 -0.52 0.08 
-79.75 -0.93 -91.22 0.77 -1.31 -0.42 
-11.28 -2.24 -115.56 1.38 -0.73 -0.36 
-129.82 -2.23 -114.84 1.10 -0.40 -0.48 
-94.43 -2.14 -100.82 1.21 -0.68 -0.37 
25.03 -1.49 -58.53 1.18 -0.90 -0.92 
70.99 -1.17 -18.65 0.50 -0.57 -0.93 
56.46 -0.40 -1.20 0.03 -0.56 -0.03 
21.98 1.60 4.24 -0.46 -0.19 0.53 
-118.45 1.31 -9.90 -0.45 -0.69 0.21 
-46.12 -0.17 -25.22 0.09 -0.75 0.59 
-49.16 -0.27 -55.90 0.23 -0.59 0.04 
-144.63 -2.37 -87.54 0.76 -0.36 -0.22 
-247.09 -2.78 -107.02 2.17 -0.05 -0.99 
30.01 -2.25 -80.61 1.13 0.14 -0.40 
91.56 -1.73 -63.40 1.18 -0.88 -0.63 
-47.83 -1.54 -13.73 1.06 -0.84 -1.09 
41.99 -0.70 15.86 0.11 -0.49 -0.64 
50.86 0.41 18.17 -0.14 -0.30 0.39 
-65.93 2.29 9.16 -0.70 -0.51 0.29 
-89.96 0.26 -19.33 -0.34 -0.91 0.21 
-94.56 0.96 -21.29 -0.11 -0.50 0.03 
-129.71 -1.34 -64.55 0.41 -0.40 -0.31 
125.20 -1.96 -104.54 1.15 -0.56 -0.79 
-192.95 -1.60 -85.64 0.87 -0.48 -0.64 
-128.47 -2.31 -79.68 1.11 -0.43 -0.33 
-44.66 -1.77 -44.31 1.20 -0.79 -0.81 
58.43 -1.43 -2.41 0.89 -0.70 -1.01 
-18.33 -0.65 35.06 0.11 -0.46 -0.42 
50.56 0.57 40.13 -0.14 -0.43 0.54 
4.69 1.59 32.51 -0.72 -0.99 -0.32 
-52.27 0.14 16.44 -0.23 -0.78 0.30 
-21.26 0.22 -4.70 0.10 -0.82 0.06 
-126.56 -1.22 -49.59 0.58 -0.66 -0.43 
-32.59 -2.32 -78.44 1.17 -0.38 -0.51 
231.08 -2.59 -83.63 1.04 -0.11 -0.54 
-102.67 -2.59 -68.71 1.26 -0.31 -0.30 
53.01 -2.04 -36.46 1.30 -0.64 -0.67 
71.79 -1.42 5.55 0.80 -0.62 -0.76 
-22.93 -0.08 43.03 -0.04 -0.60 -0.29 
97.06 0.57 56.93 -0.10 -0.40 0.51 
-96.37 1.81 47.49 -0.81 -0.64 -0.25 
34.79 0.31 28.51 -0.26 -0.94 0.38 
11.25 1.10 2.21 -0.17 -0.69 0.02 
-121.47 -1.89 -43.32 0.70 -0.48 0.04 
-190.83 -2.35 -113.21 2.05 -0.59 -1.00 
-155.64 -2.13 -117.49 1.82 -0.81 -0.87 
4.51 1.23 137.62 -0.20 -0.25 0.01 
5.48 -2.74 125.21 1.05 0.14 -0.28 
-0.67 -2.96 -2.61 1.05 0.12 -0.15 
-73.04 -2.62 -6.60 0.92 -0.18 -0.26 
22.92 -2.64 -9.72 0.80 0.13 -0.20 
-2.50 -2.70 -15.56 1.02 0.01 -0.32 
-1.01 -2.67 -14.79 1.00 0.00 -0.33 
-20.50 -2.81 -13.49 1.02 -0.02 -0.25 
-32.57 -2.77 -11.70 1.02 0.01 -0.31 
-222.08 -2.44 5.25 1.35 -0.58 -0.29 
135.92 -2.14 46.31 1.49 -0.57 -0.87 
125.90 -1.59 95.44 0.82 -0.68 -0.76 
43.25 -0.63 135.77 0.04 -0.29 -0.13 
-70.40 -0.64 148.51 0.18 -0.80 0.71 
-5.00 3.01 134.73 -0.94 0.00 0.29 
-110.24 -0.67 121.39 0.17 -1.05 0.64 
-75.85 1.59 120.93 -0.22 -0.40 0.24 
37.73 -0.86 70.83 0.33 -0.51 -0.42 
41.95 -1.68 20.22 1.22 -0.71 -1.02 
-198.73 -1.62 50.33 0.73 -0.54 -0.39 
-100.66 -2.42 46.90 1.02 -0.30 -0.37 
34.82 -2.02 79.52 1.37 -0.71 -0.70 
101.81 -1.60 123.94 1.12 -0.72 -0.95 
84.64 -0.99 164.87 0.21 -0.49 -0.50 
-30.73 0.15 180.41 -0.10 -0.26 0.45 
18.23 1.99 177.31 -0.67 -0.66 0.41 
-98.32 1.15 170.39 -0.58 -0.68 0.05 
-93.38 -0.39 181.37 0.46 -0.94 0.85 
-51.90 0.88 148.71 -0.12 -0.67 0.31 
7.10 0.35 268.75 -0.15 -0.54 -0.01 
-60.21 1.35 247.28 -0.62 -0.79 0.11 
-14.09 -0.47 234.63 0.08 -1.00 0.58 
-32.48 0.64 232.58 -0.09 -0.67 0.22 
-67.08 0.94 204.61 -0.06 -0.57 -0.19 
-65.36 -1.26 151.36 1.07 -0.89 -0.96 
-14.09 -2.12 128.35 1.34 -0.57 -0.68 
-87.65 -2.19 130.10 0.80 -0.04 -0.48 
-8.11 -1.74 149.49 1.19 -0.86 -0.70 
63.27 -1.42 195.27 1.18 -0.80 -1.19 
-51.58 -1.33 232.59 0.33 -0.67 -0.98 
56.52 -0.89 199.91 0.29 -0.93 0.81 
45.33 1.97 196.55 -0.48 -0.68 -0.20 
-102.27 1.72 195.51 -0.91 -0.68 -0.11 
-30.40 -0.13 212.96 0.42 -1.29 0.42 
-0.10 1.02 174.89 -0.04 -0.71 -0.13 
-232.69 -1.04 137.82 0.83 -1.11 -0.51 
-118.01 -2.68 103.90 1.79 -0.61 -1.18 
191.25 -1.97 99.60 0.80 -0.13 -0.76 
-49.93 -2.05 96.55 1.45 -0.52 -0.62 
46.30 -1.91 146.25 1.65 -0.59 -1.20 
66.18 -1.02 179.43 0.34 -0.69 -0.69 
24.17 -0.18 200.32 -0.01 -0.41 0.00 
10.35 0.45 183.41 -0.21 -0.83 0.46 
-63.62 0.98 179.59 -0.10 -0.34 0.33 
-149.92 -0.56 128.98 0.38 -0.72 -0.52 
-43.21 -1.55 106.51 0.94 -0.55 -0.68 
-201.56 -1.07 125.09 1.03 -0.99 -0.36 
-247.09 -1.67 133.01 0.76 -0.26 -0.63 
30.95 -1.60 149.27 1.03 -0.65 -0.98 
76.79 -1.67 183.10 1.06 -0.62 -1.35 
96.32 -1.22 206.08 0.39 -0.35 -0.96 
97.73 2.19 212.98 -0.39 -0.25 -0.02 
37.94 0.65 213.18 -0.13 -0.62 0.58 
-88.40 1.62 203.06 -0.56 -0.58 0.18 
-69.25 -0.36 183.74 0.03 -0.99 0.36 
-105.31 1.50 181.91 -0.18 -0.41 0.00 
-99.84 -0.63 134.80 0.40 -0.79 -0.52 
-44.61 -2.15 111.13 1.12 -0.42 -0.66 
87.20 -1.74 114.83 0.81 -0.50 -0.56 
-151.22 -2.41 117.54 1.25 -0.48 -0.36 
59.10 -1.64 158.37 1.26 -0.99 -0.99 
99.75 -1.31 204.31 0.67 -0.60 -1.02 
-9.55 0.41 226.35 -0.08 -0.27 -0.10 
42.20 1.32 228.54 -0.40 -0.57 0.55 
-43.43 2.34 233.42 -0.92 -0.65 -0.02 
-75.00 0.16 211.34 -0.13 -0.78 0.59 
6.30 0.30 176.67 0.12 -0.63 0.07 
-141.41 -1.18 145.08 0.80 -1.15 -0.40 
-56.85 -2.24 115.14 1.37 -0.64 -0.57 
-103.18 -2.26 123.34 1.35 -0.65 -0.14 
-178.69 -1.89 141.92 1.33 -0.90 -0.23 
24.08 -1.81 182.25 1.25 -0.75 -0.78 
71.07 -1.25 220.13 0.58 -0.70 -0.76 
33.66 0.25 246.22 -0.09 -0.37 -0.05 
87.46 0.70 243.27 -0.27 -0.43 0.51 
-16.79 1.30 238.30 -0.35 -0.67 0.31 
-56.45 0.33 225.92 -0.21 -1.01 0.11 
-104.80 -0.76 221.78 0.49 -0.98 0.54 
-30.72 0.16 195.54 0.12 -0.61 -0.19 
-124.86 -1.13 189.64 0.63 -0.72 -0.50 
21.92 -2.05 149.44 1.05 -0.43 -0.57 
-101.63 -1.93 153.50 1.00 -0.45 -0.58 
-107.15 -2.29 166.67 1.11 -0.41 -0.50 
75.65 -1.73 201.59 1.23 -0.53 -1.28 
186.81 -1.30 230.63 0.67 -0.49 -1.09 
87.08 -0.47 251.58 0.06 -0.49 -0.24 
84.79 0.65 264.26 -0.20 -0.32 0.53 
22.80 1.38 264.45 -0.42 -0.61 0.54 
-93.83 1.15 251.07 -0.61 -0.77 0.06 
-50.68 -0.07 235.66 0.03 -0.81 0.48 
-41.08 -0.34 223.15 0.24 -0.69 0.21 
-148.38 -1.37 188.17 0.76 -0.79 -0.53 
2.40 -2.12 151.29 1.28 -0.63 -0.57 
-72.69 -2.37 152.12 1.15 -0.41 -0.47 
-100.27 -2.81 157.30 1.24 -0.23 -0.20 
67.59 -1.88 195.43 1.48 -0.68 -0.91 
118.14 -1.65 245.13 0.97 -0.57 -0.80 
52.56 -1.16 279.16 0.17 -0.30 -0.08 
-21.58 0.45 292.21 -0.22 -0.56 0.45 
-25.95 1.44 288.21 -0.49 -0.65 0.45 
-52.53 0.77 282.01 -0.36 -0.93 0.30 
-54.79 -0.53 280.74 0.30 -0.90 0.71 
11.52 1.03 261.36 -0.05 -0.50 0.07 
-124.52 -0.54 221.88 0.23 -0.86 -0.50 
69.97 -2.15 178.24 1.13 -0.41 -0.63 
-169.14 -1.92 186.98 1.22 -0.70 -0.44 
-6.52 -1.70 216.19 1.41 -1.05 -0.56 
50.96 -1.29 265.89 1.04 -0.87 -0.97 
81.52 -0.57 305.34 0.14 -0.39 -0.24 
73.34 1.25 326.67 -0.19 -0.21 0.23 
-17.69 1.16 -325.02 -0.35 -0.20 0.71 
-62.56 1.89 -326.52 -0.60 -0.28 0.55 
-151.05 1.09 320.91 -0.46 -0.67 0.50 
-115.45 -0.01 323.75 0.13 -1.01 0.42 
-39.68 0.45 309.18 0.03 -0.89 0.07 
-114.03 -0.86 258.83 0.63 -0.90 -0.69 
-52.47 -2.18 232.49 1.32 -0.44 -0.66 
-33.58 -1.85 247.09 0.96 -0.62 -0.26 
-47.07 -2.18 254.45 1.86 -1.18 -0.52 
-77.73 -1.07 304.39 1.04 -0.68 -1.29 
67.46 -0.55 -304.66 0.19 -0.16 -0.56 
14.14 0.67 -285.35 -0.16 -0.05 0.44 
59.33 1.19 -280.29 -0.29 -0.32 0.79 
-82.84 2.01 -273.97 -0.74 0.06 0.55 
-247.09 0.99 -290.98 -0.30 -0.09 0.39 
-110.48 0.81 -305.94 -0.09 -0.64 0.14 
-31.56 -0.37 317.30 0.24 -0.92 -0.24 
13.57 -1.34 286.14 0.68 -0.67 -0.35 
-115.18 -2.10 262.43 1.39 -0.39 -0.82 
36.55 -2.50 276.84 1.51 -0.71 -0.29 
137.95 -1.34 321.89 1.33 -0.97 -1.08 
171.87 -1.11 -271.35 0.44 -0.42 -0.73 
-17.83 1.78 -250.66 -0.40 -0.06 0.35 
62.95 1.59 -247.07 -0.44 -0.24 0.67 
-152.30 1.42 -249.28 -0.65 -0.30 0.69 
-231.90 -0.49 -237.11 0.26 -0.83 0.60 
-43.14 1.14 -256.47 -0.10 -0.54 0.21 
-5.27 -0.50 -306.83 0.62 -1.30 -0.70 
-58.25 -1.71 320.57 1.37 -1.05 -0.61 
-126.65 -1.85 311.51 1.09 -0.54 -0.61 
-133.58 -2.78 322.36 1.45 -0.36 0.07 
-13.69 -1.70 -290.11 1.47 -0.78 -0.70 
62.31 -1.41 -242.52 0.87 -0.83 -0.79 
70.52 -0.51 -195.74 0.04 -0.17 -0.05 
60.89 0.37 -182.65 -0.20 -0.06 0.77 
108.16 2.91 -179.39 -0.65 0.07 0.32 
-247.09 1.67 -180.11 -0.64 -0.06 0.44 
-70.16 0.04 -168.95 0.11 -0.51 0.36 
-121.49 0.55 -192.85 0.00 -0.64 0.08 
-49.18 -1.86 -243.45 0.52 -0.53 -0.13 
15.33 -2.57 -275.49 1.07 -0.38 -0.30 
31.30 -1.81 -266.40 0.92 -0.69 -0.24 
-247.09 -2.17 -249.25 1.48 -0.78 -0.43 
143.18 -1.83 -206.61 1.62 -0.75 -0.97 
249.88 -1.51 -159.08 0.70 -0.68 -0.86 
27.88 1.17 -127.51 -0.14 -0.16 0.13 
-0.28 0.45 -123.86 -0.21 -0.75 0.73 
-53.30 2.40 -98.09 -0.62 -0.14 0.40 
-116.38 1.52 -116.42 -0.56 -0.11 0.46 
-65.58 0.29 -109.04 0.03 -0.83 0.53 
-69.21 1.09 -138.36 -0.04 -0.50 0.16 
-149.64 -1.19 -179.71 0.51 -0.79 -0.28 
83.92 -1.72 -217.77 1.12 -0.50 -0.76 
-38.30 -2.17 -212.29 0.93 -0.49 -0.39 
-212.49 -2.72 -203.55 1.33 -0.38 -0.22 
64.09 -1.77 -157.40 1.52 -0.74 -1.00 
167.83 -1.44 -107.70 0.91 -0.72 -0.87 
81.92 -0.07 -70.61 -0.01 -0.32 -0.08 
16.62 0.31 -54.33 -0.13 -0.10 0.67 
77.44 1.25 -51.02 -0.37 0.24 0.87 
-206.86 2.03 -69.69 -0.73 -0.47 0.00 
-49.50 0.23 -76.14 -0.22 -1.15 0.30 
-29.95 0.73 -82.69 -0.07 -0.77 0.10 
-169.29 0.39 -89.08 0.22 -0.75 -0.67 
-162.30 -1.44 -104.36 0.71 -0.19 -0.70 
-52.92 -2.61 -89.97 1.31 -0.38 -0.27 
-78.85 -2.36 -88.09 1.24 -0.52 -0.36 
74.17 -1.77 -54.02 1.41 -0.68 -1.01 
141.33 -1.39 -17.58 0.87 -0.60 -1.14 
141.01 0.46 16.59 -0.08 -0.38 -0.05 
74.58 0.65 32.76 -0.21 -0.05 0.75 
27.42 0.80 35.19 -0.09 -0.22 0.55 
-144.93 1.58 38.93 -0.87 -0.82 0.42 
-29.36 -0.67 31.85 0.17 -0.54 0.87 
-122.31 1.11 21.30 -0.09 -0.48 0.11 
-153.29 -0.30 -20.65 0.43 -1.03 -0.41 
-16.54 -1.76 -52.38 0.93 -0.55 -0.72 
-225.14 -1.90 -38.51 1.36 -0.63 -0.48 
-173.27 -2.46 -26.53 1.12 -0.49 -0.22 
56.57 -1.69 12.71 1.41 -0.87 -0.98 
144.10 -1.29 58.24 0.95 -0.83 -1.09 
32.57 0.00 93.46 0.00 -0.28 -0.11 
91.07 0.74 110.37 -0.20 -0.05 0.57 
16.91 1.59 110.75 -0.43 0.05 0.77 
-65.22 2.06 114.73 -0.70 -0.44 0.34 
-204.83 -0.17 112.21 -0.04 -0.80 0.85 
-132.28 0.09 106.41 0.11 -0.82 0.21 
-181.14 0.43 82.90 0.11 -0.71 -0.54 
-73.09 -1.63 44.99 0.92 -0.64 -0.54 
-125.85 -2.28 8.76 1.83 -0.41 -1.03 
-150.51 -2.90 25.18 1.25 -0.02 -0.22 
16.85 -1.36 83.34 1.29 -0.87 -1.10 
126.97 -1.22 133.04 0.56 -0.43 -0.68 
124.73 0.94 163.63 -0.14 0.02 0.28 
32.73 0.43 165.56 -0.03 -0.36 0.87 
-20.89 1.96 168.20 -0.77 -0.57 0.25 
-89.59 -0.08 157.39 -0.11 -0.22 0.64 
-83.27 -0.10 160.98 0.21 -0.79 0.39 
-122.08 -0.19 121.37 0.31 -0.65 -0.08 
-74.46 -2.01 90.87 0.77 -0.44 -0.42 
66.84 -2.98 61.12 1.31 0.19 -0.42 
119.22 -1.88 57.24 1.11 0.25 -0.72 
68.37 -1.99 94.56 1.57 -0.98 -0.66 
71.06 -1.54 144.26 1.25 -0.69 -1.28 
29.65 -0.56 181.99 0.06 -0.27 -0.30 
107.40 0.52 200.51 -0.11 -0.10 0.45 
120.46 2.39 198.85 -0.68 -0.12 0.56 
-135.27 1.61 198.30 -0.68 -0.64 0.30 
-111.74 -0.03 181.24 0.07 -0.53 0.56 
-76.31 0.57 146.98 -0.02 -0.55 0.19 
-109.27 -1.50 105.31 0.97 -1.04 -0.39 
-7.02 -2.41 78.87 1.17 -0.14 -0.53 
123.63 -2.06 103.10 0.81 -0.48 -0.36 
-90.53 -1.83 116.58 1.45 -1.04 -0.38 
-64.27 -1.32 166.28 1.04 -0.93 -0.85 
102.84 -0.95 215.26 0.39 -0.70 -0.63 
78.38 1.46 239.31 -0.18 -0.17 0.10 
74.14 0.70 240.26 -0.20 -0.25 0.83 
-61.24 1.63 232.66 -0.51 -0.31 0.51 
-125.87 -0.23 220.95 -0.14 -0.98 0.43 
-72.35 0.73 228.00 -0.11 -0.71 0.20 
-127.25 0.12 201.30 0.08 -0.42 -0.21 
-142.03 -1.35 183.06 0.72 -0.69 -0.60 
-247.09 -2.70 172.76 2.64 -0.72 -0.65 
-210.24 -1.97 190.27 1.21 -0.67 -0.29 
-37.37 -1.22 239.97 1.14 -1.12 -1.12 
111.30 -0.91 277.46 0.37 -0.59 -0.61 
94.35 0.60 306.19 -0.11 -0.38 0.00 
105.76 1.71 325.61 -0.46 -0.11 0.52 
102.97 1.69 -325.85 -0.53 0.14 0.74 
39.95 2.22 -327.54 -0.49 0.14 0.41 
-184.75 1.14 315.67 -0.56 -0.29 0.76 
-216.31 0.54 -324.51 -0.24 -1.01 0.33 
-133.57 0.66 313.90 0.03 -0.73 -0.15 
-36.63 -0.72 270.36 0.40 -0.75 -0.42 
-44.81 -1.99 251.49 1.17 -0.40 -0.71 
-5.23 -2.03 248.90 1.00 -0.26 -0.55 
-247.09 -1.64 310.77 1.42 -1.20 -0.51 
87.95 -1.18 -282.46 0.93 -0.88 -1.19 
130.60 -0.98 -237.68 0.19 -0.30 -0.35 
88.66 0.89 -212.91 -0.22 0.22 0.55 
-7.24 2.01 -196.44 -0.62 -0.26 0.56 
-196.58 1.99 -208.88 -0.67 -0.15 0.36 
-68.59 0.29 -212.17 -0.04 -0.75 0.66 
-83.98 0.97 -219.90 -0.19 -0.83 0.25 
-30.82 0.08 -261.35 0.13 -0.66 -0.24 
71.27 -1.58 -299.36 0.54 -0.52 -0.35 
-247.09 -2.21 -309.64 1.58 -0.09 -0.88 
136.32 -2.71 -302.83 1.16 -0.25 -0.29 
-166.72 -1.77 -263.23 1.28 -0.92 -0.69 
98.38 -1.28 -209.79 0.76 -0.64 -1.02 
93.91 -0.30 -178.97 0.00 -0.57 -0.41 
160.72 1.30 -161.47 -0.23 -0.31 0.13 
102.88 1.21 -161.18 -0.34 0.04 0.84 
-169.52 2.42 -151.32 -0.75 -0.10 0.49 
-146.26 0.28 -162.38 -0.20 -0.62 0.68 
-129.89 0.45 -187.71 0.01 -1.43 0.06 
-104.62 -0.07 -213.96 0.24 -0.65 -0.08 
-116.30 -0.97 -234.63 0.66 -0.95 -0.27 
-100.52 -2.35 -256.46 1.24 -0.24 -0.71 
-247.09 -2.88 -219.48 1.31 -0.09 -0.36 
-18.27 -1.55 -196.23 1.30 -1.20 -0.51 
55.65 -1.30 -146.70 1.06 -0.81 -1.08 
85.92 -1.54 -86.12 0.40 -0.41 -0.40 
130.68 0.96 -67.71 -0.22 -0.05 0.39 
135.27 1.76 -70.87 -0.72 0.68 0.75 
-165.78 1.79 -86.00 -0.83 -0.27 0.49 
-21.47 -0.23 -89.91 0.18 -0.69 0.57 
-128.34 -0.31 -100.82 0.25 -0.94 0.14 
-16.23 -0.74 -129.53 0.40 -0.60 -0.34 
-8.27 -0.81 -132.69 0.47 -0.69 -0.40 
-84.52 0.24 -234.26 0.08 -0.63 0.11 
-86.30 -0.85 -277.24 0.41 -0.75 -0.43 
-159.02 -1.74 -284.49 1.23 -0.58 -0.92 
-9.54 -2.01 -300.39 1.08 -0.47 -0.66 
-247.09 -2.17 -267.81 1.46 -0.81 -0.47 
-44.50 -1.37 -218.11 0.95 -0.56 -1.08 
114.07 -0.92 -184.99 0.29 -0.51 -0.70 
107.43 1.27 -163.75 -0.42 -0.52 0.13 
116.87 1.41 -151.47 -0.41 -0.07 0.59 
13.91 1.96 -149.68 -0.61 -0.10 0.62 
-180.63 1.94 -153.26 -0.60 -0.14 0.48 
-144.21 -0.26 -153.60 0.09 -0.79 0.76 
-92.00 0.58 -177.36 0.00 -0.61 0.14 
-101.57 -0.50 -224.73 0.36 -0.86 -0.55 
-91.08 -1.99 -257.31 1.24 -0.69 -0.53 
-73.05 -2.37 -269.77 1.25 -0.36 -0.58 
-123.14 -2.16 -263.78 1.12 -0.49 -0.31 
-113.67 -2.18 -230.54 1.41 -0.64 -0.14 
-6.41 -1.67 -180.85 1.06 -0.96 -0.59 
-10.37 0.05 -142.71 -0.07 -0.47 -0.43 
75.70 1.87 -123.31 -0.51 0.29 0.31 
31.56 1.43 -125.87 -0.43 -0.22 0.72 
-182.14 2.42 -128.96 -0.82 -0.36 0.17 
-11.28 0.37 -138.02 -0.18 -0.60 0.56 
-57.83 1.49 -136.92 -0.38 -0.67 0.30 
2.18 0.32 -200.12 0.20 -0.70 -0.41 
-144.30 -1.92 -235.60 1.31 -0.83 -0.60 
-96.71 -2.56 -256.08 1.44 -0.19 -0.72 
-92.09 -2.92 -239.93 1.70 -0.28 -0.09 
-14.43 -1.44 -190.23 1.37 -0.82 -1.01 
92.57 -1.22 -140.53 0.57 -0.55 -0.75 
57.96 2.34 -109.84 -0.23 -0.11 0.06 
87.67 1.38 -106.16 -0.48 -0.11 0.73 
58.40 2.31 -106.68 -0.72 0.28 0.50 
-247.09 2.90 -123.65 -0.84 -0.17 0.20 
-154.41 0.05 -136.55 0.02 -0.96 0.44 
-123.69 -0.02 -159.24 0.14 -0.63 -0.10 
-42.57 -1.19 -199.78 0.92 -0.98 -0.22 
-25.09 -2.20 -222.81 1.14 -0.54 -0.49 
-40.56 -2.64 -227.14 1.40 -0.32 -0.37 
-8.98 -1.59 -177.69 1.52 -1.04 -0.71 
73.35 -1.15 -115.32 0.56 -0.67 -0.80 
-75.69 1.63 -86.89 -0.30 -0.25 -0.10 
6.36 0.37 -71.93 -0.13 -0.37 0.93 
-86.24 2.77 -77.48 -0.82 -0.21 0.25 
-247.09 1.73 -92.96 -0.60 -0.28 0.28 
-30.53 1.44 -94.31 -0.33 -0.70 0.14 
-106.76 0.32 -139.40 0.07 -0.80 -0.12 
-65.38 -1.37 -183.70 0.68 -0.68 -0.39 
-22.21 -2.22 -210.71 1.03 -0.11 -0.57 
-247.09 -2.19 -176.05 1.33 -0.50 -0.09 
-247.09 -1.66 -147.37 1.23 -0.95 -0.77 
-155.35 -1.45 -97.42 0.92 -0.81 -1.61 
126.71 -0.98 -67.66 0.40 -0.39 -0.91 
50.19 1.96 -54.31 -0.40 -0.30 -0.13 
106.35 0.87 -45.79 -0.35 -0.20 0.58 
-33.18 2.42 -48.68 -0.61 0.04 0.44 
-247.09 1.24 -46.75 -0.55 -0.34 0.48 
-91.19 0.41 -44.16 -0.05 -0.88 0.57 
-75.95 0.80 -73.44 -0.04 -0.56 0.14 
-69.89 -0.76 -124.05 0.66 -1.15 -0.42 
-1.76 -1.80 -155.90 0.86 -0.23 -0.78 
-58.01 -1.17 -50.39 1.19 -1.15 -0.99 
7.27 -1.05 -0.69 0.46 -0.67 -0.82 
145.72 1.28 20.27 -0.17 -0.22 0.02 
46.28 0.66 22.22 -0.23 -0.14 0.72 
-139.82 2.62 15.57 -0.86 -0.30 0.28 
-95.27 -0.51 -8.12 0.15 -0.97 0.59 
-81.92 -0.20 -21.02 0.15 -0.57 0.27 
-144.38 -1.04 -51.28 0.57 -0.79 -0.58 
-110.75 -1.49 -65.60 0.89 -0.44 -0.77 
-24.91 -2.09 -79.49 1.28 -0.51 -0.70 
-239.77 -2.09 -48.08 1.12 -0.52 -0.42 
41.75 -1.49 -1.34 1.09 -0.87 -1.19 
91.24 -0.82 39.48 0.35 -0.58 -0.94 
74.27 0.84 66.22 -0.10 -0.08 0.19 
64.71 0.69 65.09 -0.31 -0.30 0.74 
-74.82 2.00 62.18 -0.61 -0.29 0.45 
-51.26 0.26 53.61 -0.16 -0.66 0.54 
-97.88 0.11 51.48 0.08 -0.56 0.37 
-89.77 -1.24 -3.72 0.49 -0.61 -0.16 
-99.18 -2.06 -25.24 1.42 -0.70 -0.73 
-159.14 -2.71 -4.98 1.44 0.49 0.25 
-107.63 -2.11 24.89 1.41 -0.76 -0.40 
134.37 -1.17 87.02 0.97 -0.91 -1.29 
87.69 -1.26 125.90 0.19 -0.28 -0.25 
105.08 0.95 134.92 -0.36 -0.15 0.68 
-66.60 2.53 127.47 -0.67 -0.25 0.34 
-103.01 1.38 117.35 -0.60 -0.60 0.38 
-25.82 0.07 117.58 0.06 -0.94 0.62 
-81.96 0.55 93.43 -0.02 -0.76 -0.01 
-74.79 -1.16 46.23 0.71 -0.97 -0.42 
-1.83 -2.02 17.25 1.09 -0.51 -0.53 
-247.09 -1.79 15.28 1.27 -0.36 -1.10 
-247.09 -1.64 61.74 1.28 -0.92 -0.61 
136.57 -1.31 123.87 0.99 -1.02 -0.99 
58.61 -0.55 166.24 0.13 -0.50 -0.45 
-90.80 2.82 194.69 -0.30 -0.02 0.07 
148.37 1.35 197.75 -0.32 -0.26 0.69 
-196.56 2.71 189.29 -0.87 0.11 0.28 
-33.56 0.67 180.14 -0.26 -0.62 0.65 
-149.95 0.38 196.11 -0.01 -0.88 0.33 
3.20 0.86 145.75 0.00 -0.46 -0.17 
-247.09 -1.54 135.07 1.33 -1.06 -0.74 
75.43 -2.46 107.73 1.22 -0.16 -0.80 
-20.57 -2.20 115.55 0.96 0.01 -0.50 
-12.76 -1.26 177.68 1.21 -1.06 -0.92 
111.33 -1.20 226.24 0.63 -0.94 -1.02 
58.49 1.83 253.42 -0.36 -0.03 -0.23 
92.20 0.36 259.21 -0.12 -0.46 0.87 
-39.94 3.10 253.09 -0.83 -0.09 0.25 
-127.46 0.06 243.37 -0.24 -0.91 0.59 
-23.05 1.17 248.26 -0.18 -0.41 0.38 
-98.73 -0.43 193.11 0.19 -0.44 0.10 
-115.30 -1.33 157.76 0.72 -0.76 -0.47 
-41.83 -2.42 121.73 1.44 -0.07 -0.70 
-108.67 -2.21 149.27 0.96 -0.22 -0.46 
17.00 -1.68 209.80 1.28 -0.88 -0.94 
92.25 -1.28 259.74 0.80 -0.80 -1.19 
6.43 -2.31 294.77 0.23 -0.22 0.00 
96.15 0.47 302.26 -0.05 -0.14 0.59 
-122.73 2.50 294.47 -0.92 -0.27 0.30 
-21.02 -0.15 289.10 -0.04 -0.79 0.76 
-50.35 1.56 280.02 -0.26 -0.43 0.33 
-140.13 0.26 229.41 0.28 -0.85 -0.54 
-48.61 -1.64 189.64 0.95 -0.67 -0.49 
-192.69 -2.47 172.52 1.70 0.03 -1.10 
-56.65 -3.19 188.76 1.27 0.02 -0.05 
-76.80 -1.95 235.23 1.39 -0.64 -0.66 
12.49 -1.65 284.68 1.13 -0.39 -1.30 
30.43 -0.41 327.20 0.00 -0.40 0.14 
55.36 0.99 -321.84 -0.28 0.10 0.65 
-78.85 2.33 327.39 -0.67 -0.08 0.41 
-147.76 0.12 316.73 -0.13 -0.81 0.54 
-119.13 0.02 322.29 0.12 -0.54 0.34 
-0.15 -0.99 283.02 0.12 -0.33 0.12 
-155.32 -1.76 265.45 0.98 -0.71 -0.63 
-45.01 -2.21 247.21 0.96 -0.29 -0.52 
-96.25 -2.01 243.16 1.14 -0.62 -0.66 
1.11 -1.58 292.61 1.31 -0.99 -0.86 
170.01 -0.94 315.00 0.71 -0.78 -1.20 
79.59 -1.96 -311.66 0.67 -0.68 -0.63 
128.68 0.84 -292.65 -0.28 -0.48 0.08 
233.09 1.17 -285.72 -0.28 0.10 0.51 
-3.75 2.41 -282.26 -0.76 0.19 0.50 
-247.09 0.03 -284.38 -0.19 -0.65 0.66 
32.62 0.61 -274.67 -0.06 -0.54 0.43 
-99.00 1.46 -291.95 -0.23 -0.62 0.04 
4.16 -1.08 313.06 0.35 -0.58 -0.40 
-6.23 -1.99 278.20 1.22 -0.23 -0.89 
253.17 -3.03 280.71 1.05 -0.38 -0.06 
56.85 -1.62 -326.37 1.56 -0.88 -0.91 
189.37 -1.16 -281.90 0.67 -0.75 -0.90 
191.63 0.96 -252.25 -0.17 -0.28 -0.15 
96.27 0.98 -235.82 -0.33 -0.03 0.71 
24.67 2.39 -230.23 -0.78 0.40 0.36 
-247.09 0.79 -225.54 -0.31 -0.07 0.61 
-95.56 0.17 -228.23 0.07 -0.69 0.71 
-134.11 0.98 -284.29 -0.11 -1.15 -0.30 
-58.15 -0.13 -296.51 0.16 -0.87 -0.28 
-51.35 -0.85 -316.98 0.39 -0.64 -0.46 
-84.95 -1.96 318.40 1.21 -0.25 -0.76 
-201.32 -2.35 -318.33 1.42 -0.54 -0.34 
-89.72 -1.87 -272.73 1.38 -0.99 -0.49 
104.62 -1.77 -236.80 1.21 -0.76 -0.75 
92.13 -0.32 -180.85 0.14 -0.60 -0.37 
116.33 0.99 -154.31 -0.16 -0.26 -0.05 
76.74 0.83 -141.03 -0.24 0.10 0.73 
-91.91 2.36 -129.37 -0.76 0.28 0.48 
-178.67 0.74 -127.21 -0.43 -0.24 0.80 
-44.53 -0.44 -118.68 0.37 -0.87 0.89 
-113.18 0.23 -118.43 0.04 -0.71 0.43 
-199.98 0.72 -135.73 -0.02 -0.80 -0.21 
-35.88 -1.63 -146.08 1.34 -1.02 -0.75 
153.77 -1.11 -101.63 0.80 -0.72 -1.24 
55.46 -0.84 -59.67 0.15 -0.45 -0.53 
26.49 1.15 -44.33 -0.36 -0.20 0.52 
85.36 1.68 -21.95 -0.48 -0.35 0.65 
-232.90 1.63 -21.88 -0.67 -0.42 0.43 
-112.44 -0.09 1.76 0.24 -0.71 0.82 
-139.81 0.87 -5.34 -0.17 -0.65 0.34 
-49.69 0.05 -55.92 0.02 -0.63 -0.09 
-27.37 -1.10 -90.60 0.85 -0.91 -0.62 
-98.99 -2.44 -94.60 0.93 -0.13 -0.39 
-247.09 -2.21 -68.03 1.73 -0.80 -0.35 
-141.06 -1.70 -32.35 1.21 -0.84 -0.62 
27.36 -1.51 17.10 1.07 -0.77 -1.37 
56.89 -0.77 42.08 0.10 -0.36 -0.55 
87.59 0.63 47.89 -0.24 -0.59 0.12 
218.53 1.39 58.09 -0.27 -0.08 0.48 
-99.07 1.97 64.68 -0.77 0.40 0.47 
-187.91 0.30 71.40 -0.25 -0.84 0.63 
-51.28 0.84 81.09 -0.13 -0.71 0.53 
-34.88 1.21 42.54 -0.13 -0.64 0.15 
-153.04 -0.43 14.05 0.25 -0.85 -0.36 
1.01 -1.43 -34.05 1.09 -0.88 -0.82 
-247.09 -2.70 4.06 1.26 -0.12 -0.53 
-247.09 -2.01 31.59 1.15 -0.61 -0.48 
-31.75 -1.44 77.67 0.95 -0.68 -1.41 
93.42 -1.14 99.29 0.33 -0.29 -1.14 
139.62 0.45 106.46 -0.21 -0.38 -0.51 
25.43 1.17 104.68 -0.28 -0.22 0.35 
80.88 1.41 109.67 -0.41 -0.46 0.59 
-68.76 2.13 111.21 -0.72 -0.34 0.42 
-154.91 1.54 119.35 -0.56 -0.32 0.53 
0.65 0.63 106.15 -0.22 -0.66 0.58 
-38.06 1.05 87.68 -0.17 -0.68 0.37 
-119.63 -0.06 51.85 0.17 -0.92 -0.15 
-62.26 -0.96 9.61 0.50 -0.65 -0.54 
-162.23 -2.30 -14.22 1.57 -0.20 -0.88 
97.14 -2.76 8.74 1.15 0.02 -0.27 
-181.71 -1.22 49.99 1.01 -0.98 -1.03 
-38.25 -1.72 71.87 0.91 -0.66 -1.45 
103.40 -1.23 80.56 0.32 -0.37 -0.95 
248.75 2.41 92.31 -0.25 -0.12 0.05 
61.75 1.81 93.75 -0.51 -0.36 0.53 
-79.46 1.96 94.50 -0.69 -0.26 0.46 
-9.32 0.97 86.74 -0.41 -0.80 0.58 
-27.00 1.07 64.30 -0.17 -0.78 0.22 
-135.81 0.43 29.82 0.11 -0.66 -0.36 
-38.66 -1.84 -5.50 1.05 -0.80 -0.52 
-126.34 -2.57 -39.60 1.67 -0.10 -1.05 
-247.09 -1.56 -8.40 0.76 0.37 -0.54 
82.83 -1.15 40.98 0.92 -1.03 -1.54 
102.15 -1.07 83.82 0.68 -0.44 -1.26 
233.06 0.88 95.28 -0.09 -0.02 -0.16 
110.50 0.83 106.86 -0.22 -0.09 0.70 
143.36 3.09 107.87 -0.85 0.23 0.21 
-247.09 2.53 105.61 -0.77 -0.19 0.11 
8.03 1.08 92.61 -0.38 -0.73 0.32 
-43.25 1.80 73.74 -0.25 -0.63 0.09 
-247.09 -0.74 21.72 0.82 -1.00 -0.68 
-180.53 -1.39 53.68 0.98 -1.02 -0.81 
2.79 -1.13 84.08 0.72 -0.65 -1.59 
108.28 -1.19 82.24 0.33 -0.12 -1.14 
202.27 -0.04 94.37 -0.02 -0.32 0.17 
84.10 2.48 95.37 -0.71 -0.04 0.52 
-218.26 2.67 94.62 -0.93 -0.17 0.16 
40.15 0.07 77.50 -0.09 -0.70 0.64 
-96.19 1.60 76.59 -0.33 -0.62 0.29 
-56.30 0.98 29.09 -0.11 -0.94 -0.35 
-188.68 -1.23 5.25 0.81 -0.86 -0.65 
25.82 -2.44 -25.63 1.18 -0.30 -0.55 
-10.38 -1.62 -22.15 0.90 -0.71 -0.47 
-122.72 -1.92 5.48 1.06 -0.73 -0.57 
-80.47 -1.26 46.58 0.80 -0.81 -1.43 
74.33 -1.14 75.24 0.47 -0.57 -1.33 
172.16 1.27 86.54 -0.30 -0.23 -0.33 
136.18 0.59 96.48 -0.10 -0.14 0.32 
68.51 2.48 99.96 -0.73 -0.26 0.52 
-172.72 2.21 97.66 -0.73 -0.21 0.33 
60.91 -0.01 84.79 0.00 -0.86 0.76 
-51.30 1.28 66.11 -0.13 -0.39 0.37 
-35.53 -0.30 15.76 0.37 -0.87 -0.57 
21.07 -2.25 -16.76 1.12 -0.44 -0.61 
-97.67 -1.78 17.27 0.74 -0.49 -0.28 
-92.98 -2.06 0.43 0.93 -0.19 -0.51 
-23.83 -2.23 -10.44 0.94 -0.22 -0.50 
-63.79 -2.60 -0.41 1.02 -0.10 -0.33 
50.42 -2.13 -7.53 0.85 0.13 -0.37 
