59.40 -0.28 123.63 0.89 0.15 -0.43 
30.15 -0.40 2.99 0.97 0.01 -0.39 
25.96 -0.63 15.85 1.02 0.02 -0.32 
18.18 -0.60 20.31 1.03 0.04 -0.34 
14.61 -0.63 22.73 1.06 0.02 -0.33 
12.32 -0.51 28.16 1.00 0.10 -0.35 
-8.23 -0.78 31.31 1.07 -0.03 -0.25 
9.75 -0.94 33.70 1.13 -0.08 -0.15 
113.57 -0.25 47.94 1.59 -0.48 0.03 
234.14 0.52 108.36 1.22 -0.77 -0.29 
83.48 -0.46 154.68 0.51 0.14 0.13 
70.91 1.00 176.93 0.53 0.41 0.79 
18.10 1.15 183.06 0.43 -0.19 0.81 
8.18 0.98 178.41 0.52 0.07 0.84 
-66.61 0.83 152.76 0.62 0.65 0.64 
-115.66 -0.52 106.37 0.97 0.31 0.37 
3.81 0.61 88.59 0.88 -1.02 0.62 
-15.45 1.17 110.66 0.68 0.02 1.03 
39.38 2.13 122.86 0.23 -0.14 0.80 
15.18 4.27 132.48 -0.28 -0.07 0.39 
-8.85 4.45 140.71 -0.89 -0.36 -0.40 
45.45 4.35 148.37 -0.74 -0.16 -0.38 
111.91 1.36 143.84 0.12 -0.03 0.72 
-10.63 0.82 135.33 0.54 0.06 1.19 
-52.58 1.40 137.97 0.49 -0.52 1.10 
27.92 1.21 166.05 0.44 -0.44 0.73 
77.46 0.59 212.75 0.57 -0.16 0.65 
35.15 1.40 249.22 0.37 0.41 0.85 
14.88 1.56 250.07 0.32 0.17 0.94 
-50.88 1.17 218.62 0.50 0.59 0.79 
63.68 0.87 173.73 0.59 0.09 0.72 
-43.82 0.67 148.49 0.79 -0.78 0.68 
13.19 1.05 151.97 0.46 -0.46 0.83 
-40.50 1.24 166.31 0.85 0.25 1.47 
-88.98 2.12 181.70 0.24 -0.11 0.79 
-198.58 4.06 215.69 -0.26 -0.44 0.07 
-20.06 4.92 228.53 -0.86 -0.13 -0.54 
22.99 4.32 233.70 -1.04 -0.11 -0.87 
48.07 4.05 237.31 -0.78 -0.11 -0.63 
1.73 4.23 229.01 -0.44 -0.20 -0.12 
28.56 1.01 216.64 0.22 0.05 0.96 
-22.08 1.20 213.23 0.70 -0.56 1.47 
46.99 1.18 251.17 0.49 -0.62 0.67 
62.15 0.70 293.68 0.43 -0.21 0.55 
177.50 1.00 -315.77 0.63 0.36 1.00 
-141.63 1.22 -325.21 0.38 0.22 0.76 
-27.30 1.16 280.72 0.44 -0.07 0.81 
-42.09 1.11 247.93 0.44 -0.29 0.71 
19.07 1.18 236.98 0.44 -0.46 0.80 
78.62 1.50 247.03 0.68 -0.30 1.55 
-56.12 2.33 267.22 0.08 -0.23 0.70 
100.85 5.92 287.92 -0.50 -0.19 -0.04 
73.33 4.03 288.40 -0.79 -0.20 -0.97 
-35.71 3.89 289.46 -0.91 -0.59 -0.58 
62.23 3.97 296.43 -0.49 -0.21 -0.19 
241.41 0.17 309.81 0.74 0.61 0.92 
-21.52 1.69 317.07 0.43 0.15 1.66 
16.94 1.44 -305.19 0.34 -0.48 0.68 
37.22 0.87 -258.87 0.41 -0.10 0.61 
66.85 1.34 -220.62 0.44 0.54 0.95 
-61.70 1.46 -240.14 0.29 0.33 0.78 
-72.11 0.85 -281.88 0.50 0.38 0.72 
-43.95 0.82 -319.39 0.52 -0.07 0.72 
89.20 1.52 -320.92 0.34 -0.50 0.99 
-157.90 1.86 -309.43 0.43 0.10 1.15 
-35.49 4.11 -296.99 -0.34 -0.30 0.34 
27.18 4.60 -296.85 -0.91 -0.26 -0.88 
-9.63 3.84 -297.72 -0.80 -0.66 -0.55 
28.13 4.09 -287.61 -0.79 -0.44 -0.44 
56.62 2.35 -283.55 -0.15 -0.05 0.42 
92.30 1.19 -283.46 0.31 0.10 1.11 
-43.12 1.66 -279.42 0.38 -0.11 1.36 
17.85 1.51 -254.05 0.31 -0.50 0.69 
62.43 1.25 -203.63 0.30 -0.14 0.76 
-0.85 1.25 -170.44 0.36 0.34 0.90 
-2.04 1.70 -175.14 0.25 0.35 0.90 
-30.56 1.19 -204.50 0.45 0.03 0.83 
-59.62 0.77 -241.56 0.54 -0.06 0.70 
-35.08 0.82 -253.84 0.69 -0.80 0.68 
-22.53 1.38 -242.42 0.61 -0.31 1.29 
-82.78 2.32 -225.73 0.16 -0.26 0.89 
-18.58 3.97 -210.01 -0.31 -0.39 0.35 
-52.32 4.39 -201.68 -0.65 -0.23 -0.66 
41.51 4.09 -194.68 -0.92 -0.39 -0.60 
42.74 4.02 -190.41 -0.77 -0.35 -0.46 
125.04 3.62 -188.39 -0.11 -0.10 -0.02 
-0.77 0.69 -186.23 0.82 0.40 1.58 
-59.21 1.57 -179.82 0.42 -0.10 1.09 
32.42 1.31 -150.48 0.37 -0.46 0.66 
71.56 0.68 -94.07 0.57 0.01 0.75 
-81.85 0.95 -64.73 0.52 0.28 1.01 
-38.07 1.33 -78.80 0.38 0.27 0.84 
-109.79 0.97 -105.93 0.64 0.13 0.75 
-95.03 0.09 -142.19 0.74 -0.17 0.46 
58.75 1.23 -136.35 0.81 -0.53 1.38 
-84.19 1.90 -117.72 0.38 -0.11 0.88 
-115.73 4.74 -104.18 -0.41 -0.31 0.14 
-103.06 5.42 -103.16 -0.86 -0.20 -0.42 
-1.92 4.03 -101.40 -0.87 -0.34 -0.73 
37.20 4.09 -96.68 -0.84 -0.42 -0.52 
116.16 3.45 -90.91 -0.21 -0.13 0.17 
124.96 0.35 -81.47 0.59 0.40 0.92 
-86.85 1.82 -79.23 0.27 0.86 1.55 
-36.40 1.52 -57.58 0.32 -0.32 0.70 
19.03 0.98 -16.39 0.43 -0.28 0.70 
17.83 0.87 30.91 0.56 0.07 0.91 
10.51 1.60 30.30 0.31 0.50 0.91 
-53.45 1.12 -3.30 0.47 0.18 0.85 
-103.46 0.16 -43.37 0.83 0.15 0.68 
6.49 1.05 -51.80 0.60 -0.75 0.79 
-26.36 1.68 -44.28 0.46 0.17 1.27 
-88.29 2.20 -29.94 0.17 -0.14 0.93 
-36.85 5.30 -15.57 -0.51 -0.20 -0.19 
45.43 4.25 -5.75 -1.05 -0.33 -0.98 
-16.06 4.50 -4.65 -0.92 -0.25 -0.42 
77.59 4.68 -5.22 -0.54 -0.15 -0.12 
108.38 0.84 -12.00 0.26 -0.04 0.72 
22.32 1.18 -11.38 0.61 -0.15 1.56 
-37.95 1.13 13.42 0.56 -0.41 0.79 
49.67 1.29 54.46 0.35 -0.07 0.73 
62.37 1.35 98.47 0.33 0.27 0.75 
-9.24 1.91 106.17 0.15 0.53 0.88 
56.03 1.39 69.63 0.34 0.30 0.82 
-145.64 0.26 29.93 0.66 0.22 0.66 
30.04 0.95 24.28 0.64 -0.49 0.93 
-54.65 1.80 33.29 0.46 -0.13 1.19 
-60.85 2.91 45.92 -0.04 -0.36 0.69 
91.20 1.82 63.75 -0.05 -0.02 0.49 
-34.80 1.31 62.98 0.45 -0.18 1.42 
-4.90 1.52 79.33 0.38 -0.41 0.87 
29.39 1.66 111.35 0.21 -0.34 0.70 
44.93 1.53 149.00 0.21 0.05 0.73 
24.78 1.52 179.83 0.30 0.35 0.94 
-69.18 1.26 151.25 0.44 0.30 0.88 
-93.53 0.89 103.68 0.46 0.01 0.71 
-26.54 1.07 88.13 0.50 -0.59 0.80 
-10.25 1.52 98.64 0.58 -0.32 1.33 
-68.89 2.46 116.56 0.10 -0.31 0.77 
-38.10 3.82 132.32 -0.23 -0.29 0.33 
-33.82 4.65 140.03 -0.73 -0.16 -0.63 
5.39 4.46 141.42 -1.04 -0.31 -0.55 
43.74 4.20 146.93 -0.74 -0.39 -0.31 
74.72 4.40 149.48 -0.46 -0.16 0.06 
74.57 0.54 146.13 0.69 0.18 1.10 
-100.37 1.23 155.06 0.60 -0.34 1.15 
14.72 1.29 176.92 0.32 -0.26 0.64 
37.20 1.02 209.61 0.43 -0.20 0.75 
74.45 0.54 250.98 0.66 0.06 0.78 
-26.13 1.54 253.44 0.32 0.52 0.86 
-25.10 1.06 217.80 0.46 0.08 0.76 
-97.20 0.58 191.64 0.49 -0.02 0.58 
32.92 1.04 190.50 0.71 -0.49 1.16 
-70.19 1.67 200.72 0.38 -0.21 0.97 
-37.88 3.16 209.27 -0.13 -0.26 0.67 
-44.63 5.92 211.29 -0.74 -0.11 0.04 
-20.86 5.04 214.01 -0.90 -0.40 -0.15 
5.57 3.93 218.03 -0.87 -0.65 -0.71 
60.64 4.00 227.58 -0.80 -0.51 -0.44 
73.76 4.27 236.67 -0.56 -0.26 0.06 
86.41 0.62 242.67 0.30 0.11 0.71 
-30.53 1.04 241.98 0.67 -0.25 1.35 
18.18 1.43 258.93 0.42 -0.37 0.85 
-60.79 1.39 -287.73 0.38 0.47 1.01 
-17.42 1.50 -298.76 0.36 0.15 0.96 
-23.47 1.30 325.36 0.31 0.22 0.66 
-109.77 0.37 293.02 0.68 -0.38 0.60 
21.42 1.12 292.63 0.56 -0.44 1.00 
-53.49 1.90 305.67 0.40 -0.16 1.02 
-81.82 2.95 315.41 -0.02 -0.18 0.60 
-111.08 4.75 -327.05 -0.58 -0.39 -0.34 
3.98 4.91 -317.19 -1.03 -0.13 -0.54 
-11.80 4.43 -311.91 -0.91 -0.24 -0.51 
40.27 4.51 -305.94 -0.76 -0.22 -0.23 
-38.58 1.81 -302.36 0.00 0.14 0.52 
29.60 0.63 -304.73 0.84 0.01 1.38 
-5.51 1.30 -296.70 0.49 -0.23 0.89 
8.34 1.26 -275.06 0.40 -0.32 0.75 
21.54 1.38 -243.07 0.30 -0.14 0.78 
-29.00 0.78 -195.59 0.42 0.04 0.76 
50.91 1.34 -186.43 0.41 0.17 0.98 
-41.40 1.36 -197.86 0.38 0.01 0.85 
-108.81 0.91 -227.60 0.52 0.06 0.77 
-54.94 0.81 -252.11 0.62 -0.44 0.75 
-43.10 1.82 -245.98 0.36 -0.40 1.07 
-54.02 2.70 -233.51 0.00 -0.39 0.81 
3.02 4.57 -220.35 -0.45 -0.35 0.26 
-43.07 4.87 -208.16 -0.81 -0.34 -0.41 
26.72 4.81 -199.72 -0.95 -0.20 -0.42 
8.03 4.26 -197.22 -0.87 -0.31 -0.51 
105.53 4.29 -195.07 -0.56 -0.22 0.04 
54.80 1.10 -194.04 0.16 -0.11 0.83 
-52.50 1.63 -182.58 0.37 -0.38 1.16 
7.11 1.46 -157.19 0.28 -0.39 0.70 
43.05 1.44 -122.98 0.27 -0.12 0.83 
39.10 1.41 -92.92 0.28 0.09 0.87 
-41.76 1.53 -87.40 0.31 0.12 0.99 
-10.16 1.43 -112.00 0.36 0.16 0.88 
-54.45 0.76 -146.14 0.57 -0.01 0.75 
-84.43 0.99 -162.93 0.59 -0.77 0.60 
11.35 1.46 -155.16 0.51 -0.31 1.22 
-34.26 2.17 -141.81 0.19 -0.36 0.90 
-31.37 3.57 -128.02 -0.25 -0.37 0.65 
-13.19 5.24 -119.97 -0.61 -0.30 -0.09 
51.09 0.71 -103.91 0.46 -0.09 1.30 
-22.97 1.49 -95.44 0.42 -0.27 1.10 
8.33 1.25 -71.83 0.38 -0.39 0.71 
-29.41 1.44 -30.97 0.33 -0.07 0.90 
-34.53 1.22 -70.97 0.40 0.03 0.78 
-53.64 0.95 -99.43 0.45 -0.21 0.69 
-24.82 0.88 -109.05 0.59 -0.30 0.91 
-5.79 1.28 -99.05 0.59 -0.23 1.09 
-53.72 2.05 -84.58 0.24 -0.24 0.91 
-85.80 3.91 -71.01 -0.34 -0.37 0.34 
-41.24 5.16 -58.73 -0.90 -0.25 -0.33 
-8.43 4.56 -56.53 -0.90 -0.51 -0.28 
3.95 3.99 -51.26 -0.80 -0.67 -0.27 
111.35 4.42 -43.89 -0.56 -0.27 -0.03 
143.70 -0.36 -45.48 0.47 0.02 0.43 
-85.43 0.85 -40.23 1.04 0.02 1.50 
-12.18 1.08 -24.54 0.53 -0.36 0.68 
48.76 1.06 17.12 0.42 -0.25 0.73 
79.49 1.03 57.77 0.42 0.12 0.74 
-55.73 1.61 62.31 0.26 0.40 0.86 
8.52 1.17 29.77 0.47 0.34 0.85 
-61.02 0.92 -9.80 0.44 0.07 0.71 
-38.68 0.76 -19.93 0.64 -0.64 0.71 
4.21 1.27 -10.51 0.53 -0.26 1.03 
-26.76 1.72 2.47 0.42 -0.08 1.07 
-48.85 2.51 12.16 0.02 -0.17 0.85 
-7.50 4.89 18.27 -0.48 -0.27 0.23 
-2.60 4.24 22.07 -0.83 -0.48 -0.66 
-12.26 4.32 26.01 -0.89 -0.48 -0.35 
29.50 4.01 30.52 -0.71 -0.47 -0.01 
62.02 1.81 34.18 -0.07 -0.08 0.44 
20.70 1.37 38.24 0.18 0.17 0.92 
-1.47 1.33 43.85 0.54 0.00 1.31 
-5.27 1.15 65.04 0.46 -0.44 0.75 
52.01 0.99 104.60 0.47 -0.20 0.75 
38.60 1.20 140.36 0.39 0.14 0.80 
-24.31 1.76 140.74 0.18 0.31 0.87 
3.48 1.20 114.17 0.45 0.13 0.87 
-64.25 0.77 75.07 0.47 0.11 0.69 
-36.45 0.92 67.98 0.56 -0.57 0.81 
-13.37 1.57 81.33 0.47 0.05 1.33 
-19.75 2.50 89.48 0.03 -0.25 0.85 
-35.42 4.10 94.50 -0.40 -0.27 0.49 
-16.98 4.70 94.18 -0.70 -0.40 -0.36 
26.81 3.85 95.21 -0.87 -0.67 -0.51 
49.78 4.01 104.55 -0.66 -0.48 -0.17 
70.21 2.47 110.65 -0.14 -0.21 0.34 
102.60 0.78 120.58 0.78 0.00 1.59 
-13.40 1.23 143.10 0.52 -0.48 0.82 
41.95 1.37 178.62 0.30 -0.28 0.67 
50.66 1.12 215.51 0.37 0.09 0.76 
-7.60 1.67 221.37 0.27 0.39 0.99 
-27.06 1.43 190.08 0.37 0.21 0.86 
-34.59 0.88 148.62 0.44 0.02 0.71 
-53.97 0.92 130.90 0.56 -0.54 0.78 
-0.50 1.45 138.30 0.45 -0.28 1.17 
-57.73 2.53 153.84 0.05 -0.15 0.86 
-44.94 4.40 161.41 -0.45 -0.35 0.32 
32.62 5.08 165.55 -0.77 -0.39 -0.03 
-24.28 4.49 168.16 -0.88 -0.56 -0.60 
-10.43 3.87 172.97 -0.73 -0.68 -0.28 
24.22 3.53 182.95 -0.59 -0.54 -0.15 
69.91 1.81 189.80 -0.04 -0.06 0.78 
30.97 0.98 196.19 0.65 0.24 1.56 
-32.60 1.51 210.94 0.35 -0.44 0.79 
24.06 1.48 240.84 0.26 -0.26 0.72 
25.23 1.29 303.24 0.38 0.16 0.90 
25.59 1.33 305.65 0.37 0.19 0.90 
-27.43 1.16 57.23 0.34 0.10 0.69 
-65.63 0.75 37.58 0.54 -0.22 0.72 
2.33 1.06 37.87 0.57 -0.36 0.94 
-65.20 1.41 48.59 0.61 -0.23 1.05 
-57.82 2.73 62.27 -0.01 -0.34 0.62 
-23.56 4.77 75.05 -0.43 -0.22 0.28 
4.36 5.26 81.49 -0.83 -0.29 0.07 
-38.53 4.80 79.82 -0.99 -0.43 -0.38 
27.58 4.45 83.10 -0.78 -0.36 -0.21 
35.42 3.91 84.14 -0.53 -0.37 0.15 
52.38 1.06 76.92 0.25 -0.15 1.50 
26.78 1.71 85.25 0.28 -0.68 1.07 
16.68 1.51 106.04 0.26 -0.52 0.71 
41.16 0.95 143.69 0.38 -0.27 0.69 
73.99 1.05 178.83 0.42 0.11 0.82 
25.63 1.11 119.04 0.64 -0.14 1.08 
-23.60 1.71 132.50 0.42 -0.06 0.99 
-54.55 3.00 142.90 -0.04 -0.15 0.55 
17.50 4.59 148.84 -0.95 -0.37 -0.37 
6.06 4.29 153.35 -0.71 -0.37 -0.19 
97.72 2.84 159.30 -0.10 0.01 0.15 
102.59 -0.01 161.11 1.39 0.47 1.52 
-36.39 1.04 169.48 0.67 -0.22 0.88 
-10.85 1.13 198.81 0.47 -0.40 0.64 
65.07 0.98 239.83 0.41 -0.08 0.69 
68.00 1.37 276.87 0.40 0.49 0.89 
-39.99 1.53 262.87 0.28 0.25 0.77 
-67.54 0.74 227.69 0.61 0.30 0.81 
-103.26 0.64 192.58 0.60 -0.45 0.47 
42.59 1.36 191.19 0.45 -0.45 1.07 
-0.18 1.88 201.84 0.50 -0.11 1.37 
-45.92 3.10 216.42 -0.11 -0.30 0.61 
-159.26 4.65 231.99 -0.46 -0.35 -0.26 
-99.07 4.26 231.13 -0.99 -0.38 -0.70 
119.70 4.30 241.19 -0.91 -0.48 -0.39 
4.51 4.46 249.21 -0.67 -0.27 -0.09 
-2.66 1.73 248.36 -0.01 -0.19 0.43 
-61.70 1.48 246.67 0.42 -0.21 1.53 
-28.93 1.92 260.21 0.14 -0.59 0.76 
59.65 1.51 292.64 0.24 -0.87 0.49 
93.52 1.06 -323.45 0.32 -0.22 0.72 
-16.63 1.71 -296.96 0.29 0.78 0.96 
38.49 1.82 -308.81 0.18 0.28 0.86 
37.75 1.20 304.80 0.44 0.34 0.82 
-32.15 1.35 280.28 0.35 -0.66 0.70 
-11.40 1.62 282.21 0.37 -0.33 1.28 
-33.90 2.21 290.70 0.17 -0.11 1.05 
-68.77 3.53 299.30 -0.23 -0.31 0.52 
41.61 3.24 321.28 -0.25 -0.06 0.27 
20.65 1.10 324.26 0.59 -0.05 1.57 
-8.04 1.63 -313.38 0.31 -0.40 0.88 
28.82 1.83 -281.59 0.14 -0.20 0.67 
45.52 1.51 -243.53 0.24 0.17 0.80 
-7.31 5.23 -263.13 -0.69 -0.33 -0.03 
-24.02 1.58 -224.79 0.33 -0.34 0.90 
22.67 1.69 -190.56 0.18 -0.23 0.74 
30.72 1.16 -150.67 0.32 0.00 0.73 
-28.16 1.58 -139.16 0.29 0.46 1.04 
-3.38 1.43 -164.75 0.32 0.10 0.79 
-40.52 1.16 -195.18 0.36 0.03 0.69 
-9.83 0.60 -215.37 0.59 -0.22 0.82 
-31.82 1.09 -211.61 0.78 -0.37 1.21 
-54.52 1.87 -195.98 0.34 -0.24 0.88 
-51.40 3.74 -182.13 -0.23 -0.33 0.40 
-18.65 5.26 -171.80 -0.85 -0.32 -0.01 
36.63 5.00 -159.51 -1.06 -0.21 -0.28 
15.97 5.31 -155.74 -0.81 -0.10 -0.03 
23.73 3.47 -155.10 -0.36 -0.03 0.34 
140.93 0.89 -158.85 0.39 0.41 0.92 
-36.68 1.41 -147.35 0.56 -0.25 1.18 
-23.95 1.21 -102.46 0.34 -0.15 0.68 
32.33 0.97 -62.89 0.42 -0.06 0.76 
52.01 1.60 -38.33 0.31 0.55 0.91 
22.20 1.49 -61.25 0.37 0.33 0.90 
-56.75 0.63 -104.23 0.49 0.00 0.60 
-42.24 0.55 -128.44 0.73 -0.45 0.76 
-16.06 1.21 -122.54 0.69 -0.44 1.17 
-32.48 1.73 -109.08 0.46 -0.25 1.09 
-52.85 2.78 -94.48 0.00 -0.14 0.49 
-24.03 5.20 -86.76 -0.67 -0.33 -0.10 
21.89 4.82 -78.75 -1.08 -0.33 -0.45 
14.21 4.49 -78.30 -0.79 -0.36 -0.19 
105.16 3.74 -73.27 -0.43 -0.31 0.10 
112.68 0.88 -68.69 0.13 0.17 0.64 
2.60 0.88 -64.60 0.89 0.25 1.47 
-6.01 1.14 -52.86 0.51 -0.22 0.84 
32.66 1.36 -23.81 0.31 -0.22 0.68 
49.59 1.07 14.72 0.44 0.07 0.77 
18.49 1.49 46.06 0.31 0.42 0.81 
-5.30 1.44 25.97 0.39 0.27 0.90 
-33.14 1.22 -4.30 0.37 0.02 0.76 
28.53 1.15 -34.67 0.19 0.03 0.42 
-11.13 0.69 -33.89 1.09 -0.33 1.46 
-10.82 1.29 -23.13 0.60 0.00 1.05 
-23.33 2.09 -15.52 0.22 0.00 0.85 
-72.65 4.01 -10.40 -0.31 -0.15 0.40 
-85.89 5.05 -14.73 -0.81 -0.41 -0.07 
-100.18 4.60 -1.11 -0.72 -0.43 -0.32 
22.75 4.06 8.51 -0.98 -0.54 -0.55 
72.43 4.09 11.85 -0.33 -0.19 0.07 
55.50 0.84 15.24 0.30 0.10 0.81 
-28.20 1.20 22.55 0.61 -0.18 1.41 
22.19 1.08 47.89 0.49 -0.14 0.81 
73.20 0.68 85.17 0.48 0.00 0.61 
63.77 0.57 112.77 0.73 0.28 0.82 
-43.31 1.13 104.46 0.47 0.34 0.83 
-61.63 0.79 73.04 0.60 0.10 0.78 
-73.69 0.77 52.65 0.54 -0.06 0.70 
-28.56 0.91 40.06 0.53 -0.50 0.74 
-1.95 1.85 47.46 0.45 -0.24 1.26 
-84.24 2.80 61.31 -0.07 -0.20 0.78 
-8.56 4.25 70.81 -0.41 -0.26 0.43 
-42.37 5.28 81.10 -0.79 -0.26 -0.09 
5.09 4.57 83.76 -0.98 -0.22 -0.66 
45.72 4.63 88.75 -0.93 -0.28 -0.26 
63.56 4.56 89.92 -0.68 -0.24 0.18 
116.23 1.93 86.48 -0.11 0.17 0.60 
52.88 0.77 91.05 0.54 -0.05 1.01 
-65.50 1.41 99.59 0.49 -0.24 1.18 
29.20 1.18 129.00 0.46 -0.33 0.78 
46.83 1.12 167.18 0.37 0.04 0.70 
33.24 1.44 197.25 0.36 0.62 0.84 
0.65 1.36 183.97 0.35 0.17 0.82 
-40.66 0.90 149.43 0.48 0.23 0.76 
-97.22 0.86 126.59 0.57 -0.40 0.78 
-2.47 1.29 129.52 0.46 -0.24 1.02 
-9.50 1.69 135.70 0.35 -0.08 1.06 
-40.74 2.41 142.08 0.08 -0.16 0.94 
-59.67 4.03 150.33 -0.33 -0.29 0.45 
-86.37 4.94 153.61 -0.71 -0.40 -0.24 
37.56 4.84 163.23 -1.03 -0.38 -0.26 
3.14 4.80 168.60 -0.89 -0.32 -0.13 
83.72 4.74 182.86 -0.60 -0.10 0.15 
89.07 1.21 185.57 0.18 0.06 0.76 
-32.00 1.69 192.20 0.31 -0.20 1.23 
16.94 1.71 213.20 0.21 -0.29 0.78 
34.89 1.67 242.16 0.21 -0.06 0.84 
-108.67 0.74 191.60 0.60 -0.25 0.75 
-42.02 1.31 188.90 0.46 -0.52 0.91 
-32.53 1.73 196.23 0.37 -0.23 1.06 
-30.51 2.35 206.76 0.11 -0.21 0.82 
-50.50 4.12 218.39 -0.39 -0.39 0.39 
-4.89 5.91 230.23 -0.84 -0.08 -0.07 
66.93 4.81 237.64 -0.98 -0.14 -0.50 
-22.42 4.93 240.06 -0.99 -0.20 -0.27 
26.01 4.82 243.34 -0.77 -0.19 0.09 
14.63 3.58 244.26 -0.37 -0.03 0.40 
31.49 1.49 246.01 0.18 -0.11 0.95 
-6.15 1.87 252.32 0.18 -0.18 1.05 
11.07 1.60 265.51 0.26 -0.26 0.83 
40.20 1.33 292.47 0.33 -0.07 0.87 
62.99 1.13 -323.06 0.37 0.03 0.75 
-2.24 1.45 -300.72 0.36 0.52 0.86 
2.36 1.34 -306.29 0.33 -0.03 0.77 
-27.39 1.14 -321.34 0.42 0.14 0.81 
-48.64 0.91 305.80 0.51 0.27 0.77 
-67.45 0.51 281.18 0.55 0.02 0.62 
-12.40 0.62 275.69 0.66 -0.25 0.85 
-18.89 0.97 284.49 0.72 -0.08 1.02 
-52.73 1.88 300.96 0.35 -0.07 0.93 
-70.09 2.81 313.21 -0.03 -0.21 0.69 
-21.66 4.55 323.68 -0.58 -0.42 0.31 
-4.04 5.38 -326.05 -0.76 -0.21 -0.14 
5.50 4.67 -317.89 -0.93 -0.45 -0.21 
82.98 4.22 -306.45 -0.87 -0.48 -0.19 
79.50 2.91 -297.12 -0.26 0.00 0.48 
28.81 1.02 -290.80 0.44 0.26 1.16 
-8.80 1.47 -282.68 0.38 -0.16 0.93 
1.81 1.72 -260.87 0.22 -0.20 0.80 
-1.96 1.52 -226.07 0.25 0.00 0.80 
27.39 1.28 -191.90 0.32 -0.06 0.86 
12.68 1.58 -178.61 0.25 -0.03 0.88 
10.60 1.44 -185.26 0.33 0.03 0.89 
39.63 1.35 -218.30 0.39 0.10 0.80 
-63.18 0.96 -254.13 0.42 -0.01 0.69 
-81.50 0.95 -264.09 0.45 -0.39 0.75 
6.35 1.27 -256.09 0.51 -0.31 1.09 
-23.01 1.63 -242.09 0.36 -0.19 1.02 
-43.93 2.55 -229.98 0.04 -0.19 0.85 
-13.71 4.62 -221.18 -0.52 -0.27 0.37 
-71.55 4.66 -220.66 -0.85 -0.44 -0.53 
-9.48 4.40 -214.10 -0.87 -0.41 -0.21 
36.70 4.33 -208.91 -0.62 -0.30 0.08 
114.09 1.90 -207.54 -0.07 -0.13 0.66 
27.06 1.00 -202.89 0.57 0.13 1.25 
-24.56 1.31 -199.16 0.44 -0.15 0.97 
-3.08 1.40 -182.44 0.35 -0.28 0.82 
0.51 1.33 -142.62 0.32 -0.11 0.81 
70.40 1.04 -110.42 0.45 -0.50 0.74 
-2.58 1.79 -102.05 0.18 0.35 0.88 
-21.11 1.45 -121.42 0.32 0.18 0.83 
6.30 1.11 -155.10 0.43 0.12 0.78 
-1.20 0.85 -184.96 0.46 -0.33 0.68 
-53.37 1.02 -184.39 0.55 -0.28 0.93 
-8.39 1.15 -178.24 0.44 -0.20 0.84 
-11.66 1.21 -170.35 0.57 -0.17 1.04 
-93.14 1.90 -159.57 0.34 -0.22 0.87 
-55.47 4.14 -150.81 -0.41 -0.41 0.28 
27.17 5.05 -142.14 -0.71 -0.38 -0.07 
-13.64 4.46 -140.29 -0.97 -0.51 -0.38 
9.56 4.35 -135.37 -0.84 -0.53 -0.12 
79.32 4.20 -132.55 -0.63 -0.32 0.19 
147.73 2.50 -129.33 -0.16 0.15 0.59 
28.54 1.37 -131.48 0.34 -0.02 1.22 
-52.18 1.61 -124.51 0.33 -0.15 1.04 
-10.18 1.47 -105.47 0.31 -0.28 0.83 
26.46 1.36 -73.14 0.32 -0.19 0.80 
51.93 1.15 -34.22 0.34 0.08 0.76 
5.68 1.18 -19.22 0.47 0.24 0.96 
-31.35 1.16 -38.49 0.49 0.14 0.88 
-32.75 1.14 -71.07 0.41 0.12 0.71 
-105.25 0.74 -97.44 0.54 -0.41 0.51 
-30.45 1.19 -98.68 0.63 -0.52 1.04 
-9.64 1.85 -86.78 0.34 -0.21 1.09 
-91.98 3.02 -77.35 -0.08 -0.26 0.64 
5.09 4.57 -71.25 -0.60 -0.49 0.10 
-6.59 4.34 -70.72 -0.69 -0.54 -0.13 
21.46 4.23 -63.35 -0.84 -0.53 -0.29 
86.44 4.09 -55.77 -0.58 -0.38 0.04 
110.63 0.69 -50.28 0.27 -0.11 0.69 
-10.37 1.57 -43.19 0.35 0.24 1.33 
-8.00 1.59 -34.25 0.30 -0.09 0.87 
10.08 1.58 -11.63 0.28 -0.23 0.88 
43.01 1.20 37.41 0.38 -0.03 0.78 
-3.22 1.69 64.95 0.22 0.50 0.82 
10.75 1.55 50.86 0.26 0.27 0.81 
-10.60 0.97 18.76 0.50 0.28 0.76 
-130.05 0.45 -16.12 0.57 -0.04 0.68 
7.63 1.10 -20.73 0.51 -0.42 0.86 
-9.27 1.23 -16.34 0.40 -0.21 0.83 
3.19 1.16 -9.12 0.51 -0.18 0.97 
-42.21 1.60 5.73 0.48 -0.21 1.05 
-42.49 2.77 24.43 -0.01 -0.28 0.73 
26.66 5.52 33.52 -0.59 -0.16 0.16 
-6.42 5.10 39.32 -0.96 -0.32 -0.25 
15.44 5.08 43.95 -0.94 -0.22 -0.08 
25.14 4.57 47.08 -0.69 -0.21 0.19 
32.02 1.96 48.34 -0.01 0.00 0.48 
41.44 1.22 52.11 0.49 -0.04 1.26 
6.11 1.35 58.74 0.44 -0.12 1.02 
10.68 1.42 79.99 0.38 -0.45 0.84 
47.51 0.72 117.39 0.52 -0.10 0.66 
38.13 0.95 154.12 0.41 0.10 0.74 
-34.95 1.34 152.23 0.38 0.26 0.87 
45.68 1.39 126.65 0.41 0.43 0.87 
-96.98 0.42 85.61 0.49 0.11 0.51 
-35.90 0.50 81.87 0.75 -0.33 0.86 
-11.34 0.83 86.82 0.64 -0.19 0.87 
-36.34 1.11 99.56 0.68 -0.17 0.99 
-66.76 2.03 119.68 0.24 -0.29 0.76 
13.77 4.37 138.30 -0.45 -0.28 0.41 
2.67 5.32 143.32 -0.91 -0.25 -0.16 
-8.24 5.06 148.45 -0.91 -0.22 0.13 
18.84 4.70 152.70 -0.75 -0.21 0.21 
26.60 2.73 152.88 -0.28 -0.12 0.57 
61.33 1.32 149.19 0.27 -0.15 0.97 
35.16 1.37 149.16 0.33 -0.14 1.11 
-3.14 1.54 158.40 0.36 -0.17 0.97 
1.62 1.24 186.10 0.40 -0.23 0.79 
62.46 0.94 224.84 0.41 -0.02 0.70 
26.55 1.05 255.07 0.48 0.22 0.93 
-28.49 1.31 247.67 0.38 0.17 0.82 
-115.91 1.38 184.38 0.38 -0.58 1.02 
-3.30 1.64 192.33 0.23 -0.14 0.88 
-1.79 1.58 200.12 0.25 -0.09 0.93 
15.85 1.67 206.28 0.39 -0.07 1.09 
-57.30 2.11 215.06 0.32 -0.02 1.06 
-47.26 5.61 238.76 -0.91 -0.23 -0.24 
-35.03 5.59 239.71 -0.97 -0.22 -0.23 
-246.00 0.26 267.46 0.59 0.26 0.58 
6.71 1.05 241.72 0.29 -0.04 0.47 
54.00 0.93 231.83 0.59 -0.49 0.88 
7.11 1.30 241.07 0.60 0.01 1.15 
-87.32 1.64 251.72 0.68 0.32 1.12 
25.43 3.49 264.10 -0.15 -0.26 0.38 
-80.58 5.41 267.96 -0.77 -0.23 -0.17 
-29.93 4.72 265.39 -0.95 -0.34 -0.43 
40.78 4.14 265.26 -0.85 -0.52 -0.40 
77.91 4.21 264.16 -0.69 -0.45 -0.06 
164.84 3.92 259.08 -0.43 -0.25 0.26 
52.14 0.49 240.92 0.79 -0.75 1.22 
36.04 1.32 260.45 0.46 -0.34 0.94 
33.42 0.93 294.08 0.52 -0.32 0.70 
129.06 0.96 -317.06 0.42 -0.03 0.70 
-8.66 1.69 -294.32 0.25 0.65 0.89 
-23.55 1.48 -312.50 0.31 0.21 0.79 
-13.45 1.08 312.58 0.50 0.17 0.89 
-50.17 0.85 276.52 0.45 -0.32 0.64 
-50.08 1.15 278.87 0.38 -0.12 0.92 
22.80 1.18 285.44 0.59 -0.16 1.09 
-25.50 1.76 295.67 0.45 0.03 1.13 
-80.87 3.13 302.09 -0.07 -0.19 0.46 
-36.55 5.22 308.87 -0.65 -0.34 -0.16 
121.98 4.95 323.92 -0.98 -0.35 -0.57 
-12.24 4.07 -322.50 -0.87 -0.36 -0.47 
78.66 4.96 -305.32 -0.61 0.02 0.08 
90.13 1.80 -292.91 0.00 0.12 0.72 
-20.87 1.78 -286.51 0.18 0.28 1.23 
-53.64 1.63 -274.16 0.28 -0.27 0.88 
28.26 1.45 -242.62 0.29 -0.13 0.79 
23.63 1.30 -205.84 0.32 0.11 0.77 
-23.52 1.51 -194.01 0.31 0.46 0.99 
-47.63 1.32 -212.63 0.41 0.26 0.87 
-17.12 1.15 -242.51 0.40 0.04 0.79 
-153.34 1.05 -268.24 0.49 -0.65 0.56 
26.69 1.43 -264.69 0.33 -0.27 0.96 
-9.92 1.50 -257.50 0.49 -0.16 1.23 
-26.43 2.43 -248.32 0.09 -0.15 0.88 
-52.72 4.82 -241.60 -0.44 -0.31 0.26 
-75.94 4.52 -236.91 -0.68 -0.38 -0.45 
1.56 4.33 -229.57 -0.94 -0.43 -0.48 
27.56 4.29 -223.42 -0.85 -0.45 -0.24 
10.23 4.24 -218.92 -0.72 -0.39 -0.01 
93.49 2.53 -215.05 -0.18 -0.15 0.57 
129.60 1.12 -211.45 0.35 0.29 0.96 
-15.88 1.14 -208.29 0.69 0.08 1.22 
3.05 1.11 -194.03 0.44 -0.21 0.73 
38.82 0.87 -160.19 0.55 -0.20 0.75 
61.22 1.11 -107.48 0.53 0.50 0.74 
-37.36 1.25 -112.74 0.40 0.03 0.87 
-91.90 1.18 -133.14 0.49 0.00 0.87 
-91.12 1.29 -161.10 0.27 -0.14 0.60 
-33.20 0.68 -178.08 0.66 -0.66 0.72 
-23.07 0.86 -169.16 0.87 -0.22 1.09 
-31.57 2.15 -149.40 0.22 -0.31 0.78 
-55.47 4.25 -142.78 -0.36 -0.30 0.34 
-84.97 4.95 -131.76 -0.81 -0.51 -0.28 
-2.16 4.57 -128.65 -0.94 -0.37 -0.43 
24.38 4.40 -123.84 -0.82 -0.42 -0.21 
52.78 4.21 -119.50 -0.54 -0.24 0.16 
51.14 1.34 -119.69 0.13 -0.12 0.88 
-25.03 1.89 -113.92 0.18 -0.22 1.31 
15.43 1.46 -89.93 0.28 -0.46 0.78 
48.00 1.26 -54.24 0.26 0.05 0.62 
58.65 1.55 -28.21 0.36 0.62 0.85 
19.50 1.43 -39.86 0.37 0.28 0.92 
-19.21 1.17 -75.50 0.34 0.26 0.64 
-29.44 0.44 -106.74 0.82 -0.59 0.79 
21.68 0.79 -107.85 0.72 -0.26 1.00 
20.01 0.94 -97.46 0.68 0.00 0.95 
-80.11 1.41 -81.81 0.64 -0.05 1.11 
-48.84 4.95 -68.14 -0.41 -0.30 0.08 
-5.53 5.38 -64.18 -0.83 -0.28 -0.07 
-33.21 4.45 -64.25 -0.85 -0.53 -0.39 
12.69 3.95 -57.09 -0.83 -0.62 -0.48 
50.85 4.25 -49.26 -0.63 -0.35 -0.06 
60.13 2.47 -42.67 -0.18 -0.16 0.49 
39.59 0.59 -35.81 0.66 0.29 1.32 
-5.63 1.15 -31.31 0.58 -0.09 1.04 
6.33 0.99 -1.65 0.50 -0.48 0.62 
99.52 0.47 48.95 0.61 0.02 0.69 
32.60 1.17 59.42 0.50 0.48 0.86 
-45.56 1.09 39.68 0.50 0.33 0.78 
-74.85 0.58 -6.49 0.51 0.14 0.59 
-63.16 1.23 -18.72 0.37 -0.58 0.66 
-31.76 1.03 -10.99 0.72 -0.27 1.18 
-79.85 1.83 2.08 0.42 -0.13 0.90 
36.07 3.16 12.16 -0.18 -0.48 0.61 
-86.08 4.93 23.94 -0.65 -0.40 -0.02 
62.45 4.16 30.53 -0.96 -0.43 -0.85 
16.92 3.97 35.62 -0.84 -0.44 -0.58 
77.94 4.10 43.44 -0.46 -0.28 0.01 
70.30 0.95 45.47 0.23 -0.07 0.83 
-56.73 1.34 53.17 0.56 0.02 1.36 
27.60 1.26 80.64 0.46 -0.33 0.81 
87.33 1.33 127.71 0.32 0.22 0.66 
-38.15 1.38 145.96 0.37 0.52 0.90 
5.65 1.54 130.11 0.34 0.59 0.83 
-3.66 1.10 90.83 0.35 0.40 0.62 
-110.42 0.34 71.51 0.85 -0.65 0.67 
-82.94 0.98 76.91 0.67 -0.03 1.13 
-86.55 1.86 87.81 0.40 0.03 1.03 
-45.63 3.71 97.24 -0.27 -0.27 0.54 
11.40 5.25 116.45 -0.74 -0.28 0.15 
-0.44 4.54 118.96 -0.73 -0.17 -0.61 
20.35 4.32 127.77 -0.94 -0.34 -0.53 
8.81 4.57 141.35 -0.86 -0.29 -0.14 
79.56 3.24 146.80 -0.26 -0.02 0.35 
120.97 0.67 159.77 0.84 0.65 1.18 
-151.65 0.97 172.01 0.60 -0.02 0.82 
11.97 1.13 198.40 0.39 -0.20 0.63 
67.14 0.89 237.46 0.48 0.16 0.73 
-80.29 1.43 245.74 0.36 0.64 0.82 
6.27 1.18 221.64 0.48 0.27 0.86 
-35.31 1.21 191.35 0.34 0.34 0.61 
-36.99 0.76 178.74 0.66 -0.65 0.72 
-15.57 1.29 191.14 0.72 0.12 1.26 
-105.03 2.38 201.22 0.11 -0.08 0.69 
-32.88 3.27 211.38 -0.11 -0.11 0.52 
-11.52 5.14 218.37 -0.67 -0.10 -0.39 
49.34 4.63 224.21 -1.11 -0.19 -0.70 
-7.47 4.44 228.08 -0.94 -0.29 -0.44 
66.44 4.79 225.49 -0.92 0.12 -0.21 
109.82 1.33 210.38 0.10 -0.42 0.83 
-10.10 1.44 217.94 0.44 -0.18 1.26 
23.56 1.61 240.15 0.27 -0.35 0.81 
-78.38 1.59 284.25 0.18 -0.17 0.76 
123.51 1.29 321.09 0.29 0.02 0.74 
-65.12 1.57 247.58 0.25 -0.01 0.69 
33.93 0.94 220.51 0.44 -0.41 0.75 
-1.73 0.98 223.94 0.62 -0.20 1.02 
-15.73 1.34 236.70 0.63 0.00 1.11 
-49.73 2.23 250.61 0.12 -0.15 0.79 
-55.56 4.48 259.84 -0.41 -0.24 0.33 
-12.14 5.13 255.41 -0.85 -0.47 -0.13 
-5.48 4.23 255.93 -0.89 -0.61 -0.51 
19.86 4.15 264.69 -0.85 -0.58 -0.27 
46.75 4.55 273.29 -0.39 -0.08 0.05 
93.46 0.49 277.25 0.40 0.12 0.75 
-18.69 1.04 279.88 0.85 0.04 1.45 
11.53 1.12 296.37 0.47 -0.32 0.72 
54.93 0.96 -312.06 0.42 -0.01 0.66 
20.49 1.18 -279.52 0.42 0.41 0.88 
8.87 1.26 -295.43 0.44 0.16 0.92 
53.11 1.37 -325.64 0.34 0.32 0.67 
-108.02 0.20 301.65 0.55 -0.32 0.43 
-19.06 0.98 312.51 0.84 -0.35 1.36 
-58.42 1.42 -322.06 0.48 0.00 0.78 
-1.57 4.99 -313.22 -0.35 -0.13 0.24 
-19.24 5.05 -303.46 -1.01 -0.22 -0.53 
24.29 4.39 -298.99 -1.04 -0.26 -0.59 
59.61 4.29 -285.88 -0.61 -0.11 0.20 
8.71 0.40 -303.08 0.24 -0.05 0.45 
-33.59 0.88 -298.69 1.03 -0.23 1.42 
99.90 0.93 -263.94 0.55 -0.64 0.49 
11.29 -0.84 -83.38 1.00 0.18 -0.14 
3.76 -0.55 -82.36 1.06 0.11 -0.35 
53.75 -0.14 -75.30 1.08 0.06 -0.60 
-3.82 -0.98 -72.55 0.93 0.15 -0.05 
-88.42 -1.06 -63.39 1.21 0.06 0.01 
-34.37 -0.68 -54.67 1.06 0.09 -0.13 
132.56 -0.04 -39.72 1.36 0.05 0.49 
-52.78 0.30 -11.43 0.78 -0.26 0.33 
90.72 2.83 -1.72 -0.16 0.34 0.69 
-11.50 1.76 20.65 0.22 -1.26 0.56 
37.91 -0.04 74.54 0.44 -0.09 0.38 
97.77 1.05 108.30 0.83 0.82 1.23 
89.39 1.33 81.81 0.47 0.50 0.78 
-144.34 0.06 35.65 0.53 -0.02 0.43 
-68.28 0.46 55.51 1.18 -0.14 1.72 
-130.62 1.98 59.37 0.54 0.48 0.81 
19.43 4.06 60.18 -0.21 0.02 0.35 
-68.86 5.32 50.39 -0.52 -0.05 -0.26 
73.51 4.30 52.14 -1.06 -0.35 -0.87 
19.46 4.00 64.39 -0.78 -0.27 -0.47 
-173.89 -0.50 60.48 0.77 -0.16 0.60 
-75.24 1.54 64.84 0.59 -0.14 1.70 
25.30 1.36 98.27 0.30 -0.45 0.52 
51.85 0.92 144.68 0.37 0.16 0.65 
17.86 1.22 176.20 0.51 0.61 1.10 
-0.86 1.62 163.11 0.28 0.24 0.81 
-113.56 0.90 120.74 0.54 0.32 0.71 
-29.10 0.51 93.22 0.52 -0.37 0.58 
-9.43 1.30 101.53 0.71 -0.22 1.33 
-24.05 2.02 116.95 0.21 0.00 0.79 
-97.24 4.02 127.24 -0.24 -0.13 0.43 
-23.76 5.73 131.84 -0.64 -0.15 -0.06 
70.55 3.95 128.38 -1.02 -0.45 -1.08 
47.07 3.79 135.28 -0.82 -0.60 -0.47 
74.52 4.03 143.66 -0.67 -0.39 0.20 
149.24 1.14 138.12 0.14 -0.13 0.62 
-59.02 1.80 143.34 0.35 0.00 1.69 
1.49 1.82 165.54 0.19 -0.50 0.69 
52.71 1.39 203.73 0.24 -0.18 0.70 
65.09 0.88 260.48 0.60 0.38 0.90 
-24.91 1.38 250.77 0.38 0.13 0.85 
-9.74 1.40 216.53 0.39 0.67 0.78 
-87.00 0.82 181.81 0.38 0.09 0.57 
-24.51 0.86 169.53 0.56 -0.53 0.77 
54.24 1.34 174.40 0.67 0.06 1.40 
-23.41 2.22 192.53 0.22 -0.08 0.92 
-32.62 5.14 203.12 -0.42 -0.16 0.21 
35.33 5.34 205.83 -0.87 -0.14 -0.39 
17.94 4.57 210.51 -1.09 -0.14 -0.55 
33.17 4.87 213.08 -0.79 -0.15 -0.11 
56.17 1.74 214.08 -0.03 0.04 0.42 
122.68 0.19 202.23 1.08 -0.20 1.27 
-79.69 1.00 214.72 0.75 -0.39 1.08 
63.27 0.99 315.28 0.47 0.21 0.81 
-20.20 1.45 302.36 0.46 0.60 0.95 
-49.36 1.02 268.92 0.42 0.17 0.70 
-96.40 0.87 238.56 0.44 -0.18 0.68 
21.82 1.09 233.93 0.60 -0.41 1.17 
-20.44 1.74 243.74 0.43 -0.11 1.00 
-33.88 2.98 252.66 -0.06 -0.13 0.69 
-44.37 5.56 258.08 -0.66 -0.22 0.03 
-13.19 4.68 262.85 -0.87 -0.29 -0.48 
33.22 4.50 266.70 -0.83 -0.30 -0.17 
222.29 1.41 271.86 0.02 -0.13 0.40 
4.40 1.64 276.38 0.26 0.21 1.39 
-39.93 1.84 290.19 0.23 -0.14 1.01 
33.52 2.21 318.34 0.03 -0.09 0.72 
40.14 1.61 -299.56 0.17 0.11 0.72 
30.30 1.58 -267.73 0.37 0.75 1.05 
14.23 1.52 -295.34 0.34 0.42 0.85 
62.72 1.59 -324.49 0.27 0.09 0.75 
-213.85 0.90 307.93 0.55 -0.51 0.79 
62.72 1.92 318.77 0.45 0.27 1.48 
-86.66 4.23 326.76 -0.17 -0.10 0.26 
-30.33 6.08 -322.01 -0.61 0.00 0.04 
133.45 4.53 -314.24 -0.96 -0.19 -0.81 
8.74 3.97 -311.24 -0.92 -0.38 -0.69 
105.04 4.39 -298.09 -0.61 -0.16 -0.13 
17.26 0.02 -287.35 0.36 0.17 0.41 
-95.98 1.70 -285.21 0.55 0.11 1.62 
21.17 1.52 -255.41 0.25 -0.39 0.60 
-30.43 0.83 -211.29 0.41 -0.09 0.71 
140.26 1.40 -182.09 0.62 0.96 0.84 
-41.61 1.32 -210.72 0.38 0.49 0.70 
35.07 1.69 -250.18 0.08 0.50 0.49 
-115.17 0.62 -270.59 0.66 -0.41 0.90 
57.72 1.40 -257.96 0.67 -0.23 1.39 
-50.37 2.25 -240.84 0.14 -0.17 0.89 
-84.81 5.70 -234.08 -0.53 0.03 -0.19 
7.41 4.22 -239.70 -1.10 -0.50 -1.03 
61.49 4.10 -224.76 -0.82 -0.39 -0.47 
51.98 4.25 -216.36 -0.38 -0.11 0.10 
65.47 1.04 -212.00 0.32 0.22 1.09 
-48.33 1.70 -197.40 0.35 -0.42 1.13 
20.30 1.22 -156.49 0.29 -0.17 0.63 
42.01 1.11 -112.54 0.45 0.21 1.01 
-1.55 1.33 -103.03 0.34 0.37 0.79 
-21.19 1.23 -137.19 0.53 0.29 0.88 
34.01 0.95 -172.06 0.35 -0.01 0.62 
-104.95 1.06 -192.61 0.61 -0.79 0.69 
1.30 1.38 -181.89 0.64 0.23 1.35 
-39.01 2.71 -168.47 0.03 -0.31 0.79 
-39.50 4.93 -159.72 -0.34 -0.19 0.18 
9.70 5.00 -164.67 -0.68 -0.23 -0.41 
-17.90 3.83 -149.73 -0.82 -0.12 -1.06 
-38.98 3.84 -143.90 -0.81 -0.20 -0.66 
119.91 4.66 -131.09 -0.60 0.09 -0.07 
30.36 0.92 -130.38 0.31 0.07 1.13 
-10.28 1.48 -119.42 0.52 -0.69 0.80 
47.03 1.41 -86.64 0.32 -0.42 0.69 
68.39 1.35 -33.42 0.27 0.06 0.76 
2.74 1.48 -5.64 0.35 0.58 1.07 
-3.08 1.72 -29.22 0.29 0.39 0.91 
-30.32 1.41 -59.66 0.29 -0.04 0.71 
-81.41 1.45 -68.16 0.18 -0.19 0.92 
0.81 2.49 -58.00 0.27 0.00 1.34 
-6.11 3.69 -48.76 -0.24 -0.15 0.59 
-33.68 5.58 -39.67 -0.54 -0.13 -0.16 
17.67 3.97 -33.06 -0.96 -0.26 -1.05 
-4.17 4.11 -27.21 -0.85 -0.23 -0.54 
98.60 3.84 -16.91 -0.34 -0.15 -0.15 
-20.21 1.02 -9.62 0.27 0.18 1.11 
-54.64 1.89 -5.20 0.37 0.11 1.39 
-19.52 1.88 20.86 0.13 -0.24 0.61 
68.72 1.18 85.16 0.33 0.17 0.78 
13.60 1.63 93.65 0.28 0.59 0.84 
12.14 1.37 63.09 0.38 0.43 0.83 
-210.28 0.71 31.42 0.41 0.19 0.58 
36.32 1.09 24.17 0.58 -0.54 0.94 
-28.99 2.02 32.28 0.52 -0.13 1.13 
-23.73 3.83 39.35 -0.28 -0.19 0.57 
-128.43 4.20 35.82 -0.55 -0.40 -0.83 
19.68 4.25 45.67 -0.97 -0.44 -0.50 
70.81 3.95 60.11 -0.67 -0.36 -0.30 
0.60 -0.33 65.17 0.38 0.27 0.23 
-50.66 1.34 70.32 0.91 0.42 1.80 
17.60 1.27 92.89 0.38 -0.29 0.63 
31.39 1.31 133.83 0.26 -0.11 0.65 
113.69 0.89 169.96 0.67 0.43 0.96 
-4.37 1.36 150.60 0.45 0.46 0.93 
-90.38 0.48 106.14 0.56 0.29 0.56 
35.32 0.30 80.63 0.69 -0.35 0.64 
-42.21 1.35 93.15 0.93 0.13 1.54 
-137.83 2.38 108.45 0.05 -0.31 0.09 
31.69 5.02 114.98 -0.79 -0.42 0.00 
-55.45 5.18 119.23 -0.78 -0.15 -0.37 
24.65 3.84 128.21 -0.90 -0.48 -0.75 
41.85 4.51 139.86 -0.60 -0.19 -0.07 
65.43 1.16 143.32 0.11 -0.03 0.61 
-55.24 1.80 147.36 0.23 -0.06 1.44 
16.00 1.41 177.45 0.33 -0.22 0.85 
49.39 0.80 224.03 0.48 -0.04 0.72 
-49.97 1.67 234.72 0.27 0.53 0.90 
-12.42 1.41 211.91 0.38 0.35 0.92 
-82.39 1.00 173.58 0.37 0.14 0.61 
-12.08 1.03 162.25 0.56 -0.62 0.88 
25.94 1.77 170.77 0.44 0.03 1.29 
5.36 3.40 178.11 -0.19 -0.05 0.64 
-81.06 5.63 178.93 -0.72 -0.23 -0.12 
127.82 4.41 187.53 -0.92 -0.30 -0.56 
16.50 0.54 239.17 0.35 0.15 0.64 
31.56 0.63 240.48 1.22 0.43 1.78 
14.38 1.19 247.34 0.50 -0.27 0.75 
41.05 1.00 277.88 0.50 -0.31 0.71 
84.40 0.48 321.41 0.59 0.06 0.63 
3.45 1.59 320.23 0.35 0.87 0.71 
4.77 1.20 291.73 0.37 0.40 0.69 
-203.50 0.46 265.54 0.41 0.16 0.46 
93.04 0.82 258.52 0.92 -0.24 1.29 
-45.94 1.59 267.52 0.59 -0.16 0.97 
-68.60 3.28 277.69 -0.11 -0.16 0.63 
-55.24 5.54 286.19 -0.54 -0.22 0.01 
-59.45 3.82 280.41 -0.72 -0.32 -1.11 
-47.21 3.57 284.75 -0.71 -0.53 -0.57 
55.80 4.61 301.78 -0.46 -0.13 -0.06 
20.67 1.26 307.25 0.08 0.14 0.71 
-26.50 1.90 303.54 0.12 0.04 1.26 
9.94 1.65 -326.14 0.30 -0.41 0.94 
37.07 1.40 -287.10 0.26 -0.05 0.77 
5.52 1.25 -254.22 0.40 0.46 0.86 
34.56 1.58 -265.38 0.28 0.08 0.83 
18.35 1.05 -298.37 0.46 0.35 0.80 
-121.63 0.69 -325.29 0.56 -0.53 0.54 
-31.19 1.91 -319.54 0.54 0.31 1.39 
5.92 3.31 -314.94 -0.19 -0.05 0.74 
-57.53 4.90 -311.93 -0.50 -0.25 0.29 
-4.45 4.52 -306.94 -0.82 -0.36 -0.68 
28.91 4.26 -299.32 -0.88 -0.34 -0.56 
41.67 4.75 -284.79 -0.66 -0.15 -0.08 
71.39 2.24 -275.87 -0.12 0.01 0.37 
40.76 1.57 -277.91 0.23 0.37 1.52 
4.22 1.68 -256.59 0.33 -0.33 0.94 
45.92 1.64 -212.07 0.22 0.14 0.66 
17.83 1.25 -170.75 0.42 0.58 0.80 
0.10 1.53 -175.74 0.33 0.27 0.91 
-14.21 1.16 -202.62 0.42 0.38 0.76 
-103.76 0.73 -233.85 0.49 0.05 0.70 
16.92 1.10 -232.13 0.61 -0.63 0.90 
-124.31 1.95 -229.78 0.41 0.37 1.17 
-3.75 2.84 -226.99 0.00 0.08 0.78 
-45.60 5.40 -221.73 -0.54 -0.21 -0.20 
14.59 4.14 -212.99 -0.82 -0.20 -0.79 
0.31 4.38 -207.07 -0.82 -0.15 -0.33 
22.78 1.09 -202.79 0.20 0.13 0.86 
-9.37 1.54 -199.72 0.34 0.07 1.48 
30.55 1.55 -182.73 0.37 -0.46 0.95 
31.22 1.39 -140.49 0.31 -0.10 0.71 
163.04 0.99 -98.17 0.63 0.45 0.73 
-102.50 1.59 -98.32 0.21 0.58 0.66 
4.98 1.12 -131.37 0.36 0.76 0.58 
-187.95 -0.05 -167.99 0.80 -0.02 0.60 
87.23 1.37 -161.04 0.79 -0.51 1.52 
-63.63 2.49 -150.62 0.11 -0.10 0.80 
-25.84 4.30 -142.19 -0.34 -0.15 0.39 
-40.82 4.99 -134.85 -0.82 -0.26 -0.50 
8.58 4.52 -130.55 -1.14 -0.08 -0.70 
15.98 4.41 -126.60 -0.86 -0.23 -0.32 
83.20 2.95 -125.06 -0.23 -0.02 0.42 
26.59 1.01 -122.18 0.51 0.03 1.41 
29.10 1.41 -89.63 0.40 -0.28 0.82 
68.72 0.92 -48.08 0.41 0.06 0.62 
-13.76 1.14 -17.15 0.56 0.41 1.04 
-3.63 1.41 -29.34 0.32 0.29 0.80 
-170.86 0.20 -85.89 0.75 0.30 0.64 
12.65 1.42 -92.97 0.53 -0.84 0.77 
-22.87 1.55 -86.77 0.49 -0.01 1.28 
-30.97 2.51 -72.08 0.06 -0.09 0.96 
-25.11 4.78 -64.38 -0.33 -0.19 0.26 
1.98 5.88 -57.13 -0.87 -0.12 -0.18 
10.87 4.10 -50.10 -1.10 -0.29 -0.94 
3.38 4.77 -46.44 -0.79 -0.08 -0.22 
26.08 4.52 -47.53 -0.31 -0.06 0.05 
58.14 1.06 -45.78 0.60 0.11 1.56 
-8.09 1.57 -36.50 0.39 -0.10 1.09 
42.83 1.46 -2.31 0.33 -0.22 0.77 
41.85 1.30 44.07 0.34 0.22 0.79 
-3.37 1.64 62.67 0.25 0.39 0.87 
13.05 1.78 52.36 0.20 0.35 0.82 
30.37 1.66 19.87 0.19 0.79 0.71 
-103.54 0.69 -18.38 0.48 -0.09 0.68 
38.17 1.57 -20.90 0.24 -0.35 0.96 
-31.31 1.70 -10.83 0.45 -0.04 1.18 
-30.37 3.57 0.29 -0.20 -0.16 0.57 
-53.32 5.58 4.44 -0.62 -0.17 0.11 
-39.57 4.47 7.28 -1.01 -0.42 -0.63 
0.94 4.73 13.53 -0.92 -0.24 -0.20 
34.30 4.19 19.02 -0.40 -0.17 0.02 
61.31 0.38 25.79 0.79 0.24 1.38 
-44.43 1.46 30.00 0.43 -0.28 1.02 
47.66 1.36 57.69 0.38 -0.34 0.76 
65.57 1.04 101.62 0.40 0.06 0.70 
-72.92 1.60 121.12 0.26 0.62 0.93 
23.05 1.57 98.30 0.32 0.45 0.88 
-89.92 0.67 63.93 0.58 -0.08 0.62 
74.94 1.27 52.56 0.53 0.00 1.13 
-21.50 1.95 59.01 0.33 -0.06 1.25 
-65.58 3.70 65.07 -0.21 -0.13 0.44 
9.85 5.27 68.36 -0.61 -0.28 -0.07 
27.30 4.63 71.50 -1.08 -0.24 -0.72 
-30.14 4.69 78.06 -0.89 -0.19 -0.29 
33.42 5.21 87.48 -0.63 -0.02 0.00 
26.53 1.10 89.99 0.14 0.04 0.73 
-60.84 1.76 90.19 0.31 0.11 1.52 
47.52 1.43 107.85 0.33 -0.42 0.68 
58.48 0.90 154.81 0.40 -0.05 0.66 
31.71 1.08 196.10 0.53 0.52 0.83 
40.21 1.72 188.19 0.15 0.29 0.55 
-8.24 0.94 152.99 0.53 0.34 0.81 
-127.02 0.62 124.31 0.60 -0.44 0.58 
7.95 0.97 128.59 0.74 -0.25 1.17 
-47.74 2.10 139.11 0.32 0.18 1.01 
-16.16 3.51 147.40 -0.22 -0.16 0.60 
-26.14 5.74 153.15 -0.80 -0.19 -0.09 
34.73 4.70 160.55 -0.94 -0.01 -0.64 
12.01 4.12 161.28 -0.78 -0.06 -0.37 
-40.91 0.93 155.46 0.17 -0.18 0.61 
-51.86 1.96 160.90 0.21 -0.37 1.42 
26.81 1.88 195.24 0.09 -0.28 0.68 
33.96 0.99 242.65 0.41 0.22 0.70 
-47.43 1.39 257.78 0.41 0.63 0.91 
-27.04 1.34 238.66 0.36 0.27 0.81 
-84.39 0.72 207.68 0.54 0.24 0.66 
-69.99 0.68 185.67 0.67 -0.34 0.80 
44.34 1.20 190.19 0.71 -0.36 1.41 
-45.14 1.79 203.44 0.41 -0.14 0.84 
14.94 4.77 216.38 -0.42 -0.11 0.34 
31.49 5.01 223.16 -1.00 -0.22 -0.60 
-25.16 4.14 228.25 -0.81 -0.12 -0.52 
-4.60 4.84 230.16 -0.43 -0.02 0.04 
111.03 1.34 227.72 0.24 0.01 1.09 
-43.68 1.44 244.60 0.39 -0.59 0.75 
-22.63 1.43 246.72 0.38 -0.62 0.72 
-67.60 1.64 -26.09 0.18 0.44 0.63 
10.96 1.10 -222.33 0.41 -0.16 0.82 
19.80 1.27 -219.68 0.39 0.00 0.83 
-0.67 1.35 -215.34 0.33 -0.01 0.80 
-21.04 1.34 -212.25 0.35 -0.16 0.85 
19.80 1.21 -215.90 0.47 0.22 0.90 
-74.34 0.08 -273.60 0.80 0.03 0.61 
17.08 0.75 -302.65 0.61 -0.61 0.67 
-91.67 0.67 -312.28 0.61 0.05 0.78 
0.58 0.95 -303.38 0.81 0.13 1.26 
-70.77 1.88 -292.48 0.37 0.06 0.73 
-21.51 4.50 -282.18 -0.39 -0.29 0.30 
7.52 5.73 -273.97 -0.57 -0.15 -0.06 
84.27 4.53 -277.86 -1.01 -0.25 -0.74 
-31.04 4.52 -272.27 -0.91 -0.23 -0.40 
-1.78 4.91 -267.78 -0.53 -0.07 0.06 
87.19 1.63 -264.96 -0.02 0.20 0.80 
-34.95 1.62 -264.39 0.32 -0.01 1.32 
17.36 1.47 -235.47 0.39 -0.33 0.92 
-30.66 1.61 -198.76 0.25 -0.10 0.78 
33.56 0.95 -140.00 0.44 0.24 0.75 
-4.91 1.49 -134.70 0.42 0.53 0.95 
22.80 0.95 -192.64 0.58 0.60 0.68 
-246.00 0.49 -228.04 0.65 -0.20 0.61 
-7.06 1.53 -225.76 0.36 -0.63 1.20 
85.21 1.99 -215.09 0.21 -0.05 1.06 
-15.78 3.47 -206.64 -0.20 -0.22 0.63 
-7.97 6.20 -209.96 -0.76 -0.02 0.03 
150.68 4.32 -197.54 -0.78 -0.44 -0.59 
-19.86 4.52 -188.34 -1.00 -0.22 -0.51 
-18.82 4.86 -180.07 -0.75 -0.15 -0.14 
11.77 3.21 -171.54 -0.31 0.07 0.36 
12.04 0.98 -172.37 0.37 0.17 1.29 
-17.13 1.77 -154.41 0.31 -0.36 0.87 
35.33 1.61 -123.88 0.23 -0.13 0.74 
39.77 1.24 -73.26 0.36 0.18 0.82 
-4.39 1.48 -55.93 0.34 0.56 0.95 
3.91 1.49 -79.83 0.37 0.41 0.85 
-29.96 1.24 -112.74 0.29 0.20 0.65 
-38.86 0.66 -127.75 0.58 -0.37 0.72 
-12.95 0.80 -126.05 0.82 -0.25 1.15 
-53.50 1.55 -113.38 0.46 -0.13 0.85 
-36.75 2.86 -102.63 -0.09 -0.30 0.63 
60.93 5.15 -85.49 -0.63 -0.12 0.32 
-32.89 5.78 -80.81 -0.92 -0.11 -0.15 
28.87 4.77 -76.80 -1.07 -0.05 -0.54 
20.96 4.80 -73.04 -0.92 -0.14 -0.32 
16.72 4.61 -69.46 -0.65 -0.05 0.18 
17.63 1.78 -68.77 0.00 -0.17 0.75 
2.83 1.34 -65.63 0.39 -0.01 1.29 
-16.37 1.44 -47.77 0.42 -0.41 0.91 
-2.08 1.38 -11.48 0.27 -0.17 0.72 
62.45 1.05 27.86 0.40 -0.03 0.85 
6.33 1.55 35.01 0.31 0.44 1.06 
-9.34 1.57 9.58 0.34 0.11 0.83 
-67.69 1.17 -24.81 0.29 0.05 0.64 
-10.61 1.05 -42.36 0.46 -0.39 0.85 
8.18 1.43 -37.02 0.59 -0.31 1.26 
-34.03 2.43 -20.73 0.09 -0.20 0.80 
29.04 4.59 -7.19 -0.51 -0.18 0.43 
6.86 5.76 -0.59 -0.82 -0.14 0.03 
-40.16 5.01 -0.02 -1.06 -0.19 -0.60 
11.09 4.61 3.45 -0.94 -0.17 -0.40 
-8.55 1.68 87.30 0.24 0.37 0.88 
-14.99 5.30 66.10 -0.67 -0.11 0.24 
-3.18 5.68 71.35 -0.82 -0.17 0.05 
30.58 5.02 82.66 -1.01 -0.07 -0.41 
-13.50 4.71 85.70 -0.95 -0.03 -0.43 
7.07 5.15 86.86 -0.80 -0.06 -0.04 
-43.11 1.47 84.47 0.00 -0.04 0.31 
-6.80 0.96 89.85 0.56 0.36 1.26 
-17.60 1.32 98.01 0.57 -0.07 1.17 
49.83 1.16 136.47 0.38 -0.21 0.67 
31.20 0.99 176.76 0.50 0.00 0.81 
17.82 1.71 202.70 0.25 0.43 0.85 
-2.10 1.67 190.66 0.26 0.25 0.92 
12.74 1.54 158.79 0.27 0.31 0.79 
-42.95 0.86 129.09 0.44 0.04 0.73 
-22.08 0.74 123.33 0.62 -0.32 0.95 
-22.47 1.49 134.11 0.55 -0.13 1.19 
-24.99 2.58 148.30 0.03 -0.19 0.78 
-34.48 4.36 157.13 -0.45 -0.18 0.46 
-10.99 5.50 163.86 -0.70 -0.21 0.11 
-41.63 4.68 168.22 -1.01 -0.26 -0.67 
-3.51 4.61 173.37 -0.97 -0.26 -0.34 
38.22 4.78 177.54 -0.65 -0.15 0.05 
103.83 0.92 179.51 0.18 0.16 0.64 
12.86 1.04 181.57 0.70 0.07 1.49 
-12.14 1.31 196.03 0.48 -0.23 0.86 
36.95 1.35 228.94 0.33 -0.10 0.73 
34.75 1.09 267.91 0.40 0.06 0.79 
6.55 1.45 288.57 0.37 0.40 0.90 
0.88 1.68 278.72 0.25 0.23 0.90 
-4.37 1.27 245.16 0.40 0.10 0.78 
37.81 1.56 211.61 0.17 -0.26 0.56 
7.53 0.37 196.47 0.60 -0.40 0.65 
-27.46 1.17 207.07 0.79 -0.28 1.31 
-46.05 1.78 220.46 0.30 -0.20 0.75 
-4.43 3.79 234.91 -0.26 -0.25 0.55 
-4.79 4.22 245.02 -0.55 -0.35 0.51 
13.98 5.24 253.01 -0.84 -0.34 -0.06 
47.62 5.41 267.46 -0.93 -0.12 -0.19 
-16.02 4.94 270.52 -1.05 0.13 -0.38 
20.72 4.77 270.68 -0.82 -0.18 -0.16 
115.28 3.81 275.53 -0.31 0.20 0.00 
47.82 0.08 266.27 1.04 -0.12 1.26 
-49.27 0.92 285.79 0.64 -0.25 0.82 
54.41 1.25 314.39 0.34 -0.13 0.65 
49.77 0.98 -303.30 0.49 0.04 0.79 
16.96 1.64 -275.50 0.26 0.30 0.89 
3.26 1.67 -283.52 0.29 0.27 1.05 
-44.91 1.13 -318.01 0.39 0.26 0.60 
-6.76 0.89 317.30 0.35 -0.27 0.64 
-118.18 1.27 321.37 0.49 -0.31 1.14 
-33.76 1.75 -320.92 0.33 -0.28 1.03 
-17.06 2.66 -306.21 0.00 -0.27 0.77 
34.65 5.21 -293.26 -0.49 -0.12 0.23 
-46.31 5.47 -278.99 -0.94 -0.18 -0.24 
29.12 4.90 -271.51 -1.06 0.30 -0.41 
12.01 4.89 -273.12 -0.91 -0.03 -0.27 
-18.58 4.70 -265.62 -0.77 -0.06 0.21 
50.09 1.50 -268.36 0.01 0.00 0.49 
26.07 1.00 -268.52 0.56 -0.17 1.30 
-11.31 1.40 -258.89 0.45 -0.19 1.02 
28.84 1.38 -219.00 0.32 -0.18 0.75 
-62.39 1.02 -177.79 0.43 -0.09 0.81 
75.20 1.75 -157.85 0.20 0.44 0.76 
37.25 1.69 -169.58 0.29 0.15 0.98 
8.97 1.53 -206.63 0.28 0.24 0.69 
-75.85 0.70 -243.15 0.65 -0.74 0.57 
-21.03 1.25 -243.61 0.48 -0.35 0.96 
-23.95 1.55 -231.22 0.47 -0.11 1.13 
-38.39 2.49 -215.65 0.06 -0.21 0.88 
-2.34 4.39 -207.14 -0.43 -0.22 0.43 
-41.08 5.74 -199.46 -0.72 -0.16 -0.15 
25.85 5.01 -192.24 -1.01 -0.11 -0.41 
-18.54 5.00 -189.23 -0.96 -0.13 -0.26 
5.59 5.14 -185.44 -0.75 -0.10 0.00 
-1.08 3.56 -186.73 -0.43 -0.08 0.47 
30.79 1.38 -189.94 0.14 -0.06 0.93 
3.62 1.68 -187.01 0.26 -0.15 1.19 
-20.95 1.79 -174.76 0.21 -0.33 0.86 
4.23 1.44 -142.78 0.29 -0.36 0.78 
62.68 1.12 -102.35 0.37 0.04 0.79 
11.99 1.43 -78.75 0.33 0.23 0.90 
10.70 1.57 -88.05 0.30 -0.02 0.95 
11.59 1.60 -122.53 0.29 0.25 0.78 
-88.57 0.91 -153.90 0.43 -0.44 0.55 
-34.82 1.24 -155.92 0.46 -0.39 1.00 
-21.56 1.56 -149.98 0.42 -0.23 1.07 
-37.95 2.21 -137.50 0.18 -0.35 0.92 
-2.37 4.32 -121.86 -0.38 -0.28 0.46 
7.01 5.72 -110.71 -0.83 -0.17 -0.03 
42.42 5.32 -98.93 -0.94 -0.07 -0.34 
-10.61 4.93 -93.41 -1.01 0.06 -0.41 
-7.07 5.09 -90.36 -0.96 -0.01 -0.26 
7.46 5.47 -88.76 -0.82 0.00 0.00 
-23.87 3.23 -91.88 -0.39 -0.14 0.56 
54.68 1.81 -91.03 0.01 -0.16 0.69 
-19.67 1.18 -89.07 0.51 0.00 1.21 
-11.78 1.30 -80.81 0.48 -0.13 1.01 
19.34 1.08 -46.81 0.52 -0.43 0.73 
47.34 1.02 -2.77 0.39 0.02 0.68 
28.50 1.94 14.54 0.13 0.47 0.75 
23.10 1.52 5.90 0.31 0.22 0.88 
-23.20 1.28 -25.39 0.42 0.17 0.89 
-98.08 1.19 -56.81 0.36 -0.12 0.78 
-2.59 1.13 -64.86 0.47 -0.68 0.78 
1.91 1.51 -52.00 0.52 -0.13 1.28 
-14.08 2.39 -37.49 0.10 -0.17 0.83 
-0.43 3.73 -22.87 -0.31 -0.20 0.60 
-18.76 5.87 -17.73 -0.70 -0.09 0.03 
8.20 4.88 -11.78 -1.00 -0.16 -0.51 
-14.51 4.72 -7.16 -1.00 -0.09 -0.45 
3.48 5.22 -3.68 -0.76 -0.05 -0.03 
-19.37 2.01 -4.12 -0.11 -0.08 0.59 
43.85 1.31 -5.30 0.25 0.03 1.06 
12.04 1.27 -1.22 0.51 -0.12 1.24 
-15.43 1.49 14.78 0.35 -0.23 0.88 
8.18 1.50 42.98 0.30 -0.15 0.81 
32.91 1.24 80.17 0.33 -0.10 0.80 
32.38 1.38 108.98 0.34 0.25 0.93 
-10.86 1.55 102.59 0.30 0.07 0.91 
-9.65 1.43 73.79 0.36 0.28 0.80 
-46.44 1.27 40.26 0.32 -0.10 0.79 
-56.70 1.84 37.57 0.16 -0.54 0.77 
27.39 1.53 46.55 0.35 -0.03 1.20 
-24.94 1.80 53.00 0.35 -0.09 0.96 
19.91 4.01 69.88 -0.30 -0.32 0.44 
16.86 5.67 75.96 -0.76 -0.03 0.17 
-8.84 5.02 77.28 -0.95 -0.20 -0.53 
16.25 4.78 83.52 -0.98 -0.12 -0.38 
12.93 5.12 88.09 -0.83 -0.12 -0.04 
21.46 1.65 96.87 0.40 -0.35 1.37 
10.54 1.60 124.12 0.24 -0.29 0.72 
-51.41 1.40 183.02 0.26 0.05 0.81 
62.36 1.07 206.56 0.46 0.21 0.85 
-32.18 1.43 197.38 0.38 0.17 0.92 
-20.34 1.38 162.81 0.34 0.23 0.75 
-22.15 0.49 124.10 0.63 -0.31 0.63 
-3.02 1.24 125.05 0.45 -0.43 0.95 
-19.56 1.57 136.24 0.41 -0.16 1.02 
-7.53 2.07 149.55 0.20 -0.18 1.05 
5.47 3.82 166.25 -0.26 -0.14 0.59 
-1.63 5.88 178.07 -0.63 -0.02 0.11 
31.19 5.02 188.99 -0.91 0.13 -0.48 
-22.75 4.29 189.62 -0.92 -0.05 -0.68 
17.91 4.36 194.23 -0.79 -0.03 -0.38 
78.29 3.97 192.13 -0.19 0.05 0.09 
6.34 0.58 189.89 0.58 -0.13 1.25 
-7.27 1.29 199.86 0.54 -0.23 1.13 
36.68 1.10 243.14 0.46 -0.24 0.74 
46.94 1.19 284.20 0.32 0.09 0.69 
-30.17 1.60 294.13 0.28 0.33 1.02 
-39.60 1.38 274.95 0.47 0.25 0.95 
89.01 1.83 245.00 0.14 0.01 0.66 
-113.50 0.93 233.08 0.50 -0.67 0.73 
2.98 1.47 241.55 0.62 -0.05 1.24 
9.20 2.43 251.90 0.09 -0.03 0.86 
14.72 3.24 255.30 -0.21 -0.16 0.78 
-82.83 5.96 256.65 -0.61 -0.15 -0.04 
-31.60 5.13 257.54 -0.99 -0.21 -0.34 
-42.58 4.37 265.57 -0.93 -0.37 -0.42 
-20.75 5.10 269.27 -0.63 -0.05 0.00 
25.95 1.67 266.14 -0.01 -0.23 0.71 
-19.70 1.26 267.59 0.64 0.30 1.71 
1.33 1.46 290.39 0.33 -0.48 0.67 
68.30 1.40 -324.71 0.24 -0.11 0.67 
19.33 1.05 -297.66 0.43 0.23 0.89 
-13.24 1.27 -306.32 0.46 0.16 0.98 
5.07 1.40 324.15 0.41 0.14 0.83 
-17.79 1.70 294.65 0.18 -0.10 0.70 
-62.88 1.72 279.99 0.18 -0.42 0.74 
10.75 1.71 280.68 0.20 -0.37 0.91 
21.65 1.54 291.41 0.49 -0.23 1.21 
-3.83 2.61 298.81 0.07 -0.25 0.76 
15.42 5.92 307.22 -0.49 0.10 0.06 
-14.15 5.60 315.25 -0.92 0.00 -0.22 
-22.04 4.60 323.24 -1.05 0.08 -0.60 
-14.49 5.08 322.21 -0.88 0.05 -0.16 
13.61 5.08 317.31 -0.36 0.00 0.01 
45.16 1.29 310.99 0.15 -0.21 1.26 
-50.95 0.96 315.45 0.73 -0.26 1.07 
47.24 1.09 -310.13 0.49 -0.31 0.77 
30.49 1.27 -272.68 0.32 0.00 0.67 
30.56 1.21 -242.10 0.42 0.28 0.91 
25.09 1.42 -258.41 0.36 0.23 0.83 
8.49 1.01 -290.23 0.46 0.06 0.83 
-63.80 0.78 -319.77 0.48 -0.12 0.69 
-0.21 1.01 -319.07 0.56 -0.31 0.91 
-30.18 1.63 -307.90 0.41 -0.13 1.03 
-38.07 2.60 -294.74 0.08 -0.20 0.86 
-1.96 4.44 -283.94 -0.44 -0.15 0.45 
-54.48 5.36 -275.06 -0.83 -0.30 -0.26 
78.54 5.20 -259.62 -1.01 0.03 -0.29 
-1.90 5.12 -253.77 -0.85 -0.05 -0.16 
20.33 3.47 -249.76 -0.47 0.12 0.43 
5.36 1.56 -247.29 0.23 -0.16 1.25 
13.43 2.20 -234.75 0.04 -0.28 0.92 
-5.11 1.78 -197.11 0.17 -0.13 0.87 
-58.60 1.34 -153.56 0.26 -0.07 0.86 
-24.68 1.76 -150.44 0.19 0.15 0.90 
36.49 1.70 -163.54 0.22 0.06 0.90 
-28.10 1.63 -186.75 0.23 0.03 0.83 
-93.95 1.28 -204.19 0.38 -0.23 0.83 
-4.54 1.39 -215.33 0.35 -0.30 0.88 
5.38 1.56 -213.19 0.25 -0.24 0.85 
8.41 1.40 -207.27 0.40 -0.15 1.00 
-18.28 1.78 -198.97 0.36 -0.09 1.04 
-26.25 2.75 -188.77 -0.10 -0.15 0.82 
-31.99 4.27 -176.85 -0.39 -0.31 0.35 
111.78 5.12 -159.18 -1.07 0.19 0.36 
-56.21 4.61 -168.44 -0.84 -0.32 -0.61 
10.01 4.88 -160.97 -0.97 0.00 -0.34 
23.26 4.97 -153.33 -0.60 0.00 -0.06 
92.23 1.47 -155.96 -0.01 0.26 1.00 
-54.34 1.21 -160.57 0.56 -0.49 1.18 
11.17 1.71 -149.65 0.23 -0.21 0.89 
12.39 1.47 -123.10 0.31 -0.20 0.84 
64.71 1.27 -64.97 0.39 0.17 0.89 
22.67 1.10 129.88 0.40 0.10 0.85 
-10.33 1.60 129.66 0.27 0.36 0.83 
29.67 1.47 118.36 0.37 0.28 0.92 
-66.43 1.27 87.69 0.37 -0.09 0.72 
-13.15 1.21 62.64 0.29 0.02 0.64 
-21.31 0.98 59.94 0.50 -0.27 1.05 
12.89 1.18 68.20 0.57 -0.20 0.99 
-21.06 1.83 81.94 0.37 -0.11 0.95 
-15.52 2.97 93.93 -0.09 -0.11 0.67 
-20.31 5.65 100.75 -0.65 -0.05 0.21 
-1.12 5.44 101.22 -1.08 -0.21 -0.19 
20.20 4.71 114.09 -1.23 -0.31 -0.31 
37.50 4.20 118.42 -0.25 -0.02 0.14 
83.51 0.64 127.83 0.66 0.47 1.10 
-34.79 1.28 133.76 0.60 0.05 1.27 
23.26 1.21 159.05 0.49 -0.27 0.77 
74.77 1.01 203.41 0.35 0.13 0.54 
-3.99 1.68 229.35 0.29 0.69 0.79 
38.33 1.51 215.84 0.34 0.59 1.00 
-41.67 1.16 167.91 0.25 0.29 0.45 
1.88 0.99 145.04 0.46 -0.42 0.87 
0.85 1.78 158.44 0.48 -0.03 1.23 
-37.77 2.55 167.25 0.04 0.00 0.70 
-14.84 5.40 170.32 -0.56 -0.13 0.13 
-12.34 5.22 172.17 -0.97 -0.26 -0.37 
-4.89 4.16 180.97 -1.05 -0.53 -0.60 
58.23 4.54 191.34 -0.67 -0.13 -0.25 
11.88 1.15 198.68 0.05 0.24 0.20 
-60.92 1.56 201.74 0.34 -0.23 1.66 
45.66 1.72 229.53 0.20 -0.32 0.77 
80.94 1.42 271.33 0.25 0.25 0.60 
-33.32 1.41 290.92 0.41 0.77 0.97 
9.43 1.46 269.22 0.36 0.46 0.82 
-74.77 1.40 240.44 0.24 -0.02 0.70 
-76.96 0.95 217.28 0.42 -0.04 0.74 
-65.73 0.86 215.43 0.93 -0.09 1.45 
-72.21 1.94 226.38 0.31 -0.14 0.97 
-4.04 3.69 239.35 -0.27 -0.17 0.61 
21.09 5.36 245.25 -0.56 -0.13 0.25 
30.94 1.65 -254.57 0.23 0.38 0.70 
-246.00 -1.09 298.76 1.37 -0.46 0.00 
142.46 -1.07 255.42 1.70 0.01 -0.21 
84.51 -0.42 264.89 0.82 0.27 -0.04 
-45.48 -1.07 265.20 1.14 0.14 -0.02 
71.95 -0.74 269.25 1.01 0.24 -0.02 
-2.47 1.17 255.86 0.41 -0.09 0.82 
1.32 1.18 260.72 0.42 -0.09 0.82 
-1.11 1.19 265.02 0.41 -0.09 0.82 
1.59 1.20 269.29 0.41 -0.11 0.82 
16.04 1.22 269.85 0.42 0.04 0.87 
-37.01 0.97 248.10 0.55 0.29 0.80 
-64.73 0.48 212.44 0.63 0.24 0.64 
64.04 0.26 191.80 0.79 -0.04 0.84 
-0.18 1.25 203.65 0.79 0.14 1.26 
-110.78 1.65 215.66 0.30 0.08 0.65 
-3.22 4.74 222.85 -0.45 -0.18 0.35 
-46.26 5.45 229.42 -0.80 -0.27 -0.18 
14.45 4.16 234.63 -0.91 -0.27 -0.89 
49.20 3.91 255.46 -0.36 -0.02 0.23 
48.37 1.85 259.05 -0.02 0.12 0.94 
17.95 1.84 261.93 0.16 0.25 1.30 
-14.97 2.04 271.05 0.11 -0.26 0.89 
-9.18 1.95 298.26 0.10 -0.19 0.78 
11.75 1.52 -320.55 0.24 0.00 0.84 
28.12 1.34 -288.00 0.35 0.21 0.91 
-6.66 1.66 -287.39 0.25 0.10 0.90 
13.88 1.50 -309.32 0.36 0.23 0.90 
-123.01 1.08 317.04 0.42 -0.07 0.75 
-23.27 0.64 306.92 0.68 -0.27 0.91 
-58.59 1.56 314.54 0.49 -0.01 1.12 
-35.29 2.37 321.31 0.09 -0.03 0.80 
-26.11 4.28 327.14 -0.47 -0.19 0.50 
-65.53 5.35 319.16 -0.63 -0.16 -0.31 
40.81 4.58 -327.33 -1.04 -0.35 -0.38 
-11.76 4.80 -318.42 -0.85 -0.31 -0.03 
46.95 4.25 -309.50 -0.40 -0.08 0.19 
127.62 0.35 -294.93 0.53 0.40 0.75 
-82.72 1.41 -289.46 0.56 0.19 1.30 
-38.14 1.68 -269.64 0.24 -0.14 0.76 
6.01 1.64 -237.56 0.19 -0.08 0.75 
17.54 1.37 -205.02 0.29 0.07 0.83 
-47.75 1.34 -189.96 0.38 0.18 1.01 
-9.43 1.50 -207.72 0.36 0.26 0.89 
-104.76 1.15 -238.16 0.48 -0.13 0.77 
-75.95 1.21 -259.45 0.38 -0.22 0.72 
49.51 1.56 -257.29 0.26 -0.42 0.94 
14.44 1.80 -248.25 0.33 -0.11 1.18 
-41.16 2.80 -235.53 -0.04 -0.18 0.80 
-5.66 4.43 -226.35 -0.48 -0.26 0.41 
-36.29 5.33 -220.98 -0.77 -0.24 -0.22 
26.30 4.66 -211.86 -1.03 -0.13 -0.53 
0.53 5.21 -207.51 -0.85 -0.10 -0.06 
22.10 3.84 -203.64 -0.54 -0.11 0.44 
26.44 2.53 -199.53 -0.25 -0.11 0.83 
49.22 1.58 -194.39 0.23 0.02 1.11 
-33.24 1.95 -186.51 0.21 -0.23 1.04 
-6.85 1.67 -148.98 0.20 -0.16 0.79 
2.26 1.22 -113.25 0.34 -0.17 0.82 
28.91 1.57 -90.42 0.27 0.26 0.97 
13.91 1.68 -102.78 0.27 0.17 0.95 
-104.50 1.29 -132.18 0.45 -0.29 0.86 
-119.21 1.29 -156.17 0.29 0.08 0.77 
93.63 1.50 -179.27 0.31 -0.57 0.65 
51.04 1.39 -177.36 0.47 -0.43 1.09 
-51.93 1.89 -166.26 0.35 -0.04 1.06 
-47.55 3.38 -155.71 -0.25 -0.21 0.80 
31.69 4.01 -151.90 -0.96 -0.54 -0.83 
-2.79 4.84 -140.92 -0.81 -0.27 -0.05 
23.64 3.83 -133.78 -0.49 -0.08 0.43 
133.72 2.23 -130.26 -0.10 0.12 0.46 
1.39 1.84 -125.19 0.14 -0.02 1.46 
-4.84 1.89 -109.73 0.18 -0.22 0.97 
-21.40 1.69 -80.74 0.19 -0.23 0.81 
24.19 1.03 -43.09 0.45 -0.43 0.82 
4.07 1.87 -27.35 0.17 0.32 0.89 
-8.50 1.78 -43.81 0.20 0.10 0.91 
20.62 1.46 -71.63 0.32 0.28 0.83 
-39.78 1.04 -93.21 0.39 -0.01 0.65 
50.30 1.13 -96.24 0.53 -0.17 1.26 
11.33 1.70 -85.40 0.53 -0.22 1.33 
-14.89 3.33 -74.09 -0.18 -0.26 0.61 
-175.69 4.71 -67.34 -0.52 -0.37 0.18 
-101.69 4.59 -55.01 -0.72 -0.26 -0.52 
-0.17 4.48 -51.39 -1.06 -0.28 -0.58 
14.53 4.54 -45.93 -0.82 -0.25 -0.24 
47.46 1.24 6.10 0.31 -0.09 0.70 
52.39 0.82 40.71 0.50 0.04 0.81 
-2.21 1.22 47.90 0.42 0.17 0.88 
-22.97 1.09 23.12 0.51 0.14 0.88 
-62.38 0.90 -7.60 0.48 0.06 0.73 
-170.49 1.01 -25.74 0.64 -0.94 0.64 
-14.38 1.57 -14.46 0.48 -0.01 1.17 
-19.63 2.47 -5.18 0.07 -0.11 0.95 
-37.42 3.67 4.88 -0.27 -0.29 0.55 
-3.43 4.66 25.42 -0.97 -0.20 -0.50 
4.74 5.00 31.34 -0.89 -0.09 -0.25 
25.68 4.92 33.18 -0.74 -0.11 0.08 
24.12 1.98 33.59 -0.09 -0.01 0.74 
7.01 1.11 32.10 0.41 -0.09 1.19 
-3.95 1.53 42.90 0.39 -0.23 1.02 
2.14 1.68 64.43 0.24 -0.28 0.80 
31.02 1.60 97.84 0.23 -0.04 0.83 
-62.82 1.31 65.46 0.32 -0.02 0.78 
-51.48 1.34 45.29 0.32 -0.26 0.76 
-4.06 1.17 45.17 0.43 -0.40 0.82 
5.21 1.39 55.00 0.48 -0.07 1.14 
-35.02 2.03 64.78 0.22 -0.14 0.89 
12.91 3.18 74.83 -0.16 -0.33 0.65 
26.64 4.60 87.02 -0.52 -0.10 0.44 
-31.21 5.47 93.93 -1.04 -0.11 -0.35 
26.76 5.19 101.78 -1.00 0.08 -0.28 
-26.90 5.06 101.55 -0.96 -0.09 -0.28 
-8.66 4.97 105.22 -0.84 -0.05 -0.22 
-11.18 4.01 100.62 -0.46 -0.09 0.23 
6.04 1.28 128.39 0.40 -0.32 0.77 
28.07 1.22 163.21 0.42 -0.22 0.84 
24.10 1.35 212.87 0.23 0.00 0.59 
-85.76 1.07 221.51 0.45 -0.06 1.02 
53.34 1.53 209.32 0.34 0.18 0.91 
3.20 1.59 184.10 0.27 0.05 0.75 
-88.29 1.16 161.99 0.43 -0.25 0.81 
-30.93 1.12 148.44 0.43 -0.42 0.70 
18.19 1.29 153.02 0.44 -0.26 1.02 
-26.34 1.75 164.32 0.35 -0.10 1.01 
-16.86 2.62 174.74 0.00 -0.15 0.79 
-26.40 4.38 183.89 -0.50 -0.14 0.48 
-7.86 5.35 189.92 -0.76 -0.16 0.20 
1.57 5.87 195.56 -0.93 -0.06 -0.02 
-1.52 5.16 198.39 -1.02 -0.16 -0.26 
8.88 5.11 203.51 -0.91 -0.20 -0.06 
6.48 4.30 208.69 -0.59 -0.14 0.27 
8.86 2.46 214.54 -0.23 -0.08 0.77 
6.75 1.25 216.44 0.39 -0.09 1.14 
1.59 1.62 218.60 0.28 -0.24 0.97 
25.52 1.65 229.46 0.27 -0.34 0.86 
25.03 1.60 253.98 0.27 -0.27 0.85 
28.84 1.57 284.92 0.23 -0.04 0.80 
8.30 1.40 308.17 0.29 0.08 0.90 
4.64 1.71 300.76 0.22 0.06 0.87 
5.55 1.73 280.80 0.21 0.19 0.85 
-17.02 1.29 255.97 0.38 -0.08 0.81 
-41.68 1.32 244.79 0.36 -0.41 0.75 
-0.41 1.41 245.81 0.34 -0.29 0.95 
11.81 1.40 252.21 0.38 -0.17 0.98 
-14.42 1.80 262.29 0.34 -0.18 1.05 
-10.28 2.77 279.07 -0.08 -0.29 0.72 
-7.57 5.43 291.40 -0.62 0.00 0.25 
-9.67 5.87 292.93 -0.87 0.11 -0.01 
3.47 5.02 297.98 -1.05 -0.12 -0.36 
-12.24 5.39 300.14 -0.96 -0.05 -0.11 
44.39 4.75 311.11 -0.72 0.00 0.20 
-48.30 2.11 315.54 -0.07 -0.13 0.48 
8.50 1.03 314.47 0.57 0.03 1.27 
8.46 1.40 323.52 0.38 -0.16 0.86 
-11.34 1.34 -307.67 0.37 -0.40 0.75 
90.24 1.04 -267.97 0.41 -0.08 0.75 
0.45 1.43 -250.48 0.37 0.43 0.90 
9.30 1.46 -254.24 0.32 -0.14 0.88 
0.08 1.51 -258.77 0.30 0.00 0.87 
-15.54 1.46 -272.69 0.33 0.00 0.89 
-68.27 1.39 -292.54 0.33 -0.08 0.79 
-9.04 1.33 -311.86 0.41 -0.31 0.75 
29.56 1.28 -315.86 0.36 -0.39 0.80 
1.02 1.39 -312.66 0.46 -0.31 1.03 
-52.53 1.89 -303.66 0.36 -0.23 0.94 
-4.23 3.60 -292.26 -0.38 -0.38 0.63 
4.55 5.63 -282.95 -0.82 -0.21 0.00 
2.25 5.44 -276.13 -0.91 -0.18 -0.16 
3.23 4.80 -272.47 -1.01 -0.18 -0.40 
11.59 4.91 -266.04 -0.83 -0.22 -0.06 
-27.63 3.74 -264.48 -0.44 -0.09 0.32 
102.13 1.54 -268.99 0.14 -0.03 0.95 
-21.34 1.83 -264.07 0.24 -0.30 1.26 
-4.80 2.00 -251.48 0.11 -0.22 0.83 
-4.02 1.62 -227.22 0.25 -0.19 0.89 
55.67 1.80 -191.28 0.10 -0.03 0.68 
35.50 0.81 -157.50 0.59 0.18 0.93 
8.81 1.19 -152.24 0.43 0.21 0.82 
-54.80 1.18 -166.66 0.41 0.31 0.80 
-70.39 0.77 -203.26 0.60 0.15 0.73 
-64.40 0.90 -222.84 0.66 -0.76 0.56 
-29.93 1.37 -212.47 0.47 -0.18 1.18 
-24.41 1.76 -201.59 0.31 -0.10 1.00 
-15.04 2.99 -193.16 -0.10 -0.19 0.74 
40.39 5.24 -185.57 -0.73 -0.23 0.24 
27.02 5.38 -181.33 -0.91 -0.24 -0.14 
25.92 4.88 -177.35 -1.01 -0.30 -0.33 
-0.47 4.90 -168.00 -0.90 -0.26 -0.14 
40.57 3.56 -161.17 -0.51 -0.29 0.35 
-14.55 1.25 -80.97 0.49 0.29 0.95 
-3.69 3.12 -72.17 -0.14 -0.11 0.83 
79.35 4.91 -70.07 -0.73 -0.38 -0.42 
34.33 4.05 -63.80 -0.93 -0.36 -0.75 
31.48 4.65 -50.81 -0.75 -0.23 -0.16 
-94.82 2.92 -38.45 -0.32 -0.10 0.51 
-12.21 1.87 -32.51 0.04 0.02 0.98 
-10.72 1.70 -28.88 0.26 0.00 1.26 
-0.03 1.78 -16.59 0.21 -0.24 0.85 
24.00 1.34 8.31 0.30 -0.17 0.77 
55.48 1.20 37.68 0.36 0.08 0.77 
1.04 1.11 65.03 0.42 0.37 0.81 
-5.47 1.18 61.34 0.44 0.02 0.84 
57.10 1.22 23.83 0.40 0.20 0.75 
-76.31 1.05 0.21 0.37 0.06 0.72 
-37.84 0.98 -7.91 0.42 -0.42 0.72 
11.85 1.14 -2.79 0.57 -0.23 1.03 
-11.58 1.49 6.24 0.45 -0.02 1.04 
-33.99 2.55 21.43 0.06 -0.20 0.79 
-20.01 5.12 31.79 -0.51 -0.18 0.29 
55.46 4.88 39.23 -1.03 -0.24 -0.58 
17.43 4.89 45.53 -0.95 -0.23 -0.25 
-1.75 4.80 54.27 -0.82 -0.20 -0.08 
60.18 2.81 58.04 -0.25 0.24 0.34 
65.94 0.56 59.70 0.69 0.18 1.25 
-4.12 1.30 68.42 0.63 -0.33 1.14 
25.91 1.36 93.98 0.33 -0.37 0.61 
83.81 0.68 138.67 0.49 -0.01 0.64 
-10.08 1.46 154.31 0.40 0.52 0.88 
1.07 1.37 141.00 0.39 0.29 0.88 
-27.00 1.37 106.99 0.29 0.39 0.63 
-19.43 0.98 78.45 0.43 -0.69 0.59 
63.13 0.90 80.83 0.69 -0.13 1.12 
-19.37 1.41 85.77 0.59 -0.04 0.96 
4.26 2.44 89.30 0.07 -0.10 0.83 
-31.42 4.90 98.50 -0.58 -0.60 0.06 
50.05 4.40 111.10 -0.35 -0.05 0.12 
152.43 0.77 109.65 0.43 0.11 1.24 
-7.29 1.40 118.52 0.51 -0.29 1.16 
35.98 1.51 147.80 0.31 -0.20 0.76 
79.95 1.10 195.45 0.36 0.24 0.65 
5.10 1.47 217.55 0.37 0.39 0.91 
-6.69 1.30 203.27 0.42 0.34 0.85 
-80.43 0.98 162.42 0.46 0.46 0.67 
-83.29 1.18 136.65 0.51 -0.88 0.51 
-59.07 1.16 120.96 0.26 -0.53 0.30 
-98.27 -0.39 109.12 0.98 -0.52 0.33 
-120.68 -0.99 92.11 1.41 -0.22 0.25 
21.56 -1.43 81.30 1.17 0.00 0.06 
46.48 -1.24 82.07 0.90 0.01 -0.04 
55.59 -0.51 94.08 1.09 0.38 0.05 
-0.08 -0.44 104.81 1.02 0.38 -0.14 
20.89 -1.11 -81.71 1.40 -0.19 0.03 
19.72 -0.44 -69.82 1.01 0.00 -0.40 
62.69 -0.29 -69.65 0.96 0.23 -0.38 
-10.73 -0.63 -54.93 1.01 0.06 -0.31 
70.33 -0.93 -41.76 1.21 -0.14 -0.09 
142.38 0.11 37.48 0.58 -0.21 0.16 
142.38 0.11 37.48 0.58 -0.21 0.16 
233.26 1.24 104.58 0.66 1.01 0.64 
-116.97 -0.28 8.38 0.73 -0.35 0.60 
-59.15 2.77 31.31 0.00 -0.02 0.55 
-59.15 2.77 31.31 0.00 -0.02 0.55 
-47.02 5.81 38.40 -0.65 -0.13 -0.13 
-93.62 0.46 53.80 0.27 0.23 0.48 
9.01 1.27 72.62 0.39 -0.39 0.75 
-57.61 1.44 156.36 0.32 0.35 0.84 
-32.12 1.53 108.46 0.46 0.13 1.01 
-41.66 2.45 119.18 0.05 -0.09 0.83 
-32.12 3.71 125.77 -0.30 -0.14 0.62 
-66.47 5.68 130.06 -0.66 -0.18 0.09 
34.83 4.45 136.12 -1.05 -0.35 -0.70 
-4.38 4.55 141.54 -0.98 -0.24 -0.47 
46.05 4.77 148.53 -0.68 -0.12 -0.06 
137.18 1.21 150.90 0.17 0.25 0.62 
71.75 0.68 159.97 0.65 0.51 1.03 
-106.30 1.27 166.11 0.72 -0.04 1.27 
-64.20 1.29 195.89 0.43 -0.66 0.54 
141.49 0.49 248.80 0.47 -0.02 0.55 
82.62 1.02 283.27 0.59 0.75 0.67 
-7.91 1.19 261.09 0.43 0.40 0.72 
-35.26 1.46 220.64 0.32 0.21 0.73 
4.84 0.61 178.20 0.37 0.11 0.51 
25.17 0.75 189.67 0.79 -0.27 1.09 
-96.01 1.33 203.96 0.79 0.32 1.11 
-48.95 3.45 213.66 -0.10 -0.03 0.54 
-5.23 4.84 221.11 -0.52 -0.14 0.36 
-45.82 4.98 226.10 -0.87 -0.19 -0.60 
-3.91 4.00 233.04 -0.92 -0.41 -0.66 
5.20 4.60 242.14 -0.76 -0.20 -0.20 
2.08 2.36 246.35 -0.17 0.19 0.46 
8.49 1.11 260.98 0.44 -0.28 0.65 
105.19 0.72 302.83 0.51 -0.24 0.59 
30.14 0.64 -304.34 0.79 0.66 0.77 
-4.29 1.07 -311.86 0.48 0.27 0.83 
-42.61 0.59 309.32 0.62 0.26 0.65 
-167.32 0.13 279.77 0.75 -0.27 0.58 
39.97 0.96 286.54 0.65 0.17 1.07 
-57.43 1.68 294.32 0.42 0.18 0.87 
-52.73 3.68 293.13 -0.19 0.02 0.48 
-42.62 5.49 291.70 -0.61 -0.12 0.18 
-55.24 4.38 278.30 -0.81 -0.29 -0.74 
-3.35 4.13 286.12 -0.89 -0.46 -0.52 
32.83 4.42 297.73 -0.81 -0.30 -0.18 
76.04 3.10 305.67 -0.30 -0.02 0.44 
124.06 1.78 303.35 0.01 0.29 0.86 
-87.53 1.08 322.23 0.62 -0.23 1.05 
30.90 1.74 -305.17 0.24 -0.08 0.75 
62.72 1.06 -265.21 0.41 0.15 0.72 
15.00 1.04 -229.68 0.44 0.35 0.75 
1.14 1.46 -221.57 0.42 0.44 0.93 
-6.53 1.00 -251.05 0.60 0.35 0.88 
-75.91 1.04 -283.46 0.43 -0.06 0.72 
-11.91 1.51 -307.73 0.27 -0.31 0.72 
53.94 1.36 -299.59 0.38 -0.28 1.13 
-56.44 2.18 -289.64 0.21 -0.01 0.91 
-18.10 3.59 -281.54 -0.30 -0.12 0.74 
-59.40 5.90 -280.31 -0.75 -0.26 -0.16 
-21.38 4.60 -276.08 -0.74 -0.22 -0.51 
11.36 4.18 -269.35 -0.83 -0.33 -0.58 
13.81 4.42 -259.45 -0.80 -0.28 -0.35 
-28.41 4.12 -251.74 -0.53 -0.16 0.27 
117.23 0.94 -236.32 0.24 0.36 0.83 
31.27 1.84 -118.98 0.17 0.59 0.87 
35.41 1.75 -130.08 0.24 0.33 0.94 
-8.54 1.47 -154.04 0.30 0.15 0.77 
-102.29 0.83 -177.66 0.49 0.13 0.75 
59.07 1.33 -179.80 0.43 -0.46 1.02 
-48.52 2.04 -171.54 0.29 0.00 1.10 
-21.03 3.57 -164.93 -0.27 -0.06 0.65 
5.72 5.02 -158.44 -0.64 -0.15 0.36 
-33.27 4.72 -159.07 -0.72 -0.20 -0.54 
22.37 4.41 -152.28 -1.03 -0.35 -0.53 
43.18 4.90 -141.47 -0.82 -0.13 -0.14 
-13.11 3.37 -132.72 -0.40 0.02 0.45 
4.66 2.32 -130.78 -0.16 -0.02 0.82 
22.30 1.54 -129.51 0.25 0.01 1.19 
-15.33 1.66 -122.03 0.34 -0.11 1.05 
4.76 1.70 -99.51 0.22 -0.12 0.76 
25.71 1.71 -69.81 0.19 0.11 0.75 
46.04 1.33 -33.76 0.32 0.28 0.80 
-44.27 1.57 -23.95 0.31 0.60 0.78 
-79.14 1.34 -42.54 0.36 0.52 0.68 
-2.66 0.54 -80.80 0.63 0.00 0.74 
-53.52 0.75 -92.95 0.56 -0.44 0.68 
-18.42 1.20 -88.13 0.57 -0.12 1.11 
-15.17 1.77 -81.43 0.33 -0.12 0.98 
-30.70 2.85 -74.55 -0.07 -0.14 0.84 
-3.80 4.61 -67.82 -0.55 -0.20 0.43 
-21.29 5.81 -63.36 -0.70 -0.17 0.00 
41.49 4.61 -63.60 -0.98 -0.34 -0.57 
3.60 4.73 -56.65 -0.91 -0.25 -0.32 
11.23 4.96 -48.63 -0.78 -0.16 -0.01 
19.62 0.96 -42.90 0.15 0.15 0.58 
39.94 1.76 -40.74 0.20 0.34 1.28 
-9.74 1.50 -31.63 0.37 -0.18 0.98 
9.14 1.54 -4.05 0.30 -0.20 0.81 
64.04 1.01 44.59 0.46 0.01 0.84 
10.33 1.79 64.63 0.21 0.51 0.86 
-28.98 1.38 35.12 0.36 0.24 0.88 
42.37 1.47 12.26 0.34 -0.11 0.84 
71.00 1.71 -9.56 0.20 -0.03 0.82 
-66.02 2.28 15.58 0.17 0.11 0.92 
-16.72 4.71 21.02 -0.49 -0.18 0.42 
-5.85 5.86 24.75 -0.70 -0.10 0.07 
41.53 4.38 29.31 -0.96 -0.26 -0.74 
-18.63 4.22 31.24 -0.82 -0.31 -0.50 
38.90 5.10 42.01 -0.64 0.08 0.00 
13.46 1.38 36.66 0.06 0.00 0.63 
15.49 1.94 38.28 0.10 0.43 1.38 
-56.13 1.60 53.43 0.32 -0.21 0.98 
-36.97 1.58 96.11 0.28 -0.13 0.78 
27.94 1.07 136.08 0.34 -0.13 0.74 
21.54 1.62 151.79 0.28 0.16 1.10 
49.01 1.82 144.41 0.20 0.12 1.00 
-37.27 2.16 113.96 0.15 -0.84 0.75 
-41.85 1.31 83.88 0.29 -0.41 0.75 
24.49 1.34 85.30 0.45 -0.70 0.89 
24.38 1.93 96.91 0.36 -0.17 1.10 
6.60 3.34 107.05 -0.23 -0.16 0.75 
-0.14 4.62 112.19 -0.48 -0.05 0.41 
-20.76 5.59 115.41 -0.83 -0.15 -0.17 
-5.21 4.84 115.41 -1.02 -0.30 -0.47 
16.63 4.85 118.16 -0.93 -0.31 -0.27 
43.55 4.86 124.56 -0.86 -0.24 -0.13 
24.83 4.17 129.11 -0.53 -0.14 0.27 
60.17 1.40 134.82 0.00 -0.02 0.81 
-13.82 1.48 137.58 0.45 0.30 1.43 
1.48 1.72 152.02 0.25 -0.15 0.87 
10.10 1.54 192.01 0.24 -0.02 0.76 
-17.40 1.08 138.61 0.40 -0.08 0.84 
8.24 1.54 138.48 0.31 -0.36 0.96 
-127.31 2.02 147.55 0.39 0.13 1.08 
-40.76 3.58 157.59 -0.22 -0.03 0.61 
46.11 5.45 168.11 -0.52 -0.20 0.06 
0.33 5.40 172.28 -1.00 -0.16 -0.24 
-38.22 4.35 173.16 -1.01 -0.29 -0.63 
3.89 4.90 178.69 -0.89 -0.19 -0.17 
62.52 1.70 184.17 -0.04 0.06 0.58 
10.46 1.29 180.80 0.24 0.07 1.28 
8.49 1.48 186.06 0.40 -0.32 1.11 
11.07 1.33 207.74 0.41 -0.26 0.83 
20.17 1.36 245.10 0.32 -0.04 0.75 
41.12 1.21 285.90 0.39 0.39 0.77 
-12.02 1.62 281.60 0.22 0.13 0.84 
44.62 1.26 238.71 0.39 0.22 0.80 
-182.24 0.86 210.42 0.37 0.09 0.57 
36.29 1.69 204.25 0.23 -0.29 0.91 
23.38 1.77 212.62 0.36 -0.17 1.22 
-3.14 2.41 231.29 0.09 -0.21 0.89 
16.37 4.34 241.32 -0.43 -0.11 0.49 
18.75 6.14 247.01 -0.64 -0.04 0.05 
72.75 4.34 252.16 -1.01 -0.19 -0.73 
-6.56 5.07 257.00 -1.01 -0.22 -0.09 
0.85 4.49 262.78 -0.61 -0.13 0.20 
44.01 2.57 266.57 -0.27 -0.04 0.68 
-11.92 1.53 268.66 0.44 -0.11 1.48 
8.36 1.85 283.60 0.18 -0.36 0.82 
43.16 1.51 312.79 0.26 -0.18 0.78 
29.61 1.09 -305.83 0.38 -0.08 0.83 
-53.29 1.49 -291.25 0.44 0.56 0.96 
-41.22 1.32 -303.62 0.36 0.30 0.85 
-55.66 0.72 318.38 0.71 0.16 0.83 
-91.79 0.94 297.75 0.48 -0.36 0.61 
25.20 0.96 299.40 0.65 -0.43 1.12 
-34.21 1.70 312.70 0.41 -0.05 1.06 
-30.51 2.54 320.03 0.04 -0.17 0.84 
-11.93 4.56 324.03 -0.55 -0.29 0.39 
-42.11 5.04 325.87 -0.73 -0.38 -0.26 
35.05 4.06 -323.73 -0.93 -0.52 -0.69 
29.04 4.38 -315.60 -0.88 -0.42 -0.35 
67.83 4.52 -306.65 -0.70 -0.28 0.00 
76.20 1.75 -300.70 -0.03 0.10 0.38 
28.81 0.82 -297.37 0.88 0.52 1.59 
-16.96 1.26 -289.70 0.51 -0.31 0.89 
0.20 1.55 -260.21 0.26 -0.47 0.64 
61.46 0.79 -218.61 0.51 -0.03 0.74 
38.13 0.90 -186.16 0.57 0.22 0.91 
-0.77 1.44 -199.25 0.39 0.29 0.91 
-33.54 0.77 -229.03 0.60 -0.05 0.70 
-97.08 1.09 -252.86 0.47 -0.46 0.67 
-8.91 2.07 -250.22 0.22 -0.76 1.12 
-45.65 2.70 -237.65 -0.06 -0.38 0.86 
4.54 3.84 -222.76 -0.33 -0.31 0.56 
35.69 5.75 -205.91 -0.61 -0.02 -0.17 
14.01 4.16 -198.98 -0.96 0.05 -0.98 
23.27 4.42 -197.89 -0.93 -0.06 -0.58 
-36.47 4.64 -199.28 -0.68 -0.09 -0.19 
-15.45 2.61 -204.15 -0.29 -0.25 0.67 
28.48 2.11 -208.05 -0.04 -0.41 1.20 
42.27 2.14 -191.39 0.02 -0.49 0.90 
27.46 1.76 -159.86 0.11 -0.34 0.74 
12.24 0.77 -119.52 0.46 -0.08 0.81 
-17.11 1.27 -110.72 0.48 0.25 1.00 
-62.11 0.89 -130.47 0.57 -0.02 0.81 
-18.09 0.55 -159.07 0.79 -0.11 0.80 
-132.65 0.99 -185.44 0.53 -0.70 0.41 
2.70 1.45 -168.51 0.67 -0.35 1.31 
-4.47 2.78 -149.75 0.00 -0.22 0.73 
45.88 4.67 -139.02 -0.49 -0.20 0.37 
-4.84 5.70 -133.55 -0.76 -0.22 -0.06 
19.03 4.32 -131.97 -0.96 -0.26 -0.78 
27.83 4.36 -126.81 -0.92 -0.40 -0.34 
52.26 4.59 -125.71 -0.31 -0.06 -0.04 
57.77 0.49 -127.46 0.95 0.00 1.62 
-5.08 1.41 -113.64 0.42 -0.52 0.82 
53.05 1.13 -81.57 0.38 -0.43 0.62 
80.23 0.67 -37.98 0.58 0.01 0.80 
-19.59 1.54 -24.89 0.30 0.36 0.89 
-36.14 1.45 -33.74 0.35 0.11 0.90 
127.20 1.54 -65.61 0.46 0.43 0.94 
-137.92 0.89 -90.84 0.50 -0.61 0.39 
12.10 1.76 -80.84 0.28 -0.31 1.11 
-22.44 2.13 -68.66 0.11 -0.19 0.93 
-20.47 3.40 -55.13 -0.28 -0.18 0.75 
-8.74 5.35 -47.33 -0.65 -0.16 0.23 
-6.07 5.37 -39.32 -0.98 -0.08 -0.30 
1.23 5.19 -36.01 -1.03 -0.09 -0.22 
9.01 5.33 -33.90 -0.80 -0.08 0.00 
-2.95 3.72 -33.12 -0.53 -0.11 0.46 
27.65 2.03 -34.36 -0.04 -0.11 0.91 
-38.07 1.49 -32.85 0.40 0.00 1.17 
-3.89 1.61 -13.58 0.28 -0.36 0.78 
25.07 1.56 22.31 0.25 -0.19 0.82 
0.27 1.32 62.89 0.28 0.23 0.80 
1.41 1.45 70.74 0.35 0.08 0.96 
-41.78 1.47 61.48 0.32 0.01 0.87 
-76.34 1.26 39.46 0.43 -0.19 0.90 
-40.86 1.17 12.35 0.39 -0.20 0.72 
51.21 1.60 5.50 0.26 -0.53 0.74 
12.94 1.50 12.84 0.55 -0.11 1.33 
-31.82 2.68 23.80 0.05 -0.22 0.81 
-28.62 3.89 33.25 -0.39 -0.30 0.53 
5.99 5.18 40.42 -0.73 -0.30 0.18 
-1.76 4.99 52.34 -0.91 -0.24 -0.32 
0.46 4.98 55.79 -0.99 -0.10 -0.27 
58.56 4.70 57.98 -0.51 -0.07 0.09 
19.86 1.62 48.94 0.10 -0.09 1.11 
-55.40 1.23 47.53 0.55 -0.37 1.20 
18.49 1.51 66.03 0.33 -0.35 0.85 
31.74 1.51 101.75 0.26 -0.32 0.79 
82.89 1.23 142.80 0.36 0.05 0.81 
-58.74 2.11 157.75 0.07 0.54 0.93 
-182.59 2.33 125.90 -0.02 -0.19 0.47 
-158.07 0.88 84.92 0.55 -0.66 0.51 
-190.65 -0.67 49.04 1.52 -0.60 0.19 
-181.98 -1.27 24.04 1.45 0.06 -0.10 
204.80 -1.34 27.15 1.05 0.02 0.02 
74.24 -0.82 21.89 1.00 0.14 -0.12 
20.58 -0.54 26.79 1.03 0.35 -0.02 
