80.35 -2.82 -90.17 0.98 0.19 -0.19 
97.14 -2.81 84.55 0.62 -0.09 -0.04 
97.14 -2.81 84.55 0.62 -0.09 -0.04 
-35.86 -3.09 80.90 1.37 0.14 0.26 
-183.47 -2.45 87.58 1.16 0.33 0.00 
95.74 -2.56 78.56 1.03 0.40 0.22 
-29.76 -2.56 72.27 1.02 0.37 0.16 
-13.18 -2.66 71.43 0.95 0.32 0.06 
-5.13 -2.85 72.44 0.99 0.25 0.06 
-1.41 -2.85 73.34 1.00 0.24 0.04 
-0.01 -2.88 73.15 1.00 0.22 0.05 
43.54 -2.67 69.76 0.96 0.28 0.06 
6.42 -2.76 71.25 0.96 0.27 0.05 
1.45 -2.75 72.63 0.98 0.28 0.08 
-6.79 -2.91 71.85 0.98 0.22 0.03 
-20.76 -2.95 75.13 1.02 0.19 0.07 
-48.98 -2.81 101.88 1.24 -0.19 0.19 
29.28 2.59 198.18 -0.73 -0.31 0.38 
68.67 2.55 198.79 -0.78 -0.08 0.43 
125.36 0.54 192.10 -0.20 0.18 0.82 
-247.09 1.62 220.87 -0.53 -0.47 0.47 
13.41 1.83 209.72 -0.71 -0.72 -0.27 
142.30 2.94 206.86 -0.91 0.00 0.35 
187.83 1.64 210.99 -0.47 0.21 0.50 
-173.39 1.04 219.97 -0.34 -0.33 0.76 
-73.14 2.08 202.91 -0.88 -0.57 -0.15 
253.17 3.13 202.57 -0.84 -0.55 -0.13 
104.34 2.07 210.55 -0.49 -0.07 0.49 
-247.09 2.11 241.09 -0.59 -0.46 0.18 
-247.09 1.26 247.95 -0.84 0.05 -0.83 
84.79 2.00 253.84 -0.67 -0.75 -0.03 
253.17 1.87 227.26 -0.47 -1.06 -0.01 
-43.18 1.31 210.60 -0.52 0.29 0.81 
-190.08 2.64 184.68 -0.63 -0.35 -0.24 
253.17 2.05 161.82 -0.73 -0.90 -0.09 
246.03 1.98 158.56 -0.52 -0.32 0.53 
-116.43 1.34 120.39 -0.55 0.31 0.99 
-221.32 1.74 122.80 -0.82 -0.67 -0.36 
-38.76 1.55 113.00 -0.77 -0.75 -0.35 
-3.24 2.26 107.40 -0.69 -0.53 -0.21 
183.86 0.82 63.03 -0.34 -0.26 0.82 
-10.05 1.43 71.43 -0.52 0.31 0.70 
-139.79 1.17 77.88 -0.35 -0.22 0.85 
-65.79 1.77 71.47 -0.84 -0.87 -0.07 
253.17 3.29 27.55 -0.77 -0.20 0.16 
-136.20 1.98 17.90 -0.78 -0.07 0.83 
-206.82 1.56 -10.94 -0.80 -0.53 -0.48 
253.17 1.85 -46.16 -0.55 -0.71 -0.06 
-28.21 1.62 -43.37 -0.46 -0.13 0.66 
-247.09 2.23 -48.82 -0.77 -0.41 -0.23 
86.40 2.18 -56.16 -0.69 -0.62 -0.03 
116.05 2.66 -93.64 -0.78 -0.14 0.33 
-247.09 1.49 -94.53 -0.43 -0.33 0.62 
-191.09 1.94 -112.19 -0.74 -0.59 -0.23 
253.17 3.15 -127.82 -0.95 -0.48 -0.12 
253.17 2.44 -124.95 -0.79 -0.36 0.40 
-185.08 1.44 -112.77 -0.48 -0.28 0.82 
163.57 3.19 -117.14 -1.04 0.21 0.03 
253.17 3.32 -151.16 -0.95 -0.24 0.05 
-154.49 1.59 -216.55 -0.59 -0.03 0.84 
-247.09 1.79 -225.80 -0.91 -0.60 -0.44 
253.17 2.68 -271.59 -0.79 -0.53 0.09 
120.39 1.09 -282.65 -0.45 -0.28 0.87 
-70.92 1.18 -297.09 -0.40 -0.10 0.76 
-161.15 1.30 -296.85 -0.42 -0.08 0.89 
-247.09 1.36 -295.81 -0.45 -0.66 0.18 
-247.09 2.43 -281.18 -0.74 -0.41 -0.29 
-247.09 1.99 -296.45 -1.11 -0.31 -0.66 
-46.35 2.93 -298.26 -0.90 -0.25 -0.15 
253.17 2.73 -303.32 -0.91 -0.73 -0.27 
253.17 3.39 -297.53 -0.85 -0.21 0.06 
83.04 2.16 -299.58 -0.61 -0.37 0.39 
83.92 0.44 -318.46 -0.29 0.31 1.07 
-135.42 1.61 -321.79 -0.55 -0.14 0.80 
-247.09 1.91 -324.50 -0.51 -0.30 0.38 
-247.09 1.16 326.72 -0.55 -0.80 -0.62 
-106.88 1.21 317.60 -0.77 -0.72 -0.64 
61.09 2.19 305.80 -0.69 -0.43 0.20 
81.54 2.33 302.45 -0.72 -0.62 0.00 
253.17 2.44 278.98 -0.87 -0.77 -0.13 
218.07 2.47 265.08 -0.59 -0.19 0.44 
-150.88 1.71 298.68 -0.52 -0.07 0.69 
-244.02 1.92 293.18 -0.86 -0.49 -0.40 
20.70 2.72 288.31 -0.80 -0.34 0.06 
253.17 2.37 269.28 -0.87 -0.99 -0.15 
241.55 2.30 254.17 -0.65 0.17 0.48 
144.45 2.05 251.25 -0.77 -0.19 0.66 
-116.33 1.91 264.64 -0.48 -0.05 0.59 
69.69 2.98 263.71 -0.84 -0.24 0.00 
173.23 1.32 166.79 -0.38 -0.24 0.64 
-242.96 1.20 174.52 -0.64 -0.02 0.80 
-247.09 1.54 185.56 -0.47 -0.48 0.52 
5.59 2.41 146.93 -0.67 -0.49 0.03 
253.17 2.13 98.69 -0.62 0.03 0.59 
-247.09 1.35 115.04 -0.50 -0.24 0.76 
-137.65 2.04 124.89 -0.85 -0.40 -0.28 
-27.00 2.62 125.88 -0.72 -0.43 0.04 
253.17 2.44 109.57 -0.90 -0.82 -0.17 
164.54 2.23 88.85 -0.66 0.02 0.52 
-247.09 0.93 107.35 -0.42 -0.85 0.09 
-235.33 1.93 119.68 -0.82 -0.57 -0.28 
253.17 2.80 115.02 -0.96 -0.73 -0.01 
253.17 2.73 137.00 -0.89 0.39 -0.43 
122.02 2.01 129.17 -0.59 0.40 0.43 
-247.09 1.23 148.16 -0.61 -0.81 -0.43 
-202.11 2.23 147.68 -0.98 -0.36 -0.41 
-41.80 2.98 151.93 -0.80 -0.28 -0.14 
253.17 1.96 98.88 -0.61 0.30 0.67 
166.27 1.20 96.89 -0.37 0.08 0.64 
-24.95 1.52 101.48 -0.55 0.01 0.83 
-187.25 1.56 102.53 -0.49 0.03 0.71 
-111.37 1.41 93.16 -0.75 -0.70 -0.18 
-19.69 2.67 95.06 -0.75 -0.41 0.02 
253.17 2.78 82.54 -0.78 -0.70 0.01 
253.17 3.17 65.63 -0.89 -0.37 0.11 
210.98 1.81 65.99 -0.51 -0.31 0.54 
127.04 0.52 57.59 -0.26 0.58 0.92 
-247.09 1.86 68.47 -0.67 -0.63 -0.05 
31.27 2.52 43.88 -0.76 -0.51 -0.09 
253.17 2.29 18.42 -0.78 -0.85 -0.15 
-49.63 1.03 4.34 -0.33 0.15 0.81 
-98.75 1.50 3.03 -0.49 0.07 0.83 
-210.15 1.85 47.27 -0.80 -0.48 -0.43 
253.17 1.98 34.93 -0.67 -0.95 0.11 
200.22 1.10 7.56 -0.40 0.08 0.73 
-247.09 1.14 22.76 -0.48 -0.75 0.12 
80.44 2.12 -43.97 -0.73 0.00 0.63 
-90.05 1.59 -90.26 -0.54 -0.17 0.77 
-247.09 2.92 -62.47 -0.86 -0.13 -0.16 
253.17 2.58 -73.69 -0.80 -0.69 0.07 
253.17 1.56 -95.82 -0.25 -0.46 0.42 
-20.42 0.97 -103.07 -0.32 -0.28 0.94 
-247.09 1.80 -58.91 -0.70 -0.61 -0.25 
253.17 2.68 -81.07 -0.80 -0.62 -0.12 
102.79 0.45 -134.27 -0.25 0.03 1.13 
-0.43 1.89 -131.37 -0.61 0.09 0.64 
-247.09 2.20 -103.37 -0.85 -0.45 -0.22 
-219.77 1.73 -106.69 -0.73 -0.50 -0.55 
1.67 1.85 -120.43 -0.88 -0.52 -0.37 
-10.48 2.56 -122.49 -0.85 -0.42 -0.28 
253.17 2.48 -128.84 -0.80 -0.72 -0.12 
253.17 2.09 -159.66 -0.58 -0.55 0.18 
113.10 1.38 -178.98 -0.49 -0.19 0.72 
139.10 1.77 -174.22 -0.65 0.39 0.60 
44.86 2.29 -156.91 -0.61 0.16 0.50 
-247.09 1.21 -146.95 -0.72 -0.81 -0.43 
-208.72 1.43 -141.33 -0.66 -0.51 -0.51 
19.51 1.14 -152.98 -0.54 -0.65 0.38 
88.42 2.45 -157.69 -0.80 -0.58 -0.11 
253.17 2.82 -167.35 -0.83 -0.65 -0.17 
6.71 2.25 -173.47 -0.87 0.63 0.04 
145.79 1.95 -171.92 -0.72 0.04 0.55 
61.26 1.55 -159.08 -0.37 -0.04 0.60 
-247.09 1.60 -149.46 -1.06 -0.71 -0.83 
253.17 2.41 -168.68 -0.76 -0.73 -0.03 
250.27 2.23 -207.23 -0.68 -0.08 0.61 
-97.41 0.61 -212.33 -0.19 -0.20 0.88 
-84.38 1.18 -202.48 -0.42 0.06 0.96 
-247.09 0.93 -190.15 -0.26 -0.65 0.54 
-247.09 2.06 -179.53 -0.82 -0.48 -0.37 
-93.86 1.83 -185.27 -0.77 -0.39 -0.58 
43.75 2.74 -197.08 -0.77 -0.41 -0.11 
253.17 2.63 -210.60 -0.67 -0.55 0.04 
179.98 1.78 -235.48 -0.78 0.64 0.43 
89.72 2.16 -245.23 -0.74 -0.14 0.78 
-12.59 1.16 -253.09 -0.35 -0.10 0.77 
-127.01 1.78 -247.03 -0.63 -0.19 0.72 
-247.09 2.74 -238.26 -0.95 -0.35 0.30 
-247.09 2.46 -227.69 -0.85 -0.33 -0.25 
-242.47 2.27 -238.63 -0.78 -0.30 -0.25 
21.08 2.49 -243.81 -0.74 -0.41 0.12 
253.17 3.07 -253.06 -0.88 -0.39 0.08 
253.17 3.55 -260.06 -0.85 -0.06 -0.08 
147.40 1.82 -267.28 -0.64 0.05 0.56 
43.55 2.17 -261.70 -0.69 0.31 0.53 
-232.16 2.09 -264.86 -0.76 -0.09 0.58 
-247.09 2.15 -266.53 -0.76 -0.53 -0.27 
-247.09 2.29 -274.50 -0.86 -0.24 -0.51 
-13.05 2.40 -282.28 -0.78 -0.35 -0.21 
248.02 3.00 -266.95 -1.04 0.30 -0.02 
14.50 2.36 319.47 -0.60 -0.08 0.43 
-178.80 1.43 311.27 -0.69 -0.41 -0.74 
64.07 2.31 304.72 -0.72 -0.61 0.00 
203.30 2.80 291.96 -0.89 -0.27 0.35 
-86.24 1.73 291.40 -0.63 -0.12 0.89 
-247.09 2.01 303.09 -0.89 -0.33 -0.40 
66.07 2.75 296.70 -0.70 -0.30 -0.02 
136.78 3.26 -322.05 -0.91 0.16 -0.02 
34.63 1.02 313.33 -0.45 0.00 0.89 
-247.09 1.31 311.54 -0.55 -0.86 0.05 
-247.09 1.44 296.81 -0.65 -0.51 -0.74 
-83.93 2.03 284.63 -0.92 -0.43 -0.47 
247.72 2.04 257.34 -0.55 -0.34 0.40 
-22.57 0.32 242.63 -0.14 -0.04 1.01 
-73.89 1.28 241.77 -0.43 -0.02 0.88 
-147.89 1.52 246.26 -0.47 -0.12 0.77 
-247.09 2.10 238.69 -0.60 -0.43 0.30 
-247.09 1.67 237.77 -0.70 -0.69 -0.38 
92.64 2.59 215.23 -0.76 -0.45 -0.29 
178.74 1.85 187.74 -0.63 -0.42 0.65 
-89.30 1.51 208.70 -0.44 -0.07 0.78 
-247.09 1.32 180.33 -0.58 -0.56 -0.63 
-126.69 1.01 158.79 -0.75 -0.81 -0.71 
253.17 2.44 138.39 -0.69 -0.67 -0.07 
-37.19 0.95 112.21 -0.29 -0.09 0.83 
-247.09 1.48 124.12 -0.42 -0.49 0.36 
135.42 2.26 83.88 -0.66 -0.37 -0.16 
253.17 2.27 70.46 -0.67 -0.61 0.14 
-13.76 1.15 47.09 -0.41 -0.11 0.83 
-244.22 2.34 52.97 -0.69 -0.48 0.07 
55.10 2.62 16.78 -0.86 -0.30 -0.23 
253.14 1.38 -21.30 -0.39 -1.15 0.00 
-25.61 1.47 -48.80 -0.51 0.21 0.76 
-84.67 1.24 -39.92 -0.39 -0.10 0.88 
-247.09 1.58 -48.96 -0.77 -0.35 -0.85 
131.49 2.27 -115.77 -0.63 -0.08 0.51 
-79.19 1.14 -91.43 -0.33 -0.24 0.84 
-247.09 1.83 -67.76 -0.70 -0.39 -0.57 
253.17 2.26 -92.50 -0.67 -0.80 -0.30 
35.41 1.09 -104.93 -0.32 0.13 0.65 
3.83 1.27 -89.43 -0.32 -0.17 0.72 
-224.22 1.74 -69.21 -0.62 -0.70 0.11 
62.02 2.62 -84.54 -0.79 -0.40 -0.40 
35.05 1.34 -120.52 -0.36 0.00 0.71 
-61.23 1.29 -116.68 -0.47 -0.02 0.85 
-247.09 1.17 -89.28 -0.58 -0.77 -0.44 
253.17 2.11 -113.48 -0.59 -0.82 -0.22 
124.14 0.03 -152.74 0.00 0.35 0.76 
-126.15 1.15 -117.96 -0.33 -0.20 0.71 
-247.09 1.57 -106.50 -0.54 -0.69 0.13 
26.96 2.36 -111.71 -0.80 -0.49 -0.15 
129.25 2.01 -111.04 -0.62 -0.77 -0.14 
109.93 1.81 -159.60 -0.52 -0.09 0.65 
51.92 0.54 -180.00 -0.26 -0.26 0.99 
-247.09 0.84 -132.63 -0.21 -0.52 0.57 
-247.09 2.05 -131.20 -0.72 -0.57 -0.02 
12.02 2.42 -150.71 -0.78 -0.45 -0.30 
51.00 0.39 -192.33 -0.05 -1.47 0.11 
140.54 1.43 -164.16 -0.35 -0.19 0.65 
-247.09 1.01 -148.47 -0.46 -0.93 -0.27 
68.88 2.81 -154.56 -0.78 -0.23 -0.26 
232.85 0.82 -231.42 -0.17 -0.68 0.80 
193.99 2.12 -231.99 -0.67 -0.08 0.56 
45.02 1.59 -217.38 -0.46 0.34 0.53 
-111.10 0.99 -208.68 -0.36 -0.09 1.00 
-247.09 1.85 -190.68 -0.89 -0.56 -0.72 
-130.14 0.92 -207.86 -0.65 -0.65 -0.54 
227.68 1.12 -296.76 -0.28 -0.84 0.54 
167.98 2.26 -294.76 -0.65 -0.36 0.51 
-18.74 1.64 -246.59 -0.56 0.02 0.77 
-236.37 1.08 -239.11 -0.39 -0.38 0.55 
-247.09 3.08 -237.17 -0.91 -0.19 0.09 
-247.09 1.60 -241.66 -0.89 -0.80 -0.44 
46.84 1.86 -248.70 -0.59 -0.67 -0.02 
50.69 2.14 -315.50 -0.82 -0.33 0.67 
76.66 -0.30 318.30 0.11 0.19 0.89 
-50.89 1.78 310.49 -0.63 -0.02 0.74 
-177.32 1.14 -316.45 -0.39 -0.53 0.66 
-149.58 2.81 -316.79 -1.03 -0.38 -0.21 
-247.09 1.60 316.07 -0.80 -0.47 -0.67 
156.30 2.30 306.77 -0.73 -0.69 -0.16 
253.17 2.38 284.35 -0.70 -0.63 0.15 
-5.47 2.53 276.41 -0.83 -0.01 0.53 
-43.40 1.29 287.43 -0.47 -0.10 0.91 
-190.12 1.40 293.43 -0.45 -0.15 0.69 
-247.09 1.79 304.69 -0.79 -0.78 -0.28 
-155.58 1.82 297.07 -0.81 -0.48 -0.57 
73.73 2.02 280.42 -1.06 -0.19 -0.67 
95.87 2.02 279.48 -0.79 -0.87 -0.19 
199.28 1.57 247.54 -0.54 -0.88 0.11 
186.72 -0.36 217.67 0.02 0.32 1.06 
-30.78 1.24 219.18 -0.44 -0.02 0.88 
-113.03 0.45 227.87 -0.07 -0.21 0.94 
-183.68 1.25 239.60 -0.51 -0.71 0.34 
-247.09 1.85 240.87 -0.73 -0.59 -0.42 
-202.98 1.22 213.39 -0.66 -0.62 -0.63 
38.17 2.34 203.62 -0.76 -0.44 -0.26 
161.87 2.51 192.09 -0.85 -0.58 -0.06 
218.39 2.18 170.62 -0.60 -0.72 -0.03 
177.07 0.99 153.76 -0.26 -0.65 0.65 
162.40 1.34 152.24 -0.39 0.00 0.72 
38.17 1.36 157.28 -0.44 0.23 0.71 
-133.76 1.10 165.21 -0.34 -0.13 0.86 
-151.83 2.20 179.28 -0.68 -0.24 0.60 
-247.09 1.72 170.44 -0.70 -0.71 -0.10 
-247.09 1.40 167.19 -0.68 -0.80 -0.48 
-94.14 1.75 157.23 -0.69 -0.33 -0.49 
26.88 2.76 157.61 -0.85 -0.43 -0.22 
253.17 1.97 140.06 -0.50 -0.84 -0.20 
119.25 2.56 120.12 -0.73 -0.15 0.45 
68.96 2.20 111.57 -0.61 -0.19 0.52 
151.23 0.46 93.58 -0.26 0.22 0.96 
-21.34 1.55 91.51 -0.51 0.07 0.72 
-154.98 1.20 108.48 -0.46 -0.07 0.86 
-247.09 0.63 122.15 -0.30 -0.99 0.48 
-146.08 1.33 150.02 -0.42 -0.74 -0.13 
-247.09 1.85 141.78 -0.78 -0.42 -0.52 
-52.49 2.29 138.73 -0.93 -0.50 -0.31 
31.42 2.65 126.49 -0.88 -0.38 -0.27 
253.17 2.62 113.15 -0.71 -0.59 -0.13 
165.31 1.65 90.20 -0.48 -0.83 0.21 
253.17 1.44 69.32 -0.25 -0.35 0.57 
109.01 0.92 60.07 -0.36 0.14 0.83 
15.26 1.40 56.43 -0.49 0.21 0.77 
-65.60 1.33 61.93 -0.51 -0.01 0.89 
-106.81 1.96 95.28 -0.64 -0.19 0.67 
-173.57 1.99 108.64 -0.65 -0.44 0.42 
-247.09 1.92 117.39 -0.74 -0.62 -0.11 
-112.43 1.08 110.21 -0.66 -0.82 -0.21 
132.85 2.22 102.33 -0.79 -0.68 -0.07 
253.17 2.99 43.94 -0.75 -0.47 0.14 
145.25 0.86 14.94 -0.35 -0.42 0.90 
36.23 0.41 12.89 -0.23 -0.01 1.12 
33.27 2.81 32.94 -0.76 -0.47 -0.06 
-80.01 -3.04 192.41 1.10 -0.04 -0.28 
16.98 -2.79 194.34 1.10 0.06 -0.34 
33.28 -2.66 192.73 1.08 0.05 -0.33 
-247.09 -1.70 236.23 1.16 -1.02 -1.08 
-91.47 -1.15 259.17 0.35 -0.29 -1.24 
-105.65 1.39 253.68 -0.50 -0.28 -0.54 
-142.82 2.06 245.09 -0.94 -0.27 -0.57 
-74.10 1.12 82.19 -0.40 -0.07 0.89 
-247.09 1.58 116.85 -0.71 -0.70 -0.19 
-179.40 1.89 123.62 -0.67 -0.47 -0.32 
144.72 2.52 90.53 -0.70 -0.17 0.52 
9.54 2.05 85.09 -0.65 0.13 0.59 
-120.72 1.47 95.11 -0.53 0.06 0.90 
-247.09 0.77 103.07 -0.35 -0.64 0.54 
-247.09 1.34 109.94 -0.50 -0.76 -0.19 
-183.63 1.69 118.27 -0.59 -0.48 -0.29 
7.51 2.18 120.31 -0.79 -0.49 -0.27 
17.23 2.69 115.13 -0.74 -0.35 -0.14 
117.53 2.66 108.08 -0.88 -0.46 -0.13 
253.17 2.25 84.73 -0.72 -0.78 0.09 
178.43 2.06 74.80 -0.52 -0.44 0.48 
88.23 2.11 74.02 -0.56 -0.18 0.56 
112.61 1.49 65.01 -0.51 0.11 0.68 
62.77 1.93 75.61 -0.58 0.11 0.61 
-79.22 1.53 84.87 -0.53 -0.06 0.79 
-165.18 1.00 93.54 -0.31 -0.27 0.57 
-166.78 1.98 104.65 -0.64 -0.43 0.48 
-247.09 1.12 102.14 -0.61 -0.75 -0.46 
-190.69 1.70 101.15 -0.83 -0.39 -0.62 
12.56 1.85 89.54 -0.76 -0.69 -0.13 
5.97 2.56 84.18 -0.86 -0.46 -0.06 
85.33 2.11 76.01 -0.68 -0.69 0.16 
253.17 1.60 67.68 -0.54 -1.15 -0.47 
179.42 1.45 46.55 -0.45 -0.98 0.25 
219.65 1.67 37.30 -0.46 -0.39 0.55 
124.05 1.26 27.45 -0.39 0.02 0.77 
-19.25 1.82 29.36 -0.65 0.15 0.71 
-66.14 0.83 35.68 -0.30 -0.05 0.92 
-247.09 0.80 44.12 -0.26 -0.40 0.51 
-197.89 1.44 59.36 -0.56 -0.74 0.18 
-247.09 1.39 72.38 -0.61 -0.71 -0.16 
-162.73 2.10 80.17 -0.94 -0.51 -0.21 
38.92 2.36 79.66 -0.82 -0.57 -0.04 
20.98 2.22 76.18 -0.74 -0.62 0.07 
253.17 2.57 57.46 -0.73 -0.71 -0.23 
253.17 2.68 36.67 -0.76 -0.38 0.23 
203.09 2.09 18.59 -0.60 -0.21 0.53 
84.91 1.77 16.41 -0.54 -0.10 0.65 
28.42 1.09 7.05 -0.37 0.19 0.72 
2.52 1.65 12.55 -0.57 0.25 0.73 
-114.13 1.23 23.34 -0.38 -0.05 0.83 
-247.09 2.01 27.25 -0.63 -0.39 0.49 
-247.09 1.94 31.56 -0.73 -0.61 0.03 
-204.33 1.85 41.05 -0.80 -0.64 -0.32 
-158.12 1.58 39.49 -0.71 -0.58 -0.04 
53.94 2.59 33.32 -0.92 -0.47 -0.22 
253.17 2.44 -7.98 -0.78 -0.90 -0.27 
94.98 1.96 -26.84 -0.61 -0.09 0.65 
44.48 1.57 -42.68 -0.52 -0.22 0.76 
138.76 1.69 -40.52 -0.50 0.12 0.70 
-19.64 1.17 -40.94 -0.33 -0.14 0.83 
-6.92 1.88 -39.39 -0.60 0.06 0.64 
-109.53 1.38 -31.19 -0.47 0.16 0.83 
-247.09 1.46 -23.35 -0.44 -0.15 0.55 
-247.09 1.99 -31.72 -0.67 -0.59 -0.11 
-203.84 1.07 -31.17 -0.54 -0.59 -0.70 
-123.26 1.68 -38.85 -0.86 -0.38 -0.54 
4.93 2.53 -39.05 -0.89 -0.46 -0.20 
87.39 2.33 -45.68 -0.77 -0.62 -0.02 
253.17 2.43 -70.45 -0.82 -0.64 -0.28 
96.19 0.88 -90.34 -0.25 -1.11 0.43 
253.17 1.42 -102.06 -0.31 -0.70 0.49 
67.92 3.19 -98.32 -0.82 -0.08 0.21 
-63.25 0.26 -127.30 -0.24 0.00 1.62 
-44.71 1.47 -130.45 -0.56 -0.06 0.88 
-147.57 1.13 -108.99 -0.37 0.01 0.95 
-183.56 1.94 -101.01 -0.56 -0.22 0.62 
-247.09 2.53 -96.93 -0.77 -0.39 0.08 
-247.09 1.29 -94.58 -0.74 -0.82 -0.44 
66.49 1.41 -100.45 -0.87 -0.91 -0.11 
16.03 2.94 -110.57 -1.01 -0.42 -0.16 
222.76 2.83 -128.28 -0.83 -0.52 0.00 
253.17 1.93 -135.73 -0.42 -0.83 0.06 
221.61 1.62 -152.84 -0.63 -0.74 0.40 
121.84 1.67 -162.36 -0.55 -0.30 0.62 
-95.53 1.14 -172.52 -0.39 -0.49 0.79 
-25.32 1.11 -167.62 -0.38 -0.16 0.85 
-114.93 1.04 -156.02 -0.29 0.06 0.84 
-247.09 1.46 -156.53 -0.62 -0.71 0.20 
-247.09 1.94 -146.27 -0.66 -0.52 -0.24 
-196.23 1.53 -147.02 -0.76 -0.52 -0.69 
52.43 1.35 -164.75 -0.47 -0.71 0.21 
62.64 2.85 -170.33 -0.93 -0.42 -0.16 
145.36 1.84 -183.63 -0.54 -0.65 0.18 
253.17 2.55 -188.06 -0.74 -0.74 -0.12 
106.56 1.98 -212.12 -0.75 -0.40 0.52 
167.92 0.67 -216.20 -0.29 0.19 0.84 
52.52 1.64 -205.81 -0.55 0.37 0.65 
-86.74 1.32 -202.56 -0.42 -0.04 0.80 
-247.09 1.14 -199.77 -0.44 -0.77 0.37 
-236.58 1.46 -194.02 -0.66 -0.77 -0.22 
-213.24 1.67 -192.21 -0.75 -0.64 -0.44 
-108.05 2.32 -186.00 -0.96 -0.19 -0.42 
-113.50 2.77 -184.04 -0.90 -0.38 -0.12 
222.38 2.58 -194.10 -0.85 -0.63 0.03 
253.17 3.13 -218.51 -0.81 -0.33 0.07 
253.17 3.26 -225.07 -0.93 0.04 0.26 
70.79 2.10 -227.93 -0.65 0.08 0.60 
-23.31 1.12 -245.88 -0.47 -0.33 0.91 
-8.19 1.74 -248.25 -0.57 -0.02 0.71 
-87.95 1.58 -240.07 -0.60 -0.36 0.75 
-202.56 0.55 -237.11 -0.21 -0.38 0.62 
-244.17 2.10 -226.69 -0.71 -0.63 0.16 
-247.09 1.83 -229.68 -0.88 -0.55 -0.56 
-247.09 1.46 -238.43 -1.06 -0.35 -0.81 
-36.79 2.42 -236.94 -0.79 -0.52 0.00 
101.51 2.50 -245.88 -0.77 -0.60 0.02 
250.93 2.61 -273.16 -0.74 -0.44 0.14 
162.67 1.85 -284.93 -0.49 -0.28 0.63 
12.39 0.61 -313.31 -0.30 -0.22 0.90 
-25.24 1.85 -316.82 -0.58 0.00 0.63 
-113.98 1.15 -309.18 -0.37 -0.06 0.71 
-247.09 1.25 -301.83 -0.44 -0.43 0.49 
-243.83 1.57 -299.47 -0.67 -0.78 -0.13 
-212.90 1.32 -300.13 -0.59 -0.65 -0.38 
-104.01 1.73 -299.72 -0.82 -0.55 -0.50 
-56.82 2.10 -301.90 -0.56 -0.45 0.21 
95.56 2.81 -307.05 -0.99 -0.52 -0.04 
253.17 2.01 322.27 -0.57 -0.86 0.02 
240.28 1.57 291.98 -0.45 -0.51 0.59 
56.46 1.38 284.39 -0.29 -0.13 0.73 
150.17 1.47 286.52 -0.45 0.00 0.62 
61.48 1.95 296.68 -0.73 -0.17 0.72 
-40.37 1.86 300.00 -0.52 0.01 0.55 
-169.79 0.09 308.39 -0.17 -0.77 0.73 
-237.55 1.10 325.12 -0.38 -0.71 0.28 
-247.09 1.21 -314.68 -0.58 -0.83 -0.30 
-144.18 1.81 -302.06 -1.00 -0.38 -0.71 
-91.70 2.72 -296.59 -0.89 -0.46 -0.26 
95.21 2.10 -303.25 -0.69 -0.73 -0.10 
253.17 2.16 -318.88 -0.77 -0.92 -0.36 
180.52 2.04 320.45 -0.52 -0.43 0.45 
151.52 1.91 314.28 -0.70 -0.46 0.69 
-164.57 0.96 325.76 -0.33 -0.70 0.88 
-92.69 1.37 -327.30 -0.46 -0.14 0.79 
-126.50 1.37 -316.72 -0.46 -0.21 0.74 
-152.69 2.41 -312.35 -0.76 -0.37 0.34 
-197.64 1.66 -305.45 -0.67 -0.75 0.09 
-210.65 1.35 -293.15 -0.62 -0.73 -0.21 
-169.28 1.85 -288.67 -1.04 -0.57 -0.35 
42.44 2.24 -292.67 -0.75 -0.67 -0.05 
253.17 2.55 -302.43 -0.77 -0.70 0.03 
253.17 2.60 -324.25 -0.71 -0.51 0.09 
241.36 2.30 321.56 -0.66 -0.31 0.42 
74.91 2.56 312.80 -0.76 -0.22 0.45 
78.21 0.19 287.62 -0.19 -0.06 1.00 
13.59 1.50 295.82 -0.41 0.15 0.62 
-125.65 0.99 307.71 -0.28 -0.12 0.74 
-171.56 2.19 309.50 -0.70 -0.07 0.49 
-192.59 0.94 326.36 -0.42 -0.84 0.01 
-230.16 1.90 -316.36 -0.78 -0.49 -0.46 
26.91 1.96 -321.40 -0.76 -0.61 -0.16 
35.22 2.41 -327.25 -0.77 -0.57 -0.07 
253.17 2.41 300.50 -0.79 -0.87 -0.02 
195.68 4.14 301.12 -1.14 0.00 0.10 
151.61 0.92 295.21 -0.40 0.21 0.61 
253.17 3.15 -318.82 -0.80 -0.31 0.15 
-5.51 1.87 -311.41 -0.52 0.13 0.57 
-196.82 0.94 -300.09 -0.33 -0.02 0.93 
-247.09 1.60 -300.61 -0.44 -0.42 0.44 
-247.09 1.44 -292.55 -0.76 -0.60 -0.48 
-96.77 2.17 -290.59 -1.26 -0.43 -0.64 
-42.21 2.63 -286.16 -0.58 -0.35 0.03 
195.49 2.43 -293.09 -0.78 -0.65 0.00 
253.17 2.85 -315.43 -0.86 -0.47 0.00 
159.15 3.71 -320.15 -0.94 -0.07 0.22 
100.67 1.42 323.02 -0.56 -0.12 0.73 
8.77 1.45 326.63 -0.47 -0.02 0.78 
-189.56 2.09 -326.70 -0.58 -0.03 0.61 
-154.88 1.28 327.20 -0.64 -0.55 0.49 
-220.88 1.96 -313.16 -0.66 -0.64 0.22 
-205.05 1.49 -293.42 -0.50 -0.59 -0.20 
-63.87 2.31 -304.78 -0.75 -0.35 0.09 
-68.49 2.18 -307.59 -0.84 -0.59 0.02 
-5.00 2.68 -309.56 -0.83 -0.40 0.11 
169.16 2.12 -327.52 -0.62 -0.66 0.09 
253.17 1.91 292.84 -0.45 -0.72 0.00 
228.81 1.56 271.67 -0.40 -0.83 0.38 
145.27 1.90 265.21 -0.49 -0.40 0.51 
41.23 0.78 245.05 -0.34 0.13 0.93 
-61.59 1.47 252.53 -0.55 -0.16 0.86 
-208.40 0.20 269.40 -0.10 -0.13 0.94 
-184.54 1.93 281.82 -0.69 -0.68 0.18 
-247.09 1.73 288.15 -0.72 -0.64 -0.35 
-197.43 1.83 294.96 -0.68 -0.43 -0.54 
53.93 2.90 289.97 -0.96 -0.38 -0.03 
-5.43 3.00 289.91 -0.93 -0.27 -0.15 
128.46 2.12 278.19 -0.75 -0.75 -0.13 
253.17 2.62 262.18 -0.64 -0.54 -0.19 
253.17 2.41 257.47 -0.69 -0.75 -0.15 
135.57 1.75 250.05 -0.64 -0.71 0.40 
-81.29 1.07 223.25 -0.36 0.13 0.73 
-109.88 1.35 222.93 -0.51 -0.18 0.87 
-211.95 0.72 237.50 -0.26 -0.45 0.82 
-241.74 1.17 244.31 -0.39 -0.76 0.18 
-247.09 1.88 247.32 -0.76 -0.67 -0.24 
-231.75 1.43 247.09 -0.66 -0.52 -0.63 
-143.40 2.28 241.22 -0.88 -0.27 -0.34 
-18.14 2.48 236.77 -0.76 -0.43 -0.11 
89.57 2.61 236.48 -0.79 -0.52 -0.04 
253.17 2.13 223.66 -0.73 -0.92 -0.15 
253.17 2.65 203.12 -0.61 -0.51 0.07 
192.81 1.50 180.20 -0.44 -0.55 0.49 
122.82 1.82 185.27 -0.54 -0.26 0.67 
54.10 1.39 176.26 -0.47 -0.10 0.70 
-65.68 1.66 174.11 -0.62 -0.06 0.83 
-187.88 1.44 185.13 -0.51 -0.15 0.71 
-230.37 1.99 200.11 -0.65 -0.47 0.38 
-247.09 2.56 205.45 -0.73 -0.31 -0.04 
-247.09 1.82 215.04 -0.83 -0.60 -0.42 
48.59 2.35 208.10 -0.82 -0.55 0.24 
-2.13 2.09 206.77 -0.68 -0.63 -0.01 
253.17 2.50 191.73 -0.82 -0.79 -0.32 
253.17 2.44 181.48 -0.72 -0.58 0.23 
3.96 2.41 166.44 -0.82 -0.10 0.45 
108.64 2.41 161.55 -0.86 -0.34 0.36 
75.44 0.89 139.70 -0.90 -0.88 1.67 
-41.47 1.91 136.48 -0.61 -0.18 0.62 
-128.35 1.15 140.25 -0.37 0.00 0.89 
-214.96 1.49 143.45 -0.60 -0.19 0.76 
-247.09 1.20 150.98 -0.49 -0.87 -0.06 
-239.95 1.45 153.15 -0.72 -0.60 -0.50 
-193.42 1.68 141.98 -0.95 -0.33 -0.71 
6.52 3.09 134.74 -0.86 -0.26 0.00 
116.41 2.83 129.87 -0.85 -0.41 -0.15 
253.17 2.15 108.66 -0.60 -0.95 -0.28 
253.17 2.53 92.84 -0.64 -0.65 0.03 
105.29 2.27 89.16 -0.76 -0.36 0.51 
253.17 1.22 85.83 -0.30 0.21 0.41 
-131.38 1.44 76.00 -0.51 0.06 0.80 
-139.47 1.27 82.82 -0.39 -0.06 0.74 
-245.22 1.62 85.16 -0.58 -0.56 0.47 
-247.09 1.39 88.45 -0.56 -0.75 -0.05 
-236.95 1.45 87.68 -0.72 -0.71 -0.61 
-210.41 2.03 88.76 -0.81 -0.31 -0.64 
119.07 2.40 83.92 -0.94 -0.27 -0.41 
4.27 2.42 85.87 -0.85 -0.51 -0.36 
253.17 2.19 79.95 -0.70 -0.73 -0.47 
253.17 2.37 73.24 -0.68 -0.67 0.02 
253.17 3.35 74.46 -0.75 -0.07 0.26 
98.44 1.18 76.37 -0.30 -0.18 0.72 
10.56 0.74 85.15 -0.23 -0.63 0.84 
-104.22 1.37 95.37 -0.45 -0.16 0.81 
-163.51 1.92 95.72 -0.60 -0.34 0.50 
-247.09 1.51 92.11 -0.55 -0.73 -0.10 
-239.14 1.71 91.45 -0.61 -0.68 -0.13 
-247.09 0.92 80.91 -0.44 -0.68 -0.62 
-164.10 1.34 77.65 -0.71 -0.61 -0.77 
-140.44 1.62 73.45 -0.70 -0.20 -0.77 
-126.24 1.84 64.41 -0.94 -0.45 -0.70 
34.11 2.42 61.91 -0.76 -0.22 -0.35 
9.74 3.09 61.75 -0.77 -0.20 -0.04 
-3.43 2.35 -0.89 -0.77 -0.54 -0.12 
-0.19 2.33 -1.51 -0.80 -0.55 -0.19 
47.78 2.50 -5.50 -0.79 -0.52 -0.15 
0.36 2.08 -5.49 -0.71 -0.65 -0.10 
253.17 1.67 -17.25 -0.53 -1.07 0.04 
236.90 2.05 -42.46 -0.61 0.02 0.61 
149.98 2.16 -52.46 -0.62 -0.31 0.60 
89.80 2.88 -50.14 -0.76 -0.19 0.29 
-190.36 0.42 -74.32 -0.17 -0.39 1.08 
-60.82 1.56 -69.70 -0.56 -0.13 0.84 
-187.65 1.42 -69.12 -0.46 -0.16 0.70 
-247.09 1.25 -52.37 -0.50 -0.73 0.27 
-180.55 1.67 -41.17 -0.65 -0.69 -0.22 
-234.78 1.43 -47.07 -0.65 -0.51 -0.63 
0.78 2.10 -69.89 -0.67 -0.39 -0.32 
23.96 2.74 -71.33 -0.97 -0.33 -0.26 
59.69 2.40 -70.30 -0.75 -0.57 -0.18 
253.17 2.15 -64.93 -0.72 -1.10 -0.35 
170.35 2.22 -80.48 -0.70 -0.60 0.27 
109.94 2.38 -89.99 -0.65 -0.39 0.41 
182.97 0.82 -99.23 -0.26 -0.04 0.63 
-7.21 2.02 -81.16 -0.68 -0.15 0.67 
-89.63 1.97 -77.88 -0.73 -0.21 0.62 
-89.19 0.12 -67.34 -0.01 -0.36 0.67 
-247.09 1.38 -55.38 -0.39 -0.54 0.32 
-247.09 1.37 -55.23 -0.67 -0.85 -0.29 
-140.98 1.63 -51.88 -0.86 -0.55 -0.82 
-27.18 2.31 -52.87 -0.88 0.00 -0.48 
145.85 2.60 -67.62 -0.76 -0.53 0.07 
253.17 2.87 -79.58 -0.81 -0.61 0.05 
205.06 2.07 -90.84 -0.58 -0.54 0.30 
80.79 1.61 -90.59 -0.50 -0.42 0.65 
136.35 1.83 -92.77 -0.62 0.07 0.61 
95.05 1.84 -76.36 -0.52 0.14 0.61 
-89.14 0.92 -66.65 -0.29 -0.05 0.84 
-179.08 1.65 -65.45 -0.70 -0.76 0.37 
-247.09 1.36 -76.12 -0.59 -0.67 -0.21 
-247.09 1.32 -82.52 -0.67 -0.63 -0.57 
-101.69 2.26 -79.82 -0.83 -0.42 -0.39 
69.72 2.25 -89.13 -0.88 -0.68 -0.28 
102.03 2.41 -94.90 -0.83 -0.49 -0.37 
253.17 2.14 -100.53 -0.67 -0.91 -0.33 
253.17 2.08 -74.59 -0.51 -0.90 -0.06 
166.80 2.64 -84.18 -0.99 -0.35 0.29 
253.17 0.81 -89.78 -0.35 -0.02 0.73 
179.10 1.26 -79.01 -0.45 0.63 0.66 
-64.92 1.49 -73.51 -0.49 -0.03 0.74 
-206.82 1.27 -76.89 -0.51 -0.19 0.63 
-185.54 1.33 -68.14 -0.39 -0.48 0.42 
-247.09 1.31 -63.36 -0.55 -0.77 -0.15 
-247.09 1.22 -62.17 -0.60 -0.51 -0.65 
82.53 1.30 -67.55 -0.73 -1.03 -0.57 
-48.70 2.57 -69.79 -0.81 -0.38 -0.25 
253.17 2.31 -78.88 -0.79 -0.72 -0.29 
216.86 2.13 -87.61 -0.64 -0.75 0.08 
243.37 1.93 -110.79 -0.59 -0.06 0.66 
126.75 2.40 -97.39 -0.60 -0.07 0.45 
-72.36 0.89 -96.91 -0.29 -0.52 0.84 
-74.99 1.45 -95.97 -0.53 -0.02 0.85 
-123.14 1.61 -79.46 -0.46 -0.13 0.70 
-247.09 1.90 -78.66 -0.59 -0.47 0.29 
-247.09 2.04 -78.98 -0.68 -0.41 -0.32 
-200.43 1.74 -80.76 -0.76 -0.51 -0.58 
-15.04 2.82 -95.56 -0.83 -0.19 -0.23 
75.19 2.98 -101.32 -0.85 -0.25 -0.22 
136.87 2.34 -109.01 -0.71 -0.66 -0.15 
169.98 1.90 -111.42 -0.50 -0.83 -0.06 
147.83 1.80 -119.99 -0.49 -0.70 0.12 
151.07 1.68 -131.65 -0.47 -0.55 0.56 
237.07 2.41 -132.33 -0.70 -0.03 0.43 
102.50 1.71 -112.00 -0.52 0.12 0.67 
-90.47 1.34 -99.42 -0.45 -0.08 0.88 
-212.72 1.50 -101.35 -0.55 -0.49 0.55 
-247.09 1.33 -112.09 -0.60 -0.68 -0.26 
-195.66 0.88 -113.72 -0.46 -0.81 -0.50 
-60.59 1.69 -115.11 -0.90 -0.68 -0.61 
7.79 2.28 -115.73 -0.84 -0.44 -0.28 
34.88 2.44 -114.35 -0.74 -0.50 -0.20 
196.85 2.45 -126.71 -0.84 -0.66 -0.27 
22.40 1.58 -131.64 -0.53 -0.85 -0.26 
162.92 1.89 -134.05 -0.65 -0.88 -0.17 
249.31 1.76 -141.43 -0.53 -0.88 0.03 
98.27 2.06 -158.74 -0.64 -0.38 0.53 
20.54 0.97 -174.69 -0.38 -0.37 0.84 
-109.41 1.63 -171.20 -0.57 -0.24 0.73 
-150.43 1.23 -160.84 -0.43 -0.43 0.54 
-247.09 1.91 -142.84 -0.59 -0.58 0.03 
-247.09 1.82 -151.20 -0.69 -0.59 -0.32 
-247.09 1.39 -156.59 -0.59 -0.51 -0.69 
-50.64 2.11 -159.73 -0.89 -0.04 -0.56 
45.73 2.48 -172.43 -0.81 -0.56 0.08 
-17.55 2.36 -173.92 -0.76 -0.46 -0.25 
221.10 2.44 -184.65 -0.84 -0.75 -0.22 
237.01 2.47 -188.47 -0.75 -0.62 0.04 
253.17 2.72 -213.82 -0.64 -0.59 -0.14 
49.40 1.88 -231.34 -0.50 -0.37 0.36 
21.77 1.31 -227.96 -0.17 -0.13 0.95 
-91.41 0.79 -242.87 -0.29 -0.39 0.95 
-21.67 1.74 -234.74 -0.72 0.83 0.44 
-117.88 1.29 -236.43 -0.40 0.08 0.75 
-247.09 1.95 -239.67 -0.66 -0.40 0.46 
-242.66 0.71 -241.25 -0.38 -0.94 -0.28 
-223.10 1.21 -239.46 -0.65 -0.66 -0.68 
-134.64 1.81 -246.46 -0.73 -0.36 -0.54 
127.04 2.39 -256.17 -0.79 -0.49 0.00 
32.01 2.50 -259.14 -0.90 -0.49 -0.25 
200.86 2.38 -265.22 -0.75 -0.63 -0.11 
253.17 2.44 -269.65 -0.67 -0.66 -0.04 
253.17 2.37 -274.79 -0.55 -0.49 0.28 
133.14 2.71 -286.89 -0.90 -0.19 0.37 
98.23 2.14 -294.97 -0.53 -0.18 0.41 
128.21 1.33 -269.76 -0.41 -0.66 0.62 
-47.81 1.21 -262.62 -0.38 -0.02 0.78 
-247.09 1.50 -259.78 -0.52 -0.30 0.71 
-191.11 1.96 -251.43 -0.63 -0.47 0.30 
-247.09 1.83 -247.06 -0.69 -0.63 -0.08 
-247.09 1.81 -254.05 -0.76 -0.45 -0.58 
-35.39 1.98 -260.01 -0.86 -0.30 -0.60 
217.95 1.60 -288.30 -0.32 -0.72 0.44 
-15.24 1.82 -285.54 -0.63 0.09 0.70 
-11.44 1.98 -279.62 -0.66 0.10 0.65 
-247.09 0.97 -278.37 -0.35 -0.36 0.75 
-246.78 1.00 -265.48 -0.34 -0.74 0.25 
-247.09 1.42 -270.78 -0.58 -0.44 -0.55 
-71.90 1.68 -274.42 -0.77 -0.45 -0.67 
-94.34 1.64 -293.13 -0.73 -0.52 -0.38 
41.02 2.48 -293.12 -0.79 -0.53 -0.25 
253.17 2.23 -302.07 -0.75 -0.78 -0.36 
253.17 3.38 -297.69 -0.95 -0.30 0.07 
133.85 2.16 -311.69 -0.79 -0.40 0.43 
166.72 2.11 -309.50 -0.60 -0.11 0.50 
93.01 1.63 -303.27 -0.47 0.03 0.69 
-56.82 1.65 -301.50 -0.54 0.22 0.70 
-247.09 0.79 -303.87 -0.26 -0.30 0.84 
-247.09 0.74 -293.51 -0.32 -0.87 0.29 
-247.09 1.48 -290.98 -0.74 -0.69 -0.52 
-247.09 1.57 -296.36 -0.79 -0.52 -0.54 
70.17 3.10 -306.10 -0.90 -0.14 -0.16 
31.56 2.41 -306.97 -0.85 -0.51 -0.28 
248.03 2.32 -322.86 -0.76 -0.74 -0.12 
253.17 2.80 317.82 -0.71 -0.42 0.19 
253.17 2.45 317.82 -0.70 -0.51 0.44 
102.10 2.94 316.56 -0.71 -0.20 0.14 
194.38 0.50 316.34 -0.36 0.60 0.95 
79.75 1.72 -321.73 -0.54 0.05 0.71 
-42.45 1.46 -316.55 -0.48 -0.03 0.80 
-157.50 1.03 -307.11 -0.33 -0.48 0.81 
-144.33 2.76 -300.18 -0.79 -0.24 0.30 
-247.09 2.59 -310.65 -0.87 -0.38 -0.16 
-247.09 1.21 -325.23 -0.65 -0.53 -0.71 
-111.82 1.79 320.78 -1.07 -0.70 -0.60 
27.91 2.14 318.02 -0.56 -0.47 0.10 
139.39 2.26 315.35 -0.77 -0.71 -0.20 
253.17 2.38 305.45 -0.63 -0.75 -0.15 
86.51 1.74 293.89 -0.65 -0.83 0.14 
59.29 1.49 276.22 -0.47 -0.63 0.50 
253.17 1.62 284.57 -0.56 -0.12 0.71 
219.42 2.35 295.56 -0.54 -0.20 0.26 
1.14 1.48 298.84 -0.53 -0.09 0.82 
-157.53 1.32 296.44 -0.44 -0.22 0.82 
-129.64 1.44 310.81 -0.47 -0.54 0.45 
-247.09 1.09 318.13 -0.47 -0.93 0.03 
-187.70 1.65 316.73 -0.57 -0.43 -0.46 
-188.95 1.57 312.25 -0.75 -0.55 -0.72 
66.20 1.33 302.25 -0.70 -0.76 -0.32 
-0.68 2.46 304.60 -0.96 -0.54 -0.26 
80.33 2.39 295.79 -0.85 -0.63 -0.06 
253.17 2.26 291.35 -0.74 -0.75 -0.19 
253.17 2.70 276.10 -0.78 -0.40 0.28 
82.30 2.73 275.16 -0.85 -0.22 0.47 
85.39 2.87 279.92 -0.79 0.07 0.28 
-22.76 0.58 303.88 -0.06 -0.93 0.65 
-31.56 1.11 310.00 -0.39 -0.28 0.84 
-171.47 1.22 316.07 -0.35 -0.05 0.71 
-247.09 2.21 318.74 -0.65 -0.38 0.24 
-205.56 1.68 320.49 -0.73 -0.74 -0.07 
-247.09 1.13 319.35 -0.54 -0.59 -0.61 
14.72 2.72 317.06 -0.94 -0.06 -0.44 
108.13 3.58 311.11 -0.84 0.02 -0.05 
95.49 2.49 306.32 -0.83 -0.52 -0.25 
253.17 2.24 308.20 -0.55 -0.81 -0.20 
137.95 2.67 302.26 -0.88 -0.31 0.22 
220.04 1.97 284.50 -0.60 -0.32 0.51 
149.21 2.22 277.00 -0.69 -0.39 0.48 
27.88 1.51 251.48 -0.61 0.11 0.77 
-96.12 2.08 246.59 -0.73 0.10 0.66 
-196.44 1.57 248.96 -0.53 -0.31 0.62 
-141.20 1.54 256.17 -0.51 -0.56 0.44 
-131.53 1.78 247.73 -0.78 -0.36 -0.72 
-15.24 1.67 241.85 -0.98 -0.40 -0.72 
41.75 2.33 236.88 -0.59 -0.34 0.24 
253.17 1.98 212.99 -0.69 -0.90 -0.11 
253.17 2.56 202.09 -0.67 -0.55 0.07 
137.17 2.27 180.66 -0.65 -0.47 0.39 
175.33 2.76 177.63 -0.89 -0.24 0.21 
57.56 0.80 177.35 -0.41 -0.30 1.11 
19.15 1.55 180.23 -0.62 0.47 0.75 
-87.79 1.15 189.18 -0.33 -0.07 0.84 
-136.51 1.36 199.02 -0.39 -0.37 0.59 
-242.24 1.91 199.32 -0.65 -0.52 0.39 
-247.09 1.37 193.42 -0.59 -0.66 -0.47 
-189.19 1.40 193.15 -0.93 -0.45 -0.98 
-60.51 2.22 192.80 -0.75 -0.57 -0.15 
205.13 2.53 183.52 -0.77 -0.61 -0.20 
253.17 1.79 169.30 -0.58 -0.96 -0.05 
82.91 2.05 158.47 -0.64 0.05 0.55 
52.76 2.00 146.38 -0.65 -0.03 0.60 
101.52 1.61 134.04 -0.58 -0.13 0.71 
116.86 0.52 126.62 -0.19 0.32 0.79 
-6.68 0.93 129.79 -0.32 0.44 0.81 
-89.66 1.11 135.64 -0.34 0.08 0.88 
-52.84 1.33 145.81 -0.47 -0.20 0.74 
-216.74 1.89 151.70 -0.58 -0.30 0.51 
-247.09 1.69 152.74 -0.59 -0.67 -0.06 
-247.09 1.48 158.25 -0.67 -0.63 -0.53 
-247.09 1.40 148.51 -0.78 -0.18 -0.86 
-4.50 2.53 144.01 -0.79 -0.45 0.02 
12.14 2.60 144.19 -0.70 -0.44 -0.03 
203.77 2.56 128.26 -0.70 -0.58 -0.06 
198.76 1.48 107.01 -0.46 -0.76 0.09 
135.13 0.85 75.45 -0.23 -0.78 0.57 
146.73 1.00 60.65 -0.24 -0.54 0.79 
113.33 2.46 61.02 -0.58 -0.06 0.47 
9.40 1.15 50.47 -0.46 -0.19 0.91 
-14.31 1.62 57.57 -0.55 0.00 0.73 
-142.10 0.84 63.03 -0.28 -0.12 0.85 
-247.09 1.48 71.21 -0.46 -0.32 0.49 
-187.35 1.35 81.32 -0.55 -0.78 0.06 
-243.77 1.76 93.16 -0.68 -0.55 -0.47 
-182.30 1.60 89.97 -0.72 -0.24 -0.67 
-33.24 2.86 85.23 -0.81 -0.28 0.07 
97.06 2.12 75.41 -0.74 -0.73 -0.13 
244.54 2.34 62.01 -0.78 -0.70 -0.09 
253.17 3.14 61.27 -0.83 -0.49 0.03 
99.36 2.59 45.70 -0.91 -0.24 0.44 
50.70 1.64 29.38 -0.52 -0.23 0.68 
202.65 1.25 28.95 -0.33 0.05 0.64 
184.56 2.34 53.20 -0.61 0.23 0.43 
-77.14 1.26 65.16 -0.39 -0.13 0.82 
-131.53 1.00 76.98 -0.38 -0.28 0.84 
-247.09 0.87 78.43 -0.27 -0.59 0.43 
-229.36 1.30 102.47 -0.84 -0.78 -0.32 
-157.05 1.76 104.93 -0.70 -0.58 -0.34 
-163.88 1.68 110.30 -0.84 -0.56 -0.42 
36.92 2.68 109.57 -0.73 -0.40 -0.04 
235.70 2.26 105.57 -0.67 -0.74 -0.22 
253.17 2.04 87.87 -0.59 -0.67 -0.10 
136.11 2.33 76.94 -0.76 -0.47 0.45 
45.47 2.05 62.04 -0.72 -0.48 0.51 
112.53 1.99 59.34 -0.62 -0.29 0.62 
98.86 0.76 35.31 -0.31 0.13 0.87 
-30.97 1.99 31.65 -0.65 0.15 0.57 
-161.85 1.10 49.27 -0.35 -0.17 0.76 
-217.37 1.01 56.77 -0.31 -0.25 0.60 
-247.09 1.23 68.70 -0.60 -0.85 0.00 
-247.09 1.13 77.88 -0.59 -0.77 -0.41 
-133.35 2.06 83.16 -0.81 -0.38 -0.46 
23.10 3.15 72.82 -0.73 -0.12 -0.02 
53.57 2.56 67.79 -0.78 -0.52 -0.15 
253.17 3.07 52.88 -0.77 -0.40 -0.17 
201.78 2.46 39.72 -0.69 -0.48 0.16 
252.59 1.38 26.27 -0.41 -0.58 0.64 
219.11 1.50 14.50 -0.50 0.01 0.67 
-14.73 1.86 12.68 -0.63 0.25 0.62 
-74.37 1.37 18.54 -0.48 0.06 0.86 
-206.79 1.27 20.93 -0.40 -0.23 0.68 
-247.09 1.07 37.10 -0.30 -0.69 0.07 
-247.09 1.07 15.00 -0.65 -0.59 -0.73 
25.67 2.20 7.52 -0.83 -0.37 -0.41 
6.51 2.85 10.85 -0.96 -0.23 -0.33 
167.80 2.36 1.18 -0.73 -0.61 -0.14 
253.17 2.48 7.31 -0.77 -0.44 -0.78 
114.90 2.51 -11.74 -1.13 -0.39 0.49 
108.27 1.53 -20.26 -0.43 -0.30 0.67 
147.45 0.08 -25.92 -0.10 0.63 0.92 
-30.72 1.45 -29.87 -0.47 0.04 0.76 
-163.28 1.08 -31.16 -0.37 0.11 0.84 
-167.56 0.67 -24.58 -0.22 -0.47 0.70 
-247.09 0.72 -22.30 -0.49 -0.88 -0.25 
-247.09 0.45 -22.13 -0.40 -0.91 -0.24 
6.14 2.72 -16.69 -0.81 -0.18 -0.32 
225.87 2.47 -51.93 -0.85 -0.45 0.35 
145.91 1.43 -68.70 -0.40 -0.25 0.71 
150.68 0.73 -79.90 -0.33 0.20 0.85 
-204.86 1.55 -57.69 -0.49 -0.23 0.68 
-247.09 1.00 -48.65 -0.56 -0.80 -0.46 
-147.43 1.76 -46.87 -0.86 -0.29 -0.75 
106.48 2.26 -61.64 -0.60 -0.39 -0.05 
91.97 2.30 -55.98 -0.86 -0.48 -0.50 
253.17 2.52 -68.44 -0.78 -0.61 -0.30 
253.17 2.61 -85.84 -0.79 -0.15 0.43 
116.30 0.92 -101.88 -0.30 -0.45 0.85 
223.95 1.79 -99.43 -0.52 0.17 0.59 
3.71 1.56 -90.91 -0.49 0.19 0.70 
-184.08 0.93 -83.76 -0.35 -0.17 0.82 
-180.16 1.34 -73.30 -0.42 -0.27 0.64 
-247.09 1.52 -67.05 -0.61 -0.79 -0.25 
-247.09 1.17 -71.79 -0.62 -0.54 -0.80 
-33.72 1.61 -82.01 -0.75 -0.58 -0.44 
26.82 2.88 -81.55 -0.80 -0.35 -0.12 
253.17 2.32 -99.10 -0.81 -0.77 -0.26 
253.17 2.38 -129.39 -0.65 -0.31 0.41 
-90.43 1.65 -144.06 -0.58 -0.48 0.67 
253.17 3.19 -145.41 -0.96 -0.02 0.46 
2.95 1.52 -164.41 -0.53 -0.02 0.70 
-54.25 2.05 -165.30 -0.67 0.23 0.55 
-191.20 1.20 -158.62 -0.43 -0.23 0.87 
-247.09 0.75 -153.59 -0.35 -0.71 0.34 
-247.09 1.45 -156.54 -0.64 -0.57 -0.58 
-125.92 0.93 -157.18 -0.51 -0.32 -0.77 
189.97 2.03 -166.00 -0.84 -0.33 -0.55 
-77.72 2.02 -168.98 -0.94 -0.76 -0.47 
150.28 2.35 -184.31 -0.58 -0.53 0.05 
253.17 2.90 -209.73 -0.78 -0.48 -0.02 
164.61 0.52 -229.14 0.03 -0.97 0.46 
78.42 0.94 -241.70 -0.21 -0.51 0.63 
253.17 0.65 -248.79 -0.17 0.13 0.74 
63.23 1.34 -231.00 -0.45 0.22 0.76 
-154.79 0.48 -217.77 -0.19 -0.12 0.89 
-175.17 0.83 -203.90 -0.24 -0.41 0.60 
-247.09 1.02 -196.23 -0.49 -0.88 -0.18 
-245.14 1.32 -192.79 -0.64 -0.61 -0.62 
-53.67 1.88 -200.18 -0.97 -0.14 -0.73 
15.01 2.09 -199.11 -0.84 -0.70 -0.13 
155.40 2.38 -213.58 -0.72 -0.58 -0.06 
253.17 2.15 -224.17 -0.74 -0.98 -0.22 
194.36 3.07 -239.08 -0.89 -0.03 0.30 
46.08 2.19 -259.68 -0.73 -0.15 0.56 
113.65 1.91 -263.80 -0.80 -0.36 0.76 
106.52 0.12 -277.98 -0.09 0.29 0.93 
-118.28 1.31 -274.54 -0.44 0.35 0.76 
-227.53 1.50 -267.35 -0.60 -0.26 0.71 
-247.09 0.76 -254.30 -0.35 -0.70 0.27 
-247.09 1.39 -242.89 -0.60 -0.80 -0.28 
-241.21 1.13 -246.83 -0.66 -0.56 -0.73 
98.49 1.75 -247.43 -0.57 -0.71 0.16 
34.65 2.54 -251.74 -0.79 -0.50 -0.20 
253.17 2.16 -267.27 -0.77 -0.87 -0.34 
174.76 3.03 -277.59 -1.00 -0.10 0.35 
220.24 1.19 -300.17 -0.34 -0.44 0.70 
-14.82 1.21 -318.86 -0.35 0.10 0.77 
253.17 3.14 -296.18 -0.72 0.00 0.21 
-68.84 1.21 -288.53 -0.49 0.08 0.92 
-247.09 0.59 -290.15 -0.25 -0.45 0.64 
-247.09 0.31 -274.04 -0.30 -1.01 -0.30 
-247.09 0.85 -273.66 -0.53 -0.59 -0.76 
-52.85 2.02 -292.42 -1.05 -0.51 -0.60 
-17.04 2.54 -292.99 -0.67 -0.38 0.03 
253.17 2.22 -317.51 -0.80 -0.94 -0.30 
253.17 2.79 326.09 -0.76 0.06 0.41 
126.79 2.82 321.14 -0.62 0.05 0.36 
184.21 0.90 325.42 -0.36 0.05 0.75 
-5.38 1.21 -317.75 -0.36 0.17 0.77 
-247.09 0.97 -315.65 -0.39 -0.19 0.77 
-247.09 0.36 -304.79 -0.22 -0.85 0.02 
-247.09 1.07 -304.25 -0.58 -0.68 -0.63 
-64.23 1.77 -305.59 -0.95 -0.63 -0.39 
-58.66 2.47 -309.75 -0.82 -0.48 -0.23 
253.17 2.05 -325.03 -0.61 -0.89 -0.31 
252.69 1.83 305.85 -0.51 -0.75 0.26 
114.29 2.46 310.25 -0.70 -0.33 0.62 
108.98 1.98 305.71 -0.59 0.01 0.51 
-237.57 -0.17 271.98 0.08 -0.12 1.05 
-157.89 0.66 280.13 -0.23 -0.06 0.87 
-247.09 0.87 290.26 -0.38 -0.45 0.59 
-247.09 0.64 299.04 -0.43 -0.89 -0.31 
-247.09 1.19 303.05 -0.74 -0.61 -0.78 
70.90 1.81 300.72 -0.75 -0.57 -0.56 
49.36 2.43 290.44 -0.74 -0.49 -0.14 
253.17 2.72 274.91 -0.75 -0.70 -0.29 
253.17 3.33 266.57 -0.85 -0.19 0.19 
113.03 2.00 256.06 -0.66 -0.27 0.60 
106.29 1.76 251.63 -0.55 0.06 0.56 
-28.43 1.33 260.64 -0.44 0.10 0.84 
-247.09 0.11 258.23 -0.12 -0.63 0.44 
-247.09 0.86 270.00 -0.37 -0.85 -0.27 
-203.94 1.17 274.93 -0.59 -0.53 -0.78 
109.57 1.82 263.80 -0.86 -0.69 -0.17 
46.17 2.92 269.39 -0.94 -0.32 -0.21 
253.17 2.48 252.24 -0.73 -0.74 -0.32 
253.17 2.21 229.97 -0.63 -0.60 0.21 
167.27 1.47 216.95 -0.37 -0.36 0.64 
124.93 2.13 224.35 -0.65 -0.18 0.55 
-22.89 0.67 221.95 -0.20 0.00 0.89 
-122.79 1.29 228.98 -0.41 0.08 0.88 
-247.09 -0.71 231.36 0.12 -0.44 0.62 
-189.51 1.11 251.35 -0.40 -0.83 -0.08 
-247.09 0.46 245.77 -0.41 -0.78 -0.73 
160.65 2.30 238.26 -0.82 -0.72 -0.32 
253.17 2.87 228.02 -0.84 -0.43 -0.04 
253.17 2.16 209.27 -0.56 -0.17 0.57 
87.56 2.34 210.59 -0.66 -0.14 0.54 
89.00 1.40 225.01 -0.46 0.05 0.71 
-178.06 0.98 222.97 -0.64 -0.05 1.11 
-132.07 2.10 235.39 -0.58 -0.16 0.51 
-247.09 1.84 241.02 -0.63 -0.57 -0.07 
-247.09 1.69 249.95 -0.96 -0.21 -0.99 
-68.39 2.25 249.03 -0.74 -0.34 -0.45 
111.88 2.99 242.29 -0.80 -0.19 -0.26 
253.17 2.56 233.38 -0.86 -0.61 -0.30 
253.17 2.10 212.65 -0.60 -0.65 0.19 
105.54 1.12 208.46 -0.30 -0.11 0.76 
245.65 0.83 217.55 -0.36 0.33 0.83 
-40.05 0.95 217.90 -0.36 0.53 0.78 
-247.09 0.64 224.11 -0.22 -0.41 0.80 
-247.09 0.83 230.70 -0.34 -0.85 -0.11 
-247.09 1.06 232.33 -0.49 -0.52 -0.76 
-64.27 0.89 225.20 -0.58 -0.95 -0.95 
79.13 2.40 223.23 -0.71 -0.30 -0.31 
156.50 1.61 205.29 -0.58 -0.83 -0.07 
253.17 2.89 224.40 -0.42 -0.36 0.04 
218.37 2.71 228.11 -0.90 -0.33 0.35 
148.59 -0.35 207.59 0.08 0.26 1.27 
-73.71 1.10 210.88 -0.34 0.23 0.70 
-102.68 0.65 223.27 -0.16 0.04 0.93 
-247.09 1.80 228.03 -0.61 -0.75 0.29 
-247.09 0.68 214.68 -0.47 -0.58 -0.91 
-48.41 1.08 195.00 -0.84 -0.79 -0.73 
-84.47 2.75 198.95 -0.82 -0.40 -0.11 
179.01 2.51 187.54 -0.79 -0.64 -0.09 
253.17 2.26 171.51 -0.71 -0.69 0.09 
253.17 2.50 153.44 -0.70 -0.06 0.47 
129.80 1.55 137.57 -0.56 0.03 0.77 
-74.31 0.36 112.36 -0.12 0.07 0.96 
-48.38 1.89 110.73 -0.60 0.21 0.65 
-122.05 1.03 113.22 -0.29 0.19 0.83 
-247.09 1.85 106.33 -0.75 -0.67 0.16 
-247.09 1.64 109.44 -0.67 -0.60 -0.36 
-247.09 1.35 108.22 -0.77 -0.46 -0.74 
23.30 2.53 95.43 -0.74 -0.28 0.09 
44.43 2.54 90.58 -0.84 -0.53 -0.10 
253.17 2.42 68.74 -0.83 -0.77 -0.02 
253.17 1.95 37.49 -0.70 -0.76 0.19 
85.45 1.64 17.05 -0.70 -0.54 0.56 
146.07 1.92 10.54 -0.62 0.28 0.45 
170.36 2.38 37.83 -0.44 0.22 0.32 
-94.12 1.25 51.26 -0.38 0.12 0.78 
-247.09 1.53 57.61 -0.65 -0.48 0.61 
-247.09 0.36 67.18 -0.58 -1.06 -0.49 
-247.09 1.58 81.16 -0.82 -0.27 -0.88 
-96.98 3.02 84.77 -0.87 -0.24 -0.13 
25.31 2.52 83.96 -0.73 -0.50 0.04 
253.17 2.77 70.97 -1.16 -0.80 -0.38 
1.76 -0.21 311.65 0.08 -0.05 0.90 
-15.53 -2.89 -184.14 0.91 0.22 -0.16 
-15.53 -2.89 -184.14 0.91 0.22 -0.16 
5.25 -2.60 -187.76 0.99 0.04 -0.44 
25.68 -2.92 -189.72 1.14 0.02 -0.29 
10.40 -2.87 -190.13 0.99 0.07 -0.36 
90.53 -2.61 -190.71 1.03 -0.04 -0.42 
-32.57 -2.81 -190.09 0.97 0.06 -0.36 
-10.43 -2.77 -187.55 1.02 -0.03 -0.39 
6.68 -2.74 -189.41 1.00 -0.01 -0.37 
-16.90 -2.91 -194.71 1.22 -0.14 -0.28 
-139.82 -2.38 -165.24 1.16 -0.45 -0.75 
-115.98 -1.83 -139.15 0.67 -0.26 -1.24 
3.05 -0.64 -149.61 0.01 -0.01 -1.00 
3.14 0.58 -160.67 -0.25 -0.39 -0.52 
49.47 1.68 -170.06 -0.66 -0.60 -0.18 
6.04 2.44 -177.53 -0.83 -0.39 -0.03 
8.10 2.10 -177.36 -0.76 -0.57 -0.18 
115.18 1.89 -186.39 -0.70 -0.76 -0.14 
255.28 2.70 -190.59 -0.83 -0.63 0.00 
192.12 2.60 -199.08 -0.93 0.17 0.33 
113.31 0.37 -214.53 -0.25 0.05 0.91 
-9.27 0.31 -229.39 -0.35 -0.08 1.31 
-125.80 0.59 -222.16 -0.22 0.10 1.02 
-244.98 1.26 -205.24 -0.39 -0.38 0.47 
-244.98 1.02 -183.20 -0.75 -0.70 -0.38 
-75.53 1.14 -196.01 -0.70 -1.17 -0.07 
44.51 2.11 -193.68 -0.72 -0.54 -0.15 
255.28 2.07 -213.46 -0.72 -0.88 -0.05 
255.28 2.42 -233.73 -0.80 -0.51 0.31 
-239.88 0.94 -204.36 -0.60 -0.85 -0.01 
-244.98 1.07 -198.21 -0.65 -0.68 -0.42 
38.46 2.32 -209.97 -0.92 -0.42 -0.25 
135.79 1.89 -206.45 -0.61 -0.80 -0.03 
255.28 2.35 -226.65 -0.84 -0.77 -0.03 
255.28 1.54 -246.95 -0.40 -0.53 0.36 
168.37 0.26 -253.31 -0.14 0.29 0.98 
-82.99 1.13 -248.98 -0.52 0.29 0.86 
-244.98 0.94 -235.74 -0.36 -0.32 0.53 
-244.98 1.30 -222.08 -0.69 -0.79 -0.26 
-244.98 0.98 -210.75 -0.73 -0.78 -0.48 
-17.45 3.27 -222.12 -0.82 -0.01 0.00 
26.86 1.86 -226.12 -0.65 -0.70 -0.06 
255.28 1.87 -256.27 -0.56 -1.01 -0.13 
255.28 0.97 -282.60 -0.22 -0.99 0.39 
255.28 2.80 -260.70 -0.59 -0.19 0.33 
-127.72 1.21 -271.23 -0.47 -0.26 0.76 
-72.59 1.46 -271.97 -0.67 0.03 0.85 
-244.98 -1.49 -265.32 0.32 -0.74 0.20 
-244.98 0.89 -258.65 -0.61 -0.62 -0.52 
-174.16 1.76 -254.42 -0.94 -0.54 -0.37 
5.70 2.68 -267.12 -0.89 -0.29 -0.11 
35.30 1.90 -263.75 -0.64 -0.74 -0.04 
255.28 2.02 -290.67 -0.66 -0.97 -0.36 
240.92 2.21 -303.68 -0.98 -0.35 0.64 
119.04 0.03 -311.65 -0.18 0.45 1.04 
-118.78 1.47 -309.85 -0.68 0.37 0.73 
-244.98 -0.25 -299.97 -0.03 -0.38 0.65 
-244.98 0.51 -285.10 -0.47 -0.80 -0.40 
-118.78 1.95 -303.31 -0.76 -0.38 -0.27 
-45.51 2.72 -313.08 -1.04 0.10 -0.33 
250.25 1.95 -314.96 -0.66 -0.95 -0.13 
255.28 2.93 322.21 -0.88 -0.34 0.02 
255.28 1.77 302.79 -0.40 -0.60 0.33 
85.45 -0.27 299.98 0.00 0.25 1.07 
-84.54 1.48 302.28 -0.61 0.44 0.63 
-244.98 1.34 304.43 -0.57 -0.06 0.58 
-244.98 0.88 316.16 -0.61 -0.94 -0.50 
-244.98 1.08 310.15 -0.63 -0.56 -0.73 
-100.62 0.80 285.46 -0.61 -0.80 -0.80 
98.74 1.31 273.97 -0.46 -0.69 0.22 
255.28 2.06 264.37 -0.69 -0.90 -0.11 
255.28 1.02 225.70 -0.29 -1.06 0.06 
255.28 0.64 210.62 0.02 -0.52 0.52 
-42.14 0.64 181.51 -0.68 0.32 1.30 
-207.68 0.82 186.42 -0.45 0.20 0.90 
-244.98 -0.53 202.66 -0.07 -0.94 0.09 
-244.98 -0.22 201.33 -0.24 -0.79 -0.77 
-52.91 1.89 202.06 -1.09 -0.62 -0.42 
7.34 3.17 201.35 -0.89 -0.05 -0.14 
124.26 1.82 192.78 -0.65 -0.88 -0.14 
255.28 0.87 165.11 -0.20 -0.83 0.19 
255.28 2.05 172.44 -0.50 -0.21 0.58 
113.28 0.12 162.56 -0.21 0.64 0.91 
-51.50 1.37 169.09 -0.59 0.13 0.88 
-244.98 -0.32 185.09 -0.05 -0.16 0.73 
-244.98 0.98 176.24 -0.69 -0.70 -0.76 
-95.72 2.30 177.30 -1.28 -0.16 -0.48 
8.26 2.30 172.22 -0.70 -0.42 0.09 
167.75 1.76 165.35 -0.66 -0.86 -0.18 
255.28 2.02 158.06 -0.66 -0.81 -0.11 
241.39 2.43 173.76 -0.87 -0.68 -0.24 
169.60 1.84 177.82 -0.59 -0.40 0.21 
255.28 1.60 214.86 -0.62 0.21 0.63 
-217.04 0.51 218.17 -0.21 -0.26 0.76 
-244.98 1.96 202.40 -0.87 -0.28 -0.44 
-97.82 1.84 219.08 -1.07 -0.36 -0.57 
4.23 1.83 206.41 -0.78 -0.63 -0.01 
5.45 2.18 211.24 -0.79 -0.59 -0.10 
255.28 2.17 180.58 -0.72 -0.83 -0.06 
255.28 1.97 151.11 -0.63 -0.55 0.49 
255.28 1.98 114.91 -0.31 -0.15 0.48 
-228.63 -0.20 102.61 0.07 -0.31 0.95 
-208.21 0.64 101.57 -0.20 0.10 0.83 
-244.98 -0.05 97.33 -0.26 -0.93 -0.01 
-244.98 0.76 104.61 -0.66 -0.55 -0.69 
-106.62 1.21 90.74 -0.81 -0.83 -0.42 
25.25 2.16 91.32 -0.80 -0.49 -0.35 
255.28 2.19 68.14 -0.85 -1.07 -0.20 
255.28 2.27 49.96 -0.55 0.12 0.54 
151.34 1.82 58.75 -0.48 0.01 0.47 
-91.20 -0.34 39.90 0.07 -0.25 1.35 
-152.33 0.70 49.63 -0.26 -0.07 0.84 
-244.98 0.59 63.75 -0.43 -0.63 0.59 
-244.98 0.90 81.62 -0.43 -0.66 0.07 
-137.70 1.25 100.03 -0.80 -0.64 -0.48 
-52.70 2.71 100.92 -0.65 -0.16 -0.11 
125.53 2.09 90.88 -0.59 -0.66 -0.04 
255.28 2.10 66.37 -0.67 -0.86 -0.14 
255.28 1.80 50.00 -0.52 -0.29 0.51 
255.28 -0.10 56.98 -0.09 0.62 0.71 
255.28 1.03 83.14 -0.46 0.50 0.84 
-244.98 0.52 85.26 -0.24 -0.19 0.91 
-244.98 -0.39 98.56 0.13 -0.66 0.01 
-244.98 0.72 83.45 -0.48 -0.50 -0.82 
-38.72 1.15 71.07 -0.67 -0.22 -0.78 
51.88 2.44 66.50 -0.88 -0.17 -0.27 
33.82 2.77 66.66 -0.92 -0.33 -0.29 
255.28 1.90 52.99 -0.70 -0.86 -0.29 
187.66 2.34 43.02 -0.62 -0.68 0.11 
255.28 1.56 42.41 -0.35 -0.18 0.54 
107.98 2.31 70.10 -0.68 -0.23 0.36 
-161.98 0.87 80.60 -0.38 -0.08 0.83 
-244.98 1.37 69.54 -0.43 -0.55 0.14 
-244.98 0.93 71.17 -0.56 -0.72 -0.49 
-244.98 1.31 63.80 -0.94 -0.68 -0.64 
-31.51 2.09 66.92 -0.83 -0.56 -0.35 
227.14 2.15 61.87 -0.80 -0.84 -0.11 
255.28 2.19 44.22 -0.57 -0.58 0.10 
255.28 1.92 44.23 -0.59 -0.41 0.41 
189.63 1.72 33.15 -0.44 0.04 0.41 
175.45 1.57 48.62 -0.54 0.31 0.48 
-244.98 0.60 55.11 -0.27 -0.15 0.80 
-226.07 -0.22 79.67 0.00 -0.95 0.42 
-244.98 1.16 87.06 -0.70 -0.71 -0.47 
65.59 1.32 75.99 -0.81 -0.66 -0.67 
50.99 1.83 83.47 -0.74 -0.74 -0.34 
255.28 2.78 52.15 -0.83 -0.54 -0.25 
255.28 0.89 28.76 -0.08 -1.09 0.11 
-208.15 0.12 5.77 -0.10 -0.06 0.83 
-192.13 -0.45 19.18 0.22 -0.14 1.21 
-244.98 0.60 29.81 -0.20 -0.30 0.61 
-210.04 1.81 40.99 -0.71 -0.63 -0.21 
-244.98 0.55 31.41 -0.67 -0.84 -0.96 
20.79 2.02 21.23 -0.71 -0.43 -0.09 
255.28 2.31 6.16 -0.76 -0.82 -0.40 
255.28 2.00 -14.32 -0.63 -0.57 0.35 
94.53 1.21 -28.80 -0.49 -0.33 0.83 
-28.59 -1.86 -51.03 0.54 0.19 0.64 
-111.03 0.75 -52.74 -0.41 0.13 1.03 
-244.98 0.38 -41.58 -0.25 -0.22 0.82 
-244.98 0.68 -42.84 -0.50 -0.83 -0.51 
-38.91 0.79 -40.35 -0.42 -0.41 -0.76 
-16.82 3.00 -44.77 -0.68 0.05 -0.10 
75.40 2.55 -48.57 -0.82 -0.28 -0.38 
255.28 2.11 -65.36 -0.67 -0.90 -0.34 
255.28 2.93 -47.64 -0.59 -0.38 0.14 
144.48 2.66 -36.96 -0.95 0.28 0.13 
175.77 1.48 -0.10 -0.51 0.42 0.65 
-167.96 0.45 0.11 -0.16 -0.11 0.87 
-244.98 1.48 1.12 -0.61 -0.67 0.08 
-244.98 0.69 2.64 -0.61 -0.67 -0.89 
126.43 1.66 -2.17 -0.94 -0.51 -0.68 
16.34 2.65 1.53 -0.96 -0.34 -0.36 
255.28 2.15 -22.66 -0.70 -0.87 -0.16 
255.28 1.32 -1.65 -0.22 -0.83 0.15 
170.33 1.63 -12.45 -0.61 -0.56 0.50 
-244.98 0.56 -22.16 -0.29 -0.98 1.03 
-106.41 1.19 -31.28 -0.43 -0.06 0.76 
-244.98 -0.04 -40.73 -0.10 -0.97 0.00 
-244.98 -0.07 -53.13 -0.18 -0.64 -1.06 
-52.20 1.25 -68.28 -0.90 -0.29 -0.78 
23.01 1.07 -78.95 -0.32 -0.18 0.53 
61.29 2.49 -87.95 -0.77 -0.43 -0.16 
255.28 2.39 -98.18 -0.77 -0.82 -0.25 
255.28 1.94 -79.63 -0.40 -0.66 -0.16 
160.37 -0.64 -95.73 0.05 0.57 1.15 
-106.01 1.05 -90.39 -0.57 0.59 0.86 
-244.98 0.75 -89.63 -0.27 -0.34 0.62 
-244.98 -0.71 -87.17 -0.02 -1.17 -0.19 
-244.98 1.23 -71.56 -0.87 -0.67 -0.66 
-13.04 2.40 -57.16 -0.90 -0.11 -0.34 
44.04 2.72 -61.96 -0.86 -0.35 -0.16 
255.28 2.03 -79.81 -0.63 -0.90 -0.38 
255.28 1.99 -94.30 -0.70 -0.73 0.08 
255.28 0.83 -104.02 -0.22 -0.35 0.75 
-198.53 -0.17 -127.76 -0.02 -0.07 1.33 
-193.28 0.76 -125.61 -0.33 -0.07 0.92 
-244.98 0.56 -144.55 -0.25 -0.67 0.27 
-244.98 -0.55 -152.12 -0.12 -0.72 -0.93 
-199.64 1.29 -159.75 -0.80 -0.21 -1.01 
38.26 1.87 -159.89 -0.75 0.19 -0.46 
69.21 2.73 -166.09 -0.77 -0.16 -0.36 
255.28 1.80 -177.23 -0.67 -0.83 -0.32 
255.28 0.00 -177.79 0.31 -0.93 0.23 
233.44 1.90 -175.14 -0.67 -0.18 0.47 
-131.69 0.57 -190.45 -0.27 -0.33 0.87 
-168.26 0.39 -183.80 -0.18 -0.14 0.99 
-244.98 -0.03 -181.20 -0.14 -0.61 0.58 
-244.98 0.35 -179.22 -0.37 -0.80 -0.64 
-140.49 1.52 -176.46 -0.82 -0.28 -0.79 
108.30 2.09 -176.72 -0.64 -0.50 -0.15 
57.79 2.20 -186.84 -0.77 -0.45 -0.38 
255.28 2.49 -178.48 -0.64 -0.70 -0.40 
176.30 -0.03 -201.83 0.01 -0.82 0.39 
255.28 -0.55 -212.80 0.13 0.49 1.08 
-62.52 0.51 -210.09 -0.30 0.81 0.92 
-244.98 -0.30 -200.04 0.07 -0.01 0.79 
-244.98 -0.13 -192.32 -0.16 -1.02 -0.06 
-244.98 0.81 -178.10 -0.64 -0.68 -0.56 
15.19 1.28 -187.02 -0.63 -0.77 -0.04 
12.65 2.31 -184.10 -0.83 -0.51 -0.24 
255.28 2.24 -200.16 -0.73 -0.73 -0.30 
255.28 2.37 -226.79 -0.72 -0.48 0.17 
130.31 0.54 -245.55 -0.16 -0.29 0.80 
31.02 -0.30 -268.89 0.00 0.24 1.26 
-114.89 0.73 -273.81 -0.30 0.23 0.85 
-223.34 0.58 -264.45 -0.25 -0.05 0.78 
-244.98 -0.17 -257.26 -0.21 -1.11 -0.42 
-96.77 1.99 -265.17 -0.92 -0.31 -0.49 
24.05 2.09 -267.20 -0.59 -0.27 -0.34 
232.58 1.82 -259.62 -0.71 -0.84 -0.26 
255.28 3.44 -250.37 -1.08 -0.16 -0.15 
211.85 2.03 -257.94 -0.59 -0.40 0.34 
72.50 1.57 -276.72 -0.43 -0.01 0.42 
101.63 1.71 -263.98 -0.58 0.15 0.61 
-143.14 1.13 -259.38 -0.44 0.02 0.77 
-244.98 0.85 -258.70 -0.50 -0.76 -0.26 
-244.98 0.83 -266.28 -0.76 -0.75 -0.69 
-145.81 2.17 -275.19 -0.93 -0.43 -0.18 
12.75 2.74 -273.62 -0.75 -0.33 -0.15 
255.28 2.54 -258.61 -0.84 -0.47 -0.65 
178.37 2.98 -272.08 -1.00 0.00 0.21 
117.86 1.68 -276.08 -0.63 -0.03 0.55 
58.20 0.74 -267.39 -0.22 -0.05 0.72 
-244.98 0.98 -267.53 -0.31 -0.13 0.63 
-244.98 1.76 -273.08 -0.69 -0.54 -0.14 
-244.98 0.91 -281.55 -0.69 -0.56 -0.90 
-125.25 1.76 -300.29 -0.78 -0.31 -0.57 
0.05 2.75 -301.82 -0.82 -0.24 -0.24 
255.28 2.60 -300.13 -0.91 -0.60 -0.41 
255.28 2.16 -297.37 -0.68 -0.67 -0.13 
20.05 1.42 -309.77 -0.55 -0.25 0.73 
84.33 0.08 -319.19 -0.11 -0.03 0.90 
-91.91 0.84 -313.10 -0.32 0.09 0.95 
-244.98 0.33 -317.97 -0.22 -0.76 0.03 
-244.98 0.66 -325.13 -0.58 -0.68 -0.81 
-164.14 1.27 326.91 -0.77 -0.38 -0.78 
113.74 2.36 327.12 -0.76 -0.10 -0.37 
119.05 1.77 321.59 -0.62 -0.78 -0.20 
255.28 2.91 317.25 -0.90 -0.43 -0.13 
255.28 1.51 308.55 -0.49 -0.69 0.18 
204.82 1.63 303.91 -0.53 -0.16 0.65 
19.50 0.51 294.51 -0.30 -0.08 0.98 
-244.98 0.93 291.68 -0.38 -0.38 0.65 
-244.98 0.78 294.81 -0.46 -0.82 -0.36 
-188.48 1.12 290.23 -0.66 -0.57 -0.59 
-116.37 1.76 279.05 -0.89 -0.52 -0.52 
84.22 2.02 281.80 -0.69 -0.58 -0.39 
255.28 2.12 272.80 -0.71 -0.84 -0.56 
-3.35 0.95 264.45 -0.35 0.07 0.69 
-149.22 1.06 267.19 -0.41 0.08 0.90 
-244.98 0.41 269.61 -0.28 -0.82 0.12 
-244.98 0.70 251.53 -0.57 -0.71 -0.82 
-91.49 1.45 242.22 -0.80 -0.26 -0.87 
126.75 2.17 232.51 -0.73 -0.30 -0.32 
255.28 1.87 236.63 -0.78 -0.79 -0.51 
255.28 2.54 235.31 -0.89 -0.56 -0.14 
170.75 2.42 230.37 -0.68 -0.35 0.35 
150.09 -0.49 222.65 0.03 0.00 0.90 
-84.69 1.35 228.53 -0.60 0.40 0.74 
-157.95 1.51 218.88 -0.46 0.06 0.89 
-244.98 0.42 202.49 -0.42 -0.67 -0.85 
-244.98 1.10 196.21 -0.65 -0.42 -0.86 
33.44 1.41 178.72 -0.94 -0.77 -0.52 
2.95 1.86 181.46 -0.67 -0.64 -0.35 
255.28 2.13 173.89 -0.74 -0.86 -0.29 
232.30 1.39 171.35 -0.49 -0.99 0.10 
255.28 1.20 180.28 -0.42 -0.05 0.63 
255.28 0.80 181.12 -0.30 0.08 0.70 
-244.98 1.51 185.97 -0.62 -0.01 0.69 
-43.78 1.90 164.69 -0.90 -0.15 -0.71 
255.28 2.32 154.22 -0.73 -0.74 -0.46 
255.28 2.45 145.53 -0.81 -0.43 0.31 
-87.35 0.61 148.64 -0.22 -0.29 0.89 
-244.98 0.36 151.62 -0.32 -0.96 -0.38 
-75.18 1.44 156.84 -0.65 -0.33 -0.74 
2.32 2.15 157.15 -0.79 -0.47 -0.35 
3.57 2.12 156.65 -0.80 -0.49 -0.33 
-0.15 2.13 156.06 -0.80 -0.48 -0.34 
4.90 2.07 156.02 -0.81 -0.50 -0.39 
255.28 1.70 144.78 -0.58 -1.08 0.09 
200.46 2.05 110.54 -0.52 -0.16 0.50 
141.88 1.74 98.08 -0.55 -0.07 0.65 
-76.75 0.43 79.89 -0.27 -0.09 1.10 
-121.53 1.08 81.73 -0.41 0.15 0.81 
-244.98 1.07 78.29 -0.51 -0.63 0.46 
-244.98 0.85 66.24 -0.56 -0.60 -0.77 
-147.61 1.28 55.67 -0.68 -0.39 -0.81 
71.78 1.29 41.78 -0.78 -0.48 -0.68 
12.98 2.10 43.03 -0.78 -0.54 -0.37 
255.28 2.03 46.22 -0.68 -0.86 -0.63 
255.28 1.70 32.92 -0.60 -0.71 0.11 
163.42 0.89 27.34 -0.24 -0.53 0.69 
134.98 0.28 21.12 -0.20 0.14 0.93 
-65.72 1.27 24.57 -0.56 0.32 0.89 
-140.15 0.41 31.04 -0.15 -0.12 0.70 
-244.98 1.65 24.26 -0.54 -0.53 -0.10 
-244.98 0.89 20.05 -0.67 -0.63 -0.77 
-116.13 2.01 20.61 -0.90 -0.35 -0.51 
-16.65 2.26 18.01 -0.90 -0.30 -0.50 
255.28 2.26 21.74 -0.80 -0.76 -0.56 
255.28 2.66 15.04 -0.86 -0.39 0.11 
97.54 0.62 5.99 -0.20 -0.20 0.85 
-42.58 0.39 -15.67 -0.29 -0.02 0.91 
-134.81 0.92 -14.36 -0.38 0.06 0.93 
-244.98 0.85 -14.85 -0.38 -0.70 -0.16 
-244.98 0.47 -22.67 -0.46 -0.66 -0.82 
-94.04 1.29 -32.54 -0.72 -0.24 -0.80 
33.04 1.01 -42.60 -0.60 -0.89 -0.30 
180.63 2.05 -39.54 -0.73 -0.61 -0.29 
255.28 2.75 -30.99 -0.84 -0.38 -0.42 
228.72 2.05 -47.06 -0.73 -0.35 0.29 
117.85 1.81 -54.75 -0.61 -0.06 0.53 
-100.34 1.28 -56.77 -0.42 -0.37 0.72 
-230.05 0.32 -55.10 -0.18 -0.32 0.95 
-206.01 1.95 -66.35 -0.54 -0.41 0.19 
-244.98 0.85 -76.95 -0.52 -0.64 -0.56 
-220.00 0.88 -90.29 -0.58 -0.43 -0.90 
83.24 1.19 -100.49 -0.70 -0.69 -0.47 
255.28 1.16 -98.19 -0.44 -1.07 -0.30 
255.28 2.73 -108.73 -0.88 -0.47 -0.18 
126.45 0.35 -138.38 -0.25 -0.25 0.91 
117.28 0.17 -148.81 -0.10 0.28 0.71 
71.96 1.48 -134.16 -0.60 0.17 0.83 
-109.59 0.87 -118.59 -0.39 -0.12 0.82 
-244.98 0.43 -117.99 -0.18 -0.60 0.28 
-208.75 0.80 -113.30 -0.44 -0.79 -0.35 
-244.98 0.78 -117.06 -0.54 -0.56 -0.78 
26.88 1.73 -133.95 -0.93 -0.43 -0.62 
222.43 1.75 -136.25 -0.60 -0.83 -0.29 
255.28 2.78 -139.99 -0.83 -0.35 -0.24 
230.06 1.00 -154.59 -0.34 -0.94 0.20 
255.28 2.15 -153.56 -0.49 -0.14 0.55 
25.25 1.34 -133.17 -0.60 0.46 0.75 
-244.98 0.67 -143.20 -0.29 -0.43 0.23 
-201.20 0.18 -130.73 -0.18 -0.98 -0.50 
-244.98 0.57 -136.04 -0.57 -0.52 -0.90 
-73.17 1.73 -145.25 -0.88 -0.42 -0.55 
130.20 2.46 -148.14 -0.75 -0.42 -0.20 
255.28 2.60 -153.09 -0.91 -0.48 -0.28 
254.75 2.08 -166.50 -0.63 -0.68 0.18 
255.28 2.03 -187.94 -0.83 -0.58 0.24 
236.89 1.26 -179.04 -0.48 0.16 0.67 
103.46 1.95 -162.64 -0.54 -0.15 0.48 
-170.46 0.57 -151.39 -0.25 -0.21 0.89 
-244.98 0.62 -145.46 -0.26 -0.62 0.32 
-244.98 1.24 -151.14 -0.71 -0.64 -0.61 
-174.16 1.47 -151.84 -0.76 -0.35 -0.81 
-2.84 2.80 -158.46 -0.79 -0.21 -0.12 
224.72 1.77 -152.56 -0.67 -0.89 -0.35 
255.28 3.05 -150.19 -1.10 -0.20 -0.40 
220.90 1.92 -153.14 -0.64 -0.25 0.50 
131.32 0.05 -158.29 -0.14 0.50 0.86 
-105.48 1.00 -148.94 -0.44 0.34 0.95 
-244.98 0.67 -148.03 -0.36 -0.65 0.41 
-244.98 0.65 -151.41 -0.54 -0.78 -0.67 
-238.02 1.13 -154.32 -0.66 -0.53 -0.67 
21.35 2.26 -161.78 -0.80 -0.46 -0.18 
255.28 2.18 -156.69 -0.75 -0.84 -0.42 
255.28 2.13 -167.46 -0.77 -0.81 -0.13 
255.28 2.85 -155.79 -0.70 -0.23 0.22 
61.75 0.08 -167.82 -0.20 0.18 1.03 
-124.20 1.13 -157.32 -0.40 0.02 0.80 
-244.98 0.64 -159.11 -0.35 -0.78 0.11 
-244.98 0.88 -160.26 -0.56 -0.82 -0.64 
-118.38 1.67 -157.98 -1.00 -0.46 -0.58 
4.27 1.95 -154.18 -0.63 -0.53 -0.41 
255.28 1.85 -154.14 -0.81 -0.83 -0.57 
163.09 1.87 -162.24 -0.73 -0.78 0.22 
64.53 1.71 -170.82 -0.46 -0.16 0.46 
93.93 -0.09 -182.52 -0.09 0.15 1.14 
-146.57 0.72 -177.49 -0.36 -0.16 0.87 
-244.98 0.98 -174.75 -0.37 -0.41 0.56 
-244.98 0.88 -189.81 -0.54 -0.82 -0.51 
-244.98 0.60 -206.70 -0.54 -0.50 -0.88 
38.50 2.32 -222.04 -0.75 0.17 -0.34 
255.28 1.76 -214.18 -0.67 -0.89 -0.47 
255.28 3.25 -208.76 -1.15 0.07 -0.03 
197.96 0.95 -224.19 -0.49 -0.28 0.63 
243.14 0.46 -220.79 -0.27 0.34 0.89 
2.33 1.33 -211.41 -0.48 0.30 0.72 
-244.98 0.37 -212.65 -0.20 -0.29 0.74 
-244.98 -0.23 -211.43 -0.10 -1.04 -0.35 
-244.98 0.69 -215.43 -0.55 -0.73 -0.78 
-122.07 1.69 -221.84 -0.86 -0.27 -0.67 
12.13 2.59 -224.44 -0.68 -0.32 -0.11 
255.28 1.96 -228.54 -0.74 -0.89 -0.36 
255.28 3.06 -232.62 -0.81 -0.26 0.16 
50.14 1.11 -248.63 -0.29 -0.15 0.62 
145.92 0.06 -255.27 -0.20 0.35 1.02 
-78.51 1.43 -253.16 -0.70 0.36 0.88 
-244.98 0.67 -261.16 -0.40 -0.69 0.22 
-244.98 0.82 -255.37 -0.47 -0.77 -0.43 
-244.98 1.40 -256.50 -0.79 -0.42 -0.72 
53.41 1.69 -268.00 -0.76 -0.62 -0.28 
255.28 1.75 -261.01 -0.74 -0.85 -0.44 
255.28 2.82 -249.04 -0.82 -0.21 -0.38 
218.82 1.54 -260.42 -0.57 0.16 0.52 
-36.56 2.16 -262.33 -0.66 -0.46 -0.15 
161.80 2.02 -261.02 -0.69 -0.68 -0.27 
255.28 2.52 -268.60 -0.82 -0.52 -0.31 
213.72 1.80 -293.46 -0.59 -0.19 0.53 
115.95 0.92 -300.12 -0.34 -0.17 0.79 
-21.62 0.74 -316.98 -0.42 -0.08 0.95 
-139.53 1.02 -320.22 -0.46 0.00 0.98 
-65.15 2.11 261.16 -1.03 -0.34 -0.62 
255.28 2.67 239.69 -0.86 -0.63 -0.35 
215.63 1.58 216.72 -0.58 -0.05 0.62 
85.04 1.41 217.03 -0.43 -0.21 0.75 
46.52 0.75 205.51 -0.39 0.09 0.91 
-127.59 1.11 206.40 -0.47 0.28 0.86 
-244.98 0.26 209.49 -0.14 -0.44 0.70 
-244.98 0.81 220.91 -0.52 -0.88 -0.19 
-244.98 1.51 226.01 -0.72 -0.51 -0.32 
-127.11 1.78 210.14 -1.16 -0.61 -0.44 
-2.96 2.04 211.88 -0.73 -0.61 -0.19 
255.28 2.25 208.99 -0.72 -0.77 -0.28 
255.28 3.45 211.01 -1.06 0.12 -0.07 
228.28 1.01 194.47 -0.41 -0.10 0.62 
79.65 -0.25 188.89 -0.07 0.58 0.97 
8.48 1.34 194.91 -0.65 0.57 0.75 
-234.24 1.16 198.51 -0.48 -0.04 0.80 
-244.98 1.14 199.96 -0.43 -0.72 -0.01 
-244.98 1.49 200.04 -0.69 -0.56 -0.47 
-125.72 1.48 171.85 -0.76 -0.23 -0.57 
89.99 2.19 172.99 -0.84 -0.63 -0.23 
255.28 2.42 176.92 -0.85 -0.66 -0.53 
245.90 1.94 173.36 -0.96 0.44 0.19 
128.00 1.99 167.07 -0.63 0.16 0.48 
-241.86 -0.16 145.91 0.04 -0.40 1.14 
-62.07 1.08 141.16 -0.47 0.17 0.87 
-244.98 1.47 137.15 -0.55 -0.27 0.67 
-244.98 0.94 135.80 -0.53 -0.91 -0.18 
-219.88 0.87 132.78 -0.56 -0.70 -0.57 
-103.73 1.48 124.79 -0.86 -0.40 -0.66 
99.30 2.37 114.20 -0.74 -0.36 0.03 
214.36 1.92 117.58 -0.67 -0.86 -0.16 
255.28 2.69 106.30 -0.98 -0.50 -0.29 
213.81 1.39 86.29 -0.46 -0.30 0.64 
99.59 1.10 83.40 -0.41 0.11 0.67 
-53.78 0.61 74.37 -0.32 0.22 0.91 
-142.36 1.50 80.19 -0.54 0.28 0.72 
-244.98 0.78 78.15 -0.39 -0.72 0.24 
-244.98 0.26 72.14 -0.42 -0.81 -0.72 
-80.72 1.40 70.88 -0.70 -0.36 -0.60 
41.40 2.10 59.03 -0.84 -0.45 -0.20 
106.95 1.75 54.89 -0.66 -0.77 -0.20 
255.28 2.20 44.68 -0.74 -0.69 -0.39 
248.81 1.88 32.23 -0.72 -0.28 0.63 
125.72 2.09 35.59 -0.66 -0.05 0.52 
-54.63 0.93 22.34 -0.38 -0.11 0.84 
-134.97 1.46 21.76 -0.58 0.09 0.75 
-244.98 1.38 21.85 -0.49 -0.32 0.44 
-244.98 1.39 36.20 -0.59 -0.71 -0.39 
-244.98 1.29 32.87 -0.74 -0.41 -0.71 
47.45 2.37 16.29 -0.60 -0.26 0.04 
100.27 2.07 23.48 -0.69 -0.69 -0.20 
255.28 2.26 25.60 -0.85 -0.66 -0.58 
255.28 2.51 17.52 -0.86 -0.06 0.38 
134.34 1.65 18.55 -0.55 -0.01 0.53 
-126.41 0.41 15.00 -0.15 -0.27 0.98 
-197.16 1.41 16.25 -0.48 0.06 0.82 
-244.98 0.58 16.37 -0.27 -0.71 0.49 
-244.98 1.11 9.83 -0.57 -0.62 -0.39 
-244.98 0.98 -5.58 -0.78 -0.45 -0.80 
-49.72 1.86 -15.36 -0.59 -0.51 -0.04 
255.28 2.26 -7.56 -0.72 -0.70 -0.21 
255.28 2.94 -17.41 -0.86 -0.36 -0.07 
107.01 2.44 -24.25 -0.71 -0.01 0.31 
150.57 1.05 -15.62 -0.40 0.08 0.70 
24.72 1.63 6.14 -0.60 0.31 0.67 
-244.98 0.46 6.68 -0.17 0.12 0.72 
-244.98 1.63 9.41 -0.68 -0.74 -0.24 
-244.98 1.25 9.56 -0.69 -0.53 -0.56 
-149.91 1.04 -15.83 -0.80 -0.75 -0.58 
114.39 1.63 -18.05 -0.60 -0.78 -0.24 
255.28 2.67 -26.41 -0.76 -0.51 -0.08 
255.28 1.80 -51.95 -0.63 -0.49 0.42 
123.66 1.72 -55.48 -0.57 -0.16 0.56 
77.69 0.56 -58.84 -0.30 0.47 0.76 
-78.20 0.71 -48.44 -0.27 0.34 0.98 
-244.98 0.60 -50.29 -0.18 -0.40 0.54 
-244.98 1.24 -45.30 -0.55 -0.78 -0.14 
-244.98 1.04 -48.00 -0.61 -0.49 -0.70 
129.59 1.10 -56.80 -0.69 -1.04 -0.30 
74.37 1.55 -53.61 -0.59 -0.85 -0.24 
255.28 2.52 -64.13 -0.74 -0.49 -0.03 
255.28 2.70 -74.98 -0.65 -0.10 0.33 
231.11 1.21 -68.25 -0.45 0.25 0.61 
55.51 1.92 -49.13 -0.60 -0.01 0.63 
-244.98 0.64 -52.38 -0.28 -0.22 0.83 
-244.98 1.55 -45.33 -0.76 -0.76 -0.05 
-244.98 1.26 -50.80 -0.68 -0.64 -0.46 
-157.72 1.29 -62.65 -0.78 -0.49 -0.78 
38.24 2.22 -69.22 -0.67 -0.44 -0.12 
255.28 2.17 -79.62 -0.94 -0.88 -0.18 
255.28 2.83 -100.81 -0.81 0.02 0.32 
166.67 0.86 -116.75 -0.35 -0.11 0.77 
148.03 0.43 -118.83 -0.23 0.38 0.73 
-55.64 1.08 -108.70 -0.45 0.37 0.91 
-244.98 1.09 -114.14 -0.37 -0.22 0.54 
-244.98 1.92 -108.73 -0.73 -0.62 0.00 
-244.98 1.26 -110.78 -0.69 -0.58 -0.51 
-180.62 1.07 -133.47 -0.82 -0.66 -0.80 
36.05 1.89 -133.87 -0.70 -0.59 -0.41 
255.28 2.19 -130.66 -0.73 -0.77 -0.42 
255.28 2.67 -143.55 -0.87 -0.30 0.21 
155.37 1.71 -153.64 -0.55 -0.04 0.48 
170.25 0.26 -155.40 -0.31 0.59 0.98 
23.69 1.26 -141.58 -0.51 0.55 0.69 
-244.98 1.49 -141.89 -0.56 0.04 0.66 
-244.98 0.62 -136.36 -0.47 -1.09 -0.05 
-210.14 1.06 -135.95 -0.64 -0.63 -0.51 
-224.60 1.33 -156.96 -1.06 -0.73 -0.64 
-15.85 1.71 -156.93 -0.68 -0.62 -0.35 
255.28 2.07 -148.53 -0.76 -0.71 -0.25 
255.28 3.35 -162.91 -1.02 -0.14 -0.09 
255.28 2.48 -169.36 -0.76 -0.01 0.36 
184.73 0.85 -166.46 -0.40 0.36 0.68 
-244.98 0.80 -170.73 -0.64 -0.98 -0.35 
-244.98 1.29 -176.26 -0.77 -0.39 -0.70 
-39.17 1.70 -190.27 -0.88 -0.50 -0.47 
60.48 1.85 -191.54 -0.69 -0.70 -0.18 
255.28 2.31 -200.32 -0.81 -0.85 -0.46 
255.28 2.11 -209.77 -0.71 0.26 0.49 
105.06 1.49 -212.67 -0.45 -0.02 0.65 
190.08 0.45 -202.68 -0.29 0.58 0.66 
-94.87 1.11 -197.86 -0.51 0.47 0.89 
-244.98 1.04 -203.41 -0.51 -0.78 0.19 
-230.67 0.68 -196.84 -0.41 -0.86 -0.28 
-213.38 1.41 -195.00 -0.70 -0.53 -0.60 
-101.48 1.54 -213.70 -0.97 -0.45 -0.63 
253.92 2.04 -206.15 -0.66 -0.70 -0.28 
255.28 2.41 -221.66 -0.76 -0.64 -0.02 
255.28 2.67 -227.91 -0.74 -0.23 0.36 
166.57 2.18 -220.17 -0.64 0.01 0.46 
-128.14 0.64 -216.77 -0.26 -0.02 0.99 
-142.47 1.19 -210.65 -0.45 -0.08 0.71 
-244.98 1.30 -212.81 -0.58 -0.77 0.19 
59.48 1.98 -287.51 -0.60 -0.53 -0.19 
255.28 2.17 -295.59 -0.85 -0.74 -0.42 
155.07 1.39 -320.01 -0.56 0.09 0.66 
145.46 0.62 -321.50 -0.35 0.04 0.84 
220.05 2.05 177.79 -0.65 -0.35 0.37 
173.04 1.39 182.83 -0.54 0.01 0.66 
4.00 1.00 189.54 -0.35 -0.16 0.82 
-152.92 1.02 195.48 -0.40 0.16 0.74 
-244.98 0.69 205.39 -0.32 -0.72 0.54 
-244.98 0.63 200.66 -0.51 -0.89 -0.40 
-244.98 0.91 192.66 -0.60 -0.45 -0.83 
25.42 1.31 172.98 -0.66 -0.58 -0.42 
127.75 1.78 178.09 -0.67 -0.77 -0.47 
255.28 2.47 189.85 -0.78 -0.37 -0.53 
255.28 1.33 161.98 -0.48 -0.39 0.56 
123.77 1.55 168.04 -0.55 0.33 0.57 
-244.98 0.43 188.77 -0.26 -0.78 -0.02 
-244.98 0.71 190.71 -0.49 -0.66 -0.59 
-70.51 1.12 169.61 -0.73 -0.78 -0.32 
-10.14 1.47 167.94 -0.68 -0.76 -0.37 
255.28 2.05 162.46 -0.69 -0.81 -0.23 
255.28 3.07 146.85 -0.80 -0.30 0.29 
155.17 1.60 146.78 -0.56 -0.13 0.58 
113.38 1.17 149.81 -0.52 0.45 0.61 
-68.17 1.77 147.45 -0.75 0.46 0.63 
-201.94 1.54 145.77 -0.58 0.21 0.71 
-244.98 1.03 145.08 -0.42 -0.78 0.26 
-244.98 1.16 144.22 -0.66 -0.73 -0.51 
-244.98 1.00 132.63 -0.65 -0.23 -0.98 
112.88 1.52 118.84 -0.60 -0.72 -0.10 
173.83 1.55 118.99 -0.66 -0.92 -0.29 
255.28 2.65 101.28 -0.74 -0.65 -0.18 
255.28 2.42 76.68 -0.62 -0.25 0.36 
197.27 2.03 81.40 -0.68 -0.13 0.64 
57.96 1.06 72.01 -0.50 0.19 0.84 
-111.14 1.49 80.28 -0.69 0.28 0.82 
-244.98 0.70 84.41 -0.27 -0.55 0.58 
-244.98 1.04 77.35 -0.62 -0.75 -0.54 
-244.98 1.23 67.77 -0.71 -0.42 -0.72 
-24.27 1.11 35.95 -0.91 -0.89 -0.54 
59.54 2.38 29.76 -0.89 -0.32 -0.41 
255.28 2.63 28.70 -0.77 -0.49 0.08 
255.28 3.24 21.92 -0.94 0.09 0.07 
125.12 0.96 12.30 -0.38 0.15 0.65 
45.21 2.27 34.11 -0.55 -0.28 0.31 
-78.64 0.96 39.85 -0.41 0.01 0.90 
-244.98 0.89 35.35 -0.45 -0.65 0.47 
-244.98 1.03 37.35 -0.44 -0.72 -0.15 
-244.98 1.05 30.90 -0.63 -0.33 -0.88 
-31.92 3.15 27.44 -0.67 -0.09 0.04 
255.28 2.04 31.23 -0.72 -0.75 -0.27 
255.28 2.28 14.72 -0.89 -0.61 0.23 
169.09 3.66 16.56 -0.99 0.00 0.05 
157.20 1.81 20.23 -0.54 0.11 0.36 
21.11 1.07 27.95 -0.42 0.70 0.52 
-196.24 1.21 31.83 -0.45 0.13 0.87 
-244.98 0.51 33.32 -0.39 -0.75 -0.09 
-244.98 1.28 39.60 -0.73 -0.67 -0.46 
-25.66 1.83 29.07 -0.97 -0.62 -0.53 
-43.97 1.92 24.68 -0.63 -0.56 -0.15 
255.28 1.91 14.59 -0.78 -1.10 -0.27 
218.51 1.69 1.08 -0.44 -0.34 0.47 
152.59 1.65 -8.97 -0.57 -0.20 0.66 
214.49 1.58 -4.99 -0.51 0.17 0.45 
41.17 1.77 7.98 -0.61 0.00 0.62 
-198.33 1.76 12.48 -0.74 -0.12 0.68 
-228.53 0.12 21.16 -0.09 -0.28 0.58 
-244.98 0.37 22.38 -0.32 -0.86 -0.41 
-201.11 0.79 27.51 -0.73 -0.73 -0.67 
90.69 3.11 23.74 -0.64 0.04 -0.11 
190.50 1.66 25.63 -0.61 -1.06 -0.28 
244.19 1.81 15.51 -0.66 -0.74 0.25 
153.40 2.11 5.94 -0.67 -0.54 0.25 
140.62 2.37 11.54 -0.67 -0.32 0.36 
194.34 0.25 11.65 -0.17 0.32 0.80 
-77.36 1.31 14.06 -0.61 0.39 0.79 
-228.32 1.90 9.32 -0.65 -0.14 0.54 
11.46 0.65 0.22 -0.53 -1.28 -0.38 
35.10 1.55 -1.49 -0.58 -0.77 -0.27 
255.28 1.78 -5.57 -0.69 -0.94 -0.41 
255.28 1.89 31.56 -1.20 0.63 -0.67 
126.82 1.50 4.11 -0.53 0.17 0.62 
195.91 -0.15 -11.78 -0.18 0.44 1.01 
-244.98 1.13 -19.79 -0.84 -0.83 -0.58 
-57.51 2.09 -21.46 -0.63 -0.47 -0.09 
74.76 1.50 -22.75 -0.61 -0.88 -0.12 
255.28 2.28 -41.23 -0.78 -0.70 -0.04 
235.21 1.75 -54.64 -0.53 -0.35 0.58 
137.05 1.96 -58.41 -0.52 -0.07 0.54 
107.77 -0.29 -69.94 -0.11 0.63 1.02 
-140.30 0.83 -67.24 -0.37 0.29 0.99 
-244.98 0.53 -59.61 -0.20 -0.35 0.83 
-244.98 1.67 -54.80 -0.77 -0.69 -0.16 
-205.68 1.31 -54.88 -0.70 -0.67 -0.47 
-244.98 1.32 -65.81 -0.81 -0.37 -0.62 
29.66 1.89 -71.11 -0.73 -0.71 -0.22 
255.28 1.84 -86.53 -0.81 -1.05 -0.09 
214.39 2.22 -101.50 -0.63 -0.50 0.21 
255.28 1.91 -115.68 -0.66 0.21 0.46 
77.68 3.43 -122.28 -0.89 0.08 0.14 
-113.62 0.81 -124.16 -0.32 -0.66 1.12 
-35.44 1.34 -116.49 -0.55 -0.22 0.79 
-193.11 -0.16 -115.81 0.02 -0.18 0.82 
-244.98 1.17 -102.41 -0.40 -0.54 0.29 
-244.98 1.77 -99.41 -0.73 -0.57 -0.17 
5.45 1.88 -99.51 -0.79 -0.34 -0.51 
5.19 1.81 -107.47 -0.62 -0.62 -0.01 
255.28 2.47 -109.98 -0.82 -0.65 -0.31 
255.28 2.86 -113.76 -0.84 -0.48 -0.10 
16.95 1.58 -117.15 -0.62 0.29 0.74 
-244.98 0.51 -122.76 -0.24 -0.51 0.62 
-244.98 0.41 -114.96 -0.34 -0.97 -0.24 
-244.98 1.32 -115.90 -0.69 -0.45 -0.78 
-158.86 1.37 -125.23 -0.77 -0.39 -0.71 
-33.93 2.54 -128.86 -0.67 -0.34 -0.03 
120.63 1.77 -143.85 -0.64 -0.71 -0.02 
255.28 1.90 -160.90 -0.52 -0.75 0.26 
255.28 2.85 -166.71 -0.86 -0.32 0.22 
100.73 1.77 -172.46 -0.47 -0.08 0.47 
-244.98 0.34 -220.00 -0.44 0.53 1.40 
-97.86 1.55 -225.72 -0.63 0.29 0.65 
-244.98 1.34 -227.76 -0.48 -0.12 0.66 
-244.98 0.77 -208.90 -0.53 -1.03 -0.03 
-244.98 0.72 -202.56 -0.68 -0.53 -0.78 
30.66 2.66 -204.77 -0.91 -0.32 0.03 
129.33 2.06 -205.22 -0.76 -0.69 -0.25 
147.21 1.57 -214.68 -0.46 -0.72 0.27 
255.28 1.77 -230.40 -0.69 -1.11 -0.48 
40.76 1.55 -225.84 -0.66 -0.80 0.56 
238.81 0.19 -238.66 -0.22 -0.04 0.85 
33.31 1.16 -230.89 -0.65 0.66 0.83 
-179.91 0.93 -238.06 -0.35 -0.06 0.76 
-244.98 0.68 -247.76 -0.31 -0.82 -0.34 
-199.55 0.62 -255.27 -0.47 -0.44 -0.87 
-99.84 1.66 -270.63 -0.95 -0.26 -0.75 
-13.73 2.86 -278.82 -0.81 -0.18 0.08 
183.28 2.25 -284.46 -0.70 -0.53 -0.33 
255.28 2.19 -284.73 -0.80 -0.89 -0.02 
62.40 2.56 -287.82 -0.83 -0.15 0.25 
131.68 2.99 -281.83 -0.89 -0.23 0.16 
84.21 2.40 -282.56 -0.62 0.02 0.28 
26.56 2.21 -264.61 -0.59 -0.31 0.35 
-154.97 1.39 -251.63 -0.57 0.01 0.80 
-244.98 1.75 -246.62 -0.62 -0.46 0.42 
-244.98 1.55 -254.84 -0.77 -0.71 -0.36 
-231.78 1.31 -263.57 -0.79 -0.51 -0.64 
36.90 1.93 -283.47 -0.61 -0.44 -0.03 
20.64 2.13 -286.51 -0.73 -0.62 -0.13 
255.28 2.22 -295.41 -0.79 -0.86 -0.36 
255.28 2.01 -325.46 -0.64 -0.58 0.26 
101.77 1.01 324.84 -0.26 -0.22 0.85 
68.97 -0.25 306.98 -0.11 0.55 1.07 
-63.94 1.37 303.66 -0.53 0.35 0.65 
-243.22 0.15 306.01 -0.10 0.11 0.80 
-244.98 0.61 -322.44 -0.40 -1.01 0.02 
-244.98 1.04 -318.99 -0.56 -0.66 -0.53 
-71.38 1.70 -327.45 -0.89 -0.31 -0.61 
89.21 1.45 308.71 -0.53 -0.64 0.19 
184.21 2.00 302.91 -0.59 -0.70 -0.04 
255.28 2.61 285.23 -0.75 -0.57 0.00 
255.28 2.99 263.82 -0.75 -0.31 0.18 
123.76 1.38 262.38 -0.47 0.00 0.65 
79.08 0.78 256.81 -0.35 0.14 0.84 
8.72 1.62 261.38 -0.58 0.31 0.65 
-244.21 1.66 257.15 -0.65 0.20 0.67 
-244.98 -0.31 252.23 -0.17 -0.95 -0.55 
-238.81 1.03 256.08 -0.68 -0.55 -0.72 
-67.78 2.19 242.35 -0.92 -0.47 -0.12 
3.29 2.33 232.16 -0.80 -0.42 -0.22 
255.28 2.24 227.43 -0.79 -0.74 -0.26 
250.82 2.04 214.67 -0.58 -0.56 0.11 
255.28 2.00 205.82 -0.59 -0.64 0.06 
255.28 1.80 211.64 -0.47 -0.48 0.42 
125.74 0.92 205.34 -0.39 0.09 0.76 
29.67 1.02 210.51 -0.34 -0.02 0.83 
-127.76 1.90 217.37 -0.65 0.42 0.55 
-244.98 1.01 222.82 -0.40 -0.37 0.50 
-244.98 1.55 224.48 -0.63 -0.58 0.09 
-244.98 1.03 223.83 -0.68 -0.79 -0.48 
29.99 1.68 220.79 -0.77 -0.66 -0.25 
98.17 2.00 215.51 -0.68 -0.73 -0.15 
255.28 2.43 207.27 -0.80 -0.66 -0.17 
255.28 2.91 203.96 -0.73 -0.13 0.28 
81.69 1.95 189.19 -0.61 -0.07 0.55 
98.09 0.65 183.07 -0.48 -0.26 0.92 
114.02 1.73 195.92 -0.49 0.14 0.50 
-157.16 0.69 212.08 -0.37 -0.08 0.81 
-150.38 0.32 232.97 -0.11 -0.41 0.74 
-244.98 1.49 241.01 -0.71 -0.79 -0.12 
-244.98 0.89 237.40 -0.66 -0.37 -0.89 
161.14 1.89 220.20 -0.85 -0.58 -0.24 
105.50 2.02 216.61 -0.79 -0.66 -0.40 
255.28 2.47 204.03 -0.75 -0.59 -0.17 
207.36 1.89 178.11 -0.72 -0.26 0.47 
216.29 0.34 154.16 -0.11 -0.08 0.92 
172.78 1.78 155.85 -0.58 0.23 0.60 
22.61 1.59 171.24 -0.50 0.17 0.66 
-244.98 0.52 178.41 -0.31 0.18 0.78 
-244.98 -0.52 195.29 0.00 -0.98 -0.03 
-244.98 0.57 191.64 -0.56 -0.71 -0.85 
-103.24 1.51 191.43 -0.77 -0.08 -0.86 
22.43 1.43 175.90 -0.68 -0.77 -0.04 
46.86 2.10 172.25 -0.76 -0.58 -0.27 
255.28 2.33 165.48 -0.75 -0.69 -0.19 
134.06 2.51 150.77 -0.82 -0.36 0.24 
212.88 1.80 138.35 -0.62 -0.59 0.35 
223.75 1.19 130.75 -0.41 -0.06 0.72 
18.46 0.83 119.70 -0.33 -0.04 0.82 
-131.77 0.75 124.80 -0.32 0.00 0.98 
-244.98 0.50 134.20 -0.25 -0.58 0.77 
-244.98 0.57 141.89 -0.39 -1.01 -0.04 
-244.98 0.88 136.10 -0.68 -0.67 -0.81 
-123.72 1.60 128.46 -0.75 -0.34 -0.56 
-14.94 1.56 108.85 -0.59 -0.63 0.04 
183.83 2.04 109.04 -0.74 -0.78 -0.29 
255.28 3.18 101.45 -0.78 -0.31 -0.01 
255.28 1.32 79.47 -0.47 -0.84 0.52 
-8.89 1.34 77.17 -0.49 0.21 0.75 
-233.22 0.80 83.52 -0.36 0.13 0.84 
-244.98 1.17 93.08 -0.48 -0.67 0.38 
-244.98 0.98 94.55 -0.45 -0.74 -0.14 
-231.53 1.12 89.50 -0.63 -0.56 -0.60 
-118.74 1.82 76.86 -0.87 -0.25 -0.50 
-5.70 1.70 75.70 -0.70 -0.76 -0.17 
255.28 2.28 66.26 -0.69 -0.70 -0.13 
255.28 2.42 48.19 -0.72 -0.32 0.31 
216.14 2.56 37.42 -0.77 0.07 0.45 
99.11 1.02 18.60 -0.40 0.07 0.76 
134.37 0.31 11.81 -0.22 0.12 0.87 
-70.83 0.92 24.09 -0.38 0.27 0.95 
-244.98 0.28 25.99 -0.25 -0.56 0.51 
-244.98 0.29 34.21 -0.25 -0.91 -0.15 
-244.98 0.88 32.40 -0.53 -0.69 -0.69 
-131.46 1.65 31.47 -0.85 -0.36 -0.67 
47.22 2.00 19.54 -0.73 -0.48 0.11 
56.34 2.19 14.81 -0.79 -0.56 -0.18 
255.28 2.34 -5.54 -0.80 -0.78 -0.22 
186.53 1.48 -35.43 -0.57 -0.67 0.52 
255.28 1.12 -45.55 -0.20 -0.16 0.72 
184.03 1.33 -43.60 -0.51 0.41 0.53 
255.28 1.94 -130.99 -0.59 -0.74 0.09 
192.05 1.74 -146.97 -0.56 -0.68 0.26 
146.75 1.30 -156.96 -0.39 -0.49 0.63 
178.83 1.97 -157.53 -0.67 0.09 0.52 
80.01 1.00 -167.37 -0.43 0.31 0.71 
-119.30 0.73 -167.38 -0.38 0.41 0.98 
-244.98 0.22 -160.05 -0.16 -0.71 0.56 
-244.98 1.42 -153.60 -0.65 -0.78 -0.19 
-244.98 0.83 -164.88 -0.61 -0.56 -0.84 
-148.67 1.10 -185.16 -0.84 -0.33 -0.90 
-18.35 1.49 -192.93 -0.64 -0.84 -0.35 
255.28 2.03 -200.59 -0.67 -0.89 -0.46 
255.28 2.27 -217.72 -0.71 -0.38 0.28 
46.90 1.37 -233.44 -0.44 -0.15 0.71 
190.79 0.19 -238.61 -0.19 0.42 0.87 
-30.30 0.97 -230.28 -0.43 0.29 0.92 
-221.85 0.53 -223.96 -0.26 -0.48 0.86 
-244.98 0.75 -223.26 -0.35 -0.73 0.07 
-244.98 0.62 -227.64 -0.37 -0.73 -0.72 
123.96 2.10 -262.66 -0.65 0.27 0.37 
151.20 1.14 -265.01 -0.42 0.08 0.73 
-26.72 0.01 -266.86 0.00 -0.15 1.07 
-212.36 -0.32 -252.22 0.13 0.06 0.99 
-244.98 1.05 -250.66 -0.29 -0.55 0.14 
-244.98 0.77 -249.71 -0.47 -0.80 -0.55 
-174.85 1.28 -258.67 -0.68 -0.33 -0.81 
142.11 2.29 -264.54 -0.64 -0.35 0.11 
197.73 1.79 -270.36 -0.62 -0.91 -0.24 
255.28 3.19 -275.06 -0.93 -0.22 -0.13 
255.28 2.04 -289.17 -0.67 -0.35 0.48 
138.59 1.26 -298.65 -0.42 -0.19 0.75 
156.61 1.03 -302.17 -0.40 0.23 0.67 
-58.69 0.90 -297.05 -0.31 -0.02 0.85 
-243.56 0.71 -284.83 -0.32 -0.06 0.84 
-244.98 0.86 -270.50 -0.32 -0.54 0.39 
-244.98 1.45 -270.74 -0.74 -0.53 -0.66 
-244.98 1.29 -271.63 -0.74 -0.57 -0.77 
159.31 -2.19 -37.42 0.86 -0.40 0.18 
78.17 -1.95 -40.10 0.60 -0.28 0.52 
-127.57 -0.62 -49.20 0.36 -0.85 0.79 
-180.07 -0.04 -7.02 0.17 -0.92 0.36 
-175.89 0.36 -1.11 -0.41 -0.98 -0.24 
234.21 1.37 -19.45 -0.53 -1.15 0.30 
255.28 -1.68 -0.39 0.70 0.73 0.77 
-19.10 0.49 14.79 -0.12 -0.50 0.87 
-244.98 0.20 27.71 -0.22 -0.34 0.91 
-244.98 1.11 41.70 -0.51 -0.71 0.00 
-244.98 1.68 56.32 -0.74 -0.55 -0.20 
10.23 0.62 43.68 -0.29 -0.64 0.30 
110.93 2.15 44.64 -0.75 -0.65 -0.17 
255.28 2.73 18.21 -1.02 -0.62 -0.04 
246.10 2.22 -4.59 -0.76 -0.27 0.53 
125.37 1.00 -13.83 -0.45 -0.04 0.85 
-42.05 1.13 -4.10 -0.46 0.06 0.86 
-244.98 0.52 -2.71 -0.25 -0.48 0.68 
-244.98 0.49 10.29 -0.38 -0.94 -0.13 
-244.98 1.19 6.57 -0.76 -0.67 -0.69 
-1.44 1.82 -1.56 -0.72 -0.28 -0.55 
135.66 1.84 -1.49 -0.73 -0.77 -0.37 
255.28 2.43 -14.31 -0.82 -0.53 -0.02 
179.81 1.59 -21.09 -0.48 -0.44 0.51 
204.62 1.37 -16.24 -0.40 -0.27 0.64 
-34.91 0.66 -13.47 -0.23 -0.02 0.90 
-244.98 0.34 -8.61 -0.17 -0.01 0.89 
-244.98 -0.21 12.18 -0.02 -1.16 0.11 
-189.35 1.03 15.48 -0.47 -0.64 -0.31 
-236.31 1.48 8.82 -0.66 -0.43 -0.50 
-24.33 1.94 -10.15 -0.67 -0.50 0.00 
255.28 1.93 -8.89 -0.67 -0.91 -0.22 
255.28 2.91 -13.20 -0.94 -0.40 -0.08 
187.43 2.15 -23.05 -0.88 0.04 0.57 
103.12 1.82 -32.04 -0.62 0.01 0.48 
52.05 0.71 -38.35 -0.48 0.40 1.06 
-126.18 0.98 -43.50 -0.38 0.43 0.80 
-244.98 0.41 -41.65 -0.19 -0.14 0.78 
-244.98 1.11 -37.46 -0.56 -0.81 -0.02 
-244.98 0.75 -48.99 -0.61 -0.55 -0.76 
-25.79 1.49 -54.15 -1.00 -0.30 -0.85 
107.62 2.84 -58.61 -0.76 -0.34 -0.08 
255.28 1.99 -71.07 -0.68 -0.85 -0.27 
255.28 1.67 -83.65 -0.53 -0.64 0.27 
135.46 1.89 -90.75 -0.70 -0.03 0.61 
173.16 1.31 -94.55 -0.42 0.00 0.62 
-136.86 0.12 -98.84 -0.05 -0.06 1.01 
-244.98 0.41 -94.74 -0.22 -0.12 0.79 
-225.91 0.97 -81.70 -0.42 -0.65 0.42 
-244.98 1.31 -82.53 -0.69 -0.71 -0.55 
-244.98 1.21 -95.01 -0.70 -0.30 -0.85 
165.82 1.42 -108.47 -0.66 -0.79 -0.11 
108.40 2.13 -107.55 -0.75 -0.63 -0.35 
209.92 1.94 -114.76 -0.73 -0.72 -0.16 
255.28 2.23 -148.97 -0.67 -0.54 0.10 
117.62 0.21 -180.55 -0.19 -0.18 0.92 
123.27 0.71 -186.75 -0.26 0.23 0.75 
-80.49 0.30 -187.24 -0.13 0.00 0.92 
-244.98 -0.10 -170.21 -0.02 -0.19 0.81 
-244.98 0.46 -153.53 -0.26 -0.76 0.14 
-244.98 1.18 -147.44 -0.61 -0.73 -0.42 
-178.40 1.33 -144.55 -0.66 -0.57 -0.66 
-27.58 1.56 -150.27 -0.79 -0.27 -0.61 
69.91 2.38 -157.44 -0.71 -0.44 0.05 
138.17 1.98 -169.57 -0.66 -0.70 -0.04 
255.28 2.72 -194.38 -0.81 -0.38 0.20 
217.23 0.98 -217.18 -0.35 -0.09 0.73 
126.47 0.96 -221.61 -0.36 0.11 0.77 
-75.65 0.79 -228.65 -0.28 0.06 0.77 
-244.98 0.74 -229.36 -0.39 -0.06 0.87 
-210.28 0.17 -216.36 -0.24 -1.00 0.34 
-244.98 0.79 -212.92 -0.49 -0.94 -0.54 
-192.38 0.63 -223.35 -0.51 -0.45 -0.77 
-14.88 0.87 -251.26 -0.64 -0.90 -0.26 
192.70 1.90 -254.39 -0.56 -0.67 -0.12 
255.28 2.63 -265.94 -0.89 -0.54 0.01 
255.28 2.68 -278.91 -0.78 -0.25 0.28 
154.34 1.01 -296.82 -0.42 -0.05 0.79 
216.94 0.61 -296.52 -0.29 0.26 0.79 
-15.65 0.94 -291.87 -0.36 0.26 0.88 
-244.98 0.46 -284.42 -0.27 -0.14 0.89 
-177.02 1.80 -264.28 -0.42 -0.23 0.40 
-244.98 0.49 -273.66 -0.34 -0.56 -0.77 
31.08 1.22 -283.21 -0.66 -0.44 -0.82 
91.82 1.12 -298.46 -0.80 -0.97 -0.12 
111.63 1.87 -299.63 -0.67 -0.75 -0.22 
255.28 2.12 -306.95 -0.79 -0.78 0.08 
255.28 2.51 -322.61 -1.01 -0.32 0.33 
49.19 0.86 312.78 -0.32 -0.24 0.75 
249.86 0.26 308.26 -0.25 0.64 0.82 
-134.31 0.94 312.18 -0.41 0.56 0.85 
-174.05 0.48 321.73 -0.20 -0.42 0.85 
-244.98 1.23 -324.11 -0.43 -0.53 0.41 
-244.98 1.16 -319.08 -0.62 -0.81 -0.44 
-188.49 1.40 -325.59 -0.77 -0.28 -0.75 
78.24 2.24 322.40 -0.75 -0.42 -0.16 
219.92 2.07 317.29 -0.73 -0.69 -0.30 
255.28 1.84 309.45 -0.70 -0.83 -0.04 
8.64 2.16 300.08 -0.70 0.13 0.40 
166.47 1.75 297.16 -0.44 -0.23 0.52 
192.30 0.48 300.68 -0.34 0.49 0.79 
61.24 1.67 315.49 -0.64 0.46 0.58 
-240.88 0.18 321.60 -0.13 -0.04 0.86 
-244.98 0.81 -325.54 -0.31 -0.55 0.38 
-244.98 0.87 -312.70 -0.54 -0.85 -0.44 
-130.68 1.41 -315.55 -0.82 -0.71 -0.50 
48.13 2.61 -327.18 -0.68 -0.32 -0.04 
232.38 1.93 307.05 -0.70 -0.78 -0.08 
255.28 1.22 282.98 -0.37 -1.12 0.00 
82.36 2.05 274.51 -1.12 0.70 0.29 
134.38 -0.08 268.97 -0.13 0.44 0.66 
-13.30 0.57 290.07 -0.28 0.35 1.05 
-192.74 0.20 300.02 -0.12 -0.19 0.87 
-244.98 0.91 315.22 -0.39 -0.73 0.35 
-232.77 0.96 325.64 -0.65 -0.94 -0.25 
-244.98 1.94 -323.77 -0.96 -0.44 -0.41 
-73.46 2.09 -321.66 -0.75 -0.55 -0.11 
255.28 2.34 -325.99 -0.80 -0.84 -0.39 
255.28 3.40 -323.69 -0.89 0.15 0.00 
102.70 2.16 317.30 -0.91 -0.10 0.51 
183.50 1.41 317.05 -0.50 0.14 0.57 
-30.04 1.56 324.27 -0.61 0.55 0.58 
-225.88 1.80 -325.09 -0.70 0.00 0.59 
-244.98 1.82 -300.86 -0.76 -0.74 0.12 
-244.98 1.51 -297.86 -0.61 -0.60 -0.12 
-244.98 1.13 -309.00 -0.71 -0.43 -0.70 
30.61 2.50 -319.65 -0.78 -0.38 -0.10 
255.28 2.30 313.58 -0.69 -0.56 0.07 
255.28 2.50 290.32 -0.66 -0.22 0.38 
130.85 2.45 272.56 -0.78 -0.17 0.47 
112.59 1.94 268.00 -0.61 -0.14 0.59 
-21.42 -0.22 249.10 -0.10 0.08 0.91 
-68.18 0.99 249.81 -0.43 0.17 0.90 
-244.98 -0.08 255.54 -0.06 -0.18 0.58 
-244.98 1.04 269.21 -0.41 -0.71 -0.15 
-244.98 1.13 264.80 -0.64 -0.61 -0.53 
-137.91 1.32 248.98 -0.71 -0.45 -0.75 
-71.41 2.05 243.62 -0.37 -0.29 -0.05 
255.28 2.15 252.85 -0.68 -0.56 -0.62 
246.67 2.36 236.27 -0.71 -0.43 0.23 
178.48 1.07 217.68 -0.57 0.04 0.81 
202.28 0.11 220.53 -0.15 0.32 0.82 
-1.36 0.42 230.99 -0.13 0.18 0.94 
-244.98 0.41 237.05 -0.20 -0.09 0.87 
-244.98 0.77 241.85 -0.31 -0.74 0.12 
-175.73 1.00 244.20 -0.60 -0.63 -0.68 
-167.26 1.18 231.60 -0.69 -0.38 -0.73 
114.75 2.64 221.36 -0.70 -0.33 -0.02 
255.28 2.05 207.94 -0.68 -0.84 -0.25 
116.08 1.74 184.93 -0.70 -0.74 0.24 
237.01 0.60 153.35 -0.22 -0.68 0.71 
231.81 0.00 147.59 -0.02 -0.16 0.95 
1.77 0.06 145.30 0.01 -0.04 0.99 
-129.55 0.68 155.08 -0.28 0.08 0.98 
-244.98 -0.35 168.54 -0.07 -0.84 0.41 
-244.98 0.64 185.10 -0.48 -0.84 -0.25 
-185.89 1.44 176.29 -0.68 -0.47 -0.44 
31.66 1.39 158.96 -0.61 -0.72 0.32 
104.60 1.73 161.97 -0.56 -0.78 -0.05 
255.28 2.89 154.81 -0.90 -0.44 -0.13 
255.28 2.76 138.52 -0.74 -0.20 0.28 
134.89 0.90 125.30 -0.36 -0.37 0.89 
39.24 0.00 105.41 -0.08 0.04 0.96 
-106.17 0.80 114.56 -0.34 0.18 0.85 
-244.98 0.34 123.85 -0.19 -0.50 0.62 
-244.98 1.13 128.51 -0.64 -0.82 -0.51 
-244.98 0.97 110.60 -0.56 -0.43 -0.78 
2.28 1.63 88.06 -0.83 -0.32 -0.39 
-21.71 2.49 92.16 -0.79 -0.44 -0.14 
255.28 1.98 70.61 -0.62 -0.86 -0.28 
255.28 2.24 52.71 -0.63 -0.13 0.41 
187.57 0.60 19.87 -0.30 -0.12 0.84 
145.50 -0.16 11.94 -0.05 0.18 0.95 
12.75 0.49 17.86 -0.14 -0.10 0.85 
-244.98 -0.83 36.76 0.27 -0.66 0.93 
-184.40 0.20 63.41 -0.09 -0.60 0.61 
-244.98 1.27 79.67 -0.73 -0.87 -0.24 
-244.98 1.07 72.74 -0.58 -0.47 -0.60 
63.66 2.26 68.83 -0.79 -0.47 -0.04 
119.19 1.71 63.23 -0.54 -0.79 -0.02 
255.28 2.70 55.82 -0.85 -0.51 -0.08 
255.28 1.98 40.53 -0.73 0.15 0.46 
108.45 0.41 23.35 -0.33 0.03 1.03 
132.08 0.05 12.03 -0.14 0.26 0.83 
1.20 0.97 18.09 -0.34 0.46 0.72 
-143.92 0.77 24.76 -0.27 0.32 0.92 
-244.98 0.87 35.56 -0.35 -0.44 0.68 
-244.98 1.22 40.22 -0.62 -0.75 -0.14 
-244.98 1.07 30.69 -0.67 -0.37 -0.79 
62.72 3.42 26.55 -1.00 -0.04 0.00 
116.70 1.73 28.14 -0.67 -0.79 -0.34 
255.28 2.45 18.40 -0.64 -0.49 -0.09 
244.95 2.04 5.28 -0.64 -0.53 0.26 
230.91 1.22 -13.67 -0.45 -0.64 0.57 
181.79 1.05 -20.44 -0.33 -0.10 0.73 
47.83 0.72 -34.91 -0.40 0.03 0.98 
-78.51 0.91 -33.74 -0.40 0.25 0.92 
-244.98 0.66 -25.91 -0.26 -0.33 0.76 
-244.98 0.82 -7.04 -0.39 -0.93 0.17 
-244.98 1.20 -2.71 -0.64 -0.87 -0.36 
-225.33 1.22 -7.01 -0.68 -0.39 -0.66 
21.67 2.06 -20.72 -0.61 -0.27 0.34 
198.95 2.02 -22.33 -0.73 -0.69 -0.24 
255.28 2.90 -30.51 -0.87 -0.41 -0.04 
191.24 1.85 -54.30 -0.61 -0.26 0.49 
94.50 0.57 -68.55 -0.19 -0.21 0.79 
131.71 0.53 -66.97 -0.21 0.31 0.85 
37.07 0.99 -57.83 -0.29 0.08 0.80 
-96.49 0.81 -46.19 -0.39 0.00 0.94 
-128.72 1.09 -33.66 -0.40 -0.37 0.94 
-244.98 1.15 -19.72 -0.39 -0.64 0.01 
-198.12 1.31 -16.20 -0.61 -0.57 -0.29 
-148.18 0.52 -27.96 -0.66 -1.08 -0.28 
74.11 2.48 -30.47 -0.81 -0.44 -0.23 
255.28 2.41 -39.49 -0.70 -0.60 -0.19 
236.91 2.15 -58.79 -0.63 -0.48 0.29 
255.28 1.57 -77.28 -0.47 -0.28 0.46 
183.77 0.54 -78.64 -0.29 0.46 0.88 
45.53 0.29 -77.18 -0.11 -0.07 0.86 
-170.20 0.63 -72.19 -0.28 0.03 0.92 
-244.98 0.21 -55.68 -0.10 -0.67 0.56 
-244.98 0.83 -45.85 -0.52 -0.95 -0.31 
-224.91 1.07 -51.04 -0.60 -0.52 -0.62 
-124.43 1.37 -62.62 -0.94 -0.53 -0.59 
37.30 2.27 -64.57 -0.77 -0.45 -0.36 
255.28 2.66 -69.63 -0.85 -0.46 -0.15 
206.98 2.07 -81.60 -0.61 -0.46 0.31 
255.28 2.18 -101.63 -0.57 -0.19 0.41 
76.72 0.65 -110.91 -0.35 -0.17 1.00 
49.20 0.28 -130.14 -0.34 0.10 1.04 
-126.27 0.24 -119.53 -0.13 0.01 1.03 
-244.98 0.43 -107.69 -0.18 -0.51 0.76 
-244.98 0.69 -107.10 -0.34 -0.87 -0.24 
-199.32 0.92 -113.99 -0.55 -0.67 -0.69 
-190.81 1.07 -128.47 -0.76 -0.38 -0.80 
63.37 3.06 -130.80 -0.88 -0.08 -0.26 
255.28 2.06 -136.12 -0.67 -0.62 -0.32 
255.28 2.45 -147.73 -0.75 -0.43 0.28 
255.28 1.45 -162.53 -0.49 -0.62 0.46 
147.78 0.56 -170.41 -0.19 -0.05 0.77 
118.08 0.27 -179.17 -0.17 0.34 0.88 
-95.41 0.44 -177.40 -0.19 0.36 0.95 
-147.59 0.33 -164.88 -0.14 -0.08 0.97 
-219.88 0.75 -149.95 -0.26 -0.55 0.62 
-244.98 0.67 -143.02 -0.38 -0.89 -0.11 
-224.02 0.66 -144.17 -0.47 -0.73 -0.62 
88.69 1.34 -149.89 -0.83 -0.63 -0.22 
33.79 2.19 -152.77 -0.77 -0.62 -0.17 
255.28 2.34 -162.72 -0.83 -0.69 -0.19 
193.66 1.98 -182.25 -0.61 -0.39 0.39 
255.28 1.40 -197.69 -0.41 -0.32 0.61 
100.76 1.03 -206.56 -0.37 -0.03 0.78 
-15.72 0.61 -214.71 -0.34 0.05 0.99 
-67.49 0.41 -212.80 -0.20 0.07 0.90 
-244.98 -0.14 -195.80 -0.01 -0.15 0.81 
-226.20 0.79 -182.21 -0.39 -0.88 0.32 
-244.98 0.95 -171.58 -0.52 -0.83 -0.32 
-213.87 0.86 -171.33 -0.63 -0.42 -0.79 
142.95 1.86 -187.59 -0.60 -0.43 0.22 
58.43 1.52 -193.14 -0.56 -0.75 0.11 
163.13 2.18 -205.78 -0.67 -0.61 0.03 
255.28 2.97 -227.94 -0.78 -0.38 0.10 
149.12 1.02 -246.57 -0.45 -0.29 0.75 
119.43 1.16 -252.35 -0.40 -0.04 0.76 
61.34 0.55 -269.69 -0.50 0.24 1.07 
-84.84 0.69 -269.37 -0.31 0.18 0.90 
-244.98 0.25 -264.03 -0.17 0.01 1.05 
-203.25 1.51 -253.68 -0.51 -0.67 0.11 
-198.05 0.96 -254.18 -0.45 -0.69 -0.34 
-192.36 0.82 -259.20 -0.61 -0.66 -0.71 
72.90 1.05 -262.85 -0.67 -0.72 -0.17 
72.20 2.09 -273.71 -0.80 -0.65 -0.07 
255.28 2.78 -283.62 -0.86 -0.53 -0.02 
203.10 2.13 -313.95 -0.64 -0.28 0.38 
222.12 1.21 325.50 -0.39 -0.38 0.66 
98.42 0.35 312.06 -0.22 0.10 0.93 
-48.98 0.08 308.14 -0.08 0.16 1.07 
-141.40 0.07 319.06 -0.02 0.08 1.00 
-235.52 0.34 -325.27 -0.20 -0.42 0.72 
-244.98 0.86 -314.84 -0.44 -0.84 0.19 
-244.98 1.19 -307.23 -0.65 -0.75 -0.31 
-244.98 0.83 -311.94 -0.66 -0.73 -0.77 
83.63 2.22 -313.58 -0.69 -0.47 0.19 
255.28 2.32 -317.90 -0.82 -0.56 -0.42 
255.28 3.18 -324.84 -0.79 -0.10 0.14 
119.73 1.22 314.54 -0.43 0.08 0.54 
44.33 0.70 300.30 -0.28 0.15 0.79 
48.64 -0.52 285.62 0.09 0.19 0.96 
-82.66 0.40 291.32 -0.18 0.30 1.03 
-236.40 0.31 301.00 -0.14 -0.37 0.91 
-244.98 0.30 311.21 -0.20 -0.95 -0.08 
-135.16 0.52 316.18 -0.33 -0.79 -0.47 
-203.92 1.09 313.57 -0.60 -0.49 -0.65 
-25.76 1.03 296.72 -0.62 -0.72 -0.16 
255.28 1.92 292.52 -0.59 -0.89 -0.38 
255.28 1.93 293.15 -0.67 -0.78 -0.46 
-244.98 1.31 217.18 -0.67 -0.42 -0.67 
-97.53 1.16 212.52 -0.68 -0.62 -0.56 
48.52 2.13 207.63 -0.70 -0.54 -0.13 
255.28 1.97 204.80 -0.70 -0.74 -0.32 
241.73 2.55 197.68 -0.72 0.11 0.28 
81.59 1.27 182.25 -0.50 0.07 0.65 
153.80 0.23 169.44 -0.13 0.28 0.88 
-31.10 -0.22 161.66 0.02 0.10 1.10 
-185.81 -0.02 177.76 0.03 0.10 0.89 
-244.98 0.27 193.84 -0.09 -0.29 0.67 
-209.39 0.77 206.99 -0.42 -0.88 -0.18 
-244.98 0.60 201.31 -0.53 -0.71 -0.73 
142.71 1.47 184.73 -0.70 -0.57 -0.22 
49.56 2.04 180.80 -0.66 -0.63 -0.08 
255.28 2.22 169.63 -0.73 -0.65 -0.09 
255.28 1.61 138.01 -0.50 -0.29 0.50 
175.56 0.55 113.05 -0.18 -0.03 0.84 
35.28 0.13 106.55 -0.01 0.11 0.89 
58.51 0.27 99.48 -0.20 0.19 0.97 
-127.67 0.25 115.39 -0.16 0.07 0.93 
-227.72 0.27 132.42 -0.14 -0.88 0.61 
-191.09 1.07 149.79 -0.51 -0.83 0.09 
-216.70 0.93 156.46 -0.51 -0.78 -0.49 
-244.98 1.05 152.08 -0.64 -0.46 -0.62 
66.94 1.28 144.27 -0.53 -0.74 0.00 
255.28 2.33 140.03 -0.72 -0.72 -0.35 
255.28 3.12 121.68 -0.78 -0.19 0.07 
224.46 1.05 90.15 -0.48 0.01 0.66 
60.08 0.38 79.85 -0.16 0.20 0.94 
-9.98 -0.01 65.11 -0.15 0.00 1.10 
-137.53 -0.02 69.03 0.02 0.20 1.04 
-226.96 0.45 85.17 -0.16 -0.29 0.88 
-244.98 1.10 106.55 -0.47 -0.81 0.16 
-244.98 1.17 122.55 -0.49 -0.66 -0.21 
-244.98 1.28 117.68 -0.99 -0.61 -0.56 
53.04 1.30 113.84 -0.49 -0.75 0.11 
255.28 2.55 133.31 -1.07 -0.46 -0.63 
255.28 2.71 125.93 -0.93 0.28 0.20 
123.85 1.24 109.69 -0.59 -0.02 0.72 
141.24 -0.25 97.43 -0.06 0.34 0.95 
-36.93 0.82 110.42 -0.37 0.40 0.95 
-213.73 0.91 126.67 -0.26 -0.02 0.89 
-244.98 2.91 132.01 -0.77 -0.28 0.06 
-244.98 1.78 127.20 -0.63 -0.41 -0.39 
-94.15 1.29 119.97 -0.72 -0.76 -0.49 
19.08 2.50 112.07 -0.77 -0.37 -0.06 
255.28 2.32 104.82 -0.82 -0.64 -0.03 
255.28 3.21 96.50 -0.92 -0.38 0.04 
195.89 1.76 85.86 -0.56 -0.12 0.61 
129.05 1.12 79.76 -0.38 0.12 0.64 
-66.04 0.02 76.91 0.00 -0.08 1.09 
-100.49 0.51 83.78 -0.24 0.00 1.10 
-244.98 0.01 85.45 0.01 -0.48 0.83 
-244.98 0.84 95.30 -0.40 -0.84 -0.12 
-196.31 1.47 98.61 -0.70 -0.60 -0.41 
-244.98 1.02 80.30 -0.81 -0.29 -0.99 
-16.54 2.75 77.28 -0.77 -0.28 -0.08 
175.71 2.08 75.12 -0.76 -0.62 -0.34 
255.28 2.39 61.68 -0.75 -0.50 0.05 
216.30 1.86 45.03 -0.67 -0.52 0.53 
208.63 2.54 31.29 -0.77 -0.02 0.45 
135.90 1.50 34.70 -0.43 -0.12 0.54 
-46.33 0.44 28.37 -0.22 0.02 1.04 
-52.65 0.73 34.99 -0.26 0.26 0.91 
-211.24 0.82 34.99 -0.26 -0.05 0.76 
-240.25 2.18 36.82 -0.65 -0.31 0.35 
-209.41 2.04 36.52 -0.76 -0.58 -0.07 
-244.98 1.02 24.69 -0.63 -0.53 -0.78 
106.69 0.79 5.25 -0.41 -0.68 -0.20 
255.28 2.00 15.72 -0.73 -0.78 -0.36 
255.28 3.37 19.17 -0.93 -0.05 -0.09 
205.52 1.81 -6.30 -0.77 -0.18 0.56 
168.75 1.80 -7.22 -0.62 -0.03 0.60 
63.94 0.44 -18.58 -0.32 0.67 0.75 
-58.81 0.74 -18.99 -0.34 0.57 0.76 
-244.98 0.53 -17.30 -0.20 -0.10 0.78 
-244.98 0.22 -5.11 -0.17 -0.82 -0.27 
-231.45 1.23 3.01 -0.58 -0.59 -0.47 
-140.26 1.55 -0.13 -0.66 -0.42 -0.55 
-36.36 2.55 -15.10 -0.73 -0.31 0.03 
255.28 1.89 -11.87 -0.59 -0.85 -0.45 
249.44 2.49 -21.83 -0.77 -0.45 0.19 
159.17 2.59 -27.37 -0.82 -0.12 0.38 
155.66 2.14 -34.25 -0.81 -0.27 0.51 
217.32 0.03 -42.39 -0.16 0.31 0.91 
-63.78 0.64 -37.87 -0.33 0.66 0.83 
-232.36 0.50 -34.06 -0.25 -0.40 0.82 
-236.63 1.13 -26.90 -0.32 -0.54 0.27 
-244.98 1.64 -22.82 -0.67 -0.57 -0.52 
-244.98 0.73 -65.54 -0.87 -0.85 -0.82 
29.37 2.05 -65.38 -0.60 -0.47 -0.18 
255.28 2.31 -47.56 -0.85 -0.60 -0.55 
255.28 2.34 -56.49 -0.91 -0.30 0.28 
91.15 0.69 -79.72 -0.37 -0.17 0.85 
88.58 1.28 -83.25 -0.43 -0.07 0.69 
43.99 1.00 -99.56 -0.51 0.28 0.79 
-133.56 1.20 -97.89 -0.48 0.13 0.82 
-244.98 1.06 -97.95 -0.38 -0.44 0.66 
-244.98 0.85 -96.60 -0.45 -0.90 -0.13 
-205.40 1.31 -103.40 -0.60 -0.52 -0.53 
-213.38 0.95 -123.11 -0.68 -0.62 -0.75 
22.23 1.90 -124.53 -0.68 -0.59 -0.29 
255.28 1.94 -113.04 -0.69 -0.54 -0.64 
255.28 2.62 -117.38 -0.80 -0.35 0.09 
175.38 2.40 -127.46 -0.75 -0.04 0.45 
87.52 1.19 -141.55 -0.56 -0.06 0.80 
134.94 1.44 -141.32 -0.48 0.21 0.55 
-45.80 0.92 -139.32 -0.37 0.00 0.93 
-201.60 0.95 -138.71 -0.35 0.01 0.80 
-244.98 0.84 -129.28 -0.28 -0.75 0.15 
-244.98 1.46 -122.07 -0.70 -0.57 -0.52 
-244.98 1.26 -152.29 -0.82 -0.20 -0.70 
40.63 1.54 -155.59 -0.74 -0.78 -0.54 
255.28 2.39 -150.53 -0.75 -0.59 -0.41 
255.28 3.36 -151.07 -0.85 -0.04 0.11 
154.51 2.75 -160.90 -1.01 0.18 0.28 
105.75 2.04 -163.23 -0.70 -0.33 0.48 
83.40 0.76 -177.44 -0.54 0.32 0.94 
-130.78 0.97 -181.43 -0.36 0.17 0.89 
-178.86 1.39 -175.70 -0.53 -0.16 0.67 
-244.98 1.69 -176.26 -0.64 -0.66 -0.23 
-244.98 1.42 -190.20 -0.82 -0.52 -0.64 
-41.88 1.34 -204.44 -0.84 -0.48 -0.72 
255.28 1.85 -202.00 -0.40 -0.61 -0.42 
255.28 1.45 -226.87 -0.39 -0.65 -0.15 
-97.39 -2.70 -273.56 1.09 -0.32 0.59 
