-36.42 2.59 -4.52 -1.02 -0.49 0.29 
56.81 -2.05 -218.39 0.68 -0.44 0.84 
-61.73 -1.61 -201.16 1.21 -1.10 0.15 
109.12 -1.43 -150.97 0.46 -0.50 0.00 
-133.24 1.35 -127.96 -0.28 -0.15 0.70 
9.54 2.62 -126.97 -1.18 -0.62 0.26 
-20.76 2.08 -110.44 -0.89 -0.81 -0.10 
75.30 3.63 -126.32 -0.45 0.00 -0.15 
-22.11 0.05 -143.52 -0.14 -0.59 -1.40 
-15.33 1.70 -136.14 -0.57 -0.31 0.31 
157.79 1.67 -118.29 -0.57 -0.58 -0.61 
84.07 2.40 -104.49 -0.53 0.29 -0.11 
-94.67 2.52 -134.13 -1.07 -0.52 0.32 
-28.10 2.66 -158.02 -1.35 -0.74 0.27 
0.84 2.26 -140.02 -1.50 -1.09 0.21 
-15.83 2.44 -138.53 -0.35 -0.08 -0.23 
15.40 1.72 -148.37 -0.39 -0.31 -0.65 
-3.95 0.17 -145.20 -0.12 -0.50 -1.59 
-8.30 0.27 -142.20 -0.14 -0.30 -1.09 
-16.43 0.72 -141.12 -0.33 -0.34 -0.46 
59.46 2.46 -114.17 -0.67 0.44 0.03 
6.72 2.41 -131.24 -0.82 -0.61 0.07 
-23.29 2.28 -151.69 -1.13 -0.82 0.23 
-3.22 3.01 -113.74 -1.05 -0.25 0.26 
8.30 3.16 -111.96 -0.76 -0.21 0.06 
-0.20 2.93 -122.85 -0.41 -0.11 0.13 
34.33 2.36 -129.88 -0.60 -0.30 -0.51 
-21.37 0.39 -134.51 -0.13 -0.39 -1.41 
22.50 0.28 -132.20 -0.21 -0.36 -1.17 
-19.01 0.91 -130.82 -0.41 -0.37 -0.83 
137.99 2.09 -101.05 -0.63 0.64 0.00 
-87.37 2.65 -153.87 -1.13 -0.53 0.40 
0.27 2.52 -128.75 -0.81 -0.47 0.17 
117.66 2.99 -141.39 -0.81 0.01 0.26 
-26.95 1.53 -158.21 -0.43 -0.45 -0.71 
14.57 0.50 -149.12 -0.30 -0.41 -0.94 
-189.86 2.99 -143.25 -1.17 -0.56 0.04 
-82.48 2.34 -170.19 -0.65 -0.57 -0.27 
53.08 2.61 -174.29 -1.47 -0.25 0.71 
22.02 2.97 -162.85 -0.64 -0.21 0.19 
-6.99 2.41 -142.27 -0.90 -0.52 0.34 
-100.41 0.63 -153.41 -0.19 -0.72 -1.29 
5.55 1.07 -133.41 -0.46 -0.38 -0.63 
17.96 2.08 -128.21 -0.56 -0.32 -0.15 
-71.05 2.57 -118.82 -0.67 0.32 -0.01 
53.42 2.37 -151.05 -1.17 -0.72 0.19 
33.10 3.50 -147.44 -0.71 -0.14 -0.03 
46.51 2.95 -142.06 -0.64 -0.22 0.04 
-10.22 1.79 -152.36 -0.60 0.00 0.80 
61.49 0.67 -160.78 -0.20 -0.65 -1.12 
-48.65 0.25 -162.38 0.00 -0.70 -1.53 
29.05 0.05 -159.30 -0.04 -0.44 -1.24 
-25.00 0.06 -151.76 -0.19 -0.49 -1.01 
-31.34 1.62 -148.46 -0.61 -0.42 -0.41 
-41.92 2.69 -145.31 -0.67 -0.18 0.08 
-208.40 2.49 -164.36 -1.24 -0.82 0.36 
-19.85 3.34 -156.56 -0.42 0.05 0.04 
-34.92 2.81 -163.54 -0.85 -0.16 0.31 
-64.76 2.92 -185.45 -1.11 -0.37 0.33 
28.93 2.73 -170.68 -1.14 -0.45 0.31 
-2.35 2.47 -180.10 -0.77 -0.45 -0.22 
-105.18 1.79 -190.26 -0.38 -0.24 -0.76 
-102.44 0.55 -215.40 -0.28 -0.19 -0.96 
235.06 2.05 -203.33 -0.62 -0.30 -0.36 
-27.25 2.72 -233.57 -1.04 -0.40 0.36 
-29.87 2.42 -214.92 -0.60 -0.34 0.24 
5.34 3.25 -200.84 -0.66 -0.16 0.02 
111.80 1.69 -211.50 -0.58 -0.40 -0.84 
6.23 0.22 -210.02 -0.17 -0.89 -0.97 
-25.32 1.16 -199.63 -0.45 -0.59 -0.53 
57.72 1.18 -193.42 -0.46 0.04 0.78 
-90.94 3.08 -221.57 -0.76 0.05 0.14 
29.17 2.83 -220.29 -1.16 -0.47 0.15 
-40.50 3.65 -200.39 -0.82 -0.01 -0.03 
-36.42 2.49 -224.42 -0.50 -0.22 -0.50 
23.91 0.22 -222.07 -0.15 -0.61 -1.28 
-18.69 0.71 -219.79 -0.37 -0.48 -0.82 
-75.72 1.25 -192.39 -1.21 -0.35 3.27 
-16.11 2.36 -203.59 -0.87 -0.49 0.37 
-18.38 2.68 -209.32 -1.23 -0.55 0.22 
39.59 2.98 -184.68 -0.82 -0.34 0.08 
28.52 2.54 -183.25 -0.68 -0.10 0.41 
17.14 1.25 -184.40 -0.31 -0.44 -0.98 
-19.32 0.96 -177.77 -0.47 -0.45 -0.83 
14.13 2.74 -151.07 -0.27 -0.10 -0.10 
-135.49 3.25 -184.58 -1.18 -0.15 0.26 
-1.89 2.80 -172.54 -0.76 -0.37 0.09 
-2.03 3.27 -184.53 -0.83 -0.12 -0.13 
115.96 2.62 -184.33 -0.88 -0.38 0.31 
43.52 1.36 -196.46 -0.40 -0.40 -0.78 
61.36 0.93 -204.29 -0.42 -0.39 -0.88 
-17.29 1.39 -202.61 -0.59 -0.54 -0.53 
71.47 3.05 -155.93 -0.75 -0.12 -0.27 
10.15 2.42 -181.05 -1.28 -0.85 0.29 
-19.50 2.95 -178.98 -1.27 -0.39 0.34 
8.95 2.62 -171.36 -0.92 -0.25 0.34 
15.16 0.34 -182.00 -0.22 -0.73 -1.20 
-9.11 1.01 -172.83 -0.42 -0.46 -0.77 
36.91 1.97 -162.80 -0.68 -0.41 0.35 
-26.68 3.04 -156.75 -0.60 -0.01 0.18 
35.00 3.01 -183.76 -1.25 -0.17 0.38 
95.04 2.78 -165.52 -1.22 -0.43 0.55 
-15.35 2.97 -171.21 -0.38 0.12 0.06 
-12.66 3.01 -181.50 -0.43 0.11 0.13 
-45.35 2.91 -191.25 -0.79 -0.02 0.25 
34.80 1.74 -206.00 -0.41 -0.36 -0.62 
29.12 0.06 -194.81 -0.08 -0.27 -1.22 
-1.42 2.28 -191.67 -0.75 -0.29 0.31 
-38.40 2.54 -185.18 -1.09 -0.62 -0.06 
-55.98 2.68 -202.03 -0.67 -0.24 0.27 
15.46 3.03 -203.08 -1.01 -0.23 0.26 
-10.76 3.06 -198.27 -0.95 -0.21 0.17 
-28.61 2.62 -203.99 -0.78 -0.46 0.24 
26.52 3.06 -204.58 -0.68 -0.32 -0.21 
12.55 1.87 -207.74 -0.54 -0.43 -0.65 
10.68 0.64 -208.62 -0.31 -0.58 -1.21 
-54.72 2.11 -185.74 -0.67 -0.26 -0.39 
87.29 2.93 -171.38 -0.65 -0.14 -0.07 
-32.70 2.68 -222.15 -1.25 -0.49 0.39 
-1.67 2.43 -224.26 -0.89 -0.52 0.30 
25.84 2.57 -211.36 -1.13 -0.55 0.32 
12.87 3.50 -201.65 -0.81 -0.08 0.09 
74.53 3.28 -207.99 -0.71 -0.20 0.16 
39.83 2.64 -213.17 -0.60 -0.29 -0.39 
-9.53 0.37 -222.78 -0.13 -0.82 -1.30 
-17.07 0.34 -217.13 -0.18 -0.67 -0.98 
-85.13 2.28 -212.09 -0.72 -0.35 -0.18 
-12.19 3.16 -192.25 -0.76 -0.06 0.13 
-31.27 2.58 -222.91 -1.05 -0.57 0.26 
58.80 2.86 -204.18 -0.82 -0.31 0.21 
5.47 3.04 -202.71 -0.68 -0.27 0.06 
54.66 3.20 -199.80 -0.84 -0.15 0.24 
53.86 1.96 -213.20 -0.59 -0.39 -0.58 
57.34 1.96 -213.74 -0.55 -0.39 -0.58 
19.20 1.33 -222.18 -0.35 -0.51 -0.75 
11.01 0.32 -227.71 -0.08 -0.78 -1.36 
-14.10 0.73 -214.79 -0.35 -0.56 -0.88 
-53.10 1.30 -210.62 -0.56 -0.31 -0.64 
-53.10 1.30 -210.62 -0.56 -0.31 -0.64 
12.20 2.20 -211.91 -0.75 -0.41 0.05 
-122.40 3.71 -206.30 -0.84 -0.06 0.06 
-122.40 3.71 -206.30 -0.84 -0.06 0.06 
-9.28 3.21 -206.56 -0.66 -0.09 0.13 
-26.08 2.90 -220.38 -1.06 -0.46 0.16 
11.26 2.68 -221.55 -1.13 -0.54 0.20 
11.26 2.68 -221.55 -1.13 -0.54 0.20 
25.14 3.10 -211.55 -0.74 -0.18 0.09 
36.85 3.03 -218.15 -0.60 -0.04 0.21 
-19.12 3.39 -220.41 -0.93 -0.14 0.03 
68.24 3.03 -220.25 -0.83 -0.38 0.08 
34.43 2.26 -223.86 -0.55 -0.29 -0.43 
47.39 0.86 -230.71 -0.16 -0.63 -1.02 
1.26 0.40 -232.98 -0.13 -0.69 -1.27 
-8.69 0.41 -228.12 -0.23 -0.66 -1.08 
-8.69 0.41 -228.12 -0.23 -0.66 -1.08 
-86.65 2.06 -220.59 -0.53 -0.18 -0.29 
-33.29 2.47 -219.21 -0.76 -0.33 0.11 
0.85 3.07 -206.72 -0.48 -0.05 0.21 
-82.52 3.20 -202.48 -0.79 0.07 0.11 
18.45 3.10 -210.18 -0.85 -0.20 0.08 
23.07 3.05 -208.47 -1.02 -0.34 0.11 
-7.57 2.99 -215.98 -1.13 -0.26 0.30 
19.40 2.95 -213.19 -1.15 -0.30 0.28 
-19.34 2.95 -211.12 -0.85 -0.22 0.22 
-19.89 2.27 -220.95 -0.55 -0.46 0.05 
-6.95 3.52 -221.66 -0.80 -0.03 0.06 
38.93 2.87 -221.76 -0.75 -0.28 0.30 
3.88 2.92 -224.24 -0.63 -0.25 -0.28 
22.36 1.28 -232.34 -0.34 -0.49 -0.81 
15.35 0.39 -235.78 -0.07 -0.56 -1.21 
-0.83 0.11 -235.74 0.00 -0.65 -1.33 
-38.92 1.24 -218.89 -0.47 -0.24 -0.64 
0.79 2.40 -212.21 -0.75 -0.29 0.07 
171.86 3.23 -194.22 -0.85 -0.13 -0.05 
58.36 2.89 -164.93 -0.58 0.21 0.07 
-11.13 3.28 -178.35 -0.92 -0.01 0.21 
10.59 2.69 -202.13 -1.11 -0.43 0.35 
-13.16 2.90 -200.28 -0.97 -0.25 0.28 
17.70 2.97 -197.10 -1.06 -0.38 0.11 
37.65 3.41 -205.67 -0.50 -0.06 -0.05 
2.52 2.89 -206.09 -0.87 0.11 0.27 
15.83 3.26 -208.33 -0.73 -0.27 0.10 
-68.52 1.56 -217.75 -0.53 -0.44 -0.92 
62.20 1.33 -223.44 -0.39 -0.41 -0.67 
-1.05 0.47 -226.26 -0.16 -0.88 -1.57 
30.34 0.26 -211.72 -0.16 -0.62 -0.98 
-15.59 0.63 -195.32 -0.31 -0.35 -0.59 
123.77 3.33 -195.03 -0.84 -0.29 -0.06 
-88.56 1.96 -183.06 -0.87 -0.53 -0.64 
88.72 2.95 -167.41 -0.74 0.20 0.06 
-90.40 2.81 -172.44 -0.80 0.03 0.41 
-36.32 3.42 -187.85 -1.14 -0.18 0.10 
1.78 3.15 -187.61 -1.06 -0.20 0.21 
24.23 3.18 -175.88 -1.40 -0.24 0.27 
58.98 3.25 -159.45 -0.88 -0.16 0.14 
-121.54 1.32 -170.29 -0.07 -0.06 -0.12 
-38.53 2.95 -187.45 -1.02 -0.21 0.21 
57.54 3.38 -191.61 -0.60 -0.12 0.17 
-7.64 1.69 -198.33 -0.44 -0.47 -0.60 
-24.94 0.68 -199.71 -0.13 -0.53 -1.49 
21.69 0.09 -195.82 -0.07 -0.48 -1.47 
-69.95 1.50 -197.07 -0.47 -0.17 -0.52 
-78.48 1.97 -192.54 -0.80 -0.47 0.29 
246.51 1.65 -168.79 -0.80 0.51 0.56 
19.04 1.57 -165.81 -0.38 0.47 0.09 
-102.72 2.98 -192.97 -0.96 -0.17 0.32 
37.39 2.96 -215.02 -1.54 -0.19 0.45 
76.07 3.03 -216.89 -0.92 -0.15 0.23 
-8.35 3.00 -210.19 -1.26 -0.27 0.32 
18.11 2.89 -196.49 -0.23 -0.07 -0.08 
24.28 0.37 -224.52 -0.06 -0.62 -1.41 
-51.02 0.94 -213.96 -0.42 -0.33 -0.68 
-23.89 2.91 -190.75 -0.47 0.16 0.08 
23.78 2.94 -223.64 -1.15 -0.12 0.38 
-56.41 2.86 -214.66 -0.85 -0.20 0.17 
253.17 2.18 -207.10 -1.03 0.38 0.26 
-38.99 3.01 -222.64 -0.81 -0.17 0.20 
-16.28 2.83 -235.74 -0.97 -0.18 0.37 
23.25 3.28 -217.11 -0.63 0.13 0.09 
45.39 3.42 -211.14 -0.60 0.08 0.07 
51.33 2.46 -220.93 -0.55 -0.30 -0.42 
34.43 1.00 -231.00 -0.14 -0.64 -0.86 
-27.20 0.13 -230.56 -0.06 -0.87 -1.23 
-25.78 2.40 -220.03 -0.76 -0.31 0.07 
-7.89 2.06 -206.80 -0.42 0.27 -0.15 
2.61 3.50 -207.16 -0.42 0.04 -0.05 
-4.54 -0.22 -242.34 0.04 -0.64 -1.06 
-19.44 2.44 -227.86 -0.83 -0.25 0.31 
6.36 2.93 -226.77 -1.01 -0.16 0.34 
2.66 2.89 -233.86 -0.43 -0.19 0.05 
79.52 2.08 -245.19 -0.52 -0.25 -0.58 
10.86 0.24 -229.94 -0.17 -0.61 -0.91 
25.92 2.47 -212.48 -0.87 -0.22 0.41 
-72.21 1.34 -238.84 -0.30 -0.55 -0.05 
-22.07 2.88 -239.50 -0.86 0.33 0.17 
18.28 2.41 -264.40 -0.61 -0.48 -0.32 
-3.91 0.24 -285.18 0.06 -0.78 -1.15 
-23.47 0.56 -261.67 -0.25 -0.62 -0.82 
-7.62 2.77 -246.89 -0.82 -0.17 0.17 
222.81 2.63 -204.81 -0.66 0.29 -0.06 
16.75 3.67 -219.03 -0.85 0.00 0.10 
16.14 3.53 -252.45 -0.73 -0.10 -0.12 
29.02 0.76 -267.91 -0.15 -0.65 -0.94 
-40.89 0.08 -259.08 0.01 -0.89 -1.05 
-34.72 2.26 -242.21 -0.71 -0.26 -0.30 
-25.40 2.76 -259.88 -0.81 -0.40 -0.08 
-29.47 3.23 -264.54 -1.09 -0.13 0.25 
12.55 2.81 -265.30 -0.93 -0.36 0.17 
-48.12 2.92 -286.88 -1.19 0.08 0.44 
20.43 2.05 -260.37 -0.42 -0.34 -0.41 
13.33 -0.23 -275.34 0.31 -0.89 -1.16 
-52.88 0.19 -249.89 -0.12 -0.71 -0.83 
-58.89 2.58 -241.92 -0.78 -0.07 0.33 
57.80 3.65 -234.97 -0.77 0.04 -0.01 
-38.58 2.86 -287.03 -1.08 -0.10 0.47 
6.46 2.78 -285.60 -0.95 -0.36 0.26 
10.47 3.20 -272.30 -0.92 -0.05 0.21 
-3.43 0.05 -297.48 0.00 -0.82 -0.88 
-21.89 2.17 -268.68 -0.75 -0.34 -0.35 
-2.16 2.79 -276.23 -1.06 -0.50 0.03 
38.17 3.03 -278.89 -0.56 -0.08 0.17 
23.30 2.90 -290.05 -0.93 -0.25 0.31 
-4.34 2.34 -313.82 -0.78 -0.52 0.19 
-1.27 2.16 -314.29 -0.72 -0.58 0.19 
5.35 2.22 -316.36 -0.66 -0.50 0.20 
6.68 2.06 -316.02 -0.71 -0.64 0.18 
-59.28 2.47 -315.02 -1.08 -0.64 0.28 
-22.07 2.36 -301.72 -0.85 -0.59 0.14 
20.46 2.68 -292.89 -0.83 -0.42 0.06 
-1.33 2.94 -292.04 -0.90 -0.29 0.15 
-15.21 3.23 -297.03 -0.76 -0.11 0.14 
78.17 3.33 -294.82 -0.79 -0.23 0.02 
10.17 2.77 -292.52 -0.92 -0.31 -0.32 
53.37 2.44 -294.47 -1.04 -0.16 0.59 
9.66 2.80 -300.28 -0.57 -0.20 -0.36 
-4.32 1.14 -315.49 -0.29 -0.62 -0.67 
-17.15 0.49 -320.57 -0.01 -0.72 -1.13 
-11.77 0.05 -319.65 0.06 -0.59 -1.31 
-28.90 -0.03 -316.48 0.03 -0.63 -1.41 
-21.18 -0.05 -308.21 -0.08 -0.42 -0.80 
-23.11 2.30 -307.12 -0.61 -0.18 -0.28 
-12.29 2.77 -305.29 -0.88 -0.30 -0.10 
30.24 2.58 -299.60 -0.85 -0.38 0.03 
161.48 3.11 -292.67 -0.91 0.15 -0.04 
42.72 3.47 -286.34 -0.72 0.08 0.06 
17.95 3.32 -285.93 -0.75 0.12 -0.02 
7.76 2.89 -284.77 -0.76 0.04 0.27 
-3.56 3.29 -290.59 -1.04 -0.01 0.23 
-51.92 2.88 -305.54 -1.19 0.04 0.48 
-9.26 2.50 -315.31 -0.83 -0.50 0.19 
-20.46 2.38 -319.23 -0.77 -0.47 0.25 
-10.29 2.39 -319.19 -0.85 -0.55 0.23 
-3.74 2.61 -314.91 -0.97 -0.51 0.22 
6.01 2.87 -305.57 -0.91 -0.29 0.23 
-16.56 3.07 -303.27 -0.99 -0.23 0.22 
25.81 3.09 -303.23 -1.06 -0.30 0.18 
28.15 2.95 -300.57 -0.40 -0.17 0.02 
-16.43 3.60 -303.17 -0.82 0.05 0.03 
35.46 2.74 -304.34 -0.89 -0.27 0.42 
47.67 2.95 -304.50 -0.70 -0.34 -0.03 
57.00 2.08 -309.54 -0.46 -0.36 -0.53 
-37.00 1.62 -301.37 -0.57 -0.36 -0.54 
-44.34 2.44 -302.00 -0.69 -0.28 -0.11 
-23.65 2.54 -294.85 -0.85 -0.28 0.27 
70.18 2.94 -296.47 -0.87 0.18 -0.06 
-18.17 3.56 -288.72 -0.68 -0.02 0.05 
-2.35 2.82 -290.19 -0.92 0.07 0.32 
-44.56 2.97 -304.89 -0.85 -0.26 0.19 
-30.11 2.86 323.67 -0.98 -0.39 0.16 
-5.76 2.34 320.93 -1.00 -0.66 0.28 
-2.28 2.32 -325.68 -1.23 -0.91 0.25 
20.66 2.36 -309.69 -0.70 -0.49 0.08 
-34.00 2.94 -314.89 -0.90 -0.35 0.06 
-37.05 2.78 -313.72 -0.39 -0.16 -0.10 
-0.12 2.75 -316.23 -0.86 0.19 0.33 
46.02 3.09 -321.11 -0.74 -0.30 0.11 
35.68 2.60 -323.21 -0.64 -0.30 -0.43 
49.40 1.40 323.85 -0.36 -0.47 -0.73 
10.00 0.49 316.91 -0.02 -0.94 -1.43 
-5.53 0.03 323.82 -0.05 -0.95 -1.29 
-44.30 0.50 -324.00 -0.29 -0.53 -0.74 
-66.53 1.58 -321.57 -0.58 -0.38 -0.44 
-32.15 2.79 -320.68 -0.78 -0.23 -0.05 
-8.59 3.01 -317.25 -0.83 -0.19 0.14 
-1.08 2.92 -306.70 -0.60 0.17 0.10 
-57.16 3.23 -308.38 -0.69 0.03 0.15 
28.04 3.39 -303.64 -1.00 0.05 0.18 
23.60 2.04 -320.59 -0.97 0.70 0.43 
-24.00 2.60 319.56 -1.25 -0.28 0.60 
-47.69 2.66 307.10 -0.81 -0.37 0.25 
-26.18 2.56 305.62 -1.11 -0.53 0.44 
20.16 2.66 320.21 -1.05 -0.46 0.31 
-0.19 3.22 -325.97 -0.93 -0.26 0.09 
21.01 3.05 -324.89 -0.67 -0.19 0.08 
-83.81 3.25 -318.21 -0.43 0.07 -0.12 
20.18 1.94 -324.82 -0.75 -0.48 0.75 
56.45 3.47 324.54 -0.62 -0.17 -0.08 
66.78 1.67 313.97 -0.34 -0.51 -0.60 
32.40 0.59 307.01 -0.06 -0.88 -1.12 
-0.15 0.17 309.36 -0.03 -1.04 -1.54 
-5.60 0.16 322.00 -0.14 -0.63 -0.89 
-86.82 1.53 324.77 -0.57 -0.35 -0.53 
-44.05 2.41 -326.77 -0.75 -0.17 -0.34 
-1.89 3.03 -322.45 -0.86 -0.17 0.06 
220.51 1.65 -299.36 -0.57 -0.02 -0.39 
9.53 3.18 -293.63 -0.76 -0.01 0.17 
-3.10 3.21 -294.70 -0.86 -0.03 0.20 
11.14 3.12 -301.30 -1.05 0.07 0.25 
-7.98 2.51 -309.05 -0.83 -0.11 0.35 
17.46 1.64 -319.48 -0.56 -0.43 0.58 
8.29 2.58 -320.61 -0.89 -0.48 0.25 
2.60 2.70 -303.29 -1.02 -0.51 0.09 
-6.05 2.53 -288.83 -0.94 -0.48 0.26 
51.43 3.39 -287.33 -1.04 -0.04 0.14 
34.65 2.02 -285.49 -0.24 -0.22 -0.07 
-29.59 2.71 -288.44 -0.84 -0.10 0.47 
50.78 3.91 -294.29 -0.70 -0.12 -0.03 
86.17 1.77 -300.28 -0.44 -0.36 -0.60 
54.02 0.76 -310.91 -0.10 -0.77 -0.82 
18.85 0.26 -311.05 0.05 -0.91 -1.47 
-10.75 0.01 -304.00 -0.01 -0.84 -1.12 
-22.14 0.55 -296.33 -0.26 -0.65 -0.84 
-37.04 1.27 -288.91 -0.48 -0.29 -0.63 
-62.24 2.15 -290.64 -0.67 -0.31 -0.24 
-4.27 2.21 -288.83 -0.76 -0.43 0.23 
-103.06 3.44 -273.87 -0.84 0.14 -0.14 
-8.46 3.16 -267.21 -0.78 0.10 0.14 
-38.63 3.62 -269.80 -0.99 -0.09 0.02 
-16.19 3.05 -296.02 -1.00 -0.20 0.25 
-65.87 2.72 -319.67 -1.17 -0.49 0.29 
-45.65 2.16 322.70 -0.86 -0.73 0.10 
-40.34 2.33 322.37 -0.93 -0.66 0.18 
-54.59 2.96 -319.56 -1.73 -0.76 -0.06 
-5.21 2.57 -316.04 -0.83 -0.45 0.26 
-16.01 3.07 311.81 -0.76 -0.16 0.12 
43.32 2.69 311.17 -0.77 -0.29 0.39 
18.23 3.00 304.66 -0.63 -0.23 -0.23 
37.23 1.81 300.20 -0.54 -0.46 -0.62 
31.36 0.97 295.40 -0.25 -0.57 -0.95 
33.61 0.49 292.04 -0.07 -0.75 -1.12 
7.87 -0.05 295.10 0.03 -0.82 -1.35 
-22.53 0.11 300.13 -0.12 -0.59 -0.99 
-77.40 0.64 302.31 -0.32 -0.49 -0.75 
-12.77 2.01 308.67 -0.61 -0.28 -0.31 
-103.72 2.77 309.67 -0.83 -0.25 0.01 
166.64 2.16 -317.72 -0.69 -0.16 -0.38 
89.36 2.71 -308.84 -0.69 0.28 0.10 
-6.94 2.85 -313.21 -0.59 0.06 0.22 
-50.18 2.88 326.03 -1.16 -0.35 0.26 
4.20 3.00 320.93 -1.12 -0.13 0.36 
-52.85 2.85 307.35 -1.03 -0.36 0.28 
8.52 3.09 317.02 -1.25 -0.28 0.29 
-96.92 2.35 318.62 -0.66 -0.33 0.30 
-42.31 3.82 316.44 -0.97 -0.02 -0.01 
3.46 0.12 314.60 0.00 -0.19 -0.11 
-48.85 2.24 300.11 -0.92 0.02 0.77 
150.19 3.67 296.30 -0.63 -0.14 0.03 
76.18 1.77 290.03 -0.38 -0.50 -0.53 
68.77 0.85 288.28 -0.20 -0.75 -0.94 
7.50 0.31 287.44 0.09 -0.86 -1.21 
26.22 -0.23 292.13 0.16 -0.89 -1.33 
-54.56 0.16 297.29 -0.11 -0.72 -0.96 
-23.60 0.49 305.31 -0.25 -0.37 -0.84 
-51.69 1.70 312.94 -0.60 -0.32 -0.34 
-70.63 2.44 314.17 -0.86 -0.05 0.42 
253.17 2.06 -323.60 -0.41 -0.30 0.02 
34.30 2.63 -320.04 -0.64 0.30 0.17 
-55.17 3.19 322.88 -0.72 -0.20 0.11 
-41.24 3.31 318.54 -1.16 -0.10 0.20 
52.29 2.66 312.21 -0.95 -0.42 0.30 
-75.56 2.57 308.67 -1.00 -0.55 -0.03 
-17.58 2.61 303.74 -0.94 -0.47 0.22 
-19.23 2.65 315.01 -1.13 -0.59 0.13 
-0.33 3.09 327.28 -1.15 -0.34 0.11 
-55.89 2.98 -327.52 -0.82 -0.28 0.08 
-41.09 3.80 319.99 -0.77 0.01 -0.01 
-88.69 3.82 316.14 -0.67 0.00 0.01 
11.15 2.30 312.51 -0.91 -0.50 0.41 
89.15 3.49 310.38 -0.78 0.06 0.14 
29.23 2.71 302.81 -0.56 -0.34 -0.37 
47.29 1.20 294.65 -0.29 -0.60 -0.78 
14.01 0.55 288.18 -0.05 -0.80 -1.09 
-4.37 0.04 288.79 0.08 -0.81 -1.39 
-30.59 -0.01 293.19 -0.03 -0.71 -1.11 
-56.59 0.37 297.81 -0.24 -0.55 -0.94 
-46.98 1.56 303.52 -0.60 -0.39 -0.50 
-63.05 2.66 309.51 -0.71 -0.25 -0.01 
-131.73 2.07 308.61 -0.82 0.02 0.97 
-143.55 3.62 318.43 -0.82 -0.03 0.08 
-36.61 2.44 321.18 -0.54 0.28 0.19 
-51.44 3.34 300.59 -0.70 -0.02 0.12 
30.96 2.77 298.14 -1.02 -0.34 0.36 
-30.41 2.92 281.37 -1.09 -0.35 0.26 
38.95 2.43 284.82 -1.13 -0.72 0.16 
11.49 2.11 295.32 -1.37 -1.00 0.03 
45.05 2.78 316.58 -0.99 -0.24 0.37 
14.62 3.41 307.12 -0.60 0.01 -0.12 
62.27 2.88 311.60 -0.68 0.31 0.01 
18.31 2.99 311.26 -0.93 -0.32 0.29 
38.38 3.44 305.97 -0.70 -0.15 -0.14 
134.21 1.84 296.76 -0.43 -0.42 -0.42 
-25.74 0.66 286.64 -0.06 -0.84 -0.95 
-24.40 0.31 278.03 -0.04 -1.00 -1.09 
51.46 -0.09 289.95 0.06 -1.13 -1.29 
-142.11 1.07 304.55 -0.42 -0.61 -0.53 
-96.48 1.88 310.97 -0.64 -0.15 -0.50 
-94.69 2.85 310.70 -0.58 -0.11 -0.13 
39.93 2.77 314.52 -0.85 -0.12 0.26 
10.26 3.27 322.72 -0.75 0.09 0.14 
18.43 2.81 319.92 -0.56 0.23 0.04 
-35.04 2.96 314.03 -0.76 -0.28 0.11 
16.30 3.30 307.22 -1.01 0.02 0.22 
-22.61 3.03 287.39 -1.23 -0.33 0.15 
18.14 2.17 291.09 -0.78 -0.64 0.07 
-12.46 2.44 290.06 -0.84 -0.54 0.06 
-22.92 2.68 293.19 -1.09 -0.56 0.12 
33.59 2.89 309.06 -1.06 -0.40 0.10 
33.73 2.73 306.80 -0.54 -0.15 0.17 
-157.69 2.39 304.44 -0.85 -0.51 0.35 
81.10 3.37 311.16 -0.81 0.12 0.02 
5.04 2.85 309.64 -0.99 -0.26 0.38 
71.94 3.22 303.26 -0.75 -0.17 0.19 
75.45 2.06 297.09 -0.43 -0.37 -0.43 
9.62 1.14 289.96 -0.28 -0.52 -0.96 
-4.59 0.47 283.75 -0.05 -0.65 -1.37 
-1.39 0.17 284.51 -0.01 -0.68 -1.27 
-14.05 0.20 289.16 -0.09 -0.60 -1.12 
-4.76 0.47 293.15 -0.25 -0.43 -1.01 
-32.23 0.86 296.42 -0.43 -0.30 -0.74 
-78.88 2.19 295.75 -0.78 -0.43 -0.20 
16.69 3.28 303.53 -0.80 0.03 0.09 
73.00 2.38 308.75 -0.84 0.24 0.47 
-17.30 2.91 307.06 -0.64 0.21 0.04 
-15.67 2.90 298.55 -0.74 0.26 0.21 
-60.25 3.18 280.32 -0.83 -0.17 0.13 
55.47 1.88 276.50 -0.84 -0.86 0.15 
-32.15 2.45 269.32 -0.92 -0.54 0.22 
-12.12 2.03 268.79 -0.71 -0.67 0.14 
-21.23 2.49 272.87 -0.98 -0.59 0.17 
16.83 2.51 288.94 -0.96 -0.57 0.11 
-21.50 2.98 291.40 -1.10 -0.32 0.10 
85.27 3.13 305.79 -0.46 -0.12 -0.07 
-44.43 3.66 292.94 -0.68 0.05 0.05 
63.48 3.03 306.73 -0.92 -0.27 0.09 
57.29 3.07 301.50 -0.78 -0.10 0.29 
10.44 3.43 290.34 -0.59 -0.09 -0.16 
90.69 1.34 290.03 -0.37 -0.35 -0.91 
40.52 0.70 284.95 -0.14 -0.60 -1.06 
-2.21 0.27 285.91 0.04 -0.77 -1.35 
-14.17 0.00 289.53 -0.01 -0.70 -1.27 
-19.15 0.17 296.72 -0.15 -0.48 -0.96 
-20.35 1.03 304.09 -0.42 -0.39 -0.63 
-77.09 2.28 303.52 -0.77 -0.14 -0.40 
-27.80 2.31 316.69 -0.56 -0.07 0.31 
85.57 2.51 321.08 -0.83 0.45 0.12 
-17.11 3.00 324.36 -0.59 0.20 0.01 
-24.31 2.98 318.06 -0.65 0.21 0.00 
-29.33 3.30 299.41 -1.02 0.08 0.18 
-99.17 2.59 269.18 -1.06 -0.30 0.59 
40.20 2.24 276.16 -0.79 -0.58 0.23 
-2.01 2.42 273.85 -0.84 -0.51 0.30 
25.45 3.20 287.13 -1.55 -0.25 0.39 
49.79 2.68 302.51 -0.62 -0.26 0.17 
-72.37 2.49 300.74 -0.47 -0.11 0.31 
-187.24 2.55 295.90 -0.31 -0.16 -0.20 
150.60 2.22 285.43 -0.99 0.24 0.75 
102.49 3.28 279.45 -0.58 -0.24 -0.06 
33.94 1.17 264.53 -0.26 -0.48 -0.63 
82.08 0.53 250.31 -0.06 -0.89 -0.97 
-3.98 0.20 248.76 0.02 -0.98 -1.19 
-26.30 0.02 255.61 0.01 -0.92 -1.05 
-81.45 0.35 259.72 -0.22 -0.61 -1.02 
-58.42 0.86 265.18 -0.32 -0.36 -0.67 
-156.75 0.95 253.95 -0.33 -0.38 -0.61 
-40.30 2.90 255.46 -0.59 0.09 0.08 
-53.18 2.48 261.54 -0.92 0.24 -0.57 
11.24 2.42 270.48 -0.84 -0.25 0.43 
48.34 3.52 238.45 -1.05 0.06 0.06 
5.78 3.48 237.70 -1.10 0.13 0.06 
-70.86 2.39 192.24 -0.91 -0.57 0.33 
-46.70 2.82 201.24 -1.18 -0.38 0.36 
-46.70 2.82 201.24 -1.18 -0.38 0.36 
-15.47 2.67 217.89 -0.98 -0.46 0.13 
27.17 -3.06 -247.03 1.05 0.07 -0.10 
23.35 -2.76 -209.63 1.10 -0.02 -0.29 
27.17 -2.56 -192.11 1.09 0.12 -0.37 
24.68 -2.60 -190.10 0.90 0.13 -0.31 
-2.95 -2.78 -202.11 1.07 0.10 -0.31 
-25.05 -2.79 -208.40 1.08 0.03 -0.31 
-105.97 -2.33 -175.34 1.29 -0.46 -0.35 
33.16 -1.76 -125.64 1.44 -1.13 -0.49 
117.49 -1.78 -76.19 0.37 -0.28 0.07 
13.04 2.17 -70.85 -0.63 -0.54 -0.07 
-27.98 2.66 -70.67 -1.01 -0.56 0.16 
79.81 2.82 -47.16 -1.21 -0.50 0.09 
-0.82 2.22 -41.17 -0.45 -0.35 0.07 
-13.63 3.74 -37.41 -0.75 0.00 0.01 
-18.76 3.42 -47.29 -1.13 0.03 0.20 
184.57 3.09 -34.61 -0.81 -0.21 0.01 
-25.99 2.79 -47.34 -0.70 -0.19 0.10 
10.59 2.79 -32.39 -0.72 0.01 0.31 
-43.40 3.52 -42.97 -0.84 -0.02 0.10 
-35.59 2.19 -68.83 -0.75 -0.55 0.24 
-47.19 2.03 -87.17 -0.98 -0.93 0.21 
-12.47 1.75 -83.02 -0.73 -0.92 0.10 
16.29 2.03 -72.22 -0.87 -0.82 0.08 
24.01 2.54 -57.84 -1.15 -0.72 0.08 
47.39 1.82 -50.30 -0.26 -0.31 0.00 
59.59 3.39 -47.84 -0.79 -0.10 0.05 
56.58 2.84 -53.41 -0.87 -0.39 0.24 
35.36 2.76 -61.12 -0.60 -0.40 -0.08 
-41.98 1.32 -74.34 -0.27 -0.66 -0.56 
-12.14 0.65 -84.32 -0.12 -0.70 -0.77 
-4.59 0.22 -86.83 0.11 -0.92 -1.38 
6.07 -0.37 -79.09 0.16 -0.75 -1.22 
-36.45 0.17 -73.82 -0.16 -0.56 -0.83 
-19.27 1.15 -70.53 -0.46 -0.45 -0.54 
-38.46 2.18 -70.30 -0.63 -0.42 -0.06 
9.85 2.70 -64.27 -0.84 -0.35 0.09 
22.34 2.58 -58.73 -0.67 -0.13 0.25 
-26.92 3.11 -55.27 -0.83 0.02 0.21 
-2.54 3.11 -71.64 -0.72 -0.26 0.04 
-17.34 1.98 -90.01 -1.06 -0.98 0.25 
10.11 2.16 -87.96 -0.91 -0.75 0.16 
17.88 2.17 -75.99 -1.05 -0.83 0.19 
11.77 2.57 -61.53 -0.99 -0.53 0.15 
-2.73 3.15 -63.03 -0.69 -0.14 0.14 
5.62 3.39 -63.27 -0.66 -0.06 0.06 
-4.91 2.27 -75.94 -0.62 -0.11 0.55 
32.00 2.91 -83.58 -0.54 -0.29 -0.22 
78.22 1.12 -94.16 -0.23 -0.39 -0.63 
-4.65 0.47 -105.57 0.02 -0.90 -1.22 
-13.98 0.15 -101.50 0.03 -0.95 -1.37 
-32.83 0.00 -92.28 -0.01 -0.65 -1.26 
25.58 0.24 -83.70 -0.17 -0.37 -0.89 
-104.23 1.44 -83.36 -0.44 -0.19 -0.47 
-44.42 1.85 -84.46 -0.72 -0.57 -0.05 
104.85 0.22 -85.55 0.17 -0.76 2.11 
-59.95 3.09 -80.36 -0.70 -0.13 0.13 
-56.75 2.22 -138.84 -1.16 -1.01 0.01 
12.14 2.04 -137.21 -0.80 -0.75 0.02 
4.72 2.09 -127.71 -1.00 -0.88 0.10 
-4.63 2.45 -122.25 -0.90 -0.57 0.07 
62.54 2.62 -111.25 -0.71 -0.40 0.11 
56.62 1.96 -119.38 -0.19 -0.19 -0.05 
-61.32 1.72 -123.34 -0.74 -0.67 0.71 
100.29 3.01 -123.69 -0.50 -0.27 0.06 
11.60 1.69 -128.09 -0.43 -0.54 -0.62 
-64.10 0.56 -138.67 -0.05 -0.61 -0.88 
-14.79 0.12 -138.38 0.09 -0.75 -1.82 
-2.59 -0.20 -135.13 0.05 -0.51 -1.28 
51.27 0.32 -127.82 -0.17 -0.32 -0.91 
-43.97 1.26 -130.44 -0.47 -0.30 -0.55 
-42.49 2.22 -129.61 -0.71 -0.27 0.26 
-191.04 2.59 -136.00 -1.40 -0.96 0.11 
-71.40 2.67 -136.70 -0.72 -0.36 -0.03 
-74.11 3.41 -126.86 -0.69 -0.08 0.01 
-27.05 3.12 -138.11 -0.62 -0.21 -0.02 
-5.58 2.55 -164.85 -1.03 -0.60 0.14 
10.11 2.16 -171.37 -0.95 -0.73 0.17 
16.27 2.16 -170.20 -0.83 -0.71 0.16 
2.04 2.07 -163.94 -0.87 -0.81 0.09 
23.77 2.44 -152.40 -1.05 -0.61 0.30 
-7.78 2.41 -154.85 -0.54 -0.29 0.20 
-106.92 3.70 -155.21 -0.38 0.01 0.01 
106.30 2.68 -172.87 -1.14 -0.48 0.22 
50.18 2.87 -178.21 -0.69 -0.27 0.25 
-17.69 2.05 -185.75 -0.36 -0.43 -0.44 
-176.17 0.63 -192.26 0.00 -0.64 -1.16 
-20.15 0.18 -195.00 0.16 -0.64 -1.39 
2.94 -0.17 -192.75 0.20 -0.57 -1.37 
5.58 -0.30 -186.07 0.12 -0.57 -1.30 
29.92 0.33 -177.34 -0.16 -0.39 -0.77 
-42.37 2.20 -173.77 -0.60 -0.14 -0.30 
-120.53 1.96 -175.59 -0.74 -0.59 0.08 
253.17 2.31 -167.86 -0.57 -0.35 -0.04 
43.89 2.97 -160.05 -0.79 -0.26 0.04 
-55.66 3.41 -164.34 -0.78 -0.01 0.10 
-36.18 2.31 -177.21 -0.88 -0.60 0.24 
-31.69 2.28 -196.48 -0.96 -0.77 0.18 
14.19 2.12 -193.41 -0.84 -0.74 0.04 
16.20 2.27 -183.25 -1.08 -0.81 0.10 
9.17 2.35 -176.16 -0.98 -0.67 0.06 
33.17 3.68 -174.97 -0.64 -0.01 0.06 
32.59 2.48 -170.00 -0.60 -0.41 0.01 
33.85 3.04 -180.03 -1.02 -0.25 0.16 
90.30 3.30 -182.47 -0.74 0.00 0.30 
29.94 2.39 -192.02 -0.45 -0.28 -0.37 
-19.13 1.02 -203.14 -0.20 -0.59 -0.86 
-15.59 0.47 -213.62 -0.02 -0.91 -1.26 
10.98 -0.07 -205.41 0.01 -0.91 -1.14 
-18.47 0.29 -195.48 -0.17 -0.68 -0.87 
-38.35 1.04 -190.61 -0.43 -0.32 -0.67 
-31.62 1.78 -187.99 -0.57 -0.30 -0.35 
-11.46 2.16 -187.69 -0.81 -0.47 0.21 
184.65 0.68 -179.38 -0.14 0.60 0.85 
19.35 3.56 -179.81 -0.72 0.02 0.05 
-43.59 3.24 -181.34 -1.08 -0.25 0.22 
-52.64 2.10 -211.53 -0.87 -0.71 0.03 
-13.94 2.06 -213.38 -1.17 -1.07 0.11 
5.70 2.12 -201.91 -0.93 -0.77 0.07 
-28.69 2.13 -197.77 -0.84 -0.72 0.01 
-3.59 2.83 -190.91 -0.50 -0.22 0.03 
-71.17 1.01 -200.40 -0.21 -0.53 -0.11 
-9.53 2.41 -207.77 -0.96 -0.33 0.47 
26.55 3.18 -203.15 -0.71 -0.28 -0.01 
23.88 2.35 -212.59 -0.44 -0.22 -0.39 
-9.84 0.83 -220.66 -0.29 -0.56 -1.00 
-101.69 0.34 -227.93 0.13 -0.62 -1.66 
54.54 -0.01 -217.84 -0.01 -0.39 -1.47 
9.56 0.27 -214.23 -0.22 -0.41 -0.91 
-23.00 1.58 -213.11 -0.53 -0.34 -0.49 
-16.47 2.20 -215.57 -0.73 -0.38 -0.25 
-5.87 2.16 -214.40 -0.68 -0.43 0.01 
253.17 2.59 -201.52 -0.58 0.00 0.19 
-29.56 3.21 -205.16 -0.65 0.00 0.16 
-46.39 3.01 -214.83 -1.21 -0.31 0.29 
-60.05 2.58 -229.67 -1.14 -0.57 0.24 
-11.85 2.64 -233.09 -0.90 -0.47 0.11 
31.66 2.56 -219.32 -1.25 -0.60 0.33 
56.91 2.05 -199.41 -0.91 -0.93 0.23 
86.46 0.21 -187.08 0.00 0.27 -0.29 
-9.78 2.67 -197.52 -0.78 0.06 0.39 
71.61 3.32 -206.00 -0.78 -0.10 0.23 
90.78 2.19 -210.80 -0.51 -0.32 -0.53 
18.74 0.77 -220.91 -0.19 -0.53 -1.07 
0.89 0.40 -226.82 -0.10 -0.95 -1.45 
-44.63 0.17 -219.40 -0.09 -0.69 -1.24 
-68.92 0.82 -212.65 -0.34 -0.28 -0.70 
-45.71 2.35 -214.07 -0.67 -0.24 -0.24 
-51.22 3.20 -218.35 -1.25 -0.13 0.32 
-6.53 2.48 -229.67 -1.00 -0.63 0.11 
-1.77 2.33 -227.68 -0.92 -0.66 0.13 
3.16 2.56 -208.64 -1.23 -0.69 0.18 
12.11 2.98 -200.95 -0.88 -0.33 0.10 
-43.22 2.00 -212.82 -0.24 -0.16 -0.20 
58.18 3.11 -208.36 -0.87 0.12 0.15 
-41.15 2.57 -217.95 -0.63 -0.42 0.34 
22.59 2.22 -224.52 -0.43 -0.28 -0.42 
17.91 0.77 -234.90 -0.16 -0.53 -0.89 
-1.05 0.34 -240.58 0.03 -0.74 -1.34 
-10.33 0.12 -238.39 0.03 -0.95 -1.29 
-21.27 0.00 -229.55 -0.01 -0.63 -1.01 
-36.59 0.58 -227.24 -0.31 -0.55 -0.75 
-43.50 1.66 -220.13 -0.52 -0.18 -0.50 
-46.63 2.26 -227.03 -0.77 -0.42 -0.01 
31.10 2.39 -218.40 -1.08 -0.20 -0.49 
106.56 3.25 -210.02 -0.67 -0.04 0.07 
11.79 2.75 -213.13 -0.56 0.22 0.04 
5.27 2.50 -225.84 -0.96 -0.47 0.36 
-41.19 2.58 -248.23 -1.27 -0.71 0.13 
-30.82 2.30 -251.43 -0.90 -0.66 0.00 
11.84 2.37 -243.65 -0.96 -0.64 0.04 
53.26 2.62 -229.32 -1.12 -0.49 0.31 
20.52 3.23 -221.65 -0.96 -0.19 0.14 
-45.96 2.22 -228.37 -0.25 -0.19 -0.10 
43.14 2.90 -228.00 -0.77 0.20 0.19 
70.16 1.17 -233.70 -0.46 -0.30 1.03 
-36.71 2.77 -244.90 -0.57 -0.39 0.04 
31.00 2.00 -270.51 -0.30 -0.29 -0.44 
54.03 0.66 -274.14 -0.17 -0.72 -0.96 
-107.50 0.43 -276.57 -0.06 -0.89 -1.47 
-117.96 0.29 -273.33 -0.14 -0.39 -1.12 
6.62 0.35 -269.41 -0.24 -0.16 -1.12 
-247.09 0.83 -278.81 -0.39 -0.46 -0.63 
-72.73 2.23 -286.87 -0.69 -0.28 -0.22 
-35.36 2.83 -279.23 -1.03 -0.15 -0.48 
100.89 3.20 -272.33 -0.67 -0.07 -0.06 
-11.78 3.51 -271.78 -0.67 0.05 0.06 
-24.49 2.79 -284.46 -1.06 -0.37 0.27 
-10.82 3.14 -297.45 -1.15 -0.34 0.12 
-0.57 2.64 -290.41 -1.07 -0.56 0.13 
-29.32 2.83 -285.28 -1.38 -0.51 0.27 
8.07 0.79 -284.15 -0.12 -0.38 0.02 
3.40 3.41 -283.35 -0.65 -0.09 -0.07 
99.51 2.93 -282.84 -1.07 -0.09 0.34 
-36.04 3.29 -289.67 -0.62 -0.26 -0.02 
88.87 1.40 -290.09 -0.32 -0.12 -0.79 
-10.34 0.70 -300.12 -0.19 -0.83 -1.11 
32.75 0.22 -300.55 -0.05 -0.64 -1.28 
-15.56 0.42 -296.87 -0.19 -0.72 -1.14 
1.86 0.41 -290.93 -0.28 -0.52 -0.96 
-45.50 0.99 -285.84 -0.44 -0.44 -0.66 
-12.47 2.06 -279.08 -0.55 -0.11 -0.33 
-31.07 2.45 -273.65 -0.86 -0.24 0.43 
202.42 2.70 -259.53 -0.72 -0.29 0.06 
77.57 3.14 -243.61 -0.54 0.16 -0.01 
2.75 2.77 -251.00 -0.80 0.29 0.05 
-2.63 2.39 -249.99 -0.59 -0.26 0.32 
-50.69 2.63 -277.57 -1.39 -0.78 0.30 
46.91 2.17 -272.32 -0.93 -0.75 0.08 
-3.13 2.26 -270.50 -0.96 -0.76 0.14 
37.27 2.35 -260.05 -1.08 -0.73 0.14 
130.23 2.31 -236.82 -0.69 -0.47 -0.15 
-17.34 2.21 -246.23 -0.29 0.05 -0.20 
-1.37 3.19 -253.38 -0.88 0.15 0.21 
35.00 2.40 -252.81 -0.75 -0.50 0.37 
-6.31 2.62 -248.27 -0.75 -0.27 -0.45 
8.27 2.21 -250.86 -0.53 -0.24 -0.47 
21.80 0.90 -260.89 -0.19 -0.53 -0.96 
-23.63 0.38 -264.11 -0.09 -0.70 -1.46 
-4.52 0.24 -263.05 -0.12 -0.63 -1.27 
-10.67 0.20 -257.57 -0.16 -0.57 -1.13 
0.18 1.04 -249.02 -0.38 -0.25 -0.61 
-30.25 2.14 -245.46 -0.62 -0.31 -0.17 
12.75 2.82 -233.62 -0.97 -0.23 0.31 
-10.36 2.88 -228.99 -0.76 -0.16 0.23 
75.88 3.25 -218.90 -0.44 0.06 0.04 
6.56 2.85 -229.06 -0.81 0.26 0.20 
13.88 3.01 -241.41 -1.23 -0.39 0.24 
11.92 2.54 -252.61 -1.16 -0.61 0.23 
-1.57 2.57 -247.85 -0.96 -0.55 0.18 
5.54 2.63 -236.85 -1.25 -0.59 0.21 
12.22 2.91 -231.95 -0.61 -0.17 0.20 
-23.06 3.34 -234.29 -0.73 0.04 0.15 
14.14 3.26 -239.14 -1.04 -0.10 0.20 
-0.97 2.68 -242.53 -0.87 -0.50 0.28 
23.69 2.93 -245.27 -0.59 -0.32 -0.09 
14.37 1.36 -258.11 -0.31 -0.43 -0.54 
-224.27 0.24 -256.48 -0.23 -0.63 -1.25 
30.48 1.81 -250.39 -0.50 -0.39 -0.07 
-12.19 1.07 -247.43 -1.32 -0.32 1.76 
82.87 2.48 -237.87 -0.63 -0.36 0.02 
-34.92 2.08 -226.97 -0.61 0.59 0.08 
-93.62 3.66 -239.59 -0.57 -0.03 0.03 
-15.19 3.53 -258.86 -1.35 -0.06 0.18 
28.81 2.42 -270.38 -0.86 -0.57 0.08 
7.57 2.55 -266.35 -0.98 -0.56 0.10 
17.96 2.87 -253.82 -1.22 -0.45 0.17 
40.36 2.83 -244.59 -0.82 -0.40 0.05 
-70.62 1.43 -257.14 -0.24 0.12 -0.31 
-19.97 3.46 -257.46 -1.01 -0.09 0.11 
44.80 2.99 -263.80 -1.02 -0.26 0.15 
-36.01 3.01 -263.94 -0.70 -0.25 0.32 
18.90 2.68 -265.18 -0.50 -0.21 -0.33 
27.73 0.89 -272.11 -0.09 -0.33 -0.90 
28.89 0.44 -275.25 -0.06 -0.49 -1.42 
-10.18 0.18 -275.90 0.00 -0.62 -1.31 
-17.69 0.01 -274.61 0.02 -0.69 -1.32 
-21.78 0.07 -269.99 -0.15 -0.42 -0.93 
-39.85 1.28 -267.28 -0.44 -0.32 -0.51 
-44.35 3.12 -266.92 -1.00 -0.09 0.09 
92.63 2.67 -260.16 -0.78 -0.33 -0.10 
85.45 3.10 -251.85 -0.88 -0.20 -0.09 
102.04 2.29 -246.94 -0.28 0.12 0.19 
1.22 3.64 -252.64 -0.94 0.03 0.00 
-39.88 2.47 -279.77 -1.20 -0.65 0.33 
-11.77 2.40 -282.04 -0.92 -0.61 0.14 
4.88 2.35 -278.12 -1.01 -0.71 0.13 
33.54 2.53 -268.85 -0.89 -0.51 0.21 
1.17 2.70 -256.59 -1.13 -0.60 -0.03 
-52.95 3.11 -258.75 -0.63 -0.16 -0.09 
-26.51 3.66 -253.69 -0.57 0.00 0.04 
44.08 1.70 -264.77 -0.99 -0.87 0.41 
-21.34 3.80 -263.16 -0.73 -0.13 0.08 
-26.59 2.06 -268.76 -0.32 -0.32 -0.35 
15.78 0.63 -271.93 -0.08 -0.44 -1.18 
19.19 0.21 -279.05 0.02 -0.52 -1.26 
9.38 0.23 -279.36 0.03 -0.51 -1.26 
-2.57 2.85 -288.74 -0.91 -0.38 0.07 
-4.59 2.54 -289.87 -0.81 -0.48 0.04 
1.31 2.45 -290.65 -0.81 -0.53 0.02 
26.80 2.69 -277.36 -1.29 -0.59 0.16 
-37.72 2.87 -273.60 -1.12 -0.46 0.03 
-30.85 1.73 -275.37 -0.10 0.02 -0.15 
-37.40 3.38 -282.62 -0.85 -0.13 -0.03 
53.95 2.61 -284.32 -0.73 -0.40 0.32 
31.90 3.12 -288.36 -0.62 -0.15 -0.20 
32.44 1.12 -290.71 -0.24 -0.38 -0.94 
35.75 0.60 -294.15 -0.13 -0.49 -1.15 
8.62 0.35 -293.18 -0.04 -0.47 -1.34 
-5.14 0.05 -293.47 0.00 -0.37 -1.27 
3.23 0.08 -292.42 -0.11 -0.55 -1.18 
17.96 0.59 -288.91 -0.29 -0.36 -0.80 
-36.50 1.86 -286.58 -0.60 -0.38 -0.07 
-39.18 2.35 -276.09 -0.89 -0.31 0.45 
115.30 2.89 -261.44 -0.78 -0.20 0.21 
-0.90 3.15 -254.87 -0.83 0.03 0.16 
-13.34 2.58 -253.63 -0.57 0.30 0.03 
-73.33 2.69 -254.55 -0.64 -0.02 0.32 
-55.92 2.99 -284.98 -1.20 -0.44 0.14 
-5.40 2.65 -294.12 -1.08 -0.56 0.06 
-11.40 2.37 -294.99 -0.92 -0.64 0.09 
9.85 2.41 -278.21 -1.29 -0.77 0.00 
-65.24 2.02 -281.45 -0.47 -0.46 -0.06 
63.73 2.63 -277.67 -0.47 0.18 -0.24 
39.46 2.99 -276.90 -0.54 -0.14 -0.12 
-39.67 2.79 -290.12 -0.97 -0.40 0.06 
27.01 2.55 -291.38 -0.70 -0.47 0.15 
-12.92 2.60 -288.30 -0.73 -0.27 -0.55 
55.94 1.92 -287.99 -0.47 -0.20 -0.66 
1.87 0.87 -297.62 -0.25 -0.43 -1.11 
67.67 0.39 -299.00 -0.02 -0.55 -1.30 
-7.20 0.21 -298.72 0.00 -0.64 -1.41 
-7.61 0.05 -294.94 -0.02 -0.49 -1.27 
-22.17 0.40 -297.40 -0.22 -0.26 -0.91 
10.33 1.34 -296.55 -0.44 -0.17 -0.56 
-75.90 1.90 -297.71 -0.91 -0.81 -0.31 
-10.82 3.05 -277.77 -0.94 -0.30 -0.06 
13.32 3.18 -261.89 -0.63 -0.08 0.15 
16.78 3.43 -252.91 -0.94 0.08 0.07 
-37.71 3.49 -263.46 -0.68 -0.05 0.07 
-19.90 3.54 -278.66 -1.23 -0.08 0.12 
-47.93 2.61 -295.30 -0.95 -0.52 0.11 
12.72 2.65 -291.87 -0.99 -0.54 0.04 
24.06 2.75 -281.14 -1.22 -0.54 0.13 
-0.08 2.94 -271.53 -1.12 -0.49 0.00 
-11.60 2.22 -271.93 -0.25 -0.24 0.05 
19.30 3.05 -270.48 -0.66 -0.21 -0.11 
14.06 3.27 -278.02 -0.93 -0.12 0.11 
51.72 3.62 -280.09 -0.75 -0.13 -0.04 
-15.12 2.71 -283.23 -0.67 -0.29 -0.44 
-12.89 1.24 -293.26 -0.32 -0.33 -0.81 
-8.09 0.78 -294.07 -0.14 -0.52 -1.08 
20.47 0.27 -295.04 0.02 -0.64 -1.54 
-7.49 0.02 -295.29 0.03 -0.58 -1.22 
30.77 0.00 -287.90 -0.05 -0.48 -1.15 
1.83 0.54 -286.79 -0.32 -0.52 -1.00 
-41.90 1.79 -284.04 -0.51 -0.25 -0.35 
19.65 2.15 -272.71 -0.73 -0.39 0.33 
253.17 2.28 -255.73 -0.80 0.31 -0.31 
17.74 2.76 -249.19 -0.61 -0.01 0.28 
-50.22 3.47 -246.44 -0.79 0.05 0.10 
-6.74 2.88 -251.99 -0.47 -0.04 0.19 
-7.27 0.86 -270.14 -0.25 -0.52 -1.11 
-3.90 0.52 -269.84 -0.18 -0.55 -1.23 
5.29 0.41 -267.23 -0.20 -0.51 -1.18 
-22.53 0.70 -263.41 -0.34 -0.47 -0.97 
-35.15 1.00 -260.59 -0.46 -0.36 -0.80 
-98.95 2.42 -263.49 -0.74 -0.08 -0.32 
54.20 2.60 -261.72 -0.89 -0.36 0.08 
31.72 1.91 -250.59 -0.55 -0.45 -0.19 
42.29 3.34 -235.30 -0.63 -0.10 0.02 
3.76 2.97 -232.81 -0.57 0.17 0.09 
11.43 3.13 -249.55 -1.08 -0.33 0.08 
-31.08 2.68 -276.53 -1.16 -0.61 0.21 
8.17 1.83 -268.40 -0.56 -0.63 0.01 
-20.87 2.34 -272.75 -0.78 -0.58 0.03 
-21.14 2.32 -271.24 -0.86 -0.61 0.02 
27.85 2.34 -255.89 -0.98 -0.66 0.16 
-1.09 2.88 -249.78 -1.34 -0.49 0.02 
-64.66 2.06 -252.68 -0.35 -0.34 0.04 
-31.98 1.04 -252.00 -0.24 -0.52 -0.33 
5.86 0.14 -256.10 -0.03 -0.56 -1.18 
25.08 0.14 -252.94 -0.10 -0.49 -1.08 
-12.63 0.80 -250.78 -0.36 -0.49 -0.80 
-22.51 1.38 -251.39 -0.58 -0.37 -0.65 
8.94 2.08 -242.38 -0.74 -0.37 -0.52 
6.55 2.01 -234.52 -0.73 -0.49 0.20 
-27.02 2.83 -232.32 -0.67 -0.15 0.24 
-26.46 3.25 -230.20 -0.68 -0.08 0.11 
29.28 3.07 -222.09 -0.58 -0.04 0.17 
45.30 3.54 -229.50 -1.24 -0.05 0.12 
-13.46 3.06 -250.74 -1.22 -0.35 0.17 
0.85 2.19 -249.54 -0.81 -0.63 0.09 
-12.27 2.54 -249.47 -0.83 -0.47 0.14 
6.03 2.78 -239.99 -1.22 -0.51 0.30 
-11.35 2.95 -236.86 -1.21 -0.44 0.09 
73.01 1.26 -245.58 -0.19 -0.31 -0.23 
-41.70 3.11 -237.78 -0.71 -0.22 -0.04 
-48.61 2.36 -246.89 -1.01 -0.72 0.43 
93.96 3.01 -244.47 -0.64 -0.32 -0.04 
-14.00 2.10 -245.60 -0.49 -0.35 -0.53 
13.61 1.00 -250.02 -0.26 -0.42 -0.91 
-43.48 0.61 -253.47 -0.18 -0.88 -1.61 
-34.70 0.33 -248.70 -0.16 -0.56 -1.09 
-37.85 0.63 -244.00 -0.32 -0.54 -1.02 
-62.61 1.17 -238.53 -0.44 -0.20 -0.65 
-2.92 2.21 -244.57 -0.76 -0.33 -0.26 
-127.13 3.85 -250.02 -0.95 0.02 -0.04 
14.88 3.19 -250.17 -0.86 0.13 0.14 
-36.97 3.37 -243.00 -0.48 -0.07 0.02 
-31.34 3.49 -256.74 -0.54 0.09 -0.02 
10.52 3.28 -269.99 -1.14 -0.16 0.17 
-25.43 2.23 -281.98 -0.97 -0.70 0.32 
-7.15 2.29 -288.61 -0.78 -0.59 0.07 
1.07 2.07 -291.02 -0.76 -0.69 0.06 
-15.76 2.36 -286.08 -0.90 -0.64 0.12 
5.88 2.50 -267.43 -1.30 -0.80 0.12 
46.89 2.65 -258.48 -0.91 -0.49 0.13 
-93.99 2.04 -254.43 -0.26 -0.26 0.06 
-21.17 3.69 -258.10 -0.90 -0.02 0.00 
30.89 3.12 -257.28 -0.97 -0.28 -0.08 
90.24 2.68 -253.27 -0.92 -0.38 0.31 
44.76 3.46 -256.32 -0.61 0.03 0.18 
109.08 2.33 -276.27 -0.42 -0.19 -0.36 
84.55 0.60 -277.22 -0.08 -0.55 -1.15 
-30.51 0.39 -278.54 -0.07 -0.52 -1.54 
-20.69 0.05 -278.12 -0.02 -0.51 -1.38 
0.23 0.28 -271.12 -0.14 -0.24 -1.07 
46.10 0.68 -265.87 -0.35 -0.32 -0.70 
-30.88 2.15 -261.92 -0.88 -0.46 0.22 
253.17 3.25 -250.59 -0.77 -0.01 0.02 
114.48 3.30 -233.14 -0.76 0.15 0.03 
26.78 2.13 -226.07 -0.52 0.38 0.23 
-84.92 3.19 -250.80 -0.72 0.21 0.07 
33.61 2.51 -252.00 -1.39 -0.77 0.30 
3.60 2.72 -232.41 -0.99 -0.40 0.21 
-92.08 2.81 -242.29 -0.53 -0.26 -0.06 
5.40 2.61 -246.57 -0.90 0.50 0.04 
62.31 2.27 -245.57 -0.82 -0.36 0.53 
36.69 3.63 -246.22 -0.67 -0.16 0.03 
34.69 2.02 -252.48 -0.47 -0.24 -0.58 
-238.09 0.67 -267.97 -0.08 -0.31 -1.31 
5.64 0.35 -270.50 0.00 -0.24 -1.15 
0.27 0.07 -270.16 0.08 -0.27 -1.59 
-4.70 -0.10 -269.52 0.08 -0.25 -1.39 
29.83 0.03 -267.66 -0.04 -0.26 -1.24 
6.38 0.93 -267.39 -0.35 -0.30 -0.73 
-9.69 1.62 -266.88 -0.60 -0.24 -0.60 
-41.69 1.60 -267.23 -0.60 -0.56 -0.24 
94.83 2.72 -246.62 -0.94 0.46 -0.19 
-31.82 3.07 -242.95 -1.00 -0.23 0.09 
58.48 2.54 -240.27 -0.55 -0.02 0.29 
60.58 2.90 -224.59 -0.38 0.18 0.04 
-56.63 2.71 -237.87 -0.80 -0.19 0.30 
-44.12 3.26 -263.77 -1.31 -0.07 0.29 
-16.24 2.58 -270.25 -1.03 -0.51 0.25 
10.73 2.67 -263.49 -0.99 -0.49 0.19 
-1.87 2.57 -254.77 -1.00 -0.53 0.21 
13.74 2.83 -246.14 -1.15 -0.47 0.13 
-34.72 3.29 -250.10 -0.67 -0.15 -0.09 
131.80 2.71 -240.95 -0.35 0.11 0.11 
65.64 1.82 -242.17 -0.80 -0.69 0.76 
13.94 2.99 -249.80 -0.55 -0.17 -0.27 
36.15 1.09 -253.43 -0.31 -0.50 -1.04 
-19.43 0.56 -254.76 -0.15 -0.53 -1.44 
23.49 0.44 -252.05 -0.22 -0.45 -1.26 
-6.63 0.42 -245.28 -0.30 -0.47 -0.93 
-62.37 1.67 -243.69 -0.56 -0.28 -0.46 
-18.46 2.82 -240.91 -0.63 -0.14 -0.04 
54.96 3.00 -236.99 -0.63 -0.09 0.28 
89.98 3.05 -229.71 -0.90 -0.14 0.11 
76.97 2.52 -217.64 -0.48 0.17 0.20 
1.15 3.60 -224.27 -0.97 -0.09 0.07 
-38.63 3.23 -243.74 -1.27 -0.21 0.23 
-20.89 2.68 -256.84 -0.80 -0.21 0.45 
11.30 2.92 -237.23 -0.56 -0.22 -0.01 
30.00 3.17 -238.97 -0.96 -0.17 0.13 
103.15 3.56 -231.51 -0.81 -0.15 0.11 
46.33 3.12 -236.80 -0.71 -0.19 -0.24 
12.15 1.86 -237.52 -0.57 -0.48 -0.64 
8.18 1.25 -240.15 -0.34 -0.33 -0.86 
-8.70 0.61 -244.05 -0.18 -0.53 -1.38 
4.66 0.21 -240.84 -0.09 -0.42 -1.43 
-2.88 0.55 -240.13 -0.28 -0.34 -0.98 
-24.26 1.20 -239.52 -0.51 -0.39 -0.71 
-43.74 1.82 -242.66 -0.67 -0.33 -0.50 
22.72 2.12 -240.10 -0.81 -0.53 0.08 
96.80 2.85 -232.98 -0.83 0.29 -0.07 
64.12 2.87 -233.03 -0.74 0.22 0.05 
17.04 3.21 -222.27 -0.69 0.09 0.15 
-41.64 3.39 -228.32 -0.88 0.03 0.14 
-21.71 2.78 -253.06 -0.96 -0.43 0.03 
0.17 2.68 -261.63 -0.94 -0.41 0.19 
-36.42 2.75 -267.57 -1.09 -0.53 0.16 
-22.38 2.84 -256.69 -1.24 -0.52 0.10 
18.99 2.71 -245.51 -0.92 -0.45 -0.03 
7.22 3.06 -252.25 -0.72 -0.24 0.03 
-1.53 2.85 -253.59 -0.53 -0.24 -0.02 
-58.82 2.85 -257.77 -1.08 -0.35 -0.05 
77.65 2.14 -255.71 -0.78 -0.51 0.42 
73.87 3.70 -255.25 -0.66 -0.11 0.01 
-19.95 2.18 -264.30 -0.49 -0.29 -0.47 
4.52 0.96 -270.46 -0.19 -0.56 -1.00 
-67.53 0.44 -277.06 -0.12 -0.81 -1.49 
-15.92 0.36 -274.85 -0.16 -0.64 -1.13 
-2.59 0.45 -269.67 -0.27 -0.51 -0.98 
-43.27 1.07 -265.31 -0.45 -0.35 -0.77 
-21.60 1.99 -266.77 -0.63 -0.23 -0.42 
-58.29 1.95 -256.13 -0.81 -0.12 0.61 
-235.12 3.33 -264.31 -0.80 -0.14 0.03 
-14.24 2.74 -259.50 -0.68 -0.28 0.17 
-70.07 3.52 -262.17 -0.54 0.06 -0.01 
1.27 2.46 -257.69 -0.81 -0.35 0.40 
14.79 2.94 -271.77 -0.96 -0.31 0.14 
14.36 2.81 -269.39 -1.00 -0.46 -0.11 
53.41 3.57 -274.42 -0.62 -0.04 -0.03 
91.29 2.78 -270.59 -0.91 0.41 0.00 
78.78 2.52 -272.09 -0.87 -0.22 0.46 
12.36 3.19 -274.93 -0.75 -0.23 0.18 
35.20 1.63 -278.51 -0.56 -0.42 -0.87 
4.73 1.23 -282.90 -0.32 -0.42 -0.77 
-40.27 0.65 -285.84 -0.20 -0.54 -1.47 
4.12 0.45 -285.14 -0.19 -0.48 -1.19 
-0.92 0.52 -281.58 -0.26 -0.49 -1.14 
-3.62 0.94 -280.75 -0.44 -0.30 -0.81 
-71.18 1.46 -282.27 -0.63 -0.50 -0.69 
-13.79 2.41 -278.93 -0.68 -0.24 0.26 
104.32 3.62 -277.48 -0.84 0.13 -0.02 
-48.55 3.18 -282.36 -0.95 -0.17 0.11 
23.50 3.13 -279.78 -0.65 0.08 0.13 
39.59 3.02 -262.89 -0.92 -0.19 0.22 
-9.53 3.22 -268.92 -1.21 -0.23 0.23 
-20.43 3.18 -281.72 -1.14 -0.07 0.26 
-16.51 2.81 -288.27 -0.98 -0.40 0.19 
-2.20 2.72 -283.71 -1.00 -0.45 0.15 
10.10 3.00 -276.55 -1.09 -0.34 0.15 
-3.66 2.41 -275.90 -0.78 -0.52 0.09 
15.49 3.34 -279.04 -0.76 -0.12 0.12 
-21.59 1.89 -272.44 -0.38 -0.29 -0.25 
-64.69 2.46 -282.28 -0.68 -0.39 0.08 
-31.96 2.59 -283.71 -0.87 -0.58 0.22 
14.13 2.72 -286.68 -0.65 -0.39 -0.13 
53.48 1.72 -290.51 -0.49 -0.34 -0.73 
9.48 1.31 -296.73 -0.43 -0.51 -0.85 
-35.22 0.80 -297.68 -0.33 -0.68 -1.15 
-14.68 0.66 -294.75 -0.34 -0.73 -1.16 
-25.37 1.04 -290.59 -0.45 -0.40 -0.86 
-8.75 1.56 -287.06 -0.58 -0.31 -0.57 
-106.57 1.25 -293.82 -0.70 -0.59 -0.73 
-47.30 2.95 -290.99 -0.83 -0.04 0.25 
-55.34 3.16 -296.96 -0.80 -0.16 0.12 
69.00 3.52 -292.52 -0.72 -0.01 0.03 
13.48 2.81 -290.09 -0.61 0.23 0.11 
45.58 2.57 -285.36 -1.22 -0.71 0.15 
-31.85 3.31 -296.40 -1.09 0.15 0.22 
-18.70 2.67 -313.05 -1.08 -0.56 0.13 
-9.30 2.63 -313.19 -1.10 -0.57 0.13 
-22.62 2.28 -302.65 -0.58 -0.42 -0.50 
-44.51 1.38 -305.66 -0.44 -0.51 -0.90 
23.12 0.74 -305.62 -0.32 -0.58 -1.24 
8.01 0.75 -303.73 -0.35 -0.50 -1.10 
-3.86 0.73 -301.39 -0.38 -0.49 -1.07 
-32.82 1.76 -300.94 -0.70 -0.39 -0.53 
68.83 1.62 -299.69 -0.69 -0.59 -0.32 
-115.14 2.67 -294.95 -1.12 -0.34 0.11 
-12.25 2.95 -287.87 -0.61 -0.20 0.08 
12.01 3.30 -285.56 -0.65 0.05 0.13 
-11.96 3.07 -297.26 -1.18 -0.36 0.18 
-20.97 2.60 -312.02 -1.01 -0.50 0.27 
-25.99 3.11 -320.84 -1.06 -0.22 0.23 
-20.43 2.67 -322.54 -0.96 -0.48 0.14 
9.12 2.90 -311.37 -1.21 -0.44 0.21 
0.55 3.15 -312.70 -1.26 -0.32 0.05 
86.34 2.85 -309.42 -0.35 -0.17 0.00 
14.19 3.28 -303.17 -0.51 -0.09 -0.09 
-48.03 2.30 -308.32 -1.00 -0.69 0.19 
58.52 3.06 -303.84 -0.78 -0.33 0.16 
24.98 2.65 -306.09 -0.61 -0.31 -0.36 
-2.61 1.38 -308.53 -0.46 -0.49 -0.84 
-35.62 0.74 -316.16 -0.18 -0.31 -1.11 
-11.27 0.52 -321.04 -0.16 -0.70 -1.40 
3.90 0.22 -316.62 -0.12 -0.53 -1.17 
56.43 0.51 -307.11 -0.27 -0.39 -1.01 
-164.11 1.38 -309.69 -0.45 -0.32 -0.50 
-60.66 2.28 -312.35 -0.65 -0.16 -0.35 
-22.90 2.24 -315.80 -0.91 -0.51 0.04 
188.10 2.60 -307.22 -0.90 -0.31 -0.20 
40.81 3.06 -301.35 -0.67 -0.10 0.16 
-7.59 2.82 -289.27 -0.63 0.23 0.05 
-70.05 2.19 -300.37 -0.84 -0.76 0.07 
-12.19 2.37 -308.49 -0.99 -0.67 0.30 
-26.76 2.57 -313.92 -0.84 -0.44 0.20 
-31.03 2.76 -321.11 -0.98 -0.45 0.20 
4.88 2.78 -314.32 -0.99 -0.42 0.16 
15.56 2.94 -303.66 -1.00 -0.32 0.20 
-17.16 2.96 -302.62 -0.95 -0.37 0.05 
9.09 3.49 -301.36 -0.79 -0.11 0.03 
92.62 3.02 -312.41 -0.81 -0.34 0.19 
28.51 2.89 -313.80 -0.75 -0.31 -0.30 
21.94 1.91 -315.49 -0.58 -0.35 -0.68 
-66.56 1.36 -320.05 -0.42 -0.31 -0.90 
-23.50 0.76 -320.85 -0.22 -0.49 -1.23 
-39.28 0.52 -321.42 -0.20 -0.60 -1.31 
-10.63 0.47 -317.44 -0.21 -0.47 -0.94 
-70.50 0.82 -318.69 -0.41 -0.36 -0.84 
7.33 1.57 -318.12 -0.54 -0.23 -0.60 
24.40 2.21 -318.91 -0.76 -0.38 0.16 
-119.82 2.43 -316.96 -0.82 -0.54 -0.46 
64.69 2.90 -313.32 -1.02 -0.32 -0.09 
46.21 3.34 -304.96 -0.62 0.01 0.10 
-16.11 3.48 -308.63 -0.87 0.06 0.06 
-15.57 3.14 -318.28 -0.87 -0.24 0.11 
-27.11 2.97 320.45 -1.15 -0.42 0.05 
-5.01 2.55 314.13 -1.05 -0.65 0.05 
13.55 2.65 323.24 -0.98 -0.52 0.06 
28.13 2.62 -321.58 -1.18 -0.60 0.12 
44.09 3.04 -314.11 -0.94 -0.28 -0.04 
-42.52 3.53 -318.75 -0.59 -0.11 -0.05 
178.12 2.07 -306.14 -0.31 -0.28 -0.09 
6.43 2.75 -324.56 -0.87 -0.37 -0.03 
-35.29 2.88 -323.47 -0.82 -0.27 0.34 
-8.22 3.13 -326.42 -0.71 -0.21 -0.25 
18.31 1.76 326.48 -0.54 -0.48 -0.70 
26.51 1.18 323.56 -0.34 -0.46 -0.83 
32.06 0.60 318.61 -0.13 -0.46 -0.95 
-57.62 0.30 313.79 0.01 -0.85 -1.45 
-35.50 0.20 316.39 -0.09 -0.57 -1.12 
44.64 0.52 324.55 -0.25 -0.40 -0.91 
47.43 0.17 -314.85 -0.24 -0.32 -0.76 
-87.55 2.63 -318.46 -0.81 -0.33 0.04 
-55.53 3.41 -318.67 -0.93 -0.06 -0.07 
25.99 2.73 -317.24 -0.67 -0.34 0.06 
80.86 2.87 -301.87 -0.52 -0.13 0.16 
68.14 2.14 -297.36 -0.74 0.58 0.11 
-22.98 2.67 -304.51 -0.85 -0.45 0.19 
-72.08 3.48 321.64 -1.14 -0.08 0.15 
-0.77 2.82 308.78 -1.10 -0.44 0.17 
-22.25 2.40 309.17 -0.76 -0.48 0.14 
-7.01 2.42 304.00 -0.82 -0.53 0.10 
-29.47 2.48 303.20 -1.05 -0.65 0.07 
65.45 2.50 326.20 -1.13 -0.70 -0.01 
0.33 2.50 -320.22 -0.86 -0.53 0.19 
58.54 3.49 -319.30 -0.37 0.03 0.04 
-9.55 2.33 324.77 -0.52 -0.33 0.12 
9.69 3.33 322.50 -1.00 -0.03 0.16 
112.53 2.15 322.44 -0.62 -0.55 0.36 
-29.29 2.73 318.68 -0.65 -0.32 -0.29 
9.43 1.52 316.15 -0.50 -0.43 -0.92 
16.46 1.28 315.08 -0.39 -0.42 -0.89 
8.41 0.75 313.49 -0.25 -0.44 -1.07 
-2.26 0.47 313.02 -0.15 -0.57 -1.32 
3.99 0.22 316.16 -0.12 -0.51 -1.19 
-31.45 0.62 316.72 -0.30 -0.38 -0.93 
10.39 1.39 318.06 -0.58 -0.49 -0.51 
-14.08 2.41 323.24 -0.73 -0.37 -0.03 
-43.80 2.70 -325.69 -0.90 -0.37 0.07 
146.31 2.92 -326.18 -0.88 -0.25 -0.01 
21.66 2.99 -318.94 -0.78 -0.26 0.04 
5.75 3.49 -311.94 -0.76 0.00 0.06 
31.09 3.37 -305.40 -1.08 -0.06 0.16 
-40.46 2.15 -323.72 -0.69 -0.61 0.04 
-12.94 2.58 323.28 -1.29 -0.80 0.05 
13.52 3.06 327.47 -1.00 -0.32 0.05 
-15.24 2.28 324.22 -0.82 -0.62 -0.01 
13.20 2.65 -318.88 -1.14 -0.58 0.02 
-6.81 3.02 -320.81 -0.97 -0.32 -0.01 
24.51 2.38 -307.31 -0.95 -0.70 -0.09 
-21.22 3.16 -312.56 -0.54 0.15 -0.07 
-81.71 2.77 -308.97 -0.77 -0.37 0.02 
-21.12 3.00 -321.05 -1.01 -0.03 0.34 
28.03 3.05 -322.94 -0.74 -0.32 0.14 
2.98 2.51 323.91 -0.63 -0.32 -0.50 
-38.85 0.91 312.96 -0.14 -0.67 -0.87 
-38.93 0.67 309.33 -0.18 -0.70 -1.19 
-20.91 0.38 307.98 -0.08 -0.67 -1.21 
0.77 0.28 311.17 -0.12 -0.68 -1.18 
-39.43 0.50 314.41 -0.26 -0.64 -0.94 
-60.34 1.11 314.59 -0.43 -0.30 -0.67 
-18.03 2.36 314.94 -0.77 -0.23 -0.42 
-35.10 1.89 311.57 -0.78 -0.65 0.00 
48.16 1.81 324.02 -0.71 -0.70 0.12 
31.98 3.04 -322.46 -1.29 0.31 -0.23 
30.11 2.74 -311.11 -0.67 0.26 0.17 
15.52 2.05 -311.66 -0.55 0.50 0.09 
19.71 3.03 -321.95 -0.86 -0.22 0.20 
-11.97 3.08 319.80 -1.07 -0.31 0.12 
-8.21 2.84 306.42 -1.09 -0.41 0.16 
3.42 2.67 303.03 -0.93 -0.45 0.11 
-18.18 2.34 300.20 -0.81 -0.55 0.13 
-70.10 2.49 299.04 -0.99 -0.69 -0.07 
51.18 2.51 319.89 -1.09 -0.64 0.13 
6.81 3.28 317.11 -0.91 -0.23 0.00 
35.01 2.54 326.05 -0.77 -0.48 -0.01 
67.43 2.56 -323.21 -0.44 0.24 -0.05 
1.21 2.62 318.13 -1.18 -0.57 0.17 
97.85 3.01 323.10 -0.64 -0.10 0.31 
26.04 3.16 319.60 -0.59 -0.26 -0.10 
66.37 1.17 318.43 -0.30 -0.40 -0.84 
19.31 0.66 315.26 -0.11 -0.63 -1.19 
2.85 0.29 315.33 -0.07 -0.61 -1.33 
-26.57 0.21 314.17 -0.08 -0.59 -1.31 
-66.75 0.65 317.28 -0.27 -0.07 -0.80 
-89.29 1.46 305.50 -0.61 -0.53 -0.23 
-27.30 2.48 311.88 -0.85 -0.40 0.18 
6.57 3.04 319.27 -0.80 -0.15 0.20 
65.49 3.10 -323.99 -0.56 0.14 0.00 
16.00 3.17 322.30 -0.64 -0.12 0.07 
-5.44 3.23 311.61 -1.19 -0.34 0.06 
-45.26 2.80 296.86 -1.13 -0.47 0.17 
-7.50 2.85 294.12 -0.90 -0.36 0.11 
-18.63 2.66 293.20 -0.99 -0.51 0.13 
-12.09 2.85 301.51 -1.13 -0.47 0.06 
-27.62 2.83 304.23 -0.99 -0.43 0.07 
134.35 3.28 308.43 -0.47 -0.09 -0.02 
26.56 3.27 297.88 -0.86 0.23 -0.01 
136.15 2.47 307.92 -0.76 0.27 -0.35 
65.24 3.39 304.14 -0.98 -0.10 0.08 
-40.29 2.47 296.15 -0.77 -0.37 0.47 
22.69 2.58 296.42 -0.55 -0.35 -0.33 
-39.90 1.34 293.67 -0.38 -0.44 -0.90 
-123.63 0.81 294.87 -0.20 -0.18 -1.23 
11.53 0.30 296.74 0.00 -0.02 -1.43 
-1.27 0.18 296.47 0.00 -0.38 -1.29 
20.54 0.22 305.13 -0.07 -0.24 -1.18 
-7.46 0.24 308.22 -0.12 -0.36 -1.16 
-10.24 1.26 310.55 -0.43 -0.24 -0.53 
70.07 2.56 313.14 -0.82 -0.24 -0.22 
6.29 2.39 316.94 -0.89 -0.20 0.42 
-91.35 3.20 321.43 -0.74 -0.16 0.15 
121.65 3.32 -317.43 -0.65 0.09 0.02 
20.34 3.11 -319.80 -0.70 -0.18 0.11 
0.92 3.28 317.22 -1.53 -0.20 0.22 
-5.65 2.87 311.89 -0.86 -0.29 0.18 
-7.54 2.95 307.03 -0.85 -0.27 0.16 
-8.79 2.78 302.93 -0.84 -0.35 0.15 
-5.48 2.57 323.18 -1.34 -0.59 0.33 
-35.67 3.11 322.50 -0.92 -0.30 0.04 
-57.60 2.06 320.02 -0.53 -0.54 0.12 
-11.34 3.53 322.48 -0.57 0.04 -0.03 
-56.77 2.64 314.42 -0.88 -0.50 0.04 
26.07 2.54 313.53 -0.84 -0.27 0.46 
11.65 3.50 310.59 -0.66 -0.11 0.17 
42.88 1.91 307.23 -0.40 -0.25 -0.59 
33.81 0.78 303.24 -0.15 -0.48 -1.14 
9.46 0.22 301.67 0.10 -0.65 -1.35 
-3.30 0.16 301.57 -0.01 -0.55 -1.30 
-5.34 0.19 303.64 -0.08 -0.59 -1.18 
-15.58 0.39 305.77 -0.19 -0.40 -1.03 
-59.68 0.63 306.25 -0.27 -0.37 -0.99 
-48.72 2.26 307.06 -0.63 -0.16 -0.28 
57.78 2.57 309.67 -0.85 -0.26 -0.02 
141.91 2.62 305.40 -0.84 0.06 0.30 
7.75 3.41 317.85 -0.90 0.12 0.08 
-11.86 2.93 319.80 -0.73 0.26 0.09 
-63.01 3.37 303.92 -0.64 0.03 0.12 
28.32 3.53 298.00 -0.91 -0.11 0.02 
-49.85 3.30 275.72 -1.08 -0.18 0.12 
-62.98 2.33 265.39 -0.89 -0.65 0.07 
0.87 2.49 264.74 -0.82 -0.52 0.06 
-5.21 2.51 264.26 -0.87 -0.53 0.06 
-5.27 2.83 272.97 -1.06 -0.48 0.03 
54.38 2.92 288.81 -1.20 -0.43 0.08 
1.85 2.37 292.90 -0.55 -0.39 -0.13 
-61.98 3.45 282.23 -0.50 0.08 -0.03 
55.42 3.23 282.38 -0.83 -0.15 -0.11 
41.98 2.79 282.20 -0.93 -0.28 0.35 
-8.78 3.35 277.05 -0.72 -0.23 0.04 
-29.37 2.13 268.99 -0.50 -0.33 -0.50 
40.23 1.07 268.61 -0.30 -0.28 -1.04 
30.65 0.54 271.53 -0.09 -0.39 -1.28 
17.30 0.20 274.52 0.02 -0.41 -1.43 
6.19 0.14 279.21 -0.03 -0.39 -1.25 
-54.24 -0.12 283.26 -0.13 -0.45 -1.12 
-68.60 1.63 285.97 -0.45 -0.19 -0.47 
45.09 1.81 304.73 -0.60 -0.30 -0.32 
-53.32 3.44 294.24 -0.89 -0.07 0.11 
5.90 3.47 287.02 -1.10 -0.11 0.16 
-19.77 3.22 273.70 -1.09 -0.24 0.07 
-35.10 2.49 266.09 -0.84 -0.53 0.06 
-7.68 2.50 262.18 -0.87 -0.53 0.04 
-11.16 2.49 262.78 -0.84 -0.54 0.00 
-39.78 2.62 265.73 -1.21 -0.62 0.13 
-12.14 2.98 297.26 -1.64 -0.57 -0.22 
-28.01 2.16 300.00 -0.50 -0.40 0.05 
-65.58 2.87 275.76 -0.56 0.25 -0.17 
88.23 2.98 274.29 -0.91 0.28 -0.11 
18.71 3.09 275.85 -0.95 -0.15 0.34 
24.46 3.49 269.92 -0.69 -0.17 0.00 
55.94 1.86 266.76 -0.51 -0.33 -0.71 
-31.50 1.03 254.97 -0.29 -0.63 -1.08 
-11.26 0.56 252.89 -0.13 -0.72 -1.07 
-5.71 0.35 252.57 -0.10 -0.65 -1.12 
60.66 0.17 257.23 -0.15 -0.65 -1.21 
-5.96 0.67 265.70 -0.33 -0.59 -0.85 
-60.17 1.17 269.95 -0.45 -0.36 -0.70 
-43.76 1.98 268.46 -0.72 -0.37 -0.45 
31.36 2.66 276.08 -0.87 -0.28 0.17 
18.62 3.23 275.86 -1.17 0.03 0.00 
-27.90 3.04 288.61 -0.77 -0.09 0.21 
41.17 3.02 307.66 -0.93 0.21 0.22 
-43.92 3.32 303.00 -0.64 0.14 0.01 
-14.54 3.47 286.18 -1.13 0.11 0.12 
-29.13 3.21 263.59 -1.13 -0.24 0.12 
-9.27 3.05 258.81 -0.99 -0.32 0.06 
-19.45 2.75 253.72 -0.82 -0.39 0.01 
-0.34 2.53 250.84 -0.84 -0.49 0.07 
-0.17 2.63 251.96 -0.94 -0.51 0.06 
-10.59 2.35 262.61 -1.05 -0.73 0.10 
11.63 2.77 269.37 -1.02 -0.48 -0.02 
81.33 3.70 281.32 -0.62 0.01 0.01 
-21.47 1.90 281.62 -0.53 -0.53 -0.10 
36.88 2.87 273.49 -0.89 -0.37 0.00 
87.49 2.63 278.42 -0.89 -0.39 0.35 
2.25 3.25 272.89 -0.60 -0.18 -0.11 
-7.29 1.28 266.24 -0.35 -0.39 -0.87 
4.02 0.79 262.19 -0.21 -0.50 -1.04 
10.85 0.43 260.97 -0.05 -0.52 -1.12 
-5.65 0.21 260.95 0.00 -0.52 -1.19 
-51.89 -0.05 264.07 0.10 -0.75 -1.53 
-29.74 0.11 269.45 -0.09 -0.38 -0.98 
-36.08 0.94 270.86 -0.40 -0.27 -0.74 
-32.36 1.66 268.22 -0.61 -0.30 -0.57 
186.34 1.99 290.54 -0.69 -0.44 0.15 
123.46 1.53 301.84 -0.68 -0.72 0.18 
18.33 3.11 314.70 -0.83 0.03 0.23 
-18.49 2.73 310.20 -0.76 0.34 -0.09 
4.33 3.39 299.73 -1.06 -0.07 0.15 
-33.63 3.14 277.43 -1.07 -0.25 0.18 
-6.94 2.40 273.80 -0.99 -0.62 0.18 
-10.76 2.35 272.14 -0.81 -0.58 0.10 
9.48 2.53 278.00 -1.05 -0.60 0.16 
51.86 2.31 289.77 -0.90 -0.57 0.12 
-11.21 2.84 291.95 -1.08 -0.42 0.20 
33.40 2.16 301.63 -0.55 -0.43 0.07 
19.08 3.44 291.06 -0.87 -0.07 0.09 
-6.22 2.55 287.74 -0.77 -0.57 0.17 
3.43 2.69 284.23 -0.68 -0.45 -0.29 
2.52 0.96 278.20 -0.23 -0.43 -0.96 
5.88 0.61 277.98 -0.07 -0.41 -1.02 
-0.06 2.14 287.22 -0.71 -0.61 -0.01 
0.00 2.11 287.41 -0.73 -0.64 -0.01 
-8.38 2.27 288.34 -0.84 -0.65 0.00 
-1.76 2.51 303.11 -1.15 -0.69 0.04 
15.10 2.55 307.87 -0.98 -0.54 -0.07 
-16.14 2.78 307.40 -0.68 -0.29 -0.13 
-39.20 2.99 307.68 -0.63 -0.24 -0.06 
14.40 3.40 304.32 -1.03 -0.08 0.09 
105.09 2.79 305.81 -0.71 -0.27 0.28 
3.65 2.74 298.70 -0.52 -0.33 -0.24 
-6.60 1.14 292.14 -0.26 -0.54 -0.80 
42.48 0.49 294.85 -0.01 -0.49 -1.17 
-7.42 0.22 295.42 0.01 -0.56 -1.27 
-18.64 0.10 297.54 0.02 -0.55 -1.21 
-1.88 0.12 298.10 -0.02 -0.49 -1.43 
0.94 0.19 301.38 -0.13 -0.44 -0.80 
-51.87 0.55 299.10 -0.30 -0.54 -0.89 
-28.05 1.78 302.04 -0.64 -0.47 -0.27 
15.32 2.45 309.36 -0.92 -0.37 0.08 
-143.74 3.27 317.28 -0.86 -0.16 0.03 
-10.59 3.23 326.48 -0.73 0.12 0.09 
-9.13 2.75 -327.66 -0.71 0.35 0.02 
-11.15 3.63 303.07 -1.11 -0.01 0.09 
-24.25 3.05 285.31 -1.16 -0.36 0.09 
-29.89 2.72 276.44 -1.02 -0.48 0.05 
-17.81 2.17 270.82 -0.74 -0.58 0.01 
50.96 2.46 278.90 -0.80 -0.51 0.12 
-2.76 2.93 279.09 -1.02 -0.39 0.00 
18.52 2.73 283.92 -0.66 -0.33 0.04 
-37.89 2.78 280.08 -0.84 -0.40 0.09 
-51.05 2.55 276.38 -0.80 -0.45 -0.03 
0.23 2.65 277.07 -0.86 -0.40 0.29 
-7.59 3.38 275.69 -0.75 -0.21 0.12 
32.58 1.91 275.54 -0.43 -0.40 -0.56 
-31.13 0.94 262.79 -0.25 -0.50 -1.02 
11.67 0.51 261.14 -0.07 -0.52 -1.18 
-0.43 0.19 260.19 0.00 -0.49 -1.35 
-5.13 0.10 262.46 -0.03 -0.47 -1.18 
16.78 0.32 270.36 -0.18 -0.44 -0.91 
59.66 1.17 279.68 -0.51 -0.51 -0.59 
4.15 1.52 275.83 -0.65 -0.50 -0.53 
-21.43 2.68 281.30 -0.78 -0.29 0.07 
216.62 2.69 300.22 -1.08 0.37 -0.20 
14.98 2.93 305.52 -0.81 0.21 0.17 
11.60 2.81 307.20 -0.67 0.28 0.07 
10.85 3.26 299.93 -0.57 -0.01 0.11 
44.15 3.62 293.96 -1.09 0.03 0.02 
-22.14 2.85 283.85 -1.04 -0.24 0.32 
-2.55 2.59 283.38 -0.91 -0.40 0.32 
-14.98 2.82 282.29 -0.91 -0.34 0.26 
-17.62 2.95 286.30 -1.02 -0.36 0.17 
-16.37 3.01 283.59 -1.07 -0.34 0.13 
-2.01 2.43 286.09 -0.78 -0.57 0.12 
-24.66 3.35 278.35 -0.86 -0.19 0.00 
163.01 3.17 291.52 -0.86 -0.16 0.01 
105.47 2.63 287.74 -1.03 -0.27 0.33 
46.30 3.05 291.77 -0.76 -0.30 0.21 
52.08 2.43 291.26 -0.57 -0.21 -0.51 
13.16 1.25 288.70 -0.35 -0.36 -1.04 
0.78 0.71 286.37 -0.15 -0.51 -1.09 
16.77 0.15 290.02 0.09 -0.49 -1.30 
-9.16 0.21 288.32 -0.02 -0.65 -1.23 
32.09 -0.06 294.04 0.02 -0.50 -1.20 
-25.59 0.35 296.17 -0.22 -0.47 -0.97 
-19.66 1.34 300.98 -0.49 -0.31 -0.55 
-53.53 2.32 300.62 -0.68 -0.31 -0.17 
-24.63 2.61 301.29 -0.90 -0.36 0.14 
-82.16 3.02 311.40 -0.52 -0.12 -0.17 
35.60 2.93 321.42 -0.82 0.16 0.30 
-33.82 2.85 313.23 -0.73 -0.13 -0.29 
71.65 3.36 321.06 -1.39 0.08 0.19 
-73.06 3.18 293.81 -1.15 -0.25 0.19 
26.93 2.86 296.02 -0.92 -0.37 0.11 
11.56 2.97 307.05 -1.15 -0.40 0.07 
-46.43 2.96 312.04 -0.91 -0.32 0.08 
53.62 3.43 313.10 -0.80 -0.13 0.05 
-32.34 0.39 297.65 -0.01 -0.01 -0.05 
-34.21 3.03 295.21 -1.10 -0.05 0.32 
63.80 2.93 297.38 -0.66 -0.36 0.05 
16.33 2.08 291.94 -0.36 -0.20 -0.47 
50.01 0.80 289.72 -0.16 -0.38 -1.18 
39.59 0.30 289.30 0.00 -0.62 -1.13 
-4.01 0.14 288.11 0.05 -0.69 -1.24 
-31.36 -0.12 292.20 0.10 -0.61 -1.30 
4.09 0.09 298.54 -0.11 -0.40 -0.92 
-21.43 1.47 301.13 -0.53 -0.26 -0.61 
-33.98 1.40 301.72 -0.58 -0.15 -0.95 
19.95 2.83 310.44 -0.91 -0.18 0.19 
-43.10 2.31 318.54 -0.88 0.15 -0.71 
90.87 3.65 -314.37 -0.65 -0.01 0.01 
-119.21 3.23 -314.96 -0.74 -0.11 0.10 
25.82 3.18 -326.50 -1.43 -0.43 0.12 
8.77 2.90 -326.34 -0.92 -0.36 0.07 
-6.41 2.98 -322.59 -1.40 -0.51 0.10 
18.43 2.93 -313.09 -1.20 -0.41 -0.23 
-22.72 2.14 -308.39 -0.33 -0.24 -0.08 
-140.27 3.22 -314.75 -0.68 -0.17 -0.17 
137.38 2.95 -309.61 -1.00 -0.02 0.39 
54.99 3.52 -315.55 -0.65 -0.13 0.07 
-7.68 1.16 323.86 -0.26 -0.67 -0.89 
-44.46 0.58 321.45 -0.16 -0.68 -1.48 
-27.05 0.42 321.78 -0.18 -0.50 -1.21 
16.98 0.54 -327.12 -0.29 -0.41 -1.04 
-40.71 1.01 326.34 -0.48 -0.43 -0.89 
29.62 1.57 -320.00 -0.55 -0.18 -0.63 
6.36 3.37 -319.26 -0.94 -0.01 0.06 
-36.25 3.56 321.18 -1.10 0.03 -0.25 
66.53 2.82 -325.48 -0.84 -0.33 -0.08 
129.40 0.80 -313.93 -0.19 0.58 0.18 
-38.40 3.45 -317.93 -1.20 -0.07 0.25 
-39.48 3.35 322.24 -1.32 -0.23 0.18 
-3.14 3.27 317.97 -1.12 -0.17 0.06 
-22.98 2.84 314.96 -1.00 -0.44 0.11 
-55.00 2.89 311.84 -0.91 -0.37 0.00 
-6.36 2.60 319.74 -1.03 -0.57 0.03 
-27.80 2.76 312.42 -1.07 -0.45 0.02 
39.08 3.23 306.23 -0.49 -0.08 -0.08 
70.44 2.55 324.77 -0.60 -0.34 -0.08 
-8.34 2.79 313.67 -1.01 -0.35 0.44 
-44.39 3.32 310.71 -0.66 -0.16 -0.27 
30.95 1.33 307.39 -0.36 -0.47 -0.88 
10.07 0.96 305.02 -0.26 -0.53 -1.05 
61.43 0.49 311.99 -0.11 -0.57 -1.31 
79.53 0.06 319.92 -0.03 -0.48 -1.34 
4.09 0.29 324.16 -0.20 -0.38 -0.86 
28.76 1.74 -324.20 -0.53 -0.22 -0.39 
-2.68 2.77 -323.35 -0.88 -0.27 0.04 
-29.93 2.60 -321.21 -0.87 0.00 0.39 
-17.58 3.75 -311.01 -0.88 0.01 0.01 
-1.11 3.11 -308.89 -0.70 0.18 -0.01 
-68.75 3.06 -314.24 -0.74 0.00 0.22 
-19.32 3.05 -323.16 -0.95 -0.25 0.21 
17.81 3.06 321.04 -1.21 -0.40 0.07 
-10.63 2.65 326.80 -0.90 -0.45 0.01 
1.46 2.55 326.97 -1.02 -0.58 0.09 
2.81 1.71 299.60 -0.62 -0.46 -0.75 
9.10 1.39 297.46 -0.46 -0.43 -0.91 
24.94 0.95 296.42 -0.33 -0.51 -1.04 
-14.56 0.69 295.68 -0.25 -0.59 -1.07 
-10.72 0.62 297.02 -0.27 -0.59 -1.07 
-9.30 0.84 298.63 -0.39 -0.44 -0.93 
1.74 1.21 301.26 -0.51 -0.36 -0.75 
-19.03 2.24 308.00 -0.75 -0.39 -0.24 
22.09 3.02 312.94 -0.87 -0.17 0.12 
-35.61 3.51 -321.66 -0.95 -0.10 0.09 
21.51 3.05 -317.52 -0.84 0.19 -0.08 
9.41 2.32 -313.72 -0.66 0.42 0.08 
-26.94 2.84 -325.12 -0.72 -0.20 0.21 
-25.50 3.27 309.69 -1.17 -0.25 0.19 
9.13 2.72 309.33 -1.27 -0.57 0.07 
-5.17 2.24 311.13 -0.74 -0.58 0.02 
-15.65 2.39 314.89 -0.96 -0.62 0.21 
-16.41 3.10 327.50 -1.21 -0.37 -0.05 
-13.36 2.73 -325.11 -0.85 -0.46 0.03 
-55.59 1.34 -327.59 -0.29 -0.50 -0.17 
-48.68 2.96 326.15 -1.16 0.27 0.31 
62.79 3.18 325.39 -0.86 -0.28 0.06 
-20.11 2.38 317.97 -0.51 -0.29 -0.43 
34.59 1.13 314.73 -0.32 -0.42 -1.07 
10.91 0.59 311.08 -0.16 -0.64 -1.10 
1.22 0.26 315.08 -0.11 -0.66 -1.24 
-19.18 0.42 320.68 -0.21 -0.60 -1.01 
-63.62 1.16 327.52 -0.49 -0.39 -0.63 
-48.60 1.63 322.08 -0.77 -0.24 -0.55 
-1.38 2.89 -326.77 -0.97 0.11 0.29 
3.78 2.99 -327.52 -0.72 0.15 0.14 
-45.85 3.49 -322.06 -0.72 0.10 0.03 
-53.21 2.89 -320.52 -0.69 0.24 0.09 
-25.80 3.11 325.41 -0.89 -0.19 0.14 
-17.29 3.09 310.58 -1.09 -0.35 0.05 
6.34 2.68 306.78 -1.07 -0.54 0.07 
-2.14 2.57 305.06 -0.83 -0.48 0.02 
-15.79 2.84 308.58 -1.34 -0.60 0.08 
-31.89 2.62 315.40 -1.26 -0.60 -0.08 
24.11 1.67 318.40 -0.31 -0.45 0.20 
8.28 3.10 327.43 -0.74 0.01 0.21 
33.76 3.14 -326.69 -0.93 -0.11 0.17 
93.27 2.92 -326.95 -0.73 -0.33 0.14 
20.40 2.13 321.19 -0.46 -0.28 -0.49 
-0.69 1.04 317.59 -0.22 -0.44 -0.94 
-3.56 0.56 315.24 -0.07 -0.53 -1.34 
6.17 0.26 314.33 -0.03 -0.59 -1.27 
-23.63 0.13 323.82 -0.09 -0.60 -1.07 
-63.37 0.57 325.15 -0.30 -0.40 -0.93 
-91.73 1.62 324.14 -0.53 -0.22 -0.56 
-24.82 3.03 326.93 -0.72 -0.12 0.00 
-117.22 1.75 -322.21 -0.68 -0.73 -0.37 
49.28 2.73 -320.97 -0.75 -0.22 -0.26 
62.99 2.96 -305.43 -0.78 0.09 0.25 
45.25 3.54 -305.55 -0.95 -0.04 0.08 
-47.40 2.91 -307.02 -0.66 -0.13 0.25 
-11.39 3.45 322.33 -1.20 -0.08 0.16 
-3.40 2.73 320.28 -1.11 -0.50 0.19 
-6.07 2.85 318.58 -0.94 -0.40 0.08 
-15.19 2.96 316.91 -1.09 -0.37 0.13 
31.04 2.48 -322.98 -0.95 -0.59 0.04 
93.88 2.51 -314.41 -0.70 -0.40 0.08 
-12.95 3.65 -318.84 -0.80 -0.05 -0.06 
27.35 3.44 -315.69 -0.77 0.07 -0.08 
25.52 2.62 -313.80 -0.94 -0.41 0.39 
19.69 3.28 -315.66 -0.64 -0.19 -0.19 
7.30 1.57 -322.61 -0.44 -0.34 -0.82 
-116.35 0.87 -324.28 -0.27 -0.55 -1.33 
-23.75 0.55 -325.84 -0.19 -0.45 -1.33 
-19.14 0.61 -320.99 -0.32 -0.48 -0.97 
-20.79 0.89 -318.35 -0.44 -0.32 -1.01 
-57.39 1.20 -310.43 -0.51 -0.25 -0.71 
-105.03 3.02 -312.23 -0.67 0.07 -0.18 
-7.65 3.10 -312.27 -0.98 -0.08 0.17 
-6.79 3.57 -301.35 -0.63 -0.05 0.00 
22.05 2.32 -293.61 -0.41 0.25 0.12 
-6.56 3.09 -309.02 -1.47 -0.24 0.37 
-51.32 2.87 -327.40 -1.04 -0.25 0.36 
-7.21 2.56 -326.69 -0.89 -0.50 0.19 
3.72 2.43 324.99 -0.70 -0.42 0.22 
19.62 2.11 327.43 -0.76 -0.63 0.15 
-9.76 2.42 -327.49 -0.72 -0.44 0.21 
-37.36 2.53 323.42 -0.96 -0.53 0.34 
57.89 2.71 -309.29 -1.27 -0.61 0.19 
-34.04 2.96 -315.73 -0.87 -0.34 0.02 
51.65 2.06 -310.89 -0.33 -0.28 -0.13 
-19.11 3.28 -313.51 -0.75 -0.05 0.15 
53.28 2.77 -313.26 -0.95 -0.42 0.29 
-4.25 3.68 -313.73 -0.74 -0.17 0.06 
37.01 2.27 -319.02 -0.60 -0.30 -0.56 
21.15 0.86 -323.85 -0.25 -0.66 -1.17 
-31.02 0.50 -325.44 -0.15 -0.52 -1.39 
5.36 0.25 -322.96 -0.13 -0.39 -1.24 
42.17 0.63 -318.82 -0.30 -0.44 -0.94 
-8.85 1.19 -311.07 -0.52 -0.28 -0.76 
5.19 2.34 -313.36 -0.63 -0.07 -0.36 
113.91 2.50 -305.50 -0.79 -0.19 0.28 
25.88 2.98 -284.79 -0.90 -0.23 0.15 
-7.69 2.61 -270.68 -0.82 0.44 -0.03 
-121.07 3.30 -280.46 -0.89 -0.07 0.20 
21.92 3.10 -284.15 -0.85 -0.18 0.16 
17.37 3.19 -291.21 -1.07 0.12 0.27 
-8.79 3.11 -300.95 -1.16 -0.03 0.31 
10.69 3.01 -307.54 -0.86 -0.22 0.20 
41.65 2.55 319.30 -0.73 -0.19 0.34 
80.33 1.52 317.21 -0.55 -0.50 0.43 
-26.59 -0.72 287.40 0.12 -0.32 0.53 
-92.01 -1.71 249.83 0.80 -0.56 0.61 
-171.20 -3.63 187.03 1.37 -0.02 0.16 
