-8.01 -2.93 42.20 1.03 0.19 -0.24 
-62.43 -2.47 -218.71 0.96 0.15 -0.49 
-62.43 -2.47 -218.71 0.96 0.15 -0.49 
33.14 -2.72 -220.64 1.02 0.19 -0.39 
-14.65 -3.07 -221.37 1.03 0.18 -0.23 
-5.57 -2.79 -255.81 0.99 0.22 -0.29 
-0.92 -2.85 -255.75 1.00 0.20 -0.27 
2.33 -2.79 -256.03 1.01 0.21 -0.29 
0.86 -2.81 -255.65 1.04 0.26 -0.26 
9.84 -2.96 -256.01 1.09 0.23 -0.20 
-46.67 -2.89 -251.93 1.29 0.25 0.01 
-52.53 -2.56 -245.93 1.20 0.18 0.21 
-53.78 -1.69 -237.47 0.69 -0.14 0.54 
-22.18 0.21 -231.39 0.11 -0.21 0.65 
-27.49 2.09 -228.81 -0.51 -0.36 0.44 
-64.52 3.00 -223.75 -0.91 -0.38 -0.03 
-51.17 2.90 -218.06 -0.94 -0.23 -0.32 
0.11 2.40 -220.80 -0.97 -0.21 -0.46 
5.84 2.38 -222.96 -0.91 -0.21 -0.13 
1.29 0.10 -231.18 -0.18 -0.31 0.56 
64.73 -2.36 -236.05 0.54 -0.02 0.60 
62.37 -3.50 -245.70 1.14 0.18 0.36 
46.13 -3.37 -250.23 1.42 0.30 -0.15 
-23.54 -3.22 -252.01 1.14 0.17 -0.20 
-20.92 -2.66 -250.73 1.27 0.35 -0.19 
-97.76 -2.22 -238.81 1.36 0.27 0.03 
-70.11 -1.59 -225.57 0.72 -0.10 0.50 
-44.91 0.39 -213.75 0.03 -0.25 0.54 
-112.62 2.78 -200.30 -0.65 -0.38 -0.15 
-3.58 2.31 -196.86 -0.93 -0.36 -0.55 
-78.07 -2.26 -223.91 1.49 0.39 0.10 
-109.90 -0.86 -212.36 0.47 0.01 0.57 
12.99 3.08 -204.56 -0.50 -0.20 0.17 
-82.03 2.48 -196.97 -0.75 -0.15 -0.54 
-28.77 1.72 -198.81 -0.84 0.05 -0.89 
91.24 1.61 -210.62 -0.36 -0.12 -0.18 
128.82 -2.89 -227.87 0.62 -0.09 0.43 
94.98 -3.78 -234.64 1.60 0.36 0.08 
18.44 -2.85 -233.33 1.20 0.60 -0.02 
-9.30 -2.58 -236.33 1.15 0.43 -0.09 
-123.66 -2.39 -222.97 1.53 0.38 -0.06 
-30.73 2.97 -184.78 -0.72 -0.36 -0.12 
34.74 2.69 -183.47 -1.00 -0.24 -0.48 
4.04 1.76 -183.86 -0.85 -0.39 -0.45 
105.50 0.84 -183.20 -0.18 -0.14 0.17 
75.61 -3.56 -189.27 1.17 0.18 0.35 
43.92 -3.64 -197.75 1.74 0.40 -0.13 
-16.82 -3.38 -203.02 1.30 0.12 -0.09 
-18.92 -2.75 -202.44 1.33 0.39 -0.01 
-59.55 -2.38 -205.91 1.37 0.42 0.21 
-133.76 -2.13 -194.25 0.96 0.07 0.31 
-70.75 1.96 -184.57 -0.29 -0.34 0.27 
-16.04 2.75 -182.10 -0.76 -0.43 -0.21 
31.59 1.68 -178.36 -0.84 -0.45 -0.75 
22.01 1.59 -180.38 -0.57 -0.30 -0.18 
23.50 -2.31 -187.07 0.44 -0.11 0.64 
236.08 -3.35 -209.59 1.85 0.80 -0.20 
2.78 -2.86 -206.15 1.24 0.48 -0.15 
-95.16 -2.60 -197.19 1.41 0.45 -0.11 
-176.57 -2.46 -178.53 1.60 0.28 -0.06 
-76.78 -0.67 -159.91 0.34 -0.21 0.45 
-110.72 2.78 -140.14 -0.28 -0.22 0.00 
-3.83 2.32 -137.67 -0.97 -0.31 -0.55 
33.76 1.70 -139.47 -0.86 -0.35 -0.38 
64.05 -1.63 -138.22 0.20 0.04 0.47 
105.15 -3.63 -147.56 1.21 0.24 0.28 
48.93 -3.28 -156.91 1.55 0.43 -0.29 
-11.78 -2.79 -156.16 1.32 0.33 -0.31 
-121.66 -2.26 -134.63 1.58 0.37 -0.25 
-62.78 -2.39 -115.33 1.28 0.10 0.25 
-9.69 2.30 -101.68 -0.83 -0.22 -0.74 
59.03 1.33 -104.57 -0.77 -0.33 -0.84 
149.46 -1.22 -119.42 0.15 -0.58 0.33 
-4.07 -3.27 -138.32 1.41 0.22 -0.20 
-67.29 -2.58 -129.28 1.57 0.33 -0.25 
-244.98 -2.25 -81.55 1.05 -0.33 0.09 
61.72 -0.04 -57.17 0.20 -0.53 0.32 
55.66 3.30 -44.15 -0.62 -0.23 -0.01 
-21.35 2.59 -48.16 -1.01 -0.29 -0.56 
23.32 1.97 -48.35 -0.90 -0.35 -0.42 
3.56 2.17 -58.34 -0.44 -0.11 0.07 
20.20 -4.35 -71.53 0.62 -0.04 0.03 
114.21 -4.20 -99.34 2.03 0.05 -0.05 
-21.13 -3.35 -101.37 1.16 0.16 -0.17 
-43.24 -2.69 -96.74 1.44 0.31 -0.18 
-102.49 -2.54 -76.08 1.49 0.18 -0.12 
-43.88 -1.55 -54.26 0.67 -0.17 0.40 
-11.82 1.47 -40.45 -0.27 -0.29 0.45 
-79.27 2.12 -28.88 -0.54 -0.13 -0.76 
0.91 2.07 -26.95 -1.00 0.00 -0.62 
-7.29 2.32 -43.39 -0.58 -0.13 -0.08 
72.02 -2.06 -65.44 0.35 -0.28 0.45 
149.26 -3.60 -90.26 1.85 0.51 -0.30 
-1.16 -2.91 -91.09 1.21 0.40 -0.25 
-5.03 -2.61 -87.64 1.20 0.38 -0.25 
-100.65 -2.36 -74.94 1.49 0.41 -0.25 
-70.62 -2.45 -55.48 1.20 -0.03 0.21 
-3.57 -0.50 -42.27 0.31 -0.27 0.44 
-44.87 2.92 -33.45 -0.55 -0.30 -0.16 
10.31 2.55 -19.34 -0.96 -0.09 -0.62 
-57.67 1.76 -29.82 -0.86 -0.14 -0.56 
96.65 -1.51 -39.89 0.10 -0.04 0.27 
157.31 -3.91 -66.15 1.17 0.20 0.03 
40.90 -3.22 -60.83 1.91 0.70 -0.48 
-3.62 -3.06 -65.95 1.06 0.29 -0.15 
-9.30 -2.41 -65.96 1.40 0.44 -0.32 
-143.88 -2.18 -48.11 1.41 0.30 -0.31 
-146.14 -0.72 -27.73 0.42 -0.24 0.39 
38.24 2.72 -18.17 -0.37 -0.31 -0.03 
-31.17 2.14 -19.96 -0.79 -0.23 -0.64 
51.38 1.69 -20.00 -0.83 -0.42 -0.39 
95.24 -1.01 -31.41 0.04 0.01 0.37 
140.79 -3.38 -43.78 1.33 -0.01 0.57 
41.05 -3.48 -56.34 1.45 0.29 -0.19 
3.63 -3.07 -54.10 1.35 0.32 -0.10 
-97.56 -2.33 -46.44 1.65 0.53 -0.13 
-92.41 -2.45 -33.94 1.10 0.05 0.20 
-6.72 -0.68 -21.10 0.37 -0.16 0.51 
-107.47 3.07 -5.22 -0.56 -0.16 -0.29 
25.35 1.94 -4.83 -1.14 -0.21 -1.23 
-24.79 1.61 -14.77 -0.77 -0.24 -0.43 
100.59 -0.91 -24.01 0.00 -0.25 0.19 
9.24 -3.54 -47.10 1.25 -0.17 0.39 
95.84 -3.06 -58.43 1.55 0.68 -0.18 
46.55 -2.83 -68.80 1.30 0.41 -0.11 
-110.78 -2.40 -54.30 1.52 0.41 -0.11 
-132.68 -2.40 -33.52 1.14 0.01 0.24 
-90.78 0.59 -19.54 0.00 -0.40 0.32 
-1.57 2.74 -3.84 -0.62 -0.32 0.19 
34.08 2.60 3.64 -0.80 -0.13 -0.59 
41.20 1.90 2.20 -0.86 -0.17 -0.59 
9.43 2.12 -6.18 -0.55 -0.23 -0.06 
89.69 -1.35 -26.93 0.23 -0.54 0.62 
58.63 -3.44 -22.15 1.88 0.73 0.15 
-28.04 -2.72 -20.32 1.26 0.39 0.12 
-110.09 -2.25 -16.28 1.58 0.46 0.15 
-141.20 -2.27 1.06 1.08 -0.08 0.27 
-14.17 0.60 23.72 0.00 -0.43 0.35 
1.83 3.50 36.02 -0.71 -0.18 -0.02 
49.88 2.93 38.76 -0.95 -0.16 -0.30 
-9.58 2.11 29.27 -0.94 -0.21 -0.40 
57.63 -3.52 27.67 0.88 0.29 0.12 
71.43 -3.49 20.79 1.52 0.38 -0.23 
8.75 -3.32 18.16 1.41 0.23 -0.25 
-4.16 -2.67 25.04 1.32 0.35 -0.20 
-89.96 -2.30 39.37 1.74 0.44 -0.04 
-101.50 -1.96 56.96 0.87 -0.12 0.34 
-24.25 2.53 72.04 -0.24 -0.24 -0.03 
-12.52 2.88 75.18 -0.85 -0.19 -0.39 
88.48 1.81 77.15 -0.94 -0.26 -0.54 
53.93 -0.40 64.44 -0.01 -0.27 0.48 
100.91 -3.68 48.03 1.07 0.18 0.24 
55.53 -3.44 38.69 1.55 0.50 -0.12 
35.71 -2.73 38.21 1.37 0.44 -0.11 
-101.99 -2.46 50.38 1.58 0.32 -0.10 
-14.26 -2.20 89.83 0.98 -0.28 0.08 
-18.41 0.82 108.83 -0.04 -0.32 0.27 
18.56 3.45 115.56 -0.72 -0.19 -0.05 
48.07 2.25 118.59 -1.02 -0.28 -0.57 
12.43 2.26 111.41 -0.79 -0.22 -0.27 
3.85 -1.07 89.57 0.15 -0.28 0.51 
158.38 -3.63 68.00 1.05 0.09 0.30 
143.16 -2.72 57.66 1.34 0.66 -0.22 
-81.64 -2.85 65.05 1.40 0.40 0.01 
-120.84 -2.40 80.07 1.57 0.32 -0.06 
-64.76 -1.86 99.87 0.99 -0.07 0.46 
-18.20 1.51 116.02 -0.17 -0.24 0.35 
-19.78 3.37 120.71 -0.95 -0.19 -0.35 
4.40 2.03 116.62 -1.00 -0.19 -0.83 
34.07 2.08 101.22 -0.63 -0.18 -0.24 
151.03 -0.72 79.59 0.00 -0.46 0.38 
25.68 -3.44 60.21 1.75 0.45 -0.19 
62.24 -2.69 57.03 1.36 0.58 -0.19 
-71.20 -2.36 68.57 1.40 0.50 -0.21 
-135.28 -2.54 90.54 1.40 0.24 0.03 
-32.19 -1.52 111.66 0.68 -0.08 0.50 
-31.40 0.91 129.30 -0.06 -0.31 0.37 
-133.40 1.80 142.95 -0.66 -0.32 -1.27 
-1.24 2.52 142.58 -1.02 0.02 -0.35 
-8.21 1.32 127.31 -0.39 -0.29 0.13 
48.95 -2.04 116.71 0.29 -0.07 0.43 
31.27 -4.27 78.61 1.63 -0.02 -0.20 
-15.30 -3.38 62.13 1.55 0.12 -0.35 
0.50 -2.86 62.34 1.34 0.36 -0.09 
-115.01 -1.74 77.86 1.72 0.53 -0.45 
-104.81 -2.61 105.27 1.12 0.00 0.12 
-59.20 0.65 125.21 0.00 -0.23 0.23 
-18.06 2.90 138.55 -0.75 -0.30 -0.30 
55.17 2.15 138.48 -0.97 -0.07 -0.47 
193.32 0.53 126.16 -0.16 -0.13 0.22 
132.17 -3.52 113.79 0.80 0.21 0.19 
37.98 -3.42 103.70 1.72 0.44 -0.22 
52.06 -2.97 100.32 1.22 0.36 -0.26 
-55.54 -2.54 114.74 1.55 0.38 -0.18 
-97.07 -2.78 155.07 1.18 0.04 -0.01 
-48.30 1.37 174.27 -0.11 -0.20 0.26 
-13.83 2.86 180.82 -0.71 -0.36 0.10 
13.05 2.43 189.53 -0.91 -0.37 -0.47 
1.97 2.00 184.95 -0.93 -0.37 -0.46 
133.02 -3.67 166.58 0.31 0.05 0.07 
-225.68 -3.28 142.59 1.57 -0.63 0.02 
233.96 -3.62 107.60 1.43 0.06 -0.07 
-125.70 -3.04 120.01 1.39 0.33 0.07 
-67.62 -2.61 135.89 1.59 0.25 0.13 
-67.33 -1.83 161.26 0.94 -0.16 0.30 
-24.68 2.04 180.19 -0.34 -0.27 0.36 
-8.74 2.89 184.05 -0.84 -0.28 -0.35 
9.05 2.38 186.30 -0.99 -0.18 -0.45 
15.40 2.37 179.07 -0.71 -0.21 -0.07 
221.33 -2.65 159.48 0.45 -0.09 0.38 
99.61 -3.81 149.18 1.54 0.31 0.12 
-28.46 -3.31 151.27 1.49 0.40 0.00 
-49.32 -2.48 158.07 1.43 0.42 -0.09 
-79.38 -2.41 170.16 1.34 0.24 0.16 
-70.13 0.19 197.41 0.08 -0.21 0.33 
-7.91 3.24 200.31 -0.70 -0.19 -0.14 
81.34 2.16 203.80 -1.06 -0.31 -0.50 
59.43 1.11 185.08 -0.32 -0.33 0.21 
77.11 -2.71 166.73 0.57 -0.13 0.46 
176.74 -3.73 163.19 1.66 0.42 -0.06 
28.74 -2.99 160.46 1.42 0.46 -0.03 
-87.39 -2.60 168.45 1.50 0.38 0.06 
-103.01 -2.60 186.82 1.35 0.12 0.11 
-48.74 -0.87 203.61 0.31 -0.12 0.46 
-43.13 2.98 209.27 -0.31 -0.14 0.11 
-18.01 2.73 216.32 -0.59 -0.35 -0.10 
-23.64 1.93 215.23 -0.84 -0.37 -0.44 
-92.06 -2.49 217.82 1.46 0.38 0.04 
-82.94 -2.12 239.26 1.10 -0.04 0.36 
-52.49 0.68 258.26 -0.01 -0.33 0.29 
-2.34 2.55 265.65 -0.62 -0.34 0.22 
62.97 3.00 264.21 -0.93 -0.24 -0.09 
22.24 1.77 252.29 -0.57 -0.28 0.25 
42.86 -1.35 232.87 0.22 -0.31 0.59 
47.08 -2.88 213.15 1.00 -0.19 0.56 
74.14 -3.30 203.77 1.31 0.11 0.36 
-55.01 -2.70 210.53 1.35 0.11 0.45 
-73.01 -2.33 228.71 1.25 -0.09 0.40 
-13.94 2.72 251.59 -0.96 -0.34 -0.26 
0.24 2.45 246.16 -0.79 -0.27 0.10 
33.50 0.05 232.85 -0.14 -0.34 0.44 
45.56 -2.77 210.98 0.82 -0.19 0.49 
55.14 -3.27 189.32 1.31 -0.38 0.06 
135.34 -3.52 169.52 1.31 0.23 -0.02 
-17.34 -2.96 179.98 1.40 0.25 -0.03 
-55.89 -2.54 200.49 1.67 0.12 0.02 
-68.73 -2.08 221.54 0.62 -0.16 0.15 
-30.85 1.22 233.70 -0.26 -0.38 0.51 
63.43 3.19 235.54 -0.81 -0.32 -0.10 
-38.25 2.33 232.77 -0.78 -0.28 0.18 
68.30 -0.05 219.17 -0.07 -0.31 0.35 
136.99 -2.88 187.12 0.76 -0.23 0.34 
-3.01 -3.43 181.87 1.31 0.47 0.24 
48.19 -3.05 177.91 1.15 0.37 0.09 
-26.87 -2.70 185.45 1.32 0.37 0.05 
-137.27 -2.46 204.38 1.54 0.19 0.19 
-79.59 -0.85 218.00 0.39 -0.13 0.50 
-11.69 2.28 229.36 -0.41 -0.25 0.36 
-26.07 3.06 229.43 -0.97 -0.34 -0.07 
21.56 2.47 226.52 -0.90 -0.23 -0.26 
44.68 1.05 217.00 -0.33 -0.23 0.27 
106.07 -2.23 196.21 0.62 -0.08 0.64 
154.95 -3.64 179.82 1.27 0.30 0.22 
-39.28 -2.79 179.38 1.46 0.45 0.37 
-149.27 -2.43 192.93 1.59 0.44 0.34 
-79.66 -1.71 210.98 0.64 -0.08 0.35 
-48.81 1.01 222.88 -0.13 -0.26 0.53 
0.82 2.72 228.96 -0.66 -0.32 0.12 
37.88 2.42 229.24 -1.08 -0.34 -0.33 
3.96 0.98 217.52 -0.38 -0.30 0.34 
-14.98 -0.54 204.15 0.05 -0.25 0.86 
169.62 -2.66 195.02 0.83 0.00 0.59 
107.66 -3.05 189.76 0.97 0.34 0.27 
-87.64 -2.89 209.17 1.34 0.47 0.24 
-62.11 -2.54 215.47 1.25 0.32 0.11 
-88.25 -1.73 233.12 0.76 -0.02 0.45 
-10.28 0.40 257.50 0.02 -0.64 0.47 
-24.98 2.32 275.20 -0.56 -0.38 0.28 
49.46 2.87 273.39 -0.92 -0.21 -0.01 
43.29 2.83 273.00 -0.85 -0.18 0.05 
-30.20 -2.85 306.32 1.13 0.29 -0.24 
-24.35 -2.77 310.29 0.96 0.29 -0.22 
-15.16 -3.20 302.32 0.92 0.13 -0.22 
100.65 -3.25 303.12 1.39 0.08 -0.13 
255.28 -2.17 297.23 1.28 0.41 -0.56 
-25.78 -2.84 297.85 1.50 0.19 0.30 
-129.01 -2.75 318.32 1.07 0.02 0.05 
-34.82 1.07 -320.95 -0.09 -0.32 0.39 
-33.63 3.26 -314.39 -0.80 -0.24 -0.22 
34.88 2.40 -313.72 -0.93 -0.26 -0.33 
49.30 2.13 -315.90 -0.61 -0.26 0.14 
100.59 -1.35 -320.94 0.19 -0.04 0.60 
85.04 -3.15 -326.81 1.07 0.31 0.50 
10.28 -3.44 319.34 1.30 0.28 -0.09 
-75.43 -0.39 -291.72 0.36 -0.10 0.53 
-8.60 2.58 -284.73 -0.50 -0.24 0.29 
-11.20 3.10 -281.96 -0.84 -0.27 -0.07 
53.29 2.80 -279.44 -1.06 -0.12 -0.39 
45.19 2.43 -286.09 -0.72 -0.16 0.07 
44.05 0.10 -292.51 -0.12 -0.22 0.68 
50.66 -1.62 -300.77 0.39 -0.06 0.76 
46.47 -3.66 -315.87 1.12 0.09 0.24 
19.69 -3.36 -318.10 1.44 0.35 -0.09 
-59.85 -2.75 -308.11 1.76 0.51 0.19 
-60.82 -2.76 -288.54 1.12 0.00 -0.05 
-22.72 1.17 -273.74 -0.19 -0.24 0.64 
7.68 3.59 -264.52 -0.56 -0.14 0.00 
33.88 2.17 -261.71 -1.12 -0.07 -0.76 
10.99 2.47 -267.49 -0.78 -0.21 -0.08 
40.96 1.10 -271.60 -0.41 -0.16 0.36 
7.20 -3.04 -271.38 0.67 0.04 0.41 
31.02 -3.65 -277.59 1.50 0.32 -0.06 
-43.07 -2.97 -271.59 1.52 0.46 0.07 
-92.37 -2.39 -266.01 1.46 0.36 -0.06 
-107.08 -1.99 -250.85 0.98 -0.03 0.41 
-64.06 0.48 -235.09 0.00 -0.27 0.30 
-36.37 3.04 -232.24 -0.97 -0.43 -0.05 
23.37 3.03 -223.78 -0.94 -0.29 -0.20 
13.50 2.23 -232.53 -0.74 -0.28 -0.16 
139.60 -1.12 -261.50 0.10 -0.24 0.50 
165.94 -3.71 -289.90 1.42 0.38 0.04 
-13.61 -2.90 -289.08 1.40 0.64 -0.13 
-26.72 -2.75 -285.08 1.25 0.37 -0.02 
-99.77 -2.49 -267.61 1.61 0.39 0.06 
-43.02 -2.12 -248.82 0.84 -0.04 0.28 
-21.16 0.37 -238.85 0.04 -0.31 0.52 
22.30 2.91 -231.38 -0.73 -0.33 -0.01 
4.42 2.13 -229.69 -1.06 -0.36 -0.67 
9.88 2.11 -234.69 -0.68 -0.34 -0.01 
127.50 -0.65 -242.66 0.03 -0.23 0.54 
100.10 -2.87 -251.12 0.81 0.22 0.54 
71.23 -3.38 -262.65 1.44 0.35 0.20 
25.88 -3.28 -261.32 1.32 0.32 -0.08 
-84.35 -2.47 -251.80 1.52 0.49 0.12 
-84.58 -2.31 -237.07 1.29 0.23 0.25 
-118.03 -1.28 -220.43 0.46 -0.19 0.33 
28.84 2.75 -210.42 -0.70 -0.32 0.21 
-2.73 2.92 -207.17 -0.82 -0.30 -0.17 
7.56 2.60 -207.40 -0.94 -0.25 -0.25 
46.24 1.24 -215.44 -0.30 -0.25 0.03 
82.64 -2.53 -225.90 0.67 -0.01 0.54 
78.66 -3.90 -247.98 1.39 0.10 0.16 
90.34 -3.24 -260.58 1.32 0.37 -0.10 
-87.70 -2.72 -247.38 1.51 0.36 0.01 
-23.56 -2.65 -218.07 1.66 0.15 -0.05 
1.65 -0.01 -202.76 0.16 -0.03 0.53 
-5.47 2.86 -193.38 -0.95 -0.55 -0.44 
25.75 1.57 -187.28 -0.84 -0.27 -1.06 
-13.11 2.15 -194.40 -0.65 -0.25 0.00 
105.66 -0.40 -204.90 -0.07 -0.37 0.52 
41.68 -3.30 -213.89 1.16 0.27 0.48 
-1.63 -3.29 -219.36 1.43 0.32 0.09 
-40.78 -2.68 -212.81 1.35 0.44 0.26 
-106.28 -2.32 -200.25 1.46 0.29 0.30 
-120.19 -1.67 -185.92 0.82 0.04 0.47 
-77.92 2.10 -168.41 -0.27 -0.38 -0.08 
-17.75 2.39 -160.23 -0.88 -0.18 -0.57 
40.34 2.20 -158.57 -0.98 -0.03 -0.52 
40.69 2.49 -168.79 -0.59 -0.12 0.00 
56.13 -1.28 -188.82 0.20 -0.32 0.74 
135.94 -2.84 -208.52 0.86 0.00 0.61 
54.54 -3.64 -215.33 1.16 0.31 0.10 
4.01 -3.17 -216.73 1.26 0.35 0.00 
32.13 -2.57 -208.44 1.54 0.48 0.03 
-66.56 -2.54 -200.11 1.44 0.20 0.02 
-45.74 -1.24 -184.17 0.67 -0.17 0.56 
-2.69 3.51 -169.99 -0.43 -0.10 0.12 
-75.98 3.41 -173.89 -0.88 -0.06 -0.18 
7.12 2.45 -176.36 -1.00 -0.16 -0.41 
7.37 2.14 -181.44 -0.61 -0.22 0.18 
30.31 -0.39 -188.00 -0.04 -0.24 0.62 
34.26 -2.66 -194.56 0.69 0.03 0.53 
89.10 -3.56 -207.24 1.24 0.28 0.16 
29.14 -3.22 -218.20 1.15 0.30 -0.16 
-87.71 -2.47 -200.15 1.58 0.44 0.08 
-103.65 -2.18 -190.58 1.06 0.25 0.21 
-53.00 0.51 -179.56 0.00 -0.10 0.55 
-45.45 2.30 -171.78 -0.53 -0.24 0.34 
-0.43 2.76 -171.62 -0.87 -0.30 0.25 
-6.42 2.80 -174.16 -0.96 -0.29 -0.34 
37.38 2.36 -179.87 -0.78 -0.26 0.04 
6.08 0.32 -189.84 -0.23 -0.44 0.50 
71.99 -1.61 -201.34 0.37 -0.34 0.68 
70.27 -3.33 -215.58 0.99 -0.02 0.38 
34.04 -3.07 -215.89 1.22 0.45 0.06 
-16.75 -2.99 -216.85 1.40 0.29 0.14 
-86.69 -2.39 -200.38 1.37 -0.01 0.29 
-48.02 -0.40 -174.21 0.31 -0.41 0.41 
28.26 3.42 -162.79 -0.58 -0.03 0.20 
-65.13 2.42 -165.26 -0.92 -0.38 -0.51 
85.69 1.98 -171.11 -0.62 -0.32 -0.04 
28.79 -1.05 -180.36 0.19 -0.20 0.67 
22.98 -3.12 -191.62 1.15 0.11 0.36 
6.11 -3.28 -194.22 1.42 0.21 0.15 
-73.89 -2.63 -187.06 1.47 0.21 0.32 
-41.00 -2.07 -175.02 0.98 0.00 0.41 
-69.40 -0.49 -159.27 0.38 -0.31 0.64 
-36.27 1.72 -150.55 -0.31 -0.45 0.29 
-16.33 2.40 -151.75 -1.00 -0.44 -0.58 
34.86 2.06 -158.00 -0.71 -0.34 0.12 
77.63 -0.90 -166.66 0.07 -0.29 0.54 
14.93 -2.79 -172.48 0.68 0.05 0.53 
172.50 -3.80 -189.23 1.28 0.26 -0.09 
-48.65 -3.37 -185.62 1.39 0.24 -0.20 
-15.26 -2.80 -182.58 1.39 0.29 -0.02 
-73.91 -2.65 -164.40 1.49 0.12 0.08 
-82.56 -1.64 -145.15 0.72 -0.14 0.40 
-21.43 2.33 -138.24 -0.28 -0.29 0.22 
-55.32 2.72 -137.20 -0.89 -0.45 -0.25 
37.59 1.78 -134.60 -0.57 -0.38 0.06 
74.85 -0.79 -140.00 0.02 -0.26 0.44 
93.89 -3.49 -158.13 0.99 0.18 0.32 
-39.78 -3.20 -154.92 1.55 0.59 0.18 
-27.10 -2.87 -153.94 1.46 0.20 0.25 
-94.65 -2.54 -143.90 1.28 0.24 0.27 
-47.83 -1.64 -135.78 0.74 -0.19 0.48 
-53.85 1.37 -124.73 -0.22 -0.42 0.36 
-44.53 2.61 -102.39 -0.69 -0.50 0.14 
-11.53 2.46 -107.23 -1.08 -0.09 -0.65 
48.61 2.03 -115.80 -0.69 -0.37 -0.01 
30.07 0.36 -128.08 -0.25 -0.47 0.47 
132.31 -2.32 -137.66 0.27 -0.18 0.35 
134.95 -3.41 -147.80 1.28 0.37 0.34 
9.63 -2.89 -150.97 1.40 0.34 0.32 
-74.14 -2.58 -139.59 1.36 0.27 0.23 
-68.99 -1.72 -128.02 0.86 0.05 0.52 
-51.54 0.35 -115.52 0.05 -0.29 0.49 
-31.83 2.13 -109.01 -0.46 -0.35 0.33 
-6.65 2.95 -110.24 -0.96 -0.38 -0.15 
38.92 2.19 -112.61 -0.94 -0.41 -0.27 
35.80 1.21 -121.21 -0.49 -0.39 0.28 
60.76 -1.15 -130.16 0.15 -0.33 0.63 
124.59 -2.87 -141.26 0.84 0.14 0.50 
-107.37 -2.00 -98.38 0.76 -0.13 0.29 
-52.38 -0.03 -83.25 0.13 -0.17 0.50 
-54.41 2.87 -86.86 -0.50 -0.19 0.29 
49.88 2.19 -86.55 -0.95 -0.43 -0.55 
-7.78 1.87 -89.70 -0.66 -0.35 0.24 
21.52 0.24 -95.40 -0.21 -0.37 0.61 
51.10 -1.64 -107.30 0.36 -0.27 0.63 
124.92 -3.39 -133.80 0.87 -0.08 0.24 
-55.98 -3.15 -134.99 1.40 0.50 0.07 
-40.61 -2.85 -127.46 1.40 0.28 0.22 
-81.03 -2.44 -114.88 1.40 0.12 0.29 
5.90 2.95 -93.07 -0.85 -0.33 0.00 
30.17 1.94 -88.92 -0.92 -0.41 -0.47 
26.55 1.86 -91.00 -0.56 -0.23 0.22 
-17.72 -0.27 -97.36 -0.04 -0.33 0.65 
96.73 -2.04 -114.54 0.45 -0.12 0.62 
43.12 -3.47 -126.08 1.25 0.17 0.33 
12.82 -3.19 -127.10 1.30 0.21 0.27 
-102.56 -2.36 -118.41 1.45 0.13 0.50 
-85.69 -1.97 -103.75 0.96 -0.21 0.42 
-53.58 -0.17 -88.44 0.19 -0.37 0.52 
-24.15 1.66 -79.36 -0.38 -0.41 0.42 
-2.53 2.83 -78.85 -0.74 -0.38 0.07 
-0.49 2.04 -80.29 -1.02 -0.56 -0.65 
21.22 1.63 -84.11 -0.59 -0.45 0.02 
79.07 -0.35 -91.92 -0.13 -0.41 0.46 
96.76 -3.48 -122.22 0.88 -0.10 0.31 
9.82 -3.56 -127.20 1.71 0.44 0.00 
-62.27 -2.74 -120.02 1.60 0.29 0.23 
-90.79 -2.52 -104.48 1.15 -0.01 0.17 
-69.32 -1.12 -86.03 0.42 -0.22 0.46 
-21.01 1.87 -74.00 -0.38 -0.40 0.35 
10.38 3.44 -69.40 -0.71 -0.28 -0.15 
62.97 1.76 -66.27 -1.06 -0.28 -0.81 
18.53 1.67 -74.62 -0.59 -0.41 0.00 
91.53 -0.44 -86.32 -0.01 -0.40 0.52 
55.72 -2.42 -97.54 0.68 -0.16 0.67 
96.90 -3.69 -113.03 1.21 0.18 0.18 
-19.75 -2.83 -106.86 1.50 0.39 0.27 
-66.99 -2.55 -96.93 1.35 0.11 0.22 
-40.50 -1.11 -77.55 0.53 -0.17 0.56 
-25.51 1.58 -66.45 -0.28 -0.32 0.49 
13.77 2.87 -64.08 -0.83 -0.44 -0.21 
34.76 2.62 -61.61 -0.88 -0.18 -0.15 
-31.94 1.52 -67.08 -0.48 -0.34 0.35 
47.33 -0.59 -72.37 0.00 -0.37 0.70 
8.21 -3.27 -93.84 0.91 -0.16 0.49 
68.98 -4.03 -110.31 1.41 0.09 -0.01 
8.31 -3.12 -109.51 1.34 0.32 -0.06 
-62.56 -2.78 -101.80 1.33 0.08 -0.04 
-65.57 -2.36 -84.90 1.16 -0.04 0.34 
-32.01 -0.73 -70.81 0.41 -0.25 0.59 
6.47 2.27 -62.99 -0.43 -0.33 0.32 
-20.82 2.68 -62.92 -0.91 -0.26 -0.43 
28.37 1.61 -71.98 -0.44 -0.28 0.18 
125.23 -2.79 -81.45 0.66 0.00 0.52 
57.93 -3.71 -93.31 1.20 0.19 0.07 
26.14 -3.37 -103.68 1.30 0.25 -0.18 
-95.43 -2.55 -88.52 1.49 0.25 0.09 
-88.71 -2.01 -77.82 0.98 0.03 0.43 
-96.62 -0.37 -65.96 0.26 -0.35 0.46 
-2.84 1.62 -57.64 -0.40 -0.50 0.34 
-19.07 2.89 -55.49 -0.80 -0.36 -0.07 
23.59 1.70 -59.01 -1.26 -0.61 -0.68 
34.63 0.49 -71.05 -0.28 -0.30 0.38 
124.24 -3.29 -84.60 0.71 0.04 0.34 
53.47 -3.58 -98.23 1.36 0.23 0.03 
0.21 -3.06 -92.85 1.60 0.15 0.19 
-54.42 -2.54 -80.37 1.32 0.02 0.27 
-49.20 -1.53 -64.04 0.68 -0.28 0.42 
-25.64 0.60 -50.68 -0.04 -0.38 0.54 
-10.24 2.70 -41.96 -0.58 -0.29 0.23 
19.94 2.97 -39.24 -0.86 -0.34 0.03 
-18.50 2.29 -43.83 -0.89 -0.32 -0.30 
14.95 1.52 -52.82 -0.58 -0.38 0.29 
35.36 -0.50 -63.39 0.04 -0.31 0.61 
122.58 -3.42 -75.88 1.10 -0.02 0.41 
57.21 -3.36 -83.15 1.20 0.22 0.26 
-51.97 -2.73 -75.90 1.48 0.25 0.28 
-79.59 -2.47 -65.90 1.31 0.11 0.21 
-51.86 -1.11 -50.84 0.54 -0.23 0.54 
-13.74 1.68 -35.16 -0.24 -0.35 0.32 
-0.04 3.22 -31.84 -0.96 -0.14 -0.24 
15.08 2.55 -34.20 -0.93 -0.19 -0.18 
-14.22 0.09 -41.57 -0.18 -0.18 0.48 
79.60 -1.77 -51.25 0.49 -0.23 0.75 
45.92 -3.66 -56.35 1.19 0.34 0.03 
47.75 -3.49 -63.66 1.37 0.08 -0.09 
-42.94 -2.99 -56.36 1.42 0.21 -0.03 
-75.12 -2.58 -44.41 1.23 0.08 0.19 
-84.18 -1.23 -31.03 0.57 -0.16 0.47 
-48.40 1.69 -21.88 -0.25 -0.39 0.31 
-2.14 3.08 -18.89 -0.85 -0.33 -0.14 
-9.46 2.35 -19.26 -0.95 -0.22 -0.35 
-6.53 0.91 -24.19 -0.37 -0.35 0.28 
87.51 -2.00 -43.46 0.38 -0.17 0.58 
22.15 -3.90 -63.91 1.64 0.25 -0.04 
-49.54 -3.14 -62.31 1.29 0.21 -0.16 
-44.14 -2.83 -60.34 0.80 0.12 -0.28 
-244.98 -2.76 -60.61 1.35 0.04 -0.63 
53.62 -2.85 -58.14 0.98 0.23 -0.24 
-21.86 -3.00 -55.75 0.99 0.20 -0.27 
-24.62 -2.62 -64.44 1.14 0.33 -0.37 
52.08 -2.28 -72.89 0.82 0.39 -0.36 
-11.67 -2.40 -68.44 0.95 0.29 -0.41 
-25.78 -3.04 191.70 0.87 0.22 -0.22 
13.46 -3.09 86.48 0.92 0.12 -0.11 
-10.24 -2.92 -88.96 1.08 0.26 -0.14 
124.27 -3.37 -91.86 1.10 -0.15 0.00 
255.28 -2.34 -108.42 1.22 0.52 -0.33 
-2.00 -3.03 -101.84 0.63 0.11 -0.13 
18.69 -2.87 -68.58 1.03 0.16 -0.27 
-22.24 -2.80 -68.17 0.82 0.25 -0.05 
30.66 -2.73 -73.05 0.97 0.28 -0.28 
-2.70 -2.54 -77.30 1.12 0.41 -0.33 
31.74 -2.99 -81.07 1.13 0.07 -0.28 
113.07 -2.90 -85.19 1.53 0.39 0.15 
-39.97 -2.64 -69.81 1.36 0.23 0.20 
-48.46 -1.46 -53.69 0.79 0.03 0.59 
-33.45 1.51 -42.36 -0.11 -0.10 0.31 
-29.92 3.08 -46.81 -0.75 -0.27 -0.22 
66.24 2.08 -40.82 -0.88 -0.40 -0.25 
62.97 -0.27 -34.80 -0.06 -0.01 0.31 
61.79 -3.47 -40.55 1.05 0.26 0.31 
43.56 -3.47 -39.57 1.85 0.64 -0.30 
40.87 -3.14 -34.47 1.26 0.08 -0.16 
-49.81 -2.38 -27.33 1.58 0.49 -0.15 
-97.53 -2.12 -21.69 1.09 0.22 0.09 
-55.09 -0.69 -14.16 0.33 0.02 0.56 
-141.14 2.53 8.61 -0.38 -0.37 0.07 
2.44 2.09 8.51 -0.95 -0.36 -0.69 
85.24 1.89 7.95 -0.50 -0.27 0.13 
71.24 -2.68 5.02 0.54 0.08 0.46 
53.92 -3.65 2.58 1.67 0.49 0.07 
49.97 -3.56 2.55 1.15 0.23 -0.06 
-76.94 -2.48 11.74 1.64 0.47 0.04 
-145.91 -2.60 24.51 1.28 0.15 0.00 
-65.88 0.34 41.74 0.05 -0.24 0.43 
-0.56 2.90 51.27 -0.64 -0.33 0.00 
22.05 2.78 53.94 -0.98 -0.30 -0.09 
7.33 2.05 50.46 -0.63 -0.26 0.25 
44.20 0.00 38.78 -0.12 -0.22 0.45 
149.89 -3.88 13.27 1.24 0.21 -0.09 
130.47 -3.39 0.27 1.37 0.22 -0.18 
-100.65 -3.24 0.11 1.40 0.21 -0.02 
-64.78 -2.41 -6.82 1.36 0.49 -0.10 
-149.70 -2.44 12.82 1.05 0.09 0.18 
-36.99 -0.46 23.84 0.30 -0.15 0.56 
-80.15 2.51 35.58 -0.42 -0.37 0.00 
115.85 2.17 46.53 -0.92 -0.04 -0.75 
26.89 2.02 42.62 -0.84 -0.13 -0.33 
35.37 -2.25 32.11 0.21 -0.01 0.27 
183.02 -3.62 12.21 1.42 0.39 -0.19 
-11.92 -3.43 11.67 1.59 0.36 -0.07 
22.95 -2.85 15.87 1.48 0.41 -0.04 
-124.21 -2.37 32.91 1.67 0.35 -0.11 
-100.69 -1.14 58.25 0.47 -0.20 0.41 
-52.33 2.55 66.41 -0.36 -0.23 0.14 
-29.54 2.28 63.24 -0.89 -0.48 -0.45 
33.56 1.49 59.59 -0.64 -0.51 -0.08 
161.29 -1.88 53.90 0.21 -0.16 0.34 
98.84 -3.40 44.86 1.15 0.26 0.23 
86.46 -3.25 42.51 1.66 0.65 -0.17 
-30.90 -2.95 44.18 1.33 0.33 0.02 
-103.82 -2.27 52.04 1.65 0.52 0.01 
-105.48 -1.55 71.50 0.52 -0.15 0.30 
-32.47 1.39 81.08 -0.24 -0.36 0.39 
-31.30 3.22 84.77 -0.66 -0.22 -0.01 
-3.27 2.09 81.12 -0.90 -0.42 -0.60 
52.95 1.75 76.53 -0.72 -0.52 -0.10 
59.87 0.17 71.66 -0.20 -0.29 0.61 
62.84 -1.77 62.31 0.34 -0.14 0.57 
99.79 -3.54 46.87 1.18 0.21 0.18 
44.53 -3.40 42.29 1.45 0.43 0.00 
-58.17 -2.78 47.78 1.35 0.33 0.00 
-84.94 -2.46 57.51 1.48 0.29 0.07 
-72.64 -1.69 69.25 0.77 -0.02 0.48 
-79.83 0.65 79.34 -0.03 -0.26 0.58 
-59.69 -2.64 32.54 1.43 0.28 -0.02 
4.96 2.18 78.15 -0.97 -0.32 -0.55 
44.95 2.13 77.04 -0.69 -0.33 -0.12 
23.76 0.34 70.06 -0.23 -0.14 0.46 
104.05 -2.62 53.59 0.64 -0.11 0.56 
100.14 -3.63 41.72 1.44 0.39 0.20 
-4.27 -2.82 40.37 1.44 0.46 0.33 
-86.47 -2.10 54.25 1.46 0.26 0.25 
-86.18 -1.36 71.13 0.68 -0.13 0.54 
-50.62 0.92 85.54 -0.08 -0.29 0.51 
-19.17 2.97 93.42 -0.65 -0.30 0.00 
7.17 2.23 95.33 -0.97 -0.33 -0.62 
9.54 2.21 89.07 -0.75 -0.30 -0.25 
98.39 -0.01 85.18 -0.15 -0.35 0.33 
52.13 -3.17 88.88 1.05 0.35 0.45 
37.09 -3.54 77.72 1.55 0.38 0.25 
-30.86 -2.71 81.44 1.29 0.42 0.29 
-95.66 -2.19 93.98 1.41 0.25 0.31 
-97.85 -1.04 121.28 0.55 -0.21 0.57 
-35.66 2.29 135.02 -0.32 -0.27 0.20 
2.91 2.68 143.04 -0.83 -0.32 -0.42 
12.85 2.41 143.71 -0.91 -0.14 -0.33 
32.30 1.99 132.71 -0.58 -0.20 0.16 
6.76 -2.73 99.70 0.52 -0.33 0.27 
157.41 -4.02 62.01 1.56 0.28 -0.23 
-31.19 -3.40 60.50 1.54 0.00 -0.17 
-18.90 -2.83 69.14 1.40 0.19 -0.13 
-100.19 -2.39 91.21 1.23 0.14 0.22 
-50.52 -0.51 105.82 0.27 -0.18 0.49 
-10.80 2.63 112.96 -0.53 -0.35 0.19 
-10.53 2.59 115.96 -0.92 -0.46 -0.30 
24.89 2.34 116.14 -0.72 -0.22 -0.01 
62.24 -0.33 111.23 -0.07 -0.19 0.55 
52.84 -2.08 103.52 0.65 -0.06 0.83 
114.53 -3.81 88.62 1.02 0.10 0.18 
-7.90 -2.99 90.71 1.48 0.32 0.26 
-69.50 -2.73 102.55 1.36 0.25 0.14 
-86.88 -1.72 119.55 0.79 -0.08 0.43 
-63.20 0.82 132.57 -0.03 -0.32 0.41 
-15.16 2.35 140.88 -0.63 -0.46 0.21 
36.95 2.76 143.33 -0.91 -0.38 0.00 
36.81 2.13 135.52 -0.68 -0.33 0.05 
30.71 -0.85 122.49 0.10 -0.36 0.71 
108.21 -2.59 111.86 0.76 -0.01 0.61 
98.26 -3.44 100.48 1.28 0.34 0.21 
5.46 -3.09 99.10 1.28 0.32 0.12 
-47.89 -2.54 103.96 1.25 0.35 0.19 
-104.24 -2.16 114.05 1.12 0.16 0.39 
-72.97 -0.61 129.00 0.44 -0.29 0.67 
-65.50 1.86 139.17 -0.35 -0.37 0.39 
-3.84 2.79 148.46 -0.72 -0.39 -0.13 
40.96 2.75 151.10 -1.04 -0.19 -0.32 
58.82 2.28 143.62 -0.66 -0.23 0.00 
42.35 -0.70 131.88 0.09 -0.33 0.72 
89.60 -2.50 121.90 0.78 -0.02 0.71 
77.09 -3.68 108.85 1.10 0.29 0.17 
-30.52 -2.73 118.28 1.65 0.39 0.40 
-59.08 -2.54 128.73 1.23 0.10 0.23 
-50.82 -1.47 145.99 0.71 -0.16 0.58 
-36.95 0.63 159.66 -0.03 -0.26 0.53 
-16.74 2.47 168.28 -0.54 -0.32 0.27 
43.04 3.36 169.05 -0.98 -0.17 -0.06 
0.56 2.62 166.54 -0.89 -0.26 -0.15 
9.20 1.18 158.73 -0.36 -0.16 0.39 
54.79 -1.96 137.85 0.49 -0.31 0.66 
63.14 -3.01 123.80 1.13 0.14 0.55 
40.64 -2.82 119.00 1.24 0.18 0.47 
-60.84 -2.46 129.85 1.25 0.16 0.44 
-65.23 -1.91 144.72 0.94 -0.12 0.52 
-26.86 0.28 157.89 0.04 -0.34 0.54 
-6.94 1.89 165.47 -0.45 -0.42 0.34 
24.39 2.73 172.13 -0.88 -0.25 0.24 
2.02 2.15 164.70 -0.70 -0.23 0.29 
57.59 -0.71 152.07 0.04 -0.21 0.62 
42.88 -2.25 134.89 0.71 -0.21 0.68 
87.09 -3.20 124.15 1.06 0.18 0.30 
15.61 -3.05 120.19 1.50 0.29 0.34 
-69.24 -2.41 131.91 1.35 0.25 0.25 
-74.92 -2.04 149.76 0.96 -0.10 0.40 
-31.69 -0.11 167.92 0.18 -0.34 0.58 
-17.73 2.52 177.31 -0.52 -0.31 0.25 
48.53 2.76 176.06 -0.97 -0.28 -0.02 
15.67 0.08 160.69 -0.15 -0.25 0.54 
72.37 -2.27 148.71 0.50 -0.17 0.57 
20.72 -3.69 133.12 1.25 0.14 0.18 
57.43 -3.34 121.48 1.33 0.25 -0.02 
-30.84 -2.73 129.36 1.35 0.38 0.04 
-92.92 -2.51 145.07 1.39 0.25 0.08 
-64.40 -1.62 160.96 0.71 -0.08 0.50 
-37.53 0.98 174.69 -0.08 -0.23 0.44 
-18.25 2.70 177.90 -0.66 -0.37 0.09 
11.17 2.77 177.94 -0.91 -0.23 0.07 
1.30 1.16 170.71 -0.45 -0.36 0.44 
46.69 -0.48 161.71 0.01 -0.37 0.74 
43.81 -1.76 152.76 0.44 -0.17 0.73 
68.69 -2.94 146.78 0.99 0.07 0.46 
22.93 -3.18 139.46 1.17 0.22 0.27 
-29.74 -2.65 145.77 1.24 0.19 0.36 
-39.90 -2.45 155.89 1.06 0.00 0.41 
-46.40 -1.13 170.10 0.57 -0.20 0.62 
-45.54 0.65 181.63 -0.07 -0.33 0.60 
-23.75 2.09 188.42 -0.56 -0.38 0.34 
12.02 2.83 189.90 -0.87 -0.36 0.08 
-0.64 2.65 187.48 -0.87 -0.32 0.05 
24.81 1.70 181.44 -0.60 -0.37 0.29 
26.50 -0.64 171.09 0.02 -0.28 0.66 
29.43 -2.14 157.57 0.68 -0.20 0.71 
32.66 -2.85 148.59 1.10 0.03 0.56 
-17.81 -2.49 151.47 1.31 0.10 0.71 
-59.14 -1.95 168.95 1.00 -0.16 0.51 
-43.80 -0.49 184.12 0.29 -0.28 0.59 
-30.01 0.80 193.48 -0.16 -0.41 0.49 
-12.64 2.23 200.01 -0.67 -0.47 0.31 
17.95 2.78 202.80 -0.89 -0.34 0.06 
24.95 2.37 198.96 -0.75 -0.33 0.16 
24.71 0.74 189.23 -0.35 -0.26 0.53 
38.76 -1.25 169.63 0.29 -0.37 0.71 
70.09 -2.48 157.73 0.78 -0.12 0.66 
81.97 -3.40 144.35 0.91 0.15 0.21 
28.22 -3.12 139.86 1.30 0.36 0.19 
-67.17 -2.54 151.23 1.31 0.27 0.24 
-54.30 -1.92 165.00 0.94 -0.04 0.49 
-34.40 0.06 177.98 0.13 -0.25 0.62 
-24.59 1.72 187.34 -0.42 -0.39 0.45 
4.10 2.78 191.67 -0.75 -0.36 0.20 
-1.81 2.79 191.06 -0.90 -0.32 0.06 
23.50 2.37 186.39 -0.78 -0.33 0.14 
44.35 0.97 178.19 -0.38 -0.22 0.51 
60.19 -1.02 171.91 0.18 -0.21 0.71 
84.77 -2.47 161.74 0.84 -0.07 0.66 
35.02 -3.28 151.86 1.02 0.18 0.26 
57.92 -3.22 144.00 1.19 0.31 0.07 
-74.64 -2.65 154.57 1.36 0.37 0.16 
-94.25 -2.34 169.09 1.10 0.15 0.25 
-64.92 -0.95 183.21 0.47 -0.14 0.61 
-44.77 0.94 195.91 -0.16 -0.34 0.61 
0.83 2.61 202.62 -0.64 -0.35 0.23 
28.81 2.77 203.57 -0.96 -0.34 -0.05 
5.99 1.78 198.44 -0.62 -0.22 0.36 
31.95 -0.81 186.26 0.08 -0.34 0.67 
58.08 -2.39 171.55 0.64 -0.17 0.61 
26.92 -3.32 155.88 1.23 0.06 0.30 
-11.74 -2.97 154.57 1.30 0.16 0.33 
-71.72 -2.51 169.83 1.31 0.16 0.36 
-58.32 -1.83 188.45 0.81 -0.16 0.49 
-34.78 -0.14 204.07 0.19 -0.36 0.62 
-14.65 1.56 214.70 -0.33 -0.36 0.47 
28.66 3.11 219.55 -0.78 -0.28 0.16 
23.53 2.95 218.29 -0.95 -0.24 -0.13 
28.63 2.31 210.14 -0.67 -0.20 0.18 
68.88 -1.54 195.36 0.28 -0.19 0.67 
12.91 -2.73 185.95 0.98 -0.03 0.64 
74.64 -3.32 171.82 1.19 0.40 0.07 
-9.72 -2.78 175.64 1.35 0.40 0.27 
-82.80 -2.12 190.75 1.41 0.29 0.25 
-61.67 -0.43 214.45 0.36 -0.22 0.68 
-41.38 1.69 226.82 -0.33 -0.32 0.44 
-7.00 2.93 232.88 -0.69 -0.30 0.09 
16.82 2.99 236.20 -1.04 -0.19 -0.25 
-1.66 2.71 225.66 -0.77 -0.14 -0.06 
30.93 -0.45 201.11 -0.03 -0.29 0.51 
58.53 -2.51 177.49 0.72 -0.28 0.59 
126.74 -3.59 166.24 1.36 0.19 0.40 
-15.44 -2.75 169.81 1.41 0.22 0.44 
-58.40 -2.46 181.60 1.42 0.13 0.37 
-56.89 -1.74 198.60 0.81 -0.17 0.48 
-11.87 0.22 208.42 0.09 -0.29 0.56 
34.69 2.12 216.08 -0.50 -0.10 0.50 
21.81 2.78 218.92 -1.03 -0.33 -0.44 
10.87 2.92 216.75 -0.91 -0.12 -0.05 
37.81 0.77 208.15 -0.32 -0.07 0.43 
-8.96 -1.90 187.49 0.52 -0.32 0.55 
170.01 -3.94 158.07 1.53 0.11 0.07 
-2.64 -3.17 158.81 1.34 0.42 0.12 
-34.33 -2.66 166.62 1.49 0.38 0.17 
-78.98 -2.39 183.42 1.24 0.17 0.19 
-77.65 -0.68 206.73 0.36 -0.25 0.55 
-9.78 2.75 220.96 -0.75 -0.29 0.23 
40.32 2.93 221.69 -0.99 -0.32 -0.10 
11.59 1.86 211.68 -0.66 -0.38 0.20 
76.94 -0.24 203.66 -0.07 -0.24 0.51 
112.33 -3.23 183.54 1.10 0.09 0.55 
22.78 -3.35 175.95 1.41 0.36 0.15 
-48.95 -2.72 183.71 1.39 0.31 0.28 
-72.43 -2.20 196.48 1.17 0.12 0.40 
-65.84 -1.03 210.10 0.54 -0.19 0.61 
-26.69 1.36 222.23 -0.21 -0.36 0.49 
-24.91 2.55 224.64 -0.71 -0.38 0.26 
44.69 2.55 225.06 -1.04 -0.50 -0.23 
28.24 1.89 217.52 -0.57 -0.32 0.12 
54.18 -1.25 202.39 0.16 -0.36 0.55 
85.48 -3.31 192.39 1.06 0.14 0.47 
44.31 -3.43 181.01 1.36 0.32 0.15 
-23.13 -2.58 188.46 1.43 0.30 0.23 
-80.93 -2.28 200.76 1.23 0.24 0.33 
-95.75 -1.18 212.34 0.50 -0.12 0.46 
-63.77 1.03 221.84 -0.18 -0.28 0.56 
-37.47 2.27 229.59 -0.68 -0.50 0.31 
-5.81 3.55 230.95 -0.86 -0.12 -0.01 
20.01 2.56 231.60 -1.07 -0.33 -0.41 
49.70 2.34 225.96 -0.78 -0.29 -0.01 
58.67 -0.46 215.95 -0.06 -0.20 0.50 
27.14 -3.50 197.34 0.99 -0.03 0.48 
122.96 -3.54 185.32 1.38 0.25 0.17 
-10.98 -2.80 188.92 1.39 0.36 0.17 
-130.24 -2.35 209.73 1.43 0.21 0.31 
-61.20 -1.28 230.85 0.55 -0.23 0.48 
-26.33 0.86 242.49 -0.16 -0.43 0.55 
6.21 1.56 248.63 -0.40 -0.49 0.49 
-55.68 2.28 255.06 -0.82 -0.39 -0.56 
43.31 2.01 249.36 -0.72 -0.37 -0.11 
90.69 -0.18 232.29 -0.08 -0.46 0.44 
141.53 -3.07 213.36 0.90 0.12 0.52 
112.68 -3.24 198.24 1.25 0.36 0.35 
-81.06 -2.42 206.40 1.40 0.38 0.39 
-94.24 -2.42 207.55 1.39 0.36 0.34 
-91.07 -0.81 238.95 0.51 -0.29 0.56 
-33.39 1.72 256.18 -0.23 -0.30 0.22 
-9.20 2.58 261.45 -0.78 -0.31 -0.31 
-37.88 2.20 260.95 -0.82 -0.42 0.05 
28.81 -1.12 246.71 0.13 -0.34 0.60 
93.61 -2.61 226.72 0.66 -0.07 0.54 
-2.91 -2.51 229.78 1.29 0.23 0.67 
-86.25 -2.05 243.58 1.22 -0.07 0.53 
-32.94 -0.91 259.29 0.58 -0.40 0.59 
-9.53 1.24 272.74 -0.28 -0.29 0.59 
39.05 2.86 276.58 -0.75 -0.33 -0.20 
25.97 2.59 276.64 -0.96 -0.18 -0.29 
5.25 2.39 268.40 -0.59 -0.20 0.07 
56.05 -0.03 253.76 -0.11 -0.42 0.67 
59.86 -2.75 226.40 0.94 -0.08 0.73 
5.30 -2.72 217.21 1.22 -0.02 0.61 
-27.65 -2.17 222.31 1.16 0.16 0.65 
-49.92 -1.68 234.36 0.95 -0.01 0.74 
-198.20 -0.39 257.78 0.27 -0.29 0.57 
58.48 2.65 276.43 -0.39 -0.32 -0.02 
81.17 2.46 280.57 -0.88 -0.49 0.06 
56.49 2.38 276.18 -0.80 -0.36 0.05 
50.32 0.22 263.97 -0.21 -0.27 0.45 
64.03 -2.10 249.16 0.53 -0.20 0.64 
22.72 -3.30 236.07 1.31 0.11 0.39 
48.86 -2.98 232.56 1.17 0.25 0.30 
-67.48 -2.33 240.49 1.36 0.28 0.46 
-87.18 -2.20 260.53 1.14 0.00 0.51 
-27.72 -0.52 278.25 0.29 -0.23 0.57 
-7.05 2.19 288.77 -0.37 -0.22 0.43 
-15.51 2.92 289.74 -0.89 -0.26 -0.23 
39.17 2.61 284.41 -0.83 -0.22 0.06 
42.04 0.66 273.42 -0.27 -0.24 0.35 
91.94 -2.81 252.55 0.96 0.00 0.70 
40.36 -3.02 239.58 1.20 0.07 0.51 
-27.81 -2.75 237.03 1.23 0.02 0.52 
-15.16 -2.24 247.21 1.16 -0.02 0.56 
-62.52 -0.95 267.00 0.57 -0.13 0.57 
-56.29 0.49 282.07 -0.01 -0.34 0.46 
-13.09 2.46 290.89 -0.72 -0.37 0.27 
16.31 3.16 292.49 -0.85 -0.21 0.14 
19.60 2.69 290.54 -0.92 -0.33 -0.20 
40.35 2.53 286.19 -0.75 -0.22 0.13 
10.01 0.64 274.01 -0.33 -0.25 0.56 
37.92 -3.24 247.61 1.09 0.13 0.28 
18.62 -2.83 250.60 1.26 0.18 0.36 
-55.73 -2.51 259.95 1.25 0.16 0.38 
-46.86 -1.56 272.43 0.80 -0.11 0.62 
-63.07 -0.81 289.79 0.44 -0.29 0.52 
14.18 2.94 304.45 -0.48 -0.13 0.23 
35.53 2.98 306.83 -0.96 -0.03 -0.41 
4.86 2.47 305.63 -1.01 -0.13 -0.35 
6.95 2.14 299.98 -0.51 -0.10 0.16 
51.26 -0.99 292.30 0.09 -0.18 0.61 
121.51 -3.36 279.22 1.02 0.05 0.43 
-36.97 -3.53 278.59 1.22 0.14 0.02 
-51.02 -2.38 281.86 1.48 0.47 0.56 
-99.07 -2.12 290.32 1.33 0.29 0.35 
-65.93 -1.18 303.36 0.51 -0.12 0.51 
-47.46 1.43 312.09 -0.24 -0.23 0.48 
6.32 2.77 317.83 -0.67 -0.19 0.27 
-13.24 3.22 319.21 -0.88 -0.23 -0.11 
13.68 2.93 316.34 -0.93 -0.12 -0.10 
34.40 1.18 306.07 -0.43 -0.24 0.38 
62.00 -0.77 301.25 0.09 -0.08 0.52 
85.50 -3.09 277.88 1.14 0.03 0.62 
43.95 -2.89 273.16 1.32 0.34 0.46 
-49.43 -2.57 280.40 1.29 0.22 0.33 
-153.77 -2.05 296.80 1.13 0.17 0.42 
-45.54 -0.75 310.81 0.37 -0.29 0.55 
-9.78 1.87 321.64 -0.34 -0.28 0.39 
15.06 3.17 -327.55 -0.80 -0.23 0.11 
3.56 2.79 325.53 -1.10 -0.28 -0.30 
9.66 2.50 319.15 -0.81 -0.22 -0.04 
35.53 -0.06 318.82 -0.10 -0.21 0.50 
77.11 -2.13 313.04 0.45 0.26 0.58 
44.29 -3.25 296.12 1.33 0.31 0.27 
-3.44 -2.84 295.83 1.26 0.35 0.31 
-63.62 -2.33 303.32 1.31 0.39 0.40 
-94.95 -1.92 317.83 1.01 0.09 0.50 
-45.53 -0.41 -321.52 0.38 -0.22 0.67 
-51.41 2.54 -311.95 -0.47 -0.36 0.13 
22.78 2.70 -304.94 -1.10 -0.34 -0.28 
5.05 2.42 -310.97 -0.74 -0.22 0.16 
82.57 0.58 -311.15 -0.27 -0.32 0.43 
96.27 -1.35 -315.52 0.26 -0.08 0.75 
201.63 -3.66 -326.24 1.24 0.23 0.27 
-16.59 -3.27 324.97 1.27 0.39 0.04 
-28.70 -2.66 327.22 1.10 0.43 0.04 
-76.94 -2.50 -322.07 1.37 0.38 0.16 
-73.53 -1.94 -310.79 0.86 0.05 0.41 
-31.28 -0.21 -302.66 0.22 -0.16 0.64 
-15.71 1.62 -296.74 -0.32 -0.20 0.52 
-17.89 2.67 -294.92 -0.61 -0.24 0.26 
71.46 3.01 -294.23 -1.06 -0.13 -0.12 
32.57 1.90 -299.03 -0.55 -0.17 0.28 
40.11 -1.08 -306.71 0.14 -0.14 0.65 
42.11 -2.52 -317.91 0.84 0.00 0.71 
108.92 -2.97 -320.04 1.28 0.58 0.40 
-28.94 -2.53 -315.48 1.32 0.31 0.41 
-68.57 -2.29 -306.03 1.08 0.10 0.42 
-34.17 -1.23 -294.21 0.67 -0.08 0.72 
-45.78 0.41 -282.17 0.02 -0.26 0.56 
-32.73 2.55 -274.07 -0.54 -0.23 0.36 
19.60 3.04 -270.83 -0.85 -0.19 0.18 
0.32 3.20 -269.33 -0.98 -0.19 -0.03 
25.37 2.48 -276.29 -0.75 -0.12 0.15 
50.67 -0.78 -286.97 0.04 -0.12 0.52 
86.37 -3.20 -305.66 1.04 -0.04 0.51 
25.33 -3.34 -316.87 1.32 0.19 0.30 
17.03 -2.86 -316.09 1.28 0.33 0.22 
-85.21 -2.30 -301.85 1.34 0.24 0.40 
-51.33 -1.60 -287.21 0.67 -0.13 0.53 
-2.23 1.48 -275.15 -0.28 -0.30 0.48 
20.21 2.42 -268.72 -0.62 -0.28 0.32 
22.40 3.29 -267.99 -1.04 -0.16 -0.02 
31.88 1.79 -275.08 -0.61 -0.25 0.36 
57.73 -0.19 -282.44 -0.08 -0.13 0.67 
37.25 -2.03 -295.61 0.67 -0.22 0.80 
59.17 -3.10 -299.01 0.96 0.28 0.37 
4.50 -2.88 -303.72 1.20 0.20 0.47 
-40.89 -2.26 -298.25 1.25 0.26 0.57 
-73.29 -1.94 -285.73 1.10 0.12 0.55 
-71.14 -0.71 -268.46 0.40 -0.20 0.56 
-37.01 1.62 -256.91 -0.31 -0.37 0.38 
-14.22 2.73 -249.23 -0.70 -0.36 0.12 
40.58 2.45 -247.39 -1.13 -0.36 -0.42 
-60.40 -0.51 -236.61 0.34 -0.28 0.78 
84.79 2.61 -236.74 -1.01 -0.28 -0.13 
110.00 0.04 -262.76 -0.08 -0.28 0.22 
127.24 -2.32 -268.17 0.68 -0.08 0.80 
66.40 -2.97 -276.66 1.21 0.27 0.55 
14.80 -3.11 -281.49 1.03 0.23 0.28 
-68.53 -2.92 -277.58 0.91 0.30 -0.06 
-178.83 -3.10 -275.98 1.18 0.10 -0.32 
18.39 -3.10 -275.52 0.85 -0.02 -0.21 
-56.32 -2.96 -273.08 1.04 0.08 -0.30 
-70.86 -2.85 -273.82 1.01 0.11 -0.34 
31.43 -2.80 -274.58 0.96 0.15 -0.28 
104.96 -2.79 -275.92 0.89 0.31 -0.11 
153.30 -2.46 -283.08 1.00 0.44 -0.21 
198.10 -2.10 -287.82 0.87 0.27 -0.44 
-124.49 -3.34 -283.76 0.91 0.07 -0.19 
-31.67 -2.61 -276.30 1.15 0.32 -0.27 
255.28 -2.82 -278.12 1.44 0.50 0.12 
42.66 -2.95 -286.05 1.05 0.27 -0.18 
-21.08 -2.78 -282.67 0.60 -0.04 -0.26 
-42.15 -2.65 -281.66 1.44 0.47 0.05 
-123.30 -2.54 -268.00 1.22 0.09 0.16 
-32.32 -0.56 -248.44 0.37 -0.20 0.67 
-54.14 1.62 -234.81 -0.32 -0.39 0.44 
-11.90 3.29 -231.04 -0.71 -0.22 -0.06 
68.26 2.15 -233.46 -1.19 -0.41 -0.63 
50.51 1.44 -242.61 -0.50 -0.42 0.07 
42.02 -2.35 -247.84 0.38 -0.14 0.42 
104.69 -2.81 -254.59 1.06 0.41 0.49 
27.78 -3.62 -257.47 1.33 0.29 0.00 
11.00 -2.99 -259.45 1.35 0.34 0.11 
-54.07 -2.55 -250.62 1.39 0.38 0.17 
-82.97 -1.89 -241.69 0.83 0.15 0.44 
-57.81 -0.27 -230.87 0.22 -0.17 0.62 
-93.89 1.60 -228.79 -0.30 -0.41 0.40 
-23.94 2.42 -215.90 -0.69 -0.51 0.05 
5.54 2.89 -212.20 -0.91 -0.23 -0.30 
28.74 2.27 -215.25 -0.88 -0.18 -0.37 
20.70 0.52 -221.47 -0.23 -0.30 0.30 
155.24 -2.02 -228.16 0.44 -0.01 0.68 
35.98 -3.45 -233.35 1.39 0.49 0.23 
8.89 -3.12 -237.87 1.34 0.21 0.19 
-45.76 -2.55 -229.81 1.32 0.29 0.26 
-55.65 -1.79 -216.51 0.73 0.01 0.47 
-53.70 -0.46 -208.78 0.30 -0.13 0.76 
-27.36 1.54 -201.52 -0.34 -0.29 0.58 
-40.88 3.09 -205.60 -0.80 -0.29 -0.17 
-13.72 2.37 -206.59 -0.84 -0.27 0.21 
68.31 1.54 -206.77 -0.45 -0.21 0.38 
37.31 -1.55 -210.41 0.34 -0.12 0.72 
29.33 -3.04 -217.00 0.98 0.15 0.47 
21.56 -3.37 -222.16 1.18 0.27 0.16 
65.59 -3.14 -226.67 1.18 0.33 -0.08 
-29.69 -2.99 -225.66 1.16 0.22 0.04 
-96.47 -2.50 -215.94 1.40 0.30 0.19 
-73.42 -1.81 -209.39 0.78 0.03 0.49 
-83.49 -0.48 -202.82 0.34 -0.20 0.64 
-160.46 1.79 -193.45 -0.38 -0.50 0.28 
-1.94 2.70 -182.54 -0.94 -0.38 -0.54 
-30.65 1.93 -190.05 -0.80 -0.45 -0.14 
76.47 -0.42 -198.37 -0.05 -0.16 0.42 
48.99 -2.93 -218.71 0.96 -0.11 0.55 
61.08 -3.64 -233.83 1.26 0.11 0.12 
11.26 -3.18 -235.45 1.27 0.24 0.20 
-22.14 -2.71 -230.21 1.30 0.20 0.20 
-72.28 -1.93 -214.37 0.95 0.01 0.52 
-76.11 -0.74 -198.29 0.34 -0.27 0.48 
12.05 2.43 -183.20 -0.52 -0.55 0.11 
-47.10 2.70 -181.96 -0.99 -0.44 -0.13 
-9.49 2.38 -183.99 -0.83 -0.34 -0.01 
116.67 -0.32 -191.56 -0.10 -0.31 0.45 
49.61 -2.21 -198.44 0.64 0.16 0.74 
31.05 -3.12 -204.79 1.07 0.12 0.43 
-19.69 -2.83 -206.13 1.31 0.32 0.46 
-81.23 -2.38 -201.48 1.28 0.22 0.43 
-103.66 -1.92 -193.33 0.91 0.03 0.49 
-46.30 -0.32 -182.72 0.26 -0.23 0.65 
-13.07 2.05 -177.11 -0.41 -0.43 0.39 
3.48 2.36 -178.16 -0.81 -0.58 -0.10 
-8.47 2.16 -176.27 -0.74 -0.37 0.20 
57.65 1.28 -174.83 -0.50 -0.39 0.36 
90.01 -1.19 -177.21 0.17 0.03 0.76 
158.52 -3.05 -185.56 0.95 0.30 0.39 
56.95 -3.37 -191.41 1.31 0.34 0.22 
-116.02 -2.53 -179.76 1.48 0.46 0.30 
-132.89 -2.25 -166.05 1.24 0.23 0.32 
-65.08 -1.18 -153.90 0.59 0.00 0.63 
-36.56 0.76 -144.86 -0.11 -0.29 0.69 
-28.10 1.69 -135.52 -0.41 -0.40 0.41 
-43.56 2.66 -134.79 -0.82 -0.32 -0.45 
38.12 2.51 -133.90 -0.89 -0.32 -0.21 
5.84 2.00 -139.59 -0.72 -0.40 0.11 
98.35 0.11 -148.53 -0.17 -0.34 0.44 
83.55 -1.75 -159.86 0.43 -0.13 0.81 
137.53 -3.46 -174.98 1.04 0.10 0.35 
-11.88 -3.11 -175.93 1.22 0.38 0.19 
-21.27 -2.42 -175.31 1.24 0.42 0.40 
-84.18 -2.40 -166.68 1.19 0.11 0.33 
-54.44 -1.23 -154.51 0.67 -0.01 0.74 
-53.85 0.15 -144.79 0.09 -0.25 0.61 
-51.51 1.97 -136.83 -0.42 -0.37 0.38 
2.56 2.97 -131.57 -0.94 -0.27 -0.24 
-3.04 2.47 -135.90 -0.85 -0.31 -0.07 
50.46 0.74 -142.26 -0.34 -0.30 0.45 
55.46 -1.24 -152.93 0.26 -0.34 0.75 
112.08 -3.41 -169.27 0.96 -0.01 0.39 
-25.47 -2.67 -167.74 1.16 0.42 0.41 
-32.27 -2.45 -165.03 1.17 0.30 0.51 
-55.49 -2.00 -160.04 1.20 0.19 0.63 
-55.93 -1.28 -153.16 0.57 -0.16 0.54 
-29.32 0.64 -142.73 -0.01 -0.25 0.53 
-31.25 3.05 -138.61 -0.65 -0.26 0.15 
37.34 2.62 -137.12 -1.00 -0.20 -0.30 
-33.17 1.53 -142.69 -0.54 -0.26 0.35 
64.29 -0.54 -151.00 0.00 -0.21 0.73 
48.50 -2.42 -161.80 0.72 0.03 0.73 
-3.39 -3.63 -172.06 1.00 0.18 0.21 
-205.40 -3.39 -164.46 1.51 -0.05 -0.31 
-95.95 -3.06 -174.79 1.19 0.12 -0.20 
15.35 -2.99 -186.18 1.02 0.30 0.04 
27.01 -2.90 122.91 1.08 0.14 -0.27 
16.05 -2.89 118.56 0.99 0.14 -0.30 
-43.85 -2.65 126.46 1.43 0.18 0.15 
19.53 1.58 155.31 -0.52 -0.20 0.34 
-27.72 -0.32 151.16 -0.06 -0.16 0.62 
67.13 -2.42 141.43 0.53 -0.02 0.52 
92.33 -3.94 137.20 1.55 0.41 0.05 
-23.54 -3.29 137.35 1.22 0.25 -0.04 
-30.45 -3.00 140.18 1.24 0.25 0.02 
-87.22 -2.42 146.84 1.42 0.37 0.08 
-70.85 -1.95 152.79 0.85 0.10 0.45 
-62.80 -0.56 161.46 0.33 -0.21 0.67 
-26.23 1.31 170.67 -0.34 -0.38 0.72 
13.74 3.26 175.51 -0.69 -0.26 -0.10 
-37.74 2.22 179.04 -1.02 -0.47 -0.62 
6.50 2.33 182.57 -0.91 -0.27 -0.27 
29.08 1.44 183.66 -0.39 -0.14 0.25 
41.50 -2.53 180.26 0.49 0.04 0.48 
24.31 -3.82 165.39 1.36 0.15 -0.01 
16.52 -3.40 156.63 1.37 0.19 0.02 
-35.07 -2.53 161.12 1.32 0.31 -0.06 
-76.31 -2.50 170.60 1.21 0.25 0.15 
-77.35 -1.54 183.71 0.68 -0.06 0.57 
-43.67 0.19 196.88 0.10 -0.33 0.57 
-50.16 2.63 204.43 -0.54 -0.30 0.22 
-21.10 2.94 211.57 -0.95 -0.37 -0.23 
37.84 2.40 211.56 -0.89 -0.15 -0.46 
28.72 2.10 207.73 -0.81 -0.30 -0.30 
-49.66 0.45 196.47 -0.31 -0.34 0.56 
181.84 -1.84 180.93 0.48 -0.33 0.84 
18.77 -3.11 175.95 0.99 0.32 0.23 
38.95 -3.47 175.80 1.25 0.35 0.12 
-76.36 -2.67 178.77 1.40 0.49 0.17 
-69.04 -2.46 183.80 1.35 0.44 0.03 
-129.51 -2.11 201.96 0.75 -0.14 0.28 
-43.96 -0.71 224.82 0.42 -0.58 0.58 
50.27 2.90 245.76 -0.63 -0.37 -0.06 
26.12 2.57 251.20 -1.14 -0.32 -0.38 
-13.19 2.26 243.20 -0.72 -0.27 0.05 
136.14 -1.38 230.67 0.17 -0.25 0.52 
71.60 -2.94 221.37 0.88 0.06 0.58 
48.75 -3.42 212.27 1.15 0.33 0.02 
0.02 -3.48 209.39 1.37 0.08 0.05 
-48.15 -2.66 222.95 1.44 0.27 0.11 
-79.28 -1.94 237.06 0.96 0.01 0.34 
-32.31 0.36 245.51 0.05 -0.21 0.60 
-39.30 2.13 252.36 -0.47 -0.32 0.37 
0.27 2.94 254.88 -0.87 -0.38 -0.01 
32.89 2.64 256.95 -1.04 -0.33 -0.33 
27.94 2.16 255.82 -0.78 -0.36 -0.02 
-29.62 -0.51 253.65 -0.03 -0.17 0.62 
132.57 -3.03 250.32 0.61 0.11 0.45 
15.83 -3.41 247.66 1.34 0.28 0.32 
7.60 -3.32 242.84 1.24 0.30 0.08 
-76.75 -2.91 248.88 1.38 0.30 0.07 
-85.66 -2.59 257.97 1.35 0.22 0.21 
-42.49 -1.85 273.49 0.85 -0.08 0.49 
-43.72 -0.55 285.39 0.27 -0.15 0.51 
-46.70 2.50 290.92 -0.46 -0.37 0.18 
30.60 3.19 295.30 -1.02 -0.25 -0.08 
-3.06 2.65 296.37 -0.98 -0.29 -0.15 
24.07 1.21 293.19 -0.41 -0.17 0.35 
70.92 -0.78 285.45 0.18 -0.27 0.73 
93.20 -3.09 274.48 0.94 0.14 0.54 
50.36 -3.31 267.16 1.17 0.18 0.30 
11.31 -3.05 266.21 1.65 0.48 0.33 
-69.69 -2.43 271.93 1.39 0.24 0.13 
-86.36 -1.30 284.32 0.62 -0.06 0.46 
-59.72 0.17 297.81 0.08 -0.40 0.61 
-3.48 2.37 307.41 -0.54 -0.24 0.33 
-79.38 3.33 319.86 -0.88 -0.21 -0.13 
103.41 2.36 319.20 -1.00 -0.16 -0.54 
33.05 2.64 311.53 -0.78 -0.15 -0.01 
72.98 -0.42 295.81 -0.05 -0.52 0.45 
139.77 -2.85 286.33 0.64 0.04 0.48 
78.63 -3.24 275.51 1.37 0.47 0.20 
41.29 -2.99 270.24 1.54 0.28 0.18 
-74.69 -2.29 285.21 1.19 0.19 0.27 
-58.38 -1.28 295.74 0.60 -0.07 0.65 
-55.46 0.24 304.26 0.05 -0.24 0.69 
-54.95 2.43 311.21 -0.64 -0.44 0.23 
55.88 2.60 313.05 -1.03 -0.36 -0.50 
-4.49 1.87 307.08 -0.76 -0.45 0.06 
64.88 0.26 303.78 -0.21 -0.32 0.52 
84.36 -2.48 290.55 0.71 0.00 0.63 
45.46 -3.15 277.12 1.09 0.18 0.47 
47.88 -3.13 276.23 1.20 0.24 0.26 
66.72 1.25 314.15 -0.41 -0.19 0.37 
47.55 -3.36 281.92 1.26 0.19 0.26 
64.40 -2.67 280.41 1.28 0.29 0.36 
-79.01 -2.45 289.31 1.29 0.27 0.30 
-69.86 -1.53 300.59 0.79 -0.04 0.52 
-48.25 -0.42 312.54 0.26 -0.26 0.69 
-42.06 1.84 322.27 -0.35 -0.29 0.35 
-23.85 2.86 319.99 -0.92 -0.38 -0.18 
43.71 2.36 321.27 -0.82 -0.29 -0.15 
52.77 0.26 322.21 -0.18 -0.20 0.49 
61.53 -1.22 319.35 0.19 0.10 0.75 
26.49 -3.00 306.57 1.12 -0.14 0.53 
-23.27 -2.85 306.41 1.18 0.18 0.44 
-24.00 -2.41 311.49 1.31 0.11 0.54 
-101.64 -1.88 327.44 0.96 -0.04 0.46 
-45.26 -0.23 -320.22 0.16 -0.26 0.65 
-73.87 1.83 -312.49 -0.37 -0.34 0.37 
12.33 2.86 -309.52 -0.82 -0.39 -0.15 
8.01 2.41 -308.94 -0.96 -0.27 -0.31 
39.75 1.65 -311.72 -0.58 -0.31 0.25 
99.46 -0.71 -314.07 0.04 -0.19 0.51 
75.30 -2.51 -314.28 0.79 0.26 0.74 
6.80 -3.18 -318.03 1.23 0.42 0.25 
-7.46 -2.64 -315.25 1.36 0.42 0.35 
-86.88 -2.13 -309.60 1.26 0.29 0.45 
-67.77 -0.93 -300.55 0.58 -0.09 0.56 
-81.59 0.70 -293.96 -0.05 -0.27 0.57 
-31.75 2.33 -286.31 -0.57 -0.43 0.24 
-15.38 2.60 -282.19 -0.77 -0.39 -0.35 
31.14 2.13 -280.78 -0.91 -0.27 -0.53 
58.72 0.70 -284.85 -0.26 -0.29 0.23 
153.85 -2.28 -295.93 0.44 0.17 0.51 
68.06 -3.61 -309.06 1.49 0.32 0.30 
4.83 -2.97 -311.19 1.28 0.39 0.29 
-44.38 -2.33 -303.82 1.33 0.40 0.26 
-104.85 -1.89 -294.77 1.02 0.28 0.42 
-72.78 -0.61 -278.99 0.37 -0.14 0.69 
-34.02 1.63 -268.76 -0.33 -0.26 0.52 
-12.07 3.07 -261.94 -0.67 -0.28 0.08 
34.95 2.13 -262.80 -1.00 -0.23 -0.68 
94.21 2.01 -277.00 -0.62 -0.28 -0.03 
80.53 -1.70 -284.01 0.29 -0.10 0.62 
67.73 -3.22 -295.54 1.18 0.26 0.55 
-35.30 -3.35 -298.46 1.33 0.22 0.23 
-34.55 -2.55 -294.84 1.29 0.33 0.39 
-75.03 -2.27 -284.80 1.23 0.22 0.43 
-64.05 -1.30 -274.25 0.64 -0.13 0.59 
-31.20 0.03 -265.82 0.14 -0.15 0.69 
-43.76 2.10 -261.16 -0.55 -0.48 0.26 
-9.09 2.73 -255.47 -1.01 -0.44 -0.43 
47.50 1.84 -255.44 -0.88 -0.29 -0.52 
45.22 0.83 -259.78 -0.35 -0.32 0.21 
20.35 -0.47 -267.81 0.04 -0.01 0.85 
172.71 -3.81 -284.95 1.03 0.09 0.21 
1.81 -3.15 -289.47 1.36 0.31 0.17 
-109.65 -2.24 -277.92 1.47 0.54 0.33 
-77.04 -2.07 -269.55 0.95 0.07 0.34 
-89.57 -0.22 -262.23 0.25 -0.08 0.66 
-41.86 1.91 -255.47 -0.32 -0.39 0.30 
-41.13 2.85 -254.57 -0.80 -0.35 -0.25 
63.96 1.79 -248.22 -0.94 -0.51 -0.49 
28.37 1.80 -249.63 -0.82 -0.44 0.29 
65.86 0.20 -247.06 -0.15 0.04 0.52 
136.54 -2.40 -252.46 0.54 0.03 0.60 
15.56 -2.88 -255.29 1.13 0.48 0.42 
51.66 -2.90 -256.02 1.33 0.53 0.23 
-138.71 -2.33 -250.21 1.11 0.47 0.13 
-45.71 -2.21 -238.33 1.03 0.10 0.41 
-74.34 -0.82 -223.80 0.52 -0.22 0.68 
-65.09 1.33 -215.25 -0.22 -0.29 0.44 
-4.56 2.93 -204.54 -0.82 -0.43 -0.11 
33.69 1.80 -201.30 -0.94 -0.40 -0.65 
30.94 1.74 -213.10 -0.48 -0.34 0.13 
133.14 -0.76 -226.79 0.07 -0.16 0.53 
65.11 -3.98 -241.32 1.25 0.04 0.17 
62.56 -3.10 -243.88 1.57 0.64 0.25 
-46.85 -2.82 -243.79 1.24 0.23 0.24 
-102.14 -2.30 -233.93 1.34 0.34 0.22 
-69.56 -1.55 -223.49 0.88 -0.23 0.52 
-76.75 0.96 -208.39 -0.10 -0.41 0.46 
-3.78 3.22 -201.79 -0.71 -0.29 -0.04 
13.54 2.05 -196.01 -0.99 -0.33 -0.65 
-18.68 2.36 -202.96 -0.85 -0.21 -0.21 
86.59 0.07 -218.17 -0.12 -0.32 0.35 
123.04 -2.83 -238.24 0.84 0.00 0.63 
40.08 -3.31 -250.36 1.33 0.23 0.30 
-74.23 -2.73 -246.62 1.53 0.38 0.30 
-109.99 -2.39 -236.12 1.24 0.21 0.21 
-60.14 -1.20 -214.52 0.60 -0.22 0.55 
-65.20 0.81 -199.67 -0.08 -0.23 0.37 
21.04 3.34 -194.95 -0.81 -0.28 0.01 
-27.22 2.24 -196.66 -1.02 -0.38 -0.53 
9.55 2.48 -202.26 -0.79 -0.31 -0.03 
27.01 0.55 -212.41 -0.32 -0.45 0.44 
83.87 -1.09 -222.88 0.21 -0.35 0.72 
85.98 -3.13 -235.80 1.14 0.08 0.61 
-23.39 -2.69 -242.46 1.02 -0.15 0.54 
-32.27 -2.22 -235.61 1.24 0.01 0.65 
-50.13 -1.64 -228.46 0.89 -0.11 0.64 
-54.18 -0.49 -218.83 0.35 -0.29 0.69 
-52.59 0.91 -211.02 -0.15 -0.29 0.61 
-31.13 2.33 -211.89 -0.66 -0.49 0.22 
21.88 2.22 -214.66 -0.82 -0.48 -0.37 
38.85 1.65 -213.68 -0.73 -0.61 0.07 
165.55 -1.07 -216.60 0.04 -0.12 0.27 
50.32 -3.27 -234.46 0.99 0.00 0.48 
11.26 -3.54 -240.38 1.23 0.18 0.00 
-32.59 -3.00 -240.24 1.69 0.54 0.35 
-57.65 -2.54 -230.49 1.37 0.20 0.02 
-107.23 -1.19 -220.28 0.46 -0.07 0.41 
-37.30 1.62 -208.63 -0.34 -0.30 0.41 
-42.97 2.79 -200.24 -0.78 -0.27 0.30 
7.52 3.00 -204.70 -0.90 -0.32 -0.16 
-11.48 2.06 -208.79 -0.92 -0.45 -0.51 
10.53 2.21 -213.39 -0.73 -0.39 -0.02 
119.64 0.88 -223.95 -0.20 -0.12 0.23 
55.01 -3.49 -236.26 1.35 -0.01 0.50 
45.86 -3.44 -246.03 1.33 0.35 0.28 
-34.88 -2.63 -236.93 1.36 0.31 0.25 
-94.74 -2.22 -224.37 1.14 0.20 0.32 
-77.75 -1.13 -210.88 0.60 -0.12 0.65 
-44.27 1.02 -200.55 -0.12 -0.36 0.52 
23.48 2.86 -189.32 -0.74 -0.36 -0.10 
-4.01 2.23 -187.57 -1.02 -0.37 -0.54 
46.27 2.29 -189.78 -0.68 -0.26 -0.05 
42.21 -2.82 -185.83 0.61 0.06 0.46 
-15.02 -3.87 -200.43 1.34 0.16 0.16 
4.07 -3.44 -209.35 1.51 0.17 0.10 
-73.71 -2.64 -202.67 1.29 0.29 -0.04 
-114.03 -2.33 -188.80 1.17 0.10 0.26 
-85.27 -0.74 -171.19 0.48 -0.24 0.76 
2.50 1.71 -159.33 -0.29 -0.31 0.41 
6.59 2.92 -155.51 -0.70 -0.22 0.23 
-37.27 3.01 -155.60 -0.90 -0.18 -0.32 
36.70 2.91 -158.48 -0.89 -0.07 -0.14 
10.78 0.59 -173.94 -0.28 -0.32 0.33 
113.69 -2.42 -179.59 0.47 -0.11 0.50 
78.21 -3.20 -184.31 1.17 0.44 0.36 
10.17 -3.24 -188.92 1.26 0.19 0.17 
-107.55 -2.51 -177.26 1.49 0.29 0.35 
-39.61 -2.05 -162.54 1.01 -0.04 0.43 
-50.04 0.47 -146.42 0.08 -0.25 0.51 
-91.37 2.92 -132.94 -0.68 -0.40 -0.10 
-13.78 3.06 -130.20 -0.95 -0.17 -0.23 
3.24 2.55 -134.49 -0.86 -0.21 -0.16 
-4.63 0.83 -149.13 -0.41 -0.41 0.44 
76.80 -1.79 -157.97 0.19 -0.08 0.37 
63.13 -3.94 -179.89 1.27 -0.11 0.16 
46.70 -3.39 -181.74 1.45 0.29 0.10 
-48.79 -2.72 -175.41 1.28 0.31 0.06 
-74.14 -2.58 -162.66 1.26 0.12 0.22 
-30.30 -1.23 -149.54 0.72 -0.39 0.60 
-15.00 1.72 -143.86 -0.37 -0.13 0.60 
-25.45 3.08 -141.76 -0.66 -0.23 0.09 
53.36 3.08 -140.40 -1.00 -0.16 -0.16 
-8.94 2.62 -142.55 -0.81 -0.26 0.03 
5.97 0.58 -141.86 -0.24 -0.17 0.34 
86.46 -2.78 -160.34 0.82 -0.10 0.51 
11.78 -4.03 -174.21 1.36 0.20 0.12 
-89.90 -3.62 -166.84 1.44 -0.06 -0.05 
3.55 -2.93 -161.92 1.34 0.13 0.02 
-44.46 -2.33 -149.51 1.06 -0.02 0.29 
-80.46 -0.93 -128.97 0.52 -0.19 0.59 
22.50 1.70 -117.49 -0.41 -0.23 0.64 
-1.62 3.10 -120.15 -0.75 -0.27 0.09 
-47.33 2.51 -123.48 -1.06 -0.49 -0.37 
17.57 2.29 -126.28 -0.74 -0.36 -0.05 
171.33 0.20 -129.38 -0.17 -0.24 0.40 
-10.27 -2.39 -136.25 0.46 -0.05 0.51 
155.07 -3.50 -151.08 1.51 0.35 0.14 
-4.64 -3.30 -150.43 1.32 0.14 0.08 
-60.88 -2.73 -144.40 1.32 0.25 0.10 
-70.75 -2.38 -133.22 1.13 0.00 0.32 
-56.05 -0.71 -121.81 0.44 -0.21 0.62 
-0.11 1.73 -114.24 -0.33 -0.24 0.46 
-13.07 2.89 -113.71 -0.67 -0.33 0.15 
96.14 3.12 -106.03 -1.00 -0.16 -0.18 
-13.23 2.21 -106.50 -0.73 -0.34 0.04 
-8.91 0.13 -111.75 -0.21 -0.28 0.66 
94.63 -2.49 -125.02 0.50 -0.03 0.50 
32.26 -3.41 -138.88 1.29 0.14 0.26 
47.67 -3.17 -143.70 1.19 0.22 0.22 
-43.16 -2.71 -135.64 1.36 0.27 0.21 
-44.97 -2.43 -126.29 1.09 -0.04 0.32 
-28.72 -1.33 -113.41 0.75 -0.21 0.67 
-26.61 0.57 -100.72 0.01 -0.24 0.48 
44.37 3.18 -89.63 -0.83 -0.15 0.19 
57.90 2.95 -84.47 -1.20 -0.22 -0.36 
-24.83 2.34 -93.55 -0.80 -0.20 0.23 
56.54 1.12 -100.22 -0.45 -0.32 0.48 
72.09 -1.49 -130.92 0.37 -0.39 0.60 
93.75 -1.58 -132.23 0.38 -0.39 0.61 
-52.33 -0.83 -77.73 0.42 -0.28 0.51 
-21.19 0.72 -68.89 -0.07 -0.37 0.57 
7.72 2.56 -58.57 -0.60 -0.23 0.36 
3.57 3.22 -51.71 -0.95 -0.18 0.05 
-8.86 2.39 -60.61 -0.86 -0.27 0.09 
12.45 0.83 -65.27 -0.32 -0.16 0.52 
35.17 -3.17 -71.73 0.81 0.15 0.41 
-119.49 -3.73 -71.18 1.38 -0.20 0.11 
23.58 -3.54 -81.15 1.17 0.04 0.04 
-11.14 -2.72 -86.65 1.51 0.35 -0.07 
-109.83 -2.60 -84.71 1.32 0.15 0.22 
-64.46 -1.57 -74.53 0.70 0.00 0.48 
-71.06 0.27 -61.72 0.07 -0.11 0.52 
-1.79 3.21 -57.56 -0.97 -0.27 0.14 
23.31 2.77 -51.70 -0.94 -0.36 -0.22 
-5.74 2.65 -55.90 -0.87 -0.25 -0.03 
-41.13 -0.06 -62.98 -0.11 -0.25 0.44 
86.08 -1.76 -77.80 0.30 -0.28 0.55 
-56.28 -3.46 -86.37 1.37 -0.10 0.34 
22.09 -3.53 -93.14 1.30 0.07 -0.01 
-19.94 -2.75 -87.94 1.38 0.21 0.18 
-11.71 -2.34 -78.30 1.12 -0.02 0.36 
-68.29 -0.89 -69.84 0.50 -0.19 0.63 
-37.72 0.40 -58.31 0.03 -0.22 0.51 
-17.98 2.95 -51.39 -0.75 -0.27 -0.19 
62.73 2.82 -46.26 -0.99 -0.08 -0.27 
47.14 1.60 -57.91 -0.55 -0.19 0.30 
93.53 -2.79 -75.86 0.46 -0.21 0.29 
64.30 -3.69 -85.87 1.47 0.35 0.20 
62.45 -3.01 -96.40 1.55 0.65 0.10 
-23.46 -2.67 -94.48 1.21 0.35 0.00 
-85.76 -2.48 -79.74 1.28 0.25 0.20 
-26.78 -1.58 -74.40 0.84 0.06 0.52 
-173.06 1.26 -51.21 -0.27 -0.12 0.54 
-11.00 -2.79 -91.38 1.34 0.23 -0.10 
-51.20 -2.67 -85.95 1.32 0.23 0.00 
-61.69 -1.83 -73.53 0.95 0.07 0.49 
-64.75 0.07 -57.63 0.15 -0.29 0.52 
2.55 2.34 -47.60 -0.48 -0.11 0.39 
-53.30 1.74 -61.18 -0.62 -0.38 0.18 
31.56 -1.75 -77.08 0.27 -0.36 0.43 
42.40 -3.58 -104.37 1.08 -0.26 0.16 
32.89 -3.60 -120.41 1.47 0.03 -0.16 
-4.02 -3.34 -121.17 1.22 0.15 -0.03 
-43.46 -2.87 -114.97 1.49 0.15 0.04 
-53.33 -2.37 -105.19 1.13 -0.02 0.32 
-9.29 -1.52 -95.96 0.73 -0.27 0.42 
-15.75 3.30 -87.24 -0.78 -0.19 0.24 
26.44 3.01 -87.89 -0.93 -0.13 -0.25 
0.75 2.52 -89.85 -0.89 -0.31 -0.03 
7.50 0.76 -99.60 -0.33 -0.25 0.37 
19.46 -4.21 -119.05 1.14 0.00 0.05 
80.27 -3.79 -139.47 1.91 0.26 -0.22 
4.28 -3.38 -136.05 1.25 0.17 -0.01 
-52.39 -2.60 -131.43 1.43 0.31 -0.09 
-99.22 -2.63 -119.35 1.23 0.10 0.24 
-106.16 -0.68 -96.66 0.42 -0.28 0.68 
-12.75 1.90 -86.08 -0.32 -0.44 0.10 
40.09 3.14 -79.07 -0.92 -0.22 -0.23 
49.18 2.27 -78.93 -0.86 -0.27 -0.39 
-34.46 1.60 -83.83 -0.52 -0.28 0.18 
-39.89 -2.10 -100.31 0.51 -0.11 0.62 
110.22 -3.94 -115.60 1.18 0.18 0.01 
64.80 -3.31 -122.84 1.83 0.58 -0.04 
-82.10 3.13 -55.70 -0.52 -0.19 0.15 
80.03 2.48 -50.76 -1.10 -0.29 -0.61 
-81.35 2.34 -57.69 -0.85 -0.30 -0.18 
24.64 1.12 -63.84 -0.46 -0.42 0.19 
30.44 -3.22 -72.83 0.67 0.01 0.34 
61.98 -3.56 -84.49 1.58 0.32 -0.17 
-33.02 -3.15 -80.11 1.21 0.30 -0.06 
-58.99 -2.69 -73.66 1.32 0.40 -0.01 
-81.66 -2.28 -61.59 1.40 0.23 0.19 
-76.55 -1.48 -46.60 0.67 -0.14 0.46 
-39.47 0.43 -32.64 0.03 -0.23 0.38 
-41.43 2.75 -28.20 -0.68 -0.30 0.22 
-65.85 3.05 -22.98 -0.96 -0.26 -0.25 
7.78 2.24 -26.80 -1.02 -0.41 -0.51 
27.13 1.87 -33.22 -0.68 -0.38 0.02 
86.05 0.51 -38.04 -0.28 -0.35 0.48 
51.58 -1.82 -50.77 0.50 -0.16 0.83 
98.66 -3.11 -59.03 1.01 0.18 0.43 
70.76 -3.24 -67.08 1.21 0.39 0.16 
-45.55 -2.64 -62.61 1.36 0.39 0.22 
-56.25 -2.34 -53.13 1.22 0.23 0.34 
-63.30 -1.02 -35.04 0.55 -0.04 0.65 
-54.51 0.95 -20.74 -0.11 -0.38 0.54 
41.13 3.57 -13.62 -0.77 -0.15 0.02 
36.04 2.58 -13.97 -1.06 -0.16 -0.40 
-18.01 2.28 -21.00 -0.72 -0.24 0.15 
0.77 0.10 -33.86 -0.17 -0.32 0.54 
160.32 -2.55 -46.59 0.46 -0.02 0.44 
50.91 -3.76 -57.93 1.78 0.40 0.16 
20.77 -3.03 -56.05 1.16 0.35 0.05 
-31.28 -2.84 -53.97 1.31 0.37 0.04 
-87.34 -2.24 -45.74 1.38 0.24 0.24 
-67.89 -1.42 -32.84 0.71 -0.12 0.55 
-41.01 0.42 -22.23 -0.02 -0.27 0.55 
-32.84 2.77 -4.93 -0.48 -0.22 0.24 
20.02 2.87 -4.50 -1.01 -0.07 -0.41 
14.50 2.60 -6.43 -0.94 -0.13 -0.30 
-0.75 0.65 -13.15 -0.26 -0.17 0.34 
65.77 -2.86 -24.07 0.65 -0.08 0.58 
10.05 -3.16 -34.13 1.25 -0.05 0.51 
8.42 -3.23 -38.37 1.21 0.22 0.17 
-42.49 -2.71 -35.01 1.32 0.19 0.26 
-73.09 -2.33 -25.05 1.25 0.14 0.37 
-68.80 -1.19 -13.05 0.59 -0.09 0.58 
-38.54 1.30 -2.87 -0.21 -0.35 0.53 
-17.84 3.21 3.69 -0.73 -0.28 -0.10 
-8.49 2.01 1.95 -0.96 -0.52 -0.58 
7.28 2.53 4.40 -0.71 -0.17 0.06 
18.31 -0.49 -0.65 -0.02 -0.14 0.66 
53.27 -2.49 -19.16 0.56 -0.09 0.54 
108.14 -4.01 -33.17 1.53 0.14 0.14 
-3.22 -3.51 -40.96 1.41 0.17 0.04 
-44.62 -2.87 -33.03 1.38 0.27 0.08 
-51.87 -2.28 -21.89 1.16 0.02 0.34 
-63.29 -0.66 -11.50 0.41 -0.15 0.63 
-40.83 1.59 0.72 -0.32 -0.36 0.49 
31.18 3.33 3.23 -0.84 -0.18 -0.06 
10.76 2.70 1.97 -1.04 -0.24 -0.34 
-18.70 2.09 -3.12 -0.95 -0.41 -0.18 
64.82 -1.24 -13.27 0.09 -0.12 0.40 
120.88 -3.86 -27.39 1.23 0.24 0.00 
-46.76 -3.39 -24.66 1.60 0.42 -0.21 
56.05 -3.02 -33.07 1.19 0.35 -0.18 
-80.61 -2.42 -21.06 1.47 0.42 -0.16 
-79.57 -2.30 -6.56 1.19 0.15 0.30 
-64.92 -0.35 7.75 0.27 -0.15 0.58 
17.52 3.26 21.11 -0.68 -0.20 0.17 
-43.42 2.82 21.14 -0.96 -0.23 -0.35 
36.95 2.51 24.81 -0.86 -0.19 -0.23 
47.72 1.12 26.63 -0.34 -0.05 0.26 
-7.20 -3.66 15.38 0.99 0.00 0.29 
70.33 -3.43 5.54 1.65 0.45 -0.22 
23.27 -3.12 9.87 1.26 0.35 -0.07 
-44.73 -2.79 13.54 1.46 0.32 -0.05 
-89.75 -2.14 25.45 1.27 0.28 0.34 
-67.56 -0.25 40.60 0.20 -0.19 0.43 
52.68 2.55 49.74 -0.22 -0.11 0.21 
23.46 3.24 49.73 -1.05 -0.23 -0.10 
12.13 2.55 49.22 -0.92 -0.21 -0.30 
-1.79 2.37 47.64 -0.60 -0.14 0.11 
67.75 -1.99 31.43 0.28 -0.02 0.45 
105.21 -3.71 21.79 1.79 0.38 -0.29 
-197.59 -3.38 41.23 1.30 0.28 -0.24 
-244.98 -2.14 72.32 0.93 -0.21 -0.65 
172.68 -2.61 74.87 0.90 0.15 -0.33 
-108.86 -2.86 74.53 1.12 0.13 -0.48 
120.98 -2.12 65.75 0.99 0.43 -0.48 
-106.27 -2.66 58.98 0.96 0.13 -0.44 
