-71.42 -3.09 60.46 1.11 0.04 -0.30 
-25.11 -2.84 74.69 1.10 0.23 -0.26 
10.23 -2.76 75.65 0.99 0.22 -0.28 
-25.58 -2.85 76.53 1.02 0.11 -0.35 
-22.58 -2.65 75.11 0.96 0.29 -0.36 
23.46 -2.46 73.35 0.94 0.34 -0.34 
2.42 -2.70 72.28 1.00 0.16 -0.39 
51.80 -3.15 73.98 1.42 0.27 -0.30 
119.58 -3.03 72.28 0.98 0.28 -0.07 
92.60 -2.83 62.81 2.24 0.56 -0.62 
-24.59 -2.94 62.17 2.10 0.37 -0.63 
-23.07 -2.71 59.72 0.89 0.15 -0.33 
1.54 -2.56 58.38 0.91 0.24 -0.43 
9.75 -2.42 62.04 1.08 0.39 -0.46 
75.49 -2.43 60.86 1.05 0.24 -0.39 
33.94 -2.56 61.25 1.02 0.16 -0.35 
-43.30 -2.65 62.56 1.03 0.24 -0.37 
29.76 -2.57 59.59 1.14 0.28 -0.37 
48.54 -2.75 52.47 0.85 0.20 -0.25 
2.83 -2.97 57.15 1.31 0.49 -0.40 
-7.51 -2.06 52.21 0.87 0.41 -0.46 
29.33 -2.64 53.93 0.99 0.20 -0.36 
-18.80 -2.75 55.58 0.95 0.18 -0.38 
-6.72 -2.55 54.78 1.03 0.31 -0.40 
-13.53 -2.68 54.96 0.98 0.22 -0.38 
40.08 -2.60 51.22 1.49 0.34 -0.52 
143.49 -3.30 48.34 0.43 -0.04 0.00 
-59.49 -2.80 49.81 1.06 0.21 -0.41 
-2.31 -2.63 52.38 0.98 0.18 -0.39 
-7.15 -2.56 54.03 0.83 0.19 -0.31 
-21.13 -2.04 51.42 0.54 0.28 -0.30 
-140.37 -2.68 52.33 1.40 0.08 -0.38 
-12.12 -2.35 51.61 1.01 0.23 -0.51 
-10.77 -2.78 59.01 1.10 0.18 -0.42 
-24.34 -2.43 50.58 0.77 -0.05 -0.37 
-17.73 -2.46 52.05 0.96 0.20 -0.47 
-21.00 -2.39 52.85 0.90 0.25 -0.47 
26.27 -2.78 53.24 1.22 0.15 -0.42 
11.09 -2.59 59.39 0.91 0.06 -0.43 
22.88 -2.38 52.07 0.80 0.21 -0.30 
-63.11 -2.38 52.07 2.25 0.55 -0.91 
63.93 -2.42 50.29 1.38 0.26 -0.58 
72.83 -2.84 55.68 0.65 0.06 -0.22 
-101.06 -1.83 47.25 0.53 -0.09 -0.46 
-94.40 -3.18 61.25 0.70 0.00 -0.14 
-33.45 -2.44 61.81 0.98 0.16 -0.48 
6.42 -2.59 59.19 0.97 0.14 -0.45 
23.17 -2.33 57.82 0.63 -0.07 -0.35 
-22.30 -2.40 59.24 0.71 0.09 -0.41 
-54.46 -2.63 60.11 0.95 0.10 -0.46 
56.67 -2.58 65.93 1.12 0.27 -0.44 
9.05 -2.48 70.41 0.77 -0.08 -0.37 
31.98 -2.60 66.85 0.74 0.19 -0.28 
-84.01 -2.32 53.80 1.01 -0.03 -0.62 
57.90 -2.61 56.06 0.87 0.18 -0.30 
-14.76 -2.41 66.23 0.85 0.23 -0.40 
49.71 -2.59 53.42 0.86 -0.42 -0.27 
-4.55 -2.62 50.71 0.93 0.14 -0.43 
-4.80 -2.77 47.27 1.22 0.24 -0.44 
18.26 -2.51 49.06 1.01 0.25 -0.44 
3.50 -2.71 47.30 0.92 0.16 -0.34 
-26.52 -2.64 33.69 1.05 0.15 -0.39 
24.86 -2.48 35.19 1.48 0.41 -0.63 
141.05 -2.78 34.26 0.54 0.14 -0.13 
-88.78 -2.40 36.57 1.34 0.34 -0.62 
152.43 -2.41 38.46 0.94 0.21 -0.41 
-44.72 -2.36 36.77 0.90 0.15 -0.39 
-21.15 -2.27 21.18 0.95 0.00 -0.52 
-32.27 -2.05 27.40 0.72 0.27 -0.48 
34.84 -2.77 26.69 1.40 0.31 -0.51 
14.08 -2.40 27.63 1.11 0.33 -0.47 
-5.86 -2.55 24.90 0.92 0.19 -0.42 
91.37 -2.68 29.65 1.24 0.18 -0.47 
24.34 -2.63 38.06 0.61 0.00 -0.27 
-23.24 -2.58 35.61 0.75 0.17 -0.33 
-121.58 -3.35 46.40 1.80 0.27 -0.40 
-31.07 -2.43 40.21 0.62 0.16 -0.26 
-66.88 -2.93 38.30 0.49 -0.18 -0.01 
-42.93 -2.34 38.14 0.91 0.22 -0.51 
-6.55 -2.63 38.24 0.86 0.09 -0.37 
67.36 -2.63 46.36 0.95 0.08 -0.45 
-49.98 -2.75 50.32 1.01 0.11 -0.39 
-32.44 -2.44 36.77 0.92 0.01 -0.45 
28.37 -2.44 34.16 1.14 0.26 -0.51 
102.24 -2.15 32.87 0.50 0.22 -0.27 
-21.52 -3.31 41.82 1.11 0.10 -0.27 
14.81 -2.27 36.63 0.82 0.18 -0.44 
-53.63 -2.02 50.02 0.48 0.12 -0.41 
88.73 -3.04 67.33 1.03 0.02 -0.39 
12.67 -2.57 71.52 0.97 0.05 -0.49 
-7.88 -2.80 73.95 0.94 0.09 -0.36 
-39.31 -2.41 75.19 1.26 0.24 -0.59 
89.53 -2.44 75.57 1.58 0.26 -0.70 
-142.80 -2.38 57.73 1.39 0.32 -0.54 
-20.52 -2.39 51.47 1.31 0.18 -0.57 
65.50 -2.22 50.48 0.85 0.24 -0.44 
25.51 -2.36 46.35 0.62 0.01 -0.31 
-30.68 -3.10 57.77 0.80 -0.12 -0.22 
-47.62 -2.36 58.80 0.97 0.17 -0.55 
41.33 -2.63 55.98 1.36 0.25 -0.45 
-20.53 -2.52 58.11 1.16 0.23 -0.51 
-3.63 -2.62 58.82 0.96 0.18 -0.41 
38.25 -2.60 56.45 1.18 0.14 -0.48 
48.72 -2.70 67.77 0.74 0.03 -0.28 
-0.47 -2.86 62.07 1.11 0.39 -0.29 
121.89 -3.25 58.98 1.48 0.39 -0.33 
115.69 -3.20 65.78 0.64 -0.06 0.13 
29.59 -3.43 63.72 1.75 0.38 -0.56 
-11.79 -2.19 70.11 0.90 0.39 -0.38 
17.88 -2.67 68.73 0.90 0.11 -0.40 
26.05 -2.79 64.50 1.02 0.12 -0.37 
-39.68 -2.51 71.17 0.95 0.21 -0.48 
45.78 -2.63 65.44 1.41 0.15 -0.52 
106.26 -2.25 65.76 0.27 -0.20 -0.01 
-2.19 -2.80 58.43 1.85 0.28 -0.66 
80.24 -2.17 57.75 0.63 0.12 -0.41 
-17.53 -2.14 54.49 0.57 -0.08 -0.36 
-72.44 -2.75 54.20 0.65 -0.27 -0.05 
-97.72 -2.23 61.72 0.93 0.31 -0.58 
74.34 -2.22 53.82 0.67 -0.25 -0.30 
-82.96 -2.47 54.92 0.96 0.06 -0.50 
11.93 -2.50 58.25 1.39 0.40 -0.63 
84.35 -2.66 49.77 1.42 0.13 -0.51 
-77.04 -2.08 50.95 0.58 0.21 -0.31 
-67.88 -2.56 55.03 0.55 0.06 -0.26 
54.32 -3.36 53.76 1.31 -0.11 -0.26 
34.44 -1.69 49.30 0.31 -0.06 -0.39 
79.17 -2.10 60.13 0.57 0.11 -0.43 
214.55 -2.98 69.75 0.94 0.18 -0.26 
-77.14 -2.55 73.14 0.94 0.17 -0.44 
119.42 -2.51 74.46 1.10 0.02 -0.51 
22.30 -2.97 74.07 1.63 0.26 -0.52 
-110.73 -2.45 76.00 0.97 0.23 -0.50 
14.54 -2.48 77.51 0.84 0.06 -0.42 
69.67 -2.96 78.77 1.04 0.04 -0.32 
-17.63 -2.67 78.28 1.29 0.10 -0.50 
24.72 -2.79 74.57 0.66 0.16 -0.25 
8.08 -2.70 59.02 2.29 0.50 -0.88 
-43.42 -2.78 49.17 0.65 0.11 -0.21 
-3.78 -2.85 51.26 0.72 0.08 -0.29 
-121.63 -2.21 57.53 0.56 0.15 -0.35 
1.40 -2.49 54.66 0.94 0.12 -0.42 
18.86 -2.47 52.03 0.93 0.05 -0.47 
-5.01 -2.64 56.97 0.62 -0.14 -0.24 
-13.48 -2.60 57.74 0.91 0.01 -0.42 
-0.88 -2.61 57.84 1.46 0.33 -0.63 
33.69 -2.44 55.85 1.16 0.27 -0.51 
69.71 -2.69 59.67 0.69 -0.04 -0.26 
-61.20 -2.52 59.33 0.56 0.01 -0.30 
-18.33 -2.10 49.73 0.78 -0.18 -0.47 
9.71 -2.48 51.22 1.14 0.17 -0.51 
-88.70 -2.25 48.89 0.55 0.25 -0.26 
-85.83 -2.38 42.61 0.94 -0.15 -0.39 
-41.99 -2.49 42.24 0.97 0.13 -0.49 
4.76 -2.65 42.74 1.04 0.15 -0.45 
6.12 -2.70 42.26 0.89 0.07 -0.37 
-16.46 -2.57 44.96 0.86 0.07 -0.43 
-2.68 -2.64 44.34 1.15 0.24 -0.54 
70.48 -2.56 34.52 1.33 0.20 -0.50 
-13.23 -2.62 35.86 0.98 0.16 -0.41 
84.03 -2.49 51.92 1.22 0.69 -0.20 
-3.82 -3.16 51.63 0.85 0.09 -0.24 
-15.40 -2.67 49.62 1.30 0.34 -0.51 
-6.67 -2.56 55.30 0.52 -0.07 -0.24 
-66.77 -2.56 59.86 0.69 0.09 -0.37 
80.77 -2.72 72.14 0.92 0.03 -0.43 
-14.30 -2.34 69.00 0.88 0.04 -0.51 
20.44 -2.47 69.50 0.85 0.17 -0.40 
38.98 -2.68 75.13 0.99 0.00 -0.44 
-6.46 -2.71 75.57 0.77 0.00 -0.34 
-36.63 -2.47 74.93 0.91 0.04 -0.50 
61.29 -2.66 79.07 1.10 0.14 -0.44 
-126.74 -2.65 98.09 0.84 -0.05 -0.39 
48.04 -2.72 85.97 1.01 0.27 -0.25 
71.97 -3.00 76.93 2.03 0.34 -0.65 
0.85 -2.56 75.30 1.21 0.19 -0.52 
9.11 -2.78 80.35 0.82 0.08 -0.32 
60.01 -2.13 74.72 0.56 -0.13 -0.36 
-2.88 -2.91 87.01 0.64 -0.23 -0.16 
-61.09 -2.59 86.89 1.03 0.13 -0.46 
-20.17 -2.73 88.83 0.99 0.08 -0.41 
-1.79 -2.80 87.22 1.17 0.15 -0.41 
3.55 -2.51 92.07 1.11 0.24 -0.51 
9.02 -2.57 92.85 0.96 0.18 -0.42 
-32.14 -2.67 88.54 0.85 -0.07 -0.36 
-7.98 -2.49 91.78 1.15 0.18 -0.56 
0.86 -2.76 81.08 0.66 0.00 -0.25 
-63.01 -2.31 70.67 1.51 0.25 -0.80 
28.83 -2.37 69.78 1.07 0.26 -0.55 
115.26 -2.69 63.16 0.85 0.22 -0.10 
-100.07 -3.06 59.95 0.72 0.01 -0.24 
-127.25 -2.43 62.90 0.90 -0.02 -0.50 
15.98 -2.40 61.66 1.00 0.16 -0.51 
1.35 -2.51 66.09 0.94 0.19 -0.43 
-4.26 -2.54 60.94 0.76 -0.02 -0.38 
-10.83 -2.35 63.03 0.73 0.00 -0.42 
-2.27 -2.47 56.57 0.92 0.08 -0.46 
34.24 -2.67 58.12 1.00 0.04 -0.42 
-22.53 -2.50 64.55 0.74 -0.01 -0.38 
2.90 -2.54 62.00 1.02 0.19 -0.43 
6.46 -2.91 45.51 1.27 0.03 -0.41 
38.79 -2.33 37.38 1.21 0.07 -0.54 
26.12 -2.44 36.12 0.60 0.22 -0.25 
-27.91 -2.75 57.87 1.25 0.34 -0.66 
109.32 -2.70 65.09 1.24 0.26 -0.42 
7.63 -2.56 66.72 0.95 -0.01 -0.47 
14.03 -2.78 65.66 1.12 0.13 -0.41 
20.55 -2.70 66.54 1.31 0.18 -0.52 
-19.36 -2.57 73.72 0.88 0.15 -0.43 
21.96 -2.60 73.01 1.21 0.18 -0.50 
33.47 -2.51 69.89 1.16 0.11 -0.53 
23.53 -2.80 73.69 0.87 0.15 -0.26 
-22.02 -2.29 72.37 0.60 0.04 -0.39 
-26.89 -1.95 68.23 0.68 -0.19 -0.54 
-50.97 -2.28 64.53 1.11 0.04 -0.64 
-6.36 -2.16 70.32 0.48 0.18 -0.30 
-49.06 -2.66 75.97 1.42 0.47 -0.62 
80.83 -2.35 83.54 1.04 0.32 -0.49 
58.10 -2.74 84.79 1.02 0.06 -0.42 
-12.33 -2.47 79.39 0.94 0.08 -0.43 
7.35 -2.52 80.87 0.94 0.09 -0.41 
18.17 -2.59 78.29 0.93 0.03 -0.42 
-21.90 -2.75 69.57 1.21 0.09 -0.39 
50.21 -2.65 68.81 1.38 0.23 -0.52 
31.18 -2.26 62.69 0.76 0.23 -0.36 
43.95 -2.83 44.20 1.90 0.15 -0.65 
31.27 -2.76 41.44 1.20 -0.04 -0.39 
-28.04 -2.82 44.29 0.74 0.07 -0.27 
-16.23 -2.74 50.42 1.16 0.26 -0.53 
25.22 -3.22 55.74 1.35 0.11 -0.21 
-40.66 -2.57 53.78 0.93 0.10 -0.46 
1.46 -2.77 52.23 1.33 0.19 -0.50 
22.10 -2.51 53.78 0.87 0.12 -0.43 
-45.82 -2.80 46.33 0.91 0.10 -0.33 
-15.83 -2.55 42.07 0.70 -0.03 -0.32 
22.55 -2.62 45.61 0.98 0.15 -0.40 
90.97 -2.87 40.51 0.79 0.13 -0.22 
-74.00 -2.45 41.78 0.81 0.09 -0.47 
154.34 -2.63 41.79 1.38 0.21 -0.48 
57.25 -2.88 46.56 0.61 0.01 -0.22 
64.53 -2.32 42.34 0.85 0.09 -0.47 
-16.20 -2.59 37.19 1.22 0.00 -0.47 
-5.75 -2.60 32.96 1.02 0.07 -0.46 
38.85 -2.39 34.85 1.01 0.22 -0.51 
-42.04 -2.55 27.11 0.91 -0.06 -0.37 
-21.81 -2.36 30.59 1.03 0.24 -0.57 
-39.51 -2.61 29.43 1.10 0.14 -0.48 
12.59 -2.59 25.03 1.09 0.16 -0.46 
3.18 -2.57 25.24 1.13 0.10 -0.52 
3.69 -2.55 26.75 0.79 0.05 -0.36 
20.77 -2.65 18.95 0.87 0.07 -0.30 
-73.14 -3.19 3.44 1.88 0.07 -0.37 
28.39 -2.53 -3.87 1.30 0.01 -0.56 
48.05 -2.65 -1.51 0.64 0.19 -0.23 
-32.23 -2.81 4.98 1.33 0.37 -0.62 
-36.43 -2.73 17.08 1.15 0.11 -0.36 
-11.87 -3.07 22.17 0.99 0.05 -0.25 
-14.77 -2.49 24.41 0.81 0.14 -0.41 
-20.20 -2.78 22.63 0.74 -0.09 -0.27 
-6.78 -2.67 24.76 1.00 0.01 -0.43 
-7.23 -2.75 17.99 1.05 0.17 -0.41 
46.61 -2.55 13.16 1.40 0.16 -0.59 
37.76 -3.06 14.30 0.73 -0.01 -0.18 
-54.93 -2.44 16.53 0.83 0.17 -0.48 
85.97 -2.59 18.93 1.16 -0.14 -0.49 
-9.83 -2.52 24.52 0.73 0.09 -0.37 
-38.72 -2.42 22.22 0.94 0.19 -0.45 
-9.94 -2.92 29.28 0.83 0.06 -0.31 
49.37 -2.84 40.64 0.83 0.15 -0.42 
22.08 -2.32 43.37 0.95 0.14 -0.55 
-5.50 -2.20 33.37 0.73 0.00 -0.44 
-0.11 -2.42 36.48 1.07 0.23 -0.51 
-48.29 -2.38 37.90 0.94 0.29 -0.51 
41.33 -2.42 27.37 1.10 0.26 -0.52 
-13.23 -2.34 27.27 1.01 0.19 -0.54 
-105.07 -1.08 26.00 0.23 -0.38 -0.17 
-39.05 -2.34 28.82 0.91 0.18 -0.49 
118.40 -2.99 38.24 1.45 0.33 -0.41 
18.25 -2.60 38.21 1.05 0.09 -0.49 
6.30 -2.66 40.36 0.89 0.15 -0.36 
-89.98 -2.88 54.95 1.25 0.24 -0.48 
70.00 -2.79 59.18 1.70 0.44 -0.76 
50.28 -2.71 44.81 0.67 0.07 -0.28 
23.76 -2.50 40.45 0.97 0.23 -0.40 
3.89 -2.52 42.70 0.90 -0.01 -0.47 
2.95 -2.56 42.72 1.11 0.08 -0.54 
22.98 -2.70 43.13 0.82 0.03 -0.30 
-5.40 -2.60 54.45 0.85 -0.09 -0.40 
-29.08 -2.40 52.81 0.53 0.02 -0.31 
-4.62 -2.50 114.95 0.82 0.07 -0.38 
10.18 -2.69 307.05 0.83 0.10 -0.32 
0.50 -2.55 213.06 0.97 0.18 -0.44 
-92.32 -2.10 213.85 0.29 0.02 -0.18 
3.98 -2.67 211.26 1.09 0.23 -0.38 
24.71 -2.76 217.67 1.01 0.10 -0.42 
24.71 -2.76 217.67 1.01 0.10 -0.42 
-10.59 -2.48 218.67 1.25 0.28 -0.51 
-15.88 -2.57 123.89 0.87 -0.16 -0.39 
5.50 -2.68 86.76 1.09 0.22 -0.42 
27.98 -2.17 86.69 0.54 0.23 -0.26 
14.01 -2.51 83.69 0.89 0.26 -0.34 
-18.47 -2.38 90.86 0.92 0.36 -0.45 
-29.04 -2.71 94.41 0.86 0.13 -0.39 
-2.21 -2.59 96.26 0.93 0.18 -0.39 
-1.17 -2.79 94.17 1.20 0.21 -0.42 
6.20 -2.50 94.39 1.00 0.27 -0.44 
16.76 -2.53 93.31 1.00 0.20 -0.43 
-45.71 -2.68 88.92 1.12 0.30 -0.34 
79.77 -2.55 82.53 1.39 0.22 -0.55 
-26.80 -2.49 75.07 0.47 0.21 -0.12 
-5.65 -3.14 73.36 1.20 0.29 -0.30 
65.75 -2.54 74.03 0.89 0.29 -0.40 
-15.84 -2.90 73.23 1.36 0.18 -0.45 
-31.97 -2.23 70.23 0.58 0.16 -0.35 
-65.94 -2.41 69.52 1.28 0.25 -0.57 
22.88 -2.26 66.65 0.84 0.23 -0.49 
26.98 -2.34 68.32 0.88 0.25 -0.46 
8.75 -2.63 72.14 1.20 0.32 -0.50 
13.30 -2.58 70.38 0.93 0.19 -0.43 
30.63 -2.34 73.49 0.89 0.26 -0.46 
26.83 -2.66 69.48 1.12 0.24 -0.44 
54.11 -2.88 65.72 0.62 0.15 -0.17 
-9.62 -2.75 61.04 1.86 0.54 -0.71 
48.11 -2.41 56.40 1.19 0.21 -0.57 
12.78 -2.01 63.60 0.60 0.37 -0.32 
-82.59 -3.18 68.41 1.53 0.06 -0.40 
21.14 -2.30 75.02 0.90 0.25 -0.53 
34.91 -2.34 73.84 0.95 0.15 -0.51 
9.15 -2.61 74.15 1.03 0.03 -0.47 
-8.52 -2.41 75.19 0.88 0.19 -0.47 
-20.27 -2.69 67.71 1.09 0.05 -0.38 
-18.86 -2.52 70.09 1.09 0.15 -0.54 
-25.79 -1.64 66.79 0.42 -0.19 -0.32 
-75.65 -2.28 72.56 0.77 -0.02 -0.55 
-1.61 -2.53 71.31 0.99 0.09 -0.46 
-21.78 -3.41 73.95 0.82 0.07 -0.14 
29.82 -3.09 84.67 1.70 0.34 -0.71 
-26.85 -2.36 89.81 0.86 0.29 -0.42 
-95.19 -2.37 93.49 0.86 0.05 -0.58 
13.82 -2.39 89.97 0.87 0.03 -0.50 
-3.44 -2.24 86.59 0.65 -0.05 -0.42 
-55.04 -2.35 89.88 0.93 0.15 -0.52 
2.66 -2.44 88.21 1.14 0.20 -0.61 
43.96 -2.52 82.75 1.45 0.16 -0.68 
7.18 -1.98 86.63 0.49 -0.02 -0.38 
32.90 -2.52 76.48 1.49 0.23 -0.63 
101.45 -2.46 74.71 0.88 0.25 -0.35 
-48.95 -2.66 85.34 0.89 0.08 -0.50 
71.66 -2.94 89.80 1.17 0.05 -0.36 
-53.82 -2.28 87.92 0.78 0.10 -0.46 
57.29 -2.99 85.04 1.39 0.24 -0.40 
-27.15 -2.33 83.72 0.82 0.10 -0.46 
19.13 -2.66 81.26 1.22 0.27 -0.45 
8.89 -2.41 81.32 1.18 0.20 -0.59 
41.53 -2.34 83.95 0.58 -0.07 -0.32 
3.01 -2.44 88.54 0.57 0.06 -0.34 
141.39 -2.68 92.98 1.27 0.00 -0.59 
-76.02 -2.74 103.52 0.82 0.08 -0.31 
40.45 -2.23 94.29 0.85 -0.17 -0.56 
-38.72 -2.55 99.78 0.99 0.14 -0.43 
-6.27 -2.46 95.64 1.02 0.19 -0.56 
0.17 -2.59 97.79 1.10 -0.07 -0.47 
-14.12 -2.48 90.03 1.11 0.26 -0.51 
21.51 -2.55 93.51 1.18 0.20 -0.52 
57.05 -2.33 95.94 0.53 -0.01 -0.30 
36.14 -2.67 95.61 1.57 0.38 -0.57 
41.59 -2.91 96.87 1.11 0.10 -0.33 
-42.84 -2.64 102.01 0.73 0.10 -0.30 
-47.70 -2.57 83.00 0.95 0.08 -0.49 
-35.16 -2.54 73.55 0.81 -0.09 -0.31 
16.78 -2.30 69.84 1.10 0.23 -0.57 
94.92 -2.05 72.74 0.43 0.14 -0.28 
-73.57 -2.43 74.36 0.55 -0.05 -0.32 
-61.50 -2.19 80.61 0.65 -0.07 -0.43 
-6.32 -2.53 80.17 0.98 0.14 -0.39 
9.62 -2.71 74.57 0.76 0.20 -0.25 
27.35 -3.07 73.85 1.84 0.39 -0.63 
48.08 -2.28 71.96 1.01 0.34 -0.45 
-2.77 -2.59 66.74 1.06 0.28 -0.42 
-12.30 -2.66 60.40 1.04 0.09 -0.42 
-14.79 -2.47 60.87 0.85 0.14 -0.42 
-21.53 -2.64 58.36 0.97 0.13 -0.43 
78.28 -2.61 58.07 1.10 0.12 -0.48 
-35.09 -2.67 63.61 0.82 0.17 -0.24 
-30.04 -2.30 63.70 0.65 0.12 -0.34 
-7.43 -2.68 73.27 1.36 0.20 -0.45 
178.63 -3.90 70.13 0.71 0.04 -0.02 
125.95 -3.22 69.78 1.95 0.41 -0.65 
42.43 -2.65 65.80 1.08 0.11 -0.43 
10.39 -2.92 67.64 0.96 0.09 -0.33 
-33.69 -2.63 62.92 0.82 0.00 -0.32 
-12.32 -2.52 66.33 0.91 0.12 -0.46 
16.88 -2.69 65.28 1.26 0.33 -0.48 
46.21 -2.51 61.24 1.18 0.14 -0.52 
44.10 -2.59 52.30 0.82 -0.03 -0.28 
-25.07 -3.26 48.81 1.53 0.27 -0.31 
-50.60 -2.61 52.65 0.72 0.21 -0.26 
-29.51 -2.34 53.74 0.53 -0.06 -0.29 
-235.51 -2.30 72.76 0.81 -0.31 -0.35 
-45.33 -2.44 70.89 0.96 0.11 -0.53 
-8.99 -2.72 66.85 1.16 0.12 -0.41 
6.75 -2.44 66.20 0.96 0.17 -0.47 
-37.72 -2.80 64.06 0.98 0.18 -0.34 
-11.68 -2.61 62.70 0.97 0.13 -0.43 
30.03 -2.48 61.70 1.15 0.21 -0.54 
72.32 -2.06 60.19 0.75 0.39 -0.31 
45.83 -2.90 62.60 1.34 0.21 -0.49 
85.69 -2.66 59.82 1.17 0.22 -0.39 
-25.95 -2.70 63.29 0.60 -0.14 -0.11 
-96.32 -2.63 71.93 0.88 0.29 -0.49 
29.53 -3.05 83.96 1.35 0.47 -0.21 
125.44 -2.15 83.84 0.76 0.13 -0.46 
22.47 -2.80 84.91 1.07 0.03 -0.40 
-13.59 -2.08 84.09 1.04 0.48 -0.56 
37.38 -2.18 89.70 0.95 0.43 -0.50 
31.50 -2.35 90.47 0.85 0.26 -0.43 
44.49 -2.55 90.49 1.16 0.20 -0.47 
23.76 -2.70 93.67 0.75 0.06 -0.27 
-43.94 -2.59 96.94 0.64 0.06 -0.29 
-15.34 -3.49 111.81 1.29 0.00 -0.22 
-15.91 -2.54 106.99 1.06 0.17 -0.45 
9.72 -2.84 105.79 0.70 0.05 -0.22 
-80.70 -2.51 104.37 0.87 0.18 -0.42 
-71.33 -3.26 97.95 0.98 0.03 -0.28 
-0.69 -1.96 96.41 0.83 0.34 -0.49 
-4.33 -2.78 94.69 1.01 0.20 -0.28 
2.34 -2.68 96.10 0.84 0.07 -0.39 
-5.55 -2.51 97.56 0.86 0.02 -0.43 
3.24 -2.73 96.70 1.32 0.17 -0.55 
42.40 -2.46 92.73 1.28 0.15 -0.56 
33.01 -2.83 94.85 0.66 0.11 -0.21 
-12.82 -2.68 95.78 1.20 0.33 -0.51 
37.26 -2.93 95.12 1.34 0.21 -0.32 
-16.52 -2.94 89.48 0.74 0.13 -0.17 
34.56 -2.72 81.01 1.97 0.53 -0.63 
40.37 -2.68 80.90 0.90 0.09 -0.31 
7.43 -2.72 76.47 0.99 0.17 -0.38 
12.86 -2.65 80.91 0.94 0.21 -0.38 
-5.17 -2.59 83.63 1.02 0.22 -0.46 
-11.54 -2.61 81.87 1.04 0.18 -0.37 
41.98 -2.55 80.21 1.19 0.21 -0.49 
14.63 -2.68 74.94 0.73 0.06 -0.27 
-17.01 -2.76 78.35 0.91 0.05 -0.37 
2.04 -1.88 68.99 0.65 0.40 -0.28 
34.92 -2.16 63.29 0.52 0.06 -0.31 
41.89 -2.85 60.97 1.71 0.33 -0.54 
13.56 -2.76 59.85 0.99 0.09 -0.35 
-2.52 -2.74 57.22 0.95 0.16 -0.35 
3.18 -2.70 57.07 0.75 0.01 -0.32 
8.80 -2.60 59.66 0.99 0.17 -0.43 
5.11 -2.60 59.40 1.11 0.23 -0.44 
38.57 -2.80 54.26 1.30 0.01 -0.44 
-23.99 -2.72 59.75 0.40 0.00 -0.16 
-54.15 -2.72 51.56 1.42 0.31 -0.48 
40.06 -2.78 60.45 1.16 0.25 -0.32 
-31.11 -2.75 48.85 0.61 0.08 -0.22 
-35.60 -2.92 56.21 0.90 0.08 -0.33 
54.47 -2.79 56.97 1.20 0.22 -0.40 
-7.71 -2.60 56.17 0.90 0.20 -0.39 
44.69 -2.51 54.81 0.87 0.05 -0.41 
-7.53 -2.52 55.82 0.98 0.11 -0.45 
-14.83 -2.70 55.69 1.17 0.21 -0.43 
10.38 -2.63 50.13 1.30 0.15 -0.53 
4.89 -2.17 53.38 0.22 0.00 -0.16 
-18.14 -2.71 46.58 0.98 0.09 -0.40 
0.62 -2.79 50.84 1.37 0.33 -0.36 
-35.33 -1.99 37.02 0.26 -0.24 -0.01 
26.00 -3.13 39.81 1.24 0.36 -0.43 
101.86 -2.40 30.76 0.97 0.12 -0.43 
2.11 -3.01 30.24 1.05 0.24 -0.20 
12.56 -2.65 26.79 1.08 0.22 -0.43 
-9.35 -2.69 26.66 0.97 0.20 -0.36 
16.71 -2.76 25.61 1.08 0.15 -0.38 
20.30 -2.70 25.96 1.19 0.22 -0.44 
-7.82 -2.02 23.96 0.21 -0.11 -0.10 
-35.09 -2.77 18.81 1.02 0.11 -0.38 
38.86 -2.87 23.61 1.02 0.05 -0.31 
-6.91 -2.63 28.21 0.75 0.16 -0.28 
-26.26 -2.66 23.59 0.58 -0.01 -0.26 
-4.09 -3.02 39.91 0.85 -0.05 -0.28 
16.56 -2.49 40.66 0.92 0.16 -0.45 
54.62 -2.65 37.16 1.13 0.13 -0.42 
-5.01 -2.80 32.49 1.08 0.17 -0.36 
-25.75 -2.56 35.29 0.88 0.24 -0.39 
26.30 -2.78 34.72 0.84 0.06 -0.30 
52.12 -2.38 39.03 1.19 0.23 -0.56 
-30.51 -2.65 31.44 0.87 0.33 -0.23 
-1.63 -3.10 31.65 2.11 0.40 -0.69 
71.55 -2.47 30.56 1.20 0.39 -0.40 
105.93 -2.81 29.06 0.82 0.21 -0.25 
0.50 -3.07 29.80 0.91 0.05 -0.28 
50.40 -2.38 33.74 0.92 0.19 -0.41 
4.54 -2.79 29.59 1.05 0.14 -0.38 
4.97 -2.60 30.97 1.08 0.20 -0.44 
10.21 -2.60 30.23 0.81 0.06 -0.35 
21.69 -2.53 29.15 0.90 0.19 -0.42 
-33.09 -2.73 32.07 1.20 0.22 -0.42 
41.19 -2.61 45.73 0.88 0.16 -0.31 
-2.28 -2.56 36.90 0.86 0.10 -0.35 
-63.30 -2.92 27.41 1.28 0.19 -0.36 
65.74 -2.65 21.73 1.21 0.15 -0.46 
60.63 -2.92 20.05 0.64 0.10 -0.18 
-35.94 -2.56 21.36 1.16 0.38 -0.53 
43.67 -2.24 20.62 0.86 0.23 -0.48 
8.01 -2.86 18.98 1.07 0.13 -0.34 
-50.23 -2.61 15.01 0.97 -0.08 -0.41 
47.64 -2.59 13.49 0.90 0.18 -0.35 
-46.69 -2.81 9.47 1.06 0.17 -0.42 
21.72 -2.69 7.56 1.15 0.09 -0.43 
56.31 -3.38 3.31 0.57 -0.03 -0.05 
-17.02 -2.51 2.40 0.60 0.06 -0.33 
28.57 -2.58 1.98 1.23 0.24 -0.43 
42.03 -2.59 -3.35 1.09 0.20 -0.43 
18.67 -2.64 -2.74 0.96 0.20 -0.37 
0.18 -2.71 -3.88 0.90 0.08 -0.32 
25.19 -2.69 -2.79 1.15 0.14 -0.40 
44.86 -2.33 -3.07 0.62 0.21 -0.27 
54.72 -2.82 -9.35 1.86 0.40 -0.67 
39.58 -2.63 -14.23 1.28 0.09 -0.46 
53.49 -2.65 -15.19 0.66 0.16 -0.24 
39.05 -2.81 -10.98 1.82 0.56 -0.65 
59.86 -2.36 -18.87 1.03 0.26 -0.44 
22.62 -2.73 -16.24 1.02 0.10 -0.39 
-13.04 -2.86 -20.78 0.84 0.00 -0.26 
5.18 -2.57 -20.57 1.03 0.20 -0.44 
7.19 -2.68 -20.99 0.99 0.14 -0.38 
-28.20 -2.98 -21.79 0.87 0.02 -0.25 
29.71 -2.53 -13.93 1.21 0.23 -0.55 
19.34 -2.57 -23.32 0.46 -0.04 -0.21 
9.72 -2.94 -25.36 1.28 0.15 -0.40 
12.01 -2.80 -28.00 1.22 0.28 -0.33 
1.69 -2.97 -31.11 0.67 0.04 -0.17 
-6.43 -2.18 -33.91 0.63 0.00 -0.42 
-75.18 -2.45 -27.89 0.76 -0.03 -0.33 
11.51 -2.40 -31.78 1.00 0.27 -0.46 
40.30 -2.50 -28.78 0.91 0.16 -0.41 
28.10 -2.75 -26.94 1.15 0.20 -0.39 
12.71 -2.70 -24.43 0.95 0.05 -0.39 
9.89 -2.79 -27.87 1.04 0.15 -0.33 
22.50 -2.63 -31.44 1.25 0.16 -0.50 
63.25 -2.67 -24.16 0.57 0.14 -0.21 
52.27 -2.70 -31.74 1.97 0.40 -0.74 
35.63 -2.68 -34.98 1.10 0.11 -0.38 
-8.99 -2.73 -29.99 0.71 -0.04 -0.31 
-69.78 -2.86 -54.69 1.23 0.20 -0.34 
29.38 -2.27 -64.62 0.89 0.20 -0.46 
-12.50 -2.65 -61.58 0.93 0.15 -0.39 
-33.79 -3.00 -57.32 1.03 0.06 -0.27 
12.96 -2.57 -58.93 0.91 0.11 -0.39 
8.92 -2.78 -59.86 0.99 0.16 -0.35 
11.17 -2.80 -62.28 0.99 0.09 -0.34 
-6.25 -2.47 -60.21 0.98 0.29 -0.35 
-39.36 -2.87 -69.13 1.10 0.16 -0.27 
66.02 -2.73 -77.04 2.01 0.44 -0.67 
33.87 -2.74 -68.78 1.12 0.34 -0.21 
-30.07 -2.93 -76.25 0.78 0.00 -0.25 
36.37 -2.69 -81.88 1.68 0.53 -0.50 
-4.26 -2.57 -80.83 0.89 0.24 -0.36 
6.50 -2.82 -82.69 1.03 0.00 -0.36 
29.30 -2.79 -84.59 0.98 0.16 -0.26 
-57.96 -2.83 -82.08 1.00 0.10 -0.38 
-4.29 -2.69 -82.16 1.36 0.30 -0.53 
45.43 -2.72 -85.87 1.18 0.13 -0.42 
12.14 -2.74 -80.42 0.84 0.05 -0.34 
1.44 -2.34 -76.17 0.69 0.19 -0.36 
180.73 -3.26 -76.69 1.55 -0.04 -0.35 
-10.37 -3.15 -76.32 0.89 0.03 -0.16 
62.28 -2.70 -68.55 1.08 0.30 -0.47 
8.16 -2.76 -68.23 1.02 0.11 -0.33 
-40.71 -2.80 -66.67 1.00 0.03 -0.39 
10.20 -2.78 -78.65 1.01 0.07 -0.38 
6.59 -2.53 -85.31 1.05 0.17 -0.47 
-59.69 -2.42 -81.25 1.31 0.41 -0.58 
14.76 -2.44 -80.17 0.72 0.05 -0.33 
-93.05 -2.06 -88.13 1.03 -0.14 -0.51 
22.95 -2.38 -89.57 0.96 0.27 -0.41 
38.59 -2.77 -96.90 0.99 0.13 -0.29 
-59.11 -2.36 -94.95 0.63 -0.18 -0.28 
-53.89 -2.93 -95.03 0.46 -0.16 -0.09 
-4.16 -2.45 26.38 0.76 0.24 -0.24 
-9.87 -2.60 -51.56 0.76 0.12 -0.33 
-17.12 -2.50 -54.78 1.05 0.01 -0.46 
-8.85 -2.53 -54.53 0.98 0.11 -0.48 
-20.80 -2.83 -52.85 1.00 0.07 -0.35 
-5.75 -2.42 -52.46 0.88 0.15 -0.48 
-6.27 -2.66 -50.85 1.03 0.10 -0.42 
4.73 -2.47 -51.63 0.89 0.10 -0.46 
22.92 -2.86 -53.88 1.05 0.11 -0.34 
-38.34 -2.67 -51.51 0.77 0.04 -0.31 
-66.49 -2.70 -52.82 0.88 0.19 -0.30 
12.72 -2.80 -50.60 1.10 0.17 -0.35 
-0.32 -2.75 -49.98 0.88 0.12 -0.28 
-5.69 -2.70 -58.27 1.12 0.16 -0.45 
6.95 -2.61 -61.07 0.91 0.09 -0.39 
12.72 -2.66 -60.95 0.94 0.11 -0.40 
-2.41 -2.70 -63.42 1.03 0.17 -0.37 
-32.91 -2.68 -61.54 0.97 0.05 -0.35 
-41.88 -2.62 -61.40 0.71 0.08 -0.27 
-36.85 -2.69 -56.47 1.02 0.03 -0.38 
24.06 -2.60 -55.80 0.78 0.09 -0.30 
-36.75 -2.88 -48.61 0.85 0.10 -0.35 
-17.59 -2.92 -44.44 1.06 0.06 -0.33 
6.36 -2.77 -42.21 1.05 0.09 -0.38 
19.63 -2.73 -40.99 1.16 0.22 -0.46 
-9.95 -2.63 -41.39 1.06 0.11 -0.43 
10.61 -2.53 -41.92 0.92 0.13 -0.45 
-78.11 -2.79 -41.21 1.04 -0.12 -0.37 
-14.83 -2.30 -47.23 1.21 0.25 -0.62 
-31.36 -2.09 -49.30 0.96 0.53 -0.45 
17.72 -3.05 -41.36 1.25 0.22 -0.45 
-25.18 -2.53 -39.38 1.53 0.31 -0.55 
36.26 -2.99 -35.34 0.51 0.10 -0.09 
-44.45 -2.71 -31.17 0.77 0.05 -0.37 
-59.21 -3.29 -25.54 0.90 0.21 -0.18 
75.17 -2.43 -22.22 0.93 0.06 -0.42 
25.78 -2.92 -23.11 1.10 0.10 -0.35 
-11.40 -2.86 -24.20 1.11 0.04 -0.34 
-6.59 -2.56 -24.53 0.97 0.16 -0.45 
21.41 -2.97 -24.12 1.01 0.10 -0.24 
-19.96 -2.76 -10.10 0.90 -0.05 -0.30 
15.11 -2.54 -17.98 0.81 0.14 -0.35 
6.26 -3.06 -14.83 1.03 0.02 -0.26 
-2.65 -2.97 -24.27 1.21 0.20 -0.22 
22.43 -2.71 -25.39 0.83 0.19 -0.29 
16.37 -3.19 -21.36 1.45 0.28 -0.36 
4.89 -2.76 -20.18 1.02 0.05 -0.35 
5.47 -2.85 -20.19 1.04 0.03 -0.35 
5.27 -2.72 -17.62 1.37 0.30 -0.53 
-4.22 -2.65 -20.65 1.01 0.07 -0.40 
23.24 -2.64 -21.97 0.95 0.11 -0.39 
9.83 -2.59 -22.57 0.90 0.12 -0.40 
-5.33 -2.97 -22.94 1.04 0.09 -0.31 
-37.85 -2.53 -15.14 1.07 0.15 -0.50 
-22.88 -2.52 -19.52 1.31 0.49 -0.39 
97.73 -2.94 -23.31 2.22 0.48 -0.76 
7.55 -2.83 -26.13 1.22 0.13 -0.36 
2.88 -2.70 -19.69 0.67 0.14 -0.22 
-27.26 -2.73 -12.93 0.93 0.16 -0.46 
-38.11 -3.03 -9.29 1.29 0.19 -0.18 
23.29 -2.67 -7.50 0.97 0.14 -0.37 
12.81 -2.87 -11.29 1.33 0.18 -0.43 
-5.77 -3.04 -7.61 1.07 0.09 -0.28 
3.69 -2.74 -1.95 0.96 -0.01 -0.35 
84.70 -3.13 -12.58 0.90 0.21 -0.10 
-62.12 -2.96 -3.42 1.10 0.03 -0.36 
23.44 -2.83 -2.18 1.11 -0.03 -0.36 
-9.85 -2.81 -2.78 1.02 0.23 -0.32 
-11.70 -2.73 -0.71 1.05 -0.02 -0.38 
-67.14 -3.09 -5.56 1.03 0.00 -0.27 
21.69 -2.57 -3.83 1.27 0.29 -0.51 
-18.05 -2.75 -9.34 1.32 -0.10 -0.43 
20.32 -2.68 -9.30 1.05 0.28 -0.34 
-132.63 -2.83 -9.28 1.21 -0.20 -0.27 
1.35 -2.58 -10.63 1.28 0.16 -0.52 
39.65 -2.68 -4.64 0.69 0.15 -0.21 
82.51 -3.12 -7.08 1.49 -0.03 -0.61 
5.80 -2.14 -15.95 0.94 0.30 -0.50 
-10.20 -2.62 -13.93 1.18 -0.17 -0.48 
36.46 -2.94 -14.42 1.17 0.10 -0.34 
-25.70 -2.73 -19.91 0.93 0.06 -0.36 
11.17 -2.88 -19.15 0.99 0.05 -0.31 
8.30 -2.74 -15.96 1.09 0.22 -0.40 
-24.14 -2.69 -22.85 1.11 -0.05 -0.39 
-14.47 -3.00 -3.80 0.87 -0.03 -0.27 
-46.55 -2.74 -11.73 0.71 0.04 -0.25 
-11.08 -2.86 -34.30 1.14 0.13 -0.31 
29.27 -2.94 -38.34 1.28 0.14 -0.33 
31.32 -2.76 -40.49 0.52 -0.10 -0.20 
-14.87 -3.23 -35.53 1.23 0.34 -0.33 
43.56 -2.37 -34.32 0.91 0.20 -0.45 
0.26 -2.83 -33.05 0.98 0.02 -0.36 
-26.20 -2.73 -28.44 1.36 0.11 -0.64 
-57.44 -2.68 -33.66 1.12 0.11 -0.48 
68.25 -2.12 -33.77 0.81 0.06 -0.57 
-29.46 -3.05 -39.78 1.43 0.08 -0.40 
15.01 -2.22 -44.91 0.99 0.07 -0.71 
-24.11 -1.71 -45.30 0.56 0.16 -0.47 
21.59 -2.55 -47.12 0.75 -0.09 -0.33 
-153.46 -2.86 -50.11 0.98 -0.04 -0.24 
4.41 -2.84 -42.29 0.97 0.09 -0.31 
2.79 -2.49 -48.84 0.62 0.07 -0.29 
-227.56 -2.30 -43.46 1.02 -0.39 -0.28 
-105.85 -2.89 -45.83 1.14 0.09 -0.50 
68.26 -2.18 -47.41 0.89 0.17 -0.51 
-14.27 -2.71 -46.53 0.88 0.15 -0.30 
4.79 -2.59 -46.01 1.00 0.03 -0.46 
42.09 -2.74 -54.28 1.16 0.05 -0.39 
-58.24 -2.75 -53.67 1.14 0.16 -0.46 
41.79 -2.61 -47.40 0.44 0.00 -0.19 
-0.50 -2.63 -46.29 0.74 -0.03 -0.36 
-117.03 -3.22 -28.91 1.52 -0.17 -0.40 
10.59 -2.23 -25.77 0.48 -0.30 -0.08 
117.21 -2.67 -32.24 0.75 0.04 -0.36 
-6.85 -2.33 -26.57 1.06 0.23 -0.48 
7.77 -2.61 -23.27 0.92 0.11 -0.40 
-26.49 -2.74 -23.64 1.07 0.15 -0.37 
15.15 -2.55 -20.20 0.99 0.10 -0.44 
-30.97 -2.96 -25.16 1.04 0.12 -0.35 
28.27 -2.56 -33.90 1.16 0.11 -0.53 
-70.90 -3.17 -25.72 0.76 -0.02 -0.12 
32.76 -2.99 -27.78 0.84 0.04 -0.24 
-0.89 -3.01 -31.13 1.74 0.03 -0.50 
76.71 -2.69 -37.49 1.22 0.08 -0.44 
20.79 -2.47 -36.65 0.70 0.25 -0.30 
38.41 -2.89 -38.93 1.81 0.40 -0.65 
49.64 -2.39 -45.94 0.97 0.15 -0.49 
45.40 -2.41 -47.97 0.86 0.16 -0.43 
-10.27 -2.72 -46.75 1.06 0.14 -0.37 
20.30 -2.59 -46.58 1.00 0.10 -0.45 
1.93 -2.62 -46.09 1.02 0.12 -0.44 
10.81 -2.68 -49.88 0.85 0.08 -0.34 
63.95 -2.47 -53.68 0.80 0.35 -0.22 
-25.53 -2.89 -54.02 0.59 -0.02 -0.21 
-116.91 -2.09 -49.10 0.73 -0.28 -0.44 
52.88 -2.62 -44.48 0.94 0.02 -0.40 
-4.13 -2.63 -43.61 0.92 0.17 -0.39 
-5.07 -2.56 -41.29 0.92 0.12 -0.43 
9.85 -2.51 -39.39 0.89 0.06 -0.44 
0.93 -2.75 -44.17 1.05 0.11 -0.36 
0.62 -2.59 -35.21 0.99 0.09 -0.43 
-3.44 -2.31 -41.06 0.61 0.16 -0.31 
19.55 -3.04 -44.54 1.08 0.20 -0.35 
62.96 -2.43 -45.70 1.30 0.32 -0.50 
10.50 -3.02 -44.56 0.63 0.01 -0.19 
-6.04 -2.79 -44.69 0.98 0.13 -0.43 
43.79 -2.50 -55.31 1.01 0.19 -0.47 
37.30 -2.41 -55.87 0.93 0.23 -0.46 
-18.19 -2.73 -56.17 1.00 0.07 -0.39 
19.50 -2.50 -50.37 0.94 0.14 -0.44 
-2.79 -2.72 -51.52 1.14 0.14 -0.46 
-11.12 -2.65 -48.94 1.27 -0.11 -0.48 
-34.92 -2.45 -47.69 0.50 -0.19 -0.18 
-15.88 -2.48 -43.53 0.67 -0.04 -0.35 
27.37 -3.26 -37.64 1.36 -0.02 -0.30 
4.97 -2.63 -37.49 0.89 -0.03 -0.33 
-54.59 -2.44 -42.93 0.69 0.17 -0.31 
-84.61 -2.98 -57.53 1.32 0.44 -0.15 
-66.07 -2.49 -57.34 0.87 0.19 -0.46 
25.12 -2.54 -56.63 0.95 0.18 -0.42 
22.18 -2.99 -59.63 0.77 0.07 -0.20 
6.26 -2.60 -58.41 0.97 0.07 -0.43 
19.30 -2.62 -56.98 1.17 0.26 -0.49 
-22.51 -2.13 -80.92 1.28 -0.24 -0.61 
25.92 -2.79 -80.22 0.78 0.26 -0.19 
42.80 -2.70 -84.96 1.39 0.22 -0.52 
-36.40 -2.59 -82.56 0.98 0.21 -0.41 
2.72 -1.74 -84.91 0.43 0.13 -0.34 
-48.56 -3.14 -91.16 0.95 -0.03 -0.25 
-72.86 -2.43 -86.66 0.86 0.15 -0.45 
-12.92 -2.69 -79.96 0.93 0.12 -0.39 
-2.34 -2.83 -77.25 0.93 0.07 -0.31 
-1.98 -2.63 -75.70 0.87 0.07 -0.38 
-56.92 -3.15 -103.48 1.09 0.04 -0.20 
103.08 -2.29 -110.82 1.00 0.10 -0.54 
4.52 -2.48 -110.44 0.89 0.08 -0.42 
-11.82 -2.88 -110.82 1.19 0.21 -0.38 
5.42 -2.71 -116.50 0.85 0.00 -0.32 
-16.44 -2.57 -113.93 0.83 0.19 -0.39 
15.64 -2.57 -120.49 1.18 0.05 -0.51 
-17.53 -2.54 -114.82 0.73 0.10 -0.29 
-51.88 -2.74 -120.23 0.70 0.03 -0.26 
-18.93 -2.80 -126.25 1.27 0.12 -0.40 
13.08 -2.75 -124.63 1.06 0.11 -0.37 
-11.06 -2.52 -121.99 0.92 0.32 -0.30 
26.95 -2.59 -129.07 1.71 0.50 -0.63 
-95.75 -3.05 -127.33 1.27 -0.25 -0.27 
19.69 -2.47 -123.27 0.93 0.24 -0.46 
9.23 -2.92 -127.55 1.04 0.16 -0.31 
0.62 -2.79 -133.55 1.17 -0.01 -0.43 
10.02 -2.44 -128.51 0.88 0.15 -0.45 
-19.68 -2.95 -131.97 1.36 0.23 -0.29 
-13.11 -2.50 -125.17 0.67 0.00 -0.31 
-19.72 -2.52 -130.33 0.67 0.09 -0.32 
-43.76 -3.18 -114.23 1.21 0.04 -0.14 
28.08 -3.23 -112.74 1.18 0.06 -0.31 
-3.20 -2.74 -107.54 1.28 0.00 -0.49 
-53.15 -3.12 -104.00 1.11 -0.16 -0.14 
-6.75 -2.87 -105.42 1.08 0.10 -0.32 
-3.75 -2.83 -106.77 0.94 0.03 -0.27 
2.93 -2.74 -112.85 0.78 0.16 -0.26 
-31.46 -3.21 -106.19 0.88 0.04 -0.20 
-58.56 -2.79 -103.22 0.90 -0.06 -0.36 
34.82 -2.48 -108.26 0.89 0.11 -0.38 
12.38 -2.82 -104.99 1.23 0.16 -0.37 
6.03 -2.56 -108.15 0.99 0.22 -0.41 
4.53 -2.83 -104.99 1.07 0.00 -0.37 
34.79 -2.58 -104.88 0.73 0.12 -0.32 
-33.78 -2.75 -103.78 1.22 0.13 -0.43 
2.95 -2.32 -106.90 0.46 0.00 -0.27 
14.05 -2.86 -102.52 0.94 0.18 -0.31 
11.71 -2.90 -104.08 1.27 0.11 -0.36 
-11.98 -2.88 -91.34 0.74 0.00 -0.21 
-15.13 -2.92 -100.72 0.91 0.06 -0.28 
69.79 -3.06 -95.40 1.93 0.49 -0.60 
15.84 -2.80 -94.38 1.12 0.01 -0.37 
55.05 -2.40 -98.49 0.84 0.07 -0.43 
-1.73 -2.75 -105.73 0.94 0.10 -0.39 
26.88 -2.53 -103.96 0.91 0.04 -0.38 
-21.76 -2.72 -102.39 1.01 0.16 -0.40 
5.82 -2.76 -103.66 1.03 0.09 -0.39 
19.03 -2.64 -106.05 0.95 0.10 -0.40 
-11.84 -2.57 -97.68 1.06 0.15 -0.48 
47.43 -2.66 -103.15 0.81 0.18 -0.29 
7.65 -2.73 -97.92 1.13 0.14 -0.47 
-5.52 -2.68 -93.84 0.91 0.20 -0.35 
-0.81 -2.79 -91.31 1.02 0.05 -0.34 
-56.09 -3.16 -91.44 1.05 0.16 -0.12 
19.31 -2.88 -91.21 0.69 0.01 -0.22 
-114.53 -2.90 -93.73 0.82 -0.01 -0.22 
-6.00 -2.76 -93.43 1.07 0.04 -0.41 
17.92 -2.65 -94.37 0.93 0.17 -0.37 
-0.58 -2.84 -95.06 1.17 0.17 -0.40 
19.59 -2.71 -98.12 1.04 0.12 -0.40 
23.28 -2.70 -102.01 1.06 0.05 -0.43 
38.32 -2.69 -104.55 1.10 0.10 -0.46 
-9.62 -2.77 -101.22 0.98 0.20 -0.32 
66.75 -2.48 -116.91 0.88 -0.22 -0.28 
-51.41 -3.05 -118.30 0.92 0.13 -0.25 
46.05 -2.77 -134.31 1.28 0.31 -0.35 
12.53 -2.82 -136.23 1.15 0.09 -0.36 
30.26 -2.93 -132.34 0.82 0.13 -0.16 
0.53 -2.68 -132.67 0.93 0.24 -0.26 
20.43 -2.78 -141.57 1.54 0.42 -0.37 
49.21 -3.03 -142.73 1.09 0.07 -0.23 
-16.07 -2.62 -142.43 1.01 0.16 -0.41 
26.97 -2.74 -152.30 0.97 0.16 -0.34 
-11.17 -2.80 -148.93 0.86 0.07 -0.32 
18.61 -2.88 -146.97 0.98 0.11 -0.29 
-5.50 -2.76 -146.06 1.02 0.12 -0.35 
-5.29 -2.96 -147.13 0.91 -0.01 -0.27 
15.74 -2.78 -143.24 1.36 0.13 -0.43 
11.58 -2.64 -148.66 0.68 0.09 -0.32 
64.28 -2.92 -155.33 1.06 0.10 -0.31 
62.56 -2.91 -163.41 1.09 -0.14 -0.20 
53.42 -2.74 -154.16 0.86 0.04 -0.27 
-11.19 -3.01 -162.16 0.89 0.08 -0.21 
-46.20 -3.20 -171.25 1.68 0.35 -0.31 
-5.18 -2.88 -181.91 1.05 -0.02 -0.34 
27.18 -2.64 -183.90 1.00 0.16 -0.42 
1.17 -2.79 -182.79 1.09 0.19 -0.31 
7.34 -2.91 -186.76 1.28 0.13 -0.37 
8.81 -2.76 -188.94 0.93 0.09 -0.35 
-9.83 -2.72 -188.44 0.92 0.13 -0.36 
52.69 -2.77 -187.74 1.17 0.03 -0.43 
-38.87 -3.54 -180.19 0.92 -0.04 -0.11 
-65.85 -2.59 -175.95 0.64 -0.05 -0.30 
-20.75 -3.11 -166.50 0.88 -0.07 -0.22 
-1.34 -2.74 -168.56 0.94 0.07 -0.36 
20.39 -2.68 -170.67 1.11 0.09 -0.44 
16.72 -2.88 -147.78 1.09 0.03 -0.32 
0.92 -2.76 -147.80 0.95 0.00 -0.30 
-3.21 -2.86 -149.99 0.78 0.01 -0.25 
5.82 -3.32 -160.59 1.25 0.09 -0.14 
23.75 -2.71 -159.22 1.18 0.10 -0.42 
-6.99 -3.53 -161.40 0.92 0.02 -0.03 
4.59 -2.91 -161.35 0.70 0.09 -0.21 
-50.52 -2.84 -174.44 1.08 0.15 -0.32 
40.66 -2.82 -178.62 1.12 0.01 -0.38 
6.92 -2.65 -179.36 0.90 0.16 -0.40 
-42.30 -2.84 -177.92 1.01 0.05 -0.35 
-91.65 -2.90 -173.10 0.98 0.05 -0.36 
-9.49 -2.57 -173.74 1.02 0.24 -0.43 
-13.39 -2.94 -174.24 1.12 0.09 -0.33 
3.42 -2.67 -172.23 1.02 0.14 -0.42 
66.43 -2.81 -197.44 1.09 -0.14 -0.30 
-22.00 -2.80 -198.86 0.85 0.08 -0.35 
-16.13 -2.92 -198.90 1.11 0.09 -0.34 
3.82 -2.69 -199.53 0.97 0.03 -0.39 
32.41 -2.70 -203.30 1.11 0.02 -0.38 
3.59 -2.57 -209.50 1.05 0.37 -0.30 
34.71 -2.68 -205.12 1.98 0.50 -0.73 
1.56 -2.40 -209.45 0.93 0.12 -0.46 
-3.30 -2.73 -205.79 1.10 -0.15 -0.37 
-6.69 -2.53 -202.72 0.89 0.14 -0.44 
-7.34 -2.89 -204.09 0.91 0.10 -0.30 
14.29 -2.51 -200.88 0.88 0.10 -0.41 
-19.20 -2.68 -199.10 1.17 0.19 -0.45 
-4.53 -2.75 -200.64 1.27 0.04 -0.47 
84.88 -2.21 -216.96 0.87 0.05 -0.48 
-4.85 -2.86 -219.63 0.83 0.01 -0.31 
-39.29 -2.70 -222.27 0.96 0.06 -0.37 
-27.24 -2.91 -219.94 1.19 0.04 -0.33 
-16.33 -2.86 -216.63 0.72 0.09 -0.23 
45.34 -2.88 -220.60 1.22 0.15 -0.45 
-43.16 -2.69 -220.48 0.90 -0.08 -0.35 
-26.88 -2.60 -221.90 0.93 0.14 -0.44 
14.55 -2.49 -214.85 0.91 0.08 -0.42 
1.67 -2.43 -214.50 0.75 0.08 -0.39 
-13.91 -2.67 -212.68 1.06 0.08 -0.44 
24.92 -2.58 -211.74 0.97 -0.15 -0.45 
-20.23 -2.40 -208.17 0.93 0.11 -0.52 
9.66 -2.65 -211.10 1.12 -0.02 -0.46 
22.61 -2.40 -211.74 1.10 0.14 -0.57 
70.24 -2.76 -220.99 0.86 0.13 -0.26 
5.34 -3.04 -210.13 0.84 0.02 -0.28 
77.23 -2.65 -213.76 1.10 -0.03 -0.39 
27.14 -2.65 -231.26 1.01 -0.04 -0.33 
-19.07 -2.71 -221.75 0.71 0.26 -0.21 
-1.33 -2.93 -228.31 1.00 0.10 -0.31 
8.09 -2.41 -228.23 0.84 0.09 -0.42 
4.57 -2.52 -221.14 0.85 0.11 -0.40 
23.05 -2.75 -223.10 0.84 0.07 -0.32 
10.20 -2.56 -222.11 1.10 0.10 -0.50 
58.92 -2.94 -214.31 0.94 -0.01 -0.21 
-44.28 -2.12 -216.57 0.48 -0.16 -0.32 
-49.10 -2.89 -203.23 0.94 -0.18 -0.30 
79.92 -2.72 -213.90 1.17 0.02 -0.45 
-21.04 -2.33 -205.21 0.56 0.22 -0.21 
-25.59 -2.78 -208.24 0.67 -0.12 -0.23 
-48.01 -2.65 -226.17 0.95 0.00 -0.41 
25.58 -2.50 -225.88 0.95 0.17 -0.45 
1.17 -2.52 -224.77 1.06 0.09 -0.48 
1.54 -2.61 -224.72 1.17 0.14 -0.51 
8.66 -2.70 -227.59 1.00 0.05 -0.39 
7.59 -2.55 -227.97 0.92 0.09 -0.45 
-9.42 -2.71 -226.04 0.95 0.11 -0.36 
-22.00 -2.75 -224.52 1.19 0.10 -0.46 
78.41 -2.76 -223.36 0.64 -0.08 -0.21 
-56.61 -2.50 -214.32 0.91 0.29 -0.53 
-111.04 -2.82 -197.23 1.17 0.21 -0.34 
6.82 -2.46 -202.77 1.01 -0.04 -0.47 
8.08 -2.58 -201.60 0.52 0.04 -0.25 
2.81 -3.12 -217.90 1.01 0.02 -0.29 
10.92 -2.46 -216.50 0.97 0.08 -0.47 
21.30 -2.57 -213.94 1.02 0.13 -0.50 
-14.11 -2.78 -217.22 1.03 0.19 -0.36 
1.44 -2.34 -217.89 0.90 0.08 -0.51 
11.49 -2.54 -215.59 0.92 0.08 -0.46 
5.88 -2.77 -221.28 1.03 0.08 -0.36 
24.73 -2.50 -219.57 1.05 0.14 -0.49 
-78.54 -2.21 -215.88 0.36 0.04 -0.22 
94.34 -2.76 -213.92 1.43 0.28 -0.54 
46.00 -2.86 -220.02 1.30 0.04 -0.43 
-64.82 -3.01 -210.07 0.69 0.05 -0.18 
18.09 -2.96 -226.44 0.87 0.34 -0.18 
-28.22 -2.72 -227.19 1.36 0.26 -0.55 
-4.96 -2.59 -230.83 1.01 0.21 -0.45 
53.24 -2.37 -228.39 0.97 0.17 -0.51 
-3.69 -2.60 -230.27 0.93 0.05 -0.44 
11.88 -2.77 -234.61 0.99 0.06 -0.40 
2.30 -2.44 -233.56 1.02 0.19 -0.48 
-5.33 -2.76 -233.92 1.20 0.16 -0.42 
-17.27 -2.45 -229.17 0.61 0.13 -0.28 
19.47 -2.64 -233.36 2.07 0.51 -0.66 
47.56 -2.63 -243.06 1.05 -0.08 -0.44 
-12.59 -2.83 -241.25 0.63 0.10 -0.15 
-15.76 -2.53 -240.40 1.62 0.36 -0.73 
-71.20 -3.15 -234.82 0.97 0.08 -0.28 
7.75 -2.50 -235.25 0.95 0.06 -0.51 
-16.27 -2.56 -234.92 1.04 0.20 -0.47 
5.02 -2.52 -236.21 1.06 0.20 -0.47 
20.04 -2.52 -238.05 1.00 0.05 -0.48 
-11.20 -2.49 -235.80 0.88 0.07 -0.45 
4.24 -2.58 -235.17 1.10 0.09 -0.53 
31.23 -2.83 -234.94 1.07 0.19 -0.32 
-15.18 -2.54 -240.38 0.73 0.31 -0.24 
49.72 -2.64 -235.88 0.74 0.12 -0.34 
74.71 -2.41 -225.69 1.12 0.12 -0.47 
74.45 -3.17 -230.69 0.81 0.09 -0.12 
63.30 -2.49 -232.00 0.55 0.01 -0.30 
176.19 -1.99 -226.03 0.56 -0.41 -0.38 
-6.33 -2.84 -223.42 1.07 -0.05 -0.39 
64.29 -2.50 -227.45 1.03 0.07 -0.48 
-15.93 -2.69 -228.32 1.18 0.22 -0.44 
5.48 -2.61 -230.30 0.99 0.08 -0.45 
14.43 -2.54 -228.39 0.95 0.11 -0.43 
-104.73 -2.94 -227.64 1.01 0.09 -0.32 
8.89 -2.56 -224.55 1.12 0.15 -0.50 
31.51 -2.58 -222.20 0.79 0.04 -0.35 
-11.23 -2.66 -221.06 0.64 0.12 -0.22 
1.34 -3.16 -209.17 1.04 -0.11 -0.24 
82.57 -2.60 -222.76 1.16 -0.05 -0.47 
-56.97 -2.51 -220.13 0.70 0.10 -0.28 
6.10 -2.51 -222.83 0.62 0.03 -0.36 
75.74 -2.06 -211.21 0.67 -0.40 -0.37 
-4.62 -2.95 -219.79 1.11 -0.07 -0.30 
-3.07 -2.59 -214.34 1.04 0.16 -0.46 
21.51 -2.66 -215.44 1.40 0.25 -0.56 
-3.33 -2.64 -218.09 1.06 -0.04 -0.43 
-8.71 -2.54 -216.01 0.95 0.07 -0.48 
-10.38 -2.90 -215.34 1.00 0.05 -0.31 
-140.27 -2.66 -205.78 1.06 0.14 -0.48 
27.10 -2.58 -227.97 0.96 0.17 -0.31 
6.63 -2.35 -236.55 0.63 -0.01 -0.35 
-7.33 -3.03 -262.03 1.38 0.02 -0.37 
34.80 -2.63 -266.54 1.22 0.10 -0.47 
112.98 -3.06 -272.32 0.49 0.10 -0.10 
43.40 -2.97 -270.29 0.93 0.04 -0.37 
-139.46 -3.05 -259.43 1.13 0.07 -0.42 
41.08 -2.24 -254.33 0.83 0.22 -0.40 
4.29 -2.50 -252.42 0.87 0.15 -0.43 
27.24 -2.85 -248.33 0.91 0.17 -0.30 
-18.26 -2.37 -243.76 0.82 0.11 -0.40 
-6.39 -2.62 -241.81 0.95 0.10 -0.45 
-7.85 -3.05 -243.06 1.21 0.09 -0.32 
-18.63 -2.40 -238.79 1.16 0.30 -0.56 
86.16 -2.07 -243.75 0.88 0.79 -0.24 
29.89 -2.72 -233.33 1.08 0.40 -0.37 
-49.95 -2.53 -224.70 1.15 -0.31 -0.41 
28.91 -2.63 -224.30 1.05 0.20 -0.42 
0.53 -2.37 -225.77 0.67 0.15 -0.34 
28.31 -2.46 -239.15 1.49 0.25 -0.68 
87.51 -2.28 -240.36 0.97 0.15 -0.53 
36.85 -2.54 -238.02 1.01 0.05 -0.46 
6.59 -2.56 -238.86 1.22 0.19 -0.54 
9.62 -2.67 -243.20 1.10 0.05 -0.46 
-2.36 -2.64 -243.15 0.94 0.07 -0.44 
27.26 -2.89 -251.50 0.90 0.04 -0.32 
8.02 -2.53 -252.49 1.09 0.07 -0.50 
4.93 -2.50 -266.87 1.12 0.21 -0.48 
9.42 -2.48 -261.94 0.90 0.16 -0.42 
-9.52 -2.37 -267.44 0.77 0.16 -0.37 
16.59 -2.57 -280.46 1.47 0.25 -0.61 
60.56 -2.43 -282.51 1.11 0.10 -0.54 
23.00 -2.52 -279.62 1.04 0.14 -0.52 
29.42 -2.68 -285.23 1.28 0.10 -0.51 
6.15 -2.68 -290.68 1.09 0.08 -0.46 
-3.07 -2.50 -289.36 0.90 0.08 -0.46 
-5.71 -2.93 -296.37 0.85 0.00 -0.27 
9.76 -2.42 -294.18 1.08 0.24 -0.53 
69.66 -1.90 -298.56 0.25 -0.03 -0.21 
25.69 -2.91 -290.31 0.78 0.17 -0.25 
-8.66 -3.08 -280.63 1.23 0.08 -0.33 
83.53 -2.49 -279.73 1.21 -0.13 -0.54 
-58.79 -2.59 -278.95 0.81 0.30 -0.30 
28.91 -2.56 -269.62 1.75 0.35 -0.75 
-34.73 -2.54 -272.56 1.11 0.03 -0.56 
1.74 -2.70 -270.22 1.01 -0.10 -0.40 
29.27 -2.28 -267.76 0.83 0.15 -0.48 
28.37 -2.59 -271.85 0.75 0.03 -0.35 
37.59 -2.72 -274.03 1.15 0.03 -0.40 
-29.22 -2.48 -268.15 0.87 0.11 -0.45 
61.51 -2.97 -282.49 0.84 0.02 -0.28 
3.71 -2.33 -276.23 1.39 0.24 -0.72 
104.92 -3.10 -275.48 0.70 0.03 -0.15 
-32.86 -2.89 -282.16 0.84 0.13 -0.29 
-14.40 -2.59 -277.61 1.00 -0.02 -0.40 
-23.44 -2.83 -281.35 0.89 0.11 -0.34 
-36.56 -2.47 -273.50 0.70 0.19 -0.29 
30.45 -2.90 -294.17 0.85 -0.02 -0.30 
-1.10 -2.67 -300.43 1.19 0.02 -0.49 
9.37 -2.47 -300.27 1.00 0.11 -0.49 
14.80 -2.63 -302.89 1.09 0.16 -0.45 
16.07 -2.62 -299.55 0.96 0.09 -0.38 
4.30 -2.69 -300.84 0.96 0.10 -0.40 
7.63 -2.80 -303.94 0.87 0.11 -0.31 
23.08 -2.76 -305.52 1.32 0.08 -0.36 
53.51 -2.66 -298.65 0.87 0.31 -0.31 
47.09 -2.97 -297.09 1.09 0.19 -0.38 
33.29 -2.58 -305.13 1.31 0.12 -0.53 
7.53 -2.63 -294.55 0.70 0.07 -0.27 
-50.49 -2.70 -295.21 0.75 0.02 -0.37 
-41.52 -2.98 -291.80 1.06 -0.08 -0.30 
-15.51 -2.37 -297.23 0.79 0.10 -0.47 
-19.26 -2.75 -299.99 0.90 0.02 -0.34 
25.72 -2.57 -298.09 1.04 0.07 -0.43 
-5.91 -2.65 -298.31 0.96 0.07 -0.42 
40.38 -2.87 -305.16 0.88 0.00 -0.32 
32.05 -2.20 -300.84 1.14 0.24 -0.60 
60.76 -2.70 -300.25 0.76 0.30 -0.13 
29.56 -3.03 -306.43 2.21 0.35 -0.79 
21.78 -2.57 -310.17 1.12 0.22 -0.43 
-16.65 -2.80 -296.94 0.84 0.16 -0.19 
-1.85 -2.88 -312.68 0.77 -0.05 -0.28 
-215.74 -3.30 -294.99 1.19 -0.03 -0.25 
-22.24 -2.17 -304.44 0.60 0.15 -0.40 
87.45 -2.58 -299.53 0.92 0.04 -0.42 
18.58 -2.49 -299.09 0.76 0.11 -0.36 
-3.94 -2.69 -298.42 1.07 0.08 -0.41 
-3.60 -2.47 -294.98 0.95 0.13 -0.49 
28.21 -2.79 -300.26 0.89 0.08 -0.32 
-47.99 -2.57 -294.10 1.00 0.08 -0.46 
24.26 -2.55 -300.38 0.89 0.33 -0.28 
47.24 -2.68 -305.13 1.78 0.54 -0.61 
19.31 -2.31 -306.09 1.15 0.10 -0.61 
40.46 -2.90 -301.31 0.78 0.07 -0.24 
-29.55 -2.43 -302.73 0.77 0.11 -0.42 
-146.66 -2.78 -292.08 1.00 -0.07 -0.39 
13.38 -1.94 -284.48 0.72 0.20 -0.56 
-41.98 -2.68 -284.59 1.23 -0.03 -0.45 
18.28 -2.52 -289.73 1.02 0.18 -0.51 
-7.89 -2.53 -288.32 1.04 0.14 -0.48 
14.06 -2.46 -292.34 0.71 0.01 -0.38 
55.34 -2.63 -297.61 1.54 0.17 -0.61 
32.17 -2.58 -289.13 0.55 0.21 -0.16 
-23.48 -2.31 -288.17 0.66 -0.08 -0.37 
-15.36 -1.92 -303.80 0.89 -0.58 -0.43 
-30.10 -2.85 -299.22 1.26 0.29 -0.31 
138.46 -2.58 -302.61 0.87 0.24 -0.32 
-5.53 -3.06 -298.88 1.04 0.08 -0.36 
-2.93 -2.80 -298.64 1.09 0.09 -0.41 
-4.95 -2.66 -293.34 0.96 0.10 -0.40 
-16.75 -2.78 -295.73 1.11 0.09 -0.41 
1.14 -2.47 -293.44 1.08 0.07 -0.54 
-18.21 -2.67 -293.69 1.08 0.01 -0.49 
5.70 -2.47 -298.23 0.92 0.06 -0.44 
33.92 -2.41 -299.11 1.07 0.13 -0.49 
16.98 -2.95 -301.58 0.52 -0.16 -0.03 
17.58 -2.91 -310.26 0.91 0.16 -0.28 
-17.66 -3.11 -307.70 1.19 -0.02 -0.29 
64.56 -2.89 -295.25 0.61 -0.03 -0.18 
10.78 -3.10 -299.48 0.76 0.15 -0.27 
-47.12 -2.51 -292.98 0.90 0.15 -0.42 
-13.05 -2.77 -283.28 0.97 0.09 -0.38 
-29.98 -2.83 -289.55 1.15 0.12 -0.47 
4.57 -2.33 -290.24 1.02 0.23 -0.54 
-1.19 -2.61 -293.34 1.07 0.08 -0.47 
31.14 -2.41 -294.08 0.77 -0.05 -0.43 
8.72 -2.57 -302.11 1.35 0.04 -0.55 
26.54 -2.93 -304.78 0.43 0.07 -0.12 
-80.36 -2.34 -289.41 1.12 0.35 -0.69 
-48.14 -2.78 -289.80 1.14 0.26 -0.36 
48.40 -2.66 -289.25 0.94 0.06 -0.35 
33.55 -2.45 -289.11 0.73 0.17 -0.29 
54.02 -2.80 -287.97 1.69 0.39 -0.78 
-205.07 -2.47 -285.56 1.10 -0.16 -0.34 
37.92 -2.80 -287.59 1.06 0.18 -0.41 
-43.56 -2.51 -286.23 0.83 0.11 -0.37 
26.94 -2.48 -292.94 0.91 0.05 -0.39 
7.64 -2.76 -294.35 0.98 0.13 -0.35 
-11.77 -2.38 -293.85 0.91 0.21 -0.43 
-19.23 -3.01 -297.78 1.37 0.10 -0.37 
-244.98 -1.94 -283.77 0.83 -0.08 -0.55 
-53.54 -2.49 -287.80 0.79 0.04 -0.35 
-15.83 -2.89 -287.07 1.21 0.18 -0.37 
18.93 -2.64 -289.15 1.25 0.20 -0.47 
81.98 -2.45 -282.39 0.57 0.12 -0.24 
-17.76 -2.96 -285.14 0.72 -0.03 -0.23 
-232.13 -2.68 -281.16 1.19 -0.06 -0.46 
19.95 -2.45 -286.60 0.94 0.09 -0.49 
31.08 -2.73 -288.92 1.00 0.15 -0.43 
-5.08 -2.49 -290.19 1.04 0.11 -0.52 
-77.23 -2.59 -286.22 0.87 0.14 -0.43 
21.24 -2.43 -286.85 1.00 0.17 -0.48 
25.46 -2.47 -287.42 1.49 0.28 -0.65 
71.87 -2.71 -288.46 0.61 -0.06 -0.26 
-71.40 -2.51 -282.84 0.96 -0.13 -0.40 
-14.35 -2.70 -275.24 1.12 -0.02 -0.43 
-32.36 -2.60 -279.93 0.71 0.01 -0.35 
20.02 -2.39 -267.23 0.98 0.06 -0.53 
13.13 -2.55 -265.60 1.08 0.02 -0.54 
6.40 -2.45 -263.28 0.92 0.22 -0.46 
-49.69 -2.44 -264.20 0.93 0.00 -0.53 
21.33 -2.70 -264.55 1.07 0.14 -0.34 
5.96 -2.36 -266.72 0.76 0.16 -0.37 
-29.57 -2.45 -260.78 0.72 0.08 -0.40 
-49.91 -2.46 -248.86 1.04 -0.18 -0.45 
-58.42 -2.49 -242.84 0.47 -0.07 -0.23 
-6.88 -2.43 -253.21 0.76 -0.01 -0.40 
-113.82 -2.72 -256.43 1.17 0.05 -0.45 
14.41 -2.48 -266.53 0.95 0.05 -0.50 
22.66 -2.62 -264.62 0.95 0.09 -0.42 
4.79 -2.55 -261.28 0.91 0.16 -0.42 
-24.53 -2.50 -255.95 0.97 0.08 -0.45 
-0.56 -2.49 -256.22 0.93 0.00 -0.52 
63.23 -2.21 -248.86 0.99 -0.01 -0.64 
8.56 -2.32 -257.63 0.71 -0.12 -0.43 
54.66 -2.94 -245.92 1.94 0.37 -0.89 
-19.37 -2.19 -246.14 1.01 0.24 -0.58 
60.84 -2.65 -241.50 0.89 0.07 -0.35 
-48.98 -2.37 -242.78 0.70 0.11 -0.38 
-20.69 -1.57 -230.22 0.64 -0.47 -0.46 
-80.17 -2.85 -226.86 1.06 -0.09 -0.46 
14.05 -2.37 -226.61 1.12 0.15 -0.59 
7.98 -2.57 -233.98 1.07 0.02 -0.51 
59.22 -2.50 -232.98 0.97 0.09 -0.44 
-30.68 -2.70 -236.70 1.01 0.20 -0.35 
2.58 -2.32 -239.13 1.20 0.04 -0.68 
133.93 -1.80 -243.82 0.40 0.35 -0.16 
-22.90 -2.74 -244.10 1.06 0.07 -0.51 
33.91 -2.47 -247.79 1.24 0.00 -0.62 
10.85 -2.55 -244.46 0.59 0.10 -0.26 
-147.91 -1.77 -229.90 0.52 0.03 -0.48 
-24.61 -2.47 -227.46 0.78 -0.05 -0.51 
41.37 -2.14 -229.83 0.85 0.15 -0.56 
28.84 -2.70 -231.82 1.06 0.14 -0.46 
-16.59 -2.53 -233.45 0.96 0.07 -0.50 
16.30 -2.51 -233.74 0.86 0.08 -0.43 
35.19 -2.24 -230.17 0.89 0.20 -0.53 
8.27 -2.75 -233.91 1.06 0.07 -0.38 
49.43 -2.21 -223.99 1.12 0.08 -0.58 
41.82 -2.87 -234.24 0.95 0.17 -0.33 
36.01 -2.54 -243.64 1.84 0.39 -0.86 
63.02 -2.23 -254.61 1.01 0.16 -0.56 
-29.69 -2.98 -244.58 0.93 0.13 -0.22 
-37.59 -2.62 -249.33 0.68 0.01 -0.34 
-197.00 -2.76 -250.69 1.16 -0.08 -0.39 
16.72 -2.55 -261.09 1.05 0.09 -0.56 
3.63 -2.40 -255.61 0.97 0.19 -0.51 
-51.60 -2.95 -261.08 0.88 0.08 -0.30 
29.19 -2.41 -260.41 0.96 0.10 -0.51 
-28.24 -2.65 -263.87 0.99 0.02 -0.44 
26.72 -2.57 -262.49 1.25 0.13 -0.58 
41.64 -2.52 -269.99 1.08 0.01 -0.52 
-41.78 -2.75 -262.18 1.10 0.11 -0.45 
59.61 -2.68 -274.84 0.83 0.04 -0.34 
-1.05 -3.41 -271.71 0.76 0.01 -0.16 
-43.18 -2.73 -276.84 0.96 -0.03 -0.44 
-18.42 -2.64 -279.19 1.08 0.04 -0.44 
-52.68 -2.61 -286.74 0.74 0.13 -0.36 
22.11 -2.29 -276.67 1.64 0.61 -0.79 
43.55 -2.24 -280.90 0.95 0.17 -0.56 
29.89 -2.18 -269.64 0.93 0.19 -0.56 
-37.78 -3.04 -275.00 0.94 0.11 -0.32 
63.76 -2.23 -276.12 0.84 0.09 -0.51 
-15.52 -2.87 -278.15 1.16 0.13 -0.43 
-38.81 -2.38 -278.71 1.02 -0.13 -0.58 
40.63 -2.43 -284.86 0.84 0.21 -0.36 
-71.20 -1.73 -291.86 0.58 0.29 -0.38 
50.66 -2.54 -310.57 1.08 0.19 -0.41 
25.70 -2.62 -312.67 1.02 0.20 -0.41 
104.92 -2.70 -319.40 1.01 0.15 -0.27 
-84.00 -2.52 -311.67 0.59 0.08 -0.33 
-60.07 -2.79 -293.91 0.78 0.38 0.25 
-41.98 -2.39 -299.68 0.95 0.00 -0.54 
-4.40 -2.43 -298.19 1.08 0.07 -0.58 
55.52 -2.35 -301.49 0.82 0.13 -0.48 
18.33 -2.38 -300.58 0.95 0.07 -0.53 
0.99 -2.37 -297.91 0.89 0.12 -0.52 
32.76 -2.39 -303.64 1.05 -0.04 -0.59 
-125.43 -2.35 -287.34 1.34 0.50 -0.69 
105.69 -2.33 -273.10 1.22 0.35 -0.61 
48.76 -2.88 -259.31 1.17 0.16 -0.51 
101.89 -3.05 -256.34 1.25 0.05 -0.41 
20.39 -2.42 -254.72 0.96 0.07 -0.51 
-7.35 -2.40 -261.97 0.74 0.23 -0.37 
45.30 -2.43 -261.93 1.56 0.36 -0.69 
57.70 -2.34 -275.44 1.00 -0.01 -0.55 
-1.28 -2.70 -272.66 0.95 0.10 -0.46 
14.14 -2.17 -273.11 0.78 0.18 -0.51 
-51.78 -2.71 -268.76 0.91 0.00 -0.38 
5.28 -2.51 -266.78 0.94 0.04 -0.49 
-1.72 -2.56 -268.58 0.92 0.09 -0.47 
49.98 -2.64 -275.25 1.01 0.05 -0.46 
30.22 -2.13 -272.38 1.11 0.21 -0.68 
1.27 -2.13 -280.19 0.55 -0.25 -0.31 
117.81 -2.98 -273.38 1.89 0.37 -0.72 
23.00 -2.48 -276.38 1.10 0.18 -0.54 
28.08 -2.76 -273.89 0.67 0.09 -0.23 
-8.40 -2.44 -268.27 1.50 0.25 -0.79 
19.37 -2.39 -268.86 0.91 0.10 -0.50 
49.56 -2.54 -269.22 0.95 -0.01 -0.44 
-6.09 -2.44 -266.09 0.86 0.20 -0.44 
39.75 -2.40 -269.06 0.98 -0.04 -0.52 
9.96 -2.61 -270.80 0.91 0.10 -0.40 
2.47 -2.46 -264.12 0.91 0.06 -0.46 
-21.36 -3.01 -272.69 1.05 0.00 -0.33 
-12.04 -2.35 -267.70 1.06 0.17 -0.52 
-42.36 -2.15 -265.94 1.10 0.39 -0.58 
12.72 -2.86 -257.30 1.46 0.11 -0.52 
50.91 -2.52 -261.25 1.30 0.17 -0.59 
-114.91 -0.67 -275.36 0.37 -0.62 -0.34 
-53.67 -2.92 -270.92 0.59 -0.07 -0.27 
-105.33 -2.40 -262.89 0.70 -0.08 -0.41 
13.87 -2.37 -268.02 0.92 -0.02 -0.52 
20.68 -2.44 -264.69 0.89 0.06 -0.47 
-32.07 -2.74 -264.71 1.19 0.14 -0.49 
-11.82 -2.47 -273.49 1.05 0.00 -0.55 
39.07 -2.66 -279.49 1.49 0.32 -0.46 
-119.53 -2.11 -271.93 1.20 0.32 -0.72 
80.69 -2.95 -266.77 1.61 0.23 -0.62 
63.65 -2.51 -274.97 1.30 0.11 -0.59 
-38.00 -2.40 -259.27 0.60 0.06 -0.29 
-26.87 -2.72 -262.14 0.73 -0.14 -0.28 
-73.15 -2.15 -253.59 0.72 -0.28 -0.35 
-26.66 -2.74 -248.35 1.08 -0.14 -0.40 
-14.85 -2.63 -249.38 0.89 0.04 -0.43 
42.28 -2.46 -249.62 0.88 -0.04 -0.45 
3.76 -2.59 -249.94 0.91 0.07 -0.42 
-12.39 -2.42 -247.90 0.89 0.10 -0.49 
-5.94 -2.53 -235.66 1.07 0.22 -0.54 
-25.50 -2.49 -229.87 0.87 0.06 -0.44 
-56.73 -2.35 -232.19 0.59 0.03 -0.37 
-162.57 -1.93 -234.13 1.00 -0.47 -0.44 
-15.41 -2.33 -237.23 0.90 0.09 -0.56 
0.78 -2.69 -235.14 1.16 0.10 -0.49 
32.34 -2.43 -241.55 0.85 0.02 -0.45 
-29.41 -2.52 -241.10 0.98 0.10 -0.51 
20.49 -2.40 -241.51 1.02 -0.01 -0.54 
-25.39 -2.71 -239.03 1.26 0.18 -0.53 
92.05 -2.36 -247.13 1.76 0.23 -0.81 
81.80 -2.75 -244.97 0.56 0.02 -0.22 
-0.27 -2.47 -237.15 0.84 0.09 -0.49 
36.98 -3.44 -211.44 1.07 -0.04 -0.22 
20.80 -2.42 -214.74 1.06 0.19 -0.50 
-22.66 -2.27 -223.12 0.44 -0.30 -0.03 
-19.22 -2.34 -217.94 0.56 -0.11 -0.36 
-94.08 -3.04 -232.76 1.11 -0.05 -0.25 
5.40 -2.54 -234.88 0.94 0.06 -0.50 
11.77 -2.47 -227.08 1.14 0.09 -0.54 
45.50 -2.71 -239.16 1.37 0.13 -0.62 
5.96 -2.46 -239.98 1.09 -0.01 -0.53 
-10.05 -2.56 -240.36 0.88 0.08 -0.46 
18.83 -2.34 -237.80 0.84 0.06 -0.47 
21.63 -2.70 -241.60 0.80 -0.05 -0.35 
-87.97 -2.51 -258.98 1.07 0.03 -0.51 
67.61 -2.40 -267.51 1.01 0.00 -0.54 
7.70 -2.45 -263.93 0.99 0.15 -0.51 
1.83 -2.54 -273.50 0.83 -0.03 -0.41 
7.33 -2.41 -271.42 1.02 0.11 -0.54 
3.98 -2.58 -271.03 1.01 -0.03 -0.47 
-6.63 -2.48 -273.98 1.27 0.17 -0.64 
80.64 -2.33 -280.73 1.16 0.04 -0.65 
-11.96 -2.69 -281.86 0.69 0.07 -0.24 
-50.49 -2.35 -279.30 0.63 -0.03 -0.41 
-2.07 -2.35 -279.02 0.96 0.03 -0.49 
79.52 -2.35 -275.98 1.02 0.11 -0.54 
-10.44 -2.75 -281.98 0.82 0.15 -0.30 
51.30 -2.80 -278.28 1.26 0.05 -0.52 
-78.75 -2.58 -279.61 0.93 0.01 -0.48 
-6.20 -2.60 -267.76 0.93 0.02 -0.43 
12.87 -2.51 -270.90 1.11 0.18 -0.57 
-20.81 -2.37 -268.21 1.00 0.15 -0.54 
3.46 -2.52 -267.73 0.95 0.05 -0.47 
11.88 -2.58 -269.18 1.04 0.13 -0.51 
-4.53 -2.38 -273.96 0.98 -0.03 -0.55 
25.59 -2.62 -273.32 1.21 0.18 -0.51 
25.12 -0.25 -267.58 0.14 0.65 -0.28 
82.25 -3.30 -270.34 1.10 0.15 -0.12 
-79.06 -2.25 -269.16 0.85 0.22 -0.52 
6.32 -2.60 -276.06 1.31 -0.07 -0.57 
46.40 -2.30 -283.54 0.60 0.18 -0.32 
-27.30 -3.01 -278.37 0.97 -0.02 -0.25 
-38.55 -2.79 -273.40 0.85 0.07 -0.35 
-48.97 -2.98 -286.00 1.13 0.01 -0.48 
-3.33 -2.38 -284.13 0.96 0.00 -0.51 
12.40 -2.69 -288.66 1.16 0.08 -0.58 
-48.11 -2.64 -291.95 1.23 0.01 -0.49 
-3.01 -2.50 -292.63 0.99 -0.05 -0.53 
-22.84 -2.57 -293.03 1.06 0.08 -0.57 
-1.89 -2.43 -300.38 1.17 0.08 -0.57 
-98.89 -1.09 -316.69 0.17 -0.22 -0.32 
4.45 -2.86 -304.68 0.84 0.03 -0.37 
-220.88 -2.66 -294.06 1.18 0.00 -0.44 
98.10 -2.42 -310.04 1.02 0.12 -0.52 
-7.12 -2.47 -309.99 1.01 0.00 -0.51 
-11.73 -2.67 -310.99 0.95 0.16 -0.41 
16.13 -2.42 -309.98 0.68 0.01 -0.38 
-19.91 -2.65 -307.01 1.05 0.22 -0.45 
50.84 -2.49 -310.41 1.15 0.09 -0.56 
41.11 -2.57 -313.70 0.71 0.06 -0.27 
-20.47 -2.78 -313.88 0.99 0.01 -0.39 
-23.72 -2.54 -310.01 0.82 0.07 -0.42 
21.18 -2.49 -326.33 1.09 -0.06 -0.54 
50.79 -2.73 324.69 0.71 -0.03 -0.30 
-0.98 -2.23 -321.67 0.79 0.14 -0.49 
-40.85 -3.06 317.41 0.92 0.08 -0.34 
86.46 -2.18 303.82 0.98 0.14 -0.60 
31.30 -2.59 300.03 0.97 0.00 -0.49 
39.59 -2.23 303.11 0.71 0.03 -0.44 
30.14 -2.53 301.73 0.98 0.12 -0.49 
31.43 -2.17 306.84 0.90 0.17 -0.57 
-4.16 -2.92 304.70 1.01 0.13 -0.30 
-13.54 -2.53 276.80 1.09 -0.15 -0.38 
-80.25 -2.77 275.53 0.84 0.06 -0.38 
1.34 -2.33 284.09 1.25 0.24 -0.65 
98.05 -2.64 268.83 1.07 -0.13 -0.44 
3.85 -2.56 274.98 0.98 0.12 -0.47 
-113.66 -3.53 278.23 0.89 -0.02 -0.09 
-61.83 -2.44 307.98 1.89 0.55 -0.92 
38.14 -2.71 306.04 0.85 -0.09 -0.42 
-68.37 -2.38 297.95 1.12 -0.02 -0.76 
106.99 -2.15 293.92 1.11 0.08 -0.57 
-43.08 -2.41 287.77 0.80 0.15 -0.51 
-89.66 -2.65 291.93 1.44 0.38 -0.37 
-25.58 -2.34 287.98 1.10 0.58 -0.25 
14.92 -2.50 288.36 0.99 0.40 -0.26 
-5.07 -2.36 178.50 1.01 0.21 -0.26 
99.46 -2.79 169.56 1.94 0.42 -0.57 
32.77 -2.53 148.75 0.93 -0.03 -0.40 
1.82 -2.73 146.97 0.71 0.15 -0.23 
-34.06 -2.56 136.74 1.49 0.33 -0.52 
10.34 -2.47 134.43 0.86 0.24 -0.38 
-4.54 -2.74 127.71 1.05 0.18 -0.37 
-0.31 -2.57 126.00 1.18 0.06 -0.49 
-1.63 -2.60 139.51 0.96 0.23 -0.40 
-55.10 -2.60 132.87 1.01 0.29 -0.37 
7.32 -2.50 132.11 1.35 0.40 -0.50 
61.67 -3.22 141.27 0.87 0.08 -0.10 
-8.24 -2.39 143.16 0.54 0.07 -0.33 
-49.69 -3.37 146.36 1.15 0.03 -0.24 
-3.71 -2.68 139.69 1.04 0.21 -0.37 
17.38 -2.58 141.81 0.81 0.06 -0.33 
-28.52 -2.69 149.47 0.97 0.27 -0.30 
194.16 -2.38 168.09 1.24 0.43 -0.38 
-139.03 -2.39 165.60 0.93 0.16 -0.50 
24.42 -2.82 0.48 0.94 0.12 -0.30 
-3.24 -2.61 -74.59 1.00 0.10 -0.44 
-70.35 -2.83 -71.14 0.99 0.08 -0.36 
19.32 -2.58 -77.66 0.96 0.06 -0.44 
-10.91 -2.80 -79.54 1.04 0.02 -0.39 
8.42 -2.41 -79.51 0.98 0.32 -0.44 
-51.53 -2.59 -73.18 1.13 0.20 -0.50 
31.46 -2.56 -70.96 1.70 0.27 -0.69 
37.59 -3.16 -79.48 1.10 0.08 -0.18 
11.50 -3.10 -85.77 1.75 0.07 -0.48 
-149.80 -3.17 -88.25 0.97 0.07 -0.11 
-30.91 -2.00 -91.26 0.57 0.23 -0.40 
-36.69 -2.16 -73.66 1.03 0.28 -0.57 
69.89 -2.48 -75.85 1.07 0.07 -0.49 
13.27 -2.83 -81.27 0.87 0.03 -0.38 
33.40 -2.67 -84.41 1.01 0.08 -0.45 
-7.17 -2.38 -81.58 0.92 0.12 -0.47 
38.05 -2.56 -85.14 0.84 -0.14 -0.38 
-39.58 -3.25 -92.81 0.82 0.01 -0.11 
-98.93 -1.98 -87.65 0.56 0.05 -0.45 
-59.24 -1.99 -84.47 0.69 0.02 -0.44 
-66.29 -1.69 -82.06 0.91 0.37 -0.59 
-3.62 -2.57 -84.77 0.59 0.15 -0.34 
-82.08 -2.02 -81.81 0.74 0.12 -0.58 
63.93 -2.28 -80.98 0.94 0.19 -0.47 
-31.28 -2.49 -77.01 0.83 0.10 -0.44 
84.17 -2.36 -85.54 1.02 0.02 -0.54 
10.68 -2.53 -83.21 0.93 0.12 -0.48 
23.61 -2.51 -87.45 0.93 0.02 -0.47 
59.89 -2.80 -92.63 1.02 0.14 -0.26 
78.55 -2.93 -98.41 0.96 0.24 -0.22 
27.20 -2.84 -90.10 1.31 0.26 -0.51 
49.49 -2.58 -92.17 1.31 0.21 -0.58 
182.45 -3.57 -85.86 0.57 0.05 0.00 
107.05 -2.72 -78.73 2.04 0.38 -0.77 
55.90 -2.59 -78.48 1.04 0.04 -0.46 
11.68 -2.78 -83.27 1.02 0.01 -0.40 
-6.85 -2.29 -87.91 0.76 -0.17 -0.43 
-10.49 -2.46 -85.48 0.87 0.15 -0.45 
-52.38 -2.44 -87.97 1.22 0.10 -0.58 
23.72 -2.46 -83.19 1.24 0.24 -0.59 
-21.53 -2.43 -89.63 0.61 0.25 -0.23 
14.08 -2.55 -69.83 2.02 0.46 -0.81 
59.81 -2.31 -79.39 1.52 0.14 -0.78 
32.18 -2.05 -78.90 0.61 0.17 -0.35 
42.55 -2.04 -108.27 1.11 -0.14 -0.61 
-197.56 -2.90 -93.31 1.18 -0.09 -0.38 
3.94 -2.39 -91.21 0.87 0.03 -0.49 
-0.11 -2.71 -100.67 1.03 0.04 -0.41 
23.58 -2.43 -100.39 1.04 0.14 -0.53 
-1.15 -2.46 -103.24 0.96 0.18 -0.47 
-56.21 -2.74 -102.56 0.93 0.19 -0.33 
-67.20 -2.62 -93.94 1.02 0.19 -0.38 
45.96 -2.64 -93.41 0.97 0.24 -0.37 
-6.85 -2.71 -115.07 1.06 -0.03 -0.32 
52.09 -2.08 -117.74 1.28 0.48 -0.65 
238.80 -2.58 -99.76 0.91 0.17 -0.46 
10.63 -1.91 -93.00 0.70 0.17 -0.44 
10.02 -2.60 -94.90 1.13 0.12 -0.48 
-19.94 -2.42 -88.35 0.95 0.11 -0.47 
23.69 -2.80 -88.78 1.09 0.06 -0.39 
-13.27 -2.88 -96.60 1.21 0.12 -0.46 
-21.54 -2.63 -96.68 0.98 0.04 -0.43 
-116.36 -2.52 -103.31 1.46 0.06 -0.53 
-40.32 -2.47 -103.65 0.79 0.04 -0.40 
-34.81 -1.66 -102.30 0.79 0.24 -0.58 
69.25 -2.45 -112.53 1.34 0.06 -0.59 
180.72 -3.30 -124.49 0.52 0.15 -0.06 
56.88 -3.24 -124.52 1.83 0.26 -0.65 
20.22 -2.62 -120.83 1.08 0.17 -0.46 
-11.62 -2.73 -117.90 0.98 0.03 -0.42 
38.59 -2.56 -130.60 1.21 0.31 -0.43 
42.85 -2.55 -129.44 0.89 0.24 -0.35 
123.88 -2.78 -113.55 1.89 0.45 -0.74 
-11.17 -2.63 -128.03 1.66 0.06 -0.57 
85.84 -2.94 -127.63 0.78 0.12 -0.22 
7.18 -3.06 -127.00 1.69 0.26 -0.57 
41.40 -2.59 -131.39 1.00 0.07 -0.45 
-19.76 -2.71 -127.80 0.96 0.05 -0.38 
-7.52 -2.70 -127.09 1.11 -0.05 -0.45 
1.34 -2.55 -129.27 0.99 0.15 -0.46 
12.54 -2.60 -127.43 0.95 0.14 -0.40 
24.17 -2.80 -127.92 0.91 0.07 -0.32 
12.31 -2.84 -127.14 1.10 0.14 -0.32 
-23.88 -2.93 -118.94 0.99 0.09 -0.42 
42.76 -2.47 -120.60 0.98 0.05 -0.48 
-59.17 -2.73 -115.72 0.72 0.11 -0.22 
-69.41 -2.54 -114.83 0.68 0.09 -0.31 
22.67 -2.49 -123.79 1.20 0.13 -0.48 
-34.17 -2.52 -121.42 0.84 0.19 -0.44 
-75.92 -2.64 -119.98 1.00 0.03 -0.42 
46.28 -2.58 -117.80 1.01 0.20 -0.42 
-34.63 -2.63 -118.54 0.94 0.09 -0.43 
11.72 -2.69 -118.25 0.97 0.08 -0.37 
-16.91 -2.58 -122.33 1.21 0.18 -0.53 
66.51 -2.52 -119.41 0.87 0.20 -0.37 
-6.17 -2.74 -112.65 0.81 0.10 -0.33 
32.81 -2.92 -116.08 1.21 0.23 -0.39 
43.76 -2.82 -117.33 0.94 -0.02 -0.34 
41.11 -2.59 -104.73 0.68 0.02 -0.35 
13.58 -3.27 -101.63 1.00 0.03 -0.29 
-89.85 -2.72 -92.53 1.00 -0.02 -0.39 
-10.08 -2.51 -94.55 1.07 0.14 -0.56 
18.72 -2.71 -93.61 1.04 0.15 -0.40 
-20.97 -2.70 -90.15 1.00 0.05 -0.40 
-39.60 -2.70 -96.26 0.80 0.01 -0.34 
24.94 -2.45 -95.41 1.32 0.25 -0.59 
168.37 -2.68 -107.98 0.84 0.37 -0.16 
100.72 -3.01 -100.83 2.22 0.35 -0.87 
-9.48 -3.09 -108.35 1.32 0.15 -0.25 
-15.74 -0.92 -93.10 0.17 0.12 -0.25 
23.28 -2.81 -87.51 1.08 0.03 -0.48 
-43.03 -2.83 -80.27 0.95 0.04 -0.36 
-21.68 -2.88 -82.83 0.98 -0.03 -0.28 
6.46 -2.49 -81.50 0.87 0.17 -0.44 
38.75 -2.89 -79.01 0.85 0.11 -0.27 
19.01 -2.57 -78.02 0.95 0.11 -0.39 
-12.33 -2.61 -81.70 1.22 0.22 -0.47 
28.28 -2.67 -95.77 1.48 0.17 -0.47 
120.37 1.82 -113.43 -0.60 0.00 0.35 
21.05 -3.27 -105.26 1.12 -0.04 -0.26 
-110.25 -2.24 -111.73 0.65 -0.14 -0.44 
-140.97 -2.35 -100.75 0.67 0.12 -0.39 
-7.17 -2.73 -106.12 0.90 0.05 -0.35 
17.78 -2.68 -103.68 0.87 0.08 -0.35 
11.26 -2.82 -103.23 0.84 0.06 -0.32 
0.59 -2.55 -100.48 1.18 0.19 -0.51 
-5.75 -2.83 -102.57 0.94 -0.01 -0.33 
-14.75 -2.48 -102.76 1.12 0.23 -0.50 
22.85 -2.45 -103.07 0.91 -0.11 -0.38 
-8.44 -2.44 -109.25 0.85 0.27 -0.33 
-68.70 -2.66 -103.33 1.67 0.22 -0.55 
117.61 -2.54 -103.54 1.00 -0.07 -0.48 
7.03 -2.43 -96.47 0.91 0.18 -0.37 
-20.91 -2.35 -133.24 1.05 -0.07 -0.48 
11.14 -2.25 -140.95 0.94 0.11 -0.55 
15.97 -2.46 -139.30 0.86 0.10 -0.45 
60.17 -2.54 -146.14 0.65 -0.11 -0.31 
3.17 -2.61 -143.90 0.91 0.08 -0.40 
-2.38 -2.70 -148.97 1.13 0.06 -0.50 
10.42 -2.57 -153.29 1.12 0.03 -0.50 
53.90 -2.37 -157.40 1.83 0.29 -0.82 
33.31 -3.15 -150.86 1.13 0.12 -0.28 
-136.22 -2.33 -162.70 1.27 0.30 -0.54 
70.11 -2.19 -166.60 1.14 0.23 -0.61 
7.76 -1.93 -160.53 0.56 0.17 -0.36 
-62.67 -2.62 -159.93 0.78 -0.14 -0.46 
-20.44 -2.60 -161.83 0.99 0.15 -0.44 
14.79 -2.80 -163.00 0.89 0.06 -0.33 
1.91 -2.60 -162.53 1.00 0.18 -0.44 
-9.56 -2.77 -163.22 0.94 0.08 -0.38 
4.74 -2.49 -167.52 0.78 0.04 -0.40 
-11.55 -2.66 -163.79 1.09 0.20 -0.49 
5.77 -2.52 -165.97 1.05 0.22 -0.44 
-1.69 -2.29 -161.23 1.13 0.33 -0.58 
106.85 -2.54 -156.55 0.82 0.13 -0.39 
47.94 -2.34 -160.05 1.75 0.37 -0.72 
39.53 -2.70 -170.47 1.16 -0.03 -0.39 
-14.30 -2.64 -155.24 0.48 0.00 -0.24 
-36.73 -2.60 -150.25 2.02 0.38 -0.93 
1.55 -2.59 -118.39 0.98 0.12 -0.44 
-1.65 -2.78 -118.19 1.00 0.12 -0.38 
7.69 -2.78 -121.70 0.96 0.00 -0.36 
-9.87 -2.54 -138.11 1.11 0.12 -0.50 
13.20 -2.57 -131.52 0.97 0.04 -0.33 
-40.18 -2.40 -126.22 0.73 0.08 -0.33 
-176.08 -1.86 -156.54 0.54 -0.26 -0.40 
-13.71 -2.43 -156.89 1.14 0.15 -0.56 
71.05 -2.81 -160.73 0.51 0.06 -0.16 
27.58 -3.04 -141.08 1.83 0.30 -0.69 
53.43 -2.51 -152.25 0.95 0.18 -0.42 
15.76 -2.87 -151.80 1.02 0.08 -0.36 
47.27 -2.49 -149.43 0.87 0.23 -0.40 
-3.80 -2.68 -144.70 0.84 0.00 -0.36 
-18.34 -2.73 -143.96 1.00 0.13 -0.39 
-8.72 -2.52 -140.05 0.92 0.08 -0.46 
-13.20 -2.73 -136.88 0.97 0.02 -0.41 
33.25 -2.52 -138.18 1.72 0.38 -0.65 
-34.91 -2.24 -141.91 1.30 0.45 -0.56 
73.21 -2.70 -143.81 2.08 0.36 -0.84 
-17.09 -2.77 -145.80 1.22 0.04 -0.39 
43.02 -2.52 -140.86 0.82 0.10 -0.37 
27.09 -2.25 -134.84 0.75 0.11 -0.50 
119.46 -2.68 -123.99 0.97 -0.03 -0.43 
-71.39 -2.84 -116.06 1.00 0.00 -0.40 
31.50 -2.64 -113.77 1.18 0.19 -0.51 
24.17 -2.60 -112.30 1.12 0.10 -0.45 
2.05 -2.71 -109.70 0.87 0.00 -0.35 
-26.74 -2.73 -111.67 1.34 0.15 -0.46 
40.17 -2.49 -115.52 1.13 0.03 -0.54 
-73.95 -2.52 -109.78 1.14 0.28 -0.39 
-79.07 -1.76 -113.05 0.49 0.09 -0.38 
-82.52 -2.00 -116.42 0.41 -0.12 -0.34 
46.73 -2.73 -116.11 1.08 0.08 -0.40 
92.43 -3.13 -123.18 0.48 -0.02 -0.08 
4.14 -2.90 -117.80 0.92 -0.01 -0.41 
49.02 -2.93 -114.31 1.03 0.10 -0.37 
-18.26 -2.68 -111.94 0.93 0.16 -0.41 
15.94 -2.68 -112.27 1.03 0.04 -0.40 
6.11 -2.48 -118.40 1.07 0.11 -0.50 
-13.12 -2.91 -116.19 1.33 0.02 -0.43 
31.19 -2.41 -110.70 0.91 0.12 -0.50 
-26.40 -3.05 -109.68 1.09 -0.01 -0.28 
0.85 -2.67 -108.30 1.20 0.02 -0.51 
-10.36 -2.58 -100.44 0.69 0.17 -0.30 
-63.96 -2.18 -101.86 0.66 -0.06 -0.51 
68.19 -2.84 -94.34 1.14 0.17 -0.35 
24.69 -2.29 -88.09 0.94 0.19 -0.52 
-0.63 -2.37 -95.53 0.72 -0.05 -0.41 
-7.88 -2.33 -108.10 1.37 0.38 -0.60 
64.05 -2.13 -114.44 0.90 0.21 -0.56 
75.61 -2.15 -105.79 0.97 0.16 -0.57 
-29.87 -2.98 -107.86 0.94 0.00 -0.27 
7.12 -2.65 -112.95 0.92 0.08 -0.41 
-8.10 -2.57 -107.11 1.12 0.25 -0.57 
16.58 -2.36 -105.50 1.03 0.05 -0.57 
68.72 -2.65 -113.23 1.33 0.09 -0.42 
23.79 -2.59 -109.70 1.00 0.19 -0.40 
1.47 -2.52 -132.20 1.16 0.28 -0.39 
40.50 -2.40 -142.78 1.20 0.08 -0.62 
32.84 -2.82 -138.01 0.77 -0.05 -0.23 
-51.01 -2.43 -143.83 0.56 -0.07 -0.30 
-44.58 -2.76 -149.57 0.50 -0.13 -0.17 
-2.09 -2.60 -151.08 1.03 0.07 -0.49 
-19.73 -2.76 -152.18 0.94 0.00 -0.38 
12.59 -2.71 -151.10 1.21 0.16 -0.51 
-64.46 -2.77 -152.28 1.15 0.06 -0.43 
-68.36 -2.26 -151.67 0.94 0.32 -0.53 
47.66 -2.42 -150.08 0.82 0.14 -0.43 
33.66 -2.61 -154.04 1.47 0.21 -0.60 
3.08 -2.52 -155.90 1.07 0.14 -0.50 
37.17 -2.64 -157.00 0.87 0.12 -0.32 
16.96 -2.63 -160.70 0.79 0.13 -0.32 
-58.59 -2.62 -178.75 1.54 0.10 -0.57 
12.89 -2.39 -185.81 1.11 0.11 -0.58 
91.23 -3.06 -182.09 0.87 0.10 -0.18 
-75.49 -2.53 -179.54 0.60 0.11 -0.35 
19.44 -4.03 -164.42 1.42 0.02 0.00 
36.95 -2.57 -164.83 0.88 0.15 -0.37 
10.84 -2.72 -159.84 1.09 0.23 -0.43 
6.95 -2.57 -155.46 1.13 0.28 -0.43 
-3.45 -2.48 -158.59 0.77 0.05 -0.41 
-11.49 -2.74 -158.19 0.79 0.01 -0.27 
3.54 -2.60 -156.40 1.14 0.22 -0.50 
-48.65 -2.44 -164.29 0.42 -0.16 -0.04 
-51.26 -2.58 -153.17 0.77 0.14 -0.42 
-1.31 -2.79 -140.05 1.01 0.19 -0.39 
29.92 -2.83 -126.92 1.13 0.12 -0.38 
16.40 -3.78 -158.69 0.98 -0.04 -0.22 
65.27 -2.35 -159.62 2.08 0.49 -0.87 
35.81 -2.52 -170.95 0.97 0.06 -0.46 
-8.21 -2.79 -172.00 0.92 -0.04 -0.34 
1.65 -2.69 -173.45 1.06 0.18 -0.47 
-83.62 -2.75 -170.09 1.05 0.02 -0.41 
4.05 -2.59 -169.87 0.97 0.09 -0.45 
10.53 -2.53 -170.67 0.92 0.16 -0.43 
-30.51 -2.88 -173.53 0.96 0.04 -0.33 
28.25 -2.50 -173.10 1.30 0.22 -0.61 
102.63 -2.25 -159.28 0.88 0.46 -0.39 
-43.16 -2.43 -173.24 1.13 0.24 -0.42 
30.46 -2.57 -180.60 1.27 0.01 -0.56 
-22.82 -2.34 -172.22 0.66 -0.10 -0.37 
-156.55 -2.70 -174.83 0.65 -0.08 -0.30 
-120.02 -2.26 -173.45 0.59 -0.01 -0.38 
45.42 -2.56 -173.26 1.07 0.08 -0.50 
51.26 -2.68 -171.87 1.00 0.08 -0.40 
5.72 -2.77 -173.13 0.84 -0.09 -0.32 
13.26 -2.50 -175.13 0.87 0.04 -0.44 
-61.98 -2.88 -172.96 1.28 -0.21 -0.29 
7.53 -2.54 -169.50 0.99 0.12 -0.53 
-34.16 -2.60 -165.77 1.19 0.30 -0.44 
37.24 -2.62 -159.84 0.94 0.11 -0.43 
28.56 -2.63 -169.66 0.87 -0.09 -0.46 
50.29 -2.77 -169.50 1.00 -0.01 -0.45 
