9.19 -2.79 -262.44 1.03 -0.01 -0.30 
-15.83 -2.97 -262.88 1.04 -0.04 -0.20 
-3.61 -2.88 -265.08 0.98 -0.05 -0.26 
71.56 -3.02 -267.26 1.06 -0.20 -0.22 
-5.45 -2.53 -264.92 0.98 0.02 -0.35 
-17.95 -2.53 -265.33 1.00 -0.06 -0.39 
-56.70 -2.68 -262.36 1.03 -0.06 -0.33 
-247.09 -1.75 -228.73 1.24 -0.92 -0.34 
-7.73 -1.57 -178.78 1.18 -1.35 -0.84 
-23.41 -1.75 -129.08 0.59 -0.51 -0.43 
-88.66 0.37 -106.04 -0.11 0.00 -0.43 
-71.98 -1.91 -128.54 0.34 -0.24 0.44 
-231.50 -3.36 -178.90 1.73 -0.34 0.31 
-247.09 -1.56 -212.12 2.32 -0.12 -1.59 
-92.73 -1.18 -183.90 1.16 -1.09 -0.12 
-75.92 -1.26 -134.20 1.05 -1.39 0.35 
93.46 1.14 -169.67 -0.44 -1.42 -0.79 
-70.75 1.37 -163.21 -0.74 -1.02 -1.04 
-71.73 -0.42 -137.01 0.08 -0.54 -0.68 
-26.57 0.06 -136.81 -0.14 0.18 0.51 
-204.43 -3.40 -185.08 0.92 -0.13 0.27 
-247.09 -2.08 -235.44 3.25 -0.54 -1.61 
-247.09 -1.43 -193.24 1.50 -1.06 -0.62 
-0.07 -1.68 -143.54 0.90 -0.79 -0.36 
-93.09 0.37 -110.75 -0.13 -0.87 0.07 
-109.80 1.56 -102.24 -0.59 -0.69 -0.41 
-29.39 0.99 -93.48 -0.42 0.59 0.69 
-154.78 0.84 -102.59 -0.16 0.05 0.34 
253.17 2.76 -152.94 -0.82 -0.26 -0.10 
71.64 0.58 -122.73 0.35 -3.15 -1.67 
-37.69 -0.30 -74.68 0.43 -1.56 -0.26 
15.89 2.30 -47.49 -0.43 -0.11 -0.52 
-130.39 0.84 -37.92 -0.27 -0.53 -0.67 
-136.43 1.46 -43.86 -0.17 -0.11 -0.07 
-150.53 -2.78 -81.26 1.12 -0.41 0.84 
-244.30 -3.26 -126.43 2.08 -0.24 0.12 
-247.09 -1.50 -141.71 1.71 -0.91 -0.62 
-68.11 -1.20 -91.76 1.21 -1.36 -0.23 
-143.66 -0.35 -49.37 0.15 -0.97 0.05 
-62.10 2.27 -17.92 -0.69 -0.55 0.00 
83.64 2.45 -17.83 -0.17 0.04 0.06 
-134.15 0.30 -22.32 -0.10 -0.17 1.25 
-9.86 2.60 -33.33 -0.49 0.01 -0.33 
-247.09 -0.32 -83.68 1.33 -2.95 -0.19 
-98.97 1.09 -52.93 -0.57 -1.41 -0.71 
-111.41 0.34 -29.73 -0.06 -0.67 -0.70 
-158.13 -1.23 -33.13 0.19 -0.44 -0.36 
-173.79 -2.72 -72.01 1.28 -0.66 0.62 
-63.36 -3.08 -122.37 1.79 -0.52 0.35 
-247.09 -1.15 -114.51 1.40 -0.26 -1.51 
-195.38 -1.02 -68.72 1.39 -1.06 -0.53 
-21.89 -1.60 -19.27 0.73 -0.74 -0.33 
-116.30 0.77 10.28 -0.27 -0.71 -0.01 
1.59 2.40 7.66 -0.69 -0.21 -0.26 
-247.09 -0.39 -12.59 0.10 0.13 0.82 
253.17 2.16 -62.95 -1.12 -0.79 0.20 
-36.39 0.39 -54.66 0.06 -1.31 -0.42 
-83.92 1.45 -54.03 -0.39 -1.03 -0.13 
-106.73 0.63 -26.21 -0.19 -0.86 -0.70 
-218.96 -0.86 -20.69 0.12 -0.60 -0.65 
-27.01 -2.31 -43.89 0.67 -0.17 0.53 
-137.17 -2.92 -94.24 1.96 -0.91 0.67 
-247.09 -1.87 -102.72 1.64 0.05 -1.01 
-247.09 -1.18 -71.61 1.50 -0.99 -0.66 
3.90 -1.36 -22.16 0.85 -1.10 -0.32 
-133.02 1.01 14.88 -0.29 -0.68 -0.06 
-70.86 2.62 28.57 -1.01 -0.40 -0.34 
77.55 1.38 31.29 -0.33 0.18 0.42 
-121.75 -0.24 27.85 0.02 0.71 0.93 
-21.62 2.74 10.36 -0.51 -0.45 0.00 
23.17 0.42 -28.56 0.44 -2.07 0.30 
-24.41 0.75 -3.94 -0.23 -1.40 -0.45 
-42.84 1.72 20.13 -0.70 -0.91 -0.40 
-121.56 -0.17 35.20 0.00 -0.36 -0.67 
-164.65 -0.93 12.60 0.08 -0.35 -0.32 
-159.51 -2.83 -20.92 1.33 -0.29 0.80 
-247.09 -2.42 -36.41 1.61 -0.15 -0.67 
-247.09 -1.56 -11.92 1.55 -0.57 -0.69 
-139.92 -1.35 37.78 1.31 -1.20 -0.42 
-71.88 0.20 83.92 -0.01 -0.60 -0.22 
-92.53 2.23 111.74 -0.70 -0.49 -0.13 
-21.40 2.77 114.27 -0.94 -0.35 -0.06 
81.14 0.56 130.19 -0.19 0.53 0.57 
-246.29 0.79 113.09 -0.11 0.10 0.59 
-100.11 0.55 62.99 -0.07 -1.53 -0.31 
-85.69 0.05 86.38 0.27 -1.70 -1.08 
-66.23 -0.44 129.13 0.15 -0.49 -0.75 
-183.95 -1.21 126.78 0.10 -0.30 -0.18 
-133.85 -2.09 82.59 0.75 -0.57 0.73 
-116.24 -3.50 25.53 1.75 -0.17 0.14 
-247.09 -1.66 26.56 1.60 -0.33 -1.14 
-198.46 -1.32 56.62 1.12 -0.91 -0.43 
-71.50 -1.02 103.46 0.65 -1.14 -0.23 
-71.06 0.52 139.97 -0.10 -0.59 -0.08 
-104.84 2.59 153.23 -0.86 -0.40 -0.20 
20.85 3.16 166.31 -0.92 -0.17 0.08 
17.90 1.53 175.68 -0.45 0.57 0.37 
-137.99 2.73 161.69 -0.55 -0.12 0.23 
-132.47 1.37 111.59 -0.15 -0.48 -0.02 
106.46 0.44 151.93 0.14 -1.48 -1.38 
4.98 0.45 178.77 -0.29 -0.22 -0.99 
-44.09 -0.05 178.07 -0.11 -0.22 -0.46 
-120.18 -1.10 158.19 0.18 -0.34 0.66 
150.72 -3.30 107.59 1.82 -0.24 0.64 
-247.09 -2.06 71.19 1.84 -0.20 -0.78 
-140.11 -0.72 94.72 1.04 -1.38 -0.24 
-103.13 -0.61 142.89 0.50 -1.17 0.02 
-114.74 1.57 177.10 -0.33 -0.50 -0.10 
-112.03 2.02 189.81 -0.78 -0.64 -0.20 
128.62 1.86 199.64 -0.24 0.19 0.06 
-130.27 0.41 196.58 -0.07 0.00 0.68 
16.22 3.13 170.78 -1.27 -0.66 -0.28 
162.75 2.25 172.60 -0.80 -0.88 -0.33 
-247.09 0.47 159.07 -0.25 -1.34 -0.49 
-149.55 0.00 162.05 -0.15 -0.48 -0.54 
-163.07 -2.55 147.34 0.25 -0.17 -0.12 
18.32 -2.68 101.17 1.44 -0.88 0.35 
-242.58 -2.44 68.61 1.68 -0.62 -0.50 
-247.09 -1.73 88.16 1.42 0.05 -0.92 
-247.09 -1.32 111.07 1.02 -0.71 -0.20 
33.94 -1.69 160.77 0.90 -0.98 -0.24 
-62.05 -0.10 195.51 0.00 -0.92 -0.21 
-69.20 2.16 213.66 -0.59 -0.42 0.00 
-32.37 2.52 223.03 -0.86 -0.46 -0.07 
160.07 0.03 101.89 0.81 -2.86 -1.14 
114.07 2.40 151.83 -0.71 -0.47 -0.65 
18.15 1.95 156.98 -0.63 -0.34 -0.52 
-247.09 0.91 145.75 -0.29 -1.05 -0.34 
-42.76 0.59 169.35 -0.18 -0.33 -0.18 
-67.61 -0.39 178.24 -0.04 0.30 0.67 
-247.09 -2.84 132.41 1.55 -0.77 0.62 
-247.09 -2.06 86.14 2.31 0.02 -1.29 
-247.09 -1.63 113.16 1.27 -0.71 -0.16 
0.94 -1.67 162.86 1.01 -0.97 -0.38 
-87.63 0.05 207.91 -0.01 -0.74 -0.09 
-86.43 1.84 222.83 -0.72 -0.60 -0.34 
145.81 0.66 246.61 -0.35 -0.12 0.86 
-110.47 0.41 245.77 -0.11 0.21 0.60 
131.36 2.49 206.42 -1.44 -0.75 -0.67 
43.61 2.22 239.09 -0.68 -0.73 -0.36 
115.12 2.53 224.07 -1.21 0.08 -0.71 
118.27 0.75 249.35 -0.22 -0.69 -0.75 
-209.95 -1.54 237.05 0.32 -0.59 -0.71 
-160.89 -2.39 201.05 1.17 -0.63 0.64 
-170.82 -3.68 150.45 1.87 -0.26 -0.08 
-247.09 -1.29 160.83 1.27 -0.33 -0.91 
-247.09 -1.04 187.30 1.17 -0.95 -0.51 
19.49 -1.23 236.99 0.76 -1.07 -0.39 
-62.90 0.99 273.19 -0.31 -0.77 -0.10 
-65.27 2.59 292.23 -1.14 -0.69 -0.19 
70.88 0.73 296.75 -0.21 0.39 0.44 
46.36 0.25 295.54 -0.05 0.61 0.61 
-77.95 3.27 277.07 -0.58 -0.13 0.19 
-247.09 -0.36 240.94 1.01 -3.10 -0.06 
9.94 1.00 266.74 -0.37 -1.31 -0.27 
-92.24 2.49 275.18 -0.72 -0.65 -0.47 
-145.94 -0.39 283.19 0.00 -0.52 -0.81 
32.25 -1.79 275.67 0.13 -0.17 0.14 
-139.84 -2.00 234.77 1.00 -1.03 0.64 
-247.09 -2.50 222.44 1.65 -0.45 -0.46 
-247.09 -1.37 242.31 1.15 0.07 -0.96 
-247.09 -1.51 278.82 1.11 -0.63 -0.64 
-35.29 -1.27 306.53 0.94 -0.97 -0.74 
-4.96 -1.22 -315.68 0.72 -1.01 -0.63 
-30.95 0.26 -286.53 -0.06 -0.69 -0.29 
-68.02 2.38 -268.95 -0.88 -0.54 -0.29 
-69.93 2.01 -265.27 -0.84 -0.62 -0.31 
21.44 2.99 -258.87 -0.62 0.11 -0.10 
-144.58 0.35 -262.90 -0.08 0.14 0.75 
-196.18 3.38 -287.87 -0.82 -0.34 -0.01 
175.18 0.27 -296.37 0.10 -2.38 -0.68 
83.91 1.80 -265.06 -0.66 -0.98 -0.34 
-197.49 0.90 -277.97 -0.44 -0.77 -0.66 
-208.75 0.24 -274.28 -0.17 -0.71 -0.72 
-171.79 2.16 -274.00 -0.48 -0.03 0.19 
-191.34 -3.09 -276.04 1.21 -0.41 0.63 
-168.02 -3.34 -320.84 1.36 -0.19 0.32 
-174.56 -1.08 -321.54 0.68 -0.35 -0.79 
-247.09 -2.44 -303.42 1.03 -0.15 -0.30 
-247.09 -1.85 -281.47 1.15 -0.88 -0.10 
-33.44 -1.69 -231.52 1.05 -1.14 -0.52 
-53.69 -0.20 -200.07 0.06 -0.89 -0.19 
-44.56 2.02 -174.16 -0.63 -0.48 -0.29 
-59.92 2.83 -164.39 -0.85 -0.16 -0.18 
-0.92 -0.22 -155.56 -0.02 0.50 0.76 
-218.09 1.64 -161.25 -0.38 0.17 0.42 
89.37 2.30 -211.85 -1.44 -1.06 -0.64 
5.59 1.50 -206.14 -0.59 -1.29 -0.46 
2.22 2.33 -187.82 -0.73 -0.46 -0.84 
-123.00 -0.29 -174.09 0.12 -0.97 -0.92 
-198.73 1.03 -168.49 -0.24 -0.25 0.14 
-18.30 -3.20 -190.63 1.17 -0.21 0.62 
-247.09 -1.32 -149.99 1.31 -0.08 -1.07 
-247.09 -1.57 -138.23 1.19 -0.30 -0.70 
-80.41 -1.42 -107.09 1.07 -0.97 -0.46 
-13.33 -0.85 -57.64 0.51 -1.01 -0.22 
-44.16 0.81 -12.82 -0.22 -0.66 -0.07 
-145.84 2.53 12.33 -1.17 -0.59 -0.21 
117.13 0.59 11.88 -0.17 0.44 0.13 
177.30 1.49 14.61 -0.66 0.78 0.52 
-150.02 1.72 4.83 -0.36 0.36 0.42 
25.39 1.23 0.86 -0.98 -2.42 -1.56 
193.07 2.35 37.02 -0.74 -0.40 -0.81 
-33.75 -0.50 47.19 0.39 -1.16 -0.88 
-140.80 0.94 50.31 -0.34 -0.54 -0.21 
-110.43 -1.75 40.03 0.44 -0.49 0.57 
-244.58 -2.73 -10.58 1.70 -0.96 0.71 
-247.09 -1.75 -22.83 1.49 -0.08 -1.01 
-189.95 -1.58 20.74 1.18 -0.53 -0.82 
-13.84 -1.32 58.89 0.78 -0.88 -0.34 
-6.23 -0.27 99.08 0.24 -1.03 -0.22 
-40.73 1.41 134.76 -0.36 -0.49 -0.33 
-114.69 2.64 148.35 -1.17 -0.49 -0.22 
58.21 3.38 152.58 -0.56 -0.02 -0.04 
-144.49 0.52 150.66 -0.12 0.35 0.50 
-160.15 1.12 152.92 -0.21 -0.10 0.48 
16.49 1.89 102.32 -0.80 -1.52 -0.62 
-95.59 1.42 141.17 -0.47 -0.82 -0.95 
-201.45 -0.97 159.44 0.35 -0.91 -0.69 
-109.83 2.73 162.02 -0.52 0.11 0.07 
-100.82 0.31 155.09 -0.21 -0.41 0.35 
-54.77 -2.44 115.42 0.98 -0.36 0.71 
-181.40 -2.48 91.95 1.64 -0.39 -0.22 
-247.09 -1.84 83.33 1.63 -0.56 -0.45 
-230.98 -0.77 105.19 0.89 -1.12 -0.07 
-107.01 -0.90 167.31 0.49 -1.07 -0.13 
-96.21 1.76 197.19 -0.34 -0.34 -0.20 
17.37 2.25 201.26 -0.45 -0.19 0.09 
110.96 -0.02 194.65 -0.12 1.02 0.91 
-189.78 3.26 176.97 -0.56 -0.15 0.22 
244.17 0.81 194.44 -0.71 -1.28 -0.87 
142.30 1.99 221.26 -0.89 -0.18 -1.07 
-51.06 0.09 213.19 0.05 -0.68 0.66 
-98.25 1.00 208.71 -0.59 -1.30 -0.51 
-194.34 0.21 204.57 -0.20 -0.28 -0.53 
-92.12 -0.20 191.78 -0.13 -0.46 0.77 
19.48 0.26 286.92 -0.18 1.02 0.76 
-143.79 2.84 282.35 -0.54 -0.02 0.26 
-77.35 1.36 261.13 -1.13 -2.13 -0.33 
84.65 2.52 289.69 -0.81 -0.48 -0.66 
33.85 1.98 269.78 -0.68 -0.27 -0.37 
-65.97 2.18 261.18 -1.06 -0.56 -0.91 
-139.35 0.39 259.08 -0.20 -0.23 -0.54 
-247.09 0.18 246.86 -0.25 -0.71 0.31 
-99.52 -2.41 213.26 1.20 -0.36 1.03 
-125.04 -2.55 181.12 1.37 -0.36 -0.37 
-247.09 -2.28 171.67 1.55 -0.22 -0.38 
-98.10 -1.55 202.58 1.32 -1.09 0.13 
-16.92 -1.00 250.46 0.62 -0.96 0.10 
-99.82 0.95 285.04 -0.27 -0.72 0.07 
-85.09 2.89 308.76 -0.91 -0.35 -0.04 
0.19 3.07 319.31 -0.93 -0.20 -0.10 
6.30 1.47 316.53 -0.42 0.45 0.32 
-97.19 2.21 317.14 -0.50 -0.20 0.46 
110.15 1.66 -319.54 -1.06 -1.01 -1.18 
-162.76 -2.56 258.20 1.39 -0.56 0.80 
-103.69 -2.64 227.67 1.42 -0.49 -0.11 
-247.09 -2.67 218.85 1.37 -0.26 -0.17 
-148.66 -1.97 229.60 1.24 -0.61 0.11 
-17.95 -0.99 291.73 0.73 -0.95 0.05 
-84.92 0.24 -320.16 -0.02 -0.79 0.10 
-61.67 3.15 -294.98 -1.02 -0.24 0.06 
5.75 2.46 -286.30 -0.87 -0.40 0.22 
-7.31 0.64 -289.26 -0.19 0.47 0.38 
-120.35 2.34 -288.78 -0.38 0.05 0.37 
-141.93 3.35 -290.44 -0.66 -0.05 0.26 
112.58 2.62 -285.78 -1.03 0.02 -0.71 
-13.83 -3.31 125.63 1.03 0.00 -0.04 
2.40 -3.22 128.85 1.02 0.05 -0.07 
-22.92 -3.17 134.15 1.05 0.11 -0.01 
-71.49 -3.19 143.96 1.00 -0.09 -0.04 
11.77 -3.10 139.02 1.01 -0.10 -0.12 
-161.20 -2.92 156.04 1.15 -0.22 -0.10 
-21.79 -1.25 199.69 0.95 -1.13 -0.45 
-29.64 -0.49 249.38 0.28 -1.06 -0.49 
6.32 -0.31 283.68 0.18 -0.57 -0.82 
-131.31 1.00 287.56 -0.45 -0.43 -0.64 
-18.71 0.60 295.81 -0.16 0.01 0.33 
-200.18 -1.98 273.53 0.67 -0.44 0.79 
-197.08 -2.72 228.62 1.36 -0.66 0.46 
-247.09 -2.06 211.39 1.36 -0.02 -0.70 
-234.85 -1.60 232.79 1.22 -0.68 -0.12 
-26.50 -0.86 282.74 0.77 -1.43 -0.06 
-112.53 0.53 327.09 -0.14 -0.77 0.14 
4.05 2.70 -302.44 -0.73 -0.30 0.11 
-73.57 3.05 -294.92 -0.94 -0.21 0.06 
-19.63 0.00 -308.30 -0.04 0.63 0.29 
-140.36 4.27 -317.39 -0.93 0.09 0.02 
181.99 1.98 -323.14 -0.84 -0.38 -0.76 
-4.53 -1.08 281.86 0.64 -0.75 1.69 
-115.70 1.33 296.18 -0.53 -0.83 -0.79 
-216.93 0.62 311.13 -0.40 -0.47 -0.73 
-191.27 1.08 297.65 -0.34 -0.34 -0.20 
-180.32 -1.73 269.51 0.86 -1.10 0.41 
-96.28 -2.47 225.46 1.15 -0.66 0.35 
-105.44 -2.10 203.93 1.08 -0.42 -0.53 
-247.09 -2.27 205.78 1.39 0.04 -0.50 
-247.09 -1.62 233.67 1.27 -0.59 -0.59 
-99.89 -1.03 265.21 0.71 -0.97 -0.37 
-58.86 -0.17 293.19 0.19 -1.21 -0.42 
-38.93 0.59 -325.86 -0.16 -0.81 -0.29 
-41.47 1.46 -303.69 -0.42 -0.45 -0.41 
-94.50 3.06 -293.42 -1.15 -0.21 -0.14 
55.81 3.32 -287.54 -0.85 0.06 0.02 
156.04 0.40 -295.86 -0.19 0.55 0.38 
-101.58 0.12 -288.85 0.09 0.14 0.75 
58.74 2.21 -321.16 -1.09 -0.79 -1.08 
-247.09 0.00 285.22 -0.12 -1.22 0.70 
-101.51 1.22 297.48 -0.43 -0.89 -0.18 
-92.39 1.41 319.92 -0.45 -0.34 -0.63 
-102.45 1.59 315.36 -0.44 -0.35 -0.15 
-165.93 -0.94 292.65 0.24 -0.69 0.50 
-81.27 -2.18 250.15 1.15 -0.36 0.75 
-53.42 -1.36 274.85 0.75 -1.00 0.00 
-8.79 -0.36 308.22 0.22 -1.02 -0.22 
0.89 1.01 -311.55 -0.28 -0.69 -0.16 
-72.69 2.31 -292.07 -0.80 -0.52 -0.14 
-15.34 3.23 -276.34 -0.88 -0.17 -0.04 
-35.05 3.64 -268.07 -1.07 -0.01 -0.01 
3.83 3.18 -270.13 -0.78 0.12 0.10 
86.14 2.18 -271.34 -0.56 0.33 0.21 
-247.09 -1.00 -276.34 0.50 0.16 0.72 
81.97 2.90 -275.99 -1.48 -0.66 -0.76 
85.25 2.14 -278.30 -0.96 -0.30 -0.84 
-56.14 0.78 -269.15 -0.36 -0.76 -0.73 
-139.90 2.77 -271.71 -0.77 -0.17 0.06 
-110.16 0.27 -282.66 -0.11 -0.35 0.16 
-120.85 -2.29 -310.13 1.14 -0.53 0.88 
35.71 -2.60 307.94 1.25 -0.54 0.22 
-206.89 -2.20 295.73 1.11 -0.29 -0.37 
-247.09 -2.40 291.46 1.18 -0.29 -0.35 
-247.09 -2.13 300.79 1.09 -0.54 -0.16 
-58.11 -1.67 321.90 0.94 -0.83 -0.19 
-18.53 -1.09 -307.25 0.67 -1.06 -0.34 
-8.36 -0.10 -265.00 0.11 -1.12 -0.21 
-47.05 1.39 -229.05 -0.40 -0.63 -0.15 
-101.41 2.56 -212.51 -1.01 -0.44 -0.20 
-0.18 3.25 -207.11 -0.67 0.00 0.08 
48.00 2.20 -204.84 -0.57 0.17 0.36 
-183.51 0.66 -213.82 -0.16 0.57 0.44 
-92.73 3.52 -218.94 -0.96 -0.26 0.26 
89.84 2.27 -211.71 -1.23 -0.21 -1.06 
-207.35 0.09 -232.74 -0.16 -1.14 -0.10 
-159.02 1.60 -215.24 -0.67 -0.42 -0.55 
-96.11 1.71 -205.00 -0.34 -0.02 0.23 
-139.41 -1.63 -230.63 0.60 -0.93 0.64 
-247.09 -2.29 -267.20 1.38 -0.54 0.77 
-230.36 -2.26 -288.65 1.14 -0.31 -0.52 
-247.09 -1.59 -276.07 1.11 -0.39 -0.66 
-147.85 -2.43 -266.46 1.03 -0.35 -0.07 
-118.55 -1.51 -253.83 0.91 -0.77 0.00 
-29.85 -1.02 -235.40 0.64 -0.97 0.04 
-10.80 -1.09 -210.97 0.78 -1.29 -0.21 
-11.92 -0.37 -161.69 0.17 -0.87 -0.13 
-58.41 2.08 -127.89 -0.60 -0.46 -0.13 
-54.14 3.35 -113.15 -1.14 -0.20 -0.04 
149.20 0.20 -112.96 -0.11 0.57 0.50 
-148.82 0.10 -113.75 0.04 0.37 0.66 
-6.48 2.76 -120.15 -1.79 -0.92 -0.65 
133.14 2.70 -114.57 -1.30 -0.03 -0.80 
-247.09 0.45 -114.28 0.05 -1.57 -0.34 
-152.42 1.99 -110.17 -0.70 -0.07 -0.49 
-170.14 1.08 -111.51 -0.14 -0.09 -0.14 
-66.05 -1.93 -130.25 0.86 -0.52 0.85 
-247.09 -2.23 -161.23 1.30 -0.72 -0.50 
-247.09 -1.52 -151.38 1.31 -0.01 -0.91 
-247.09 -1.54 -132.64 1.09 -0.67 -0.42 
-50.13 -1.47 -97.89 0.96 -1.02 -0.25 
106.10 -1.08 -48.44 0.65 -1.12 -0.34 
-81.01 1.48 -18.42 -0.50 -0.67 -0.13 
-40.95 3.03 10.78 -0.83 -0.19 0.17 
86.28 3.44 23.63 -0.70 -0.05 0.05 
74.96 0.34 22.92 -0.08 0.12 0.73 
-172.43 -0.43 35.18 0.18 -0.04 0.60 
-16.50 2.70 31.73 -1.22 -0.82 -0.82 
133.25 2.59 27.24 -1.06 0.04 -0.58 
70.37 0.71 40.19 -0.25 -1.29 -0.98 
-103.77 1.04 54.75 -0.49 -0.37 -0.64 
-247.09 1.55 38.99 -0.85 -0.51 -0.40 
-236.15 -2.19 7.67 1.20 -0.83 0.54 
-79.24 -2.18 -20.00 1.23 -0.87 0.05 
-247.09 -1.88 -24.81 1.12 -0.40 -0.68 
-247.09 -2.16 -16.72 1.22 -0.08 -0.55 
-202.72 -2.00 4.40 1.10 -0.54 -0.28 
-10.94 -1.06 54.10 0.89 -1.06 -0.09 
-6.68 -0.23 114.36 0.18 -1.13 -0.19 
-93.35 2.41 141.03 -0.65 -0.35 0.06 
-97.40 3.47 156.76 -1.17 -0.12 0.10 
70.71 0.81 157.04 -0.32 0.49 0.14 
-247.09 -0.14 148.06 0.08 0.18 0.48 
-87.01 2.87 136.41 -1.66 -0.86 -0.64 
146.19 1.90 133.69 -1.03 -0.19 -1.04 
4.27 0.72 145.58 -0.34 -1.31 -0.33 
-168.40 2.04 155.85 -0.88 -0.33 -0.64 
-131.82 -2.11 151.12 0.30 0.10 0.34 
-110.03 -2.16 100.77 1.17 -0.93 0.32 
-178.39 -2.09 57.35 1.35 -0.62 -0.11 
-247.09 -2.71 43.22 1.18 -0.03 -0.27 
-247.09 -2.33 51.30 1.20 -0.47 -0.25 
-16.04 -1.67 84.94 1.00 -0.92 -0.13 
34.83 -0.81 124.81 0.46 -1.01 -0.20 
-31.95 0.36 160.20 -0.12 -0.85 -0.18 
-65.05 2.25 191.38 -0.76 -0.50 0.09 
12.76 3.44 204.97 -0.87 -0.07 0.07 
51.62 1.61 203.08 -0.37 0.38 0.17 
-247.09 -1.19 230.18 0.57 0.36 0.90 
-157.37 2.62 198.58 -1.26 -1.06 0.22 
124.81 1.82 208.54 -0.63 -0.75 -0.54 
-19.76 1.47 183.79 -0.66 -0.02 -0.54 
-70.00 2.48 189.35 -0.87 -0.46 -0.35 
-183.89 1.88 203.86 -0.73 -0.27 -0.54 
-141.56 2.25 192.20 -0.38 -0.11 -0.07 
34.73 -2.20 154.37 0.85 -0.31 0.84 
-247.09 -2.15 111.16 1.53 -0.87 -0.32 
-246.92 -1.72 90.03 1.21 -0.72 -0.03 
-108.13 -1.25 107.80 0.92 -0.92 0.14 
-1.51 -0.81 149.15 0.61 -1.26 0.15 
-86.92 0.51 187.70 -0.16 -0.83 0.16 
-64.63 2.50 219.20 -0.78 -0.31 0.25 
67.55 3.29 234.82 -0.93 0.07 0.20 
83.75 0.67 226.62 -0.23 0.49 0.01 
38.36 -0.27 246.23 0.31 -0.13 0.78 
41.00 2.66 229.83 -1.34 -0.69 -0.80 
44.84 2.32 215.12 -1.03 -0.60 -0.55 
-173.71 0.32 216.55 -0.15 -1.25 -0.61 
-182.11 1.03 227.22 -0.53 -0.30 -0.61 
-159.26 1.36 212.85 -0.46 -0.14 0.39 
-17.53 -2.10 174.90 0.87 -0.65 0.48 
-247.09 -2.70 150.08 1.40 -0.63 0.02 
-108.68 -2.37 134.33 1.11 -0.21 -0.45 
-247.09 -2.36 145.83 1.19 -0.19 -0.43 
-142.40 -1.77 176.74 1.17 -0.76 -0.23 
49.05 -1.05 215.36 0.84 -1.23 -0.26 
9.01 -0.54 263.93 0.29 -1.13 0.00 
-14.37 2.89 304.42 -0.61 -0.07 0.24 
43.49 3.19 315.09 -0.92 0.04 0.18 
99.75 0.51 307.03 -0.14 0.43 0.44 
-165.66 0.70 297.61 -0.13 0.35 0.38 
-82.45 3.50 293.56 -0.89 -0.05 0.33 
135.63 2.44 290.54 -1.34 -0.44 -1.00 
-74.43 -0.49 263.70 0.11 -0.79 0.93 
-80.96 1.80 279.78 -0.77 -0.52 -0.68 
-100.31 1.44 285.22 -0.54 -0.40 -0.30 
-157.70 -0.46 277.17 -0.01 -0.36 0.21 
-160.96 -2.74 229.40 1.10 -0.40 0.64 
-202.08 -2.34 221.57 1.35 -0.33 -0.33 
-247.09 -1.86 218.64 1.22 -0.20 -0.73 
-207.95 -1.54 237.44 1.00 -0.68 -0.33 
20.27 -1.04 273.54 0.86 -1.25 -0.23 
-110.85 -0.08 311.11 0.12 -1.36 -0.07 
-10.45 0.88 -309.04 -0.25 -0.68 0.03 
-23.47 3.09 -286.40 -0.73 -0.17 0.11 
51.62 1.98 -278.76 -0.62 0.44 0.16 
22.56 1.01 -292.26 -0.29 0.53 0.33 
-23.23 -0.69 -273.39 0.40 -0.28 0.54 
98.98 3.15 -280.89 -1.32 -0.48 -0.34 
47.48 2.38 -296.07 -1.13 -0.21 -0.59 
15.96 2.09 -281.85 -0.64 -0.81 -0.38 
-134.92 0.97 -276.93 -0.45 -0.45 -0.76 
-106.78 1.64 -274.48 -0.32 -0.28 0.00 
-28.40 -1.20 -300.98 0.37 -0.73 0.86 
-192.08 -2.75 312.38 1.08 -0.49 0.17 
-247.09 -2.28 309.47 1.33 -0.07 -0.56 
-183.85 -1.71 -323.68 1.43 -0.79 -0.22 
51.61 -0.83 -273.98 0.81 -1.19 0.10 
-57.50 0.72 -229.69 -0.16 -0.71 0.18 
-24.89 2.88 -205.55 -0.69 -0.23 0.07 
100.20 2.87 -200.06 -0.71 -0.01 0.31 
113.76 0.79 -206.60 -0.27 0.33 0.59 
-196.95 -0.97 -191.55 0.37 0.03 0.52 
1.65 2.75 -209.02 -1.45 -0.91 -0.20 
153.65 2.09 -192.91 -0.95 0.03 -0.99 
-129.96 1.85 -228.22 -0.68 -0.46 -0.02 
-120.77 1.24 -205.96 -0.57 -0.51 -0.79 
-162.14 0.54 -212.98 -0.23 -0.29 -0.35 
-124.98 -2.91 -239.79 1.36 -0.59 0.82 
-247.09 -2.34 -290.14 1.44 -0.70 0.02 
-247.09 -2.11 -293.65 1.68 -0.38 -0.40 
-89.11 -0.70 -264.69 0.87 -1.24 0.15 
2.59 -0.52 -215.25 0.39 -1.02 0.12 
-3.38 1.75 -173.14 -0.30 -0.37 0.06 
-27.62 2.63 -158.60 -1.04 -0.19 0.38 
102.02 1.15 -159.05 -0.32 0.43 0.34 
-247.09 0.05 -160.68 0.04 0.30 0.62 
-38.92 2.81 -171.87 -1.56 -0.71 -0.86 
150.67 2.56 -186.32 -1.33 -0.20 -0.77 
36.77 1.52 -172.83 -0.55 -1.19 -0.43 
-49.86 1.20 -161.57 -0.49 -0.47 -0.58 
-184.66 -2.50 -252.33 1.09 -0.44 0.47 
-209.41 -2.76 -277.30 1.32 -0.39 -0.04 
-247.09 -2.40 -275.76 1.20 -0.25 -0.21 
-126.92 -1.71 -248.98 1.05 -0.71 0.07 
-35.25 -0.80 -205.08 0.54 -1.12 -0.13 
-8.35 0.11 -158.19 -0.03 -0.87 -0.07 
-58.76 2.65 -129.46 -0.88 -0.30 0.23 
41.54 2.93 -119.89 -0.74 0.01 0.24 
133.03 1.44 -125.08 -0.42 0.45 0.22 
-14.94 -1.03 -100.09 0.59 -0.22 0.71 
46.56 3.25 -117.58 -1.60 -0.70 -0.49 
82.72 2.12 -128.98 -0.77 -0.16 -0.64 
-0.09 1.53 -126.43 -0.71 -0.90 -0.54 
-81.10 1.28 -112.96 -0.55 -0.59 -0.32 
-85.79 0.50 -114.60 -0.18 -0.28 0.26 
-92.34 -1.51 -133.66 0.43 -0.45 0.70 
-147.50 -3.22 -171.20 1.21 -0.31 0.18 
-247.09 -2.60 -183.19 1.36 -0.30 -0.35 
-247.09 -2.30 -181.27 1.20 -0.25 -0.32 
-43.40 -1.83 -146.25 1.23 -0.75 0.00 
-41.01 -0.46 -92.15 0.37 -1.06 0.17 
-39.69 0.98 -45.53 -0.24 -0.59 0.16 
-63.37 3.18 -27.75 -0.84 0.08 0.18 
74.45 2.35 -30.17 -0.71 0.17 0.34 
42.37 1.31 -45.16 -0.37 0.44 0.53 
-94.69 -0.22 -24.71 0.16 -0.12 0.45 
44.72 3.00 -39.16 -1.52 -0.51 -0.60 
101.27 2.70 -39.16 -1.16 -0.40 -0.55 
-247.09 -0.87 -50.92 0.39 -1.20 0.20 
-132.17 2.24 -35.92 -0.89 -0.51 -0.41 
-100.21 1.43 -27.38 -0.51 -0.30 -0.38 
47.72 -1.35 -16.61 0.32 -0.13 0.63 
-114.53 -2.79 -46.95 1.35 -0.21 0.69 
-247.09 -2.40 -62.05 1.29 -0.58 -0.19 
-247.09 -1.91 -66.66 1.29 -0.31 -0.58 
-156.78 -1.50 -37.41 1.08 -0.87 -0.07 
-10.79 -1.05 6.56 0.78 -1.19 -0.10 
-31.06 0.35 56.26 -0.06 -0.83 -0.01 
-61.89 2.36 86.76 -0.71 -0.40 0.03 
21.67 2.07 94.75 -0.57 -0.11 0.42 
101.93 1.20 89.43 -0.42 0.54 0.37 
-247.09 -0.05 97.30 0.04 -0.28 0.64 
-68.24 3.91 81.57 -1.05 -0.27 -0.03 
161.79 2.28 91.08 -1.18 -0.35 -0.93 
-57.66 0.24 42.70 -0.35 -0.78 0.62 
-127.71 1.78 56.94 -0.74 -0.34 -0.84 
-173.34 0.45 56.54 -0.42 -0.52 -0.74 
-76.95 -2.47 29.82 1.05 -0.04 0.94 
-247.09 -2.07 -20.54 1.18 -0.86 -0.16 
-247.09 -2.16 -30.29 1.24 -0.35 -0.50 
-247.09 -1.50 -12.87 1.50 -0.87 -0.51 
-97.95 -1.44 35.74 1.07 -1.11 0.02 
14.44 -0.47 85.69 0.19 -0.62 -0.02 
-12.72 2.72 111.09 -0.54 -0.26 -0.03 
-44.69 3.20 126.64 -0.90 0.14 -0.07 
109.39 2.20 126.97 -0.72 0.39 0.04 
-216.92 -0.06 106.24 0.38 -1.61 0.00 
-146.18 1.88 110.72 -0.79 -0.30 -0.88 
-121.32 0.85 106.31 -0.41 -0.22 -0.73 
-101.62 0.51 102.65 -0.17 -0.30 0.34 
-235.56 -2.86 73.36 0.96 -0.44 0.37 
-247.09 -1.86 62.17 1.42 -0.17 -1.06 
-247.09 -1.81 90.62 1.19 -0.14 -0.73 
-60.15 -0.98 165.66 0.89 -1.21 -0.11 
-69.13 -0.76 169.89 0.83 -1.28 -0.08 
-40.36 -0.30 214.68 0.23 -0.96 -0.16 
-37.40 3.16 263.72 -0.71 0.06 -0.23 
-22.45 -0.73 270.05 0.20 1.52 0.82 
-149.63 0.33 243.42 -0.01 -1.02 0.30 
74.60 2.94 298.64 -0.92 0.20 0.25 
30.60 2.42 298.70 -0.61 0.24 0.26 
14.30 0.08 290.49 -0.01 0.40 0.51 
-177.72 -1.38 300.40 0.43 -0.21 0.61 
-107.61 2.25 286.48 -1.00 -1.40 0.51 
88.68 2.15 302.42 -0.58 -0.48 -0.61 
11.40 2.05 284.60 -0.64 -0.41 -0.19 
-136.10 1.04 290.13 -0.37 -0.78 -0.67 
-154.07 0.46 292.18 -0.34 -0.41 -0.65 
-26.19 -1.82 273.93 0.65 -0.25 1.01 
-210.50 -2.56 227.22 1.36 -0.69 0.56 
-226.28 -2.45 201.65 1.29 -0.39 -0.25 
-247.09 -2.41 190.11 1.32 -0.25 -0.33 
-112.34 -1.61 212.34 1.21 -0.90 0.10 
-20.53 -0.87 257.51 0.79 -1.22 0.19 
-25.18 -0.12 303.93 0.10 -0.79 0.14 
-71.14 3.13 -322.04 -0.79 -0.12 0.12 
71.10 2.51 -317.09 -0.78 -0.01 0.40 
-26.67 1.33 -322.77 -0.33 0.40 0.28 
-107.53 -0.49 -310.30 0.37 -0.06 0.80 
-16.10 2.59 -310.18 -1.23 -0.81 -0.57 
84.75 2.42 -326.71 -0.90 -0.14 -0.45 
-25.63 1.01 -316.18 -0.34 -1.16 -0.60 
-92.69 0.89 -304.10 -0.40 -0.44 -0.54 
-68.28 0.88 -311.28 -0.18 -0.23 0.21 
3.87 -2.00 320.38 0.70 -0.21 0.92 
-247.09 -3.54 281.56 1.67 -0.13 -0.01 
-247.09 -2.64 258.68 1.26 -0.20 -0.34 
-233.75 -3.02 251.43 1.06 -0.10 0.02 
-86.78 -1.86 254.36 0.97 -0.46 0.39 
-41.98 -1.35 276.64 1.00 -0.92 0.44 
-27.01 -1.47 -318.18 0.82 -0.74 0.22 
-102.21 0.72 -276.02 -0.17 -0.61 0.09 
-55.66 2.85 -239.57 -0.86 -0.09 0.29 
0.14 2.42 -237.89 -0.72 0.36 0.13 
-6.37 -0.23 -244.84 0.12 0.82 0.64 
-83.11 3.31 -267.32 -1.10 -0.50 0.32 
235.16 2.47 -271.44 -1.34 -0.24 -1.00 
1.73 0.94 -262.20 -0.21 -1.50 -0.28 
-69.94 0.77 -245.72 -0.43 -0.54 -0.88 
26.14 -0.24 -249.52 -0.04 -0.10 0.32 
-29.22 -2.31 -279.56 0.85 -0.11 0.77 
-247.09 -3.09 -324.69 1.71 -0.31 -0.23 
-247.09 -2.25 321.25 1.49 -0.57 -0.13 
-78.97 -1.04 -305.31 1.01 -1.06 0.34 
-37.50 -0.48 -255.46 0.39 -0.89 0.28 
-47.73 2.07 -211.11 -0.59 -0.38 0.31 
31.46 2.60 -195.16 -1.08 0.08 0.52 
75.25 1.38 -197.86 -0.32 0.23 0.47 
-72.28 0.36 -220.21 -0.08 0.66 0.28 
22.19 2.72 -201.67 -0.50 -0.08 0.37 
190.30 2.46 -209.36 -1.52 -0.39 -1.06 
110.72 2.88 -227.57 -1.00 -0.17 -0.28 
72.53 1.65 -205.70 -0.60 -0.76 -0.85 
-66.97 1.03 -193.00 -0.50 -0.47 -0.61 
-23.74 0.24 -197.32 -0.19 -0.22 0.34 
-89.52 -2.32 -215.59 0.79 -0.16 0.78 
-206.22 -3.24 -242.64 1.39 -0.16 -0.07 
-247.09 -1.97 -252.99 1.52 -0.55 -0.39 
-109.26 -1.51 -225.28 1.18 -0.77 0.31 
-14.56 -0.48 -182.26 0.49 -1.15 0.12 
-79.50 1.36 -140.53 -0.41 -0.74 -0.01 
-21.75 2.53 -110.57 -0.73 -0.23 0.31 
34.07 2.43 -97.75 -0.79 0.03 0.46 
45.00 1.79 -100.75 -0.44 0.30 0.32 
-19.17 0.28 -112.87 -0.08 0.44 0.48 
-19.27 1.67 -92.39 -0.39 -0.41 0.74 
167.17 2.57 -90.83 -1.25 -0.40 -0.90 
-41.77 -1.86 -84.41 0.49 -0.26 0.71 
-235.87 -3.40 -107.16 1.44 -0.06 0.47 
-170.64 -2.53 -132.68 1.49 0.04 -0.58 
-247.09 -2.42 -136.64 1.48 -0.36 -0.11 
-66.89 -1.29 -111.27 1.01 -0.87 0.40 
-20.05 -0.02 -68.52 0.27 -1.01 0.31 
-71.72 2.23 -29.34 -0.57 -0.35 0.33 
-49.31 2.80 -10.55 -0.96 -0.06 0.42 
100.45 1.89 -9.50 -0.49 0.06 0.40 
87.91 0.39 -17.48 -0.16 0.69 0.41 
-71.98 -1.59 18.27 0.73 0.34 0.63 
-94.30 3.92 -15.93 -1.77 -0.37 0.18 
-35.63 -0.10 -3.29 -0.11 -0.03 0.56 
-74.69 -1.82 -11.26 0.69 -0.06 0.88 
-247.09 -2.73 -52.87 1.62 -0.63 0.08 
-247.09 -2.98 -71.26 1.36 -0.09 -0.27 
-247.09 -2.40 -60.13 1.29 -0.42 -0.03 
-50.59 -0.98 -26.95 1.04 -1.06 0.34 
9.30 0.33 21.78 0.14 -0.81 0.10 
-125.08 1.83 54.49 -0.45 -0.51 0.20 
-88.12 3.53 80.41 -1.05 -0.03 -0.07 
12.59 3.04 84.36 -0.99 0.24 0.11 
43.91 -0.42 75.85 0.03 0.56 0.29 
-46.63 0.32 90.14 0.08 0.26 0.63 
135.89 2.51 74.77 -0.95 -0.21 -0.92 
104.57 1.84 72.48 -1.11 -0.56 -1.05 
-157.69 0.67 80.42 -0.10 -1.14 0.00 
-181.79 1.89 84.34 -0.73 -0.41 -0.62 
-90.00 1.95 92.03 -0.56 -0.27 -0.27 
-83.80 1.13 88.20 -0.25 -0.11 0.26 
-95.21 -1.84 70.69 0.63 -0.17 0.92 
-247.09 -3.00 40.36 1.44 -0.32 0.45 
-178.11 -3.14 1.67 1.59 -0.08 -0.28 
-247.09 -2.45 -4.53 1.27 -0.32 -0.19 
42.70 2.69 129.02 -0.70 0.14 0.28 
43.81 2.18 128.64 -0.62 0.15 0.43 
1.07 1.45 118.94 -0.37 0.38 0.36 
-247.09 -1.36 128.46 1.00 -0.48 0.86 
-7.33 3.17 133.70 -1.59 -0.71 -0.75 
78.00 2.38 130.36 -0.99 -0.18 -0.72 
-220.74 0.47 127.36 0.22 -1.81 0.12 
-76.29 1.53 142.80 -0.59 -0.66 -0.53 
-84.82 1.80 147.40 -0.59 -0.38 -0.19 
-31.50 0.38 148.62 -0.22 -0.33 0.45 
-52.82 -2.13 132.41 0.67 -0.28 0.76 
-88.78 -2.66 102.89 1.38 -0.29 0.50 
-247.09 -2.59 78.71 1.35 -0.34 -0.23 
-247.09 -2.32 66.46 1.18 -0.41 0.06 
-98.18 -0.96 79.96 0.74 -0.82 0.44 
-39.14 -0.32 114.15 0.41 -1.15 0.40 
-90.72 1.22 156.23 -0.42 -0.86 0.19 
-26.66 2.83 188.43 -0.69 -0.05 0.25 
-37.47 2.05 192.49 -0.61 0.11 0.44 
70.46 0.57 185.01 -0.23 0.52 0.31 
-163.43 -0.97 206.52 0.56 0.15 0.85 
-162.95 3.38 194.10 -1.58 -0.83 -0.12 
62.94 2.31 194.00 -1.01 -0.40 -0.69 
-40.61 1.93 166.50 -0.75 -0.40 0.14 
-100.44 1.65 168.30 -0.65 -0.75 -0.66 
-92.34 1.67 183.05 -0.51 -0.38 -0.28 
-46.85 1.76 190.91 -0.50 -0.16 0.29 
-36.52 -1.36 188.26 0.26 -0.11 0.66 
-121.47 -2.32 172.46 0.91 -0.37 0.69 
-220.47 -3.60 153.96 1.15 -0.06 -0.09 
-247.09 -3.14 142.21 1.35 -0.05 -0.16 
-247.09 -2.33 145.40 1.36 -0.38 0.08 
-128.06 -0.96 170.98 0.96 -1.00 0.40 
-42.57 0.12 209.34 0.16 -0.94 0.41 
-20.83 1.25 254.37 -0.25 -0.49 0.27 
-62.27 2.58 276.53 -0.78 0.09 0.38 
11.58 2.31 275.27 -0.67 0.27 0.37 
-138.50 -0.33 267.27 0.24 0.27 0.85 
-47.08 1.76 276.02 -0.41 0.00 0.74 
68.52 3.26 262.66 -1.38 -0.41 -0.61 
116.22 2.66 256.19 -1.13 -0.17 -0.66 
64.92 1.14 240.20 -0.30 -0.80 0.22 
-5.73 0.90 266.88 -0.34 -1.40 -0.21 
-66.02 1.65 294.33 -0.51 -0.42 -0.30 
-46.40 0.24 305.27 -0.12 -0.17 0.29 
-10.76 -1.65 306.19 0.57 -0.07 1.03 
-34.10 -2.93 268.97 1.23 -0.15 0.31 
-247.09 -2.59 233.94 1.61 0.02 0.51 
-105.69 -0.77 237.21 1.01 -0.75 1.04 
-103.01 0.08 273.95 0.25 -0.64 0.61 
-125.95 3.36 311.71 -0.74 -0.13 0.12 
17.46 2.87 -325.48 -0.89 -0.22 0.30 
-68.96 -1.65 322.70 0.81 1.00 0.64 
55.65 1.47 319.11 -0.27 0.44 0.58 
88.04 2.48 281.25 -1.08 -0.75 -0.45 
19.22 1.16 277.14 -0.53 -1.37 -0.36 
-62.22 0.75 293.25 -0.32 -0.83 -0.63 
-69.27 1.26 307.48 -0.53 -0.48 -0.22 
-27.47 0.17 313.24 -0.21 -0.27 0.59 
-108.66 -1.44 315.60 0.44 -0.07 0.75 
-180.19 -2.54 282.94 1.32 -0.71 -0.04 
-230.82 -2.48 242.27 1.49 -0.36 -0.06 
-247.09 -1.05 257.32 1.27 -0.94 0.58 
11.65 -0.32 296.55 0.38 -1.05 0.44 
-45.97 0.95 -309.82 -0.23 -0.64 0.40 
-95.46 1.67 -282.27 -0.63 -0.43 0.48 
-21.19 2.35 -277.84 -0.53 -0.24 0.30 
133.36 1.18 -271.41 -0.40 0.91 0.25 
-247.09 1.49 -270.53 -0.29 0.00 0.40 
-74.03 2.75 -293.43 -0.85 -0.39 0.47 
138.01 2.73 326.07 -1.08 -0.27 -0.40 
32.10 1.55 -326.46 -0.73 -1.29 -0.44 
-93.05 0.93 -315.91 -0.44 -0.90 -0.67 
-83.01 0.94 -296.56 -0.46 -0.56 -0.27 
-113.20 0.07 -292.28 -0.14 -0.25 0.48 
-136.25 -2.35 -304.21 0.79 0.09 0.77 
-119.00 -2.50 324.83 1.31 -0.55 -0.11 
-247.09 -2.28 307.33 1.41 -0.21 -0.57 
-247.09 -2.15 314.13 1.62 -0.39 -0.01 
-101.24 -0.88 -307.47 0.78 -1.14 0.28 
-54.49 -0.34 -257.77 0.29 -1.19 0.07 
-96.61 2.35 -214.97 -0.59 -0.39 0.08 
18.76 2.53 -194.77 -0.71 -0.30 0.23 
121.13 0.66 -186.37 -0.34 0.70 0.08 
-211.35 -0.82 -181.57 0.36 0.24 0.73 
-126.63 3.28 -215.46 -0.98 -0.48 -0.24 
52.30 2.01 -249.93 -0.91 -0.81 -0.29 
-66.59 0.83 -244.63 -0.35 -1.54 -0.28 
-102.50 1.21 -227.85 -0.46 -0.70 -0.64 
-15.63 0.36 -216.04 -0.22 -0.46 -0.24 
16.14 -1.64 -223.63 0.47 -0.28 0.85 
-162.89 -2.62 -245.41 0.86 0.05 0.59 
-199.97 -2.59 -271.16 1.46 -0.41 -0.19 
-247.09 -1.45 -278.83 1.17 -0.82 -0.07 
-107.62 -0.68 -232.41 0.85 -1.36 0.31 
-38.72 0.10 -196.67 0.12 -1.21 0.21 
-65.88 1.32 -160.17 -0.40 -0.73 0.09 
-49.30 2.66 -132.11 -0.80 -0.12 0.36 
120.49 2.77 -123.16 -0.58 0.23 0.07 
47.22 0.16 -128.52 -0.06 0.68 0.39 
-233.64 -0.86 -123.68 0.46 0.32 0.72 
141.96 2.67 -151.12 -1.37 -0.92 -0.50 
42.78 2.31 -165.17 -0.90 -0.71 -0.02 
-56.15 2.18 -158.79 -0.71 -0.81 -0.37 
-115.55 1.14 -149.66 -0.57 -0.64 -0.60 
-28.11 0.78 -140.65 -0.21 -0.33 0.00 
-9.64 -2.46 -130.94 0.70 -0.13 0.76 
-247.09 -2.99 -149.36 1.64 -0.19 0.76 
-247.09 -2.68 -173.30 1.31 -0.18 -0.38 
-245.66 -1.98 -166.23 1.60 -0.74 0.21 
-77.17 -0.52 -128.40 0.65 -1.05 0.26 
-24.58 0.90 -86.66 -0.14 -0.70 0.24 
-51.37 2.68 -46.26 -0.56 -0.34 0.07 
-19.17 3.24 -28.21 -0.88 0.12 0.12 
121.08 1.90 -26.55 -0.44 0.33 0.21 
-20.95 0.90 -39.27 -0.31 0.96 0.02 
-100.72 0.55 -31.73 0.06 0.05 0.59 
107.81 2.35 -39.45 -1.22 -0.54 -1.15 
102.37 2.40 -35.88 -1.00 -0.13 -0.66 
19.23 2.31 -56.78 -0.70 -0.30 -0.36 
-11.11 1.41 -47.05 -0.66 -0.94 -0.46 
-61.99 1.82 -33.51 -0.59 -0.36 -0.23 
-113.38 -0.12 -11.30 -0.09 -0.10 0.61 
-6.93 -2.58 -12.15 1.01 -0.13 0.80 
-214.24 -2.21 -33.50 1.16 -0.52 0.06 
-247.09 -3.03 -55.62 1.62 -0.15 -0.37 
-247.09 -2.35 -39.62 1.47 -0.24 0.31 
-28.77 -0.80 -7.54 0.91 -1.24 0.09 
9.00 0.75 38.20 -0.08 -0.69 0.12 
-43.19 2.74 70.50 -0.72 -0.30 0.17 
-18.08 2.61 86.76 -0.90 -0.04 0.44 
22.20 2.61 89.31 -0.73 0.25 0.28 
37.10 0.79 84.35 -0.22 0.47 0.38 
-247.09 -0.75 93.34 0.40 0.36 0.91 
-58.02 2.62 96.14 -0.68 -0.54 -0.03 
-2.56 2.58 71.10 -1.34 -0.73 -0.70 
17.70 1.92 60.08 -0.70 -0.63 -0.49 
-48.20 0.76 58.93 -0.41 -1.02 -0.66 
-105.66 0.84 94.55 -0.42 -0.65 -0.46 
-89.90 1.52 101.04 -0.27 -0.11 0.19 
-247.09 -2.92 106.75 0.90 -0.15 0.50 
-172.19 -3.49 70.93 1.77 -0.08 0.24 
-156.30 -2.43 56.33 1.44 -0.13 -0.49 
-247.09 -1.93 89.46 1.14 -0.52 -0.20 
-83.53 -0.96 126.70 0.78 -1.25 -0.23 
100.01 -0.65 176.40 0.36 -0.93 -0.10 
-27.56 3.20 216.98 -0.52 -0.17 0.02 
-48.11 3.60 236.18 -0.89 0.04 -0.04 
105.13 2.79 247.03 -0.94 0.35 -0.01 
108.36 -1.19 236.85 0.28 0.68 0.27 
-144.92 -0.28 245.43 0.05 0.38 0.71 
-247.09 3.51 220.14 -1.00 -0.19 0.26 
55.17 2.48 211.94 -1.13 -0.52 -0.66 
17.40 1.82 196.92 -0.70 -0.70 -0.48 
-66.05 1.09 209.76 -0.50 -0.89 -0.63 
-27.21 1.49 219.22 -0.49 -0.33 -0.35 
-5.21 1.37 221.81 -0.34 -0.26 0.16 
-91.53 -1.46 217.32 0.36 -0.28 0.56 
-102.60 -2.28 179.33 1.30 -0.60 0.58 
-247.09 -2.73 164.85 1.38 -0.12 -0.25 
-91.56 -1.43 184.34 1.21 -0.81 0.41 
-27.45 -0.39 224.85 0.43 -0.92 0.29 
-9.36 0.84 274.36 -0.22 -0.81 0.24 
-19.50 3.17 308.17 -0.86 0.06 0.17 
-12.18 3.16 309.32 -0.85 0.07 0.18 
-20.66 -2.89 258.91 1.07 -0.04 -0.23 
-22.97 -2.02 -182.36 0.60 -0.30 -0.26 
-160.72 -2.59 -175.45 1.34 0.01 -0.42 
0.07 -2.94 -168.44 1.09 -0.16 -0.06 
-45.47 -2.09 -143.24 1.00 -0.55 -0.27 
-16.24 0.80 -17.91 -0.29 -0.55 -0.75 
-225.82 1.59 -15.70 -0.22 -0.11 -0.12 
-124.99 -2.24 -59.74 0.97 -0.49 0.65 
-229.53 -3.08 -83.72 1.32 -0.16 -0.15 
-247.09 -2.17 -96.49 1.26 -0.41 -0.30 
-25.76 3.31 45.81 -0.69 -0.05 0.12 
-49.14 2.89 55.86 -0.78 0.03 0.28 
40.53 1.86 54.63 -0.57 0.38 0.43 
-43.25 1.11 35.07 -0.35 -0.42 0.00 
-11.20 0.46 37.00 -0.31 -0.28 0.65 
4.38 -0.75 31.91 0.11 -0.20 0.76 
-81.52 -2.13 10.45 0.80 -0.32 0.72 
-167.75 -3.00 -12.51 1.25 -0.25 0.12 
-233.24 -3.10 -27.80 1.24 -0.13 0.01 
-226.72 -1.68 -9.10 1.12 -0.75 0.00 
-35.66 -1.08 22.91 0.79 -1.11 0.05 
20.75 -0.12 65.42 0.15 -1.14 0.15 
-59.17 1.83 105.23 -0.50 -0.58 0.11 
-28.18 3.20 126.71 -0.75 -0.11 0.09 
37.23 3.05 138.84 -0.88 0.07 0.25 
61.50 2.00 134.13 -0.61 0.03 0.49 
1.54 0.79 122.18 -0.18 0.24 0.46 
-232.23 -1.45 144.45 0.85 0.45 0.65 
-53.46 3.23 115.32 -1.20 -0.53 0.10 
60.40 1.97 89.62 -0.94 -1.28 -0.44 
-29.29 0.78 93.55 -0.21 -1.35 -0.47 
-40.92 0.98 114.16 -0.41 -0.75 -0.56 
-70.31 1.26 127.86 -0.46 -0.49 -0.14 
-51.09 0.59 126.93 -0.18 -0.23 0.45 
15.78 -0.53 113.80 0.12 -0.19 0.99 
5.20 -1.88 81.53 0.76 -0.33 0.71 
-216.96 -3.04 36.10 1.37 -0.12 0.21 
-247.09 -2.35 21.71 1.20 -0.45 0.20 
-156.08 -1.34 35.29 0.95 -0.69 0.44 
-78.06 -0.20 58.64 0.35 -1.06 0.37 
-68.34 0.55 94.56 -0.11 -0.89 0.07 
-40.62 1.92 128.34 -0.57 -0.55 0.02 
8.02 2.74 153.48 -0.82 -0.09 0.33 
115.80 2.16 157.60 -0.67 0.19 0.34 
31.43 1.29 154.55 -0.42 0.80 0.34 
-247.09 -0.95 157.74 0.34 -0.21 0.60 
-129.01 2.67 134.80 -0.55 -0.42 0.30 
1.89 2.03 90.84 -1.00 -1.12 -0.39 
-16.59 0.91 106.49 -0.16 -1.52 -0.53 
-34.16 0.73 119.05 -0.33 -0.80 -0.63 
-76.47 1.29 127.60 -0.60 -0.67 -0.42 
-11.08 1.57 140.24 -0.38 -0.32 0.19 
10.83 0.35 143.19 -0.22 -0.18 0.64 
8.29 -1.11 138.64 0.26 -0.11 0.90 
-206.34 -2.69 123.27 1.08 0.11 0.70 
-247.09 -3.45 101.76 1.41 0.07 -0.14 
-247.09 -2.87 89.83 1.29 -0.09 -0.23 
-113.18 -1.73 111.25 1.17 -0.58 0.27 
-53.76 -0.82 135.60 0.67 -0.85 0.49 
-22.41 0.04 170.08 0.13 -0.67 0.44 
-84.43 1.85 197.81 -0.53 -0.55 0.20 
18.26 2.67 231.00 -0.80 -0.25 0.26 
25.25 2.23 235.82 -0.63 0.36 0.30 
26.07 1.88 225.91 -0.55 0.46 0.29 
-159.97 -0.67 222.18 0.62 -0.30 0.98 
93.43 2.66 205.72 -1.43 -0.88 -0.46 
-22.40 1.14 201.85 -0.39 -1.33 -0.24 
-53.37 1.07 221.51 -0.42 -0.65 -0.71 
-31.54 0.46 239.31 -0.19 -0.33 0.01 
-64.85 -0.63 230.69 0.07 -0.22 0.66 
-37.43 -2.21 192.83 1.02 -0.40 0.85 
-89.55 -3.01 166.01 1.25 -0.12 0.26 
-247.09 -2.82 138.03 1.57 -0.27 -0.13 
-115.17 -1.44 156.54 1.11 -0.80 0.24 
-38.43 -0.44 189.98 0.48 -1.08 0.19 
11.56 0.66 230.91 -0.12 -0.69 0.34 
-38.40 2.92 261.26 -0.79 -0.20 0.27 
-1.95 2.76 278.16 -0.83 -0.06 0.35 
49.03 2.48 278.14 -0.63 0.16 0.29 
18.04 0.96 277.01 -0.24 0.39 0.49 
-123.24 -0.71 280.84 0.25 0.34 0.57 
-175.58 3.10 244.15 -0.87 -0.41 0.24 
107.41 1.78 215.85 -1.26 -1.25 -0.44 
-0.76 1.70 230.58 -0.53 -0.91 -0.38 
-74.04 0.55 241.73 -0.39 -0.59 -0.67 
20.29 -1.37 217.70 0.36 -0.45 0.81 
-122.60 -3.04 179.12 1.29 -0.32 0.54 
-45.98 -2.90 151.16 1.25 -0.12 -0.17 
-247.09 -2.58 150.49 1.18 -0.24 -0.10 
-98.21 -1.62 174.29 1.08 -0.69 0.28 
-36.98 -0.82 216.34 0.65 -1.14 0.25 
-34.76 0.62 263.23 -0.09 -0.73 0.11 
-25.21 2.75 293.40 -0.70 -0.27 0.06 
40.05 2.85 306.02 -0.73 0.02 0.28 
49.69 1.68 307.01 -0.53 0.51 0.29 
-30.06 0.98 312.26 -0.34 0.52 0.50 
-125.27 2.29 301.56 -0.19 0.05 0.22 
80.23 2.40 267.12 -1.35 -0.68 -0.63 
-81.00 0.69 254.44 -0.16 -1.42 0.11 
-46.33 1.24 274.03 -0.45 -0.83 -0.55 
-82.47 1.23 289.39 -0.50 -0.61 -0.45 
-29.51 1.93 301.37 -0.37 -0.22 0.09 
87.25 -0.35 304.76 -0.03 -0.10 0.64 
63.78 -1.04 310.41 0.39 0.44 0.94 
-35.78 -2.18 302.11 0.88 0.49 0.58 
-247.09 -2.92 262.01 1.29 0.46 0.29 
-247.09 -2.01 228.08 1.24 0.04 0.77 
-181.01 -0.05 231.04 0.38 -0.71 0.82 
-67.00 0.46 259.17 -0.05 -0.68 0.58 
-98.80 2.65 295.53 -0.65 -0.36 0.09 
-70.98 2.77 310.78 -0.85 -0.19 0.27 
16.88 2.69 318.41 -0.72 0.13 0.29 
11.69 0.66 314.18 -0.26 0.70 0.43 
-247.09 -1.53 -321.89 0.89 0.44 0.64 
85.56 2.92 -319.13 -0.92 -0.66 -0.37 
85.22 1.88 308.30 -1.06 -0.86 -0.33 
41.65 1.30 313.55 -0.49 -1.19 -0.33 
-34.95 1.11 327.66 -0.46 -0.85 -0.30 
-60.19 1.74 -312.21 -0.62 -0.56 -0.07 
-38.30 2.08 -300.54 -0.45 -0.22 0.19 
-74.86 0.14 -303.56 -0.13 -0.02 0.63 
-10.78 -1.87 -317.58 0.67 -0.17 0.87 
-82.21 -2.59 318.65 1.30 0.34 0.56 
-247.09 -2.95 288.95 1.39 -0.20 -0.28 
-148.95 -1.70 289.85 1.20 -0.49 0.64 
-91.14 -0.84 311.65 0.82 -0.93 0.54 
-57.18 0.39 -309.70 0.02 -0.68 0.46 
-28.82 1.98 -275.15 -0.44 -0.38 0.31 
-43.92 3.28 -255.19 -0.81 -0.07 0.16 
10.28 2.96 -243.87 -0.87 0.05 0.28 
9.87 1.95 -242.06 -0.56 0.14 0.48 
85.97 1.44 -238.65 -0.49 0.60 0.38 
-247.09 -1.22 -242.23 0.57 0.40 0.72 
-103.57 3.38 -267.36 -0.89 -0.40 0.24 
123.72 1.47 -272.18 -0.80 -1.23 -1.09 
-1.99 1.26 -265.26 -0.54 -0.86 -0.60 
-33.95 1.52 -246.21 -0.60 -0.61 -0.37 
-37.08 2.43 -231.66 -0.56 -0.21 0.04 
-51.43 1.01 -232.07 -0.38 -0.14 0.56 
-26.81 -0.69 -237.28 0.09 -0.19 0.86 
-198.92 -2.34 -258.10 0.91 0.00 0.76 
-156.37 -3.31 -280.06 1.14 -0.03 -0.17 
-179.95 -2.88 -285.71 1.27 -0.08 -0.21 
-197.08 -2.47 -280.35 1.29 -0.27 0.21 
-90.14 -0.91 -253.51 0.84 -0.92 0.28 
-54.18 2.44 -175.99 -0.62 -0.47 0.05 
-34.24 3.13 -151.37 -0.89 -0.10 0.15 
-89.59 2.82 -140.03 -0.87 0.03 0.30 
29.69 1.30 -141.38 -0.36 0.32 0.52 
162.17 0.81 -156.99 -0.27 0.52 -0.03 
-237.43 -1.06 -148.51 0.75 0.19 0.96 
-88.63 2.09 -165.09 -0.69 -0.57 0.75 
46.98 2.07 -167.95 -0.67 -0.86 -0.12 
6.72 1.84 -166.28 -0.74 -0.70 -0.54 
-46.49 1.34 -156.76 -0.60 -0.69 -0.39 
24.81 1.40 -134.94 -0.44 -0.48 0.16 
26.87 -0.25 -118.25 -0.07 -0.30 0.85 
-45.28 -1.91 -111.53 0.51 0.23 0.71 
-95.24 -3.05 -127.44 0.99 -0.16 0.22 
-192.68 -3.04 -151.89 1.46 -0.18 -0.18 
-247.09 -2.78 -158.21 1.28 -0.17 -0.07 
-247.09 -1.70 -145.46 1.14 -0.66 0.15 
-50.47 -0.71 -116.39 0.68 -1.07 0.44 
-5.13 1.15 -68.32 -0.20 -0.51 0.12 
-19.51 2.18 -38.70 -0.64 -0.32 0.40 
-23.94 2.40 -22.15 -0.78 -0.14 0.45 
61.98 1.98 -18.67 -0.53 0.24 0.37 
-136.85 -0.02 -11.78 0.04 0.57 0.54 
-204.48 0.64 -22.16 0.06 -0.03 0.68 
66.30 2.16 -44.43 -1.54 -1.59 -1.41 
32.12 1.38 -33.90 -0.63 -1.30 -0.30 
-1.62 1.73 -10.85 -0.51 -0.43 -0.59 
-48.73 2.22 0.42 -0.67 -0.28 -0.38 
-81.92 2.59 1.39 -0.81 -0.24 -0.22 
-66.78 1.70 11.15 -0.37 -0.13 0.20 
-42.95 -0.76 13.58 0.19 0.03 0.97 
-234.58 -2.80 -1.43 0.98 -0.03 0.54 
-241.20 -3.33 -32.84 1.48 -0.10 -0.11 
-247.09 -2.71 -48.95 1.29 -0.11 -0.22 
-103.84 -1.56 -32.73 1.06 -0.32 0.59 
-58.75 -0.48 -5.07 0.54 -1.12 0.49 
-58.92 0.49 32.80 -0.01 -0.72 0.27 
-69.73 2.91 64.65 -0.72 -0.23 0.15 
-100.19 2.90 82.62 -0.84 0.00 0.24 
-6.49 2.68 87.24 -0.75 0.19 0.33 
41.40 1.90 86.97 -0.57 0.28 0.43 
121.10 1.57 83.15 -0.37 0.26 0.38 
173.08 1.04 110.23 -0.23 -0.05 0.34 
-146.92 1.27 96.19 -0.12 -0.01 0.75 
3.36 2.24 56.55 -1.07 -1.45 -0.69 
-22.35 1.07 57.93 -0.42 -1.36 -0.25 
-40.89 2.08 65.99 -0.88 -0.58 -0.55 
-51.74 1.31 86.61 -0.50 -0.57 -0.31 
-16.25 0.27 111.50 -0.13 -0.32 0.17 
-25.11 -1.51 134.95 0.40 0.37 0.79 
-247.09 -3.11 122.49 1.22 0.43 0.38 
-247.09 -2.20 113.57 1.39 -0.22 -0.65 
-247.09 -2.19 127.93 1.37 -0.42 -0.35 
-95.90 -1.43 149.00 0.99 -0.78 0.02 
-5.95 -0.15 188.51 0.25 -0.94 0.22 
-14.80 1.17 222.32 -0.35 -0.79 0.09 
-48.75 2.97 259.48 -0.81 -0.31 0.11 
1.57 2.87 280.63 -0.77 0.10 0.29 
7.64 2.19 283.01 -0.62 0.21 0.38 
-3.03 2.04 284.23 -0.54 0.28 0.38 
-105.22 0.68 287.75 -0.20 0.94 0.55 
-153.38 -1.82 311.46 0.95 0.48 0.44 
25.45 2.71 274.52 -1.44 -0.87 -0.34 
34.56 1.55 257.70 -0.55 -0.96 0.04 
-30.84 1.33 266.19 -0.52 -0.90 -0.42 
-55.22 1.64 284.51 -0.69 -0.65 -0.27 
-16.36 2.04 304.03 -0.56 -0.37 0.12 
-8.14 0.29 308.38 -0.19 0.03 0.61 
-67.75 -1.98 310.28 0.35 -0.09 0.59 
-227.77 -3.73 274.88 1.74 -0.11 0.23 
-247.09 -2.36 263.58 1.21 0.06 -0.52 
-247.09 -2.50 260.79 1.35 -0.35 -0.18 
-136.55 -1.53 273.94 0.98 -0.67 0.09 
-39.59 -0.85 298.60 0.69 -0.91 0.40 
-25.65 -0.04 -323.24 0.16 -0.82 0.31 
-29.82 2.16 -286.50 -0.65 -0.55 0.12 
-61.97 2.61 -258.52 -0.90 -0.30 0.31 
8.95 2.66 -242.82 -0.78 0.11 0.34 
6.29 1.66 -250.18 -0.56 0.11 0.57 
157.19 1.25 -260.30 -0.38 0.21 0.50 
-141.47 -0.41 -240.89 0.09 0.21 0.57 
-150.10 3.09 -265.05 -0.55 -0.35 0.17 
41.44 2.45 -296.82 -1.07 -0.69 -0.01 
25.78 1.28 -303.87 -0.47 -1.15 0.01 
-16.79 1.56 -285.15 -0.59 -0.86 -0.24 
-36.05 2.08 -267.60 -0.70 -0.56 -0.02 
-70.38 2.30 -252.76 -0.64 -0.34 0.01 
-44.98 0.55 -248.54 -0.28 -0.13 0.69 
28.84 -0.34 -245.62 0.07 -0.20 0.80 
-61.08 -1.67 -254.39 0.64 0.01 0.84 
11.92 -2.99 -275.24 0.98 -0.04 0.26 
-245.88 -3.28 -296.12 1.33 -0.14 -0.04 
-201.35 -3.15 -301.80 1.15 -0.09 0.00 
-180.56 -2.22 -297.88 1.09 -0.50 0.10 
-69.85 -1.42 -284.24 0.89 -0.77 0.29 
4.33 -0.90 -251.90 0.65 -0.93 0.33 
15.11 0.21 -217.23 0.01 -0.85 0.28 
-34.44 1.76 -180.24 -0.55 -0.42 0.42 
-82.74 2.21 -154.88 -0.68 -0.21 0.46 
41.09 2.67 -143.34 -0.77 0.02 0.40 
58.47 2.10 -145.43 -0.68 0.04 0.51 
27.41 0.73 -156.05 -0.20 0.35 0.62 
-104.60 0.72 -158.64 -0.16 0.58 0.50 
-35.69 2.17 -161.13 -0.38 0.02 0.47 
51.33 2.47 -198.71 -1.43 -1.04 -0.28 
30.31 1.33 -199.50 -0.51 -1.12 -0.05 
-6.82 1.68 -182.23 -0.62 -0.82 -0.31 
-56.91 1.96 -165.52 -0.71 -0.60 -0.05 
-109.25 1.79 -149.89 -0.55 -0.39 0.09 
-64.25 0.46 -145.37 -0.17 -0.16 0.52 
-22.26 -1.60 -157.58 0.45 -0.33 0.70 
-247.09 -3.50 -178.41 1.27 0.26 0.25 
-118.41 -2.61 -218.08 1.47 -0.05 -0.44 
-247.09 -2.76 -212.09 1.26 -0.18 -0.26 
-108.43 -1.61 -191.94 1.14 -0.74 -0.03 
1.87 -0.60 -142.52 0.44 -0.78 0.23 
-54.27 1.45 -105.84 -0.44 -0.69 0.18 
-55.18 2.10 -72.41 -0.67 -0.38 0.33 
58.33 2.32 -51.74 -0.81 -0.21 0.51 
63.82 1.53 -56.48 -0.39 0.30 0.42 
145.59 0.51 -61.80 -0.18 0.44 0.40 
-190.16 -0.08 -52.42 0.16 0.61 0.59 
-108.92 2.99 -95.79 -1.11 -1.03 -0.28 
52.33 1.97 -101.67 -0.93 -0.83 -0.45 
28.10 1.76 -87.83 -0.66 -0.89 -0.20 
-28.73 2.14 -77.84 -0.70 -0.52 -0.09 
-51.17 2.48 -59.02 -0.80 -0.41 0.08 
-117.34 2.32 -42.39 -0.33 -0.16 0.02 
-90.46 -0.62 -38.53 0.08 -0.07 0.95 
-247.09 -2.93 -66.07 1.71 -0.62 -0.19 
-247.09 -2.80 -70.10 1.82 -0.73 -0.25 
-247.09 -2.65 -89.39 1.41 -0.08 -0.48 
-247.09 -2.73 -89.78 1.28 -0.06 -0.38 
-247.09 -2.70 -89.82 1.37 -0.18 -0.21 
-236.14 -2.08 -73.66 1.39 -0.55 0.06 
-74.95 -1.03 -51.74 0.76 -0.95 0.12 
-28.84 -0.91 -34.92 0.55 -0.87 0.12 
-5.54 1.36 16.69 -0.34 -0.62 0.09 
-43.39 2.71 51.52 -0.83 -0.33 0.20 
63.07 1.19 81.13 -0.39 0.48 0.56 
68.16 2.69 75.01 -0.50 0.26 0.04 
-222.71 -0.56 80.97 0.19 0.69 0.47 
-121.24 2.89 58.90 -0.73 -0.47 0.39 
165.49 2.11 43.73 -1.12 -1.06 -0.47 
27.02 1.75 57.66 -0.66 -1.11 -0.27 
-55.21 1.68 76.20 -0.58 -0.51 -0.56 
-87.49 2.30 87.49 -0.75 -0.32 -0.35 
-26.34 2.76 110.16 -0.55 -0.10 0.02 
-20.53 0.23 126.71 -0.14 0.05 0.50 
5.87 -1.57 136.90 0.53 0.55 0.79 
-142.85 -2.51 129.15 1.05 0.38 0.50 
-247.09 -3.43 102.94 1.49 0.19 -0.06 
-247.09 -2.85 78.53 1.40 0.04 0.26 
-214.25 -1.43 81.31 1.20 -0.62 0.52 
-15.30 -0.60 122.04 0.52 -0.76 0.62 
-30.75 0.92 160.40 -0.20 -0.47 0.40 
-27.55 2.66 193.45 -0.61 0.03 0.32 
26.30 1.99 204.09 -0.71 0.29 0.54 
45.52 0.72 200.24 -0.27 0.63 0.50 
-110.13 0.18 210.47 -0.01 0.21 0.52 
-102.24 2.27 190.09 -0.31 -0.17 0.41 
74.15 1.94 166.72 -1.44 -1.35 -0.80 
-13.14 1.43 171.00 -0.55 -1.30 -0.12 
-74.11 1.29 192.15 -0.54 -0.67 -0.62 
-71.44 1.70 211.62 -0.49 -0.36 0.05 
-72.08 0.47 217.36 -0.26 0.04 0.68 
35.30 -0.52 212.32 0.09 -0.10 0.88 
-4.99 -1.54 207.47 0.59 -0.01 0.88 
-98.58 -2.43 195.87 0.85 0.02 0.50 
-243.27 -3.53 178.08 1.27 0.13 0.02 
-247.09 -3.24 167.65 1.20 -0.02 -0.07 
-188.72 -2.38 170.72 1.19 -0.32 0.26 
-50.11 -1.52 190.11 0.94 -0.59 0.46 
-27.12 -0.60 224.24 0.45 -0.79 0.53 
0.37 1.58 267.99 -0.36 -0.47 0.34 
39.14 2.51 297.17 -0.61 -0.17 0.37 
-8.85 2.51 314.20 -0.73 0.12 0.43 
20.66 2.29 319.22 -0.74 0.25 0.48 
36.96 1.60 312.80 -0.50 0.46 0.43 
63.07 1.15 306.90 -0.32 0.48 0.41 
-40.50 2.41 268.47 -0.79 -0.51 -0.13 
-44.08 2.30 272.04 -0.80 -0.56 -0.04 
-71.44 1.83 280.45 -0.69 -0.57 -0.12 
-34.52 2.03 292.29 -0.59 -0.30 0.18 
-83.42 -0.06 295.10 -0.11 -0.21 0.56 
71.51 -1.93 279.82 0.72 -0.48 0.66 
-220.40 -2.46 264.39 1.11 -0.51 0.16 
-247.09 -2.74 251.20 1.22 -0.29 -0.33 
-247.09 -2.69 251.29 1.20 -0.08 -0.37 
-197.25 -1.86 271.46 1.12 -0.64 -0.29 
-32.85 -1.55 308.22 1.09 -1.00 -0.13 
55.26 -0.30 -299.87 0.25 -1.04 0.09 
-43.82 1.46 -260.59 -0.51 -0.59 0.22 
61.36 2.35 -235.96 -0.60 -0.21 0.31 
46.78 1.96 -225.94 -0.64 -0.08 0.58 
31.02 1.57 -228.38 -0.51 -0.03 0.63 
-61.37 0.34 -235.93 -0.09 0.24 0.68 
-15.97 0.90 -237.44 -0.21 0.41 0.55 
-71.41 -0.17 -225.95 0.18 -0.24 0.59 
-23.98 2.49 -270.21 -1.09 -0.96 -0.06 
-129.41 1.52 -280.21 -0.61 -1.42 -0.33 
-76.24 1.13 -256.69 -0.46 -0.84 -0.72 
91.07 1.34 -230.33 -0.43 -0.53 -0.30 
-62.35 2.29 -215.35 -0.50 -0.05 0.21 
-42.50 -0.68 -205.08 0.03 0.10 0.51 
-96.27 -2.03 -207.87 0.83 0.18 0.98 
-141.24 -2.81 -239.40 1.15 -0.27 0.32 
-247.09 -2.84 -250.90 1.57 -0.24 0.30 
-60.92 -1.55 -235.02 1.26 -0.65 0.39 
-64.32 -0.27 -204.91 0.38 -0.86 0.34 
-19.21 2.19 -163.04 -0.42 -0.36 0.19 
-42.62 2.68 -126.27 -0.82 -0.06 0.34 
4.86 1.97 -113.64 -0.65 0.13 0.62 
22.53 1.41 -116.34 -0.45 0.28 0.57 
129.31 0.54 -122.10 -0.15 0.47 0.53 
-199.69 -1.41 -114.52 0.71 0.44 0.52 
-98.87 2.87 -153.55 -1.25 -0.89 -0.59 
175.07 0.72 -164.23 -0.39 -1.10 -0.34 
-61.44 1.24 -139.78 -0.47 -0.66 -0.77 
14.33 1.44 -116.58 -0.34 -0.28 -0.18 
-44.54 -1.60 -92.78 0.20 0.10 0.40 
-172.72 -2.28 -90.49 0.93 0.49 0.83 
-247.09 -3.57 -117.55 1.62 0.00 -0.09 
-247.09 -2.98 -135.63 1.55 -0.17 -0.12 
-174.66 -1.31 -104.66 1.39 -0.91 0.35 
-36.86 0.03 -68.24 0.20 -0.87 0.36 
-57.72 3.95 -24.60 -0.73 0.05 -0.01 
-53.67 3.43 -4.41 -1.03 0.20 0.02 
62.46 2.10 3.04 -0.65 0.48 0.09 
-26.84 1.23 -25.62 -0.47 -0.55 -0.46 
-42.67 2.07 0.02 -0.47 -0.18 0.13 
-40.05 -0.23 32.38 -0.03 0.44 0.64 
29.83 -1.82 32.68 0.63 0.41 0.85 
-117.21 -3.03 16.66 1.20 0.48 0.31 
-247.09 -3.05 8.08 1.33 -0.04 -0.28 
-185.58 -2.04 17.03 1.35 -0.37 0.40 
-60.08 -0.55 44.23 0.67 -0.96 0.54 
-70.62 0.87 74.19 -0.16 -0.75 0.17 
-85.89 2.16 104.37 -0.62 -0.52 0.10 
-53.31 3.29 123.79 -0.85 -0.17 -0.06 
-39.08 3.26 139.02 -0.94 0.11 0.06 
7.73 1.88 145.42 -0.62 0.25 0.48 
58.75 0.86 146.27 -0.26 0.55 0.41 
-100.68 -1.80 160.18 0.28 0.14 0.36 
-247.09 2.79 131.09 -1.02 -0.08 0.89 
-49.97 0.95 91.85 -0.12 -1.21 -0.04 
-23.70 1.07 107.31 -0.25 -1.05 -0.50 
-30.89 0.88 135.36 -0.39 -0.61 -0.54 
-72.89 2.56 149.87 -0.73 -0.27 -0.10 
-33.37 1.93 169.61 -0.38 -0.20 0.10 
-53.25 -0.08 180.49 -0.07 0.14 0.83 
-39.63 -2.42 176.44 0.65 0.19 0.53 
-166.34 -3.92 149.62 1.44 0.06 -0.01 
-247.09 -2.89 144.10 1.21 -0.09 -0.35 
-247.09 -2.96 140.13 1.20 -0.16 -0.01 
-128.82 -1.84 151.02 1.04 -0.56 0.26 
-61.88 -0.50 213.45 0.33 -0.89 0.27 
32.79 0.82 253.92 -0.19 -0.69 0.15 
-16.19 2.89 289.99 -0.76 -0.08 0.29 
-75.34 2.33 300.94 -0.75 0.01 0.43 
52.07 1.42 301.03 -0.37 0.18 0.54 
30.96 0.38 292.74 -0.08 0.28 0.46 
-165.02 -1.26 309.91 0.64 0.46 0.79 
-52.23 3.55 277.89 -1.30 -0.40 0.41 
85.22 1.96 257.18 -0.69 -1.03 -0.14 
-53.77 0.96 274.61 -0.39 -0.97 -0.65 
-28.92 1.95 303.68 -0.64 -0.44 -0.24 
-34.04 1.43 -318.49 -0.48 -0.20 0.49 
-72.97 -0.41 -302.55 0.02 0.30 0.62 
-208.40 -2.42 -308.82 0.64 -0.05 0.54 
-223.98 -3.12 -325.36 1.42 -0.17 -0.30 
-156.80 -2.27 320.33 1.25 0.03 -0.56 
-247.09 -2.44 325.59 1.25 -0.22 -0.35 
-189.18 -1.94 -290.92 0.91 -0.51 -0.10 
75.86 -1.16 -253.32 0.81 -1.06 -0.02 
15.53 0.55 -217.17 -0.09 -0.74 0.31 
4.27 2.24 -177.94 -0.57 -0.26 0.32 
41.60 2.05 -155.83 -0.66 -0.12 0.60 
-5.47 1.98 -148.27 -0.66 0.27 0.53 
88.19 -0.10 -159.55 0.04 0.51 0.51 
90.58 2.20 -249.29 -1.29 -1.01 -0.49 
-22.56 2.34 -189.90 -0.66 -0.47 -0.01 
-60.87 2.09 -175.00 -0.73 -0.54 0.01 
-52.88 2.13 -154.76 -0.62 -0.15 0.30 
-35.95 0.12 -142.95 -0.14 -0.16 0.73 
-164.01 -1.97 -146.60 0.47 -0.06 0.62 
-158.30 -2.71 -171.06 1.10 -0.52 -0.04 
-236.32 -2.25 -186.56 1.43 -0.17 -0.64 
-247.09 -2.21 -170.33 1.25 -0.28 -0.45 
-110.66 -1.59 -153.14 0.90 -0.61 -0.12 
-18.90 -1.30 -129.73 0.76 -0.86 0.07 
67.02 -0.74 -99.13 0.50 -1.04 0.01 
20.91 0.84 -61.84 -0.20 -0.72 0.26 
35.34 2.27 -17.75 -0.62 -0.22 0.33 
0.84 1.48 4.75 -0.55 -0.01 0.83 
88.00 1.82 11.57 -0.50 0.29 0.50 
144.79 1.48 4.77 -0.40 0.47 0.31 
-247.09 0.68 13.11 0.00 0.20 -0.32 
-160.94 2.10 -29.73 -0.64 -0.72 0.73 
171.72 0.41 -68.59 -0.05 -1.33 0.33 
12.17 1.62 -40.91 -0.42 -0.93 -0.24 
-95.02 1.09 -11.40 -0.45 -0.67 -0.43 
-54.18 2.23 13.54 -0.42 -0.13 0.11 
-3.47 -0.93 30.64 0.20 0.21 0.68 
-98.18 -2.19 19.64 0.88 0.41 0.75 
-154.80 -3.66 -19.28 1.49 -0.09 0.08 
-247.09 -2.86 -30.05 1.43 -0.31 -0.17 
-130.19 -1.21 0.61 1.28 -0.99 0.09 
-104.83 0.11 32.87 0.17 -0.77 0.46 
-73.67 2.07 66.89 -0.57 -0.46 0.24 
-92.11 2.56 91.91 -1.00 -0.41 0.41 
91.23 2.89 105.55 -0.69 -0.15 0.24 
106.98 0.52 122.24 -0.10 0.31 0.04 
-170.10 -1.09 121.65 0.47 0.74 0.52 
-217.41 2.12 84.05 -0.64 -0.69 0.58 
-52.84 0.89 62.48 -0.12 -1.65 -0.09 
99.00 1.43 109.29 -0.39 -0.82 -0.39 
-69.79 2.21 110.36 -0.78 -0.25 -0.53 
-98.79 1.49 130.56 -0.57 -0.51 -0.24 
-88.94 -0.90 153.51 0.11 -0.35 0.61 
-140.88 -2.48 152.95 0.52 0.20 0.41 
-120.66 -2.22 169.14 1.13 -0.19 -0.52 
-247.09 -2.00 162.81 1.31 0.00 -0.74 
-227.11 -2.24 172.44 1.29 -0.50 -0.04 
-56.70 -1.58 203.75 1.54 -1.17 0.00 
0.75 -0.49 253.45 0.27 -0.39 0.28 
-59.86 2.71 295.71 -0.69 -0.21 0.34 
-36.15 2.35 315.38 -0.89 -0.13 0.54 
59.01 1.69 319.12 -0.35 0.40 0.32 
80.98 1.06 -324.54 -0.30 0.86 0.20 
-233.85 -0.81 -324.05 0.44 0.58 0.43 
-196.90 2.22 280.70 -0.50 -0.73 -0.12 
-48.92 0.67 273.79 0.20 -1.99 -0.67 
32.25 0.72 303.03 -0.10 -1.02 -0.44 
-26.75 0.71 -322.52 -0.24 -0.86 -0.36 
-58.36 1.57 -305.97 -0.50 -0.51 -0.19 
-35.49 1.87 -287.54 -0.41 -0.21 0.05 
-109.79 -1.09 -288.74 0.16 -0.32 0.57 
-87.79 -3.45 -311.25 1.20 0.02 0.36 
-196.58 -2.04 -324.70 1.51 0.02 -0.81 
-215.97 -2.00 323.83 1.41 -0.53 0.03 
-153.81 -0.88 -313.75 0.84 -0.78 0.36 
-75.14 0.82 -277.54 -0.12 -0.75 0.21 
-79.65 1.48 -251.65 -0.48 -0.73 0.15 
-51.06 2.85 -230.08 -0.85 -0.32 0.06 
-18.74 2.78 -219.79 -0.73 -0.20 0.23 
70.99 2.19 -211.37 -0.53 0.16 0.37 
-24.24 1.35 -208.15 -0.41 0.66 0.11 
-146.21 0.90 -206.73 -0.26 0.58 0.59 
-232.29 0.36 -257.09 0.02 -0.65 0.09 
-32.79 0.41 -273.78 0.07 -1.69 0.22 
51.23 -0.83 -196.29 0.13 -0.36 0.70 
-155.15 -1.69 -181.64 0.65 0.73 0.92 
-214.15 -3.40 -212.79 1.55 -0.17 0.09 
-247.09 -2.89 -225.82 1.23 -0.07 -0.22 
-11.29 2.49 -102.82 -0.59 -0.34 0.25 
-38.65 2.82 -89.45 -0.87 -0.21 0.28 
13.62 2.70 -77.31 -0.87 -0.07 0.41 
27.29 1.82 -74.80 -0.54 0.20 0.53 
191.78 0.22 -66.39 0.01 0.42 0.29 
-192.69 0.35 -74.14 -0.05 0.37 0.55 
16.65 2.19 -122.07 -0.89 -0.50 0.59 
100.94 0.90 -139.66 -0.30 -1.42 0.10 
-21.96 1.20 -113.96 -0.40 -1.12 0.02 
-9.10 -0.80 -73.87 0.14 0.06 0.88 
26.19 -0.38 -76.94 0.00 0.28 1.07 
-34.85 -2.30 -91.06 0.70 0.04 0.48 
-192.79 -3.35 -117.38 1.22 0.10 0.30 
-247.09 -3.01 -130.23 1.22 0.21 -0.14 
-240.02 -2.27 -139.32 1.45 -0.11 0.56 
-89.34 -1.69 -118.18 1.03 -0.27 0.65 
-112.18 -0.69 -81.68 0.38 -0.61 0.26 
-99.36 1.25 -49.34 -0.42 -0.72 0.25 
-103.07 2.30 -28.79 -0.81 -0.52 0.27 
-34.16 2.82 -16.14 -0.79 -0.33 0.19 
13.27 2.57 -2.39 -0.54 0.29 0.03 
14.96 0.34 -7.99 -0.17 0.69 0.43 
-167.19 2.47 -12.48 -0.77 -0.31 0.67 
165.33 1.64 -34.81 -0.77 -1.27 0.09 
-2.91 1.67 -37.96 -0.57 -0.91 -0.13 
-12.94 1.13 -20.21 -0.44 -0.90 -0.12 
-70.94 2.15 8.37 -0.59 -0.37 -0.23 
-45.95 2.56 29.28 -0.36 -0.05 0.13 
-47.40 -0.54 34.81 0.02 0.28 0.75 
-94.33 -2.20 21.55 0.87 0.11 0.82 
-67.52 -2.85 6.88 1.09 -0.23 0.22 
-247.09 -3.40 -8.75 1.40 -0.13 -0.04 
-236.89 -2.74 -14.98 1.28 -0.24 0.14 
-63.58 -1.27 8.21 0.94 -0.82 0.23 
-63.62 -0.25 41.86 0.22 -0.69 0.25 
-12.12 0.91 73.58 -0.27 -0.79 0.30 
-50.08 2.48 103.99 -0.76 -0.44 0.20 
-29.71 2.84 124.39 -0.85 -0.21 0.24 
-10.30 2.37 132.23 -0.77 -0.07 0.45 
221.03 0.33 134.65 -0.17 0.53 0.52 
-39.18 1.29 138.25 -0.31 0.27 0.47 
-97.79 1.52 135.07 -0.42 0.31 0.65 
-156.43 1.75 84.96 -0.35 -0.82 -0.02 
69.16 -0.07 65.38 0.08 -1.43 -0.03 
-9.94 1.68 90.66 -0.57 -0.85 -0.20 
-44.27 1.43 117.21 -0.57 -0.65 -0.35 
-51.50 1.40 119.44 -0.57 -0.61 -0.37 
-179.71 -2.06 99.83 1.19 -0.57 0.16 
-80.51 1.55 211.57 -0.42 -0.52 0.39 
-54.65 2.20 232.99 -0.65 -0.37 0.32 
-0.25 2.51 246.62 -0.76 -0.11 0.43 
-5.79 2.33 254.17 -0.70 -0.05 0.45 
19.79 1.99 255.55 -0.64 0.04 0.62 
39.89 2.33 253.00 -0.63 0.17 0.43 
-149.15 0.10 258.03 -0.02 0.53 0.40 
-214.29 1.64 230.90 -0.49 0.03 0.81 
-23.97 -1.84 238.92 0.56 0.19 0.72 
-172.34 -3.14 231.01 1.12 -0.21 0.27 
-221.93 -3.06 223.71 1.25 -0.26 -0.15 
-212.62 -2.73 223.60 1.10 0.12 -0.31 
-247.09 -3.02 222.59 1.17 -0.06 -0.15 
-127.63 -2.54 233.69 1.19 -0.31 -0.02 
72.73 -1.60 265.07 1.09 -0.62 0.36 
-10.68 -0.34 295.78 0.30 -0.76 0.39 
-29.86 0.64 -325.94 -0.16 -0.61 0.57 
-17.86 1.92 -300.42 -0.58 -0.45 0.41 
-10.61 2.27 -283.13 -0.77 -0.36 0.44 
16.69 2.21 -274.02 -0.64 0.06 0.49 
36.62 2.38 -270.45 -0.74 0.22 0.47 
73.78 2.67 -267.58 -0.58 0.30 0.03 
-184.14 -0.84 -258.73 0.26 0.73 0.58 
-247.09 2.75 -309.08 -0.76 -0.55 0.24 
100.62 0.79 320.34 -0.33 -1.50 0.21 
-9.69 1.42 -318.54 -0.52 -1.18 -0.04 
-43.17 1.92 -302.70 -0.56 -0.63 -0.21 
5.66 -0.54 -227.76 0.00 0.32 0.85 
-90.37 -1.27 -234.79 0.36 0.15 0.85 
-247.09 -1.20 -250.09 1.02 -1.07 -0.10 
-205.62 -3.14 -275.36 1.46 -0.21 -0.06 
-247.09 -2.98 -277.92 1.32 -0.14 -0.01 
-57.57 -1.78 -262.70 1.19 -0.52 0.32 
28.91 -0.82 -231.32 0.56 -0.66 0.40 
-44.14 0.89 -195.87 -0.23 -0.70 0.40 
-31.50 1.92 -164.37 -0.56 -0.26 0.53 
11.91 1.27 -147.37 -0.43 -0.22 0.69 
81.14 2.14 -143.02 -0.58 0.18 0.50 
129.65 1.69 -145.45 -0.38 0.36 0.33 
-67.22 2.35 -143.56 -0.63 0.35 0.16 
-230.85 1.84 -145.22 -0.35 0.21 0.51 
1.60 2.08 -167.40 -1.09 -1.52 -0.38 
21.14 1.44 -125.97 -0.58 -0.42 -0.11 
-3.63 0.64 -99.95 -0.17 -0.33 0.21 
-120.72 -2.18 -79.63 0.76 0.45 0.71 
-5.63 -2.27 -94.28 0.98 -0.51 -0.29 
-247.09 -2.40 -83.71 1.16 -0.02 -0.57 
-224.59 -2.41 -79.82 1.19 0.01 -0.41 
-162.40 -2.07 -69.10 1.30 -0.47 0.04 
19.94 -1.28 -45.36 0.69 -0.65 0.34 
6.72 -0.50 -10.04 0.41 -0.84 0.56 
-47.75 0.63 22.10 -0.16 -0.63 0.52 
-63.11 1.31 50.08 -0.48 -0.35 0.65 
31.51 2.22 66.44 -0.60 -0.17 0.46 
65.78 2.55 77.46 -0.77 0.24 0.41 
19.04 1.60 76.03 -0.40 0.54 0.19 
-145.62 1.58 62.78 -0.66 0.64 0.24 
-147.61 2.16 28.16 -0.40 -0.23 0.43 
124.82 1.71 17.21 -1.39 -1.56 -1.25 
-4.28 2.01 22.80 -0.73 -1.04 -0.03 
-184.18 0.96 33.23 -0.46 -0.89 -0.66 
-93.30 1.73 50.56 -0.63 -0.42 0.00 
-39.51 0.79 62.30 -0.23 -0.02 0.37 
-70.75 -1.22 64.92 0.48 -0.09 0.98 
-71.21 -1.84 43.17 1.00 0.34 1.05 
-78.17 -3.60 19.11 1.13 0.00 0.09 
-242.53 -3.09 9.81 1.18 0.12 -0.14 
-238.15 -2.93 2.01 1.31 -0.19 0.04 
-127.69 -2.05 8.16 1.17 -0.31 0.34 
-32.51 -0.78 31.83 0.57 -0.58 0.56 
-103.47 0.54 58.38 -0.07 -0.70 0.36 
-79.98 1.28 87.17 -0.46 -0.72 0.39 
-54.12 2.39 111.98 -0.70 -0.38 0.30 
-6.82 3.17 129.79 -0.95 -0.11 0.25 
-21.24 1.41 76.25 -0.43 -1.09 -0.25 
-49.11 1.25 91.39 -0.51 -0.84 -0.57 
-46.42 1.54 107.82 -0.60 -0.53 -0.31 
-43.34 0.58 120.50 -0.24 -0.39 0.26 
-247.09 -1.90 123.97 0.50 -0.39 0.45 
-115.53 -3.32 91.50 1.32 -0.34 -0.17 
-144.07 -1.90 80.06 1.10 -0.15 -0.75 
-247.09 -2.24 88.69 1.12 0.19 -0.52 
-171.78 -2.30 94.91 1.11 -0.40 -0.06 
-65.39 -1.61 111.58 1.09 -0.79 0.20 
-27.25 -0.51 151.37 0.46 -0.87 0.43 
-62.22 0.44 186.20 -0.08 -0.72 0.33 
-47.53 2.29 215.27 -0.63 -0.41 0.28 
-13.79 2.66 237.34 -0.84 -0.27 0.27 
142.11 1.94 252.97 -0.47 0.45 0.23 
-178.56 0.24 250.46 -0.05 0.78 0.19 
-246.89 3.42 196.97 -1.13 -0.44 0.10 
172.40 2.07 180.55 -0.72 -0.80 -0.04 
-39.34 1.50 195.36 -0.61 -1.07 -0.39 
-12.58 1.77 209.21 -0.58 -0.64 -0.14 
-68.56 2.14 216.91 -0.72 -0.53 -0.23 
-52.94 0.43 247.37 -0.24 -0.50 -0.17 
-66.31 0.03 261.86 -0.16 0.01 0.85 
-73.37 -2.19 264.33 0.78 0.05 0.80 
-200.49 -2.80 238.56 1.25 -0.45 0.18 
-247.09 -2.81 222.00 1.33 -0.17 -0.35 
-219.48 -2.71 220.23 1.24 -0.17 -0.23 
-164.17 -2.34 227.39 1.20 -0.36 0.08 
-7.26 -1.14 241.88 0.99 -0.87 0.48 
-67.15 -0.24 277.06 0.25 -0.72 0.52 
-57.70 0.83 309.69 -0.21 -0.61 0.46 
-17.13 1.99 -320.69 -0.50 -0.27 0.42 
-29.21 2.83 -306.54 -0.77 -0.05 0.31 
34.59 3.23 -303.38 -0.78 0.07 0.18 
16.07 0.70 -306.97 -0.21 0.54 0.27 
-246.71 -0.13 -301.94 0.14 0.59 0.74 
-79.82 1.48 303.06 -0.57 -1.09 0.01 
-115.20 -0.18 287.26 0.54 -1.70 -0.23 
-23.95 0.20 323.25 0.12 -1.20 -0.24 
-15.40 1.11 -291.20 -0.32 -0.63 -0.54 
-81.22 1.82 -280.65 -0.59 -0.37 -0.34 
-23.26 1.70 -267.51 -0.63 -0.40 0.14 
-25.88 -1.03 -271.88 0.16 0.06 0.81 
-101.03 -1.76 -289.74 0.51 0.04 0.77 
-104.18 -3.71 -321.25 1.35 0.00 0.00 
-247.09 -2.45 -326.31 1.37 -0.34 0.17 
-181.09 -1.36 -315.36 1.14 -0.81 0.29 
-28.18 -0.27 -286.11 0.29 -0.92 0.29 
-45.11 0.64 -254.72 -0.17 -0.81 0.35 
-62.79 1.45 -225.19 -0.51 -0.68 0.41 
-38.40 2.64 -203.54 -0.68 -0.28 0.25 
-7.28 2.91 -194.31 -0.76 0.03 0.28 
18.83 3.30 -189.96 -1.00 0.01 0.18 
169.64 2.35 -179.04 -0.56 0.14 0.14 
-92.43 -0.91 -170.01 0.23 0.42 0.42 
-247.09 0.35 -200.13 -0.06 -0.37 1.22 
-11.65 0.22 -212.28 0.45 -1.50 0.06 
-34.41 1.07 -185.05 -0.24 -0.97 -0.53 
-55.80 0.85 -166.33 -0.37 -0.60 -0.50 
-48.82 1.48 -150.29 -0.57 -0.44 0.14 
-56.59 1.36 -143.43 -0.42 -0.23 0.45 
-10.05 -0.24 -145.70 -0.02 -0.04 0.70 
-61.47 -1.59 -170.30 0.74 -0.39 0.93 
-44.27 -2.46 -193.56 0.96 -0.28 0.47 
-164.72 -2.91 -213.55 1.16 -0.25 0.17 
-231.63 -2.60 -216.39 1.22 -0.25 0.17 
-108.25 -1.15 -208.31 0.84 -0.67 0.42 
-54.98 -0.53 -185.66 0.47 -0.89 0.40 
-64.69 1.02 -157.63 -0.29 -0.78 0.40 
-46.65 1.72 -127.04 -0.47 -0.60 0.18 
-21.92 3.13 -107.40 -0.83 -0.15 0.21 
-15.09 2.92 -101.34 -0.79 -0.10 0.27 
-47.10 1.17 -81.82 -0.53 -0.77 -0.41 
-22.85 1.43 -64.36 -0.49 -0.48 -0.13 
-25.76 0.29 -41.19 -0.23 -0.29 0.57 
-74.43 -1.54 -26.88 0.38 0.24 0.70 
-66.24 -2.79 -48.41 1.43 -0.63 0.17 
-247.09 -2.57 -52.88 1.21 -0.01 -0.59 
-247.09 -2.16 -49.53 1.15 -0.02 -0.62 
-181.95 -2.45 -38.99 1.17 -0.34 -0.19 
-86.06 -2.29 -32.70 1.17 -0.36 0.22 
-11.56 -1.07 -7.19 0.83 -0.77 0.60 
-70.63 -0.22 23.74 0.23 -0.82 0.40 
-14.11 0.97 65.08 -0.22 -0.54 0.38 
-36.69 1.76 89.57 -0.46 -0.38 0.43 
-37.86 2.70 106.40 -0.82 -0.22 0.34 
-23.39 2.55 113.78 -0.72 -0.16 0.35 
128.98 1.50 150.01 -0.31 0.33 -0.37 
-186.95 -0.18 146.03 0.02 0.44 0.28 
-195.33 1.16 121.69 -0.41 0.00 0.94 
9.04 0.77 94.05 0.00 -1.61 0.47 
12.63 1.17 96.76 -0.25 -1.14 -0.01 
-49.33 1.44 108.44 -0.54 -0.81 -0.21 
-53.02 1.45 128.51 -0.54 -0.67 -0.05 
-40.57 1.42 162.69 -0.48 -0.42 0.27 
-86.67 0.54 176.39 -0.19 0.14 0.43 
-247.09 -2.74 169.87 0.94 -0.38 0.45 
-41.10 -2.85 141.85 1.29 -0.35 0.10 
-188.66 -2.57 124.16 1.22 -0.24 -0.31 
-244.47 -2.57 118.36 1.35 -0.24 -0.13 
-86.79 -1.92 125.23 1.06 -0.49 0.30 
-56.37 -0.90 141.43 0.57 -0.70 0.59 
-1.53 0.09 158.35 0.09 -0.76 0.55 
-57.63 0.92 182.16 -0.22 -0.65 0.43 
-57.56 1.92 204.49 -0.59 -0.57 0.27 
-30.20 2.44 226.62 -0.77 -0.34 0.34 
1.22 2.82 243.88 -0.73 0.02 0.28 
170.78 2.81 256.82 -0.55 0.30 0.05 
-74.21 0.30 256.66 -0.14 0.70 0.31 
-196.26 1.42 246.34 -0.35 0.19 0.76 
53.87 1.34 202.15 -0.88 -1.26 0.27 
-22.67 1.13 204.68 -0.30 -1.13 -0.30 
-95.15 0.47 228.53 -0.34 -0.84 -0.67 
-92.94 1.28 247.31 -0.37 -0.34 0.18 
-39.13 -0.59 245.95 0.11 -0.48 0.65 
-117.56 -2.21 233.53 0.76 -0.47 0.59 
-136.82 -2.59 217.96 1.18 -0.38 0.39 
-198.59 -2.28 201.12 1.12 -0.29 -0.50 
-247.09 -2.54 198.46 1.16 -0.12 -0.35 
-247.09 -2.15 210.69 1.27 -0.47 -0.26 
-9.58 -1.08 237.46 0.70 -0.89 0.33 
-11.01 -0.62 267.15 0.42 -0.90 0.27 
-55.25 1.19 301.63 -0.36 -0.70 0.21 
-35.75 1.81 322.08 -0.55 -0.49 0.29 
-3.09 2.67 -317.20 -0.78 -0.25 0.29 
-37.56 3.13 -321.80 -1.02 -0.17 0.20 
45.60 1.84 -315.26 -0.35 0.24 0.30 
-247.09 0.32 324.64 0.26 0.64 1.05 
46.27 2.15 301.37 -0.97 -1.29 -0.94 
24.23 1.74 289.82 -0.67 -1.09 -0.39 
-52.63 1.15 293.47 -0.45 -0.77 -0.64 
-82.63 1.01 310.91 -0.61 -0.72 -0.47 
-51.56 1.14 319.73 -0.32 -0.26 0.25 
-17.47 -0.59 319.28 0.03 -0.21 0.71 
-9.99 -2.61 315.96 0.86 -0.01 0.67 
-229.61 -2.79 294.74 1.29 -0.51 0.01 
-247.09 -2.74 284.74 1.33 -0.16 -0.44 
-194.97 -2.67 281.04 1.23 0.01 -0.29 
-196.43 -2.23 296.03 1.21 -0.37 0.08 
-25.30 -1.42 324.06 0.93 -0.90 0.28 
-19.69 -0.16 -298.76 0.20 -0.74 0.34 
-27.21 0.96 -265.72 -0.39 -0.88 0.35 
-36.25 1.89 -246.16 -0.53 -0.54 0.17 
189.28 1.09 -298.13 -0.46 -1.16 -0.29 
57.62 1.38 -299.42 -0.54 -0.97 -0.35 
-37.89 1.38 -285.63 -0.51 -0.94 -0.52 
-57.88 1.33 -272.46 -0.57 -0.66 -0.39 
-82.38 1.38 -254.02 -0.57 -0.53 -0.02 
-75.98 0.27 -250.56 -0.20 -0.29 0.49 
-51.07 -1.41 -270.45 0.39 -0.35 0.72 
-103.01 -3.27 -292.88 1.24 -0.27 0.29 
-204.27 -2.99 -305.86 1.44 -0.17 -0.30 
-225.61 -2.58 -313.87 1.20 0.05 -0.39 
-234.98 -2.27 -303.35 1.32 -0.44 -0.01 
-93.23 -1.30 -288.28 0.84 -0.77 0.16 
20.36 -0.56 -259.41 0.41 -1.02 0.26 
-41.18 0.33 -225.55 -0.05 -0.87 0.37 
-60.17 1.67 -199.89 -0.53 -0.61 0.30 
-36.88 2.64 -179.75 -0.75 -0.33 0.24 
-41.53 3.35 -168.14 -1.05 -0.22 0.10 
61.20 0.21 -161.15 -0.12 0.67 0.37 
-237.31 0.42 -163.53 -0.04 0.11 0.64 
-34.64 1.59 -206.17 -0.81 -1.15 0.15 
-128.69 0.50 -244.46 0.01 -0.98 0.00 
0.72 0.21 -241.38 0.18 -1.52 -0.37 
-41.67 0.23 -210.74 -0.02 -1.06 -0.49 
-36.42 0.93 -188.89 -0.36 -0.74 -0.16 
-59.58 1.97 -166.86 -0.55 -0.42 -0.10 
-88.24 2.03 -158.09 -0.41 -0.09 0.25 
-56.95 -0.87 -172.94 0.13 -0.23 0.76 
-87.86 -2.49 -196.12 0.79 -0.19 0.57 
-119.71 -3.06 -225.67 1.43 -0.27 -0.05 
-247.09 -2.86 -236.54 1.24 -0.05 -0.31 
-211.30 -2.34 -225.22 1.21 -0.37 0.09 
-84.27 -1.15 -204.52 0.89 -0.98 0.15 
-36.74 -0.41 -170.86 0.34 -0.98 0.22 
-75.67 0.79 -133.27 -0.23 -0.79 0.23 
-54.50 2.02 -109.72 -0.69 -0.57 0.18 
-29.00 3.53 -95.60 -0.93 -0.09 0.05 
53.04 3.52 -93.06 -0.90 -0.06 0.05 
98.25 0.93 -84.46 -0.30 0.46 0.45 
-185.87 0.51 -78.55 -0.04 0.05 0.78 
106.69 2.45 -114.26 -1.47 -1.12 -0.54 
34.07 1.35 -117.43 -0.55 -1.19 -0.31 
-61.88 1.18 -104.34 -0.51 -0.95 -0.47 
-54.16 1.82 -83.19 -0.52 -0.44 -0.08 
-55.72 1.57 -82.20 -0.50 -0.42 -0.05 
-82.77 -2.11 -94.67 0.72 -0.33 0.81 
-247.09 -2.53 -152.14 1.26 -0.35 -0.11 
-50.43 0.28 -61.88 -0.01 -0.84 0.20 
-11.27 3.12 1.32 -0.82 0.09 0.20 
-165.72 -3.00 6.02 0.68 0.30 0.12 
-127.61 -2.72 -75.05 1.49 -0.25 -0.62 
-127.61 -2.72 -75.05 1.49 -0.25 -0.62 
-37.34 -2.84 -57.60 0.85 0.18 -0.19 
