-20.60 -1.75 43.93 0.72 -0.30 0.57 
139.16 -0.39 -247.46 0.29 0.36 0.29 
17.50 2.21 -251.66 -0.52 -0.28 0.36 
-46.01 -1.46 -248.54 0.94 -0.52 1.03 
-13.59 1.43 -231.80 -0.41 -0.37 0.75 
28.57 2.18 -239.39 -0.74 -0.30 0.52 
17.33 -1.86 -258.15 0.93 -0.13 0.95 
-241.05 0.80 -225.36 -0.16 -0.20 0.36 
-247.09 0.04 -261.91 -0.01 -0.60 -0.36 
8.23 -0.32 -232.79 0.55 -0.25 -1.54 
14.59 -1.37 -231.49 0.87 -0.14 -1.26 
10.06 -0.76 -243.31 0.26 -0.15 -0.72 
28.93 0.65 -226.17 -0.11 -0.03 -0.81 
-91.56 0.00 -227.59 0.45 0.26 -1.86 
20.12 -0.64 -238.93 0.31 -1.26 -0.99 
141.94 2.29 -202.32 -0.12 -0.18 0.00 
37.82 2.36 -224.05 -0.95 -0.48 0.23 
-44.82 -2.93 -219.96 2.20 0.01 0.82 
40.92 1.14 -195.45 -0.35 -0.47 0.81 
-5.74 2.43 -203.76 -1.08 -0.20 0.64 
-55.63 -3.24 -211.37 1.13 0.15 0.30 
-212.15 2.88 -175.48 -0.36 0.12 -0.09 
-247.09 0.88 -192.97 -0.08 -0.94 -1.45 
-105.79 -0.29 -169.47 0.53 -0.01 -1.46 
38.82 -2.10 -188.38 1.06 -0.02 -1.08 
-41.92 0.28 -206.95 0.00 -0.16 -0.88 
40.27 -0.80 -181.84 0.39 -0.12 -0.81 
253.17 -1.31 -193.79 1.24 -0.93 -2.06 
253.17 -0.07 -155.16 0.16 -0.70 -0.19 
113.04 3.15 -165.85 -0.78 0.05 -0.17 
75.73 -1.46 -179.98 0.50 0.28 0.66 
-31.18 0.61 -171.10 -0.13 -0.11 0.84 
-7.67 1.98 -173.22 -0.87 -0.45 0.77 
16.78 0.47 -199.42 -0.08 -0.15 0.48 
-65.25 -2.73 -151.69 0.37 0.06 0.11 
-247.09 2.56 -193.52 -0.17 0.09 -0.01 
-247.09 -0.07 -185.07 0.21 -0.84 -2.11 
8.38 -1.18 -196.92 0.60 0.00 -1.17 
-39.23 -0.14 -209.70 0.15 -0.18 -0.86 
-4.52 -0.05 -199.59 0.15 -0.24 -0.96 
28.04 0.41 -201.02 -0.11 0.08 -2.16 
253.17 -1.25 -183.67 0.95 -1.03 -1.28 
253.17 0.07 -145.74 0.09 -0.31 -0.10 
143.36 3.16 -160.64 -0.88 -0.05 -0.09 
-124.28 -2.07 -149.54 1.53 -0.15 0.97 
-2.55 1.67 -132.41 -0.56 -0.23 0.79 
16.20 1.96 -146.10 -0.76 -0.18 0.64 
1.94 -3.32 -176.38 0.90 0.22 0.21 
-205.76 -0.96 -128.06 0.07 -0.22 0.13 
-247.09 0.61 -122.61 -0.09 -0.68 -0.84 
79.78 0.33 -110.68 -0.14 -0.33 -1.21 
-25.52 -0.70 -104.47 0.56 0.25 -1.63 
45.28 -1.28 -117.49 0.75 0.13 -0.94 
-23.79 0.68 -109.85 -0.25 -0.54 -1.08 
31.42 -1.53 -103.83 0.95 -0.05 -0.76 
205.11 -1.50 -104.26 1.10 -0.81 -1.56 
253.17 -0.52 -73.75 0.26 -0.37 -0.32 
218.42 3.81 -89.07 -0.96 0.04 -0.11 
135.36 -1.53 -106.52 0.74 0.07 1.06 
-152.20 1.80 -91.67 -0.55 -0.10 0.62 
-21.89 2.38 -96.57 -0.97 -0.25 0.59 
12.86 1.27 -121.90 -0.35 -0.20 0.54 
-91.89 -1.54 -79.02 0.42 -0.68 0.14 
-247.09 0.24 -112.71 -0.01 -0.13 0.08 
-247.09 -0.61 -103.38 0.94 -1.39 -1.63 
51.69 -1.36 -78.96 1.07 0.13 -1.16 
91.25 -2.00 -94.73 0.90 0.09 -0.80 
4.76 0.22 -103.62 0.00 -0.23 -0.87 
-12.79 -0.08 -97.01 0.11 -0.24 -0.82 
-56.27 -0.13 -83.42 0.05 0.21 -1.64 
253.17 -0.83 -65.67 0.53 -0.89 -0.98 
253.17 0.31 -44.54 0.05 -0.63 -0.21 
131.94 2.31 -69.19 -0.57 0.14 0.40 
32.42 -0.93 -89.41 0.22 0.00 0.56 
30.79 -0.20 -70.45 0.18 -0.10 0.71 
-8.39 2.55 -59.73 -0.99 -0.10 0.71 
-1.95 1.75 -82.18 -0.66 -0.25 0.67 
-215.80 -2.23 -47.30 1.77 -0.58 0.40 
-209.02 1.70 -54.43 -0.66 0.14 0.46 
-247.09 -0.20 -31.79 0.77 -1.58 -1.57 
-65.79 -0.96 8.67 0.88 -0.27 -1.23 
-6.59 -1.89 -9.01 0.99 -0.14 -0.98 
28.52 -0.05 -11.54 0.09 -0.33 -0.96 
12.41 -0.89 2.53 0.55 -0.13 -0.80 
39.37 -1.49 -14.97 0.78 -0.18 -1.53 
146.79 -0.74 -5.37 0.48 -0.95 -0.87 
190.38 0.08 16.49 0.07 -0.51 0.18 
56.40 3.34 -7.47 -0.78 0.00 0.29 
-87.30 -1.90 4.04 1.16 -0.54 0.81 
90.81 1.35 25.72 -0.37 -0.35 0.69 
-0.57 2.44 17.06 -0.92 -0.19 0.58 
-247.09 -0.17 44.92 -0.01 -0.32 0.29 
-247.09 -0.64 69.17 0.92 -1.02 -2.00 
-108.74 -0.67 82.37 0.60 0.02 -0.99 
-36.00 -1.70 72.86 0.82 0.00 -1.01 
-25.66 -0.61 61.32 0.35 -0.22 -0.93 
37.88 -1.17 76.17 0.48 -0.24 -0.64 
-111.14 -1.26 65.39 0.44 -0.05 -1.34 
-55.47 -0.73 51.56 0.17 -0.58 -1.30 
-247.09 0.54 56.72 -0.17 -0.37 -0.63 
253.17 1.02 58.12 -0.03 -1.11 -0.45 
65.82 1.84 40.22 -0.65 0.52 0.45 
-9.95 0.71 50.54 -0.23 -0.57 0.67 
53.22 2.20 54.99 -0.79 -0.22 0.68 
-4.10 2.29 36.43 -0.73 -0.24 0.46 
-43.69 -0.53 67.04 0.45 -1.02 0.63 
26.75 0.79 100.68 -0.29 0.10 0.77 
-247.09 0.43 80.63 -0.20 -0.75 0.19 
-247.09 0.59 97.15 -0.15 -0.16 -1.76 
-120.55 -0.02 92.00 0.05 0.50 -1.50 
-7.43 -0.75 88.65 0.36 -0.13 -0.87 
30.72 0.02 93.58 0.05 -0.05 -0.89 
32.98 -1.03 104.94 0.63 -0.08 -0.85 
253.17 -1.62 85.68 0.86 -0.64 -1.55 
240.17 -1.15 120.48 0.52 -0.91 -0.31 
234.86 3.17 133.99 -0.38 0.05 0.21 
49.95 2.52 115.84 -0.73 0.00 0.38 
-171.42 -1.38 133.80 1.20 -0.16 0.97 
3.45 2.40 148.97 -0.92 -0.25 0.67 
6.77 2.94 140.59 -0.85 -0.14 0.28 
-19.83 -2.25 128.98 1.15 -0.38 1.02 
-211.08 3.19 146.76 -0.40 0.02 0.12 
-247.09 1.24 96.15 -0.36 -0.33 -0.35 
-247.09 0.07 135.09 0.28 -0.76 -2.16 
-46.47 -1.07 122.15 0.63 -0.19 -1.42 
-91.36 -0.62 111.28 0.34 -0.22 -0.87 
23.78 -0.09 127.08 0.16 -0.29 -1.18 
57.19 -1.15 144.64 1.07 -0.13 -1.08 
15.97 -1.64 153.24 1.12 -0.49 -1.42 
253.17 -0.39 160.36 0.14 -0.83 -1.01 
253.17 2.82 181.41 -0.43 -0.13 -0.29 
67.01 2.78 152.12 -0.89 -0.15 0.18 
-207.35 -2.18 157.24 2.05 -0.76 0.81 
64.91 0.43 185.69 -0.05 -0.41 0.79 
44.59 3.09 187.42 -1.63 0.10 0.52 
5.91 1.38 162.16 -0.53 -0.09 0.81 
-150.13 -2.95 155.56 1.90 -0.03 0.82 
-186.01 -0.96 201.57 0.28 -0.36 0.40 
-235.66 0.88 156.41 -0.35 -0.82 0.18 
-28.89 0.23 124.67 0.01 -0.10 0.83 
-247.09 -1.48 174.12 1.46 -1.67 -2.22 
6.10 -1.83 153.16 0.94 -0.38 -0.78 
-20.38 -0.86 139.60 0.44 -0.17 -0.92 
51.14 0.44 145.09 -0.14 -0.32 -1.17 
9.14 -1.13 159.73 0.55 -0.21 -0.79 
28.62 -1.53 138.85 0.78 -0.13 -1.22 
253.17 0.06 133.76 0.00 -0.73 -1.50 
253.17 0.03 167.15 0.13 -0.74 -0.49 
100.83 3.15 150.90 -1.47 0.35 0.23 
36.43 0.21 125.14 -0.04 -0.04 0.64 
24.34 -0.68 147.56 0.46 -0.55 0.74 
51.75 1.28 172.40 -0.30 -0.19 0.74 
13.36 2.59 163.29 -1.16 -0.01 0.58 
13.70 1.05 128.18 -0.29 -0.13 0.56 
-188.31 -1.66 148.40 1.05 -0.93 0.45 
-77.50 0.14 174.69 -0.02 0.08 0.32 
-247.09 0.20 136.14 0.04 -0.93 -0.01 
-247.09 0.66 140.95 0.30 -0.85 -2.72 
-226.30 -1.20 178.53 1.22 -0.37 -1.26 
-139.76 -0.99 177.70 0.52 0.06 -1.04 
-77.40 -1.06 164.24 0.52 -0.12 -1.05 
-54.81 0.67 160.67 -0.24 -0.67 -1.24 
28.88 -0.78 176.01 0.44 -0.27 -0.83 
-94.50 0.06 181.80 0.01 0.17 -1.47 
219.25 -1.16 158.95 0.86 -0.64 -1.42 
253.17 -0.61 188.12 0.42 -0.69 -0.44 
73.93 3.06 178.38 -0.67 -0.06 0.32 
50.53 -0.12 153.76 0.04 -0.17 0.52 
-26.14 -0.70 185.03 0.18 -0.50 0.55 
50.67 1.74 206.60 -0.51 -0.30 0.79 
1.65 2.42 190.15 -0.93 -0.07 0.58 
-60.39 -3.32 181.10 1.55 -0.40 0.49 
-76.66 2.10 208.09 -0.44 0.16 0.38 
-247.09 0.50 178.95 -0.22 0.36 0.39 
-247.09 -0.48 197.80 0.77 -0.71 -1.70 
9.65 -1.15 236.29 1.35 0.78 -1.42 
240.18 -1.86 214.85 0.93 0.00 -0.97 
1.98 0.25 202.29 0.05 -0.17 -0.91 
86.98 -0.14 214.59 0.14 -0.39 -1.30 
227.94 -1.98 224.63 1.19 0.05 -0.85 
253.17 -1.48 224.53 1.66 -1.51 -1.93 
202.18 1.50 252.55 -0.28 -0.06 0.51 
63.23 2.40 246.22 -0.63 -0.25 0.40 
-30.50 -1.49 230.99 0.43 0.00 0.70 
-10.03 0.21 259.31 -0.03 -0.33 0.59 
12.36 1.85 269.03 -0.73 -0.12 0.85 
-0.30 1.72 247.63 -0.72 -0.11 0.80 
29.65 -1.68 227.27 0.64 -0.14 0.69 
-33.20 -0.06 266.52 0.04 -0.16 0.31 
-247.09 1.22 237.64 -0.24 -0.02 -0.50 
-247.09 0.24 238.86 0.09 -0.94 -1.38 
43.42 -1.01 273.40 0.98 0.14 -1.45 
-6.69 -2.07 258.37 0.87 -0.02 -0.88 
-52.32 -0.64 240.75 0.34 -0.10 -0.81 
38.68 0.06 248.54 0.09 -0.22 -1.41 
154.17 -1.46 256.88 1.44 -0.18 -1.32 
253.17 -1.47 243.65 1.76 -1.58 -1.86 
241.65 1.97 269.64 -0.57 -0.46 0.37 
-7.09 3.12 263.57 -0.93 0.03 0.32 
57.85 0.69 241.46 -0.13 -0.03 0.38 
-43.79 -1.32 256.73 0.81 -1.16 0.58 
5.47 1.08 269.73 -0.43 -0.71 0.78 
12.75 1.09 257.90 -0.41 -0.30 1.01 
-7.60 -1.74 237.37 0.36 -0.12 0.36 
-18.61 -0.15 249.14 0.03 -0.48 0.10 
-247.09 -0.68 264.06 0.22 -1.60 -1.79 
-117.33 0.25 263.51 0.08 -0.16 -1.39 
19.43 -1.07 263.80 0.61 -0.11 -1.08 
-74.21 -0.24 255.46 0.21 -0.22 -0.96 
132.25 0.45 252.94 -0.03 -0.29 -1.16 
105.23 -1.35 271.71 1.46 -0.16 -1.14 
253.17 -1.24 236.61 1.02 -0.69 -1.49 
253.17 -1.35 265.86 0.39 -0.31 0.01 
77.02 2.38 255.23 -0.67 -0.16 0.47 
-47.93 -1.87 240.03 0.83 -0.28 0.82 
8.31 1.39 257.44 -0.36 -0.46 0.57 
10.60 2.11 260.84 -0.83 -0.34 0.69 
11.69 1.97 242.98 -0.71 -0.39 0.61 
-33.69 -2.95 234.91 1.27 -0.25 0.68 
-155.17 1.54 257.80 -0.46 -0.32 0.34 
-247.09 0.23 230.91 0.42 -1.34 -1.70 
252.37 -0.09 251.58 0.13 -0.32 -1.12 
102.14 -1.65 266.49 1.21 0.10 -1.06 
56.70 -1.92 248.60 0.88 -0.13 -0.83 
-35.60 0.16 243.27 0.13 -0.09 -1.02 
-0.13 -0.12 249.06 0.15 -0.09 -1.09 
-28.34 -0.82 258.02 1.24 0.08 -1.61 
253.17 -0.81 236.30 0.62 -0.77 -1.56 
253.17 -1.29 283.77 0.40 -0.34 0.03 
207.12 3.24 284.44 -0.69 -0.04 0.16 
18.23 1.40 263.71 -0.39 -0.32 0.52 
-146.73 -0.77 279.07 0.48 -0.81 0.76 
21.61 1.11 294.40 -0.36 -0.44 0.79 
8.63 1.66 285.76 -0.64 -0.27 0.78 
-90.88 -2.89 271.60 1.25 -0.43 0.55 
-225.08 0.41 289.10 -0.14 -0.46 0.23 
-247.09 -0.83 253.58 0.65 -0.82 -1.07 
105.68 -0.16 260.75 0.17 -0.33 -1.43 
16.89 -1.38 285.48 1.06 0.05 -1.09 
100.33 -2.29 261.62 1.12 -0.14 -0.84 
-49.70 -0.03 241.89 0.20 -0.15 -0.96 
-11.59 -0.14 248.18 0.16 -0.46 -1.20 
89.71 -1.45 262.23 1.26 -0.02 -1.13 
253.17 -0.88 252.43 0.83 -1.14 -1.00 
253.17 -1.01 267.70 0.31 -0.30 0.10 
55.55 2.65 266.33 -0.72 -0.15 0.39 
-10.29 -0.74 254.06 0.27 -0.26 0.70 
4.01 0.96 269.91 -0.35 -0.66 0.61 
-3.14 1.63 274.03 -0.53 -0.20 0.75 
16.40 1.39 262.32 -0.48 -0.19 0.74 
-77.08 -2.55 262.91 1.42 -0.42 0.76 
-247.09 -0.29 287.00 -0.04 -0.56 0.12 
-247.09 0.00 274.26 0.02 -0.77 -0.23 
11.86 -0.49 306.37 0.28 -0.16 -1.03 
-12.08 -0.74 305.00 0.65 -0.17 -1.47 
131.37 -1.45 -311.53 0.76 -1.15 -0.43 
146.70 1.85 -306.40 -0.23 -0.10 0.37 
35.23 2.32 -326.91 -0.45 -0.18 0.26 
47.94 1.08 -307.96 -0.31 -0.47 0.75 
49.10 2.20 -299.06 -0.77 -0.25 0.62 
10.75 1.83 -320.22 -0.62 -0.29 0.62 
-120.98 -1.92 -301.42 0.56 -0.27 0.04 
-247.09 -0.87 326.09 0.12 -0.46 0.22 
-247.09 -0.49 327.14 0.63 -0.89 -1.38 
-18.44 -0.96 -304.73 0.56 0.25 -1.05 
73.30 -1.72 -321.80 0.90 0.01 -1.07 
-51.47 0.05 324.03 0.12 -0.18 -0.89 
44.94 -0.21 -324.97 0.17 -0.32 -1.14 
14.30 -1.22 -311.98 1.29 0.05 -1.33 
253.17 -0.67 -321.64 0.73 -0.95 -1.43 
253.17 -1.22 -292.74 0.54 -0.58 -0.23 
115.29 2.29 -294.81 -0.59 -0.15 0.37 
-5.83 -1.15 -313.10 0.39 -0.25 0.71 
64.20 -0.29 -298.71 0.24 -0.58 0.69 
46.91 2.26 -302.63 -0.84 -0.28 0.65 
7.53 1.69 -319.16 -0.34 -0.32 0.36 
-31.22 -1.11 -301.02 0.29 -0.55 0.30 
-247.09 1.06 -317.58 -0.22 -0.34 0.27 
-247.09 -0.30 -306.97 0.46 -0.83 -1.54 
-180.03 -1.29 -272.46 1.06 -0.02 -1.42 
-31.89 -2.07 -281.14 0.85 -0.09 -0.85 
-67.24 -0.08 -301.35 0.18 -0.26 -1.00 
6.53 -0.20 -293.07 0.19 -0.34 -1.00 
28.48 -1.11 -278.28 0.82 -0.26 -1.12 
253.17 -1.69 -281.73 1.47 -0.74 -1.75 
253.17 -0.44 -244.78 0.22 -0.45 -0.34 
194.73 3.17 -251.22 -0.82 -0.01 0.16 
32.81 -0.82 -285.84 0.27 -0.14 0.70 
5.83 -1.51 -286.73 0.58 -0.08 0.96 
76.01 0.94 -266.31 -0.17 -0.16 0.68 
27.14 2.19 -257.93 -0.80 -0.13 0.65 
-113.35 -1.26 -263.81 0.69 -0.50 0.70 
-236.44 -0.93 -290.51 0.73 -1.38 -0.90 
-164.23 -1.42 -278.73 0.97 -0.41 -1.12 
188.75 -1.06 -273.55 0.98 0.32 -1.33 
-66.75 -1.74 -278.35 0.76 -0.04 -0.99 
11.09 -1.54 -51.20 0.79 -0.02 -1.02 
-30.57 0.13 -63.50 0.12 -0.18 -1.12 
-26.59 0.08 -53.91 0.04 -0.23 -1.17 
24.10 -1.40 -44.72 0.97 0.03 -0.95 
14.94 -2.05 -62.03 1.19 -0.14 -1.22 
253.17 -0.29 -59.31 0.33 -1.16 -1.24 
-16.11 -1.87 -122.60 0.70 -0.04 0.62 
1.89 0.00 -97.55 0.05 -0.86 0.62 
-247.09 1.44 -78.49 -0.33 -0.35 0.17 
-247.09 1.04 -55.47 -0.11 -0.47 -1.20 
-96.42 0.33 -44.74 -0.11 -0.04 -1.89 
-26.42 -1.10 -35.44 0.96 0.14 -1.29 
-23.79 -1.28 -43.12 0.57 0.12 -0.85 
-15.55 0.55 -48.96 -0.14 -0.30 -1.25 
34.41 -0.62 -35.85 0.36 -0.19 -0.87 
-3.36 -0.96 -33.70 0.71 0.07 -1.52 
181.40 -0.45 -11.20 0.31 -1.09 -0.68 
253.17 4.04 -7.39 -0.41 -0.04 0.05 
93.07 2.74 -18.30 -0.82 -0.28 0.31 
3.75 -2.36 -26.87 1.41 -0.66 0.87 
-15.77 1.40 -9.22 -0.49 -0.40 0.71 
-21.30 2.15 -7.39 -0.76 -0.23 0.62 
43.63 1.61 -23.60 -0.66 -0.36 0.80 
-39.89 -2.76 -31.74 1.62 -0.56 0.74 
-80.66 0.27 -16.95 -0.04 -0.43 0.55 
-174.39 1.83 -32.57 -0.40 -0.37 0.29 
-247.09 0.17 -26.89 0.82 -0.67 -2.41 
-247.09 -0.45 -11.49 0.47 0.08 -1.26 
-43.17 -1.67 -19.32 0.84 -0.09 -0.86 
-16.08 -1.10 -31.76 0.56 -0.10 -0.92 
3.42 0.08 -29.69 0.05 -0.31 -1.16 
72.68 -1.35 -15.46 0.68 -0.08 -0.74 
112.19 -1.76 -33.23 0.90 -0.31 -1.23 
136.55 -0.31 -18.21 0.19 -1.08 -0.67 
253.17 -0.46 0.79 0.33 -0.61 -0.09 
-95.08 1.76 0.29 -0.52 -0.25 0.66 
23.41 0.56 -15.85 -0.17 -0.22 0.66 
5.83 0.20 -0.80 0.04 -0.39 0.73 
-21.31 2.28 6.64 -0.75 -0.26 0.58 
10.88 2.08 -0.78 -0.75 -0.27 0.58 
-22.49 0.21 -19.24 -0.03 -0.42 0.68 
-66.94 -0.27 -1.76 0.05 -0.33 0.36 
-247.09 0.95 -12.30 -0.18 -0.33 0.03 
-247.09 -0.38 -26.08 0.61 -1.09 -1.69 
-156.36 -0.73 -9.44 0.48 -0.41 -1.04 
-50.30 -0.90 -9.55 0.61 0.01 -1.25 
3.10 -0.69 -25.36 0.43 -0.21 -0.98 
12.99 -0.38 -14.89 0.32 -0.27 -1.11 
-34.86 -0.56 -7.82 0.85 0.00 -1.70 
253.17 -1.10 -7.42 0.74 -0.76 -1.02 
253.17 -1.22 21.56 0.54 -0.68 -0.18 
143.33 1.76 24.20 -0.38 -0.31 0.43 
39.72 1.54 5.95 -0.43 -0.26 0.62 
-44.84 -2.17 13.41 1.14 -0.25 0.85 
-0.31 1.29 30.42 -0.39 -0.38 0.77 
11.52 2.01 32.27 -0.72 -0.22 0.66 
-1.98 1.74 15.56 -0.55 -0.18 0.60 
-17.91 -0.58 25.46 0.29 -0.55 0.48 
-219.53 -1.47 18.56 0.26 -0.30 0.53 
-247.09 -1.05 14.89 0.82 -1.44 -1.27 
80.43 -0.42 29.28 0.32 -0.05 -1.22 
52.85 -1.12 36.79 0.91 -0.03 -1.32 
-0.75 -1.31 36.14 0.61 -0.11 -0.79 
19.45 -0.37 35.00 0.34 -0.16 -1.08 
19.44 -0.64 36.78 0.33 -0.18 -0.97 
50.14 -0.82 42.65 1.15 -0.02 -1.47 
253.17 -1.36 37.04 0.95 -0.73 -1.08 
230.58 -1.00 74.23 0.59 -0.92 -0.17 
51.95 3.25 79.13 -0.60 0.13 0.22 
-26.42 1.46 65.89 -0.40 -0.26 0.54 
-24.67 0.56 75.34 -0.18 -0.87 0.57 
27.52 2.03 79.09 -0.67 -0.42 0.55 
54.99 2.65 67.30 -1.01 -0.19 0.47 
-74.24 -2.20 64.30 1.20 -0.92 0.66 
-247.09 -0.26 75.76 0.00 -0.14 0.34 
-247.09 -0.29 74.76 0.64 -0.15 -1.65 
-94.75 -0.15 87.57 0.27 -0.05 -1.37 
7.33 -0.60 81.28 0.85 0.14 -1.52 
-12.06 -0.63 92.87 0.28 -0.32 -0.74 
-19.59 -0.46 99.50 0.37 0.02 -1.04 
58.67 -1.56 101.82 1.10 0.03 -0.94 
253.17 -1.97 108.63 1.64 -0.84 -1.20 
253.17 -1.37 130.95 0.61 -0.66 -0.61 
253.17 0.38 132.11 -0.04 -0.50 0.16 
105.78 2.01 108.01 -0.71 -0.16 0.68 
-4.05 -2.65 99.27 1.19 -0.27 0.79 
20.29 0.59 115.11 -0.14 -0.42 0.92 
-1.10 1.78 115.28 -0.61 -0.24 0.74 
-0.72 1.06 93.69 -0.24 -0.18 0.44 
-195.89 -0.47 123.49 0.08 -0.14 0.38 
-247.09 -0.98 103.26 0.28 -0.78 -0.25 
-65.11 -0.68 84.15 0.75 -0.82 -1.15 
-1.88 -0.94 113.47 0.78 -0.19 -1.21 
128.29 -1.54 114.03 0.80 -0.08 -0.91 
-121.69 -1.16 116.55 0.55 -0.35 -0.82 
-41.02 -0.69 130.00 0.39 -0.09 -0.88 
82.44 -1.04 135.53 0.84 -0.03 -1.29 
253.17 -0.78 125.80 0.96 -0.91 -0.75 
114.75 -0.50 140.97 0.24 -0.07 0.47 
27.87 0.79 139.68 -0.09 -0.20 0.73 
-7.14 1.81 122.00 -0.57 -0.21 0.58 
-173.79 -1.38 148.09 1.25 -0.42 0.85 
3.48 1.50 162.06 -0.54 -0.49 0.65 
23.88 1.77 156.30 -0.66 -0.32 0.70 
-88.16 -2.33 146.11 1.46 -0.65 1.04 
-208.29 2.71 158.44 -0.59 -0.13 0.13 
-247.09 -1.22 121.74 0.45 -0.73 -0.60 
144.68 -0.11 130.31 0.18 -0.34 -1.32 
142.60 -1.54 134.09 1.00 0.19 -1.03 
103.89 -1.83 118.50 0.89 -0.06 -0.83 
36.19 -0.34 121.86 0.26 -0.20 -1.01 
-34.56 -0.44 130.24 1.10 -0.03 -1.87 
253.17 -0.73 154.04 0.35 -0.86 -1.15 
253.17 -1.14 180.36 0.63 -0.85 -0.23 
-44.72 2.06 197.39 -0.56 -0.35 0.54 
54.84 2.08 183.04 -0.71 -0.39 0.48 
-116.47 -2.27 191.99 1.33 -0.30 0.91 
7.46 1.64 204.62 -0.57 -0.46 0.77 
34.35 1.79 198.98 -0.61 -0.42 0.57 
-58.62 -1.75 193.76 0.70 -0.33 0.70 
-30.40 1.93 202.03 -0.71 -0.37 0.44 
-247.09 1.10 175.98 -0.31 -0.28 -0.82 
253.17 0.19 186.09 0.08 -0.39 -1.41 
133.93 -1.00 200.81 0.62 -0.28 -0.96 
-89.96 -2.17 192.65 1.02 0.05 -0.78 
-52.96 -0.70 183.51 0.37 -0.33 -0.96 
-3.61 -0.76 192.37 0.38 -0.10 -0.82 
15.31 -0.86 196.08 1.35 -0.22 -1.70 
253.17 -0.96 200.40 0.57 -0.90 -0.72 
156.27 1.33 250.05 -0.11 -0.42 0.11 
67.10 2.18 247.44 -0.54 -0.35 0.39 
15.10 -1.23 229.81 0.41 -0.33 0.83 
-24.16 0.74 242.02 -0.21 -0.46 0.77 
-22.57 1.84 249.50 -0.64 -0.47 0.62 
28.06 1.91 232.79 -0.90 -0.45 0.72 
-32.83 -2.45 237.38 1.15 -0.31 0.70 
-122.32 -0.79 251.65 0.14 -0.41 0.24 
-247.09 -0.50 226.80 0.09 -0.62 0.30 
-247.09 0.79 224.23 -0.11 -0.64 -1.22 
88.98 -1.96 231.21 0.69 -0.20 -0.67 
-108.75 0.04 239.25 0.20 0.07 -1.40 
14.07 -1.06 233.05 0.51 -0.16 -0.96 
28.35 -0.30 239.49 0.20 -0.19 -1.02 
37.57 -1.23 244.35 0.88 0.01 -0.97 
230.04 -0.65 229.71 0.47 -0.80 -1.47 
253.17 -1.13 257.59 0.52 -0.76 -0.33 
5.27 2.02 263.70 -0.47 -0.32 0.49 
21.61 2.09 225.07 -0.57 -0.36 0.40 
65.51 -0.21 240.08 0.22 -0.73 0.71 
22.46 1.87 257.89 -0.61 -0.25 0.73 
18.91 2.17 249.21 -0.81 -0.25 0.60 
-48.80 -0.06 231.83 0.04 -0.36 0.55 
-68.76 0.74 263.52 -0.09 -0.07 0.30 
-247.09 0.81 246.31 -0.19 -0.67 -0.33 
-247.09 0.53 272.70 0.05 -0.71 -1.83 
-66.17 -1.50 -326.29 1.07 0.36 -1.01 
40.49 -2.08 314.02 0.86 0.06 -0.83 
-23.99 0.42 314.28 -0.13 -0.21 -1.20 
45.60 -0.12 319.80 0.10 -0.12 -0.92 
175.24 -1.63 285.90 0.97 -0.28 -1.44 
64.06 -0.54 306.24 0.54 -1.29 -0.27 
74.72 3.11 -326.26 -0.54 -0.24 -0.03 
98.37 2.47 322.21 -0.81 -0.37 0.40 
-67.76 -1.88 322.80 0.93 -0.54 1.02 
-57.59 1.50 -317.39 -0.50 -0.50 0.60 
2.65 2.75 -311.27 -1.00 -0.30 0.38 
18.82 2.17 322.90 -0.76 -0.30 0.53 
-94.24 -1.69 -327.36 1.39 -1.02 0.69 
-126.58 -1.01 -306.73 0.23 -0.44 0.32 
-247.09 0.29 -324.26 -0.05 -1.37 -0.83 
253.17 -0.99 -292.56 0.73 -0.25 -1.31 
69.54 -1.44 -282.48 1.01 -0.24 -0.93 
60.51 -2.12 -298.26 1.14 -0.15 -0.87 
-50.85 -0.59 -307.26 0.43 -0.19 -0.97 
7.55 -0.80 -300.14 0.42 -0.15 -1.01 
30.02 -1.57 -283.88 0.79 -0.31 -0.71 
12.17 -1.01 -294.57 0.44 0.00 -1.15 
-14.98 -0.70 -315.91 0.53 -0.86 -0.80 
253.17 0.19 -286.06 0.10 -0.58 -0.18 
74.35 1.90 -284.40 -0.48 -0.14 0.56 
0.10 1.06 -304.18 -0.29 -0.22 0.74 
-46.92 -1.68 -287.25 1.01 -0.47 0.67 
-8.39 0.54 -262.67 -0.04 -0.27 0.80 
19.32 1.89 -263.78 -0.63 -0.15 0.73 
11.72 1.69 -281.10 -0.68 -0.25 0.77 
-29.24 -1.23 -299.85 0.36 -0.22 0.49 
-120.82 -0.09 -273.71 0.00 -0.24 0.35 
-247.09 1.50 -278.57 -0.34 -0.45 0.00 
-247.09 0.33 -302.32 0.20 -0.81 -1.51 
-45.06 -1.13 -281.07 0.79 0.00 -1.14 
7.39 -1.71 -292.46 0.88 0.00 -1.13 
-101.88 -0.16 -300.96 0.13 -0.21 -0.81 
12.39 -0.18 -296.27 0.18 -0.19 -1.05 
144.04 -1.64 -290.95 0.84 -0.21 -0.63 
89.20 -2.20 -325.32 1.29 -0.57 -1.33 
-23.98 -0.96 -309.67 0.47 -0.83 -0.44 
253.17 -1.79 -268.63 0.58 -0.31 0.02 
26.46 2.54 -273.08 -0.72 -0.41 0.30 
-71.26 -2.73 -283.39 1.60 -0.68 0.72 
-11.70 0.93 -265.83 -0.29 -0.50 0.81 
-5.43 1.88 -262.80 -0.60 -0.42 0.55 
17.39 1.52 -272.46 -0.59 -0.41 0.73 
-50.38 -2.84 -264.52 1.71 -0.58 0.51 
-73.06 0.42 -258.35 -0.17 -0.34 0.57 
-229.67 -1.51 -283.63 0.64 -0.87 0.24 
-247.09 -0.22 -274.49 0.35 -0.93 -0.96 
-55.07 -1.48 -240.74 1.19 -0.10 -1.10 
25.87 -2.24 -248.35 1.04 -0.12 -0.99 
-70.33 -0.46 -260.12 0.27 -0.30 -0.99 
-4.62 -0.75 -251.09 0.46 -0.32 -0.91 
-1.12 -1.38 -230.56 0.81 -0.13 -0.87 
58.38 -1.76 -238.83 1.02 -0.37 -1.26 
253.17 -1.01 -204.04 0.53 -0.69 0.13 
35.40 2.21 -194.37 -0.62 -0.24 0.52 
5.82 1.67 -212.87 -0.44 -0.32 0.49 
13.72 0.04 -201.57 0.09 -0.84 0.72 
25.91 1.77 -184.58 -0.52 -0.30 0.64 
10.28 1.97 -192.42 -0.73 -0.19 0.66 
-5.05 1.23 -216.94 -0.34 -0.21 0.60 
-102.62 -0.70 -185.95 0.18 -0.40 0.31 
-247.09 0.10 -220.07 0.00 -0.54 -0.28 
-247.09 -0.27 -227.92 0.76 -0.65 -2.27 
-247.09 -0.96 -196.78 0.73 0.00 -1.18 
-97.12 -1.33 -191.43 1.07 0.45 -0.87 
19.33 -1.05 -213.76 0.56 0.07 -0.94 
0.00 -0.17 -213.46 0.18 0.06 -1.16 
22.89 -0.80 -205.93 0.39 -0.06 -0.79 
-3.03 -0.89 -212.70 0.41 0.07 -1.33 
253.17 -0.54 -207.24 0.48 -1.14 -1.15 
194.29 0.64 -217.28 0.00 0.29 0.22 
56.53 2.30 -230.46 -0.77 -0.17 0.59 
30.16 -0.77 -251.49 0.19 -0.23 0.49 
55.40 0.47 -234.63 -0.07 -0.51 0.85 
-5.47 2.10 -228.04 -0.74 -0.16 0.72 
16.76 1.78 -243.76 -0.65 -0.20 0.70 
-42.16 -2.44 -245.28 1.14 -0.39 0.66 
-133.70 0.03 -233.35 0.00 -0.57 0.39 
-247.09 1.08 -261.65 -0.30 -0.68 -0.28 
62.77 -0.18 -237.53 0.24 -0.75 -1.10 
22.84 -1.12 -229.43 0.57 -0.33 -0.87 
41.13 -2.09 -243.58 0.95 0.00 -0.93 
-23.14 -0.58 -255.69 0.35 -0.14 -0.98 
23.57 -0.29 -254.10 0.21 -0.20 -1.10 
31.60 -1.41 -235.01 0.88 -0.09 -0.87 
-27.07 -2.00 -247.49 0.96 -0.10 -1.06 
253.17 -0.40 -253.81 0.33 -0.87 -1.29 
253.17 -0.52 -230.78 0.34 -1.20 -0.09 
6.32 2.86 -214.85 -0.53 -0.47 0.31 
87.08 2.01 -234.74 -0.65 -0.28 0.49 
-101.25 -2.07 -231.41 1.50 -0.54 0.87 
61.79 0.87 -213.89 -0.29 -0.62 0.70 
-1.95 2.04 -210.53 -0.77 -0.14 0.74 
27.13 1.45 -229.92 -0.58 -0.26 0.82 
57.17 -1.00 -251.13 0.29 -0.16 0.54 
51.81 -1.24 -234.57 0.58 -0.23 0.65 
-212.74 3.10 -216.39 -0.67 0.01 0.22 
-247.09 0.79 -266.99 -0.36 -1.06 -0.25 
253.17 -1.42 -248.16 0.75 -0.15 -1.29 
92.55 -1.01 -232.19 0.86 -0.16 -1.07 
66.74 -1.85 -243.53 0.89 -0.13 -0.94 
-5.05 0.05 -255.10 0.08 -0.06 -1.07 
38.83 -0.07 -246.26 0.10 -0.12 -1.27 
38.16 -0.79 -228.00 0.36 -0.22 -0.82 
253.17 -2.32 -259.41 1.66 -0.32 -1.64 
253.17 0.17 -244.48 -0.04 -1.17 -0.35 
-53.48 1.68 -243.27 -0.40 -0.22 0.58 
45.24 1.86 -266.07 -0.65 -0.20 0.58 
-90.63 -1.58 -252.47 1.03 -0.61 0.71 
42.44 0.85 -231.22 -0.22 -0.38 0.84 
18.18 1.85 -228.62 -0.71 -0.16 0.83 
11.27 1.79 -253.94 -0.64 -0.23 0.63 
-130.72 -1.38 -236.26 1.04 -0.78 0.74 
7.36 0.60 -210.27 -0.10 -0.14 0.62 
-247.09 0.75 -238.79 -0.15 -0.29 0.12 
-247.09 -0.73 -258.79 0.57 -1.25 -0.82 
-210.74 -0.34 -243.60 0.12 -0.46 -1.04 
35.83 -0.65 -235.94 0.78 0.04 -1.41 
-9.52 -1.34 -243.87 0.66 0.03 -0.98 
-10.01 0.33 -248.10 -0.02 -0.25 -1.09 
13.47 -0.75 -225.69 0.51 -0.18 -1.02 
19.24 -0.91 -229.23 0.58 0.03 -1.51 
253.17 -0.53 -228.31 0.44 -1.00 -0.93 
229.24 2.33 -218.55 -0.18 -0.05 0.19 
74.05 2.56 -226.58 -0.72 0.01 0.49 
2.02 0.60 -251.55 -0.14 -0.26 0.60 
67.75 -0.36 -237.38 0.24 -0.43 0.64 
52.70 1.65 -222.19 -0.63 -0.22 0.80 
22.39 1.39 -253.14 -0.49 -0.17 0.71 
-10.05 -0.07 -234.44 0.39 -0.96 0.54 
30.78 -1.11 -211.91 0.70 -0.06 -1.19 
-46.00 -1.01 -210.22 0.74 -0.08 -1.20 
-67.27 -1.08 -213.93 0.49 -0.15 -0.86 
-6.59 -0.33 -212.62 0.25 -0.17 -1.05 
29.51 -1.16 -199.71 0.58 -0.06 -0.82 
11.94 -1.59 -212.26 0.79 -0.01 -1.30 
253.17 0.03 -220.67 0.09 -0.98 -1.01 
91.41 0.15 -185.33 0.15 -0.41 0.22 
84.23 2.29 -192.07 -0.48 -0.27 0.26 
-32.14 0.95 -206.36 -0.29 -0.26 0.66 
-43.98 -1.45 -202.30 0.64 -0.55 0.72 
-1.64 1.42 -181.66 -0.47 -0.49 0.67 
17.59 1.64 -183.00 -0.62 -0.31 0.76 
19.45 1.93 -194.62 -0.69 -0.34 0.65 
-40.06 -1.93 -212.46 0.81 -0.57 0.53 
-208.96 -1.50 -175.04 0.25 -0.49 0.10 
-247.09 -0.48 -193.80 0.09 -0.56 0.61 
-247.09 -0.76 -161.61 0.83 -1.15 -0.90 
43.14 -0.35 -150.20 0.25 -0.29 -1.25 
-23.03 -1.23 -142.24 0.76 0.09 -1.03 
-16.68 -1.11 -154.66 0.57 -0.06 -0.96 
1.11 -0.04 -163.90 0.13 -0.12 -1.08 
38.18 -0.54 -155.62 0.37 -0.25 -1.13 
28.80 -1.51 -145.68 0.92 0.07 -0.89 
168.56 -1.54 -157.61 1.04 -0.55 -1.35 
253.17 -0.26 -123.24 0.21 -0.60 -0.32 
197.36 -0.08 -83.78 0.17 -0.54 0.23 
110.29 1.88 -94.07 -0.57 -0.45 0.43 
85.04 2.41 -117.04 -0.52 -0.25 0.19 
79.23 0.52 -103.43 -0.11 -0.79 0.71 
22.36 2.18 -89.82 -0.78 -0.30 0.63 
12.27 2.23 -96.29 -0.81 -0.28 0.57 
44.85 1.53 -114.74 -0.46 -0.32 0.51 
-45.81 -0.09 -87.84 0.06 -0.26 0.49 
-247.09 0.74 -93.86 -0.26 -0.35 0.40 
-232.86 -1.21 -93.19 0.73 -1.11 -0.78 
-177.65 0.24 -77.87 0.11 -0.31 -1.36 
19.05 -0.95 -59.69 1.04 0.06 -1.56 
-32.88 -1.28 -65.21 0.62 0.03 -0.90 
-7.97 0.11 -68.33 0.03 -0.13 -1.14 
19.53 -0.13 -62.57 0.12 -0.18 -1.05 
21.03 -0.82 -58.39 0.87 0.13 -1.49 
253.17 -0.20 -66.48 0.21 -1.28 -1.79 
253.17 0.94 -43.94 -0.08 -0.15 0.43 
166.17 2.14 -46.77 -0.73 0.04 0.71 
46.83 2.62 -75.24 -0.36 0.00 0.16 
30.27 0.25 -68.26 0.02 -0.71 0.80 
19.56 0.94 -57.24 -0.28 -0.25 0.88 
-0.18 2.22 -66.31 -0.87 -0.14 0.67 
42.52 0.98 -89.43 -0.26 -0.29 0.60 
-13.48 -0.88 -78.89 0.65 -0.70 0.81 
-119.83 0.49 -40.88 -0.15 -0.29 0.55 
-184.26 2.24 -56.94 -0.45 0.19 0.31 
-247.09 -0.64 -95.56 0.66 -1.87 -1.01 
71.43 -0.43 -94.78 0.35 -0.35 -1.15 
70.35 -1.07 -91.81 0.79 0.02 -1.24 
8.75 -1.18 -106.12 0.63 -0.01 -1.06 
-5.85 0.10 -113.81 0.05 -0.11 -0.97 
-1.43 0.03 -107.55 0.08 -0.13 -0.86 
5.56 -1.03 -99.80 0.80 0.07 -1.15 
149.72 -1.44 -110.83 0.87 -0.30 -1.25 
253.17 -0.34 -92.58 0.24 -0.89 -0.80 
253.17 2.53 -85.40 -0.37 -0.15 0.22 
64.80 1.78 -96.97 -0.44 -0.24 0.48 
-72.00 -1.00 -101.24 0.42 -0.43 0.89 
-40.69 0.91 -85.29 -0.31 -0.52 0.73 
-4.34 2.29 -79.93 -0.77 -0.28 0.52 
7.01 1.83 -89.41 -0.66 -0.35 0.64 
-32.40 -1.33 -101.55 0.46 -0.46 0.65 
-34.02 0.29 -88.91 -0.08 -0.46 0.59 
-247.09 0.05 -104.78 -0.06 -0.37 0.33 
-247.09 -0.77 -108.61 0.50 -1.14 -0.75 
-8.69 -1.08 -78.42 0.78 -0.43 -1.32 
69.91 -1.61 -68.23 0.87 -0.01 -0.96 
50.39 -1.44 -82.37 0.72 -0.05 -0.95 
-24.55 0.20 -87.74 0.04 -0.08 -1.01 
3.36 -0.24 -82.84 0.16 -0.19 -1.09 
15.73 -0.84 -77.29 0.75 0.15 -1.35 
253.17 -0.65 -83.97 0.65 -0.92 -1.70 
253.17 -0.32 -63.80 0.26 -1.04 -0.04 
66.81 1.82 -53.60 -0.41 -0.39 0.43 
20.19 1.57 -70.07 -0.45 -0.06 0.65 
-68.37 -1.18 -67.83 0.78 -0.77 0.85 
-25.02 1.47 -46.36 -0.50 -0.38 0.66 
13.63 -0.75 12.44 0.82 -0.11 -1.36 
14.29 0.02 -2.53 0.09 -0.32 -1.24 
19.21 -1.07 6.84 0.61 -0.09 -0.97 
-1.42 -1.23 4.33 0.65 0.02 -0.98 
253.17 -1.09 38.00 1.42 -1.55 -2.05 
146.64 -0.06 50.24 -0.03 -1.44 -0.24 
253.17 0.99 66.89 -0.19 -0.63 0.09 
18.73 2.22 59.86 -0.60 0.00 0.56 
-28.16 -0.29 47.26 0.10 -0.21 0.78 
11.00 1.25 60.88 -0.32 -0.40 0.61 
4.92 2.37 67.78 -0.78 -0.20 0.55 
34.36 2.30 60.94 -0.86 -0.06 0.58 
-109.28 -1.51 64.14 0.87 -0.79 0.65 
-105.08 0.75 73.24 -0.23 -0.22 0.59 
-196.71 0.51 36.98 -0.04 -1.28 0.18 
-247.09 -1.28 17.99 0.39 -0.68 -0.92 
-120.60 -1.20 30.26 0.63 0.32 -0.90 
-19.14 -1.34 22.83 0.69 -0.02 -0.93 
-36.76 -0.50 14.78 0.35 -0.13 -0.98 
18.27 -0.32 21.15 0.28 -0.15 -1.14 
22.33 -0.99 29.55 1.06 -0.07 -1.35 
253.17 -0.88 26.18 0.71 -0.86 -1.48 
150.20 -0.85 53.72 0.42 -0.87 -0.34 
245.06 1.96 62.97 -0.31 -0.18 0.30 
16.59 2.10 46.96 -0.62 -0.32 0.50 
-6.41 -1.18 44.91 0.50 -0.33 0.89 
-73.98 1.09 59.23 -0.37 -0.55 0.66 
5.20 2.16 58.99 -0.82 -0.30 0.64 
-37.84 -0.39 42.93 0.08 -0.22 0.45 
-83.30 0.12 48.02 -0.04 -0.46 0.29 
-247.09 -0.22 37.59 0.24 -1.14 -0.47 
-141.82 -0.05 31.31 0.21 -1.01 -1.00 
78.56 -1.19 41.59 0.83 -0.53 -1.01 
36.78 -1.49 35.11 0.65 -0.27 -0.79 
-2.64 -0.24 31.63 0.19 -0.45 -0.91 
-8.93 -0.84 30.54 0.57 -0.35 -0.97 
224.65 -1.58 30.26 1.09 -0.86 -1.10 
133.55 -1.14 80.21 0.54 -1.13 -0.27 
123.43 2.99 86.30 -0.50 0.07 0.25 
35.13 1.79 74.38 -0.41 -0.33 0.50 
-13.95 0.29 55.41 -0.04 -0.54 0.52 
22.56 0.87 60.42 -0.26 -0.55 0.72 
14.95 1.55 71.64 -0.54 -0.38 0.75 
20.42 1.92 56.62 -0.56 -0.30 0.47 
-62.47 -1.39 56.80 0.79 -0.60 0.93 
-143.80 1.55 75.68 -0.34 -0.27 0.31 
-247.09 0.11 48.90 0.00 -0.33 -0.35 
-247.09 -0.20 63.09 0.65 -0.76 -2.05 
10.51 -0.60 66.64 0.40 -0.13 -1.26 
-24.18 -1.38 65.23 0.70 0.06 -0.92 
15.36 -0.92 54.53 0.51 -0.01 -1.01 
-11.51 0.08 50.79 0.07 -0.19 -1.08 
49.39 -1.11 55.84 0.56 -0.12 -0.83 
42.17 -1.17 45.22 0.64 -0.04 -1.30 
253.17 -0.61 53.84 0.44 -1.10 -1.01 
253.17 -0.15 75.90 0.12 -0.52 0.10 
120.15 2.26 70.89 -0.54 -0.45 0.19 
26.68 0.59 56.89 -0.12 -0.43 0.58 
11.43 0.00 70.62 0.09 -0.56 0.68 
11.48 1.58 81.77 -0.56 -0.46 0.66 
-8.39 1.60 73.04 -0.65 -0.36 0.75 
-67.64 -1.15 56.90 0.32 -0.39 0.49 
-64.44 -0.88 85.50 0.29 -0.47 0.38 
-24.89 -0.93 8.33 0.46 0.02 -1.05 
-16.86 0.57 4.18 -0.17 -0.19 -1.16 
53.47 -0.39 7.10 0.27 0.02 -1.07 
-42.31 1.36 25.96 -0.23 -0.21 0.32 
12.40 0.45 35.98 -0.10 -0.54 0.79 
13.32 1.87 41.82 -0.65 -0.51 0.55 
4.10 1.47 32.86 -0.54 -0.48 0.63 
-133.47 -0.80 95.75 0.78 -0.19 -1.40 
-0.08 -1.22 103.07 0.86 -0.01 -1.02 
-45.56 -1.34 95.93 0.58 -0.08 -0.91 
-14.56 -0.31 93.91 0.19 -0.07 -0.91 
6.72 -0.46 100.55 0.30 -0.05 -0.96 
18.34 -0.87 104.56 0.74 0.08 -1.49 
107.55 -0.67 97.07 0.44 -0.31 -1.42 
253.17 -0.16 103.81 0.13 -0.80 -0.88 
253.17 0.42 113.56 -0.03 -0.85 0.00 
59.71 1.98 104.70 -0.58 -0.29 0.61 
2.46 -1.36 86.40 0.44 -0.31 0.68 
2.88 0.02 103.54 0.01 -0.58 0.77 
14.50 1.69 111.15 -0.59 -0.29 0.76 
24.45 1.31 87.33 -0.48 -0.40 0.79 
-34.60 -1.89 74.36 0.76 -0.31 0.61 
-59.70 -0.38 105.18 0.16 -0.35 0.67 
-217.47 2.48 117.22 -0.73 -0.10 0.39 
-247.09 -0.01 122.29 0.30 -1.18 -0.65 
-115.57 0.23 143.74 0.07 -0.04 -1.33 
69.72 -0.71 142.24 0.46 0.18 -1.14 
-39.76 -0.29 133.93 0.25 0.09 -1.09 
5.19 0.69 132.81 -0.20 -0.23 -1.16 
-3.32 -0.40 149.37 0.33 0.03 -1.07 
18.91 -1.00 136.45 0.64 0.12 -1.42 
253.17 -0.44 136.18 0.30 -0.69 -1.11 
59.91 2.51 152.33 -0.31 -0.02 0.35 
74.94 2.40 146.42 -0.65 -0.15 0.51 
18.48 1.22 123.22 -0.27 -0.25 0.38 
-79.36 -0.40 132.51 0.23 -0.55 1.02 
30.72 0.25 145.51 0.00 -0.73 0.72 
15.24 1.94 146.02 -0.75 -0.27 0.73 
-1.96 0.77 130.88 -0.18 -0.35 0.62 
-41.74 -0.50 152.56 0.13 -0.38 0.26 
-247.09 0.01 133.47 -0.13 -0.58 0.04 
-132.82 -0.59 124.96 0.66 -1.00 -1.39 
-132.27 0.13 164.03 0.26 -0.11 -1.65 
36.05 -1.39 173.35 0.90 -0.05 -0.98 
-24.89 -1.53 166.62 0.79 -0.08 -1.03 
-42.85 -0.42 163.82 0.22 -0.10 -0.97 
-13.30 -1.00 180.38 0.65 0.12 -1.24 
253.17 -0.18 177.49 0.11 -0.81 -1.31 
233.43 1.64 208.89 -0.34 -0.60 0.00 
242.64 0.92 203.42 -0.19 -0.20 0.62 
-9.83 1.30 186.28 -0.37 -0.23 0.61 
-88.17 -2.03 191.16 1.16 -0.68 0.67 
41.62 0.94 210.98 -0.27 -0.38 0.79 
-2.41 1.88 212.39 -0.67 -0.40 0.64 
0.78 1.43 202.50 -0.51 -0.33 0.75 
-47.95 -1.28 195.83 0.51 -0.51 0.63 
-145.63 -0.13 214.58 -0.01 -0.45 0.32 
-247.09 0.76 221.93 -0.11 -0.56 -0.15 
-247.09 -0.67 214.83 1.02 -1.15 -1.91 
2.87 -0.33 219.28 0.27 -0.37 -1.03 
50.21 -1.56 227.95 1.01 0.10 -1.03 
17.76 -1.51 216.96 0.85 -0.16 -0.99 
5.21 -0.56 208.51 0.31 -0.27 -0.99 
-9.47 -0.70 218.62 0.40 -0.15 -0.89 
21.85 -0.85 242.82 0.87 0.16 -1.23 
62.69 -1.43 226.43 0.78 -0.25 -1.12 
230.14 -0.59 236.38 0.16 -1.09 -0.99 
253.17 -0.09 261.61 0.15 -0.59 -0.15 
50.89 2.16 254.48 -0.58 -0.32 0.44 
45.53 -0.46 233.53 0.11 -0.35 0.49 
26.97 -0.89 247.33 0.48 -0.49 0.73 
81.61 1.12 271.71 -0.29 -0.37 0.71 
17.52 1.21 258.79 -0.44 -0.07 0.89 
-2.30 1.21 230.13 -0.34 -0.32 0.70 
-79.05 -2.44 213.58 1.50 -0.31 0.83 
-65.46 -0.90 234.10 0.33 -0.55 0.72 
-247.09 1.56 250.20 -0.20 -0.26 0.00 
-247.09 0.43 199.84 0.17 -1.57 -1.02 
37.44 -0.84 215.88 0.52 -0.27 -1.26 
124.51 -1.79 227.27 0.73 0.06 -0.86 
44.97 -1.56 223.96 0.65 0.19 -0.89 
-10.23 -0.71 217.69 0.41 -0.02 -0.91 
2.86 -0.34 220.27 0.29 -0.12 -1.22 
6.00 -1.31 238.42 0.69 -0.09 -0.88 
32.65 -1.48 224.68 0.84 -0.18 -1.37 
253.17 -0.16 234.91 0.14 -1.06 -0.58 
219.27 0.06 249.36 0.11 -0.66 0.02 
22.35 2.46 252.15 -0.53 -0.18 0.35 
3.86 0.61 238.38 -0.14 -0.10 0.56 
-20.88 0.79 247.08 -0.27 -0.68 0.67 
-3.50 1.00 255.88 -0.33 -0.65 0.73 
10.40 1.61 245.52 -0.56 -0.49 0.59 
-32.30 -1.44 254.35 0.74 -0.70 0.57 
-228.95 0.16 263.07 -0.06 -0.49 0.07 
-247.09 -0.04 238.52 0.35 -1.02 -1.14 
-42.02 -0.06 252.17 0.17 -0.46 -1.26 
62.33 -1.53 266.44 0.83 0.01 -0.91 
2.43 -1.79 253.45 0.84 -0.01 -0.86 
-8.29 -0.61 246.15 0.36 -0.14 -0.97 
-1.93 -0.69 252.34 0.37 -0.09 -0.94 
-35.43 -0.94 251.99 0.79 0.00 -1.67 
253.17 -0.51 251.56 0.40 -0.74 -1.21 
234.76 -0.57 272.02 0.31 -0.95 -0.61 
248.25 3.58 271.98 -0.74 0.13 0.09 
-21.92 1.55 264.31 -0.34 -0.06 0.53 
14.91 0.09 270.55 0.10 -0.68 0.92 
33.14 1.33 282.65 -0.37 -0.45 0.62 
10.25 1.79 284.87 -0.59 -0.29 0.68 
83.07 2.22 274.41 -0.72 -0.12 0.57 
-64.89 -1.50 274.20 0.90 -0.83 0.55 
-247.09 0.14 294.25 -0.13 -0.45 0.13 
-247.09 -0.22 259.71 0.43 -1.28 -0.94 
-247.09 0.17 270.76 0.24 -0.37 -1.72 
-27.80 -1.39 289.06 0.75 0.01 -1.00 
-32.48 -1.57 288.53 0.74 0.02 -0.99 
-27.15 -0.88 287.59 0.55 -0.10 -0.98 
58.33 -0.56 284.80 0.31 -0.19 -0.99 
23.42 -1.62 289.58 0.88 -0.07 -0.88 
253.17 -0.49 301.16 0.16 -0.93 -1.11 
253.17 -0.66 301.86 0.44 -1.10 -0.08 
38.54 0.82 319.11 -0.05 0.10 0.49 
-62.40 1.73 300.12 -0.48 -0.14 0.61 
34.34 0.47 269.52 -0.09 -0.28 0.74 
-6.89 -0.26 280.03 0.23 -0.62 0.87 
10.12 0.62 304.56 -0.12 -0.30 0.66 
12.38 1.36 293.78 -0.49 -0.18 0.82 
11.11 1.35 292.27 -0.48 -0.16 0.80 
-247.09 2.46 307.54 -0.48 -0.09 0.22 
-4.28 -1.60 285.81 0.77 0.00 -0.89 
-25.78 -0.89 283.04 0.46 -0.07 -0.92 
8.69 -0.30 293.66 0.27 -0.15 -1.20 
33.37 -1.26 301.99 0.71 0.07 -0.93 
26.86 -1.49 292.65 0.75 -0.10 -0.98 
253.17 -0.41 293.15 0.41 -1.02 -0.89 
190.89 -0.41 326.08 0.35 -0.75 0.15 
56.61 0.57 -323.99 -0.02 -0.16 0.62 
15.08 2.08 300.84 -0.47 -0.18 0.42 
15.81 -0.87 305.50 0.52 -0.60 0.80 
-0.18 0.22 316.31 0.01 -0.39 0.87 
4.77 1.09 313.65 -0.40 -0.28 0.86 
-39.68 0.15 299.85 0.00 -0.37 0.73 
6.69 -1.06 307.51 0.53 -0.66 0.53 
-111.45 -0.35 -318.74 0.08 -0.37 0.37 
-247.09 -0.75 -309.20 0.08 -0.31 0.15 
-39.56 0.21 -296.47 0.26 -0.63 -1.44 
14.67 0.00 -288.16 0.22 -0.16 -1.25 
35.36 -0.64 -290.18 0.56 0.05 -1.25 
-24.27 -0.94 -295.62 0.46 -0.04 -0.98 
-37.01 -0.15 -300.81 0.23 -0.09 -1.08 
-39.46 -0.16 -293.54 0.15 -0.05 -1.09 
75.57 -1.47 -299.06 1.13 0.07 -1.23 
253.17 -0.91 -319.82 0.97 -0.75 -1.75 
253.17 -1.27 -321.90 0.26 -0.10 -0.27 
118.91 1.94 -319.25 -0.61 -0.38 0.55 
-11.32 1.20 321.74 -0.25 -0.03 0.38 
94.72 0.25 320.81 0.19 -0.51 0.79 
-47.62 0.41 -324.24 -0.08 -0.02 0.91 
8.10 1.15 -326.57 -0.42 -0.31 0.87 
-21.06 0.29 313.13 -0.08 -0.30 0.96 
11.95 -1.72 -324.50 0.81 -0.44 0.43 
-229.65 1.89 -262.63 -0.83 0.41 0.34 
-83.98 -0.03 -272.05 0.47 -1.35 -1.15 
-213.93 0.11 -249.85 0.25 -0.33 -1.65 
-19.74 -0.73 -236.08 0.53 -0.18 -1.05 
-5.32 -0.77 -220.36 0.86 0.11 -1.40 
-8.62 -0.80 -228.75 0.46 -0.05 -0.98 
2.98 -0.39 -230.35 0.25 -0.21 -1.00 
34.89 -0.97 -221.43 0.54 -0.16 -0.90 
78.81 -1.51 -232.85 0.80 -0.14 -1.38 
103.02 -0.90 -204.16 0.64 -0.75 0.25 
118.03 -0.10 -192.87 0.17 -0.55 0.56 
-0.26 1.94 -192.39 -0.42 -0.24 0.45 
-36.27 0.23 -206.29 -0.05 -0.41 0.56 
-2.98 -0.07 -197.46 0.11 -0.57 0.78 
-0.95 1.99 -186.50 -0.65 -0.28 0.66 
-0.48 1.67 -198.57 -0.54 -0.31 0.58 
3.33 0.35 -182.11 -0.04 -0.48 0.60 
-38.64 1.53 -177.66 -0.33 -0.23 0.36 
-155.76 -1.04 -195.37 0.35 -0.84 0.42 
-247.09 -0.86 -200.52 0.68 -0.79 -1.03 
19.61 -0.83 -177.55 0.57 -0.42 -1.12 
47.83 -1.13 -168.70 0.92 0.01 -1.08 
-24.70 -1.32 -172.46 0.69 -0.16 -0.91 
-0.25 -0.76 -170.35 0.48 -0.18 -1.03 
15.87 -1.29 -161.55 0.79 -0.06 -0.91 
124.95 -1.63 -177.78 1.02 -0.39 -1.22 
253.17 -0.94 -156.82 0.62 -1.01 -0.42 
102.40 -1.10 -147.27 0.38 -0.51 0.31 
-0.48 3.03 -148.86 -0.83 0.09 0.39 
-70.50 0.81 -158.99 -0.22 -0.76 0.59 
-0.55 -0.64 -152.58 0.38 -0.89 0.62 
18.90 1.12 -139.77 -0.35 -0.60 0.60 
7.22 2.13 -145.65 -0.77 -0.43 0.53 
4.27 1.15 -160.31 -0.34 -0.49 0.49 
21.95 0.65 -151.23 -0.15 -0.47 0.48 
-164.85 1.33 -153.72 -0.23 -0.22 0.22 
-218.31 -0.37 -182.96 0.29 -1.21 -0.32 
-247.09 -0.04 -179.85 0.31 -0.54 -1.36 
62.01 -0.89 -167.40 0.58 0.12 -1.15 
17.95 -0.99 -167.81 0.60 0.19 -1.10 
19.00 -1.51 -180.46 0.78 -0.02 -0.86 
2.75 -0.59 -176.85 0.39 -0.10 -1.08 
2.91 -1.08 -168.29 0.55 -0.17 -0.83 
-63.03 -1.55 -184.54 0.76 -0.04 -1.59 
253.17 -0.92 -185.97 0.58 -0.84 -1.07 
253.17 -0.44 -179.93 0.36 -0.64 0.04 
152.88 1.65 -175.09 -0.38 -0.37 0.35 
75.67 2.37 -200.40 -0.67 -0.07 0.47 
17.17 -0.10 -191.60 0.19 -0.59 0.78 
0.91 -0.16 -170.18 0.10 -0.39 0.80 
-28.58 2.10 -159.96 -0.71 0.00 0.64 
17.26 1.51 -176.68 -0.60 0.00 0.87 
-59.95 -0.57 -206.34 0.19 -0.29 0.48 
24.73 -1.60 -183.66 0.57 -0.36 0.58 
-201.53 1.22 -165.89 -0.30 -0.19 0.40 
-247.09 -2.41 -184.58 0.52 -0.43 0.12 
-151.83 -0.65 -173.40 0.71 -0.15 -1.46 
24.29 -0.72 -166.74 0.76 0.36 -1.22 
-16.75 -1.31 -172.76 0.56 -0.01 -0.89 
78.61 0.07 -163.67 0.01 -0.50 -1.26 
70.28 -1.62 -157.28 1.00 0.11 -0.78 
174.47 -1.24 -176.75 0.76 -0.51 -1.25 
253.17 -0.19 -167.24 0.45 -1.36 -0.81 
240.20 0.01 -159.23 0.10 -0.13 0.34 
50.31 2.58 -165.80 -0.69 -0.08 0.47 
11.39 1.36 -186.82 -0.33 -0.23 0.48 
19.46 -0.35 -177.60 0.29 -0.74 0.74 
40.76 1.17 -163.89 -0.32 -0.43 0.69 
16.91 1.58 -173.73 -0.66 -0.33 0.88 
-38.09 -2.68 -202.00 1.04 -0.25 0.72 
19.59 -0.53 -180.55 0.32 -0.56 0.65 
-115.37 2.20 -164.42 -0.60 -0.05 0.44 
-247.09 -0.72 -202.22 0.31 -0.94 -0.13 
-98.79 -0.66 -181.04 0.49 -0.42 -1.49 
69.46 -1.43 -161.23 1.43 0.08 -1.47 
-80.69 -1.07 -172.21 0.49 -0.09 -0.93 
-51.90 0.63 -180.70 -0.18 -0.34 -1.15 
85.03 -1.31 -161.39 0.82 0.09 -0.96 
252.03 -1.52 -166.06 1.13 -0.60 -1.43 
253.17 0.38 -161.94 -0.17 -0.93 -0.66 
190.94 -0.36 -159.30 0.26 0.40 0.36 
82.47 1.82 -162.37 -0.62 -0.16 0.71 
7.73 -0.43 -174.07 0.11 -0.18 0.61 
7.59 0.19 -164.70 0.00 -0.39 0.80 
0.79 1.07 -156.83 -0.34 -0.30 0.84 
9.86 1.32 -164.64 -0.45 -0.30 0.82 
-65.05 -2.14 -155.68 1.44 -0.56 0.66 
-151.56 -0.01 -122.68 -0.01 -0.28 0.32 
-247.09 1.70 -123.40 -0.61 -0.68 -0.42 
-234.63 -0.02 -94.69 0.52 -0.38 -1.63 
50.01 -0.76 -81.87 0.76 0.32 -1.24 
22.38 -1.67 -95.85 0.84 0.04 -1.06 
-47.79 -0.07 -103.65 0.14 -0.05 -0.97 
-14.66 -0.33 -101.57 0.19 -0.14 -1.11 
67.05 -1.20 -84.50 0.60 0.00 -0.82 
36.30 -1.60 -97.20 0.83 -0.09 -1.05 
253.17 -0.24 -99.57 0.57 -1.15 -1.24 
253.17 -0.77 -95.16 0.32 -0.50 0.28 
13.28 1.84 -96.37 -0.48 -0.23 0.62 
-4.11 0.64 -110.24 -0.13 -0.28 0.49 
-20.58 0.39 -107.56 -0.03 -0.68 0.59 
15.56 1.47 -99.12 -0.50 -0.54 0.67 
-0.43 2.06 -106.87 -0.67 -0.39 0.54 
1.60 -1.09 -102.14 0.66 -0.79 0.66 
-105.93 1.17 -97.46 -0.24 -0.25 0.30 
-247.09 -1.12 -101.15 0.65 -0.95 -0.68 
-144.97 0.07 -91.22 0.30 -0.74 -1.38 
-10.76 -1.19 -78.07 0.72 -0.10 -0.99 
34.01 -1.23 -80.02 0.57 -0.02 -0.90 
-21.14 -0.79 -84.76 0.47 -0.18 -0.93 
-7.41 -0.52 -82.69 0.41 -0.21 -1.18 
-0.73 -1.71 -75.34 0.94 -0.11 -0.79 
211.46 -1.52 -89.01 0.93 -0.55 -1.03 
203.21 -0.58 -78.36 0.51 -0.98 -0.49 
253.17 -0.37 -75.45 0.20 -0.44 0.38 
36.75 0.92 -63.67 -0.17 -0.25 0.66 
-4.37 1.61 -69.48 -0.40 -0.23 0.61 
12.85 0.71 -87.10 -0.16 -0.35 0.51 
32.20 0.62 -68.37 -0.06 -0.42 0.73 
37.47 2.37 -59.34 -0.77 -0.21 0.53 
21.10 2.15 -67.28 -0.74 -0.16 0.61 
-10.57 0.88 -85.98 -0.26 -0.36 0.58 
-83.09 0.21 -65.87 -0.07 -0.30 0.40 
-247.09 0.65 -81.06 -0.15 -0.30 0.33 
-247.09 -0.78 -107.02 0.60 -1.19 -1.60 
-247.09 -0.27 -89.96 0.43 0.21 -1.24 
-3.37 -1.68 -90.07 1.11 0.11 -0.98 
-11.37 -1.65 -105.27 0.84 -0.21 -0.90 
-20.92 -0.32 -106.32 0.27 -0.37 -1.08 
29.27 -1.23 -96.42 0.59 -0.10 -0.82 
-23.56 -1.15 -92.75 0.73 -0.13 -1.22 
250.86 -2.19 -65.33 1.00 -0.03 -0.56 
251.59 -0.72 -65.05 0.22 -0.37 0.34 
20.73 1.17 -58.41 -0.26 -0.39 0.62 
13.77 1.54 -71.21 -0.45 -0.38 0.64 
-25.25 -1.70 -71.13 0.82 -0.63 0.59 
0.70 0.55 -59.89 -0.18 -0.70 0.79 
4.85 1.35 -60.14 -0.44 -0.45 0.70 
-4.45 1.27 -76.57 -0.40 -0.51 0.60 
13.22 -0.75 -61.10 0.41 -0.68 0.48 
-128.33 0.74 -46.97 -0.22 0.01 0.45 
-247.09 0.22 -48.19 0.16 -1.22 -1.28 
253.17 -0.60 -34.51 0.48 -0.08 -1.46 
-10.44 -0.95 -15.92 0.84 0.20 -1.43 
60.95 -1.70 -28.12 0.81 -0.09 -0.85 
-28.20 -0.43 -34.52 0.39 -0.06 -1.13 
41.44 -0.74 -27.26 0.38 -0.20 -0.93 
24.59 -0.59 -8.08 1.38 0.08 -1.45 
10.28 -1.82 -17.97 1.02 -0.05 -1.13 
46.31 -0.77 -29.89 0.22 -0.38 -1.27 
253.17 -1.07 -35.15 0.53 -0.53 -0.55 
253.17 2.99 -76.77 -0.40 -0.16 0.17 
39.65 0.22 -94.31 -0.06 -0.13 0.74 
-33.80 -0.82 -71.93 0.34 -0.41 0.72 
-31.97 0.32 -57.23 -0.02 -0.44 0.82 
-6.77 1.28 -68.24 -0.49 -0.39 0.93 
-81.69 -1.23 -80.68 0.48 -0.44 0.39 
21.72 -0.12 -66.80 0.04 -0.13 0.32 
-247.09 0.70 -25.75 -0.26 -0.74 -0.48 
-247.09 0.35 -39.26 0.24 -0.63 -1.53 
-159.14 0.00 -37.79 0.35 0.16 -1.27 
-9.76 -1.21 -44.65 0.63 -0.09 -1.10 
60.30 -1.50 -64.34 0.65 0.12 -0.80 
138.69 -0.51 -50.57 0.29 -0.10 -1.10 
42.40 -0.95 -37.75 1.17 0.25 -1.37 
253.17 -0.84 -56.34 0.86 -0.76 -1.54 
248.59 -1.05 -28.10 0.67 -1.37 -0.48 
200.25 2.96 -21.33 -0.21 -0.15 0.06 
20.27 2.36 -35.40 -0.72 -0.10 0.43 
-64.76 -1.05 -51.42 0.38 -0.42 0.63 
13.03 0.24 -36.08 -0.01 -0.48 0.65 
-15.98 1.68 -30.93 -0.85 -0.29 1.01 
16.07 1.97 -49.44 -0.54 -0.23 0.55 
-41.03 -0.69 -35.28 0.54 -0.82 0.66 
-170.04 1.87 -37.39 -0.44 -0.36 0.14 
-247.09 -1.07 -83.18 0.63 -1.47 -0.54 
127.73 -0.82 -68.92 0.68 -0.19 -1.19 
129.14 -1.42 -55.07 1.04 0.15 -1.18 
71.18 -1.98 -76.17 0.86 0.00 -0.83 
-1.63 -0.39 -87.51 0.28 -0.17 -0.91 
10.77 -0.84 -76.57 0.60 -0.19 -1.07 
22.34 -1.34 -70.07 0.68 -0.02 -0.82 
50.23 -1.16 -79.04 0.81 -0.43 -1.29 
253.17 -1.44 -69.66 1.03 -0.77 -0.48 
151.84 -0.83 -53.47 0.27 -0.17 0.39 
12.68 1.09 -49.19 -0.22 -0.21 0.62 
28.63 0.65 -67.10 -0.14 -0.30 0.65 
-22.85 -1.30 -60.49 0.63 -0.51 0.75 
-247.09 -0.81 -19.43 0.12 -0.88 0.52 
171.96 0.93 -23.41 -0.15 -0.83 0.65 
20.14 2.04 -38.55 -0.61 -0.33 0.60 
-3.92 -1.25 -59.32 0.32 -0.43 0.35 
-76.00 -0.56 -29.76 0.23 -0.73 0.44 
65.49 1.31 -37.72 -0.34 -0.10 0.47 
-247.09 -0.55 -34.59 0.37 -1.16 -0.89 
108.98 -0.18 -6.89 0.43 -0.16 -1.71 
69.83 -0.81 -4.55 0.78 0.43 -1.21 
-32.56 -1.47 -17.10 0.71 0.07 -0.99 
253.17 1.25 13.89 -0.11 -0.35 -0.24 
76.25 2.70 15.41 -0.87 0.15 0.47 
-12.73 1.27 2.49 -0.40 0.02 0.57 
-21.84 -1.77 3.72 0.98 -0.28 0.91 
3.64 0.92 18.93 -0.28 -0.22 0.94 
-8.86 1.82 17.58 -0.71 -0.17 0.83 
11.10 1.47 -1.50 -0.43 -0.21 0.59 
-35.77 -1.45 32.18 0.43 -0.25 0.47 
-238.72 2.14 34.94 -0.60 -0.09 0.36 
-247.09 -0.64 -8.57 0.71 -1.34 -1.41 
97.52 -0.64 -4.93 0.46 0.00 -1.31 
59.82 -1.56 1.66 1.16 0.09 -0.98 
40.00 -2.04 -16.72 0.99 -0.11 -0.90 
-14.43 -0.54 -16.48 0.25 -0.23 -0.94 
-7.28 -0.52 -7.01 0.30 -0.13 -0.88 
30.56 -0.41 6.16 0.66 0.05 -1.67 
253.17 -0.74 -14.69 1.06 -1.48 -2.11 
133.56 -0.02 8.29 0.10 -0.64 0.21 
102.60 1.44 15.28 -0.33 -0.35 0.47 
56.59 1.24 -1.61 -0.33 -0.12 0.70 
-30.27 -2.03 -10.64 0.99 -0.07 0.79 
-109.66 -0.91 12.75 0.45 -0.65 0.70 
54.63 1.20 16.67 -0.33 -0.38 0.78 
-16.97 1.37 6.35 -0.39 -0.25 0.84 
-26.72 -1.02 -5.03 0.56 -0.21 1.00 
-37.67 1.39 18.52 -0.29 -0.20 0.40 
-38.30 1.87 17.14 -0.55 -0.11 0.53 
-205.97 0.06 -6.90 -0.20 -1.35 -0.19 
-200.35 -0.84 -16.67 0.43 -0.63 -0.84 
40.01 -1.66 -7.91 1.15 0.39 -1.18 
42.68 -1.90 -23.59 0.89 0.06 -0.83 
-11.53 -0.55 -28.27 0.37 -0.25 -1.05 
-62.14 -0.43 -23.73 0.27 -0.13 -0.94 
43.09 -1.83 -8.80 1.21 -0.11 -0.90 
253.17 -1.57 -31.59 1.10 -0.74 -1.23 
253.17 -0.65 -66.59 0.23 -1.17 -0.73 
253.17 1.69 -79.71 -0.09 -0.01 0.19 
67.74 1.80 -85.26 -0.47 -0.15 0.64 
6.57 0.61 -103.95 -0.15 -0.14 0.66 
1.23 1.68 -53.36 -0.61 -0.20 0.78 
8.06 1.29 -67.02 -0.46 -0.27 0.77 
-25.31 -0.21 -86.76 0.12 -0.31 0.72 
-1.62 -0.75 -75.81 0.39 -0.56 0.63 
6.99 0.20 -47.05 0.00 -0.24 0.61 
-247.09 1.59 -62.44 -0.30 0.31 0.15 
-59.85 -0.09 -94.11 0.54 -1.33 -0.55 
-247.09 -0.49 -44.91 0.40 -0.49 -1.55 
-140.18 -0.98 -36.93 0.63 0.24 -1.00 
-34.16 -1.41 -46.16 0.73 0.00 -1.02 
20.76 -0.14 -60.06 0.23 -0.08 -1.03 
-31.19 -0.38 -54.34 0.27 -0.02 -1.07 
-2.58 -0.77 -41.41 0.77 0.12 -1.20 
-17.56 -0.71 -41.24 0.61 0.13 -1.26 
4.42 1.33 -72.42 -0.45 -0.38 0.76 
-96.38 0.20 -23.74 -0.05 -0.41 0.42 
-247.09 -0.24 -58.67 0.33 -1.06 -0.57 
-247.09 -0.25 -55.86 0.37 -0.70 -1.32 
31.50 -0.81 -41.26 0.52 0.07 -1.11 
76.20 -1.70 -29.91 1.20 0.13 -1.05 
-21.71 -1.27 -42.93 0.64 -0.01 -0.91 
2.92 -0.22 -45.46 0.21 -0.12 -1.08 
15.28 -0.86 -35.20 0.49 -0.03 -0.91 
104.03 -1.22 -32.41 0.96 -0.14 -1.14 
253.17 -1.76 -48.34 1.21 -0.65 -1.32 
253.17 0.03 -32.12 0.15 -0.85 -0.34 
43.67 1.64 -19.48 -0.39 -0.20 0.66 
48.27 1.03 -28.50 -0.20 -0.36 0.62 
-54.32 -1.29 -26.97 0.69 -0.58 0.76 
-7.16 0.43 -12.66 -0.09 -0.47 0.78 
-13.68 1.58 -11.97 -0.59 -0.34 0.74 
-1.84 1.28 -25.65 -0.37 -0.38 0.62 
21.92 -0.99 -11.18 0.53 -0.62 0.65 
-225.87 1.00 9.93 -0.25 -0.27 0.35 
-247.09 -0.28 -31.32 0.19 -0.94 -0.53 
-247.09 -0.45 -25.84 0.37 -0.71 -1.21 
-72.99 -0.42 -10.36 0.33 -0.05 -0.99 
51.03 -1.47 -1.07 1.04 0.17 -1.18 
40.85 -1.89 -12.14 0.89 -0.20 -0.77 
63.43 -1.35 -6.01 0.75 -0.14 -0.84 
253.17 -1.85 -11.52 1.04 -0.40 -1.32 
244.59 -0.45 -4.02 0.33 -1.06 -0.46 
208.22 -0.99 26.49 0.16 -0.10 0.13 
210.24 2.19 19.91 -0.49 -0.33 0.48 
16.04 2.35 7.81 -0.70 -0.16 0.44 
31.89 -1.40 -7.84 0.57 -0.24 0.98 
10.67 0.94 13.35 -0.34 -0.41 0.83 
15.40 2.46 13.22 -0.85 -0.15 0.58 
21.64 1.16 -1.53 -0.43 -0.21 0.83 
-54.32 -1.94 -4.72 1.04 -0.53 0.69 
-83.88 1.04 10.12 -0.24 -0.12 0.32 
-247.09 -1.45 -1.38 0.76 -0.96 -0.76 
-247.09 -0.14 6.15 0.36 -0.70 -1.43 
-210.58 -0.64 28.69 0.39 -0.44 -1.09 
-44.40 -1.10 29.70 0.71 -0.11 -1.10 
-4.15 -1.56 16.67 0.72 -0.17 -0.82 
-2.04 -0.70 14.82 0.47 -0.27 -1.06 
-13.56 -1.36 28.90 0.72 -0.29 -0.86 
36.59 -1.06 27.15 0.77 0.00 -1.22 
253.17 -0.67 15.73 0.57 -1.06 -0.99 
189.80 -1.25 29.09 0.44 -0.47 0.08 
145.06 1.01 39.07 -0.20 -0.26 0.57 
39.48 1.49 24.80 -0.37 -0.24 0.62 
-193.08 -1.22 38.91 0.43 -0.42 0.72 
43.77 0.73 52.39 -0.21 -0.59 0.69 
-11.01 1.22 36.96 -0.39 -0.28 0.74 
-13.48 -0.03 22.45 0.04 -0.42 0.71 
27.41 -0.71 36.65 0.23 -0.45 0.41 
-232.05 -0.21 65.07 0.04 -0.18 0.67 
-247.09 0.39 37.86 -0.21 -1.11 -0.25 
-247.09 -0.34 31.03 0.38 -0.29 -1.32 
165.20 -1.02 36.93 0.81 0.22 -1.36 
-3.46 -1.51 32.01 0.69 0.07 -0.95 
-25.01 -0.77 28.75 0.40 -0.05 -0.94 
3.83 -0.59 34.68 0.38 -0.03 -0.98 
31.90 -1.17 46.32 0.98 -0.05 -1.16 
253.17 -1.64 22.42 1.13 -0.48 -1.23 
253.17 -0.88 30.93 0.48 -1.12 -0.92 
253.17 -0.90 24.80 0.34 -0.34 0.33 
104.10 2.86 17.34 -0.69 -0.01 0.40 
-3.11 -1.37 -3.94 0.41 -0.25 0.67 
-13.61 0.01 7.60 0.02 -0.46 0.81 
-5.34 0.77 16.43 -0.23 -0.25 0.84 
8.83 1.76 6.43 -0.62 -0.24 0.73 
34.19 0.31 -9.30 -0.10 -0.07 0.86 
-49.91 -1.05 -0.74 0.56 -0.57 0.67 
-12.84 -0.16 26.86 0.09 -0.21 0.70 
-167.36 2.34 22.59 -0.61 0.20 0.23 
-247.09 -0.80 -8.39 0.69 -1.41 -0.43 
-247.09 -0.76 24.25 0.35 -0.42 -1.00 
-18.64 -1.04 16.36 0.57 -0.01 -1.05 
-3.73 -0.81 6.63 0.41 -0.05 -0.88 
37.37 0.00 6.01 0.10 -0.20 -1.10 
23.44 -1.13 18.52 0.57 -0.16 -0.87 
62.56 -1.51 10.94 0.63 0.26 -1.04 
65.89 -0.73 32.65 0.38 -1.08 -0.72 
253.17 0.02 38.46 0.06 -0.26 0.14 
119.38 1.38 27.01 -0.33 -0.36 0.58 
9.45 -1.11 7.23 0.39 -0.31 0.63 
-9.38 -0.78 32.53 0.42 -0.45 0.80 
29.15 1.44 38.82 -0.59 -0.16 0.90 
-32.22 0.94 15.23 -0.21 -0.40 0.64 
-13.07 -1.40 19.31 0.72 -0.68 0.54 
-121.39 0.48 27.84 -0.06 -0.17 0.24 
-247.09 -2.75 -5.59 1.88 -0.81 -1.01 
-247.09 -0.94 44.11 0.72 -0.15 -1.39 
-58.13 -0.74 59.41 0.38 0.28 -0.93 
-27.11 -0.60 61.22 0.52 0.53 -1.19 
-41.32 -1.05 51.47 0.60 0.00 -0.97 
-4.24 -0.38 43.38 0.24 -0.18 -0.90 
10.02 -0.73 54.50 0.40 -0.07 -0.96 
49.11 -1.63 66.36 1.18 0.08 -1.04 
-23.80 -1.72 48.00 1.07 -0.10 -1.41 
253.17 -0.40 46.80 0.25 -0.76 -0.79 
253.17 0.33 48.80 0.05 -0.54 0.05 
-4.04 0.36 109.40 -0.01 -0.36 0.70 
-11.80 1.87 111.61 -0.72 -0.14 0.79 
12.29 0.73 87.22 -0.24 -0.33 0.82 
-7.81 -1.25 102.99 0.77 -0.68 0.63 
-245.83 1.99 114.65 -0.28 0.12 0.18 
-247.09 -1.12 74.57 1.13 -1.19 -1.27 
-217.53 -0.41 90.95 0.39 0.00 -1.39 
-146.59 -0.85 122.03 0.71 0.38 -1.31 
-43.33 -1.53 109.50 0.83 0.09 -0.91 
6.65 0.94 106.06 -0.29 -0.13 -1.15 
-29.55 -0.38 120.72 0.27 -0.06 -0.98 
9.01 -0.84 129.69 0.89 0.25 -1.39 
253.17 -1.10 105.99 0.61 -0.38 -1.40 
253.17 -0.05 94.67 0.04 -1.05 -0.43 
172.23 0.19 80.15 0.13 -0.22 0.57 
30.09 2.39 70.31 -0.67 -0.06 0.45 
-236.43 -2.54 84.15 1.45 -0.18 0.80 
32.00 -0.33 96.38 0.11 -0.41 0.64 
19.47 -1.29 46.28 0.54 -0.49 0.46 
-247.09 1.19 71.48 -0.23 -0.31 0.21 
-247.09 0.32 61.43 0.35 -0.35 -2.02 
-247.09 -0.48 82.47 0.41 0.10 -1.30 
-14.61 -0.98 90.44 0.64 0.13 -1.03 
28.52 -1.43 72.36 0.71 -0.11 -1.00 
-10.21 -0.35 66.43 0.25 -0.12 -1.04 
-84.85 -0.99 96.23 0.37 -0.38 -0.69 
130.77 -0.99 78.54 0.47 0.34 -1.19 
253.17 -0.96 74.21 0.67 -0.73 -0.94 
253.17 -2.16 76.45 0.74 -0.23 0.23 
99.50 2.46 112.06 -0.53 0.19 0.42 
84.64 2.36 80.72 -0.79 -0.24 0.45 
-61.55 -2.66 84.14 2.15 -0.57 0.74 
26.95 0.67 100.86 -0.21 -0.48 0.76 
7.81 1.34 95.78 -0.51 -0.06 0.90 
-88.55 -0.20 70.20 0.18 -0.28 0.75 
32.62 -1.33 87.26 0.45 -0.62 0.19 
-247.09 1.25 59.22 -0.39 -0.59 0.10 
-247.09 -1.51 36.34 0.89 -1.01 -0.92 
-46.56 -0.48 51.29 0.36 -0.34 -1.08 
-8.14 -1.37 74.27 0.78 -0.13 -1.00 
31.69 -1.67 61.64 0.80 0.07 -0.96 
-26.79 -0.51 53.33 0.26 -0.09 -0.90 
-14.85 -0.21 59.81 0.20 -0.18 -1.03 
69.78 -1.15 79.68 0.73 -0.08 -0.96 
146.53 -1.08 60.15 0.93 -0.45 -1.45 
253.17 -0.51 55.56 0.31 -0.76 -0.40 
151.78 0.74 75.91 -0.06 -0.39 0.39 
1.10 2.33 69.60 -0.65 -0.03 0.49 
-70.58 -2.39 55.60 1.04 -0.41 0.59 
-29.34 -0.16 71.54 0.06 -0.68 0.49 
39.27 1.63 87.01 -0.67 -0.26 0.88 
15.97 1.83 75.15 -0.71 -0.53 0.59 
0.20 -1.52 60.58 0.60 -0.65 0.53 
-105.60 1.98 75.65 -0.59 0.00 0.40 
-247.09 0.88 63.54 -0.25 -0.70 0.11 
-247.09 -0.56 62.36 0.57 -0.75 -1.09 
49.10 -0.50 75.42 0.49 -0.05 -1.33 
70.04 -1.08 70.19 0.87 0.21 -1.35 
-8.08 -1.14 69.06 0.50 -0.14 -0.78 
29.03 -0.39 67.84 0.29 -0.18 -1.04 
-22.17 -0.59 80.58 0.46 -0.19 -0.99 
-8.98 -1.18 78.20 0.81 0.05 -1.34 
253.17 -0.85 82.96 0.59 -1.03 -1.22 
253.17 -1.41 85.39 0.67 -0.68 0.09 
44.31 2.57 95.78 -0.49 -0.14 0.40 
22.82 0.46 84.54 -0.13 -0.23 0.63 
-11.63 -0.12 83.20 0.11 -0.47 0.71 
2.52 1.07 89.79 -0.35 -0.44 0.80 
0.06 1.18 77.72 -0.42 -0.35 0.78 
-11.90 -1.57 59.71 0.63 -0.36 0.67 
-63.21 -0.05 86.81 0.03 -0.28 0.37 
-247.09 -1.18 80.27 0.13 -0.39 0.02 
-228.54 -0.20 82.21 0.49 -0.57 -1.58 
-29.27 -0.96 108.68 0.61 -0.03 -1.20 
5.40 -1.01 117.05 0.90 0.17 -1.15 
-27.79 -1.75 106.54 0.87 -0.07 -0.86 
-14.46 -0.36 98.66 0.25 -0.26 -1.02 
-7.50 -0.27 108.14 0.19 -0.23 -0.93 
71.24 -0.02 120.22 0.20 0.22 -1.59 
253.17 -1.04 116.06 0.81 -0.82 -1.06 
253.17 -1.38 124.47 0.87 -1.29 -0.14 
38.71 1.75 132.80 -0.16 -0.18 0.28 
35.56 2.21 121.01 -0.65 -0.01 0.50 
-45.71 -1.80 96.24 0.53 -0.23 0.51 
-108.40 -0.46 97.70 0.33 -0.11 -1.23 
48.85 -2.19 102.92 1.02 0.07 -0.75 
35.15 -2.02 87.45 1.00 0.03 -0.97 
-39.72 -0.34 80.45 0.24 -0.08 -1.01 
14.65 -0.24 85.86 0.21 -0.08 -1.01 
18.97 -1.19 99.39 1.02 0.33 -1.12 
253.17 -0.75 84.03 0.34 -0.74 -1.68 
253.17 -0.45 93.11 0.27 -0.88 -0.52 
46.98 1.11 97.68 -0.18 -0.24 0.54 
47.28 1.20 88.22 -0.35 -0.54 0.62 
22.07 0.84 67.44 -0.18 -0.22 0.52 
45.95 -0.25 84.68 0.21 -0.76 0.72 
22.21 1.87 104.21 -0.52 -0.33 0.54 
18.61 1.63 89.97 -0.62 -0.44 0.71 
-49.38 -0.18 72.05 0.08 -0.45 0.62 
-36.19 2.50 86.49 -0.14 -0.08 -0.01 
-247.09 -1.83 77.28 0.38 -0.54 -0.25 
-247.09 0.15 76.98 0.38 -0.57 -2.03 
-101.18 -0.89 96.79 0.47 0.09 -1.12 
73.05 -2.14 115.39 1.19 -0.06 -0.73 
-19.06 -1.36 99.03 0.67 -0.02 -1.07 
64.35 -1.14 92.22 0.58 -0.10 -0.80 
2.70 0.09 95.99 0.01 -0.34 -1.01 
93.48 -1.92 117.81 1.34 0.24 -1.05 
-3.36 -1.47 99.00 0.80 0.02 -1.08 
253.17 -0.01 57.91 0.11 -0.90 -1.78 
253.17 -0.59 49.06 0.21 -0.10 0.43 
119.40 1.33 23.00 -0.28 0.00 0.75 
-6.65 -0.65 3.40 0.12 -0.14 0.38 
-30.69 -0.63 25.52 0.38 -0.44 0.80 
9.71 1.09 35.62 -0.37 -0.12 0.93 
-6.00 1.65 19.20 -0.59 -0.20 0.81 
-47.79 -3.88 18.37 2.18 -0.15 0.18 
25.32 0.07 38.30 0.03 -0.18 0.57 
-247.09 0.58 75.43 -0.42 -0.35 -0.71 
103.92 0.73 93.97 -0.11 -0.59 -1.24 
32.30 -0.16 98.07 0.15 -0.04 -1.45 
34.82 -1.17 110.31 0.91 0.22 -1.23 
2.03 -1.19 91.15 0.61 0.13 -1.01 
0.48 -0.16 77.54 0.22 0.02 -0.95 
3.85 -0.19 91.53 0.17 -0.09 -1.11 
-9.44 -0.86 124.74 0.94 0.28 -1.42 
204.10 -0.79 114.45 0.51 -0.11 -1.21 
241.05 -1.14 96.42 0.86 -1.07 -0.53 
32.07 -0.67 95.13 0.31 0.03 0.55 
9.77 1.08 92.74 -0.17 -0.19 0.65 
-12.82 1.20 67.96 -0.36 -0.17 0.68 
-111.78 -0.71 85.44 0.47 -0.78 0.69 
57.44 0.13 103.08 0.05 -0.38 0.84 
-10.78 1.75 104.25 -0.60 -0.25 0.70 
8.88 0.96 83.69 -0.36 -0.24 0.87 
34.57 -2.41 101.86 1.84 -0.20 0.46 
-247.09 0.96 124.28 -0.31 -0.34 0.29 
-247.09 -0.70 124.05 0.43 -0.82 -0.83 
-167.26 0.19 138.90 0.12 -0.52 -1.60 
-28.59 -0.94 169.63 0.47 0.04 -1.08 
13.50 -0.81 170.00 0.64 0.28 -1.32 
-36.41 -0.58 157.32 0.32 0.10 -1.06 
-3.11 0.31 167.76 -0.08 -0.10 -1.18 
51.67 -0.36 176.32 0.22 -0.14 -0.94 
18.13 -1.26 152.86 0.77 0.17 -1.40 
253.17 0.67 123.09 -0.22 -1.02 -1.25 
253.17 -0.82 122.31 0.48 -0.64 -0.42 
202.72 1.65 113.86 -0.42 -0.15 0.50 
-20.17 0.44 82.13 -0.07 -0.04 0.60 
-26.95 -0.55 92.98 0.40 -0.50 0.75 
-10.41 1.09 111.16 -0.37 -0.24 0.93 
-1.44 1.33 104.15 -0.48 -0.25 0.82 
-4.01 0.41 84.13 -0.16 -0.25 0.67 
42.02 -0.53 104.24 0.28 -0.34 0.58 
-247.09 -1.00 138.16 0.26 -0.72 -0.40 
-247.09 1.09 165.62 -0.21 -0.32 -1.26 
-9.06 0.44 179.08 -0.17 -0.18 -1.48 
6.81 -0.79 198.72 0.57 0.17 -1.12 
36.90 -1.83 176.95 0.91 0.01 -1.09 
-15.46 -0.45 168.28 0.25 -0.12 -0.99 
9.49 -0.03 166.84 0.07 -0.27 -0.95 
-9.39 -0.71 181.99 0.50 -0.23 -0.96 
244.82 -1.80 156.94 1.13 -0.68 -1.06 
253.17 -0.84 154.34 0.66 -1.00 -0.63 
29.78 0.94 183.60 -0.01 0.54 0.13 
92.31 2.37 170.66 -0.66 0.06 0.46 
77.17 2.24 169.82 -0.65 0.13 0.47 
-17.78 -1.39 158.41 0.59 -0.28 0.96 
-24.16 0.18 162.25 -0.03 -0.49 0.78 
253.17 -1.29 183.19 0.42 -0.40 0.29 
52.43 2.48 193.86 -0.58 -0.07 0.52 
10.56 1.34 178.54 -0.33 -0.29 0.56 
8.30 -0.20 186.66 0.21 -0.64 0.75 
2.82 1.95 198.15 -0.69 -0.27 0.69 
11.98 1.59 186.86 -0.59 -0.36 0.74 
-13.27 -3.11 192.15 1.20 -0.09 0.47 
-142.81 -0.59 213.02 0.12 -0.38 0.46 
-247.09 0.00 208.88 0.10 -0.71 -0.74 
-247.09 -0.27 206.74 0.64 -0.31 -1.57 
-139.79 -0.71 222.31 0.61 0.32 -1.08 
-4.40 -1.26 227.20 0.90 0.18 -1.01 
-35.28 -1.35 217.52 0.71 -0.04 -0.93 
-0.76 -0.25 215.87 0.21 -0.18 -1.14 
-1.01 -0.66 226.00 0.33 -0.12 -0.91 
9.65 -1.09 228.87 0.90 0.12 -1.18 
253.17 -0.67 207.55 0.96 -1.07 -1.60 
253.17 -0.90 227.97 0.52 -0.76 0.18 
115.56 0.79 230.69 -0.10 -0.18 0.49 
-35.26 0.40 212.81 -0.11 0.00 0.63 
-80.18 -1.04 212.66 0.55 -0.70 0.66 
-12.57 0.90 220.48 -0.24 -0.60 0.80 
28.91 1.63 213.66 -0.56 -0.31 0.69 
-20.01 -1.05 197.02 0.46 -0.38 0.65 
-19.18 -0.25 216.92 0.05 -0.31 0.39 
-247.09 -2.11 199.22 0.29 -0.23 0.13 
-247.09 -0.78 203.03 0.94 -0.97 -1.36 
86.27 -0.58 215.39 0.35 -0.20 -1.30 
60.39 -1.57 233.98 1.09 0.15 -0.96 
24.82 -1.62 217.75 0.79 -0.02 -0.96 
14.30 -0.33 212.52 0.26 -0.11 -1.08 
-39.69 -0.13 223.31 0.20 -0.04 -1.28 
28.17 -1.26 229.88 0.90 0.03 -0.98 
60.62 -1.36 212.52 0.88 -0.27 -1.22 
185.87 -0.69 233.23 0.48 -0.98 -0.62 
-87.33 1.23 245.91 -0.20 -0.17 0.56 
1.85 1.34 231.77 -0.38 -0.15 0.59 
84.85 -0.28 247.21 0.22 -0.36 0.63 
-25.03 1.48 253.10 -0.58 -0.24 0.85 
3.09 0.73 250.08 -0.21 -0.41 0.81 
-10.48 1.04 237.30 -0.35 -0.30 0.83 
-24.94 -0.10 263.09 0.07 -0.56 0.64 
-0.34 0.60 269.54 -0.18 -0.71 0.44 
-129.01 -0.50 313.41 0.37 -0.18 -1.01 
18.02 -1.45 298.96 0.69 0.02 -0.92 
-72.37 -1.13 300.66 0.63 -0.17 -1.03 
35.35 -0.68 313.80 0.34 -0.04 -0.94 
91.47 -1.06 322.93 0.84 0.03 -1.15 
134.07 -1.27 309.90 0.86 -0.35 -1.24 
238.41 -1.05 317.42 0.60 -0.76 -0.30 
76.59 -0.59 -324.42 0.35 -0.36 0.62 
16.20 2.33 317.33 -0.64 0.03 0.64 
17.87 2.00 284.84 -0.38 -0.16 0.30 
-6.16 -0.17 292.43 0.27 -1.01 0.80 
33.49 0.84 306.18 -0.19 -0.32 0.83 
-10.31 1.80 296.52 -0.72 -0.23 0.72 
-0.11 0.37 270.06 -0.03 -0.10 0.55 
69.76 -1.94 304.61 0.58 -0.34 0.40 
-247.09 1.45 -319.52 -0.39 -0.07 0.42 
-247.09 0.32 -297.48 0.19 -0.82 -0.87 
-186.71 0.20 -253.04 0.32 -0.03 -2.03 
-10.33 -0.79 -241.70 0.66 0.11 -1.32 
23.36 -1.49 -254.12 0.82 0.18 -1.03 
-72.30 0.69 -270.81 -0.17 -0.06 -1.10 
-15.02 0.00 -255.57 0.05 -0.19 -0.94 
132.45 -1.63 -241.40 1.47 0.16 -1.19 
35.46 -1.35 -260.28 0.79 -0.11 -1.17 
253.17 0.06 -276.55 0.19 -1.39 -1.46 
-75.52 0.50 -269.00 0.00 -0.34 0.54 
13.07 2.06 -278.55 -0.48 -0.04 0.51 
-15.01 -0.90 -306.70 0.24 -0.26 0.41 
37.34 0.05 -304.77 0.13 -0.53 0.70 
41.24 0.65 -288.70 -0.14 -0.40 0.83 
-3.66 1.55 -291.50 -0.59 -0.20 0.84 
-42.88 0.62 -314.42 -0.11 -0.25 0.50 
32.75 -1.11 -298.57 0.54 -0.69 0.57 
-188.08 1.61 -294.50 -0.42 -0.26 0.51 
-247.09 -1.37 -325.28 0.79 -1.20 -0.07 
-247.09 -0.91 -297.54 0.89 -0.57 -1.19 
-18.32 -0.95 -289.23 0.86 0.30 -1.27 
-27.46 -1.43 -298.38 0.79 -0.04 -1.01 
-43.69 -0.64 -303.91 0.39 -0.24 -1.05 
8.29 -0.95 -295.70 0.48 -0.16 -0.84 
18.41 -1.13 -265.61 1.46 0.48 -1.24 
101.72 -1.66 -285.89 0.97 -0.49 -1.11 
253.17 -0.78 -281.30 0.68 -1.22 -1.01 
217.95 -0.46 -264.37 0.18 -0.41 0.19 
103.91 1.08 -270.72 -0.32 -0.02 0.73 
-17.79 -0.06 -294.36 0.06 -0.25 0.56 
34.17 -0.73 -278.64 0.48 -0.61 0.78 
12.41 1.59 -264.80 -0.58 -0.20 0.79 
-16.89 0.55 -279.90 -0.19 -0.22 1.00 
-37.61 -2.25 -268.32 1.26 -0.56 0.38 
-100.42 0.94 -249.56 -0.32 -0.21 0.48 
-247.09 0.96 -233.83 -0.29 -0.78 -0.22 
-247.09 0.52 -225.38 -0.01 -0.44 -1.46 
-18.54 -0.58 -211.17 0.48 0.07 -1.19 
-97.82 -0.84 -209.16 0.54 0.20 -1.37 
-9.49 -1.02 -216.45 0.58 -0.02 -1.05 
32.69 0.33 -218.18 -0.03 -0.07 -1.05 
8.84 -0.21 -212.31 0.18 -0.02 -1.10 
207.54 -1.76 -207.88 1.22 0.06 -0.95 
-1.82 -2.00 -223.26 1.08 -0.34 -1.08 
253.17 0.75 -241.72 0.08 -1.09 -1.05 
253.17 -1.50 -229.59 0.65 -0.62 0.15 
19.19 0.44 -228.56 -0.01 -0.42 0.58 
43.25 1.38 -243.08 -0.35 -0.30 0.59 
-29.47 -0.85 -224.43 0.46 -0.51 0.76 
48.36 0.91 -205.38 -0.25 -0.30 0.83 
2.23 1.85 -210.21 -0.65 -0.12 0.72 
-7.12 1.12 -234.49 -0.34 -0.22 0.78 
-62.24 -0.28 -207.48 0.20 -0.47 0.55 
-75.75 0.48 -188.27 -0.14 -0.32 0.54 
-197.57 -2.20 -213.25 0.46 -0.28 0.26 
-247.09 -0.57 -225.48 0.89 -1.13 -1.17 
-16.85 -0.96 -205.12 0.43 -0.51 -1.07 
-19.58 -1.38 -189.94 1.01 0.16 -1.04 
-24.60 -1.19 -207.38 0.59 0.00 -0.98 
70.07 -0.13 -196.05 0.20 -0.07 -1.19 
58.67 -0.68 -195.85 0.75 0.04 -1.44 
253.17 -0.68 -213.71 0.57 -0.82 -1.41 
253.17 -0.68 -225.34 0.44 -1.37 -0.11 
28.55 -0.57 -210.93 0.36 -0.34 0.59 
32.01 2.25 -212.01 -0.62 -0.06 0.54 
-2.76 0.77 -235.33 -0.18 -0.15 0.61 
62.82 -0.22 -225.36 0.24 -0.48 0.79 
-6.22 1.89 -213.13 -0.62 -0.20 0.68 
-0.97 1.65 -231.18 -0.61 -0.26 0.73 
-67.28 -2.93 -229.20 1.53 -0.53 0.71 
-155.72 0.33 -201.01 -0.11 -0.35 0.56 
-247.09 -0.21 -211.11 0.03 -0.40 -0.09 
-247.09 -0.71 -243.37 0.86 -0.60 -1.60 
-4.86 -0.11 -210.29 0.52 0.19 -1.70 
91.00 -1.42 -189.56 1.07 0.21 -1.10 
22.94 -2.10 -208.41 1.04 -0.11 -0.90 
-29.21 -0.19 -217.57 0.12 -0.24 -0.98 
25.40 -0.48 -208.81 0.26 -0.02 -0.91 
58.95 -0.86 -203.85 0.98 -0.04 -1.34 
11.10 -0.95 -203.61 0.31 -0.16 0.70 
-10.02 -0.34 -189.52 0.23 -0.45 0.75 
12.11 1.66 -179.36 -0.45 -0.02 0.69 
4.46 1.22 -188.41 -0.44 -0.17 0.85 
-10.37 0.77 -206.26 -0.25 -0.07 0.84 
-59.59 -0.32 -178.95 0.12 -0.37 0.54 
-130.74 -0.11 -165.31 0.03 -0.16 0.68 
-247.09 -0.33 -180.47 0.09 -0.75 -0.19 
-247.09 -0.91 -188.67 0.62 -0.53 -1.37 
-85.41 -1.52 -174.23 0.72 -0.03 -0.73 
-5.33 -2.16 -191.95 1.02 -0.14 -0.87 
13.68 -0.45 -203.67 0.25 -0.17 -0.89 
-2.18 -0.40 -196.44 0.24 -0.22 -0.99 
-81.48 -0.71 -188.36 0.73 0.08 -1.38 
253.17 -0.99 -204.95 0.88 -0.91 -1.40 
154.65 0.38 -197.82 0.01 -0.95 0.43 
116.44 1.37 -196.96 -0.20 -0.29 0.60 
-8.08 0.82 -206.02 -0.22 -0.24 0.79 
-99.24 -2.03 -194.64 1.40 -0.54 0.81 
19.75 0.43 -178.91 -0.11 -0.52 0.87 
0.89 1.19 -179.40 -0.43 -0.23 0.86 
0.56 1.07 -197.38 -0.36 -0.29 0.77 
-140.66 -1.58 -169.75 0.78 -0.51 0.52 
-247.09 -0.59 -171.64 0.05 -0.61 0.49 
-247.09 0.27 -139.50 -0.12 -0.64 -0.55 
144.30 -0.84 -120.92 0.57 0.00 -1.19 
91.04 -1.30 -116.94 1.24 0.24 -1.26 
24.33 -1.68 -130.55 0.89 0.01 -0.96 
18.12 0.13 -135.27 0.12 -0.36 -1.01 
57.90 -1.21 -123.82 0.66 -0.41 -0.93 
-15.59 -1.42 -112.53 1.11 -0.08 -1.15 
253.17 -1.23 -111.77 0.77 -0.72 -1.18 
253.17 -0.78 -89.75 0.57 -1.22 0.07 
27.58 2.24 -87.45 -0.43 0.07 0.42 
96.21 2.67 -89.39 -0.78 -0.13 0.45 
-36.85 0.29 -81.72 -0.02 -0.49 0.55 
15.78 0.97 -70.98 -0.33 -0.35 0.91 
22.46 1.80 -69.72 -0.59 -0.31 0.64 
18.14 1.93 -85.59 -0.59 -0.10 0.61 
-29.16 -0.05 -65.86 0.05 -0.54 0.53 
-247.09 -0.78 -78.02 0.05 -0.21 0.47 
-247.09 -1.58 -88.01 0.90 -0.61 -0.78 
46.97 -0.90 -38.31 0.76 -0.02 -1.64 
98.43 -1.19 -27.45 0.77 0.12 -0.99 
42.98 -1.49 -36.26 0.71 0.00 -0.88 
25.60 -0.25 -39.50 0.26 -0.22 -1.05 
1.44 -0.91 -33.17 0.53 -0.12 -1.04 
8.94 -1.21 -36.98 0.78 -0.03 -1.17 
253.17 -1.11 -35.54 0.85 -0.72 -1.06 
222.74 -1.45 -19.75 0.64 -0.44 0.21 
54.81 2.57 -2.96 -0.66 -0.33 0.35 
35.98 1.19 -17.94 -0.27 -0.24 0.39 
-9.60 1.30 -6.72 -0.37 -0.32 0.63 
3.82 1.60 -4.57 -0.65 -0.33 0.73 
18.45 1.77 -14.20 -0.62 -0.45 0.64 
-59.98 -2.34 -18.12 1.29 -0.80 0.75 
-57.30 0.26 -5.71 -0.07 -0.42 0.57 
-33.75 0.81 -41.77 -0.43 -0.81 0.33 
3.38 -0.23 -33.38 0.48 -1.90 -0.36 
-183.41 -0.49 -30.43 0.47 -0.85 -0.69 
-128.89 -1.11 -27.52 0.58 -0.43 -0.92 
-200.37 -1.16 -28.95 0.60 -0.49 -0.87 
-16.01 -0.38 -26.98 0.23 -0.33 -0.99 
0.56 -0.98 -20.98 0.41 -0.28 -0.71 
125.52 -1.56 -29.19 0.74 -0.40 -1.11 
103.17 -0.51 -17.13 0.48 -1.27 -0.17 
228.05 -0.62 5.14 0.40 -0.52 0.30 
39.35 2.47 -1.25 -0.58 -0.03 0.41 
-62.30 -2.03 -10.22 0.95 -0.42 0.96 
-31.26 0.60 5.04 -0.16 -0.46 0.79 
3.63 1.87 9.31 -0.72 -0.17 0.76 
-23.56 1.39 -9.43 -0.40 -0.17 0.63 
51.52 0.04 6.21 0.04 -0.50 0.45 
-138.98 0.10 3.98 -0.08 -0.17 0.50 
-247.09 -0.16 -25.39 0.94 -1.62 -1.23 
-247.09 -0.52 23.60 0.15 -0.67 -1.59 
-62.58 -0.72 31.98 0.73 -0.09 -1.52 
4.62 -0.79 18.92 0.44 0.04 -0.98 
4.63 0.15 21.14 0.03 -0.06 -1.15 
115.54 -1.44 22.53 0.62 0.11 -0.71 
173.96 -1.37 3.57 0.89 -0.22 -1.27 
253.17 -0.96 -2.18 0.54 -0.90 -0.56 
26.89 1.24 3.96 -0.08 0.02 0.48 
10.64 1.91 -6.57 -0.57 -0.13 0.58 
-59.73 -1.01 -1.77 0.62 -0.57 0.81 
51.16 0.28 17.01 -0.06 -0.27 0.82 
-23.17 1.37 12.62 -0.53 -0.09 0.91 
40.29 -1.25 -0.96 0.42 -0.23 0.66 
-100.08 1.36 14.86 -0.26 -0.02 0.39 
-232.59 -0.45 -4.16 0.09 -0.61 0.16 
-247.09 -1.05 -13.13 0.97 -0.81 -1.18 
-26.45 -0.66 3.34 0.47 -0.18 -1.21 
-28.94 -1.00 5.07 0.79 0.00 -1.32 
-116.92 -0.92 3.11 0.50 -0.21 -1.00 
-10.73 -0.31 9.66 0.20 -0.14 -0.97 
85.28 -1.65 24.03 1.44 0.06 -1.31 
253.17 -1.66 3.90 1.01 -0.55 -1.20 
9.21 1.66 -23.29 -0.47 -0.22 0.64 
126.59 -0.56 20.63 0.41 0.07 -1.19 
18.21 -1.26 14.61 0.71 0.13 -1.07 
43.59 -1.06 5.50 0.56 -0.10 -1.00 
-7.98 -0.04 4.53 0.09 -0.20 -0.95 
59.94 -1.44 11.23 0.81 -0.01 -0.85 
-34.21 -1.00 1.77 0.57 -0.05 -1.06 
253.17 -1.77 24.00 0.86 -0.89 -0.85 
253.17 -1.51 11.16 0.39 -0.25 0.04 
93.89 2.48 2.64 -0.64 -0.31 0.34 
-238.18 -0.63 -18.07 0.38 -0.44 -1.04 
12.34 -0.98 -18.59 0.81 0.17 -1.25 
-40.64 -0.99 -30.70 0.47 -0.03 -0.85 
-4.59 -0.29 -30.23 0.25 -0.32 -1.11 
22.49 -0.97 -16.67 0.67 -0.13 -1.02 
1.47 -1.07 -18.63 0.65 0.03 -1.36 
67.23 0.22 -23.73 0.02 -1.18 -1.20 
253.17 -1.06 -7.97 0.71 -0.90 -0.30 
104.32 2.46 -3.03 -0.51 -0.25 0.41 
12.30 1.26 -26.73 -0.39 -0.20 0.61 
-74.63 -1.10 -15.05 0.90 -0.56 0.85 
73.14 1.07 5.37 -0.36 -0.39 0.82 
-5.54 1.41 -7.15 -0.55 -0.15 0.81 
-2.63 -0.39 -40.07 0.14 -0.33 0.57 
142.51 1.19 -10.66 -0.13 0.03 0.35 
-247.09 2.17 8.09 -0.85 0.47 0.49 
-247.09 -0.98 -14.37 0.68 -0.93 -1.17 
-12.46 -0.02 -9.44 0.20 0.29 -1.83 
18.16 -0.94 -16.00 0.53 0.08 -1.15 
-24.56 -0.44 -18.38 0.29 0.10 -0.97 
42.16 0.18 -18.48 0.03 -0.19 -1.36 
135.05 -0.81 -13.24 1.27 0.00 -1.84 
211.46 -0.89 -21.25 0.73 -0.89 -1.47 
-55.66 2.82 -16.41 -0.87 0.04 0.48 
-65.02 2.50 -15.95 -0.76 -0.10 0.53 
-1.76 -0.45 31.34 0.33 -0.11 -1.02 
35.35 -1.34 47.26 1.14 0.18 -1.22 
186.96 -0.79 24.34 0.88 -0.58 -1.39 
253.17 -2.38 17.21 1.48 -0.22 -0.47 
186.98 1.19 23.24 -0.10 -0.36 0.33 
26.50 1.82 -2.04 -0.42 -0.24 0.49 
-51.66 -2.18 -7.88 1.15 -0.32 0.70 
23.44 -0.01 7.23 0.07 -0.64 1.00 
-8.11 1.81 11.98 -0.64 -0.37 0.69 
3.17 1.05 -13.15 -0.19 -0.23 0.40 
81.12 -1.12 -2.68 0.23 -0.08 0.39 
-247.09 -1.72 10.11 0.44 -0.76 -0.13 
-229.13 -0.49 -5.37 0.77 -0.90 -1.55 
29.41 -0.49 7.26 0.41 -0.23 -1.31 
38.94 -1.55 21.67 0.93 0.08 -0.85 
-6.14 -1.74 2.75 0.81 -0.16 -0.93 
-50.64 -0.06 -15.88 0.16 -0.17 -1.07 
3.04 -0.11 -5.37 0.17 -0.14 -1.05 
59.63 -1.18 5.91 1.23 0.17 -1.25 
253.17 -0.60 -24.01 0.58 -0.80 -1.35 
253.17 -0.64 -8.35 0.47 -1.03 -0.04 
71.14 0.21 0.08 0.01 -0.39 0.63 
7.57 2.02 -3.80 -0.43 -0.18 0.46 
-61.44 -1.99 8.66 1.12 -0.51 0.70 
33.37 0.77 26.23 -0.23 -0.54 0.80 
10.46 1.55 21.04 -0.53 -0.30 0.70 
-23.35 0.97 3.77 -0.26 -0.50 0.60 
22.65 -0.11 17.53 0.07 -0.45 0.45 
-191.89 0.59 16.82 -0.21 -0.22 0.46 
-247.09 -1.28 36.07 0.89 -0.96 -1.49 
110.94 0.09 45.75 0.20 0.16 -1.41 
89.81 -1.48 48.50 1.03 0.13 -1.00 
-5.56 -1.62 38.21 0.80 -0.05 -0.90 
-29.96 -0.15 44.10 0.19 -0.13 -1.12 
61.59 -1.49 63.60 0.99 -0.10 -1.28 
109.68 -1.80 38.37 1.08 -0.46 -0.97 
253.17 0.13 39.69 0.15 -1.51 -1.45 
253.17 -1.41 63.54 0.99 -0.90 -0.22 
12.06 2.63 68.07 -0.87 0.00 0.38 
-22.21 -0.95 35.30 0.21 -0.26 0.58 
-3.08 1.04 54.14 -0.34 -0.33 0.81 
-1.43 1.61 50.00 -0.63 -0.24 0.84 
-32.47 0.74 24.86 -0.20 -0.25 0.60 
-35.23 0.15 58.50 0.00 -0.21 0.41 
-149.82 -0.50 28.67 0.19 -0.49 -0.42 
-247.09 0.50 9.85 -0.35 -1.20 -1.26 
-135.34 -0.69 50.31 0.61 -0.04 -1.28 
35.89 -0.24 50.43 0.22 0.17 -1.32 
20.62 -0.77 38.39 0.38 0.00 -1.00 
-2.69 -0.24 39.80 0.14 -0.18 -0.90 
67.68 -1.55 52.15 1.06 0.00 -0.92 
156.14 -1.58 29.11 1.13 -0.33 -1.49 
193.07 -0.37 48.09 0.56 -1.09 -0.14 
99.23 -0.35 71.52 0.30 -0.42 0.60 
55.14 2.34 40.86 -0.48 -0.23 0.23 
61.97 0.17 51.77 0.02 -0.50 0.93 
1.86 1.81 59.47 -0.62 -0.48 0.65 
6.84 1.35 52.92 -0.49 -0.43 0.75 
-35.31 -0.62 38.13 0.24 -0.67 0.46 
-35.50 -0.66 54.97 0.25 -0.62 0.42 
-247.09 0.60 49.14 -0.17 -0.35 0.29 
-225.08 -0.47 30.84 0.47 -1.18 -0.87 
-247.09 -0.61 43.35 0.44 -0.10 -1.22 
69.50 -0.93 39.92 0.71 0.24 -1.17 
23.56 -0.77 32.87 0.42 -0.22 -0.94 
39.30 -0.55 41.79 0.36 -0.07 -1.10 
132.05 -1.90 30.24 1.07 -0.22 -1.10 
-247.09 -1.39 69.02 0.69 -1.03 -1.42 
253.17 -0.04 73.25 0.12 -0.46 -0.52 
-6.17 1.62 63.40 -0.66 0.27 0.75 
-13.55 -1.27 36.64 0.56 -0.61 0.55 
67.56 0.64 55.45 -0.14 -0.28 0.93 
-0.43 1.48 50.04 -0.54 -0.37 0.80 
-162.56 -2.15 48.33 1.26 -1.04 0.45 
-173.42 0.34 45.70 -0.13 -0.36 0.54 
-247.09 -0.23 33.22 0.00 -0.47 -0.11 
-161.56 -0.16 31.62 0.45 -0.97 -1.29 
7.27 -0.45 48.45 0.29 -0.23 -0.89 
-6.71 -0.55 36.44 0.48 0.13 -1.50 
3.48 -0.53 32.64 0.34 -0.18 -1.07 
31.23 -0.39 38.80 0.26 0.00 -0.93 
19.93 -1.18 33.67 0.70 0.00 -1.21 
253.17 -0.42 41.77 0.45 -0.93 -1.49 
253.17 -0.77 62.73 0.40 -0.79 -0.17 
76.48 2.51 55.94 -0.61 -0.15 0.38 
-47.82 -0.46 43.43 0.19 -0.76 0.52 
-27.92 0.88 57.29 -0.26 -0.43 0.76 
18.86 2.03 48.51 -0.67 -0.48 0.43 
-75.01 -1.72 37.93 0.66 -0.75 0.54 
-20.07 3.14 37.92 -0.60 0.05 0.14 
-247.09 -0.96 15.36 0.60 -1.33 -0.02 
-205.63 -0.83 -5.59 0.64 -1.16 -0.76 
-42.59 -1.98 1.69 1.09 -0.18 -0.84 
-28.46 -1.76 2.81 0.85 -0.15 -0.99 
-1.43 -0.76 9.18 0.37 -0.31 -0.70 
17.70 -1.35 19.28 0.73 -0.23 -0.85 
253.17 -1.67 25.07 1.45 -1.04 -1.96 
253.17 -0.59 32.98 0.47 -0.76 1.07 
145.40 -0.21 18.15 0.20 -0.51 0.18 
113.56 2.13 3.75 -0.59 -0.15 0.41 
-7.44 -0.19 19.40 0.20 -0.34 0.80 
13.02 1.15 28.55 -0.33 -0.30 0.76 
-2.50 1.72 18.97 -0.61 -0.28 0.69 
-31.47 -1.52 6.26 0.60 -0.42 0.72 
-247.09 1.21 31.29 -0.14 -0.20 0.03 
-247.09 0.87 -25.68 -0.06 -0.51 -1.75 
32.00 -0.62 -14.66 0.46 0.27 -1.40 
5.60 -1.20 -0.77 1.05 0.27 -1.44 
83.74 -1.10 -13.82 0.58 0.08 -0.99 
99.67 -0.19 -17.68 0.23 -0.08 -1.11 
8.27 -0.97 -9.49 0.83 0.15 -1.15 
226.46 -1.20 -21.21 0.78 -0.45 -1.20 
205.13 -0.96 -2.21 0.60 -0.95 -0.63 
88.57 1.91 6.71 -0.32 0.31 0.41 
14.99 1.23 -11.48 -0.32 -0.27 0.59 
49.89 1.11 -0.89 -0.24 -0.51 0.54 
5.27 1.66 2.66 -0.55 -0.45 0.61 
4.79 1.52 -11.57 -0.59 -0.34 0.79 
-65.96 -3.18 -4.46 2.38 -1.04 0.08 
-247.09 1.39 -2.23 -0.42 -0.05 0.42 
-247.09 0.61 -12.88 -0.20 -0.33 -0.47 
-138.31 -0.09 4.11 0.28 -0.25 -1.35 
121.72 -0.90 11.72 0.95 0.37 -1.41 
-60.99 -0.82 0.40 0.42 -0.02 -0.95 
68.68 -1.09 134.58 0.66 0.11 -1.15 
94.34 -2.24 154.52 1.21 -0.39 -1.09 
253.17 -0.72 172.34 0.36 -0.75 -0.81 
253.17 2.27 174.21 -0.30 -0.23 0.10 
-9.76 2.14 162.77 -0.68 -0.37 0.47 
-104.08 -1.64 169.62 0.73 -0.70 0.52 
19.79 1.08 181.42 -0.37 -0.68 0.64 
-4.72 2.13 178.07 -0.81 -0.35 0.64 
-39.40 -1.59 168.78 0.81 -1.02 0.49 
-128.95 0.23 178.70 -0.08 -0.49 0.36 
-247.09 0.73 163.68 -0.20 -0.39 0.14 
36.16 -0.35 143.89 0.82 -1.03 -1.29 
-247.09 -0.71 175.24 0.76 -0.23 -2.04 
-164.10 -0.82 171.36 0.35 0.17 -1.02 
0.73 -1.14 159.50 0.64 -0.15 -1.06 
-6.68 -0.10 167.47 0.08 -0.27 -0.74 
76.10 -1.02 178.36 1.14 0.22 -1.42 
253.17 -0.90 156.63 0.97 -0.57 -1.72 
247.24 -0.74 189.66 0.52 -0.90 0.31 
122.56 1.59 201.92 -0.30 -0.31 0.46 
2.11 2.24 177.30 -0.64 -0.05 0.45 
-20.87 -0.81 181.55 0.31 -0.53 0.58 
46.58 0.23 197.66 0.05 -0.52 0.88 
-12.45 2.45 192.02 -0.94 -0.07 0.60 
-67.04 0.99 171.02 -0.34 -0.29 0.73 
-149.45 0.02 152.77 0.30 -0.92 -1.31 
-152.18 -0.31 171.18 0.27 -0.35 -1.06 
2.95 -1.48 165.31 0.70 0.04 -1.08 
-31.34 -0.55 157.98 0.32 -0.28 -0.90 
-9.13 -1.08 168.62 0.51 -0.03 -0.76 
253.17 -1.73 151.39 1.13 -0.47 -1.23 
214.70 -0.93 173.89 0.47 -1.00 -0.39 
234.85 0.96 174.17 -0.07 0.02 0.47 
27.70 1.91 154.95 -0.48 -0.07 0.50 
-0.02 -0.68 172.68 0.40 -0.63 0.70 
20.99 1.00 181.02 -0.32 -0.28 0.93 
-16.30 0.91 169.35 -0.27 -0.30 0.80 
4.94 -0.72 181.39 0.43 -0.69 0.62 
-247.09 0.89 211.14 -0.14 -0.16 0.28 
-247.09 0.03 187.68 0.34 -0.98 -1.06 
-247.09 0.40 190.68 0.13 -0.41 -1.56 
-176.31 -0.96 239.68 1.10 0.25 -2.14 
-10.85 -0.88 245.35 0.69 0.09 -1.23 
-30.85 -0.59 236.80 0.39 0.14 -0.98 
2.30 -0.02 239.41 0.08 -0.11 -0.94 
67.06 -1.45 258.46 1.19 0.37 -1.30 
253.17 -0.26 257.62 0.22 -0.87 -0.90 
253.17 -0.79 265.81 0.49 -1.10 -0.46 
29.35 2.70 268.75 -0.72 0.23 0.42 
1.86 2.23 254.43 -0.65 -0.23 0.43 
50.83 -0.17 260.55 0.23 -0.67 0.82 
28.20 1.52 266.07 -0.49 -0.37 0.81 
-0.67 1.80 258.34 -0.63 -0.31 0.71 
-17.38 -1.68 272.15 1.41 -0.85 0.46 
-218.27 -1.11 273.66 0.08 -0.15 0.26 
-247.09 0.03 279.34 0.13 -1.07 -0.57 
-217.70 -0.66 265.21 0.82 -0.13 -1.72 
55.01 -1.00 276.05 1.28 0.62 -1.52 
2.84 -1.42 266.54 0.74 0.02 -0.97 
14.99 -0.31 261.67 0.19 -0.08 -0.93 
17.63 -1.08 272.73 0.43 -0.09 -0.72 
175.27 -1.69 268.91 1.08 -0.60 -1.09 
184.17 -0.96 278.72 0.66 -1.06 -0.44 
40.73 1.36 282.94 -0.37 -0.24 0.77 
-45.64 1.79 261.61 -0.31 -0.03 0.32 
-69.39 -0.47 282.62 0.31 -0.90 0.66 
41.54 1.30 288.21 -0.50 -0.30 0.87 
3.17 1.38 274.36 -0.46 -0.24 0.77 
27.13 1.41 290.46 -0.27 -0.28 0.48 
-247.09 1.36 305.32 -0.17 -0.25 -0.04 
-247.09 0.71 268.83 0.05 -0.70 -1.44 
165.36 -0.28 289.84 0.82 0.21 -2.22 
3.89 -0.75 284.88 0.52 0.31 -1.29 
-12.43 -1.18 276.32 0.52 -0.09 -0.83 
1.29 -0.74 288.03 0.30 -0.13 -0.70 
253.17 -1.42 274.96 0.90 -0.52 -1.59 
253.17 -1.29 291.50 1.05 -1.23 -0.47 
-189.98 0.00 327.30 0.14 -0.16 0.31 
-35.66 2.38 309.08 -0.86 -0.11 0.69 
-63.90 -1.43 324.45 0.84 -0.90 0.61 
5.43 1.82 -317.51 -0.77 -0.41 0.80 
28.46 1.87 325.41 -0.76 -0.28 0.80 
-27.23 -2.58 -325.29 1.90 -1.23 0.18 
-215.51 1.67 322.59 -0.69 -0.04 0.53 
-247.09 -0.69 308.35 1.08 -0.72 -1.58 
74.17 -0.41 317.45 0.69 0.30 -1.76 
-57.69 -0.92 317.03 1.01 0.26 -1.29 
-11.13 -1.19 312.36 0.67 -0.05 -1.20 
47.24 -0.28 310.98 0.17 -0.04 -0.92 
100.73 -1.22 -327.63 0.75 0.15 -0.93 
253.17 -1.56 316.32 1.26 -0.88 -1.30 
253.17 -1.05 -324.57 0.38 -0.80 0.02 
192.53 2.54 -312.97 -0.43 -0.22 0.31 
45.18 2.80 319.14 -0.91 0.00 0.49 
-24.52 -2.83 -326.42 1.77 -0.30 0.80 
32.33 0.90 -316.40 -0.24 -0.47 0.90 
14.33 1.73 -318.92 -0.61 -0.29 0.74 
-24.02 1.80 311.34 -0.54 -0.11 0.58 
-4.96 2.41 -301.93 -0.46 -0.33 -0.10 
-247.09 -0.05 -315.31 0.78 -1.66 -0.89 
0.58 -1.06 -321.89 1.40 -0.82 -1.06 
-2.75 -2.06 -320.75 1.13 -0.63 -0.47 
