12.95 -0.82 -83.53 -0.20 -0.36 1.03 6 
12.28 -0.06 -71.37 -0.12 -0.33 0.93 109 
-0.97 -6.02 -71.07 -0.14 -0.20 0.90 214 
8.59 -8.15 -35.05 -0.16 -0.43 1.19 318 
34.43 -67.79 -85.69 -0.42 0.29 0.51 422 
16.48 -56.49 -129.53 0.20 -0.46 0.99 527 
28.96 55.08 23.67 0.67 -0.67 1.11 631 
0.44 10.59 27.04 -0.05 -0.26 0.86 736 
-54.07 1.14 -36.31 -0.45 0.35 0.96 840 
33.06 -32.53 -112.21 -0.10 -0.16 0.76 945 
-13.69 56.66 24.48 0.67 -0.80 1.55 1049 
-8.27 59.70 18.66 -0.18 -0.43 1.01 1154 
-10.05 75.06 23.95 -0.24 -0.31 1.35 1258 
-17.41 63.19 22.96 -0.20 -0.41 1.15 1362 
-39.02 125.62 25.27 -0.35 -0.47 0.83 1467 
-18.35 83.07 21.95 -0.34 -0.19 0.50 1571 
-7.74 41.99 -1.74 -0.47 -0.19 0.58 1676 
-32.09 42.31 -7.57 -0.61 -0.15 0.61 1780 
-21.11 30.92 -46.74 -1.40 0.43 0.22 1885 
100.50 3.68 -108.97 -0.56 -0.29 0.26 1990 
-67.31 73.13 48.59 -0.08 -0.89 0.75 2095 
-79.83 4.05 46.66 -1.07 0.09 0.23 2199 
-36.38 5.63 -74.68 -1.52 0.67 0.22 2304 
93.25 -24.79 -134.05 -0.30 -0.64 0.35 2408 
-85.88 23.11 57.58 -0.20 -0.57 0.37 2512 
-15.09 -68.23 -20.14 -0.60 -0.14 0.15 2617 
2.96 -150.80 -50.50 -0.59 -0.28 0.69 2721 
-15.76 -109.84 -67.85 -0.53 -0.46 1.16 2826 
8.84 -70.16 -67.04 -0.43 -0.58 1.31 2930 
-6.14 3.37 -21.02 -0.21 -0.51 0.96 3035 
21.48 -19.00 -14.56 -0.32 -0.29 0.92 3139 
-2.76 7.83 -75.47 -0.69 0.32 0.90 3244 
-50.11 -33.02 -181.07 0.40 -0.57 1.00 3348 
39.50 44.19 59.09 0.53 -0.76 0.95 3452 
-2.93 -16.10 53.89 -0.17 -0.26 0.69 3557 
-39.15 -46.11 -30.29 -0.69 0.37 0.69 3661 
27.63 -86.60 -149.11 0.09 -0.32 1.39 3766 
9.85 100.29 35.31 0.55 -0.72 1.17 3870 
-0.58 60.03 41.08 -0.34 -0.49 0.98 3975 
-19.95 90.83 22.05 -0.34 -0.38 0.95 4079 
20.15 77.31 4.25 -0.33 -0.39 0.81 4184 
-24.14 87.21 25.86 -0.34 -0.27 0.69 4288 
-21.58 74.12 19.27 -0.43 -0.30 0.48 4392 
-17.89 21.79 11.36 -0.57 -0.19 0.44 4497 
-20.24 19.99 6.53 -0.66 -0.16 0.45 4601 
-25.76 8.95 -26.20 -1.22 0.31 0.31 4706 
65.02 8.03 -123.44 -0.90 -0.08 0.20 4810 
43.63 6.48 -16.69 0.19 -0.94 1.30 4915 
-50.27 32.95 53.47 -0.82 -0.17 0.32 5020 
-9.89 16.41 -30.17 -1.43 0.35 0.13 5125 
57.87 -32.36 -130.63 -0.85 -0.05 0.11 5229 
54.10 -65.36 -55.90 0.23 -0.89 1.14 5334 
-3.02 -10.08 5.61 -0.56 -0.13 0.10 5438 
-6.84 -121.28 -64.18 -0.53 -0.39 0.66 5542 
32.83 -102.81 -30.22 -0.39 -0.48 0.82 5647 
40.59 -112.53 -2.98 -0.36 -0.24 0.94 5751 
12.75 -91.34 -24.06 -0.13 -0.35 1.41 5856 
-9.00 -46.37 -15.50 -0.12 -0.44 1.16 5960 
-0.85 -17.05 13.44 -0.28 -0.23 0.99 6065 
14.66 -28.08 -93.98 -0.45 0.37 0.85 6169 
16.29 -107.79 -128.08 0.66 -0.63 1.44 6274 
32.24 55.04 53.60 0.56 -0.62 1.05 6378 
-2.12 5.53 51.26 -0.16 -0.09 0.67 6482 
-13.02 -22.26 -68.23 -0.52 0.38 0.79 6587 
-10.52 -54.06 -100.24 0.52 -0.49 1.38 6691 
19.98 8.85 14.37 0.34 -0.49 1.32 6796 
-19.73 78.47 -15.52 -0.01 -0.35 1.14 6900 
-27.35 88.69 9.91 -0.17 -0.30 1.16 7005 
-49.39 88.63 17.70 -0.31 -0.31 1.05 7109 
-5.86 81.72 27.97 -0.35 -0.25 0.86 7214 
3.98 87.23 19.98 -0.44 -0.20 0.63 7318 
-2.94 66.80 4.46 -0.49 -0.24 0.54 7422 
-6.00 58.82 19.60 -0.56 -0.16 0.36 7527 
-16.92 18.12 -18.43 -1.17 0.44 0.24 7631 
110.05 4.79 -104.19 -0.78 -0.14 0.25 7736 
4.77 -22.89 -29.95 -0.03 -0.89 1.12 7840 
-59.72 36.25 28.27 -0.78 -0.05 0.33 7945 
-15.29 5.88 -23.15 -1.42 0.40 0.08 8049 
52.50 -27.50 -110.52 -0.98 0.12 0.03 8155 
38.57 -92.55 -93.47 -0.14 -0.79 1.16 8259 
-27.02 14.16 14.89 -0.55 -0.28 0.34 8364 
-13.47 -73.95 -4.59 -0.69 -0.16 0.43 8468 
-8.64 -95.21 -40.91 -0.63 -0.15 0.63 8572 
-0.41 -78.95 -39.37 -0.42 -0.32 0.94 8677 
-24.85 -79.40 -25.53 -0.44 -0.43 0.96 8781 
-13.19 -70.76 -41.64 -0.39 -0.51 1.17 8886 
-11.55 -33.71 -7.82 -0.27 -0.47 1.00 8990 
7.85 -9.60 -18.91 -0.61 0.05 0.84 9095 
53.50 -55.73 -95.95 -0.39 -0.07 0.47 9199 
-2.95 -7.42 -58.30 0.74 -1.09 1.91 9304 
-40.00 16.40 14.28 0.10 -0.41 0.83 9408 
-1.36 -3.22 22.79 -0.34 0.03 0.85 9512 
34.97 18.05 -89.82 -0.60 0.00 0.64 9617 
-23.53 -49.98 -90.34 0.57 -0.70 1.77 9721 
-60.47 50.08 12.44 -0.12 -0.35 1.03 9826 
0.74 70.50 -4.60 -0.40 -0.26 1.08 9930 
-8.61 86.85 2.22 -0.34 -0.40 0.95 10035 
-13.80 44.70 2.05 -0.41 -0.33 0.86 10139 
15.53 83.75 14.73 -0.44 -0.36 0.56 10244 
-5.93 56.08 -7.15 -0.62 -0.20 0.43 10348 
-4.25 27.98 -16.44 -0.55 -0.43 0.58 10452 
-5.82 36.66 15.18 -0.92 -0.11 0.36 10557 
42.65 34.85 -64.43 -1.16 0.24 0.09 10661 
77.18 -47.71 -76.01 -0.17 -0.85 1.30 10766 
-53.43 41.49 47.93 -0.51 -0.28 0.38 10870 
-47.46 -6.33 0.07 -1.35 0.28 0.22 10975 
68.13 14.38 -69.78 -1.20 0.08 0.01 11079 
56.83 -77.51 -126.42 -0.37 -0.68 0.50 11185 
-49.14 4.23 17.68 -0.40 -0.46 0.42 11289 
-44.95 -95.73 -41.13 -0.60 -0.29 0.16 11394 
19.02 -102.29 -47.96 -0.58 -0.41 0.70 11498 
28.73 -113.53 -31.75 -0.49 -0.41 0.81 11602 
25.15 -107.76 -46.08 -0.29 -0.42 1.06 11707 
2.93 -83.71 -56.16 -0.13 -0.52 1.25 11811 
14.99 -18.88 -21.47 -0.23 -0.36 1.02 11916 
0.94 -2.30 -70.43 -0.54 0.09 1.13 12020 
18.50 -32.21 -118.66 0.15 -0.42 0.90 12125 
7.95 14.84 3.16 0.83 -0.92 1.31 12229 
-17.95 -2.12 45.85 0.02 -0.36 0.77 12335 
-10.69 -16.89 -23.73 -0.65 0.42 1.04 12439 
26.79 -36.52 -121.73 -0.04 -0.30 0.94 12544 
0.63 51.50 12.55 0.42 -0.83 1.54 12648 
-24.90 78.76 -1.71 -0.19 -0.41 1.05 12752 
4.82 53.43 -12.67 -0.15 -0.42 1.00 12857 
1.96 78.63 -4.31 -0.19 -0.41 0.86 12961 
2.39 77.44 14.21 -0.28 -0.32 0.76 13066 
-12.35 56.40 16.95 -0.39 -0.30 0.66 13170 
2.79 41.24 -0.24 -0.65 -0.20 0.56 13275 
-0.75 36.44 -23.60 -1.08 0.06 0.34 13379 
29.44 -32.15 -111.08 -0.87 -0.01 0.26 13484 
51.53 -23.85 -15.84 0.47 -0.94 1.50 13588 
-60.39 38.50 72.13 -0.73 -0.00 0.46 13692 
10.76 18.06 -48.65 -1.48 0.48 0.18 13797 
-3.44 -44.12 -133.63 -0.50 -0.26 0.32 13902 
-26.62 -26.84 -4.31 0.08 -0.58 0.64 14007 
-16.24 -77.77 -38.37 -0.43 -0.03 0.29 14111 
53.89 -126.92 -59.03 -0.33 -0.44 0.91 14216 
1.53 -111.89 -39.27 -0.29 -0.35 1.14 14320 
-29.14 -90.27 -43.88 -0.17 -0.36 1.08 14425 
0.92 -85.66 -45.24 -0.06 -0.46 1.25 14529 
9.59 -29.75 -18.37 0.20 -0.62 1.42 14633 
14.27 19.68 23.79 0.09 -0.44 0.94 14738 
-28.45 9.65 -77.63 -0.50 0.19 0.78 14842 
-42.53 -79.20 -160.24 0.48 -0.64 0.93 14947 
56.71 45.04 75.60 1.09 -0.97 1.04 15052 
-6.90 10.61 33.55 -0.09 -0.08 0.69 15157 
-35.37 -17.21 -73.31 -0.59 0.13 1.00 15261 
27.26 -27.47 -94.19 0.32 -0.50 1.36 15366 
-17.57 97.92 12.41 0.47 -0.90 1.43 15470 
-10.02 110.83 37.44 0.02 -0.51 1.08 15575 
31.62 61.71 38.23 0.02 -0.39 1.02 15679 
-13.40 134.06 12.56 -0.16 -0.27 0.66 15783 
-11.96 117.92 9.37 -0.41 -0.37 0.38 15888 
-14.74 52.08 -11.09 -0.40 -0.33 0.34 15992 
-27.85 11.12 10.41 -0.75 -0.18 0.23 16097 
-18.11 -29.13 -46.80 -1.31 0.07 0.31 16202 
44.98 18.56 -99.21 -0.70 -0.23 0.36 16307 
1.86 8.87 -3.77 0.09 -0.89 0.99 16411 
-57.64 21.08 33.63 -0.76 -0.22 0.33 16516 
-7.61 -5.34 -32.68 -1.52 0.17 0.08 16620 
45.05 -16.36 -111.85 -0.86 -0.08 0.09 16724 
-18.08 -12.54 -13.95 0.25 -0.94 1.12 16829 
-7.48 -40.94 -1.44 -0.64 0.01 -0.02 16933 
30.71 -153.49 -63.64 -0.45 -0.39 0.47 17038 
21.83 -131.66 -29.12 -0.36 -0.35 0.92 17142 
1.66 -114.25 -26.22 -0.22 -0.40 1.07 17247 
-5.73 -83.57 -49.47 -0.07 -0.50 1.20 17351 
-15.84 -71.05 -34.27 -0.05 -0.51 1.09 17456 
4.38 -39.21 -20.49 -0.00 -0.44 1.12 17561 
3.21 22.59 3.83 -0.06 -0.40 1.10 17666 
-23.99 30.31 -122.49 -0.24 -0.21 1.09 17770 
30.47 -49.05 -74.76 0.74 -1.02 1.26 17874 
41.31 68.23 84.09 0.45 -0.64 0.75 17979 
-34.45 0.06 21.76 -0.60 0.10 0.66 18083 
5.37 -18.82 -88.64 -0.40 -0.05 0.63 18188 
3.33 -71.49 -80.98 0.85 -0.68 1.59 18292 
-41.93 71.84 29.69 0.01 -0.49 1.12 18397 
7.66 36.11 19.66 -0.18 -0.59 1.11 18501 
-4.79 75.85 48.60 -0.04 -0.45 0.94 18606 
-25.64 82.15 34.07 -0.24 -0.35 0.80 18710 
-19.35 84.33 28.05 -0.50 -0.38 0.61 18814 
-13.48 61.92 15.06 -0.57 -0.29 0.55 18919 
-22.92 29.39 1.69 -0.61 -0.33 0.54 19023 
8.85 12.47 13.56 -0.53 -0.31 0.48 19128 
3.03 6.55 -20.30 -1.12 0.15 0.23 19232 
25.24 -17.38 -120.57 -0.58 -0.25 0.34 19338 
-41.86 53.35 19.21 -0.08 -0.80 0.95 19442 
-32.45 31.29 34.11 -0.97 -0.08 0.36 19547 
13.83 11.86 -61.63 -1.31 0.15 0.23 19651 
26.97 -39.44 -106.51 -0.51 -0.32 0.21 19756 
1.18 -14.58 -16.32 0.06 -0.70 0.79 19860 
22.14 -62.72 -20.60 -0.49 -0.35 0.37 19964 
28.11 -82.73 -24.69 -0.40 -0.50 0.79 20069 
-7.57 -70.48 -16.87 -0.48 -0.27 0.85 20173 
-9.32 -68.07 -34.69 -0.39 -0.36 0.93 20278 
-0.72 -73.47 -39.26 -0.21 -0.46 1.03 20382 
-8.66 -51.73 -45.32 -0.14 -0.47 1.20 20488 
-2.22 24.77 -15.19 -0.08 -0.55 1.19 20592 
20.75 6.48 -7.98 -0.56 0.04 0.82 20697 
-1.67 -30.54 -105.11 0.02 -0.32 0.64 20801 
-13.82 45.18 6.45 0.82 -0.99 1.28 20905 
-21.21 -27.85 76.50 -0.03 -0.38 0.68 21010 
-12.13 -29.21 -48.14 -0.64 0.35 0.92 21114 
35.48 -42.11 -115.73 0.11 -0.45 1.01 21219 
-12.36 101.00 31.93 0.33 -0.66 1.25 21323 
-19.36 66.92 14.97 -0.30 -0.33 1.07 21428 
-12.30 100.17 6.89 -0.29 -0.46 0.98 21532 
-8.99 72.77 10.98 -0.40 -0.51 0.90 21637 
-10.85 74.44 2.95 -0.29 -0.43 0.69 21742 
-8.81 80.31 27.05 -0.34 -0.41 0.47 21847 
-26.07 39.83 29.50 -0.53 -0.26 0.30 21951 
-10.56 -0.84 -12.42 -0.92 0.01 0.28 22055 
35.29 -23.44 -106.76 -1.17 0.11 0.26 22160 
57.56 -56.92 -68.53 0.22 -1.15 1.49 22264 
-18.37 49.21 67.95 -0.58 -0.26 0.34 22369 
3.72 -5.34 -9.20 -1.30 0.22 0.27 22473 
40.62 -20.96 -92.91 -1.06 -0.01 0.24 22578 
37.16 -16.12 -50.49 -0.18 -0.78 0.88 22682 
-21.79 -19.16 -2.63 -0.44 -0.19 0.21 22787 
-21.48 -91.23 -47.60 -0.54 -0.20 0.37 22891 
-19.54 -102.98 -29.29 -0.45 -0.46 0.86 22995 
-6.19 -82.03 -46.20 -0.45 -0.43 0.93 23101 
1.66 -55.17 -60.44 -0.29 -0.51 1.06 23205 
-11.61 -56.05 -56.78 -0.18 -0.57 1.15 23310 
-5.45 -3.40 -48.24 -0.12 -0.65 1.10 23414 
7.95 -9.77 -20.79 -0.32 -0.39 0.91 23519 
33.91 -29.52 -102.26 -0.41 -0.13 0.83 23623 
72.35 -88.31 -102.09 0.81 -0.97 1.36 23728 
11.25 23.56 62.69 0.45 -0.57 0.91 23832 
-30.54 -15.36 10.08 -0.50 0.13 0.81 23937 
13.77 0.34 -86.06 -0.42 -0.07 0.80 24041 
55.58 -117.33 -115.56 1.08 -0.63 1.50 24145 
-21.13 23.26 11.76 0.13 -0.46 0.79 24251 
29.02 -30.82 -9.99 -0.23 -0.52 1.36 24355 
3.24 73.11 26.17 0.00 -0.48 1.22 24460 
-17.07 66.17 29.50 -0.13 -0.54 1.07 24564 
-26.56 70.30 24.36 -0.22 -0.47 0.93 24669 
13.11 75.92 12.31 -0.24 -0.37 0.74 24773 
3.08 78.59 8.15 -0.38 -0.34 0.55 24878 
-8.14 46.21 3.45 -0.50 -0.30 0.46 24982 
-18.23 22.68 -20.57 -0.96 -0.05 0.34 25086 
35.99 -0.61 -95.15 -0.90 -0.07 0.23 25191 
18.61 -49.00 -41.18 0.44 -1.11 1.54 25295 
-40.24 29.28 37.29 -0.68 -0.25 0.47 25400 
-0.92 -6.20 -32.21 -1.36 0.03 0.33 25504 
24.51 -14.40 -96.66 -0.71 -0.15 0.17 25609 
-20.59 -15.44 -8.23 0.12 -0.84 0.86 25713 
-3.96 -52.59 -1.76 -0.53 -0.26 0.41 25818 
16.99 -96.95 -21.39 -0.54 -0.30 0.72 25922 
22.61 -84.98 -25.87 -0.38 -0.35 1.01 26028 
30.01 -77.55 -40.60 -0.30 -0.39 0.99 26132 
16.05 -81.47 -47.98 -0.19 -0.36 0.99 26236 
16.87 -69.62 -54.82 -0.03 -0.29 1.03 26341 
5.99 -44.68 -43.55 -0.00 -0.36 1.14 26445 
23.11 2.44 -31.67 0.13 -0.49 1.39 26550 
-6.00 37.27 8.55 -0.24 -0.21 0.89 26654 
-23.85 25.38 -81.94 -0.30 -0.14 1.02 26759 
27.21 -46.61 -78.82 0.71 -0.73 1.04 26863 
2.92 4.86 36.21 0.57 -0.55 0.94 26968 
-30.12 2.46 14.08 -0.66 0.27 0.98 27072 
3.36 13.15 -103.37 -0.43 -0.05 1.01 27176 
21.07 -35.68 -80.37 0.77 -0.79 1.18 27281 
-14.22 -0.31 37.11 0.43 -0.51 0.85 27385 
-11.36 -26.49 35.85 -0.12 -0.20 1.05 27490 
-19.11 27.84 2.28 -0.41 -0.27 1.33 27595 
-27.50 77.01 -5.28 -0.39 -0.45 1.29 27700 
-18.44 102.56 16.61 -0.33 -0.56 1.03 27804 
4.69 98.21 27.77 -0.26 -0.51 0.76 27909 
-2.86 95.40 4.63 -0.37 -0.31 0.57 28013 
7.58 61.15 -16.97 -0.52 -0.32 0.47 28118 
2.38 14.29 -8.53 -0.66 -0.37 0.36 28222 
1.02 -3.50 8.34 -0.82 -0.18 0.36 28326 
7.90 -8.53 -72.62 -1.44 0.32 0.28 28431 
109.01 -36.12 -105.54 -0.05 -0.93 0.96 28535 
-21.81 85.36 67.12 -0.28 -0.67 0.60 28640 
-49.15 12.71 31.98 -1.46 0.27 0.14 28744 
46.47 -57.35 -109.24 -1.30 0.21 -0.04 28849 
75.47 -72.25 -83.74 0.13 -0.65 0.67 28953 
-3.70 -31.94 10.81 -0.29 -0.25 0.33 29058 
1.15 -111.95 -35.08 -0.59 -0.36 0.54 29163 
16.42 -114.33 -39.45 -0.43 -0.46 0.92 29267 
17.68 -96.82 -39.85 -0.29 -0.46 0.93 29372 
-11.70 -92.92 -56.02 -0.13 -0.42 1.11 29476 
-7.24 -87.82 -61.20 0.04 -0.43 1.27 29581 
3.19 -25.91 -28.42 0.11 -0.55 1.33 29685 
7.05 14.04 -7.56 0.22 -0.47 1.17 29790 
-21.90 43.63 -8.90 -0.16 -0.04 0.91 29894 
-28.91 28.19 -130.01 -0.09 -0.23 0.82 29999 
22.18 -53.76 -102.79 1.06 -0.96 1.13 30103 
20.69 8.12 56.68 0.28 -0.46 0.88 30208 
-8.37 -6.51 19.51 -0.49 0.13 0.93 30312 
-4.50 13.37 -96.76 -0.40 -0.01 0.92 30416 
19.89 -17.21 -100.60 0.94 -0.90 1.27 30522 
-2.58 12.78 38.47 0.26 -0.68 0.89 30626 
17.08 22.15 18.50 -0.02 -0.65 1.25 30731 
-13.78 82.32 24.62 -0.01 -0.42 1.25 30835 
-28.26 107.57 43.44 -0.01 -0.28 0.89 30940 
-5.63 91.28 15.18 -0.32 -0.25 0.71 31044 
-11.34 72.79 -1.26 -0.50 -0.27 0.62 31149 
-13.31 56.73 -7.76 -0.52 -0.30 0.46 31253 
-7.87 22.88 -9.91 -0.55 -0.29 0.45 31357 
8.50 -4.27 -2.02 -0.61 -0.32 0.55 31462 
-9.77 10.31 -30.11 -1.25 0.13 0.49 31566 
49.77 22.59 -96.79 -0.82 -0.13 0.25 31671 
-52.88 21.47 -12.34 0.32 -0.92 1.07 31775 
-62.92 31.30 54.47 -0.74 -0.15 0.34 31880 
-13.40 -14.45 -31.40 -1.61 0.25 0.26 31985 
44.17 -12.37 -121.64 -0.86 -0.04 0.17 32090 
14.79 -51.95 -35.69 0.53 -0.91 1.22 32194 
-22.82 -15.60 22.99 -0.59 -0.13 0.23 32299 
-1.25 -103.37 -21.48 -0.68 -0.19 0.45 32403 
12.31 -92.47 -37.41 -0.49 -0.22 0.70 32507 
-0.51 -106.08 -36.47 -0.33 -0.24 0.89 32612 
-10.82 -119.33 -65.24 -0.28 -0.41 1.09 32716 
-2.72 -70.79 -45.82 -0.01 -0.45 1.24 32821 
-8.26 5.72 -21.63 -0.01 -0.53 1.47 32925 
0.53 21.30 0.06 -0.06 -0.49 0.93 33030 
-5.34 1.14 20.21 -0.07 -0.33 0.91 33134 
-18.68 23.78 -83.13 -0.43 0.08 1.15 33239 
-8.08 6.87 -108.78 0.20 -0.58 0.66 33344 
10.77 22.50 19.68 0.81 -0.93 1.01 33448 
2.02 10.23 57.34 -0.10 -0.22 0.86 33553 
-42.77 -1.59 -81.94 -0.96 0.23 0.86 33657 
44.98 -31.37 -93.12 0.01 -0.38 0.57 33762 
19.66 -3.49 -27.23 0.91 -0.89 1.32 33866 
-22.78 11.34 9.05 -0.26 -0.41 1.15 33971 
21.71 36.95 24.17 -0.09 -0.49 1.42 34075 
-19.21 111.54 30.92 -0.05 -0.39 1.18 34180 
-13.27 114.78 17.72 -0.19 -0.32 0.81 34284 
-6.74 98.13 5.50 -0.26 -0.36 0.50 34388 
-12.48 58.71 -5.53 -0.42 -0.33 0.45 34493 
7.21 23.05 -15.95 -0.47 -0.42 0.55 34597 
-0.82 15.65 6.53 -0.78 -0.23 0.41 34702 
-13.50 20.37 -37.94 -1.42 0.28 0.36 34806 
41.17 14.01 -124.92 -0.64 -0.18 0.14 34912 
12.93 -3.23 6.56 0.34 -0.97 1.02 35016 
-42.91 25.37 56.44 -0.70 -0.23 0.36 35121 
-11.53 4.43 -30.45 -1.68 0.32 0.34 35225 
36.06 23.10 -109.39 -0.89 -0.08 0.05 35330 
5.49 -50.28 -52.44 0.13 -0.91 0.77 35434 
-7.45 -29.22 20.71 -0.47 -0.34 0.29 35538 
-5.71 -72.33 -6.52 -0.72 -0.22 0.48 35643 
5.98 -121.66 -37.48 -0.57 -0.35 0.77 35747 
6.62 -96.27 -60.89 -0.45 -0.41 0.75 35852 
2.00 -77.62 -75.36 -0.20 -0.56 1.14 35956 
-1.29 -51.40 -54.16 -0.14 -0.64 1.15 36061 
17.89 -11.47 -17.19 -0.15 -0.62 1.08 36165 
20.14 6.74 -8.48 -0.10 -0.46 1.06 36270 
-24.20 10.02 -10.56 -0.40 -0.11 0.79 36374 
-21.30 -39.08 -143.12 -0.31 -0.07 0.81 36480 
35.49 -69.34 -94.76 1.10 -1.06 1.26 36584 
23.18 7.09 64.44 0.38 -0.54 0.77 36688 
-24.36 -33.37 -16.79 -0.80 0.17 0.96 36793 
23.76 10.73 -100.25 -0.15 -0.35 0.65 36897 
-4.27 6.97 -35.02 1.19 -1.09 1.64 37002 
-31.01 25.14 35.48 0.18 -0.46 0.81 37106 
11.79 7.81 16.75 -0.37 -0.33 1.00 37211 
-19.59 68.38 27.73 -0.29 -0.51 1.28 37315 
-28.46 127.84 34.69 -0.25 -0.50 1.05 37420 
-35.63 129.99 17.68 -0.25 -0.31 0.82 37524 
8.67 89.46 12.37 -0.35 -0.36 0.31 37629 
31.84 25.93 0.22 -0.54 -0.29 0.31 37734 
14.47 23.42 -10.61 -0.71 -0.30 0.31 37838 
-14.95 1.60 -8.43 -0.95 -0.20 0.33 37943 
18.91 -1.15 -48.85 -1.29 -0.01 0.19 38047 
27.92 5.53 -99.54 -0.36 -0.49 0.42 38152 
-91.07 71.58 48.01 -0.28 -0.75 0.65 38256 
-65.89 9.08 30.40 -1.30 -0.02 0.20 38361 
29.05 17.74 -67.24 -1.41 0.13 -0.05 38465 
25.71 -59.28 -127.95 -0.27 -0.57 0.40 38569 
-44.18 64.29 42.39 -0.31 -0.52 0.42 38674 
-13.28 -58.70 -41.71 -0.83 -0.09 0.04 38778 
-8.16 -165.11 -109.47 -0.61 -0.36 0.46 38883 
-18.77 -144.88 -87.40 -0.21 -0.67 0.73 38988 
-9.10 -124.66 -103.10 -0.03 -0.66 0.84 39093 
12.23 -101.13 -101.15 0.28 -0.81 1.08 39197 
22.76 -34.81 -39.49 0.39 -0.89 1.20 39302 
37.87 -14.70 -9.47 0.14 -0.62 0.99 39406 
-5.28 -18.24 -31.97 0.20 -0.51 0.91 39511 
-50.30 -20.47 -74.66 -0.11 -0.18 0.82 39615 
-54.98 -35.21 -107.29 1.16 -0.73 1.00 39719 
17.11 68.06 61.37 0.85 -0.53 0.77 39824 
-20.69 -31.06 22.06 -0.20 -0.22 0.73 39929 
-2.47 -3.95 -77.67 -0.01 -0.38 0.82 40034 
40.46 -54.96 -89.21 1.58 -1.32 1.38 40138 
11.75 101.21 74.93 0.56 -0.48 0.96 40243 
33.86 114.69 64.92 0.13 -0.68 1.10 40347 
3.70 137.15 70.69 0.02 -0.75 0.96 40452 
5.31 164.17 49.58 -0.25 -0.38 0.63 40556 
0.54 119.86 14.97 -0.49 -0.27 0.33 40660 
-9.07 34.06 -18.40 -0.70 -0.24 0.25 40765 
-1.75 16.88 -22.86 -0.79 -0.27 0.34 40869 
-11.37 8.73 -19.60 -0.73 -0.40 0.37 40974 
-15.92 2.53 -2.53 -0.84 -0.27 0.31 41078 
22.85 -14.82 -67.44 -1.28 0.10 0.21 41183 
75.71 -56.63 -107.69 -0.32 -0.62 0.43 41288 
-56.40 54.04 59.60 -0.22 -0.67 0.78 41393 
-28.59 8.24 22.34 -1.27 -0.06 0.28 41497 
29.02 17.32 -75.21 -1.30 0.01 0.09 41602 
41.30 -75.92 -112.33 -0.09 -0.85 0.71 41706 
-3.84 1.44 16.93 -0.41 -0.39 0.31 41810 
-0.92 -159.17 -67.02 -0.57 -0.30 0.24 41915 
2.28 -195.90 -96.32 -0.09 -0.72 0.80 42019 
-3.82 -141.51 -71.56 0.01 -0.52 0.93 42124 
29.67 -63.02 -64.07 0.31 -0.79 1.21 42228 
-36.41 -48.20 -32.20 0.24 -0.71 0.97 42333 
20.62 -25.83 -28.57 0.26 -0.61 0.99 42437 
8.31 0.64 -16.04 0.26 -0.51 0.94 42542 
-4.69 -24.27 -50.52 -0.00 -0.54 0.93 42647 
-4.21 11.94 -85.65 0.39 -0.39 0.57 42752 
24.69 37.52 21.18 1.17 -0.69 0.87 42856 
-10.66 2.21 17.85 0.11 -0.32 0.67 42960 
-17.18 -33.54 -59.74 -0.24 -0.27 0.98 43065 
-3.56 5.73 -104.06 0.40 -0.35 0.67 43169 
-8.22 59.46 26.14 1.15 -0.73 1.13 43274 
-1.29 74.15 67.39 0.15 -0.48 0.91 43378 
16.53 73.21 58.44 0.04 -0.56 1.15 43483 
-10.63 113.40 59.44 -0.09 -0.40 0.93 43587 
-32.76 136.44 51.21 -0.27 -0.41 0.77 43692 
-40.74 120.98 30.05 -0.49 -0.39 0.55 43796 
-31.89 92.37 19.18 -0.60 -0.33 0.38 43901 
-20.42 34.72 -2.62 -0.73 -0.31 0.27 44006 
-21.62 -1.69 -10.05 -0.88 -0.25 0.22 44110 
18.22 -13.28 -41.10 -1.16 -0.09 0.26 44215 
31.21 -17.16 -112.61 -0.81 -0.11 0.17 44319 
11.08 15.65 -6.64 0.18 -1.05 1.12 44424 
-53.44 16.59 45.75 -0.89 -0.25 0.20 44528 
-0.19 -3.31 -21.23 -1.48 0.11 0.22 44633 
39.47 -4.27 -116.31 -0.82 -0.08 0.10 44737 
41.75 -59.30 -58.66 0.17 -1.01 0.74 44841 
19.98 -55.00 7.21 -0.47 -0.41 0.34 44946 
14.41 -103.75 -28.90 -0.62 -0.35 0.57 45050 
1.89 -100.21 -51.88 -0.51 -0.42 0.77 45156 
5.80 -96.40 -68.44 -0.31 -0.42 0.86 45260 
32.23 -87.63 -88.66 -0.11 -0.45 0.90 45365 
6.42 -79.12 -63.85 0.11 -0.77 1.33 45469 
23.55 -3.75 -0.97 0.04 -0.67 1.14 45574 
-10.04 4.87 0.58 -0.25 -0.22 0.92 45678 
-2.63 23.04 -91.78 -0.16 -0.15 0.84 45783 
9.41 -37.08 -60.92 1.09 -0.89 1.40 45887 
-13.70 14.71 47.31 0.25 -0.42 0.75 45991 
-18.81 -54.34 14.51 -0.49 0.07 0.88 46096 
21.69 -1.43 -88.98 -0.15 -0.18 0.77 46200 
-2.35 -44.17 -67.41 0.94 -0.95 1.63 46305 
-44.34 44.69 36.87 0.16 -0.51 1.05 46409 
-17.76 57.21 32.89 -0.11 -0.51 1.22 46514 
-34.42 105.71 41.90 -0.21 -0.42 0.98 46618 
-38.01 107.73 27.82 -0.33 -0.39 0.68 46724 
-14.79 70.32 9.79 -0.44 -0.39 0.53 46828 
-10.73 39.42 1.55 -0.51 -0.37 0.53 46932 
-7.75 28.38 -0.59 -0.59 -0.35 0.45 47037 
3.38 -8.56 -27.31 -0.84 -0.22 0.40 47141 
33.05 8.82 -74.98 -0.97 -0.17 0.42 47246 
54.21 -43.33 -65.35 0.19 -1.14 1.15 47350 
-31.85 46.56 66.66 -0.49 -0.39 0.48 47455 
-15.83 -2.29 -9.11 -1.44 0.11 0.30 47559 
39.11 14.70 -95.20 -0.99 -0.08 0.06 47664 
26.58 -95.49 -75.12 0.23 -0.87 0.83 47768 
-2.37 -44.58 9.17 -0.41 -0.32 0.26 47873 
6.81 -118.28 -42.26 -0.48 -0.39 0.70 47977 
-2.73 -101.57 -38.77 -0.40 -0.23 1.08 48081 
-10.73 -85.37 -55.22 -0.31 -0.33 1.04 48187 
-3.60 -71.06 -46.24 -0.15 -0.52 1.12 48291 
5.71 -34.73 -20.44 -0.04 -0.52 1.16 48396 
-11.56 -10.89 14.87 -0.17 -0.36 0.97 48500 
23.37 -1.75 -78.95 -0.33 0.00 1.06 48605 
43.43 -48.64 -99.98 0.41 -0.53 0.87 48709 
14.11 43.17 37.02 0.66 -0.76 1.09 48814 
-34.53 -17.47 27.20 -0.46 0.12 0.75 48918 
-28.33 -9.47 -109.44 -0.30 0.07 0.90 49022 
22.18 -90.35 -143.73 0.50 -0.65 1.34 49127 
-58.27 75.00 0.12 0.60 -0.84 1.28 49231 
2.63 77.25 58.83 0.07 -0.59 1.01 49336 
-10.69 86.81 64.78 -0.14 -0.43 0.99 49440 
-23.39 75.32 49.89 -0.30 -0.35 0.77 49546 
-51.63 83.76 38.28 -0.43 -0.24 0.55 49650 
-19.37 58.40 15.38 -0.45 -0.31 0.51 49755 
-20.53 42.13 7.11 -0.51 -0.32 0.49 49859 
-17.69 22.68 -20.85 -0.87 -0.15 0.38 49964 
19.73 -0.17 -80.23 -1.08 -0.15 0.35 50068 
43.29 -30.60 -95.34 -0.15 -0.86 0.82 50172 
-26.40 78.14 63.54 -0.30 -0.64 0.59 50277 
-34.32 -5.71 5.34 -1.27 -0.09 0.30 50381 
27.76 16.51 -67.66 -1.19 -0.08 0.20 50486 
30.15 -39.17 -104.15 -0.08 -0.86 0.75 50590 
-10.40 67.79 58.02 -0.41 -0.52 0.39 50695 
5.96 -86.60 -7.23 -0.75 -0.17 0.18 50799 
11.10 -127.83 -46.50 -0.50 -0.27 0.68 50905 
22.44 -97.99 -50.33 -0.36 -0.34 0.79 51009 
7.69 -117.57 -60.38 -0.16 -0.30 0.88 51113 
7.48 -150.21 -51.79 0.01 -0.53 1.26 51218 
10.87 -39.45 -26.30 0.18 -0.72 1.52 51322 
11.46 6.26 -10.38 -0.15 -0.22 1.04 51427 
-23.08 25.10 -97.49 -0.29 -0.06 1.16 51531 
9.53 16.89 -85.00 0.40 -0.61 0.74 51636 
3.12 36.85 30.32 0.63 -0.86 1.00 51740 
-38.98 -5.35 38.71 -0.48 -0.02 0.77 51845 
0.51 7.28 -100.20 -0.45 -0.16 0.84 51949 
22.89 -58.14 -78.34 0.66 -0.83 1.32 52054 
-33.89 35.47 37.23 0.21 -0.50 1.03 52158 
-17.88 37.08 20.23 -0.28 -0.45 1.14 52263 
-8.51 75.20 39.70 -0.18 -0.48 1.05 52368 
-21.32 72.06 31.79 -0.22 -0.46 0.90 52472 
-23.30 60.97 16.59 -0.35 -0.41 0.79 52577 
2.30 58.56 14.41 -0.46 -0.40 0.73 52681 
0.34 51.82 5.82 -0.44 -0.33 0.56 52786 
15.40 33.27 2.79 -0.54 -0.35 0.48 52890 
10.85 19.88 -30.92 -1.13 -0.04 0.46 52995 
36.18 35.03 -92.66 -0.84 -0.13 0.29 53099 
9.33 -18.42 -41.38 0.10 -1.06 1.00 53203 
-37.31 1.29 47.95 -0.68 -0.34 0.36 53308 
1.81 -2.16 -32.92 -1.50 0.19 0.41 53412 
38.35 26.27 -91.87 -0.83 -0.11 0.08 53517 
22.63 -85.56 -64.99 0.25 -1.06 0.90 53621 
3.26 -56.05 6.00 -0.42 -0.49 0.35 53726 
5.49 -115.07 -34.33 -0.64 -0.33 0.50 53830 
6.79 -112.53 -63.60 -0.48 -0.50 0.80 53935 
-12.55 -88.31 -65.05 -0.33 -0.47 0.91 54040 
-8.12 -64.57 -52.21 -0.03 -0.55 1.04 54145 
3.88 -57.79 -44.89 0.01 -0.70 1.18 54249 
12.98 -0.18 -2.28 0.10 -0.65 1.11 54353 
31.84 -7.20 38.70 -0.07 -0.37 0.89 54458 
-11.66 18.08 -94.68 -0.32 0.02 1.07 54562 
-4.28 -9.00 -114.94 0.33 -0.76 0.95 54667 
-18.50 35.56 42.45 0.54 -0.72 0.86 54771 
4.44 -22.61 74.28 -0.19 -0.17 0.77 54876 
-19.95 5.87 -80.17 -0.56 -0.01 0.96 54980 
29.64 -62.91 -85.57 0.26 -0.70 1.19 55085 
26.92 32.90 48.31 0.20 -0.71 1.01 55189 
-21.24 55.04 26.26 -0.24 -0.46 0.99 55293 
-7.71 57.91 25.67 -0.24 -0.48 1.02 55398 
6.53 71.31 30.78 -0.30 -0.44 0.83 55502 
-30.17 78.42 18.66 -0.39 -0.33 0.71 55607 
-2.89 67.11 -2.30 -0.51 -0.32 0.54 55711 
3.65 36.45 -22.32 -0.55 -0.35 0.51 55816 
2.67 23.92 -10.71 -0.61 -0.38 0.41 55921 
-17.90 3.30 -0.69 -0.81 -0.21 0.51 56026 
27.55 9.82 -51.20 -1.19 0.22 0.47 56130 
26.59 19.40 -120.12 -0.58 -0.28 0.26 56235 
11.62 36.18 6.22 0.20 -1.06 0.87 56339 
-18.01 12.59 78.35 -0.77 -0.24 0.28 56443 
21.36 13.41 -41.02 -1.56 0.38 0.52 56548 
58.50 7.97 -101.85 -0.80 -0.12 0.15 56652 
31.47 -32.26 -43.93 0.20 -1.00 1.04 56757 
-16.40 -18.34 14.60 -0.59 -0.29 0.25 56861 
10.70 -91.14 -30.29 -0.72 -0.24 0.40 56966 
11.79 -106.60 -40.48 -0.50 -0.41 0.73 57070 
2.31 -90.86 -44.61 -0.45 -0.31 0.83 57175 
15.66 -101.60 -38.57 -0.27 -0.51 0.91 57280 
16.11 -108.54 -55.89 -0.10 -0.49 0.97 57384 
-14.00 -57.99 -53.39 0.10 -0.51 1.26 57489 
3.94 -0.86 -15.02 0.11 -0.59 1.18 57593 
-10.89 13.60 -9.22 -0.22 -0.25 0.95 57698 
-12.42 49.50 -118.28 -0.20 -0.01 0.99 57802 
21.94 -12.44 -85.38 0.40 -0.88 0.77 57907 
29.29 33.08 63.92 0.57 -0.82 1.02 58011 
-0.04 -8.06 42.44 -0.32 -0.20 0.63 58116 
-32.35 -19.20 -95.50 -0.51 -0.09 0.88 58220 
11.02 -46.12 -81.79 0.39 -0.70 1.15 58324 
-42.23 1.18 -6.32 0.37 -0.92 1.43 58429 
-0.70 32.09 45.79 -0.01 -0.63 1.01 58533 
18.36 43.50 54.64 -0.20 -0.56 1.04 58639 
-49.45 87.02 55.81 -0.18 -0.45 0.90 58743 
-38.73 79.82 47.79 -0.33 -0.42 0.76 58848 
1.28 65.35 24.93 -0.48 -0.39 0.60 58952 
3.95 51.64 9.28 -0.53 -0.39 0.51 59057 
-7.92 36.31 -5.30 -0.53 -0.27 0.55 59161 
14.65 20.69 -3.61 -0.78 -0.14 0.34 59266 
30.99 -9.54 -64.79 -1.11 0.10 0.38 59370 
13.47 -18.92 -108.83 -0.52 -0.37 0.45 59474 
-42.68 67.34 45.33 -0.18 -0.75 0.74 59579 
-47.31 11.79 19.37 -1.11 0.10 0.29 59683 
28.13 8.60 -61.53 -1.21 0.16 0.26 59788 
-10.98 -32.32 -121.66 -0.47 -0.42 0.48 59892 
-10.93 13.78 -6.10 -0.18 -0.67 0.63 59997 
3.15 -62.03 -19.69 -0.59 -0.24 0.34 60102 