-7.66 -20.20 -79.85 -0.39 -0.54 0.86 6 
5.11 -61.56 -77.43 -0.15 -0.62 0.83 109 
11.18 -54.59 -65.19 -0.13 -0.49 0.86 214 
6.89 -19.69 -67.88 -0.43 -0.29 1.03 318 
10.85 44.23 -121.33 0.12 -0.55 0.72 422 
28.91 4.65 -4.92 0.91 -1.04 1.08 527 
30.19 23.37 39.98 0.11 -0.52 0.73 631 
-25.18 -7.56 -27.82 -0.68 0.12 0.81 736 
-30.38 -2.08 -140.38 -0.15 -0.40 0.76 840 
21.09 19.15 -11.24 0.83 -1.33 1.26 945 
-38.74 35.89 54.83 0.14 -0.60 0.87 1049 
8.84 21.52 37.25 -0.28 -0.49 1.04 1154 
0.44 72.66 51.50 -0.25 -0.59 1.02 1258 
41.07 65.66 18.64 -0.27 -0.44 0.84 1362 
-2.44 77.38 50.30 -0.40 -0.36 0.55 1467 
9.88 60.62 22.44 -0.46 -0.33 0.47 1571 
2.92 56.16 20.53 -0.54 -0.28 0.41 1676 
-36.55 11.79 -8.97 -1.08 0.14 0.30 1780 
25.73 8.25 -87.42 -1.19 0.06 0.21 1885 
73.39 -48.73 -98.53 0.08 -1.10 1.16 1989 
-62.06 60.73 59.43 -0.51 -0.31 0.31 2095 
-41.95 -9.88 11.10 -1.33 0.29 0.20 2199 
49.11 -0.96 -81.82 -1.24 0.16 0.02 2304 
29.97 -55.35 -133.27 -0.32 -0.48 0.25 2408 
-36.52 19.82 20.30 -0.24 -0.53 0.56 2512 
31.97 -64.44 -52.32 -0.72 -0.25 0.15 2617 
2.30 -145.64 -100.22 -0.51 -0.50 0.62 2721 
36.81 -117.75 -82.07 -0.22 -0.69 0.97 2826 
39.38 -96.07 -61.70 -0.07 -0.69 1.00 2930 
-7.41 -42.05 7.50 -0.04 -0.67 1.08 3035 
-0.26 -33.79 -28.47 -0.27 -0.21 1.01 3139 
1.60 0.18 -98.69 -0.32 -0.06 0.65 3244 
16.21 -48.18 -113.08 1.01 -0.75 1.27 3348 
-16.24 44.54 62.75 0.66 -0.54 0.83 3452 
-13.95 -76.31 17.01 -0.09 -0.25 0.74 3557 
-4.39 -17.07 -89.35 -0.18 -0.16 0.88 3661 
57.80 -16.50 -122.23 1.26 -0.79 1.37 3766 
-24.40 95.68 60.82 0.53 -0.53 1.09 3870 
-21.73 131.96 71.08 0.06 -0.56 1.11 3975 
-25.53 160.24 75.77 -0.09 -0.45 0.87 4079 
-5.37 124.88 61.49 -0.40 -0.38 0.61 4184 
-19.44 99.01 32.02 -0.55 -0.25 0.34 4288 
2.94 49.05 6.89 -0.53 -0.30 0.34 4392 
-9.01 34.76 12.25 -0.80 -0.12 0.20 4497 
30.41 14.60 -88.38 -1.37 0.35 -0.09 4601 
66.37 -56.85 -106.95 -0.07 -1.07 1.05 4707 
-58.95 27.08 55.80 -0.47 -0.36 0.38 4811 
-42.23 1.72 -5.76 -1.50 0.28 0.10 4916 
47.20 -13.77 -100.92 -1.19 0.02 -0.10 5020 
86.59 -90.37 -107.19 0.01 -0.98 0.74 5125 
-30.55 -16.15 15.18 -0.43 -0.41 0.24 5229 
20.33 -131.95 -66.37 -0.68 -0.32 0.23 5334 
28.08 -144.17 -92.88 -0.23 -0.65 0.81 5438 
5.42 -163.37 -95.53 -0.09 -0.74 1.09 5542 
5.12 -143.54 -77.74 0.14 -0.78 1.21 5647 
26.71 -49.38 -13.60 0.08 -0.60 1.02 5751 
25.36 -25.81 -61.47 -0.04 -0.40 1.16 5856 
13.63 28.51 -153.11 0.37 -0.56 0.84 5960 
25.46 44.97 18.59 1.43 -1.03 0.92 6065 
7.15 -2.28 66.22 0.27 -0.51 0.61 6169 
-69.91 -64.85 -16.93 -0.40 -0.15 1.20 6274 
8.23 69.97 -127.92 -0.11 -0.13 0.46 6378 
3.36 60.50 -12.50 1.37 -1.07 1.48 6482 
-19.84 92.82 61.89 0.21 -0.54 0.99 6587 
-4.12 116.47 72.32 -0.03 -0.50 1.04 6691 
-21.19 137.09 64.92 -0.17 -0.49 0.80 6797 
-29.18 131.40 67.62 -0.28 -0.26 0.64 6901 
-15.38 88.17 35.64 -0.55 -0.31 0.32 7006 
-25.40 31.18 13.76 -0.76 -0.28 0.18 7110 
20.23 3.47 -26.89 -1.14 0.07 0.01 7215 
26.84 -28.56 -99.50 -0.83 -0.08 0.08 7319 
4.65 -19.24 -5.47 0.37 -1.03 1.48 7424 
-64.10 23.04 52.60 -0.97 0.01 0.16 7528 
-23.74 -19.92 -62.51 -1.56 0.28 0.04 7632 
52.81 -20.71 -130.79 -0.82 -0.03 -0.14 7737 
46.16 -56.54 -84.95 0.46 -1.37 1.24 7841 
11.26 -12.43 20.08 -0.34 -0.58 0.50 7946 
2.06 -37.85 -3.70 -0.69 -0.33 0.23 8050 
-2.65 -164.18 -68.74 -0.68 -0.17 0.42 8155 
3.21 -197.61 -137.05 -0.30 -0.40 1.01 8259 
-57.05 -137.02 -106.00 0.16 -0.73 1.48 8364 
-32.89 -23.85 -6.95 0.08 -0.68 0.97 8468 
-1.02 -40.98 -57.50 -0.17 -0.30 0.97 8572 
-32.27 33.58 -136.34 0.32 -0.47 0.60 8677 
48.01 -21.83 -2.14 1.55 -1.17 1.08 8781 
28.17 19.61 82.45 0.33 -0.33 0.70 8886 
-41.56 -46.23 -66.30 -0.66 0.07 0.86 8990 
1.59 32.79 -123.19 0.32 -0.50 0.49 9095 
23.79 41.35 74.85 1.01 -0.90 1.17 9200 
6.84 55.81 27.92 0.32 -0.59 1.14 9305 
-6.62 102.62 51.50 0.08 -0.62 1.09 9409 
-28.02 127.28 64.69 -0.09 -0.57 0.85 9513 
-20.01 116.47 46.52 -0.25 -0.50 0.65 9618 
-25.40 118.05 47.98 -0.32 -0.46 0.51 9722 
-41.79 77.26 36.37 -0.59 -0.21 0.27 9827 
32.87 30.92 -21.52 -1.20 0.21 0.09 9931 
58.25 -13.42 -105.48 -0.61 -0.37 0.26 10036 
-35.90 65.59 68.80 -0.18 -0.90 0.71 10140 
-59.47 19.18 46.74 -1.02 -0.06 0.03 10245 
-28.91 -15.29 -65.04 -1.45 0.28 -0.12 10349 
18.29 -71.97 -107.87 -0.75 -0.14 0.10 10454 
14.80 -4.31 -9.08 0.19 -1.08 1.02 10558 
-15.01 -9.79 6.76 -0.60 -0.13 0.16 10662 
-3.11 -121.10 -64.22 -0.69 -0.22 0.27 10768 
-13.12 -140.89 -73.52 -0.52 -0.38 0.53 10872 
16.70 -123.76 -102.23 -0.25 -0.40 0.94 10977 
25.60 -116.47 -109.67 -0.19 -0.52 0.98 11081 
-19.70 -60.82 -74.44 0.11 -0.76 1.17 11186 
0.86 -38.23 -38.95 0.06 -0.68 1.07 11290 
-4.81 3.95 -47.21 -0.17 -0.32 0.95 11395 
-38.05 -6.53 -108.34 0.33 -0.32 0.81 11499 
-19.08 54.51 -3.98 1.16 -0.85 1.11 11603 
23.09 -7.20 75.99 0.10 -0.46 0.55 11708 
-47.81 -20.74 -76.31 -0.49 -0.04 0.94 11812 
7.11 -5.46 -111.70 0.34 -0.76 0.89 11918 
4.47 69.05 48.78 0.64 -0.98 1.17 12022 
14.61 82.45 62.85 -0.01 -0.60 1.07 12127 
-11.62 93.89 55.27 -0.08 -0.60 1.07 12231 
-21.62 110.15 54.07 -0.25 -0.53 0.77 12336 
-16.08 112.81 33.88 -0.43 -0.44 0.47 12440 
-4.37 63.53 49.08 -0.38 -0.53 0.43 12545 
-22.11 48.61 35.15 -0.69 -0.22 0.21 12649 
-7.63 1.36 -24.31 -1.15 0.20 0.12 12753 
35.85 9.87 -114.26 -0.84 -0.08 0.15 12858 
-11.11 8.55 10.42 0.07 -1.05 1.12 12962 
-54.73 19.74 54.50 -1.00 -0.01 0.12 13067 
-21.50 -9.77 -57.82 -1.39 0.32 -0.02 13171 
39.30 -33.34 -117.45 -0.65 -0.26 0.14 13277 
-13.07 24.70 29.21 -0.21 -0.63 0.61 13381 
1.79 -39.63 -15.85 -0.75 -0.04 0.16 13486 
-1.91 -95.50 -80.21 -0.67 -0.24 0.41 13590 
-2.68 -114.60 -102.65 -0.51 -0.47 0.62 13694 
-4.98 -133.55 -108.71 -0.27 -0.73 0.93 13799 
31.40 -101.54 -75.68 -0.18 -0.88 1.17 13903 
15.15 -43.05 -21.27 -0.55 -0.48 1.04 14008 
14.63 0.05 -80.21 -0.32 -0.27 0.88 14112 
82.24 -8.68 -40.20 1.07 -1.13 1.49 14217 
3.74 25.68 33.52 0.24 -0.46 0.69 14321 
-51.50 -42.34 -43.05 -0.72 0.16 0.89 14427 
23.26 -5.35 -88.59 -0.14 -0.17 0.57 14531 
-15.37 26.88 -23.93 1.11 -1.21 1.71 14636 
-80.31 83.57 30.24 0.00 -0.51 1.04 14740 
-25.44 81.33 41.51 -0.25 -0.54 1.00 14844 
-36.81 126.63 56.53 -0.28 -0.52 0.83 14949 
-23.15 118.60 49.51 -0.38 -0.46 0.64 15053 
-24.06 123.64 57.39 -0.54 -0.34 0.21 15158 
-40.11 36.29 21.85 -0.70 -0.25 0.08 15262 
-7.43 -0.15 -9.11 -1.08 0.09 0.00 15367 
28.21 -47.41 -108.63 -0.96 -0.01 -0.04 15472 
65.36 -37.30 -28.98 0.26 -1.26 1.40 15577 
-50.96 33.76 65.34 -0.76 -0.27 0.10 15681 
-40.61 -2.82 -27.74 -1.62 0.50 -0.16 15785 
22.03 -33.46 -119.26 -0.78 -0.06 -0.03 15890 
23.34 -0.39 -7.57 0.11 -1.01 0.95 15994 
6.69 -58.35 -16.15 -0.67 -0.07 0.01 16099 
44.18 -124.43 -111.50 -0.62 -0.20 0.35 16203 
15.30 -94.72 -139.73 -0.45 -0.51 0.72 16308 
67.80 -111.14 -132.67 -0.15 -0.75 0.91 16412 
7.85 -122.67 -88.76 -0.21 -0.97 1.04 16518 
22.35 -36.68 -14.81 0.05 -0.92 1.20 16622 
-34.66 -10.32 -33.67 -0.42 -0.30 0.99 16727 
-33.51 14.15 -111.26 -0.04 -0.40 0.49 16831 
41.43 -29.24 -28.10 1.16 -0.98 1.48 16935 
4.02 33.64 40.25 0.21 -0.57 0.75 17040 
-32.08 -12.79 -50.16 -0.67 -0.10 0.71 17144 
14.95 -61.02 -92.07 0.13 -0.68 0.86 17249 
-8.08 92.04 26.74 0.65 -1.03 1.41 17353 
-50.65 81.01 69.09 -0.09 -0.80 0.96 17458 
-22.73 95.76 73.55 -0.20 -0.67 0.86 17562 
-9.78 101.98 63.21 -0.40 -0.43 0.57 17668 
-11.15 109.98 52.31 -0.50 -0.37 0.36 17772 
-31.69 63.56 35.18 -0.73 -0.23 0.22 17876 
-9.87 25.78 10.00 -0.83 -0.21 0.16 17981 
14.21 21.34 -10.42 -0.87 -0.09 0.01 18085 
9.60 -35.08 -84.45 -1.16 0.23 -0.05 18190 
79.51 -50.87 -123.61 -0.27 -0.94 0.72 18294 
-35.53 78.77 56.21 -0.50 -0.71 0.41 18399 
-35.37 5.75 25.44 -1.35 0.11 -0.10 18503 
30.73 -19.82 -74.64 -1.26 0.04 -0.17 18608 
65.93 -75.63 -96.26 -0.24 -0.85 0.59 18712 
-79.37 59.35 64.47 -0.56 -0.50 0.29 18817 
-1.30 -48.19 -30.03 -0.85 0.05 -0.08 18922 
23.82 -112.40 -92.23 -0.58 -0.35 0.30 19026 
19.62 -114.26 -90.60 -0.35 -0.51 0.54 19131 
9.50 -134.89 -100.08 -0.29 -0.58 0.89 19235 
29.32 -116.68 -90.35 -0.08 -0.93 1.29 19340 
17.60 -23.15 9.27 -0.17 -0.88 1.01 19444 
11.69 -11.02 -15.72 -0.56 -0.11 0.82 19549 
-20.85 4.83 -141.81 -0.11 -0.13 0.65 19653 
-8.62 -2.33 -42.43 1.16 -1.38 1.49 19758 
8.18 20.21 56.56 0.14 -0.49 0.69 19862 
-41.10 -19.82 -68.34 -0.76 -0.02 0.72 19968 
15.14 -53.84 -110.55 0.30 -0.93 1.18 20072 
-6.37 84.44 72.35 0.29 -0.87 1.09 20176 
-53.05 61.11 57.77 -0.28 -0.62 0.94 20281 
-15.43 80.97 45.06 -0.27 -0.64 0.90 20385 
15.66 83.98 55.44 -0.36 -0.52 0.64 20490 
-4.24 68.58 40.16 -0.49 -0.37 0.45 20594 
-22.36 47.34 10.01 -0.52 -0.38 0.46 20699 
-6.61 47.08 6.39 -0.77 -0.23 0.22 20803 
1.65 -14.11 -60.02 -1.24 0.10 0.12 20908 
65.53 -43.41 -104.79 -0.38 -0.54 0.53 21012 
-49.51 90.30 64.09 -0.28 -0.74 0.62 21116 
-43.89 19.69 22.76 -1.31 0.04 0.01 21221 
18.39 -5.91 -85.04 -1.18 0.06 -0.09 21326 
86.82 -56.27 -104.18 0.03 -1.13 0.93 21431 
-40.73 -11.95 21.99 -0.45 -0.48 0.30 21535 
15.02 -86.94 -33.46 -0.69 -0.33 0.41 21640 
7.03 -107.76 -67.34 -0.63 -0.32 0.62 21744 
28.50 -120.32 -68.83 -0.42 -0.42 0.73 21849 
-0.91 -92.40 -77.61 -0.18 -0.71 1.29 21953 
4.57 -23.17 -11.21 -0.52 -0.66 1.01 22057 
17.38 7.85 -65.39 -0.60 -0.29 0.98 22162 
-39.24 -56.83 -144.60 0.15 -0.74 0.77 22266 
32.10 78.57 73.50 0.59 -0.95 0.98 22371 
-6.05 -9.98 32.23 -0.49 -0.08 0.49 22475 
8.38 -13.05 -124.95 -0.52 -0.18 0.76 22581 
47.21 -69.68 -90.66 0.63 -1.20 1.57 22685 
-46.56 55.37 52.62 -0.02 -0.61 1.10 22790 
-16.21 92.70 47.42 -0.36 -0.61 0.98 22894 
-9.60 125.49 65.92 -0.34 -0.57 0.76 22999 
-46.65 147.08 46.70 -0.45 -0.38 0.48 23103 
-9.56 87.25 26.45 -0.57 -0.35 0.26 23207 
-11.53 46.85 13.50 -0.66 -0.31 0.19 23312 
-7.61 7.41 2.52 -0.84 -0.17 0.10 23416 
24.88 4.15 -48.89 -1.29 0.23 -0.04 23521 
21.91 -55.76 -114.71 -0.47 -0.68 0.44 23625 
-65.71 88.90 66.92 -0.51 -0.49 0.38 23730 
-17.18 10.75 3.29 -1.52 0.50 -0.21 23835 
50.78 -42.18 -110.67 -1.04 0.01 -0.15 23940 
171.60 -82.08 -41.83 0.17 -1.18 1.10 24044 
-15.74 -36.40 -7.58 -0.49 -0.16 -0.06 24148 
-4.76 -123.08 -88.38 -0.52 -0.21 0.29 24253 
2.42 -128.07 -87.10 -0.48 -0.42 0.79 24357 
24.54 -102.89 -77.89 -0.35 -0.59 0.94 24462 
26.89 -86.76 -55.26 -0.22 -0.91 1.23 24566 
12.33 -15.72 -1.40 -0.28 -0.66 0.98 24671 
6.95 21.91 -65.11 -0.76 0.06 0.99 24775 
25.24 -31.40 -118.40 0.28 -0.77 0.79 24881 
46.55 63.84 69.70 0.51 -0.89 0.95 24985 
-26.71 2.81 39.34 -0.41 -0.20 0.65 25090 
-21.84 -15.10 -80.81 -0.89 0.22 0.79 25194 
12.96 -110.63 -152.18 0.67 -1.20 1.63 25298 
-12.92 80.33 67.34 0.13 -0.70 0.88 25403 
4.72 63.39 40.59 -0.42 -0.56 0.99 25507 
-22.60 93.95 45.91 -0.37 -0.53 0.79 25612 
-30.56 88.45 38.73 -0.41 -0.52 0.73 25716 
-20.87 100.99 41.47 -0.49 -0.37 0.43 25821 
-16.74 62.89 23.95 -0.64 -0.30 0.21 25925 
-20.50 16.12 -1.48 -0.89 -0.15 0.12 26031 
8.15 -8.95 -51.89 -1.23 0.09 0.14 26135 
43.20 -26.01 -104.11 -0.66 -0.20 0.10 26240 
-11.23 33.11 38.26 -0.09 -0.84 0.78 26344 
-46.07 24.33 35.78 -1.18 0.02 0.09 26448 
5.85 0.60 -72.69 -1.29 0.10 -0.11 26553 
57.45 -95.34 -102.26 -0.10 -0.95 0.75 26657 
-24.76 19.31 19.55 -0.59 -0.28 0.12 26762 
11.82 -85.92 -86.98 -0.74 -0.17 0.06 26866 
8.84 -68.49 -96.79 -0.52 -0.57 0.65 26971 
31.28 -132.63 -89.82 -0.48 -0.59 0.66 27075 
4.69 -120.85 -71.21 -0.24 -0.61 1.17 27180 
20.31 -49.16 -31.64 -0.17 -0.83 1.10 27285 
-6.85 -25.50 -12.70 -0.52 -0.31 0.96 27389 
4.69 28.75 -103.26 -0.41 -0.18 0.74 27494 
16.47 6.19 -45.50 1.00 -1.20 1.50 27598 
-1.73 10.76 41.43 0.16 -0.54 0.64 27703 
-42.34 -45.97 -37.04 -0.84 0.05 0.94 27807 
14.46 25.34 -91.08 -0.20 -0.37 0.53 27912 
-14.32 22.87 10.84 0.82 -1.34 1.65 28016 
-76.14 40.72 73.35 -0.19 -0.61 0.83 28121 
-26.89 38.98 30.57 -0.47 -0.46 0.94 28225 
-21.57 55.69 48.21 -0.49 -0.53 0.86 28329 
-12.44 47.43 41.03 -0.47 -0.48 0.66 28434 
-14.59 52.47 22.18 -0.44 -0.42 0.64 28539 
-20.48 61.64 20.31 -0.54 -0.38 0.50 28644 
-11.77 41.74 1.10 -0.68 -0.24 0.26 28748 
6.18 -0.60 -56.21 -1.16 0.01 0.35 28853 
54.47 12.07 -108.69 -0.66 -0.33 0.25 28957 
-18.62 54.08 25.10 -0.10 -0.95 0.72 29062 
-53.18 28.06 34.53 -1.08 -0.03 0.12 29166 
7.34 0.84 -64.43 -1.33 0.06 0.05 29271 
44.05 -55.60 -92.17 -0.35 -0.56 0.38 29375 
-60.27 -7.17 11.41 -0.37 -0.35 0.38 29479 
15.98 -85.51 -56.82 -0.72 -0.10 0.32 29584 
15.11 -106.33 -102.29 -0.54 -0.54 0.65 29688 
34.82 -105.81 -92.60 -0.33 -0.64 0.83 29794 
-0.38 -82.12 -96.71 -0.33 -0.91 0.99 29898 
-23.68 -73.09 -74.55 -0.07 -0.88 1.17 30003 
-4.17 -31.98 -7.47 -0.28 -0.56 0.94 30107 
0.82 46.11 -91.41 -0.44 -0.16 1.26 30212 
-1.96 0.66 -94.86 0.43 -0.97 0.86 30316 
49.37 25.21 68.71 0.57 -0.80 0.74 30420 
4.19 -33.59 49.73 -0.24 -0.23 0.74 30525 
-15.90 6.21 -88.40 -0.62 -0.09 1.03 30629 
13.56 -48.20 -108.36 0.30 -0.76 0.97 30734 
-62.20 66.39 73.44 0.07 -0.90 1.45 30838 
-3.83 57.45 45.45 -0.40 -0.60 0.97 30943 
-0.55 62.31 49.69 -0.32 -0.61 0.96 31047 
-10.71 63.66 48.36 -0.30 -0.50 0.71 31152 
-11.44 64.50 47.36 -0.46 -0.30 0.44 31256 
-13.34 66.34 15.99 -0.55 -0.29 0.34 31362 
-23.38 32.03 -12.45 -0.70 -0.29 0.32 31466 
-21.10 13.02 -13.35 -0.94 -0.16 0.35 31570 
47.37 25.44 -60.94 -1.22 0.04 0.22 31675 
52.60 -23.30 -102.97 -0.24 -0.89 0.66 31779 
-59.12 75.36 59.76 -0.38 -0.59 0.44 31884 
-12.95 17.38 -2.43 -1.53 0.17 -0.01 31988 
26.47 -11.58 -87.06 -1.02 -0.09 -0.02 32093 
102.85 -54.99 -58.70 -0.02 -0.90 0.74 32197 
-33.85 -27.18 -9.86 -0.44 -0.45 0.29 32302 
-20.20 -65.89 -62.39 -0.64 -0.32 0.36 32407 
-4.73 -120.98 -80.62 -0.45 -0.60 0.70 32512 
31.65 -104.11 -100.55 -0.28 -0.64 0.86 32616 
22.34 -101.49 -69.74 -0.11 -0.80 1.01 32720 
26.16 -14.71 -0.29 -0.02 -0.86 1.20 32825 
-15.47 18.27 -34.62 -0.71 -0.07 0.99 32929 
-30.71 32.63 -130.67 -0.10 -0.34 0.60 33034 
1.21 45.54 12.56 1.02 -1.22 1.23 33138 
-26.42 -5.73 47.56 -0.19 -0.43 0.55 33243 
-14.19 -22.04 -84.68 -0.71 -0.17 0.77 33347 
29.51 -34.08 -113.62 0.32 -0.62 0.88 33453 
26.47 24.27 8.50 0.52 -1.31 1.09 33557 
-31.50 42.01 45.46 -0.07 -0.69 0.96 33661 
-8.76 43.98 46.31 -0.36 -0.71 0.99 33766 
-14.17 69.66 49.18 -0.35 -0.57 0.77 33870 
-19.31 78.58 32.24 -0.34 -0.47 0.54 33975 
-25.24 70.54 39.01 -0.34 -0.55 0.52 34079 
-25.40 49.66 33.39 -0.56 -0.38 0.43 34184 
14.56 43.02 -6.79 -1.17 0.02 0.26 34288 
45.43 29.34 -95.46 -0.86 -0.14 0.02 34393 
24.19 -28.97 -4.60 0.20 -1.19 1.06 34497 
-45.94 9.69 43.37 -0.83 -0.22 0.22 34601 
12.44 9.08 -27.01 -1.48 0.17 0.08 34706 
9.93 -21.03 -113.14 -0.83 -0.17 0.04 34811 
30.64 -17.58 -21.89 0.13 -1.01 0.80 34916 
6.19 -39.20 -13.33 -0.60 -0.15 0.00 35020 
37.58 -98.05 -70.78 -0.65 -0.29 0.29 35125 
24.26 -116.52 -77.49 -0.51 -0.55 0.69 35229 
19.21 -115.02 -78.47 -0.38 -0.50 0.89 35334 
-2.13 -100.81 -85.01 -0.29 -0.69 1.08 35438 
38.44 -50.71 -46.73 0.04 -1.00 1.25 35543 
7.65 1.73 -19.55 -0.51 -0.34 1.03 35647 
-42.68 26.77 -116.06 -0.16 -0.40 0.71 35751 
19.42 -41.09 -37.99 0.94 -1.12 1.14 35856 
-0.26 37.79 58.49 0.21 -0.52 0.73 35960 
-25.44 -4.82 -48.43 -0.99 -0.00 0.72 36066 
21.42 -11.28 -100.03 0.04 -0.49 0.55 36170 
-16.44 16.43 -37.36 0.92 -1.19 1.19 36275 
-32.39 58.57 36.06 -0.09 -0.61 0.99 36379 
4.02 51.97 38.88 -0.15 -0.63 1.11 36484 
-18.55 81.82 59.38 -0.22 -0.59 0.79 36588 
-17.65 73.37 45.31 -0.36 -0.39 0.62 36692 
-25.65 77.51 27.06 -0.48 -0.35 0.51 36797 
-17.06 46.92 12.24 -0.62 -0.34 0.41 36901 
-12.95 30.48 7.30 -0.80 -0.21 0.26 37006 
23.89 3.20 -53.73 -1.16 -0.04 0.29 37110 
43.67 -23.20 -98.44 -0.30 -0.69 0.54 37215 
-43.05 85.20 66.32 -0.32 -0.67 0.55 37320 
-47.17 15.40 20.88 -1.39 -0.00 0.12 37425 
22.47 16.51 -69.81 -1.23 0.03 -0.05 37529 
39.11 -49.89 -111.47 -0.09 -0.77 0.53 37634 
-25.22 15.62 17.24 -0.43 -0.49 0.27 37738 
11.15 -88.97 -56.39 -0.73 -0.28 0.22 37842 
16.18 -121.02 -71.60 -0.56 -0.50 0.65 37947 
6.16 -99.90 -62.52 -0.43 -0.60 0.72 38051 
-14.34 -81.20 -60.79 -0.23 -0.74 1.09 38156 
-38.48 -59.32 -44.72 -0.14 -0.89 1.00 38260 
3.76 -23.65 -39.87 -0.42 -0.44 1.03 38366 
19.24 4.79 -116.67 -0.14 -0.29 0.59 38470 
-31.60 -25.79 -50.58 0.90 -1.27 1.43 38575 
10.84 9.56 70.84 0.14 -0.71 0.66 38679 
-23.59 17.15 -68.21 -0.82 0.07 0.90 38784 
12.72 5.21 -109.20 0.01 -0.50 0.57 38888 
-34.23 11.36 -24.88 0.86 -1.15 1.27 38992 
-42.31 32.59 40.75 -0.06 -0.70 0.97 39097 
-6.08 48.04 48.69 -0.23 -0.73 1.04 39201 
-24.50 97.95 68.19 -0.29 -0.59 0.80 39306 
-8.35 83.02 52.25 -0.39 -0.46 0.58 39410 
-23.89 72.72 37.39 -0.51 -0.38 0.45 39515 
-12.93 38.54 9.02 -0.54 -0.41 0.41 39619 
-16.80 3.30 3.78 -0.76 -0.23 0.31 39724 
24.15 -3.46 -76.85 -1.16 0.16 0.28 39829 
35.70 -25.14 -107.96 -0.12 -1.05 0.94 39933 
-48.15 89.30 74.73 -0.44 -0.66 0.51 40038 
-43.68 14.25 22.79 -1.35 0.10 0.13 40142 
35.47 14.46 -90.06 -1.20 0.07 -0.03 40247 
39.02 -60.21 -108.74 -0.06 -1.07 0.73 40351 
-39.00 12.97 41.95 -0.44 -0.40 0.25 40456 
-3.94 -88.69 -45.56 -0.67 -0.19 0.21 40560 
-0.75 -123.40 -91.44 -0.53 -0.40 0.57 40665 
-8.56 -113.08 -105.61 -0.43 -0.66 0.82 40769 
6.21 -91.91 -59.31 -0.22 -0.82 1.17 40875 
-21.69 -21.26 -25.47 -0.39 -0.62 0.98 40979 
17.63 12.15 -54.41 -0.57 -0.29 0.73 41083 
-23.55 -44.05 -132.50 0.47 -0.80 0.98 41188 
11.53 47.08 67.37 0.47 -0.90 0.94 41292 
-9.58 -3.53 21.69 -0.67 -0.12 0.57 41397 
-7.47 -0.05 -88.83 -0.62 -0.29 0.63 41501 
9.06 -121.84 -147.42 0.63 -1.10 1.29 41606 
22.47 49.82 62.85 0.18 -0.81 0.73 41710 
5.31 44.79 34.63 -0.24 -0.72 0.89 41815 
-5.58 37.27 53.17 -0.31 -0.78 1.02 41919 
-15.35 75.45 62.44 -0.36 -0.56 0.79 42023 
-24.79 69.73 30.82 -0.46 -0.47 0.58 42128 
-18.97 62.57 42.64 -0.53 -0.37 0.34 42233 
-3.30 21.18 16.16 -0.59 -0.29 0.30 42338 
-4.21 -2.02 -1.31 -0.86 -0.14 0.26 42442 
25.81 -20.54 -87.08 -1.30 0.11 0.27 42547 
30.91 -23.25 -106.82 -0.24 -0.80 0.68 42651 
-63.14 100.44 68.95 -0.32 -0.70 0.55 42756 
-44.91 13.48 17.42 -1.37 0.07 0.18 42860 
41.41 9.24 -83.90 -1.17 0.05 0.01 42964 
38.30 -60.55 -108.09 -0.12 -0.77 0.46 43069 
-39.78 15.62 29.55 -0.42 -0.50 0.39 43173 
-5.40 -73.74 -33.27 -0.73 -0.22 0.27 43278 
-1.91 -122.73 -71.08 -0.52 -0.41 0.53 43382 
10.01 -94.31 -82.91 -0.41 -0.57 0.78 43488 
-1.23 -90.42 -85.89 -0.27 -0.77 1.02 43592 
14.16 -40.53 -7.33 -0.18 -0.94 1.18 43697 
8.27 4.02 -29.49 -0.65 -0.26 1.00 43801 
-1.99 32.66 -99.33 -0.22 -0.36 0.63 43906 
47.98 -23.34 -37.53 1.13 -1.10 1.49 44010 
-17.60 4.02 52.91 -0.11 -0.32 0.62 44114 
-18.40 -19.25 -69.87 -0.88 0.01 0.78 44219 
25.21 -6.17 -114.95 -0.07 -0.48 0.48 44323 
45.26 -33.35 15.02 0.66 -1.32 1.53 44428 
-23.40 40.53 27.47 -0.03 -0.72 1.04 44532 
-12.39 67.80 46.33 -0.31 -0.68 1.05 44637 
-17.52 71.89 51.99 -0.35 -0.55 0.79 44741 
-6.25 64.57 38.40 -0.37 -0.45 0.69 44847 
-7.22 76.47 29.44 -0.47 -0.41 0.50 44951 
-18.80 53.69 21.83 -0.51 -0.36 0.45 45056 
-17.66 41.60 11.82 -0.68 -0.22 0.26 45160 
21.73 -38.90 -56.72 -1.15 0.04 0.30 45264 
24.02 -5.28 -111.76 -0.67 -0.26 0.29 45369 
-2.41 54.30 34.01 -0.05 -0.98 0.68 45473 
-64.60 -7.48 55.06 -1.05 -0.01 0.23 45578 
10.53 23.23 -54.53 -1.39 0.10 0.34 45682 
21.09 -20.15 -99.08 -0.63 -0.22 0.10 45787 
21.53 -43.85 -40.27 0.03 -0.79 0.71 45891 
23.60 -57.60 -30.90 -0.62 -0.32 0.33 45996 
-8.43 -99.46 -56.40 -0.59 -0.45 0.52 46100 
-8.08 -92.98 -64.45 -0.41 -0.56 0.72 46204 
-27.30 -87.11 -84.34 -0.28 -0.65 0.83 46310 
-38.31 -49.24 -62.67 -0.20 -1.04 1.24 46414 
-5.08 -13.73 -30.34 -0.53 -0.56 0.95 46519 
26.79 -11.96 -95.88 -0.48 -0.49 0.84 46623 
25.90 -13.15 -94.10 0.28 -0.69 0.68 46728 
-24.09 62.01 41.02 0.60 -1.03 1.02 46832 
-3.86 0.16 39.18 -0.46 -0.24 0.65 46937 
0.60 -6.08 -97.32 -0.50 -0.32 0.85 47041 
29.28 -43.27 -97.99 0.45 -0.85 0.95 47145 
11.22 26.79 37.47 0.27 -0.92 0.90 47250 
3.13 51.70 32.07 -0.26 -0.70 1.05 47354 
-12.60 93.34 57.18 -0.23 -0.75 0.98 47459 
-15.70 94.80 74.24 -0.38 -0.56 0.70 47563 
-4.56 69.23 23.02 -0.58 -0.57 0.54 47668 
0.24 58.28 25.82 -0.54 -0.35 0.33 47772 
-9.08 22.85 13.97 -0.66 -0.28 0.28 47877 
-0.44 5.06 -15.21 -1.02 0.02 0.22 47981 
18.24 -15.98 -88.60 -1.07 0.05 0.21 48087 
82.29 -32.03 -65.60 0.12 -1.33 1.22 48191 
-38.05 42.88 53.42 -0.69 -0.32 0.24 48295 
-16.78 2.50 -23.49 -1.60 0.28 0.02 48400 
31.34 -22.08 -93.15 -0.87 0.00 -0.03 48504 
56.32 -43.52 -39.05 0.15 -0.97 0.85 48609 
6.00 -60.27 -16.37 -0.56 -0.24 0.09 48713 
-20.94 -116.97 -83.60 -0.67 -0.15 0.45 48818 
14.12 -110.27 -91.67 -0.42 -0.56 0.87 48922 
-9.68 -68.31 -73.02 -0.29 -0.70 1.08 49027 
-19.76 -24.92 -52.91 -0.20 -0.80 1.08 49131 
-35.21 -16.41 -31.13 -0.41 -0.48 0.93 49236 
46.87 -24.74 -70.84 -0.53 -0.54 0.92 49341 
14.89 5.59 -75.91 -0.02 -0.51 0.46 49445 
-9.47 2.65 17.97 0.85 -1.08 1.20 49550 
-15.93 -3.48 37.60 -0.12 -0.36 0.73 49654 
-44.76 -36.47 -52.92 -0.72 -0.00 0.88 49759 
14.37 7.21 -87.90 -0.08 -0.44 0.72 49863 
41.85 -12.33 -31.59 0.80 -1.17 1.14 49968 
-9.34 50.66 31.96 0.06 -0.60 0.95 50072 
-20.71 56.43 22.98 -0.33 -0.65 1.04 50177 
-23.90 86.66 51.73 -0.37 -0.69 0.89 50281 
-10.76 110.82 59.11 -0.42 -0.58 0.69 50385 
-3.01 77.07 40.75 -0.59 -0.38 0.44 50490 
-13.45 47.37 14.44 -0.55 -0.40 0.39 50595 
-33.33 29.19 21.05 -0.71 -0.27 0.28 50700 
5.08 11.33 -19.15 -1.23 0.16 0.19 50804 
24.15 3.09 -101.00 -0.81 -0.10 0.12 50909 
54.30 2.95 7.43 0.05 -1.07 0.94 51013 
-54.17 12.40 52.57 -0.92 -0.08 0.19 51118 
-16.36 15.72 -6.94 -1.37 0.34 -0.01 51222 
9.05 -27.15 -109.57 -0.96 0.11 0.11 51326 
84.59 -47.93 -67.93 0.01 -1.03 0.93 51431 
-26.24 -28.43 -5.03 -0.59 -0.30 0.17 51535 
0.56 -79.00 -67.25 -0.66 -0.28 0.34 51640 
-5.87 -91.63 -74.66 -0.53 -0.49 0.64 51744 
4.74 -94.72 -86.85 -0.50 -0.50 0.80 51849 
1.04 -67.18 -72.91 -0.26 -0.62 0.83 51953 
-9.23 -62.01 -49.58 -0.23 -0.83 1.02 52058 
8.18 -32.54 -16.40 -0.31 -0.69 0.93 52162 
-14.71 18.75 -50.51 -0.47 -0.29 1.04 52268 
9.75 -10.29 -98.82 0.18 -0.68 0.72 52372 
18.41 32.24 30.31 0.61 -0.88 0.94 52476 
-42.58 1.19 25.56 -0.35 -0.32 0.69 52581 
-11.98 -4.29 -79.81 -0.60 -0.43 0.83 52685 
49.60 -52.81 -79.17 0.32 -0.88 0.98 52790 
-11.18 54.41 37.22 0.10 -0.94 0.84 52894 
1.31 45.36 36.66 -0.32 -0.74 0.95 52999 
-13.02 60.39 52.39 -0.26 -0.69 0.92 53103 
-20.26 65.42 52.09 -0.40 -0.54 0.69 53208 
-8.19 73.79 34.09 -0.45 -0.41 0.50 53312 
-6.76 48.39 23.33 -0.53 -0.37 0.44 53416 
5.63 26.14 6.95 -0.60 -0.34 0.42 53521 
11.85 11.14 -12.08 -1.11 0.05 0.31 53625 
33.84 47.47 -100.50 -0.84 -0.09 0.05 53730 
55.43 -22.20 -14.64 0.09 -1.05 1.06 53835 
-30.86 29.89 45.63 -0.80 -0.24 0.24 53940 
-12.10 5.08 -10.73 -1.58 0.31 0.03 54044 
37.11 1.21 -99.39 -0.92 0.08 -0.04 54149 
92.19 -41.83 -30.48 0.41 -1.37 1.22 54253 
-22.71 -7.86 28.66 -0.65 -0.18 0.07 54358 
-0.91 -93.50 -46.86 -0.96 -0.01 0.10 54462 
-31.92 -116.56 -111.41 -0.60 -0.22 0.44 54566 
-10.67 -97.85 -137.28 -0.46 -0.62 0.69 54671 
-57.66 -71.98 -75.98 -0.37 -0.71 1.00 54775 
24.24 -47.27 -47.79 -0.26 -0.92 1.07 54880 
29.02 -32.40 -17.47 -0.38 -0.70 0.90 54985 
26.61 17.48 -50.81 -0.53 -0.20 0.85 55090 
51.34 -31.01 -77.08 0.83 -1.30 1.39 55194 
-9.27 12.45 29.44 0.30 -0.70 0.66 55299 
-41.60 -13.21 -31.60 -1.07 0.07 0.77 55403 
-6.48 3.74 -88.15 -0.41 -0.41 0.53 55507 
10.69 -66.84 -89.24 1.05 -1.39 1.37 55612 
-19.54 6.69 49.11 -0.12 -0.43 0.78 55716 
3.71 18.21 7.91 -0.50 -0.60 1.16 55821 
-22.89 78.93 38.37 -0.33 -0.60 1.01 55925 
-35.53 73.59 41.92 -0.36 -0.55 0.79 56030 
-29.65 59.12 38.57 -0.39 -0.47 0.64 56134 
-1.85 70.97 28.89 -0.45 -0.43 0.49 56239 
-11.65 51.29 9.03 -0.63 -0.26 0.30 56343 
-3.38 -8.59 -43.73 -1.17 -0.12 0.34 56448 
19.34 3.08 -82.47 -0.52 -0.44 0.41 56552 
-47.67 50.75 43.63 -0.11 -0.65 0.61 56657 
-34.68 25.79 25.92 -1.26 0.01 0.16 56762 
6.65 18.05 -51.40 -1.45 0.16 0.03 56866 
20.45 -58.28 -113.59 -0.21 -0.70 0.41 56971 
-52.92 7.17 12.85 -0.17 -0.39 0.43 57075 
27.79 -59.28 -28.75 -0.71 -0.19 0.29 57180 
3.05 -88.47 -68.74 -0.61 -0.43 0.46 57284 
13.41 -109.64 -89.84 -0.36 -0.53 0.69 57389 
-6.10 -99.87 -108.88 -0.32 -0.75 1.01 57493 
35.85 -50.48 -65.24 -0.12 -0.94 1.27 57597 
-6.82 -6.83 4.57 -0.22 -0.72 0.89 57702 
-6.24 15.73 -32.58 -0.66 -0.16 0.91 57806 
-17.98 -0.46 -105.85 0.17 -0.76 0.65 57912 
-6.39 27.89 39.30 0.58 -0.90 0.79 58016 
2.60 -22.75 29.66 -0.37 -0.34 0.75 58121 
4.85 -16.54 -39.40 -0.67 -0.31 0.94 58225 
34.98 -37.02 -95.01 0.15 -0.52 0.91 58330 
-22.84 52.68 2.32 0.49 -0.95 1.20 58434 
19.36 39.92 33.11 -0.12 -0.72 1.06 58539 
-2.84 72.94 40.67 -0.20 -0.61 1.09 58643 
-13.21 64.60 38.47 -0.28 -0.52 0.81 58747 
1.31 81.85 52.74 -0.27 -0.23 0.49 58852 
-4.84 54.50 12.84 -0.43 -0.40 0.44 58956 
-11.92 26.75 6.34 -0.56 -0.28 0.37 59061 
-4.07 20.34 -32.50 -1.25 0.03 0.37 59165 
17.92 13.60 -100.35 -0.55 -0.41 0.28 59270 
-32.92 41.21 46.33 -0.03 -0.79 0.66 59374 
-58.52 14.66 31.27 -1.20 -0.04 0.19 59480 
5.21 5.89 -62.81 -1.37 0.07 0.04 59584 
43.56 -70.99 -101.69 -0.36 -0.34 0.31 59688 
-8.69 13.24 18.85 -0.18 -0.62 0.73 59793 
9.01 -41.41 -33.31 -0.61 -0.34 0.31 59897 
18.75 -82.24 -38.34 -0.56 -0.49 0.52 60002 