1.54 -4.56 -25.08 0.22 -0.34 0.96 5 
-3.64 -6.09 -21.43 0.18 -0.30 1.00 109 
-6.00 -1.31 -24.92 0.20 -0.30 0.99 214 
-4.21 -0.87 -18.75 0.22 -0.34 1.05 318 
-1.17 28.83 2.11 0.17 -0.38 1.01 422 
-8.34 39.22 -46.49 -0.26 0.14 0.93 527 
-19.06 4.73 -124.37 0.17 -0.42 0.56 631 
31.47 16.60 30.41 0.91 -0.96 1.36 736 
-14.76 38.73 44.44 0.17 -0.39 0.82 840 
-28.69 -0.66 12.11 -0.49 0.07 0.84 944 
-5.36 1.74 -99.19 -0.35 0.11 0.58 1048 
-7.99 -72.07 -128.34 0.74 -1.19 1.38 1153 
29.08 54.69 44.54 0.29 -0.52 1.04 1257 
5.47 23.86 7.50 -0.12 -0.22 1.24 1361 
-75.73 63.08 24.89 -0.09 -0.46 1.17 1466 
-24.37 49.51 24.15 -0.05 -0.40 1.08 1570 
10.73 115.17 40.82 0.03 -0.33 0.80 1675 
-5.34 101.73 41.69 -0.24 -0.27 0.60 1779 
3.33 55.10 19.08 -0.45 -0.20 0.55 1884 
-5.93 46.89 2.44 -0.93 0.04 0.45 1988 
11.38 -4.17 -82.17 -1.12 0.06 0.30 2093 
66.29 -59.61 -102.38 0.10 -0.82 1.40 2197 
-84.76 118.88 58.77 -0.27 -0.52 0.69 2301 
-68.53 -12.41 21.42 -1.03 -0.04 0.23 2406 
-2.83 7.84 -26.73 -1.26 0.21 0.40 2510 
82.24 17.22 -83.43 -0.93 0.03 0.19 2615 
33.69 -88.15 -90.76 -0.04 -0.89 1.24 2719 
-25.39 11.01 12.00 -0.58 -0.28 0.53 2824 
-1.71 -21.27 -21.63 -0.74 -0.15 0.41 2928 
-17.76 -49.44 -57.35 -0.62 -0.21 0.45 3033 
-33.33 -69.31 -69.22 -0.44 -0.40 0.58 3137 
-0.45 -109.82 -72.54 -0.45 -0.53 0.77 3241 
26.92 -100.08 -91.94 -0.23 -0.57 1.10 3346 
48.01 -60.95 -40.51 -0.21 -0.65 1.18 3450 
9.48 -18.29 -21.08 -0.11 -0.45 0.98 3555 
-5.25 34.38 -11.25 0.03 -0.43 1.12 3659 
-19.02 37.66 -72.39 -0.52 0.08 0.72 3764 
-30.44 -80.61 -168.69 0.56 -0.88 0.88 3868 
83.27 -6.58 39.57 0.79 -0.73 1.17 3973 
42.93 35.37 47.31 0.15 -0.37 0.88 4077 
-40.07 16.53 -58.66 -0.65 0.21 0.83 4182 
-16.76 -58.66 -90.42 0.06 -0.53 0.84 4286 
-27.58 24.55 -5.91 0.50 -0.90 1.72 4390 
18.84 21.46 32.41 0.01 -0.55 1.11 4495 
-17.28 111.24 31.95 -0.01 -0.39 1.01 4599 
-31.69 83.48 29.12 -0.27 -0.28 0.77 4704 
-39.17 58.43 39.22 -0.43 -0.07 0.75 4808 
-16.67 76.82 24.15 -0.45 -0.33 0.75 4913 
-2.63 86.60 43.29 -0.49 -0.30 0.46 5017 
-9.78 38.31 8.37 -0.63 -0.19 0.34 5122 
1.79 12.81 -17.76 -0.80 -0.14 0.29 5226 
-8.95 -28.02 -52.89 -1.10 -0.01 0.16 5330 
28.27 -1.58 -92.68 -0.64 -0.17 0.43 5435 
-64.35 27.02 -14.91 -0.17 -0.71 1.02 5539 
-30.45 23.00 30.95 -0.73 -0.26 0.52 5644 
-8.76 21.44 -4.24 -1.20 0.01 0.25 5748 
33.47 -22.00 -77.13 -1.17 -0.00 0.04 5853 
30.96 -63.00 -101.34 -0.31 -0.51 0.55 5957 
-70.90 49.30 11.64 -0.31 -0.56 0.56 6062 
-4.79 -23.79 -2.42 -0.68 -0.21 0.27 6165 
21.16 -77.27 -38.79 -0.69 -0.24 0.36 6269 
-8.56 -112.33 -64.38 -0.63 -0.22 0.53 6375 
-16.16 -110.76 -79.44 -0.53 -0.45 0.82 6479 
-1.78 -67.82 -73.15 -0.32 -0.57 0.82 6584 
7.98 -54.52 -32.18 -0.29 -0.64 0.97 6688 
22.21 -27.48 -30.30 -0.14 -0.79 1.40 6793 
-16.95 -14.19 -18.95 -0.37 -0.34 0.72 6897 
3.89 -38.25 -100.61 -0.23 -0.09 0.70 7002 
15.31 -91.92 -76.44 0.82 -0.91 1.33 7106 
30.79 6.84 80.92 0.46 -0.56 0.89 7209 
35.82 21.97 12.80 -0.29 -0.09 0.77 7314 
-37.73 -2.59 -77.60 -0.44 -0.14 0.77 7418 
-5.94 -104.35 -96.83 0.25 -0.61 0.99 7523 
-14.34 68.11 23.42 0.79 -0.43 1.46 7627 
-6.40 57.21 19.40 -0.07 -0.51 1.16 7732 
-13.67 62.72 26.57 -0.05 -0.41 0.93 7836 
-23.95 78.04 28.09 -0.23 -0.34 0.95 7941 
-18.34 87.73 11.33 -0.22 -0.33 0.72 8045 
4.95 108.69 28.99 -0.37 -0.37 0.57 8150 
7.04 59.57 25.81 -0.52 -0.32 0.34 8254 
-3.98 63.34 24.61 -0.72 -0.31 0.31 8358 
-6.13 -14.76 -34.28 -1.16 0.22 0.15 8463 
23.26 -52.73 -102.66 -0.74 -0.21 0.31 8567 
-52.53 59.28 35.15 -0.30 -0.54 0.93 8672 
-29.95 20.41 27.93 -0.87 -0.02 0.35 8776 
-6.63 15.05 -18.73 -1.14 0.07 0.27 8881 
34.86 -7.60 -72.35 -1.10 0.13 0.14 8985 
96.89 -40.71 -75.02 -0.48 -0.62 0.44 9090 
-84.21 36.26 4.87 -0.36 -0.53 0.62 9194 
-23.21 -27.13 -28.80 -0.72 -0.08 0.28 9298 
18.15 -70.44 -67.18 -0.63 -0.35 0.59 9403 
0.33 -54.00 -79.95 -0.56 -0.36 0.54 9507 
15.27 -89.12 -74.27 -0.53 -0.51 0.74 9612 
22.40 -70.87 -74.28 -0.41 -0.44 0.93 9716 
10.50 -62.37 -64.79 -0.31 -0.58 1.06 9821 
19.47 -46.63 -14.82 -0.31 -0.61 1.09 9925 
10.15 -21.84 -78.99 -0.50 -0.11 0.71 10030 
-24.95 -74.37 -103.23 0.58 -0.99 1.37 10134 
0.25 15.97 78.35 0.51 -0.84 1.00 10238 
30.89 -1.95 46.12 -0.34 -0.07 0.71 10343 
-14.25 2.89 -103.82 -0.46 -0.01 0.83 10447 
-12.33 -60.66 -107.74 0.41 -0.83 1.31 10552 
-28.48 54.61 33.13 0.35 -0.57 1.26 10656 
-5.77 45.49 12.19 -0.05 -0.43 0.84 10761 
-22.08 58.42 21.85 -0.28 -0.46 0.94 10865 
7.11 44.73 17.18 -0.24 -0.52 0.95 10970 
-5.53 45.85 12.40 -0.20 -0.42 0.84 11074 
-4.06 77.08 23.05 -0.35 -0.32 0.68 11179 
6.53 56.28 10.19 -0.42 -0.39 0.61 11283 
-18.61 39.41 11.76 -0.62 -0.22 0.46 11388 
-55.34 -24.63 -57.00 -1.16 0.11 0.25 11493 
57.51 5.86 -78.22 -0.32 -0.59 0.80 11597 
-61.79 84.34 40.44 -0.22 -0.67 0.88 11702 
-54.67 29.81 35.41 -0.87 -0.14 0.48 11806 
-14.76 30.69 -11.92 -1.21 0.08 0.21 11911 
23.11 -30.40 -82.92 -0.97 0.05 0.11 12015 
83.15 -12.44 -31.36 0.23 -0.93 1.41 12120 
-37.34 17.69 4.71 -0.48 -0.27 0.21 12224 
-2.80 -76.81 -57.50 -0.82 -0.17 0.20 12328 
-9.77 -113.74 -91.25 -0.52 -0.44 0.61 12433 
-15.26 -101.16 -88.57 -0.44 -0.57 0.80 12537 
7.36 -100.05 -98.76 -0.33 -0.65 1.08 12642 
11.53 -44.15 -74.56 -0.15 -0.47 0.89 12746 
2.73 5.05 -23.47 0.07 -0.87 1.37 12851 
-4.59 19.90 -7.76 -0.23 -0.43 0.89 12955 
-27.74 -11.64 -85.52 -0.27 -0.30 0.91 13060 
36.16 -47.01 -74.76 0.52 -0.83 0.88 13164 
18.82 37.45 56.09 0.51 -0.80 0.98 13268 
27.43 25.66 47.58 -0.35 -0.25 0.69 13373 
-28.71 -11.44 -75.61 -0.63 -0.05 0.81 13477 
25.27 -93.80 -99.33 0.30 -0.72 1.12 13582 
4.20 68.08 81.11 0.25 -0.77 1.12 13686 
-13.53 70.02 34.56 -0.21 -0.51 1.02 13791 
-20.30 61.14 28.02 -0.22 -0.49 1.01 13895 
-23.29 63.77 54.14 -0.19 -0.40 0.84 14000 
-26.84 78.94 -9.51 -0.35 -0.35 0.69 14104 
0.98 39.82 16.80 -0.45 -0.38 0.57 14209 
16.59 24.02 -2.19 -0.50 -0.37 0.58 14313 
-0.83 22.84 -1.34 -0.75 -0.18 0.41 14417 
4.79 -19.99 -71.17 -1.08 0.04 0.41 14522 
44.85 -29.04 -95.40 -0.29 -0.57 0.74 14626 
-66.40 79.05 41.98 -0.31 -0.63 0.72 14731 
-41.24 10.48 12.15 -1.08 -0.04 0.42 14835 
1.02 4.73 -63.34 -1.13 0.02 0.29 14940 
16.31 -28.61 -104.01 -0.53 -0.28 0.27 15044 
-30.37 22.92 -6.26 0.05 -0.89 1.00 15149 
5.78 -29.17 7.13 -0.54 -0.19 0.24 15253 
1.31 -85.58 -34.71 -0.51 -0.26 0.56 15357 
15.55 -75.66 -72.94 -0.37 -0.50 0.98 15462 
-8.05 -67.92 -69.87 -0.47 -0.66 0.94 15566 
-10.55 -61.62 -49.27 -0.24 -0.52 1.04 15671 
18.89 -33.34 -41.96 -0.12 -0.64 1.02 15775 
-4.82 -9.83 -27.38 -0.19 -0.49 1.08 15880 
8.61 -0.05 -49.91 -0.25 -0.35 0.85 15984 
15.34 -96.59 -70.63 0.23 -0.56 0.93 16089 
12.79 50.51 35.37 0.47 -0.69 1.16 16193 
-11.02 32.69 15.08 -0.20 -0.23 0.69 16297 
-24.09 -15.08 -59.82 -0.54 -0.12 0.81 16402 
5.21 -65.85 -94.14 0.26 -0.64 0.91 16507 
-5.86 26.81 52.30 0.56 -0.64 1.32 16612 
25.00 31.53 9.92 -0.14 -0.46 1.02 16715 
-37.15 44.79 1.18 -0.16 -0.45 1.38 16821 
-12.04 65.63 25.41 -0.17 -0.49 0.97 16925 
-15.49 70.76 32.79 -0.18 -0.41 0.82 17030 
-12.14 84.26 28.08 -0.35 -0.33 0.62 17134 
-7.07 55.90 11.78 -0.52 -0.34 0.59 17239 
47.76 21.17 -7.91 -0.54 -0.40 0.65 17343 
2.26 15.03 3.99 -0.74 -0.19 0.42 17447 
12.11 -8.73 -40.52 -0.95 0.03 0.43 17552 
4.75 -12.08 -88.62 -0.72 -0.10 0.32 17656 
39.96 -21.08 -25.80 0.26 -0.80 1.37 17761 
-14.15 42.84 44.67 -0.73 -0.22 0.54 17865 
30.99 21.00 -33.62 -1.26 0.08 0.38 17970 
6.59 3.06 -92.93 -0.92 0.18 0.21 18074 
34.13 -42.46 -101.34 -0.05 -0.84 1.02 18179 
-15.71 1.75 7.18 -0.49 -0.42 0.44 18283 
-2.62 -60.14 -16.34 -0.68 -0.28 0.46 18387 
-6.69 -87.16 -39.36 -0.62 -0.27 0.58 18492 
36.00 -101.18 -71.06 -0.44 -0.40 0.79 18596 
-12.33 -90.67 -84.98 -0.28 -0.58 1.00 18701 
50.48 -58.75 -66.98 -0.15 -0.58 1.05 18805 
31.02 -43.07 -56.84 -0.01 -0.63 1.26 18910 
-16.55 20.29 -23.37 -0.14 -0.47 0.88 19014 
4.76 -13.10 -45.08 -0.40 -0.37 0.77 19119 
-7.22 -17.97 -94.16 0.16 -0.62 0.81 19223 
-5.47 20.38 62.76 0.36 -0.91 0.94 19328 
59.17 15.03 32.98 -0.29 -0.35 0.75 19432 
-16.66 -7.66 -48.18 -0.59 -0.08 0.79 19536 
-22.10 -73.87 -112.22 0.18 -0.49 1.11 19641 
19.78 55.32 27.88 0.23 -0.75 1.16 19745 
24.27 17.09 17.18 -0.33 -0.50 0.97 19850 
-5.56 60.98 8.56 0.02 -0.67 0.99 19954 
4.43 53.03 27.45 -0.12 -0.49 0.90 20059 
4.24 73.77 17.66 -0.21 -0.35 0.74 20163 
-7.18 74.65 14.72 -0.35 -0.38 0.60 20268 
-3.79 52.04 10.74 -0.47 -0.35 0.59 20372 
-20.64 19.47 23.36 -0.61 -0.24 0.53 20476 
2.95 17.18 -12.61 -0.98 -0.07 0.51 20581 
0.46 24.82 -68.18 -0.88 -0.08 0.30 20685 
69.89 0.33 -12.85 0.09 -0.96 1.16 20790 
-14.46 37.90 59.53 -0.73 -0.21 0.42 20894 
11.95 11.58 1.12 -1.28 0.25 0.22 20999 
52.45 -27.45 -101.99 -1.17 0.19 0.04 21103 
63.73 -88.40 -124.44 -0.10 -0.89 0.77 21208 
-31.60 -6.69 -9.01 -0.31 -0.37 0.49 21312 
14.20 -84.08 -41.34 -0.53 -0.35 0.48 21416 
-7.55 -92.53 -51.40 -0.39 -0.53 0.82 21521 
-27.89 -98.21 -62.98 -0.44 -0.51 0.93 21625 
-5.31 -67.08 -76.17 -0.28 -0.54 1.01 21730 
20.56 -53.32 -49.59 -0.10 -0.57 1.07 21834 
-12.60 -27.68 -43.40 0.04 -0.65 1.15 21939 
8.49 12.30 2.43 -0.03 -0.58 0.96 22043 
8.07 10.75 -52.78 -0.41 -0.07 0.95 22148 
-5.34 -16.75 -89.18 0.26 -0.77 0.86 22252 
40.18 44.24 69.01 0.60 -0.91 0.95 22356 
29.15 7.92 71.18 -0.19 -0.12 0.60 22461 
-42.44 -41.61 -41.71 -0.50 0.23 0.91 22565 
-3.41 -50.91 -137.60 0.19 -0.57 1.33 22671 
-25.65 86.71 25.94 0.29 -0.89 1.32 22775 
20.89 97.73 48.70 -0.20 -0.50 1.08 22880 
-13.41 108.22 21.88 -0.36 -0.40 0.91 22984 
21.82 77.89 -3.14 -0.36 -0.39 0.67 23089 
-7.54 94.45 15.05 -0.44 -0.25 0.45 23193 
-5.36 36.22 -1.76 -0.53 -0.36 0.46 23298 
-16.61 8.99 1.24 -0.57 -0.27 0.45 23402 
-10.25 -10.03 -26.47 -1.06 0.20 0.34 23506 
9.27 -15.75 -105.56 -0.93 0.07 0.38 23611 
73.98 -76.75 -67.63 0.38 -1.14 1.58 23715 
-28.40 54.25 55.90 -0.49 -0.35 0.52 23820 
-27.50 19.21 14.01 -1.33 0.21 0.18 23924 
35.60 -24.01 -95.37 -1.19 0.24 0.10 24029 
101.06 -84.72 -93.99 0.11 -1.02 1.10 24133 
-52.85 -2.36 11.74 -0.47 -0.21 0.27 24238 
-8.24 -98.37 -70.21 -0.59 -0.13 0.33 24342 
16.40 -111.72 -79.06 -0.31 -0.43 0.81 24446 
26.25 -99.57 -70.17 -0.19 -0.61 0.92 24551 
-9.19 -93.74 -61.35 -0.04 -0.69 1.19 24655 
29.31 -49.97 -49.05 -0.01 -0.59 1.07 24760 
10.10 -58.26 -41.67 0.03 -0.57 1.08 24864 
10.86 -43.89 -33.14 0.20 -0.56 1.22 24969 
3.83 15.50 8.33 0.09 -0.39 1.05 25073 
-36.09 4.79 -97.15 0.05 -0.28 1.03 25178 
-3.27 -14.36 -74.27 0.64 -0.75 0.72 25282 
30.74 39.44 62.37 0.66 -0.85 1.03 25387 
17.47 33.74 30.63 -0.25 -0.18 0.70 25491 
-18.48 -24.00 -47.21 -0.45 -0.09 0.72 25595 
-17.01 -118.61 -126.45 0.58 -0.83 1.27 25700 
-26.02 82.91 76.69 0.57 -0.78 1.21 25804 
28.66 94.55 64.35 -0.01 -0.43 0.86 25909 
-10.41 79.44 40.18 -0.12 -0.40 0.98 26013 
-8.21 58.96 42.10 -0.28 -0.31 0.79 26118 
-25.56 63.66 23.33 -0.34 -0.30 0.73 26223 
-9.51 72.79 25.66 -0.43 -0.28 0.58 26328 
-5.05 34.59 -3.84 -0.47 -0.29 0.52 26431 
-1.02 30.47 -6.53 -0.67 -0.15 0.49 26535 
-1.29 -3.15 -45.58 -1.13 0.11 0.50 26640 
38.31 22.02 -114.02 -0.65 -0.17 0.28 26744 
7.94 -8.73 -3.89 0.30 -1.14 1.20 26849 
-34.27 27.51 48.12 -0.79 -0.15 0.35 26953 
29.98 -3.50 -23.02 -1.19 0.09 0.35 27058 
60.66 17.46 -107.19 -0.92 0.03 0.18 27163 
13.99 -124.45 -102.93 0.18 -1.00 1.24 27268 
-11.05 -19.36 8.21 -0.47 -0.35 0.29 27372 
-1.08 -106.56 -49.02 -0.55 -0.38 0.58 27476 
5.79 -110.43 -59.16 -0.29 -0.48 1.01 27581 
-20.92 -90.88 -49.45 -0.19 -0.52 0.96 27685 
36.73 -90.23 -48.60 -0.06 -0.64 1.14 27790 
37.00 -29.50 -13.82 0.02 -0.47 1.18 27894 
-4.58 -15.18 -28.11 -0.12 -0.28 1.01 27999 
-22.93 25.90 -82.38 -0.17 -0.17 1.02 28103 
-29.69 -63.81 -121.15 0.48 -0.81 1.14 28208 
31.24 58.40 73.60 0.51 -0.59 0.98 28312 
26.97 12.89 39.76 -0.20 -0.15 0.56 28417 
-33.78 -43.37 -61.46 -0.43 -0.07 0.73 28521 
-33.01 -123.67 -131.53 0.37 -0.76 1.28 28625 
15.10 86.92 67.42 0.39 -0.66 1.19 28730 
34.92 90.78 44.36 -0.09 -0.44 0.97 28834 
-38.31 76.32 37.41 -0.10 -0.41 0.86 28939 
-12.94 63.20 34.31 -0.21 -0.32 0.77 29043 
-10.23 88.03 45.18 -0.30 -0.34 0.68 29148 
-2.64 53.96 4.13 -0.47 -0.24 0.56 29252 
15.27 17.13 -13.79 -0.56 -0.29 0.57 29358 
6.19 19.49 -23.13 -0.93 -0.07 0.51 29462 
24.96 11.34 -78.96 -0.86 -0.05 0.38 29566 
72.22 -46.54 -65.20 0.21 -1.11 1.54 29671 
-25.01 62.73 54.84 -0.59 -0.28 0.42 29775 
1.37 8.78 -12.25 -1.30 0.11 0.21 29880 
34.33 -21.43 -85.21 -0.96 0.07 0.10 29984 
61.23 -31.10 -39.95 0.14 -1.05 1.32 30089 
-22.68 1.76 5.63 -0.60 -0.24 0.34 30193 
8.37 -61.34 -48.80 -0.63 -0.24 0.36 30298 
1.44 -86.95 -69.49 -0.55 -0.41 0.61 30402 
-0.54 -93.03 -70.38 -0.44 -0.41 0.85 30507 
-23.32 -71.55 -70.15 -0.08 -0.43 0.90 30611 
-1.75 -56.78 -50.66 -0.07 -0.58 1.02 30715 
3.72 -39.23 -49.02 -0.08 -0.56 1.15 30820 
-2.79 -17.40 -19.96 -0.13 -0.54 0.96 30924 
3.27 0.18 -64.85 -0.31 -0.21 0.98 31029 
-27.72 -58.29 -134.95 0.34 -0.39 0.81 31133 
55.15 20.06 23.96 0.88 -1.06 1.40 31238 
44.03 31.82 40.36 0.10 -0.33 0.77 31342 
-24.08 -3.47 -46.13 -0.67 0.14 0.80 31447 
4.65 -23.65 -91.12 0.11 -0.31 0.73 31551 
-4.62 51.32 -14.61 1.09 -0.89 1.12 31655 
-5.43 42.19 38.07 0.04 -0.52 0.94 31760 
3.30 13.50 25.04 -0.11 -0.51 1.24 31864 
-30.63 86.07 43.47 0.01 -0.47 0.99 31969 
0.84 56.11 41.25 -0.17 -0.41 0.87 32073 
1.69 72.60 42.66 -0.35 -0.36 0.70 32178 
3.88 48.67 32.85 -0.48 -0.25 0.52 32282 
24.98 31.92 -3.15 -0.44 -0.30 0.71 32387 
-10.95 56.67 -0.61 -0.55 -0.24 0.57 32491 
-13.02 31.39 -9.63 -0.99 -0.03 0.38 32595 
9.28 0.62 -102.36 -1.04 0.01 0.29 32700 
46.04 -38.45 -88.98 -0.02 -1.01 0.90 32804 
-7.63 63.06 65.80 -0.38 -0.51 0.63 32909 
-7.67 23.14 17.69 -1.30 0.30 0.19 33013 
47.57 -6.94 -144.60 -1.12 0.12 0.04 33118 
61.55 -110.38 -113.69 0.20 -1.03 1.06 33222 
-6.66 -13.26 6.76 -0.44 -0.28 0.19 33327 
38.05 -132.81 -37.10 -0.56 -0.32 0.37 33431 
14.34 -97.89 -30.44 -0.34 -0.44 0.92 33536 
-10.90 -76.92 -46.82 -0.19 -0.46 1.03 33640 
14.72 -37.77 -35.46 -0.11 -0.62 1.07 33744 
18.74 -17.22 -23.27 -0.15 -0.64 1.10 33849 
3.23 -22.79 -24.67 -0.23 -0.45 0.89 33953 
-6.34 -21.22 -89.59 -0.36 -0.25 1.05 34058 
-33.50 -53.22 -141.91 0.19 -0.60 0.84 34162 
32.83 35.52 63.38 0.76 -1.06 1.13 34267 
31.63 23.52 41.21 -0.13 -0.34 0.73 34371 
-46.73 -11.00 -70.08 -0.50 -0.06 0.72 34476 
-1.34 -57.24 -93.18 0.11 -0.54 0.71 34580 
19.17 52.81 32.47 0.38 -1.04 1.44 34684 
15.30 61.36 29.96 -0.14 -0.58 1.06 34789 
-21.85 56.20 23.79 -0.09 -0.47 1.10 34894 
-18.12 55.45 39.64 -0.19 -0.43 0.87 34999 
-19.28 74.27 33.45 -0.27 -0.30 0.73 35103 
-17.18 78.31 19.26 -0.46 -0.35 0.67 35208 
-9.04 55.70 10.08 -0.52 -0.35 0.57 35312 
-14.65 70.56 29.79 -0.52 -0.43 0.56 35417 
1.02 24.95 -1.46 -0.95 -0.02 0.22 35521 
14.50 -49.64 -92.36 -1.14 0.11 0.20 35625 
73.01 -67.31 -83.42 0.22 -1.10 1.48 35730 
-28.92 67.04 58.55 -0.55 -0.33 0.50 35834 
-11.70 37.27 19.62 -1.13 0.04 0.27 35939 
30.82 -0.86 -64.79 -1.20 0.11 -0.03 36043 
0.31 -45.50 -112.80 -0.34 -0.42 0.43 36148 
-30.97 41.18 16.02 -0.31 -0.56 0.64 36252 
-5.99 -50.82 -34.16 -0.66 -0.26 0.29 36357 
29.18 -80.46 -39.60 -0.52 -0.58 0.57 36461 
28.88 -89.63 -45.97 -0.60 -0.47 0.79 36566 
31.47 -106.91 -48.57 -0.57 -0.37 0.80 36670 
13.20 -78.69 -64.06 -0.37 -0.32 0.86 36774 
5.36 -43.86 -54.03 -0.15 -0.51 1.12 36879 
8.89 -40.34 -39.59 0.21 -0.76 1.54 36983 
-8.77 23.98 -17.84 -0.25 -0.28 0.84 37088 
-27.61 -2.27 -112.42 -0.35 -0.07 0.74 37192 
-20.45 -59.44 -127.05 1.08 -1.13 1.57 37297 
28.44 40.42 66.47 0.32 -0.54 0.78 37401 
39.69 -24.47 26.44 -0.47 -0.15 0.62 37506 
-15.60 -15.68 -74.63 -0.39 -0.11 0.73 37610 
-81.57 -106.18 -135.21 0.53 -0.94 1.21 37715 
22.80 65.57 121.27 0.40 -0.87 1.08 37820 
8.43 84.54 47.12 -0.21 -0.58 1.08 37924 
-18.39 68.82 42.66 -0.15 -0.50 0.92 38029 
9.83 61.90 26.05 -0.28 -0.41 0.73 38133 
-3.76 86.66 35.76 -0.33 -0.41 0.65 38238 
-1.76 71.76 24.56 -0.50 -0.32 0.49 38342 
-23.07 41.48 2.83 -0.68 -0.18 0.44 38447 
-7.60 17.27 -4.08 -0.81 -0.13 0.36 38551 
34.21 -6.43 -39.40 -1.01 -0.03 0.33 38656 
33.66 5.27 -74.35 -0.87 -0.14 0.28 38760 
69.56 -75.11 -79.69 0.16 -1.27 1.43 38864 
-10.43 51.70 53.74 -0.63 -0.22 0.40 38969 
-13.83 -1.78 -22.21 -1.32 0.14 0.18 39073 
31.25 -22.15 -81.29 -1.00 0.03 0.04 39178 
20.71 -128.71 -115.22 0.08 -1.16 1.18 39282 
-62.27 55.66 42.39 -0.45 -0.39 0.47 39387 
-17.82 -75.21 -33.24 -0.69 -0.18 0.39 39491 
-2.15 -110.76 -59.18 -0.57 -0.30 0.61 39596 
0.82 -130.18 -69.89 -0.33 -0.47 0.88 39700 
10.80 -101.68 -79.60 -0.14 -0.66 1.09 39804 
33.38 -37.16 -26.67 -0.02 -0.60 1.22 39909 
31.01 -19.56 -14.34 -0.18 -0.32 0.91 40013 
-5.18 -17.34 -66.36 -0.29 -0.20 0.91 40118 
-1.92 -34.73 -132.37 0.03 -0.32 0.61 40222 
-6.60 37.95 4.79 1.13 -1.04 1.58 40327 
11.91 45.09 21.40 0.02 -0.30 0.63 40431 
-27.27 -36.56 -56.59 -0.47 -0.04 0.55 40536 
2.14 -72.94 -98.92 0.16 -0.53 0.88 40640 
19.31 24.15 19.18 1.00 -1.06 1.72 40744 
-6.76 81.79 33.24 0.08 -0.53 1.04 40849 
-7.46 97.66 30.42 0.08 -0.42 1.02 40953 
-25.91 87.88 32.26 -0.09 -0.47 0.94 41058 
25.68 109.81 21.24 -0.12 -0.55 0.79 41163 
-19.31 87.73 18.52 -0.39 -0.31 0.60 41268 
-1.51 62.96 -4.96 -0.59 -0.25 0.51 41372 
4.40 56.98 -22.27 -0.72 -0.33 0.51 41477 
20.53 20.79 -35.34 -1.04 0.02 0.16 41581 
34.18 -29.60 -96.36 -0.84 -0.16 0.23 41686 
20.44 -56.70 -31.20 0.31 -1.00 1.56 41790 
-41.60 57.27 56.30 -0.83 -0.18 0.32 41894 
-15.59 -11.86 -41.64 -1.31 0.09 0.02 41999 
28.42 -61.24 -125.71 -0.76 -0.11 0.13 42103 
77.66 -69.78 -20.08 0.37 -0.81 1.38 42208 
19.91 -17.63 5.62 -0.48 -0.37 0.52 42312 
-39.79 -80.66 -23.77 -0.59 -0.25 0.68 42417 
-51.13 -75.24 -58.18 -0.48 -0.25 0.71 42521 
16.93 -68.60 -53.34 -0.28 -0.47 0.84 42626 
32.21 -110.11 -61.85 -0.06 -0.56 1.01 42730 
8.01 -61.09 -58.53 0.03 -0.38 1.10 42834 
35.27 -30.44 -44.66 0.15 -0.52 1.30 42939 
2.17 17.74 -15.34 -0.04 -0.40 0.95 43043 
-34.77 -26.92 -59.21 -0.17 -0.29 0.83 43148 
-19.76 -82.98 -102.40 0.63 -0.88 1.22 43252 
-2.50 59.83 48.20 0.54 -0.66 0.94 43357 
26.82 18.24 12.83 -0.32 -0.07 0.69 43461 
-13.70 -14.66 -89.27 -0.23 -0.20 0.69 43566 
-35.61 -91.93 -63.52 0.88 -1.03 1.63 43670 
-13.79 66.76 43.47 0.19 -0.52 1.13 43776 
5.11 55.54 47.49 0.05 -0.64 1.06 43880 
-2.07 95.07 53.44 -0.03 -0.54 0.84 43984 
2.25 88.06 40.97 -0.31 -0.35 0.65 44088 
-5.05 66.53 29.50 -0.44 -0.29 0.61 44192 
-14.44 53.69 20.11 -0.58 -0.25 0.50 44298 
-10.76 18.24 -4.87 -0.67 -0.23 0.49 44402 
-7.93 8.09 -17.40 -0.74 -0.29 0.57 44506 
0.82 12.40 -19.20 -0.76 -0.31 0.51 44610 
5.16 3.44 -23.68 -0.77 -0.32 0.53 44715 
31.85 15.86 -31.33 -0.96 -0.17 0.34 44820 
21.60 -42.63 -96.45 -0.90 -0.02 0.15 44924 
89.91 -76.84 -60.03 0.39 -1.11 1.66 45029 
-27.67 46.69 46.32 -0.67 -0.32 0.48 45133 
-22.08 -4.70 -14.33 -1.27 0.06 0.25 45238 
25.47 -25.32 -91.08 -0.93 0.01 0.16 45342 
94.46 -107.66 -77.95 0.31 -1.11 1.27 45447 
-62.09 -7.58 23.38 -0.38 -0.39 0.45 45551 
-38.56 -91.27 -38.59 -0.67 -0.18 0.59 45656 
-32.28 -78.29 -76.53 -0.44 -0.45 0.92 45760 
-30.66 -66.03 -51.63 -0.36 -0.53 0.78 45864 
-11.19 -56.27 -58.03 -0.20 -0.42 0.91 45969 
9.11 -40.47 -59.92 -0.05 -0.54 1.09 46073 
-16.98 -9.95 -46.14 0.02 -0.63 1.19 46178 
-0.33 -1.84 -30.00 -0.13 -0.51 0.91 46282 
-9.61 -10.18 -39.52 -0.21 -0.31 1.06 46387 
-19.11 -10.02 -93.66 -0.01 -0.29 0.67 46491 
4.24 -1.69 -16.34 0.99 -0.91 1.46 46596 
37.81 39.50 32.46 0.19 -0.51 0.77 46700 
-42.04 -36.88 13.93 -0.38 -0.06 0.63 46804 
14.47 -58.72 -106.60 -0.25 -0.13 0.71 46909 
54.22 -83.02 -87.58 1.00 -0.77 1.61 47013 
7.48 53.18 30.73 0.32 -0.58 1.03 47118 
53.25 51.73 31.41 -0.02 -0.44 1.03 47222 
-11.47 73.24 24.99 -0.02 -0.39 1.04 47327 
-4.28 64.24 25.44 -0.12 -0.40 1.00 47431 
-15.77 71.07 19.63 -0.19 -0.44 0.91 47536 
6.79 63.92 22.29 -0.33 -0.41 0.62 47640 
8.56 64.84 6.46 -0.41 -0.35 0.59 47745 
12.51 56.93 7.53 -0.56 -0.23 0.47 47849 
7.44 12.32 -32.97 -1.09 0.05 0.33 47953 
31.72 0.88 -119.55 -0.90 -0.00 0.36 48058 
45.69 -75.77 -79.56 0.40 -1.18 1.52 48162 
-8.27 47.98 60.53 -0.47 -0.45 0.61 48267 
-35.03 -0.91 12.82 -0.96 -0.23 0.51 48371 
27.48 61.47 -29.25 -1.24 0.00 0.19 48476 
40.67 -22.77 -95.94 -0.81 -0.05 0.13 48580 
57.53 -64.16 -61.31 0.09 -0.74 0.92 48685 
6.55 -55.47 -32.38 -0.35 -0.33 0.39 48789 
14.40 -97.41 -25.62 -0.46 -0.42 0.76 48893 
-9.92 -111.46 -11.53 -0.32 -0.41 0.79 48998 
30.95 -103.69 -65.42 -0.21 -0.52 0.95 49102 
-0.34 -50.88 -78.40 -0.09 -0.57 1.19 49208 
26.79 -31.59 -32.80 -0.07 -0.53 0.96 49312 
6.35 -31.86 -35.62 -0.06 -0.45 1.04 49417 
2.06 -17.31 -27.34 0.08 -0.58 1.22 49521 
1.57 14.88 -18.10 -0.14 -0.27 0.95 49626 
-23.70 -9.49 -111.92 -0.10 -0.19 0.81 49730 
-0.85 -15.21 -61.31 0.89 -0.86 1.36 49835 
7.27 68.92 42.74 0.36 -0.39 0.92 49939 
-25.43 15.41 -21.79 -0.67 -0.02 0.63 50043 
20.50 -27.11 -84.56 -0.21 -0.30 0.72 50148 
-16.80 -63.92 -78.50 0.92 -0.81 1.52 50252 
-9.40 63.15 41.08 0.27 -0.48 1.04 50357 
24.44 67.64 17.68 -0.13 -0.47 1.13 50461 
-20.35 61.37 33.49 -0.16 -0.44 0.94 50566 
-18.47 52.78 19.37 -0.35 -0.38 0.87 50670 
5.15 57.37 31.60 -0.38 -0.49 0.84 50775 
7.66 57.01 21.20 -0.30 -0.53 0.73 50879 
2.61 62.55 13.90 -0.49 -0.32 0.56 50983 
-2.13 31.60 -24.21 -0.98 -0.04 0.30 51088 
27.08 0.78 -109.11 -0.82 -0.15 0.21 51192 
33.40 -18.60 -28.57 0.33 -1.00 1.44 51297 
-23.22 43.19 41.13 -0.70 -0.31 0.48 51401 
-1.78 28.35 -4.53 -1.22 -0.05 0.20 51506 
17.05 -36.17 -98.25 -1.06 -0.03 0.02 51610 
93.47 -98.28 -82.29 0.13 -0.90 1.14 51715 
-21.47 -23.89 -9.35 -0.52 -0.33 0.32 51819 
32.41 -106.29 -50.73 -0.50 -0.41 0.46 51923 
1.91 -97.25 -53.06 -0.30 -0.47 0.97 52028 
-8.74 -69.85 -51.66 -0.31 -0.47 0.92 52132 
13.09 -74.78 -57.47 -0.22 -0.50 1.01 52237 
40.47 -49.98 -45.50 -0.05 -0.41 1.12 52341 
-0.61 -7.75 -38.41 0.01 -0.53 1.19 52446 
-2.47 10.70 -26.62 -0.37 -0.14 0.82 52550 
-28.28 -18.18 -109.18 -0.26 -0.18 0.71 52655 
-20.89 -84.42 -94.54 1.04 -0.87 1.61 52759 
17.27 51.02 55.19 0.31 -0.34 0.93 52864 
12.65 2.33 3.05 -0.53 -0.03 0.63 52968 
25.83 -33.62 -84.47 -0.27 -0.13 0.53 53072 
-44.38 -131.62 -104.24 1.17 -0.86 1.73 53177 
-59.56 69.36 49.41 0.25 -0.41 1.05 53281 
20.35 44.11 42.82 0.00 -0.59 1.01 53386 
-34.26 76.48 55.26 0.01 -0.55 1.04 53490 
-2.78 79.93 52.80 -0.11 -0.49 0.87 53595 
-14.49 89.37 50.22 -0.35 -0.39 0.65 53700 
-1.33 48.69 15.52 -0.51 -0.26 0.57 53805 
-6.97 26.74 -0.38 -0.52 -0.34 0.65 53908 
-0.90 35.40 6.28 -0.69 -0.23 0.56 54012 
17.05 16.05 -51.26 -1.11 0.07 0.35 54117 
2.80 -52.27 -118.36 -0.56 -0.26 0.39 54222 
-21.55 55.02 20.31 0.12 -0.76 1.11 54327 
-28.05 32.15 39.57 -0.89 -0.17 0.43 54431 
12.14 22.82 -33.10 -1.21 0.03 0.23 54536 
-5.25 -57.83 -101.02 -0.73 -0.13 0.20 54640 
19.16 -74.85 -22.61 0.29 -0.97 1.25 54745 
-5.78 -12.48 4.73 -0.54 -0.22 0.38 54849 
11.92 -80.35 -57.61 -0.55 -0.29 0.50 54953 
8.13 -107.53 -77.37 -0.21 -0.50 0.86 55058 
-28.95 -117.50 -68.59 -0.12 -0.49 0.88 55162 
29.53 -75.02 -63.93 -0.02 -0.46 1.10 55267 
22.95 -30.08 -53.73 0.14 -0.61 1.19 55371 
12.60 -1.24 -26.73 0.36 -0.66 1.27 55476 
-2.69 23.48 -10.81 -0.08 -0.28 0.88 55580 
-35.02 2.70 -89.21 -0.09 -0.14 0.69 55685 
-54.57 -65.54 -119.66 0.72 -0.81 1.00 55789 
25.92 27.42 60.06 0.74 -0.87 1.18 55894 
61.10 38.41 38.19 -0.33 -0.20 0.63 55998 
-25.19 -30.56 -76.21 -0.36 -0.07 0.55 56102 
13.93 -98.86 -92.83 1.09 -0.66 1.45 56207 
-6.82 39.33 10.11 0.40 -0.54 0.89 56311 
16.79 35.45 11.01 0.28 -0.49 1.14 56416 
-7.34 55.60 21.41 0.17 -0.49 1.12 56520 
-33.13 71.32 42.49 0.04 -0.47 1.01 56625 
-21.18 90.08 50.26 -0.13 -0.52 0.94 56729 
-10.25 86.11 52.29 -0.25 -0.44 0.76 56834 
-11.18 85.01 36.98 -0.33 -0.41 0.62 56938 
-0.51 59.30 12.75 -0.41 -0.36 0.52 57042 
18.55 -1.31 -26.43 -1.19 0.15 0.03 57147 
44.78 -20.95 -106.29 -0.43 -0.45 0.62 57251 
-0.56 53.73 2.04 0.07 -0.80 1.16 57356 
-46.40 49.26 34.83 -0.79 -0.22 0.51 57460 
10.40 24.63 -28.39 -1.32 -0.03 0.10 57566 
20.54 -65.66 -99.43 -0.80 -0.17 0.10 57670 
37.15 -36.64 -40.66 0.40 -0.94 1.37 57775 
4.32 -10.50 -10.43 -0.50 -0.28 0.28 57879 
16.08 -112.20 -36.24 -0.48 -0.35 0.58 57984 
12.44 -94.87 -35.84 -0.22 -0.45 0.90 58088 
-12.67 -88.07 -59.05 -0.31 -0.47 1.05 58192 
-23.17 -58.84 -65.97 -0.05 -0.66 0.98 58297 
36.35 -32.11 -46.52 0.00 -0.70 1.21 58401 
-5.12 -6.99 -30.16 0.02 -0.62 0.96 58506 
5.86 -14.09 -33.22 -0.19 -0.32 0.89 58610 
-14.72 -27.24 -105.82 -0.04 -0.22 0.80 58715 
29.67 -100.88 -103.53 0.88 -0.82 1.14 58819 
64.40 39.67 60.15 0.59 -0.53 1.00 58924 
-4.82 12.80 -6.87 -0.25 -0.08 0.69 59028 
-26.35 -20.73 -86.07 -0.11 -0.26 0.55 59132 
19.96 -102.72 -77.63 1.05 -0.85 1.63 59237 
-50.11 59.24 15.41 0.37 -0.25 1.07 59341 
12.47 42.90 19.44 0.13 -0.54 1.09 59446 
-11.38 72.20 36.23 0.16 -0.54 1.17 59550 
-28.95 101.05 48.18 0.05 -0.43 0.93 59655 
2.68 94.11 50.02 -0.14 -0.42 0.73 59759 
-17.84 72.92 34.91 -0.30 -0.30 0.63 59864 
-11.96 44.82 10.77 -0.43 -0.31 0.60 59968 
6.00 23.70 1.47 -0.66 -0.18 0.60 60072 