-1.44 1.14 -44.59 -0.05 -0.41 0.95 6 
1.23 19.98 -45.51 0.05 -0.53 1.01 109 
-1.89 9.96 -42.66 0.03 -0.41 0.88 214 
3.03 5.64 -24.95 -0.01 -0.43 0.96 318 
-3.31 9.44 -22.69 -0.36 -0.02 0.88 422 
-6.63 3.39 -116.27 -0.09 -0.32 0.68 527 
0.66 -7.97 -50.37 0.80 -0.98 1.29 631 
24.40 10.63 27.44 0.26 -0.57 0.91 736 
-17.40 -9.63 16.00 -0.46 0.06 0.88 840 
-22.49 13.08 -89.99 -0.39 -0.16 0.78 945 
-1.51 -4.32 -82.96 0.69 -1.01 1.55 1049 
-29.73 34.12 30.78 0.05 -0.62 0.87 1154 
22.05 58.97 12.95 -0.28 -0.47 0.98 1258 
-28.53 69.84 28.79 -0.35 -0.47 1.09 1362 
12.18 58.80 13.30 -0.31 -0.42 0.88 1467 
-14.79 90.39 19.89 -0.35 -0.34 0.64 1571 
28.03 42.29 -10.70 -0.42 -0.23 0.46 1676 
-5.34 21.23 -3.82 -0.55 -0.24 0.41 1780 
-15.56 8.74 -0.33 -0.82 -0.15 0.47 1885 
-2.54 17.30 -59.59 -1.11 0.04 0.49 1989 
40.83 7.97 -105.76 -0.38 -0.62 0.69 2094 
-59.80 50.48 63.13 -0.23 -0.68 0.66 2198 
-87.69 -18.66 15.46 -1.25 -0.00 0.43 2302 
42.19 49.28 -44.16 -1.28 0.08 0.19 2407 
10.55 -18.37 -106.09 -0.29 -0.60 0.53 2511 
-22.59 23.95 19.97 -0.16 -0.60 0.59 2616 
-8.79 -38.78 -26.65 -0.63 -0.24 0.34 2720 
13.27 -83.45 -44.31 -0.60 -0.35 0.62 2825 
24.28 -109.00 -68.26 -0.51 -0.38 0.62 2929 
0.14 -137.34 -83.19 -0.27 -0.40 0.94 3034 
2.24 -109.27 -82.58 -0.06 -0.68 1.20 3139 
6.89 -12.37 -9.02 -0.08 -0.63 1.18 3243 
-5.27 2.47 -23.43 -0.39 -0.16 0.99 3347 
22.57 36.05 -83.87 -0.20 -0.26 0.73 3451 
-4.51 33.43 -16.52 0.87 -1.11 1.32 3557 
-15.15 14.28 34.62 0.16 -0.41 0.72 3661 
-33.30 -34.27 -9.77 -0.51 -0.04 0.81 3766 
16.24 -1.41 -88.34 -0.45 -0.09 0.71 3870 
-5.39 -22.25 -78.15 0.71 -0.81 1.38 3975 
-0.82 23.40 26.69 0.24 -0.59 1.01 4079 
-1.31 32.35 9.19 -0.40 -0.47 1.29 4184 
-31.14 94.47 41.18 -0.05 -0.65 1.02 4288 
-27.05 88.76 28.85 -0.28 -0.45 0.80 4392 
-5.44 82.72 40.34 -0.31 -0.44 0.67 4497 
-11.77 65.02 18.27 -0.42 -0.38 0.53 4601 
-10.00 29.10 0.20 -0.52 -0.36 0.49 4706 
0.69 2.84 -13.73 -1.04 -0.04 0.32 4810 
39.14 2.79 -74.00 -0.83 -0.13 0.29 4915 
36.57 -11.67 -29.75 0.17 -0.97 1.31 5019 
-44.15 34.73 46.05 -0.66 -0.23 0.37 5124 
-38.74 -13.47 -5.56 -1.47 0.20 0.25 5228 
48.63 -4.82 -84.19 -1.01 0.08 0.20 5332 
20.86 -46.58 -93.15 -0.07 -0.76 0.88 5437 
-36.75 15.37 1.68 -0.47 -0.41 0.47 5541 
20.44 -68.06 -40.96 -0.58 -0.33 0.41 5646 
13.48 -87.66 -54.95 -0.42 -0.33 0.59 5750 
-24.08 -106.37 -51.36 -0.32 -0.46 0.83 5855 
9.86 -131.20 -92.19 -0.47 -0.66 1.06 5959 
-1.40 -80.31 -70.56 0.05 -0.73 1.32 6064 
7.99 -11.38 -5.03 0.01 -0.72 1.09 6168 
-6.37 7.10 -21.03 -0.39 -0.16 1.03 6273 
-10.60 4.86 -86.85 -0.00 -0.40 0.78 6377 
11.56 -22.27 -42.02 0.72 -0.76 1.06 6481 
-0.27 15.37 14.26 0.43 -0.59 1.03 6586 
-14.74 -23.24 9.60 -0.43 -0.16 0.83 6690 
-5.19 -8.45 -65.74 -0.33 -0.30 0.93 6795 
15.25 -28.04 -79.92 0.26 -0.45 0.85 6899 
-3.37 8.60 -14.47 0.63 -0.86 1.30 7004 
24.20 52.51 30.50 -0.09 -0.54 1.17 7108 
-40.81 89.10 22.11 -0.19 -0.55 1.11 7213 
-7.67 70.85 20.37 -0.25 -0.43 0.93 7317 
-16.02 114.70 17.29 -0.25 -0.49 0.82 7421 
-12.42 83.74 16.92 -0.33 -0.47 0.67 7526 
-4.81 87.66 7.88 -0.46 -0.29 0.43 7630 
-11.60 43.55 14.95 -0.88 -0.13 0.24 7735 
-2.08 1.87 -61.07 -1.18 -0.00 0.10 7839 
23.52 -30.98 -89.75 -0.24 -0.64 0.73 7944 
-24.26 54.13 31.96 -0.19 -0.75 0.77 8048 
-50.19 26.34 33.00 -1.08 -0.18 0.27 8153 
-16.53 11.08 -31.63 -1.35 0.09 0.07 8257 
24.31 -40.70 -78.94 -0.74 -0.16 0.18 8361 
54.31 -66.21 -59.89 -0.02 -0.82 1.03 8466 
20.73 -20.83 -0.57 -0.48 -0.27 0.28 8570 
8.00 -86.15 -25.06 -0.57 -0.30 0.47 8675 
-16.94 -114.87 -50.59 -0.45 -0.53 0.85 8780 
-27.03 -103.17 -59.28 -0.43 -0.52 0.92 8885 
5.82 -80.20 -76.73 -0.25 -0.58 1.15 8989 
11.05 -36.17 -14.62 -0.15 -0.69 1.11 9094 
7.63 -22.54 -17.27 -0.40 -0.27 0.95 9198 
-15.56 -6.59 -90.34 -0.28 -0.27 0.68 9303 
9.15 -75.37 -80.98 0.83 -0.98 1.27 9407 
24.81 28.94 47.17 0.45 -0.56 1.04 9511 
-6.94 -0.89 15.37 -0.33 -0.21 0.82 9616 
-30.63 10.91 -66.63 -0.57 -0.04 0.90 9720 
20.98 -33.59 -90.56 0.10 -0.44 0.82 9825 
-6.31 7.20 -9.57 0.44 -0.91 1.45 9929 
0.60 93.19 14.44 -0.03 -0.53 1.18 10034 
-53.88 114.11 27.76 -0.27 -0.53 1.10 10138 
2.71 114.68 36.51 -0.38 -0.50 0.81 10243 
-20.41 104.76 46.36 -0.33 -0.26 0.57 10347 
12.86 101.02 34.64 -0.48 -0.34 0.38 10451 
9.68 61.35 13.18 -0.59 -0.26 0.22 10556 
-11.65 -5.10 -12.80 -1.16 0.15 -0.11 10660 
54.44 -29.94 -95.53 -0.90 -0.02 0.13 10765 
18.40 -62.88 -64.58 0.13 -1.21 1.48 10870 
-66.51 32.04 40.51 -0.69 -0.25 0.32 10975 
-18.06 10.84 -2.33 -1.48 0.14 0.05 11079 
37.22 -9.73 -70.71 -1.05 0.12 -0.09 11184 
-29.58 -75.81 -111.66 -0.22 -0.69 0.56 11288 
-12.63 -49.23 -12.33 -0.30 -0.51 0.58 11393 
24.47 -118.98 -33.82 -0.49 -0.44 0.48 11497 
20.46 -126.05 -24.50 -0.42 -0.40 0.79 11601 
-0.50 -91.61 -72.04 -0.38 -0.37 1.08 11706 
-13.02 -37.11 -42.89 -0.22 -0.70 1.13 11810 
-3.58 -3.52 -0.38 -0.08 -0.65 0.98 11915 
-1.73 -18.07 -35.73 -0.48 -0.21 1.01 12020 
21.84 -0.06 -98.16 -0.19 -0.23 0.60 12125 
-14.32 -15.24 -32.89 0.94 -0.95 1.48 12229 
-28.64 17.68 24.66 0.11 -0.43 0.86 12334 
-65.42 -32.80 -41.96 -0.56 -0.03 0.75 12438 
20.25 -25.73 -93.05 -0.15 -0.35 0.69 12542 
24.63 -25.02 -42.42 0.71 -1.16 1.68 12647 
-14.35 71.44 26.44 -0.06 -0.55 1.12 12751 
-19.37 89.92 40.82 -0.20 -0.45 1.07 12856 
-32.29 105.45 45.07 -0.25 -0.44 0.88 12960 
18.60 109.26 7.59 -0.34 -0.36 0.75 13065 
-9.80 93.98 35.89 -0.34 -0.41 0.48 13169 
-21.99 47.73 28.85 -0.59 -0.21 0.24 13275 
-1.84 9.11 -20.31 -0.98 0.05 0.15 13379 
23.06 -34.58 -84.70 -0.94 -0.00 0.11 13484 
52.92 -82.78 -78.72 0.09 -1.18 1.51 13588 
-13.89 37.83 29.73 -0.47 -0.50 0.59 13692 
-42.63 17.53 -3.83 -1.36 -0.05 0.15 13797 
15.41 -8.58 -46.24 -1.15 0.04 -0.00 13901 
-6.32 -60.91 -109.80 -0.29 -0.63 0.70 14006 
-34.44 35.32 22.56 -0.30 -0.36 0.58 14110 
24.76 -94.73 -40.31 -0.62 -0.15 0.28 14215 
2.79 -139.41 -71.06 -0.36 -0.45 0.57 14319 
10.97 -135.91 -91.69 -0.14 -0.59 1.10 14424 
-64.27 10.45 -44.95 -0.12 -0.25 1.07 14529 
10.15 -35.02 -13.40 -0.32 -0.51 1.20 14633 
1.32 10.08 -3.82 -0.24 -0.50 1.06 14738 
12.07 28.62 -20.82 -0.37 -0.26 0.88 14842 
-12.22 11.08 -69.56 -0.24 -0.15 0.70 14947 
-9.02 -31.62 -55.40 0.75 -0.94 1.50 15051 
-15.49 12.42 11.11 0.13 -0.56 0.91 15156 
-49.99 -14.79 -8.10 -0.90 0.10 0.79 15260 
14.69 20.60 -53.03 -0.36 -0.27 0.52 15365 
38.74 -88.06 -56.76 0.73 -1.12 1.75 15469 
-25.73 36.28 22.73 -0.18 -0.42 1.10 15574 
-1.05 41.34 30.59 -0.55 -0.50 1.11 15678 
-20.33 70.40 26.27 -0.36 -0.52 0.86 15782 
38.50 81.56 7.29 -0.35 -0.46 0.61 15888 
-21.95 55.09 12.87 -0.43 -0.34 0.51 15992 
-10.10 49.60 3.98 -0.55 -0.37 0.48 16097 
3.84 46.79 6.85 -0.71 -0.20 0.38 16201 
-20.82 4.20 -16.95 -1.07 0.07 0.28 16306 
23.70 17.91 -72.51 -0.87 -0.04 0.18 16410 
68.42 -86.96 -55.34 0.13 -1.06 1.37 16515 
-2.21 31.21 27.94 -0.62 -0.34 0.40 16619 
-27.42 3.69 -12.08 -1.43 -0.06 0.14 16723 
35.64 -1.57 -47.53 -1.07 -0.05 0.10 16828 
55.62 -67.98 -70.34 -0.19 -0.73 0.88 16932 
-26.20 19.90 1.59 -0.52 -0.20 0.41 17037 
3.08 -63.80 -57.85 -0.66 -0.22 0.26 17141 
-10.57 -92.24 -70.53 -0.58 -0.38 0.66 17246 
7.79 -91.58 -69.14 -0.42 -0.52 0.82 17350 
15.51 -85.76 -46.66 -0.28 -0.67 1.01 17455 
-2.67 -55.94 -25.02 -0.43 -0.48 1.00 17560 
-14.91 -11.66 -56.83 -0.76 -0.30 1.08 17665 
27.71 4.76 -63.49 -0.38 -0.36 0.62 17769 
39.06 -91.65 -55.62 0.58 -1.07 1.42 17873 
-6.08 18.46 7.59 0.10 -0.43 0.87 17978 
-21.44 -30.34 6.17 -0.43 -0.42 0.70 18082 
-18.56 3.95 -36.88 -0.77 -0.26 0.82 18187 
10.27 -36.54 -72.63 -0.04 -0.55 0.93 18291 
-39.34 18.53 -18.66 0.43 -0.84 1.26 18396 
16.66 42.71 -1.95 -0.23 -0.52 1.05 18500 
-22.77 57.50 16.37 -0.32 -0.55 1.01 18605 
-8.77 72.97 42.24 -0.43 -0.51 0.85 18709 
-68.45 102.95 36.00 -0.42 -0.48 0.52 18813 
-14.18 75.57 26.29 -0.55 -0.28 0.41 18918 
-10.17 29.73 -3.10 -0.64 -0.31 0.45 19023 
-11.45 43.60 3.53 -0.63 -0.32 0.33 19128 
11.10 -28.04 -17.89 -0.68 -0.22 0.32 19232 
3.08 -9.47 -38.45 -1.19 0.04 0.40 19337 
16.97 -17.00 -104.48 -0.66 -0.21 0.34 19441 
-6.84 44.15 20.17 -0.06 -0.82 0.85 19546 
-26.36 19.50 22.46 -0.98 -0.12 0.30 19650 
15.44 12.13 -32.69 -1.28 0.04 0.21 19755 
25.90 -28.47 -88.29 -0.79 -0.10 0.12 19859 
-16.38 -106.41 -19.17 0.32 -1.13 1.01 19963 
-24.15 6.34 8.14 -0.62 -0.04 0.41 20068 
-70.17 -83.57 -66.17 -0.70 -0.12 0.35 20172 
21.39 -77.02 -95.32 -0.40 -0.61 0.72 20277 
6.00 -55.45 -79.92 -0.14 -0.59 0.66 20382 
2.38 -62.98 -51.90 -0.15 -0.81 0.93 20487 
58.37 -44.84 -24.37 -0.21 -0.84 1.16 20591 
9.77 -18.71 -34.77 -0.26 -0.59 0.90 20696 
-20.36 -11.22 -48.02 -0.54 -0.16 0.88 20800 
-22.69 8.70 -93.91 -0.04 -0.27 0.57 20904 
-15.13 20.56 -24.30 0.98 -1.11 1.42 21009 
17.72 -12.73 24.64 0.10 -0.60 0.70 21113 
-23.73 -39.76 -20.94 -0.59 -0.08 1.03 21218 
-33.18 5.60 -91.44 -0.16 -0.29 0.73 21322 
1.96 21.05 -21.93 0.72 -1.04 1.49 21427 
-40.52 64.95 20.37 -0.06 -0.68 0.93 21531 
16.95 29.65 43.55 -0.21 -0.63 1.01 21636 
47.51 26.05 48.31 -0.17 -0.54 0.82 21741 
29.72 82.14 25.44 -0.27 -0.32 0.73 21846 
19.68 76.02 9.62 -0.34 -0.31 0.58 21950 
9.63 63.21 11.95 -0.44 -0.33 0.52 22054 
-13.05 16.42 3.10 -0.93 -0.05 0.39 22159 
20.93 8.99 -70.00 -1.16 0.17 0.44 22263 
-17.95 -9.50 -122.34 -0.28 -0.75 0.77 22368 
-28.31 72.73 60.92 -0.19 -0.74 0.63 22472 
-51.98 16.44 32.50 -1.11 0.05 0.32 22577 
25.34 22.55 -43.00 -1.30 0.12 0.16 22681 
-18.59 -58.01 -107.17 -0.60 -0.21 0.28 22786 
25.23 -35.11 -6.79 -0.02 -0.67 0.79 22890 
-2.34 -51.26 -36.15 -0.56 -0.14 0.39 22994 
-15.41 -120.67 -71.07 -0.53 -0.38 0.66 23100 
18.24 -95.94 -57.96 -0.30 -0.57 0.88 23204 
6.31 -111.05 -58.28 -0.18 -0.56 1.08 23309 
8.98 -39.53 -62.73 -0.06 -0.58 1.15 23413 
3.73 -14.48 -28.72 -0.09 -0.64 0.95 23518 
21.29 -8.25 -23.75 -0.24 -0.40 1.02 23622 
21.69 41.74 -53.07 -0.28 -0.38 0.87 23727 
-3.31 -33.58 -83.11 0.65 -0.83 1.18 23831 
12.02 21.92 35.46 0.40 -0.64 0.93 23936 
-10.93 -9.55 16.66 -0.30 -0.29 0.69 24040 
-33.44 -18.63 -72.57 -0.60 -0.29 0.80 24144 
-1.05 -3.86 -93.42 0.18 -0.47 0.84 24249 
-1.02 -9.91 -5.80 0.59 -1.39 1.27 24353 
40.50 43.05 48.99 0.11 -0.65 0.90 24458 
-8.08 40.40 51.02 -0.38 -0.63 1.25 24562 
-72.73 66.10 59.16 -0.49 -0.36 0.86 24667 
32.37 54.48 -10.24 -0.42 -0.37 0.76 24772 
8.85 82.32 58.26 -0.40 -0.39 0.57 24877 
8.34 66.80 21.34 -0.45 -0.36 0.47 24981 
3.17 35.45 -5.77 -0.84 -0.13 0.38 25085 
7.44 10.49 -58.04 -0.96 -0.01 0.27 25190 
12.54 -52.77 -85.99 -0.12 -0.89 1.06 25294 
-53.36 65.44 40.34 -0.54 -0.38 0.54 25399 
-36.81 9.87 14.47 -1.11 -0.16 0.23 25503 
16.46 -5.98 -23.04 -1.20 0.07 0.24 25608 
16.97 -26.33 -77.76 -0.88 -0.06 0.34 25712 
23.03 -8.60 -98.24 -0.12 -0.80 0.93 25817 
-19.08 39.10 30.97 -0.49 -0.41 0.37 25921 
-10.02 -58.29 -20.76 -0.77 -0.14 0.33 26025 
10.71 -75.56 -58.37 -0.75 -0.27 0.53 26130 
17.66 -66.98 -73.01 -0.55 -0.55 0.67 26235 
-19.95 -83.15 -73.32 -0.45 -0.55 0.67 26340 
17.98 -57.23 -75.26 -0.37 -0.74 0.99 26444 
8.31 -45.07 -40.22 -0.34 -0.73 0.87 26549 
-3.71 -24.34 -29.24 -0.55 -0.30 0.99 26653 
0.45 -3.42 -90.75 -0.32 -0.33 0.72 26758 
33.62 -65.15 -88.89 0.42 -0.89 1.06 26862 
11.53 17.60 41.15 0.33 -0.68 0.92 26967 
-2.73 -17.16 30.31 -0.51 -0.08 0.75 27071 
-0.67 2.20 -78.86 -0.47 -0.23 0.84 27175 
24.85 -61.03 -91.97 0.30 -0.76 1.06 27280 
-42.41 45.59 18.37 0.22 -0.68 1.14 27384 
10.15 45.76 19.31 -0.30 -0.54 0.93 27489 
-8.21 54.22 32.82 -0.22 -0.62 1.03 27593 
23.30 49.85 55.34 -0.25 -0.52 0.89 27698 
1.89 79.18 19.76 -0.44 -0.39 0.70 27803 
0.31 68.19 12.67 -0.53 -0.35 0.58 27908 
4.62 47.19 7.08 -0.48 -0.43 0.53 28012 
1.46 40.07 14.36 -0.63 -0.21 0.29 28116 
-4.60 -10.24 -43.11 -1.19 0.15 0.34 28221 
20.41 -23.33 -107.18 -0.56 -0.31 0.44 28325 
-21.94 54.24 34.38 -0.12 -0.68 0.82 28430 
-48.56 14.68 30.11 -0.96 -0.04 0.42 28534 
10.08 18.56 -25.47 -1.31 0.16 0.27 28639 
24.02 3.47 -80.42 -0.72 -0.04 0.29 28743 
45.24 -51.33 -44.08 -0.03 -0.97 0.76 28848 
-18.81 -40.79 -15.43 -0.47 -0.24 0.36 28952 
-23.42 -73.52 -40.87 -0.60 -0.20 0.54 29057 
-20.95 -98.94 -73.72 -0.55 -0.44 0.84 29162 
-7.95 -76.00 -75.49 -0.40 -0.53 0.88 29266 
12.03 -64.71 -61.74 -0.23 -0.73 1.10 29371 
-3.03 -22.14 -26.64 -0.22 -0.65 0.97 29475 
-10.01 -14.53 -12.02 -0.34 -0.36 0.93 29580 
4.35 6.55 -54.09 -0.46 -0.22 1.01 29684 
5.24 -42.73 -90.60 0.12 -0.55 0.71 29789 
12.69 16.69 13.75 0.58 -0.86 1.00 29893 
-6.11 6.12 12.28 -0.30 -0.28 0.80 29998 
-36.46 -3.00 -61.02 -0.58 -0.23 0.87 30102 
13.65 -29.53 -75.47 0.11 -0.60 0.79 30206 
-15.88 30.76 5.14 0.38 -1.01 1.27 30311 
39.33 42.30 35.44 -0.13 -0.61 0.95 30415 
-7.95 50.44 33.68 -0.34 -0.43 0.89 30520 
-21.28 60.52 19.89 -0.42 -0.45 0.92 30624 
-13.63 81.27 18.60 -0.50 -0.38 0.74 30729 
0.18 54.12 9.90 -0.48 -0.42 0.59 30833 
5.77 29.32 -7.24 -0.45 -0.39 0.44 30938 
13.50 30.99 -6.13 -0.76 -0.12 0.40 31043 
19.00 -3.75 -76.13 -1.04 -0.02 0.39 31148 
34.86 -36.40 -69.93 -0.13 -0.92 1.01 31252 
-31.86 26.69 33.01 -0.36 -0.55 0.60 31356 
-39.76 4.77 -3.79 -1.20 -0.14 0.37 31461 
22.85 11.44 -47.31 -1.21 -0.03 0.30 31565 
10.53 -15.21 -91.44 -0.34 -0.53 0.56 31670 
-27.08 27.53 7.01 -0.25 -0.61 0.61 31774 
17.65 -29.06 -17.08 -0.67 -0.15 0.30 31879 
-32.59 -91.08 -65.07 -0.56 -0.33 0.48 31983 
0.44 -76.41 -69.96 -0.46 -0.53 0.63 32088 
-3.30 -86.18 -65.15 -0.33 -0.60 0.78 32192 
-4.16 -55.42 -81.42 -0.19 -0.86 1.00 32296 
13.82 -23.42 -41.89 -0.19 -0.84 1.02 32401 
-25.56 -3.69 -9.81 -0.28 -0.59 0.96 32505 
-11.78 9.21 -15.26 -0.57 -0.31 0.86 32611 
12.26 -35.34 -106.47 -0.37 -0.41 0.72 32715 
88.93 -75.21 -59.91 0.63 -0.94 1.30 32820 
-3.99 -0.56 28.38 0.21 -0.66 0.72 32924 
-16.00 -28.06 20.67 -0.51 -0.21 0.75 33029 
-18.81 3.10 -69.27 -0.46 -0.24 0.92 33133 
9.54 -18.08 -88.82 0.17 -0.72 0.94 33238 
-10.41 39.37 40.56 0.41 -1.05 1.06 33342 
28.15 48.01 41.85 -0.27 -0.52 0.94 33446 
-14.21 61.44 32.23 -0.44 -0.49 0.87 33551 
4.53 53.18 36.48 -0.45 -0.45 0.79 33655 
-19.54 78.86 15.88 -0.38 -0.47 0.73 33760 
-18.91 77.16 17.47 -0.43 -0.43 0.45 33864 
-17.12 43.90 5.25 -0.54 -0.37 0.46 33970 
-3.43 11.89 -2.24 -0.62 -0.31 0.40 34074 
-2.74 -3.31 -29.82 -1.14 -0.01 0.33 34179 
19.15 -9.84 -80.27 -0.94 -0.10 0.33 34283 
29.02 -39.44 -59.21 0.00 -1.11 1.12 34387 
-28.82 22.20 44.08 -0.59 -0.45 0.52 34492 
-24.40 2.70 15.47 -1.04 -0.05 0.30 34596 
3.35 -32.41 -44.86 -1.17 0.03 0.29 34701 
15.56 -30.69 -106.29 -0.65 -0.16 0.45 34805 
44.90 -51.15 -60.93 0.06 -0.86 0.89 34910 
6.68 -41.47 -7.95 -0.55 -0.25 0.48 35014 
-0.32 -75.95 -45.79 -0.57 -0.27 0.62 35119 
1.94 -61.44 -66.83 -0.41 -0.39 0.82 35223 
-20.06 -57.34 -67.30 -0.33 -0.53 0.83 35328 
25.89 -55.21 -44.02 -0.14 -0.62 1.08 35432 
9.41 -10.48 -26.21 -0.34 -0.56 1.03 35536 
-17.46 -1.08 -46.90 -0.59 -0.40 0.93 35642 
20.83 -29.37 -54.23 -0.09 -0.33 0.55 35746 
-26.76 38.50 19.77 0.57 -0.97 1.23 35851 
-31.76 6.68 -9.47 -0.11 -0.59 0.74 35955 
-44.37 -11.57 -13.48 -0.66 -0.16 0.92 36060 
13.05 17.50 -62.98 -0.36 -0.33 0.76 36164 
47.25 -39.53 -55.65 0.33 -0.75 1.06 36269 
21.71 9.08 7.17 0.22 -0.72 0.90 36373 
10.55 15.32 9.74 -0.25 -0.51 1.04 36477 
-31.43 29.43 24.30 -0.52 -0.61 1.16 36582 
-40.52 60.42 58.79 -0.38 -0.46 0.86 36686 
-10.60 41.01 35.29 -0.50 -0.46 0.66 36791 
-4.56 60.66 23.75 -0.41 -0.38 0.51 36895 
-1.89 28.90 8.10 -0.41 -0.40 0.44 37000 
-19.80 -2.42 -16.17 -0.95 0.01 0.51 37104 
21.33 11.96 -96.47 -0.95 -0.03 0.43 37210 
31.27 -33.56 -61.18 0.08 -1.17 1.16 37314 
-25.82 12.30 44.31 -0.48 -0.46 0.60 37419 
-45.69 -1.31 17.13 -1.19 -0.02 0.46 37523 
26.73 23.99 -48.77 -1.10 0.06 0.34 37627 
6.03 -24.99 -92.08 -0.44 -0.38 0.46 37732 
-7.62 -12.44 -11.13 -0.15 -0.61 0.58 37836 
3.53 -50.22 -18.36 -0.59 -0.19 0.46 37941 
-16.24 -79.88 -65.49 -0.59 -0.34 0.68 38045 
10.10 -76.15 -80.40 -0.51 -0.48 0.82 38150 
-10.11 -58.75 -74.16 -0.29 -0.55 0.91 38254 
-5.17 -40.58 -68.18 -0.05 -0.71 0.97 38359 
9.21 -14.15 -33.68 -0.16 -0.62 1.06 38463 
4.20 19.50 -41.89 -0.72 -0.19 1.09 38567 
-6.95 29.34 -81.03 -0.12 -0.56 0.66 38673 
2.56 11.82 -7.82 0.53 -0.84 0.96 38777 
-16.52 6.02 40.40 -0.03 -0.79 0.86 38882 
-32.21 -0.78 -19.76 -0.79 -0.03 0.89 38986 
12.31 -21.79 -79.00 -0.32 -0.28 0.70 39091 
7.62 -31.17 -49.47 0.45 -1.02 1.35 39195 
-8.52 36.99 29.77 -0.05 -0.61 0.93 39300 
-38.82 38.15 31.24 -0.35 -0.54 0.94 39404 
-37.60 81.41 44.42 -0.47 -0.55 0.88 39508 
-1.31 58.40 31.66 -0.53 -0.53 0.66 39613 
-18.32 42.95 8.65 -0.49 -0.41 0.47 39717 
-10.85 38.24 -4.85 -0.44 -0.48 0.52 39822 
-35.53 22.02 -7.02 -0.65 -0.37 0.40 39926 
7.16 4.18 -28.79 -1.10 -0.08 0.43 40031 
36.44 3.71 -77.56 -0.71 -0.39 0.40 40135 
47.27 -45.12 -33.11 0.10 -1.19 1.04 40240 
-30.61 43.38 56.32 -0.69 -0.21 0.34 40344 
-11.62 -0.53 -13.94 -1.31 -0.01 0.23 40450 
32.04 -10.09 -53.06 -1.09 -0.13 0.22 40554 
20.63 -36.70 -79.10 -0.25 -0.56 0.55 40658 
-37.14 17.81 -1.47 -0.31 -0.51 0.46 40763 
4.10 -43.96 -45.90 -0.69 -0.23 0.39 40867 
-2.63 -80.67 -54.62 -0.58 -0.39 0.62 40972 
27.51 -111.96 -65.81 -0.48 -0.49 0.77 41076 
22.98 -76.89 -69.76 -0.16 -0.56 0.99 41181 
14.35 -36.73 -46.13 -0.12 -0.73 1.00 41285 
-17.69 -19.20 -45.21 -0.55 -0.33 0.95 41390 
13.14 18.34 -56.92 -0.38 -0.38 0.84 41494 
12.47 -32.72 -84.80 0.34 -0.63 0.91 41598 
8.02 13.22 18.98 0.29 -0.71 0.93 41704 
-2.23 1.53 23.64 -0.27 -0.46 0.78 41808 
-15.09 -4.06 -41.43 -0.66 -0.20 0.86 41913 
23.95 -35.58 -61.78 0.09 -0.73 0.85 42017 
-5.95 15.02 34.53 0.15 -0.71 1.21 42122 
25.69 36.82 12.41 -0.05 -0.56 0.97 42226 
-13.09 37.85 24.72 -0.14 -0.56 0.98 42331 
-27.56 35.01 26.58 -0.33 -0.42 0.83 42435 
-25.24 46.66 16.03 -0.45 -0.38 0.83 42540 
-11.58 53.10 6.63 -0.60 -0.44 0.75 42644 
14.95 50.99 7.99 -0.47 -0.49 0.64 42748 
12.67 33.43 4.72 -0.47 -0.36 0.46 42853 
-5.62 2.82 -30.32 -1.03 -0.14 0.57 42957 
28.96 19.63 -67.73 -0.66 -0.19 0.36 43062 
-10.83 20.92 10.08 -0.07 -0.73 0.79 43166 
-45.13 14.29 20.03 -0.84 -0.14 0.42 43271 
1.82 -1.60 -28.36 -1.31 -0.00 0.37 43375 
14.37 -12.40 -69.53 -0.68 -0.26 0.36 43481 
43.18 -32.21 -19.84 -0.00 -0.73 1.00 43585 
-2.95 8.33 -3.65 -0.52 -0.28 0.47 43689 
-30.95 -51.90 -54.70 -0.70 -0.24 0.45 43794 
-10.15 -62.36 -75.26 -0.58 -0.35 0.68 43898 
5.89 -59.80 -81.38 -0.45 -0.59 0.74 44003 
71.97 -83.51 -77.52 -0.34 -0.65 0.88 44107 
25.27 -43.32 -52.52 -0.19 -0.72 1.15 44212 
11.14 -18.60 -17.30 -0.39 -0.46 0.84 44316 
-16.18 -1.24 -65.55 -0.42 -0.31 0.99 44421 
3.63 -24.59 -80.51 0.28 -0.74 0.92 44525 
-1.80 1.98 16.79 0.31 -0.70 0.83 44630 
-4.61 -12.51 -0.77 -0.28 -0.41 0.91 44734 
-31.89 1.43 -46.40 -0.64 -0.16 0.92 44838 
-7.58 14.00 -49.47 -0.17 -0.44 0.73 44943 
-14.11 -26.11 -44.02 0.48 -0.89 1.14 45048 
31.86 -6.56 38.40 0.08 -0.48 0.95 45153 
-13.63 25.56 23.36 -0.38 -0.35 1.15 45257 
-61.34 44.95 -15.42 -0.36 -0.51 1.01 45362 
-15.76 66.68 19.76 -0.29 -0.57 0.85 45466 
-18.24 63.29 14.63 -0.20 -0.55 0.77 45571 
6.91 28.85 -1.65 -0.42 -0.50 0.61 45675 
12.34 5.93 -3.92 -0.55 -0.44 0.57 45779 
-2.77 15.13 -6.97 -0.60 -0.38 0.60 45884 
10.44 20.35 -6.17 -0.51 -0.46 0.58 45988 
-12.21 5.72 -6.89 -0.79 -0.32 0.54 46093 
37.55 18.97 -58.49 -0.94 -0.14 0.49 46197 
65.82 -40.98 -81.16 0.08 -1.04 1.18 46302 
-33.65 31.57 38.43 -0.44 -0.46 0.54 46406 
-9.25 -21.78 -14.96 -1.32 -0.16 0.46 46511 
53.56 3.92 -56.73 -0.90 -0.23 0.46 46615 
16.95 -40.47 -62.26 -0.23 -0.52 0.67 46721 
-16.08 20.47 18.42 -0.26 -0.46 0.67 46825 
0.73 -30.43 -15.60 -0.56 -0.25 0.43 46929 
0.14 -79.22 -50.82 -0.54 -0.37 0.64 47034 
0.99 -68.67 -74.60 -0.31 -0.50 0.81 47138 
-10.78 -64.79 -103.63 -0.30 -0.50 0.84 47243 
31.24 -62.05 -66.31 -0.09 -0.79 1.11 47347 
5.39 -21.35 -31.11 -0.16 -0.64 1.06 47452 
0.53 11.56 -47.02 -0.36 -0.46 1.10 47556 
10.09 5.23 -49.30 0.08 -0.43 0.65 47661 
-2.71 12.73 10.86 0.50 -0.67 1.13 47765 
-13.02 18.21 19.21 -0.01 -0.51 0.84 47869 
-24.95 -15.18 -23.77 -0.53 -0.13 0.75 47974 
7.36 -24.31 -70.07 -0.09 -0.46 0.89 48078 
-25.82 69.02 22.50 0.54 -0.87 1.35 48183 
-20.35 53.06 31.27 -0.16 -0.53 0.97 48288 
-31.44 63.92 24.80 -0.35 -0.49 0.97 48393 
-13.63 74.31 26.48 -0.36 -0.53 0.85 48497 
-15.40 85.13 26.62 -0.41 -0.35 0.56 48602 
-19.97 65.81 11.76 -0.47 -0.33 0.44 48706 
-11.63 10.73 -11.89 -0.58 -0.42 0.48 48811 
-3.75 -15.05 -9.63 -0.76 -0.35 0.43 48915 
9.64 -32.89 -38.04 -1.07 -0.19 0.56 49019 
39.47 -6.32 -71.45 -0.44 -0.42 0.58 49124 
-12.57 35.40 14.69 -0.07 -0.67 0.76 49228 
-41.98 15.89 12.24 -1.02 -0.16 0.46 49333 
15.82 7.46 -27.65 -1.23 -0.00 0.37 49437 
4.11 -19.62 -80.92 -0.47 -0.34 0.48 49542 
-27.72 21.79 7.65 -0.16 -0.53 0.67 49647 
1.58 -43.80 -40.66 -0.57 -0.22 0.38 49752 
-3.21 -92.43 -68.45 -0.51 -0.37 0.67 49856 
-19.18 -70.15 -68.70 -0.37 -0.49 0.94 49960 
6.30 -49.40 -74.37 -0.21 -0.59 1.01 50065 
11.78 -26.21 -33.92 -0.16 -0.71 1.09 50169 
2.81 -16.77 -12.73 -0.09 -0.65 0.97 50274 
-13.13 -10.95 -37.58 -0.62 -0.13 0.85 50378 
18.74 12.20 -75.58 -0.26 -0.33 0.71 50483 
-7.58 -0.84 -53.60 0.78 -0.93 1.59 50587 
0.00 1.63 27.08 0.00 -0.37 0.72 50692 
-40.31 -23.32 -22.89 -0.46 -0.17 0.89 50796 
-16.98 5.19 -56.89 -0.32 -0.24 0.82 50900 
52.54 -30.34 -52.99 0.32 -0.79 1.24 51005 
-11.08 19.47 17.50 0.24 -0.74 1.02 51109 
12.21 33.23 16.53 -0.28 -0.45 1.00 51214 
-38.51 62.67 19.32 -0.33 -0.50 1.07 51319 
-28.23 55.56 23.83 -0.30 -0.53 0.86 51424 
-22.93 57.75 22.91 -0.31 -0.43 0.70 51528 
2.01 31.92 12.40 -0.35 -0.44 0.64 51633 
-6.53 33.04 21.75 -0.50 -0.39 0.57 51737 
-6.69 20.19 -10.68 -1.06 0.01 0.53 51842 
34.56 16.40 -65.21 -0.77 -0.13 0.40 51946 
29.85 -30.77 -45.54 0.20 -1.08 1.22 52050 
-36.82 12.84 32.59 -0.53 -0.38 0.52 52155 
-42.10 -7.50 0.47 -1.27 -0.05 0.47 52259 
33.61 20.21 -58.59 -1.00 -0.03 0.34 52364 
46.04 -35.93 -80.18 -0.18 -0.73 0.73 52468 
-32.02 12.06 7.49 -0.41 -0.45 0.56 52573 
-4.08 -34.67 -31.61 -0.68 -0.28 0.40 52677 
8.50 -74.01 -50.19 -0.65 -0.29 0.59 52782 
24.69 -50.54 -63.10 -0.46 -0.45 0.75 52887 
19.82 -61.48 -78.70 -0.35 -0.52 0.84 52992 
-3.85 -38.32 -54.68 -0.20 -0.70 1.11 53096 
0.33 -16.70 -17.99 -0.46 -0.45 0.99 53200 
-31.73 4.11 -93.40 -0.61 -0.16 1.09 53305 
13.14 15.30 -65.02 0.24 -0.68 0.63 53409 
-12.03 16.61 17.18 0.59 -0.89 0.86 53514 
-10.89 -4.18 24.35 -0.34 -0.39 0.75 53618 
-20.13 -8.08 -55.63 -0.70 -0.21 0.94 53723 
-0.21 12.39 -67.15 -0.07 -0.57 0.80 53827 
17.62 -13.14 -12.59 0.34 -1.09 1.00 53932 
20.21 24.02 38.95 0.01 -0.47 0.74 54036 
-4.40 -4.54 7.15 -0.17 -0.53 0.98 54140 
-17.40 1.19 16.67 -0.37 -0.50 0.99 54245 
-26.37 43.86 18.22 -0.45 -0.43 0.97 54349 
21.37 4.92 18.09 -0.55 -0.57 0.75 54454 
4.29 44.34 12.50 -0.46 -0.45 0.65 54559 
2.27 35.22 -1.73 -0.44 -0.41 0.66 54664 
-1.92 28.83 -7.37 -0.47 -0.32 0.62 54768 
-7.65 3.16 -15.12 -0.54 -0.35 0.59 54873 
-11.82 -5.11 -16.46 -0.83 -0.27 0.72 54977 
28.30 48.69 -41.91 -0.91 -0.17 0.64 55081 
7.81 21.14 -73.96 -0.40 -0.35 0.39 55186 
-9.95 36.47 24.79 -0.11 -0.75 0.70 55290 
-29.66 14.84 25.37 -0.87 -0.21 0.42 55395 
5.60 5.15 -25.48 -1.34 0.02 0.35 55499 
22.80 -12.05 -71.64 -0.78 -0.20 0.31 55604 
85.17 -33.91 -44.49 0.01 -0.79 0.94 55708 
-21.70 -5.95 -11.85 -0.54 -0.33 0.47 55813 
-7.21 -51.63 -61.97 -0.70 -0.34 0.51 55917 
11.97 -59.61 -57.34 -0.53 -0.52 0.74 56022 
23.09 -51.31 -25.35 -0.43 -0.42 0.70 56126 
-4.67 -51.22 -49.45 -0.36 -0.55 0.91 56230 
-13.37 -40.05 -40.95 -0.31 -0.62 1.02 56336 
-7.60 -23.86 -26.68 -0.59 -0.40 0.86 56440 
10.90 -13.07 -75.31 -0.55 -0.42 0.96 56545 
23.16 -41.85 -82.26 0.01 -0.76 0.90 56649 
29.89 16.08 33.14 0.21 -0.88 0.82 56754 
-4.16 0.18 -2.39 -0.23 -0.42 0.73 56858 
-38.47 -21.70 -24.96 -0.58 -0.31 0.83 56963 
-2.49 9.95 -52.48 -0.37 -0.30 0.70 57067 
-16.68 -10.84 -28.83 0.23 -0.87 1.15 57171 
14.05 22.58 16.59 0.02 -0.78 0.97 57276 
13.69 25.56 15.42 -0.43 -0.46 0.96 57380 
-34.98 56.15 27.05 -0.48 -0.53 0.93 57485 
-36.62 43.91 16.66 -0.43 -0.57 0.83 57589 
-55.21 24.28 24.58 -0.42 -0.54 0.81 57695 
-1.27 45.70 15.53 -0.45 -0.38 0.50 57799 
15.25 16.71 0.79 -0.47 -0.44 0.46 57904 
-7.25 5.50 -8.92 -0.77 -0.23 0.51 58008 
-0.72 -4.33 -48.21 -1.05 -0.12 0.58 58113 
18.39 18.70 -68.47 -0.60 -0.36 0.43 58217 
29.49 -13.87 -18.17 0.03 -0.97 0.87 58321 
-21.63 15.55 20.92 -0.71 -0.27 0.49 58426 
-2.14 -3.18 -17.17 -1.23 -0.16 0.35 58530 
22.95 -13.11 -54.86 -0.89 -0.20 0.30 58635 
24.32 -28.41 -76.50 -0.18 -0.78 0.70 58739 
-29.73 -0.02 2.34 -0.37 -0.50 0.54 58844 
-4.00 -31.39 -26.73 -0.54 -0.30 0.49 58948 
-3.09 -62.83 -61.16 -0.60 -0.40 0.68 59053 
44.07 -65.98 -59.48 -0.54 -0.55 0.74 59157 
30.21 -67.31 -68.79 -0.31 -0.60 0.86 59261 
22.48 -53.53 -55.73 -0.22 -0.76 1.03 59366 
-10.73 -28.21 -28.18 -0.28 -0.71 1.00 59471 
-18.69 7.60 -47.02 -0.58 -0.28 0.99 59576 
-42.73 29.09 -59.89 -0.09 -0.49 0.66 59680 
9.63 -8.21 -30.44 0.47 -1.01 1.02 59785 
32.56 -23.55 3.85 -0.00 -0.63 0.87 59889 
-4.18 -18.18 1.77 -0.44 -0.44 0.85 59994 
-23.05 7.02 -60.92 -0.42 -0.38 0.88 60098