-1.82 9.08 -18.05 0.15 -0.45 0.91 5 
-6.50 1.45 -23.61 0.12 -0.40 0.93 109 
-6.31 -1.39 -20.81 0.13 -0.42 0.97 214 
0.47 -1.86 -21.50 -0.02 -0.30 0.98 318 
2.39 8.14 -46.53 0.09 -0.39 1.02 422 
-5.36 -3.54 -69.86 0.01 -0.24 0.74 527 
4.11 -44.01 -53.34 0.77 -0.79 1.46 631 
-6.58 33.34 38.10 0.35 -0.55 0.84 736 
-18.04 -2.50 -10.97 -0.58 0.21 0.84 839 
5.00 -0.85 -108.73 -0.15 -0.24 0.58 944 
-32.06 13.13 -21.91 1.06 -1.12 1.88 1048 
-86.06 82.45 40.21 0.02 -0.52 0.93 1153 
8.24 -34.40 26.16 -0.08 -0.58 1.05 1257 
17.21 102.76 74.36 -0.08 -0.48 1.02 1361 
50.31 61.49 23.86 -0.16 -0.28 0.72 1466 
-13.59 108.36 52.50 -0.35 -0.18 0.56 1570 
-4.73 73.08 21.15 -0.55 -0.17 0.40 1675 
-34.94 23.41 -7.11 -1.01 0.13 0.26 1779 
15.15 -1.85 -74.71 -0.89 0.02 0.30 1884 
77.46 -61.44 -72.09 0.16 -1.14 1.51 1988 
-45.82 76.18 56.91 -0.61 -0.23 0.35 2093 
-48.63 -4.63 -6.87 -1.34 0.23 0.18 2197 
48.51 19.11 -51.73 -1.07 0.14 0.02 2301 
21.15 -48.60 -102.82 -0.45 -0.23 0.31 2406 
-68.47 21.62 -14.42 -0.17 -0.50 0.80 2510 
3.63 -42.00 -37.01 -0.66 -0.19 0.26 2615 
-6.15 -75.49 -86.92 -0.66 -0.33 0.44 2719 
17.12 -123.23 -101.77 -0.50 -0.49 0.73 2824 
6.97 -79.52 -86.96 -0.37 -0.60 0.95 2928 
-2.25 -57.83 -49.82 -0.22 -0.73 1.11 3033 
4.52 -17.73 -26.85 -0.23 -0.54 1.02 3137 
8.40 6.27 -89.15 -0.54 0.06 0.81 3241 
-33.60 -56.73 -135.42 0.46 -1.01 0.97 3346 
43.73 38.53 61.18 0.68 -0.83 1.13 3450 
-19.90 -7.17 26.18 -0.01 -0.51 0.78 3555 
3.71 7.15 -49.95 -0.65 0.12 0.66 3659 
-4.24 -73.75 -101.32 0.18 -0.44 1.03 3764 
21.21 101.63 83.95 0.45 -0.80 1.17 3868 
-37.07 8.20 41.11 -0.23 -0.68 0.92 3973 
44.00 -4.79 25.95 -0.00 -0.66 1.03 4077 
2.79 89.19 59.32 -0.17 -0.39 0.90 4182 
-5.68 105.99 38.25 -0.32 -0.30 0.72 4286 
1.07 69.01 22.52 -0.40 -0.37 0.59 4390 
-1.21 34.47 21.54 -0.42 -0.35 0.60 4495 
-17.07 49.14 -2.58 -0.75 -0.14 0.39 4598 
7.08 -0.89 -55.95 -1.10 0.06 0.35 4703 
66.88 -9.24 -66.27 -0.36 -0.71 0.95 4807 
-30.89 59.24 48.55 -0.34 -0.57 0.69 4912 
-31.90 24.79 1.71 -1.25 0.14 0.33 5016 
50.57 4.66 -81.28 -1.11 0.03 0.08 5121 
65.92 -78.31 -86.93 -0.10 -0.81 0.82 5225 
-59.94 10.88 24.37 -0.41 -0.20 0.35 5329 
-28.60 -65.32 -50.56 -0.72 -0.02 0.25 5434 
-10.40 -90.37 -78.85 -0.51 -0.42 0.93 5538 
-9.43 -88.01 -96.59 -0.41 -0.45 0.82 5643 
9.48 -88.94 -91.49 -0.27 -0.61 0.94 5747 
12.26 -60.23 -60.57 -0.13 -0.65 1.11 5852 
23.74 -8.85 -30.11 -0.11 -0.66 1.24 5956 
-4.34 9.69 -18.78 -0.41 -0.15 0.74 6061 
-27.90 -51.20 -109.89 -0.15 -0.14 0.51 6165 
-46.25 9.57 -24.63 0.78 -1.13 1.73 6269 
-10.44 34.11 28.50 0.15 -0.46 0.74 6374 
-5.40 -13.59 -16.72 -0.47 -0.06 0.65 6478 
35.06 -20.00 -101.21 -0.19 -0.21 0.61 6583 
-55.95 -24.33 -32.27 0.87 -1.20 1.79 6687 
-52.85 52.05 44.76 0.05 -0.51 0.96 6792 
-13.53 74.72 37.38 -0.17 -0.58 1.12 6896 
44.71 100.11 65.60 -0.14 -0.62 0.91 7001 
-22.24 76.44 43.40 -0.28 -0.31 0.63 7105 
-18.32 64.91 26.68 -0.40 -0.34 0.54 7209 
-17.27 67.03 36.35 -0.52 -0.33 0.48 7314 
-14.82 31.66 10.19 -0.73 -0.15 0.28 7418 
6.85 -5.04 -40.77 -1.08 0.07 0.20 7523 
33.72 -21.63 -72.92 -0.64 -0.24 0.32 7627 
-73.10 57.00 34.05 -0.29 -0.64 0.97 7732 
-44.80 48.62 31.68 -0.93 0.03 0.27 7836 
25.54 21.07 -29.98 -1.26 0.18 -0.05 7941 
6.69 -39.15 -117.34 -0.86 0.09 -0.10 8045 
41.91 -32.26 -46.53 0.12 -1.15 1.56 8150 
-13.44 3.51 -11.71 -0.59 -0.18 0.23 8254 
20.76 -53.70 -47.46 -0.65 -0.36 0.43 8358 
5.15 -83.61 -73.17 -0.54 -0.42 0.53 8463 
22.51 -119.99 -87.20 -0.43 -0.44 0.79 8567 
29.70 -80.87 -95.27 -0.19 -0.54 0.94 8672 
13.22 -83.29 -60.20 -0.11 -0.78 1.24 8776 
12.22 6.32 11.32 -0.23 -0.65 1.00 8881 
-9.02 -6.47 -67.61 -0.55 -0.19 0.87 8985 
-25.39 -89.49 -130.06 0.28 -0.33 0.50 9090 
48.49 9.02 42.98 0.86 -1.26 1.57 9194 
-23.57 39.86 38.79 0.16 -0.38 0.83 9298 
-20.48 4.32 -59.56 -0.68 0.09 0.57 9403 
-8.38 -77.88 -106.60 0.11 -0.52 0.96 9507 
15.08 55.37 27.06 0.59 -0.80 1.41 9612 
-80.61 65.89 57.54 -0.06 -0.62 0.88 9716 
23.93 34.60 36.05 -0.30 -0.55 1.00 9821 
30.11 61.27 54.32 -0.20 -0.45 0.83 9925 
-43.23 37.08 28.89 -0.26 -0.55 0.75 10030 
-14.99 61.12 39.91 -0.43 -0.48 0.70 10134 
-6.01 64.24 34.49 -0.48 -0.39 0.57 10238 
-8.28 38.10 12.71 -0.64 -0.25 0.51 10343 
7.73 26.75 1.27 -0.74 -0.19 0.46 10447 
26.12 12.70 -37.43 -1.05 0.15 0.16 10552 
6.82 -52.16 -116.27 -0.56 -0.27 0.42 10656 
-36.75 68.64 18.69 -0.14 -0.73 1.08 10761 
-23.18 61.92 50.09 -0.96 0.00 0.23 10865 
6.37 0.45 -49.70 -1.35 0.39 -0.09 10970 
53.63 -66.56 -123.79 -0.47 -0.38 0.33 11074 
-53.95 25.98 -10.66 -0.31 -0.57 0.67 11179 
-14.53 -54.76 -49.68 -0.69 -0.17 0.31 11283 
8.92 -64.18 -66.34 -0.58 -0.38 0.54 11387 
60.40 -82.23 -80.25 -0.51 -0.54 0.67 11492 
0.66 -104.45 -86.40 -0.23 -0.50 0.87 11596 
-2.10 -80.51 -76.01 -0.17 -0.64 0.97 11701 
2.17 -40.60 -66.15 -0.09 -0.94 1.28 11805 
15.32 4.89 -9.79 -0.32 -0.45 0.84 11910 
-28.79 -36.09 -103.60 -0.22 -0.20 0.63 12014 
0.62 -64.22 -58.19 0.81 -1.15 1.45 12119 
23.34 24.90 67.38 0.38 -0.49 0.91 12223 
-2.24 4.18 -14.53 -0.55 0.00 0.64 12327 
26.46 -30.45 -102.76 -0.12 -0.31 0.59 12432 
0.08 -41.87 -49.36 1.09 -1.19 1.64 12536 
-50.50 61.60 61.53 0.12 -0.52 0.99 12641 
-21.16 67.05 46.55 -0.13 -0.62 0.92 12745 
16.13 53.98 61.02 -0.22 -0.65 0.81 12850 
-0.78 70.14 40.09 -0.20 -0.54 0.86 12954 
-16.16 88.31 33.88 -0.31 -0.50 0.71 13059 
-10.47 73.27 39.56 -0.48 -0.31 0.55 13163 
-16.25 53.38 25.11 -0.70 -0.17 0.34 13267 
22.89 -3.24 -35.56 -0.96 0.01 0.35 13372 
46.63 -4.09 -75.96 -0.81 -0.09 0.18 13476 
20.64 -5.60 -15.83 -0.03 -0.85 1.32 13581 
-35.67 38.77 31.47 -0.88 -0.03 0.28 13685 
10.71 -1.68 -43.00 -1.27 0.15 0.09 13790 
10.49 -15.02 -69.19 -0.85 -0.03 0.07 13894 
59.54 -60.69 -48.27 0.15 -1.15 1.23 13999 
-8.31 -16.62 -1.64 -0.45 -0.24 0.24 14103 
-13.11 -94.02 -50.11 -0.70 -0.20 0.46 14208 
5.13 -112.71 -73.20 -0.52 -0.35 0.73 14312 
-60.60 -77.01 -80.06 -0.37 -0.74 0.88 14417 
3.21 -59.53 -88.71 -0.27 -0.62 0.84 14522 
16.00 -59.07 -66.14 -0.14 -0.81 1.20 14626 
18.36 13.07 6.33 -0.22 -0.71 0.98 14731 
-12.85 -3.25 -52.74 -0.42 -0.25 0.78 14835 
18.20 -26.53 -94.70 -0.01 -0.24 0.62 14940 
18.53 86.72 44.72 0.63 -1.21 1.18 15044 
-8.66 4.11 38.63 -0.12 -0.38 0.51 15149 
-15.49 -24.82 -74.95 -0.50 -0.10 0.76 15253 
18.62 -100.99 -108.69 0.43 -0.70 1.15 15357 
-6.03 45.04 34.88 0.36 -0.68 1.13 15462 
-11.93 24.88 29.95 -0.13 -0.55 0.97 15566 
-12.51 70.96 34.55 -0.14 -0.74 1.10 15671 
4.26 85.49 48.94 -0.21 -0.52 0.87 15775 
-7.12 81.44 46.79 -0.24 -0.50 0.68 15880 
-12.11 59.93 31.84 -0.40 -0.39 0.62 15984 
4.66 56.90 13.69 -0.55 -0.36 0.60 16089 
60.30 53.30 0.04 -0.85 -0.06 0.29 16193 
43.08 -4.94 -83.03 -0.94 0.01 0.19 16297 
50.86 -80.37 -111.79 0.04 -0.93 1.49 16402 
-56.99 59.48 60.36 -0.54 -0.26 0.57 16506 
-19.73 24.73 -5.98 -1.40 0.21 0.12 16611 
53.63 -31.31 -107.63 -0.86 0.02 -0.03 16715 
-34.44 -46.18 -40.91 0.14 -0.86 1.28 16820 
-23.91 -20.25 -10.41 -0.51 -0.22 0.28 16924 
8.87 -124.72 -57.15 -0.60 -0.31 0.48 17029 
26.40 -123.88 -81.61 -0.42 -0.30 0.91 17133 
1.67 -83.32 -41.22 -0.28 -0.44 1.01 17238 
-17.27 -48.23 -65.41 -0.14 -0.46 1.03 17342 
-3.96 -43.65 -43.15 -0.05 -0.69 1.06 17446 
13.56 0.01 -16.70 -0.02 -0.53 1.12 17551 
-6.15 22.37 -43.48 -0.36 -0.19 0.69 17655 
-43.17 -41.07 -125.53 0.03 -0.44 0.55 17760 
19.51 19.53 27.58 1.08 -1.23 1.40 17864 
36.11 29.48 36.63 0.19 -0.47 0.68 17970 
3.49 -10.31 -31.94 -0.47 -0.01 0.67 18074 
22.22 -53.33 -96.50 0.05 -0.36 0.76 18179 
6.58 78.92 46.85 1.00 -1.18 1.71 18283 
-56.63 84.09 36.11 -0.01 -0.62 1.04 18387 
-14.23 61.34 43.46 -0.12 -0.68 1.14 18492 
49.00 99.80 52.54 -0.13 -0.47 0.75 18596 
-12.88 72.89 24.47 -0.26 -0.22 0.65 18701 
4.48 78.85 4.10 -0.42 -0.32 0.64 18805 
15.22 70.67 -1.32 -0.61 -0.30 0.51 18910 
-4.99 33.85 -12.80 -0.74 -0.20 0.39 19014 
-2.30 5.12 -37.04 -1.04 -0.07 0.30 19119 
30.07 -2.57 -84.79 -0.98 -0.11 0.26 19223 
39.21 -70.56 -77.20 0.26 -0.96 1.39 19328 
-64.48 48.98 60.24 -0.58 -0.28 0.53 19432 
-6.45 29.79 8.27 -1.31 0.20 0.16 19536 
38.92 -32.20 -88.66 -1.13 0.05 0.07 19641 
33.04 -59.44 -114.18 -0.07 -0.78 0.96 19745 
-42.37 45.53 26.92 -0.39 -0.46 0.47 19850 
-13.47 -47.82 -17.98 -0.69 -0.21 0.39 19954 
-21.31 -65.44 -47.56 -0.65 -0.27 0.56 20059 
29.25 -72.87 -74.28 -0.48 -0.68 0.80 20163 
-15.08 -76.92 -53.23 -0.32 -0.74 0.85 20268 
6.92 -92.39 -43.07 -0.30 -0.63 1.10 20372 
24.22 -29.21 -21.76 -0.30 -0.59 1.06 20476 
3.05 -34.92 12.31 -0.39 -0.25 0.83 20581 
22.79 -35.68 -89.72 -0.32 -0.18 0.81 20685 
18.00 -76.48 -88.01 0.49 -0.87 1.41 20790 
14.79 38.45 14.05 0.61 -0.63 1.14 20894 
-8.73 22.31 24.66 -0.06 -0.43 0.81 20999 
-0.98 10.16 -60.41 -0.84 0.10 0.78 21103 
15.95 -30.48 -85.83 0.18 -0.49 0.78 21208 
-18.62 24.72 13.05 0.63 -0.84 1.13 21312 
-28.35 12.92 16.92 -0.13 -0.62 0.96 21416 
-3.03 45.20 28.86 -0.22 -0.68 1.08 21521 
7.18 67.34 52.11 -0.21 -0.51 0.96 21625 
-23.18 73.36 41.26 -0.21 -0.55 0.86 21730 
-1.79 100.31 53.40 -0.46 -0.21 0.66 21834 
-7.95 81.69 17.23 -0.60 -0.13 0.47 21939 
-11.78 48.06 -10.50 -0.62 -0.27 0.41 22043 
2.66 17.81 -17.03 -0.71 -0.19 0.32 22148 
24.13 -5.02 -52.86 -1.10 0.12 0.07 22252 
19.63 -69.21 -132.85 -0.82 0.01 0.36 22356 
48.36 10.50 -8.56 0.25 -0.99 1.46 22461 
-29.60 31.82 43.92 -0.85 -0.06 0.31 22566 
-5.67 2.33 -45.53 -1.38 0.15 0.21 22671 
23.04 -12.55 -95.92 -0.83 -0.00 0.15 22775 
43.57 -63.98 -65.19 0.15 -0.93 1.26 22880 
-16.12 -3.17 23.21 -0.46 -0.40 0.47 22984 
-5.66 -59.49 5.11 -0.76 -0.18 0.32 23089 
-19.06 -96.02 -53.34 -0.63 -0.18 0.66 23193 
-9.17 -105.89 -72.48 -0.45 -0.33 0.78 23298 
-10.46 -80.69 -42.98 -0.25 -0.56 0.89 23402 
7.95 -51.86 -58.44 -0.18 -0.64 1.21 23506 
-9.36 4.71 -37.27 -0.30 -0.54 0.95 23611 
23.28 -9.90 -35.79 -0.58 -0.35 0.77 23715 
-0.68 -38.82 -109.02 -0.16 -0.33 0.83 23820 
-20.47 -15.35 -44.15 0.79 -1.02 1.63 23924 
-21.15 51.44 36.89 0.17 -0.55 0.76 24029 
-8.95 -9.95 -17.26 -0.82 0.05 0.56 24133 
54.18 -32.41 -92.67 -0.33 -0.28 0.46 24238 
-71.44 27.34 -1.55 0.66 -1.50 1.96 24342 
-48.05 90.05 65.24 -0.08 -0.65 1.10 24446 
-7.11 74.91 45.45 -0.27 -0.42 0.87 24551 
36.40 58.86 27.58 -0.36 -0.40 0.68 24655 
-12.37 63.40 20.98 -0.41 -0.32 0.64 24760 
-14.85 74.47 -0.05 -0.54 -0.31 0.45 24864 
-7.70 22.98 -10.11 -0.58 -0.35 0.45 24969 
-4.82 21.24 -6.31 -0.61 -0.31 0.39 25073 
-27.29 -15.71 -27.56 -0.97 -0.07 0.34 25178 
15.05 -5.62 -78.47 -1.03 0.07 0.30 25282 
41.79 -57.40 -87.12 -0.00 -0.95 1.32 25387 
-34.34 53.73 51.43 -0.57 -0.38 0.57 25491 
-31.16 8.24 -1.52 -1.39 0.20 0.15 25595 
27.04 -17.80 -102.53 -0.97 0.13 0.08 25700 
50.84 -94.15 -83.78 0.09 -0.86 0.91 25804 
-20.46 -39.46 4.43 -0.41 -0.29 0.43 25909 
-20.21 -68.51 -34.93 -0.54 -0.29 0.59 26013 
-15.38 -97.73 -46.10 -0.51 -0.44 0.89 26118 
-10.60 -88.87 -28.93 -0.36 -0.48 0.84 26222 
-18.42 -59.82 -55.04 -0.25 -0.52 1.06 26327 
10.34 -48.05 -46.56 -0.08 -0.71 1.25 26431 
1.26 -5.52 -14.89 -0.16 -0.44 0.87 26535 
11.35 -23.70 -65.69 -0.40 -0.21 0.85 26640 
36.24 -73.23 -113.76 0.25 -0.69 1.03 26744 
16.17 39.47 30.81 0.65 -0.75 1.20 26849 
-0.40 13.22 45.15 -0.05 -0.31 0.67 26953 
-26.26 8.53 -56.66 -0.69 0.15 0.84 27058 
27.58 -30.30 -109.95 0.18 -0.42 0.80 27163 
5.16 48.40 35.26 0.63 -0.97 1.34 27268 
-27.02 54.12 31.13 -0.03 -0.51 0.96 27372 
-7.48 51.74 36.60 -0.19 -0.49 1.04 27476 
25.37 66.61 44.80 -0.21 -0.46 0.82 27581 
-14.91 61.27 3.79 -0.33 -0.30 0.70 27685 
-22.23 60.49 8.47 -0.40 -0.36 0.62 27790 
-26.49 47.47 10.18 -0.50 -0.31 0.51 27894 
-6.57 43.39 7.01 -0.69 -0.22 0.36 27999 
12.08 5.73 -46.29 -1.16 0.11 0.45 28103 
44.87 -10.15 -112.45 -0.62 -0.31 0.36 28208 
20.77 33.46 18.82 0.16 -1.09 1.18 28312 
-55.80 17.09 46.29 -0.78 -0.20 0.39 28417 
-11.08 16.36 -31.75 -1.39 0.26 0.30 28521 
45.05 -8.56 -113.79 -0.75 -0.09 0.09 28625 
14.24 -5.04 -2.85 0.40 -1.23 1.36 28730 
-41.43 -7.14 29.79 -0.59 -0.16 0.19 28834 
-13.40 -88.84 -23.77 -0.72 -0.27 0.50 28939 
4.47 -118.72 -55.95 -0.54 -0.29 0.79 29043 
-14.80 -86.21 -51.94 -0.43 -0.44 0.79 29148 
-20.73 -69.44 -66.13 -0.35 -0.50 0.97 29252 
45.04 -57.31 -31.27 -0.22 -0.55 0.86 29357 
32.60 -18.78 -23.14 0.03 -0.76 1.52 29461 
12.52 34.64 -35.18 -0.46 -0.04 0.88 29565 
7.69 -8.84 -120.69 -0.15 -0.39 0.63 29670 
-4.08 39.27 -13.56 0.93 -0.97 1.46 29774 
-29.71 30.34 46.89 -0.18 -0.39 0.71 29879 
-16.10 5.83 -44.16 -0.69 0.12 0.64 29983 
34.27 -72.00 -113.19 -0.12 -0.44 0.75 30088 
17.44 51.78 24.95 0.57 -0.99 1.51 30192 
-24.20 49.70 26.18 -0.17 -0.50 0.98 30297 
-23.86 83.83 37.80 -0.29 -0.46 0.86 30401 
12.89 51.13 26.88 -0.49 -0.32 0.70 30505 
-20.70 41.91 7.92 -0.51 -0.36 0.68 30610 
-9.85 50.66 11.70 -0.48 -0.37 0.53 30714 
1.67 21.96 11.53 -0.54 -0.42 0.47 30819 
9.46 25.15 7.99 -0.82 -0.12 0.35 30923 
45.49 5.24 -54.98 -1.15 0.22 0.27 31028 
51.59 -27.37 -117.42 -0.44 -0.51 0.45 31132 
-23.82 65.66 46.11 -0.15 -0.75 0.82 31238 
-47.27 22.63 49.41 -1.08 0.09 0.31 31342 
18.15 25.78 -38.63 -1.30 0.27 -0.01 31447 
-12.96 -64.70 -125.51 -0.56 -0.19 0.19 31551 
-10.69 -28.89 8.50 -0.09 -0.84 0.76 31655 
-19.34 -70.68 -30.24 -0.50 -0.14 0.31 31760 
21.86 -136.52 -85.23 -0.33 -0.51 0.87 31864 
-20.93 -106.31 -86.90 -0.27 -0.71 1.09 31969 
-0.78 -70.46 -52.53 -0.26 -0.67 1.02 32073 
21.60 -45.47 -28.54 -0.29 -0.64 1.09 32178 
62.07 -9.90 8.15 -0.19 -0.47 1.02 32282 
-7.87 -13.68 -33.73 -0.33 -0.19 0.77 32387 
-30.34 -11.55 -72.95 -0.20 -0.19 0.56 32491 
-26.34 -34.62 -50.86 0.79 -1.35 1.76 32595 
33.29 45.47 54.57 0.12 -0.45 0.77 32700 
-8.44 11.06 -64.22 -0.67 0.17 0.66 32804 
-25.72 -42.50 -113.92 0.05 -0.55 0.79 32909 
10.21 20.54 32.16 0.45 -0.99 1.26 33013 
-44.42 60.81 33.24 -0.12 -0.63 0.98 33118 
-24.67 71.56 38.77 -0.30 -0.56 0.93 33222 
12.68 61.35 45.00 -0.46 -0.42 0.79 33327 
7.51 34.40 15.05 -0.48 -0.45 0.71 33431 
21.31 36.14 13.17 -0.41 -0.43 0.63 33536 
19.63 57.05 19.31 -0.52 -0.28 0.49 33640 
-6.60 16.74 -21.44 -0.73 -0.10 0.33 33744 
45.24 8.97 -75.34 -1.06 0.04 0.37 33849 
38.15 -39.92 -118.66 -0.32 -0.58 0.56 33953 
-53.79 59.67 59.40 -0.22 -0.65 0.77 34059 
-53.13 13.50 2.37 -1.16 0.04 0.39 34162 
35.77 20.55 -59.04 -1.12 0.02 0.22 34268 
29.31 -27.12 -109.19 -0.30 -0.66 0.56 34372 
-54.85 36.12 30.31 -0.38 -0.68 0.65 34477 
-24.62 -49.05 11.03 -0.72 -0.22 0.45 34581 
-14.75 -69.53 -33.19 -0.65 -0.24 0.61 34685 
-7.57 -48.69 -69.06 -0.59 -0.31 0.67 34790 
28.12 -54.40 -90.30 -0.41 -0.43 0.69 34894 
27.48 -78.50 -74.38 -0.32 -0.46 0.77 34999 
8.47 -62.51 -65.85 -0.22 -0.56 0.93 35103 
-0.35 -26.88 -35.73 -0.08 -0.76 1.16 35208 
-1.79 -4.98 -44.20 -0.57 -0.21 0.84 35312 
12.93 -66.02 -127.21 -0.01 -0.31 0.57 35417 
9.29 21.57 6.50 0.99 -1.20 1.68 35521 
-29.78 13.03 46.84 -0.08 -0.45 0.60 35625 
-12.03 -17.59 -29.79 -0.69 0.04 0.75 35730 
25.47 -34.32 -93.65 -0.00 -0.29 0.64 35834 
-16.71 -12.50 -24.56 0.81 -1.00 1.65 35939 
-27.45 58.79 8.73 -0.00 -0.55 0.94 36043 
-9.37 52.85 5.70 -0.17 -0.68 0.99 36148 
12.50 71.95 45.04 -0.27 -0.54 0.85 36252 
-18.83 91.17 36.48 -0.31 -0.33 0.77 36357 
-22.60 69.19 26.94 -0.48 -0.37 0.62 36461 
5.61 59.89 18.81 -0.54 -0.41 0.46 36566 
4.11 46.18 3.90 -0.76 -0.17 0.29 36670 
14.92 -15.88 -55.95 -1.04 0.08 0.10 36774 
65.89 -94.60 -98.84 -0.27 -0.81 0.95 36879 
-55.81 66.76 50.19 -0.50 -0.41 0.64 36983 
13.40 41.83 23.24 -1.16 0.03 0.27 37088 
35.40 20.62 -57.75 -1.17 0.05 0.04 37192 
31.62 -72.21 -125.75 -0.37 -0.47 0.36 37297 
-34.37 24.31 34.21 -0.18 -0.52 0.76 37401 
22.26 -36.18 -9.13 -0.65 -0.02 0.20 37506 
4.26 -104.44 -59.18 -0.52 -0.38 0.60 37610 
12.60 -99.87 -76.18 -0.47 -0.43 0.81 37714 
-0.85 -93.38 -57.63 -0.39 -0.56 1.07 37819 
5.35 -40.08 -46.69 -0.28 -0.68 1.27 37923 
-18.10 -4.87 -23.13 -0.37 -0.40 0.88 38028 
9.73 10.92 -61.83 -0.45 -0.38 0.93 38132 
3.32 -80.80 -121.49 -0.02 -0.51 0.68 38237 
35.84 37.53 51.00 0.55 -0.99 1.16 38341 
1.96 3.68 26.77 -0.11 -0.29 0.56 38446 
3.02 -24.31 -54.06 -0.68 0.11 0.69 38550 
55.47 -86.32 -118.08 -0.07 -0.30 0.65 38654 
56.06 67.73 46.96 0.50 -0.97 1.40 38760 
-43.54 67.26 36.64 -0.13 -0.66 1.03 38864 
-32.11 67.85 45.82 -0.17 -0.72 0.97 38969 
-15.92 76.66 59.21 -0.24 -0.51 0.78 39073 
-68.85 86.40 41.04 -0.29 -0.31 0.67 39178 
-41.55 58.50 22.24 -0.52 -0.33 0.55 39282 
-21.21 48.38 15.62 -0.63 -0.31 0.49 39387 
-31.33 38.13 2.97 -0.66 -0.31 0.36 39491 
-12.05 1.92 -7.49 -0.79 -0.21 0.31 39596 
16.60 -30.76 -56.40 -1.18 0.14 0.23 39700 
88.85 -28.69 -93.80 -0.33 -0.55 0.84 39804 
-30.06 57.94 50.61 -0.46 -0.52 0.52 39909 
-41.79 4.16 8.73 -1.18 0.00 0.29 40013 
42.92 16.46 -64.20 -1.15 0.02 0.16 40118 
25.73 -10.30 -96.36 -0.50 -0.36 0.31 40222 
-7.34 15.60 8.12 -0.19 -0.81 0.72 40327 
15.66 -35.37 -8.29 -0.55 -0.21 0.27 40431 
13.28 -68.50 -34.05 -0.64 -0.27 0.55 40536 
-9.71 -124.56 -94.53 -0.58 -0.49 0.79 40640 
-8.64 -72.58 -72.19 -0.51 -0.45 0.76 40744 
20.36 -57.89 -65.83 -0.36 -0.48 0.76 40849 
22.27 -50.58 -49.53 -0.19 -0.73 1.01 40953 
25.01 -1.64 -13.73 -0.06 -0.82 1.29 41058 
27.72 9.28 -32.53 -0.60 -0.01 0.88 41162 
-12.03 4.56 -86.25 0.15 -0.61 0.77 41267 
17.97 49.09 29.78 0.69 -1.01 1.24 41371 
-28.51 2.50 68.98 -0.23 -0.24 0.64 41476 
-20.69 3.12 -80.09 -0.64 0.06 0.66 41580 
25.58 -82.45 -113.50 0.28 -0.60 1.09 41684 
2.93 39.95 37.23 0.24 -0.71 1.22 41789 
-27.50 50.14 23.76 -0.23 -0.51 1.11 41893 
-19.61 77.27 40.03 -0.28 -0.56 1.00 41998 
-15.00 62.40 31.06 -0.41 -0.39 0.75 42102 
-21.53 70.79 22.87 -0.42 -0.35 0.62 42207 
-28.63 39.55 7.83 -0.51 -0.43 0.60 42311 
-4.05 43.65 3.73 -0.49 -0.41 0.61 42416 
-14.47 48.50 10.37 -0.66 -0.22 0.35 42520 
16.63 1.69 -63.81 -1.09 0.07 0.27 42625 
71.24 -29.68 -118.85 -0.29 -0.78 0.74 42729 
-47.62 83.01 52.35 -0.33 -0.74 0.63 42833 
-36.34 9.77 23.09 -1.12 -0.01 0.20 42938 
22.83 7.56 -62.19 -1.24 0.06 0.11 43042 
40.26 -33.90 -116.50 -0.36 -0.72 0.58 43147 
8.78 23.64 11.71 -0.28 -0.71 0.50 43251 
-11.40 -69.37 -42.84 -0.59 -0.29 0.23 43356 
11.64 -121.69 -65.02 -0.43 -0.66 0.79 43461 
14.94 -69.98 -53.39 -0.41 -0.54 0.78 43566 
-1.56 -62.21 -77.40 -0.36 -0.74 0.93 43670 
22.17 -44.05 -34.98 -0.28 -0.75 0.95 43774 
30.66 -20.08 -5.39 -0.26 -0.63 0.91 43879 
36.98 -14.67 7.02 -0.38 -0.42 0.84 43983 
29.81 -10.87 -98.50 -0.46 -0.11 0.74 44088 
-23.33 -78.59 -127.47 0.58 -0.75 1.48 44192 
35.71 33.98 50.26 0.20 -0.69 0.79 44297 
-19.89 -29.50 24.82 -0.41 -0.22 0.70 44401 
27.77 5.49 -80.46 -0.50 -0.15 0.80 44506 
37.16 -61.87 -76.44 0.66 -1.16 1.57 44610 
-30.82 54.40 55.54 0.06 -0.67 0.97 44715 
-25.69 66.19 55.52 -0.27 -0.57 0.88 44819 
20.71 45.40 59.83 -0.35 -0.65 0.85 44923 
20.11 57.50 49.37 -0.26 -0.42 0.60 45028 
-19.55 55.00 43.44 -0.49 -0.27 0.50 45132 
-20.19 31.87 17.08 -0.59 -0.31 0.53 45237 
-27.49 33.06 14.95 -0.75 -0.17 0.40 45341 
65.27 10.18 -40.76 -1.18 0.23 0.26 45446 
71.05 -44.31 -104.38 -0.38 -0.61 0.68 45550 
-60.26 80.61 52.98 -0.40 -0.52 0.53 45655 
-53.06 -0.78 7.58 -1.42 0.25 0.29 45759 
64.21 30.17 -66.60 -1.09 0.25 0.01 45863 
36.26 -71.01 -85.69 0.34 -1.18 1.24 45968 
-55.38 -5.76 7.88 -0.47 -0.19 0.27 46072 
-1.99 -94.56 -84.20 -0.85 -0.04 0.33 46177 
39.02 -122.25 -114.29 -0.61 -0.36 0.78 46281 
6.95 -34.03 -60.11 -0.50 -0.55 0.77 46386 
16.63 -41.97 -69.95 -0.36 -0.64 0.88 46490 
-0.55 -28.67 -47.47 -0.32 -0.67 0.82 46596 
18.62 -45.60 -34.15 -0.26 -0.53 0.84 46700 
16.88 -15.05 -23.59 -0.15 -0.60 1.10 46804 
41.58 -49.95 -103.26 -0.45 0.14 0.85 46909 
11.06 -28.02 -115.10 0.71 -1.01 1.23 47013 
84.35 10.30 97.42 0.48 -0.75 0.78 47118 
-7.40 -15.17 61.09 -0.45 0.15 0.81 47222 
-2.81 -5.34 -113.33 -0.40 0.05 0.72 47327 
-16.95 -70.51 -90.56 0.93 -1.08 1.82 47431 
-47.87 79.82 47.82 0.14 -0.43 0.93 47536 
4.75 48.91 44.82 -0.26 -0.48 0.89 47640 
-15.13 78.27 52.59 -0.33 -0.42 0.96 47745 
-8.37 38.40 36.01 -0.42 -0.33 0.81 47849 
30.16 44.70 16.29 -0.23 -0.34 0.65 47953 
-24.15 57.18 12.68 -0.46 -0.24 0.58 48058 
-4.00 48.84 6.85 -0.62 -0.24 0.41 48162 
16.03 16.06 -27.51 -1.03 0.06 0.24 48267 
8.42 10.91 -116.59 -0.87 0.13 0.24 48371 
60.89 -65.59 -88.05 0.36 -1.60 1.11 48476 
-16.72 14.67 60.21 -0.38 -0.52 0.48 48580 
-27.63 -8.86 33.22 -1.08 0.16 0.31 48685 
39.24 44.13 -59.31 -1.37 0.34 0.37 48789 
29.63 -40.98 -117.04 -0.10 -0.84 0.57 48893 
-17.50 -9.24 27.57 -0.28 -0.37 0.32 48998 
-22.92 -106.79 -64.12 -0.63 -0.17 0.48 49102 
25.11 -108.81 -76.67 -0.41 -0.53 0.90 49207 
4.21 -77.90 -36.49 -0.31 -0.47 0.82 49311 
-20.43 -75.30 -83.34 -0.17 -0.64 1.20 49416 
3.93 -8.40 -41.24 -0.02 -0.81 1.16 49520 
4.43 0.60 -19.25 -0.30 -0.33 0.84 49625 
0.05 -9.16 -80.79 -0.28 -0.21 0.74 49729 
-18.50 -78.60 -92.58 0.73 -1.04 1.48 49833 
17.76 16.18 79.72 0.22 -0.62 0.93 49938 
16.73 3.39 1.99 -0.54 0.03 0.76 50042 
1.15 -18.55 -114.80 -0.29 -0.19 0.59 50147 
-38.22 -73.93 -89.80 0.70 -1.06 1.61 50251 
-40.68 69.86 35.11 0.11 -0.60 1.09 50356 
-23.18 58.57 44.08 -0.35 -0.63 0.94 50461 
-6.08 87.28 60.27 -0.28 -0.52 0.78 50566 
27.79 41.77 19.98 -0.36 -0.48 0.69 50670 
-11.98 52.07 18.87 -0.40 -0.44 0.77 50775 
-1.85 75.19 34.79 -0.45 -0.38 0.59 50879 
25.88 54.73 35.16 -0.53 -0.31 0.33 50983 
-13.84 24.95 -9.58 -0.90 0.09 0.32 51088 
29.90 8.37 -96.02 -1.09 0.11 0.24 51192 
61.09 -67.42 -75.45 -0.13 -0.96 1.18 51297 
-36.22 52.44 66.31 -0.59 -0.31 0.39 51401 
-46.44 -9.15 -22.00 -1.44 0.25 0.22 51506 
56.44 -4.94 -94.76 -0.86 -0.00 0.03 51610 
46.99 -63.40 -59.32 0.15 -0.98 1.01 51715 
-29.17 -45.26 -17.91 -0.47 -0.27 0.34 51819 
-2.18 -123.89 -80.51 -0.56 -0.49 0.48 51923 
10.12 -66.31 -60.21 -0.37 -0.67 0.78 52028 
25.15 -66.82 -72.67 -0.24 -0.80 1.00 52132 
25.15 -64.41 -60.89 -0.12 -0.74 1.08 52237 
8.30 -15.17 -22.38 -0.00 -0.74 1.21 52341 
-11.58 -1.40 -22.16 -0.26 -0.39 0.80 52446 
3.69 -26.33 -93.27 -0.31 -0.17 0.82 52550 
18.64 -41.56 -91.76 0.85 -0.98 1.39 52655 
48.98 -1.98 77.61 0.27 -0.50 0.88 52759 
43.14 -19.73 42.56 -0.49 -0.18 0.74 52864 
29.82 -16.21 -74.82 -0.39 0.04 0.63 52968 
-28.96 -84.31 -116.85 0.84 -0.89 1.84 53072 
-49.85 52.71 41.44 0.11 -0.65 0.97 53177 
-55.37 15.78 31.18 -0.28 -0.66 0.97 53281 
-8.51 63.79 46.48 -0.18 -0.62 0.92 53386 
18.75 65.19 40.78 -0.27 -0.37 0.73 53490 
-20.18 79.80 31.15 -0.24 -0.39 0.59 53595 
-23.62 64.93 30.34 -0.45 -0.35 0.46 53699 
-22.05 26.71 15.44 -0.71 -0.21 0.38 53804 
6.72 15.06 -34.90 -1.13 0.11 0.40 53908 
28.68 23.15 -116.74 -0.70 -0.12 0.24 54013 
14.48 45.95 18.16 0.02 -0.96 1.00 54118 
-48.67 4.86 48.44 -0.98 -0.02 0.26 54222 
11.60 19.35 -35.36 -1.36 0.26 0.26 54327 
27.67 -1.17 -116.48 -0.71 -0.04 0.12 54431 
44.66 -8.00 -21.67 0.20 -1.05 1.08 54536 
-3.34 -26.47 14.54 -0.53 -0.27 0.07 54640 
18.80 -136.50 -49.10 -0.68 -0.14 0.39 54745 
36.62 -112.56 -89.68 -0.55 -0.50 0.75 54849 
8.87 -79.01 -87.12 -0.39 -0.53 0.86 54953 
30.49 -61.34 -51.74 -0.20 -0.51 0.89 55058 
33.18 -72.52 -62.87 -0.05 -0.84 1.30 55162 
14.04 6.48 -9.35 -0.20 -0.57 1.00 55267 
11.53 -10.57 -70.56 -0.35 -0.15 0.80 55371 
-20.83 -67.05 -134.67 0.48 -0.87 1.16 55476 
18.79 47.96 101.76 0.43 -0.74 0.90 55580 
12.98 6.73 51.72 -0.46 -0.03 0.60 55685 
-10.27 -23.92 -104.69 -0.46 -0.08 0.65 55789 
17.56 -112.69 -132.03 0.44 -0.96 1.29 55894 
-14.84 75.00 62.50 0.28 -0.80 1.17 55998 
-18.68 63.05 46.62 -0.22 -0.54 1.05 56102 
-32.00 87.06 57.13 -0.22 -0.59 0.80 56207 
8.65 48.82 45.97 -0.23 -0.55 0.78 56311 
-27.83 74.40 51.52 -0.31 -0.47 0.62 56416 
-27.18 72.89 40.28 -0.49 -0.32 0.43 56520 
-13.53 40.62 25.17 -0.64 -0.21 0.35 56625 
-9.73 13.50 -28.69 -1.17 0.14 0.29 56729 
38.85 -0.39 -104.02 -0.91 -0.01 0.15 56834 
65.73 -23.91 -38.52 0.23 -1.43 1.46 56939 
-37.16 30.92 48.47 -0.74 -0.28 0.30 57043 
-4.63 13.31 -17.34 -1.42 0.23 0.09 57148 
35.42 -30.99 -113.31 -0.84 0.04 -0.06 57252 
127.06 -67.40 -24.21 0.42 -1.22 1.43 57357 
-18.29 -24.31 -0.85 -0.58 -0.09 0.16 57461 
-18.02 -98.24 -90.79 -0.72 -0.15 0.32 57566 
20.76 -117.89 -93.82 -0.42 -0.44 0.72 57670 
-30.91 -49.08 -83.41 -0.28 -0.67 0.91 57775 
7.31 -85.10 -89.34 -0.15 -0.87 1.09 57879 
16.18 -31.02 -27.58 0.06 -0.91 1.36 57984 
19.69 3.59 13.29 -0.20 -0.42 0.86 58088 
4.43 -5.44 -83.21 -0.31 -0.19 0.84 58192 
-25.64 -63.38 -117.40 0.44 -0.74 0.91 58297 
0.15 68.08 74.23 0.71 -0.72 0.78 58401 
16.39 -1.03 51.90 -0.22 -0.38 0.56 58506 
-12.27 10.49 -53.47 -0.61 0.00 0.71 58610 
13.66 -60.69 -122.19 0.09 -0.35 0.64 58715 
2.36 90.47 47.43 0.61 -1.20 1.45 58819 
-41.95 72.01 56.42 -0.11 -0.66 0.97 58924 
-2.11 32.77 50.93 -0.15 -0.63 0.87 59028 
16.73 70.94 78.82 -0.25 -0.52 0.71 59132 
-61.48 121.24 66.21 -0.37 -0.55 0.51 59237 
-15.27 66.11 31.17 -0.56 -0.25 0.41 59341 
-2.60 38.47 -6.58 -0.61 -0.24 0.42 59446 
-3.86 24.40 -8.05 -0.66 -0.23 0.34 59550 
23.63 -10.51 -45.13 -1.13 0.11 0.19 59655 
41.52 -18.43 -107.50 -0.60 -0.34 0.38 59759 
-46.60 52.42 21.17 -0.25 -0.89 0.92 59864 
-55.56 27.27 30.63 -1.02 -0.12 0.32 59968 
11.85 3.37 -36.27 -1.22 0.12 0.04 60072 