1.86 -13.79 -48.38 0.15 -0.25 0.79 5 
8.01 0.66 -45.44 0.49 -0.48 1.12 109 
29.88 -2.27 -20.44 0.16 -0.18 0.85 214 
18.66 3.31 -54.59 -0.12 0.01 0.80 318 
-17.82 -62.34 -116.60 0.76 -0.26 1.25 422 
-15.82 71.97 14.49 1.01 -0.63 1.17 527 
-35.44 27.31 24.39 0.25 -0.22 0.73 631 
-2.48 -21.90 25.97 -0.19 0.04 0.77 736 
11.57 -15.12 -72.39 -0.12 -0.03 0.54 840 
-48.72 -31.82 -87.85 1.30 -0.75 2.00 945 
-19.12 99.50 54.76 0.35 -0.42 1.23 1049 
-73.40 127.18 24.37 0.08 -0.10 1.08 1154 
-31.50 113.85 59.76 -0.17 -0.33 0.89 1258 
33.35 21.93 1.08 -0.10 -0.49 1.03 1362 
1.83 140.02 33.69 -0.13 -0.37 0.74 1467 
-6.94 101.10 31.92 -0.41 -0.22 0.45 1571 
6.95 77.78 9.37 -0.67 -0.05 0.33 1676 
-1.64 15.69 -44.79 -1.31 0.42 0.09 1780 
66.69 -42.98 -124.73 -0.53 -0.24 0.39 1885 
-45.48 51.95 22.93 -0.17 -0.54 0.84 1989 
-39.13 14.84 15.88 -0.98 -0.10 0.37 2094 
-12.17 38.18 -2.79 -1.17 0.15 0.25 2198 
19.13 -3.23 -66.09 -1.06 0.14 0.05 2302 
42.32 -15.89 -97.53 -0.46 -0.33 0.46 2407 
-95.73 45.94 18.09 -0.29 -0.53 0.66 2511 
3.68 -7.51 -27.58 -0.68 -0.14 0.10 2615 
19.37 -101.63 -60.43 -0.72 -0.11 0.16 2720 
-25.67 -153.50 -102.67 -0.35 -0.53 0.71 2825 
23.67 -96.89 -102.74 -0.30 -0.71 0.88 2929 
38.52 -124.24 -59.03 -0.14 -0.50 1.20 3034 
37.28 -25.45 -10.81 -0.21 -0.90 1.51 3138 
21.82 -41.15 -48.13 -0.49 0.09 0.64 3243 
13.86 -64.83 -110.43 0.12 -0.18 0.72 3347 
14.56 22.67 -11.09 1.03 -0.88 1.66 3451 
-16.35 68.24 24.56 0.32 -0.29 0.89 3556 
-24.21 -5.13 -22.31 -0.24 -0.11 0.59 3660 
14.85 -50.92 -83.75 -0.25 0.05 0.53 3765 
-102.36 -3.17 -53.41 1.07 -0.85 2.00 3869 
-60.24 144.08 36.82 0.07 -0.33 1.13 3974 
-16.84 117.66 21.40 -0.33 -0.42 0.92 4078 
-39.31 108.79 55.44 -0.00 -0.38 0.77 4183 
28.15 85.73 59.05 -0.10 -0.25 0.58 4287 
-21.60 143.34 48.80 -0.46 -0.03 0.33 4391 
-8.71 50.98 -0.61 -0.62 -0.08 0.33 4496 
-39.44 80.79 -3.17 -0.98 0.16 0.12 4600 
38.81 -60.50 -106.95 -1.18 0.39 0.07 4705 
126.79 -81.79 -94.21 0.08 -1.27 1.54 4809 
-50.40 66.64 33.69 -0.70 -0.30 0.34 4914 
-21.10 18.22 -9.66 -1.22 0.20 0.02 5018 
25.13 -37.97 -81.34 -1.10 0.24 -0.06 5123 
41.82 -57.47 -109.95 -0.23 -0.39 0.45 5227 
-106.57 54.10 31.77 -0.38 -0.55 0.50 5331 
3.21 -43.03 -17.96 -0.74 -0.05 0.14 5436 
1.91 -123.04 -50.11 -0.68 -0.04 0.45 5540 
-42.35 -98.77 -88.93 -0.47 -0.65 0.76 5645 
-27.32 -96.33 -66.82 -0.49 -0.82 1.08 5749 
10.63 -39.62 4.43 -0.32 -0.74 1.21 5854 
18.82 -36.26 -64.02 -0.59 -0.01 0.68 5958 
69.03 -55.91 -123.16 -0.08 -0.16 0.56 6063 
39.33 47.41 10.27 1.05 -1.20 1.88 6167 
-9.29 32.79 33.18 0.13 -0.27 0.74 6272 
-65.71 -13.50 -27.05 -0.39 -0.17 0.75 6376 
-2.50 8.21 -84.85 -0.32 0.01 0.44 6480 
-83.62 16.03 -56.18 1.02 -1.50 2.00 6585 
-75.80 105.74 69.56 -0.18 -0.53 0.95 6689 
26.13 43.16 58.52 -0.28 -0.74 0.93 6794 
23.34 72.16 77.09 -0.38 -0.73 0.93 6898 
26.98 72.68 59.57 -0.07 -0.22 0.48 7003 
-16.87 61.54 35.31 -0.39 -0.36 0.59 7107 
-19.90 71.40 28.49 -0.62 -0.15 0.36 7212 
-3.27 36.09 -21.33 -1.13 0.32 -0.02 7316 
3.15 -49.60 -105.60 -0.73 -0.02 0.12 7420 
11.02 48.79 18.24 -0.04 -0.68 1.19 7525 
-12.25 56.08 41.70 -0.95 -0.03 0.22 7629 
-11.60 6.78 -44.05 -1.34 0.36 -0.11 7734 
24.22 -55.50 -113.33 -0.86 0.10 0.08 7838 
76.60 -52.67 -57.56 0.07 -0.74 1.30 7943 
10.43 -3.24 9.49 -0.60 -0.28 0.12 8047 
3.86 -66.34 -29.47 -0.74 -0.20 0.21 8152 
12.79 -72.72 -57.47 -0.68 -0.13 0.45 8256 
6.12 -146.78 -72.36 -0.45 -0.20 0.94 8360 
-29.38 -107.21 -109.31 -0.41 -0.40 1.08 8465 
-5.50 -56.27 -68.17 -0.35 -0.87 1.26 8569 
23.36 -19.85 -46.34 -0.62 -0.11 0.58 8674 
-5.09 -119.51 -100.17 0.24 -0.82 1.38 8778 
26.46 66.60 46.55 0.50 -0.54 1.22 8883 
-21.15 1.11 23.15 -0.14 -0.27 0.53 8987 
-36.94 -29.81 -75.63 -0.67 0.18 0.60 9092 
-32.11 -115.18 -165.64 0.49 -1.51 1.89 9196 
17.06 109.01 89.81 0.07 -0.58 1.32 9300 
-14.55 83.79 50.18 0.01 -0.56 1.05 9405 
21.36 110.95 74.13 -0.05 -0.42 0.72 9509 
-26.11 127.34 44.36 -0.27 -0.10 0.67 9614 
-25.48 60.69 9.46 -0.51 -0.17 0.50 9718 
-12.82 68.08 -1.44 -0.55 -0.22 0.46 9823 
-6.80 41.99 -14.37 -1.18 0.24 -0.03 9927 
3.98 -59.24 -125.10 -0.67 -0.09 0.31 10032 
-53.79 67.10 9.62 -0.15 -0.61 0.98 10136 
-17.66 76.24 38.66 -1.03 -0.04 0.20 10241 
36.40 43.35 -27.91 -1.28 0.26 -0.33 10345 
30.24 -83.39 -107.27 -0.66 0.00 0.04 10449 
-15.30 -29.25 -19.94 -0.02 -0.64 1.03 10554 
-4.74 -18.24 -18.11 -0.59 -0.16 0.08 10658 
12.68 -94.08 -76.56 -0.59 -0.24 0.45 10763 
15.69 -137.20 -74.54 -0.65 -0.39 1.04 10867 
-7.58 -79.88 -46.37 -0.51 -0.43 0.96 10972 
-18.11 -58.59 -56.02 -0.30 -0.86 1.10 11076 
-3.73 -35.56 -16.68 -0.47 -0.43 0.81 11181 
4.57 -27.30 -98.40 -0.57 -0.02 0.75 11285 
45.04 -126.95 -112.42 0.51 -0.84 1.44 11389 
36.85 63.53 77.89 0.25 -0.51 0.99 11494 
26.88 -9.08 28.56 -0.31 -0.21 0.47 11598 
-0.44 -69.00 -52.28 -0.55 -0.07 0.64 11703 
18.76 -75.42 -74.07 0.64 -0.90 1.92 11807 
-66.57 132.13 56.93 0.21 -0.50 1.29 11912 
-53.61 -7.19 78.78 -0.09 -0.41 0.62 12016 
16.87 149.47 82.92 -0.41 -0.33 0.66 12121 
-1.60 98.80 42.76 -0.44 -0.23 0.50 12225 
14.38 30.04 8.50 -0.45 -0.28 0.45 12329 
4.43 38.43 6.18 -0.53 -0.33 0.49 12434 
24.76 45.09 0.01 -0.76 -0.05 0.29 12538 
-13.89 -16.47 -65.85 -1.22 0.16 0.15 12643 
77.52 -60.13 -86.46 -0.05 -0.91 1.40 12747 
-27.84 74.53 37.53 -0.57 -0.31 0.36 12852 
-42.56 18.55 7.85 -1.04 0.03 0.23 12956 
-2.89 3.64 -37.31 -1.38 0.30 -0.13 13061 
16.42 -70.18 -127.08 -0.65 -0.01 0.18 13165 
10.21 35.52 14.23 -0.02 -0.78 0.87 13271 
-13.43 16.96 -13.55 -0.62 -0.06 0.11 13375 
-3.42 -91.04 -87.98 -0.62 -0.24 0.44 13479 
79.15 -109.58 -73.05 -0.68 -0.52 0.70 13584 
-1.92 -105.72 -43.99 -0.64 -0.47 0.78 13688 
-5.82 -47.40 -59.76 -0.59 -0.57 0.96 13793 
17.70 -19.00 -50.80 -0.53 -0.48 0.86 13897 
-1.83 -113.29 -110.76 -0.62 0.01 0.50 14002 
63.71 -52.15 -59.07 0.81 -1.28 1.74 14106 
21.32 44.09 55.56 0.30 -0.50 0.97 14211 
-30.52 6.42 -7.11 -0.47 -0.21 0.48 14315 
-17.00 -27.42 -57.47 -0.58 -0.01 0.54 14419 
-7.09 -29.85 -59.96 0.70 -1.84 2.00 14524 
-68.73 109.95 59.89 -0.12 -0.61 1.17 14628 
-36.60 83.15 62.53 -0.36 -0.43 0.64 14733 
27.51 5.59 37.38 -0.36 -0.41 0.61 14837 
1.73 40.15 41.76 -0.33 -0.31 0.63 14942 
-4.47 47.35 12.14 -0.52 -0.19 0.63 15046 
12.33 48.60 -5.02 -0.52 -0.24 0.60 15151 
37.59 60.68 -15.26 -0.98 0.05 0.27 15255 
22.41 -17.53 -110.71 -0.84 -0.01 0.25 15360 
9.52 12.24 -7.19 -0.03 -0.58 1.24 15464 
-22.76 42.66 34.98 -0.89 -0.03 0.35 15568 
1.78 28.98 -30.80 -1.30 0.29 0.06 15673 
3.46 -2.87 -111.66 -0.76 0.05 -0.04 15777 
65.25 -101.71 -53.40 0.15 -0.91 1.18 15882 
24.15 -45.02 2.55 -0.45 -0.33 0.45 15986 
-0.98 -70.30 -25.84 -0.71 -0.39 0.51 16091 
-1.11 -79.08 -66.19 -0.65 -0.22 0.62 16195 
27.50 -102.47 -77.15 -0.42 -0.33 0.84 16300 
-2.36 -60.91 -65.45 -0.38 -0.73 1.26 16404 
-6.17 -5.04 -44.25 -0.29 -0.66 1.05 16508 
3.93 -31.21 -55.73 -0.49 -0.29 0.76 16613 
26.32 -115.00 -108.89 0.29 -0.60 1.06 16717 
32.17 50.62 68.96 0.52 -0.75 1.20 16822 
0.14 21.92 8.31 -0.33 0.06 0.50 16926 
-43.05 -51.43 -148.40 -0.27 -0.01 0.59 17031 
25.32 66.02 46.88 0.69 -1.43 1.82 17135 
-10.15 85.58 65.59 -0.06 -0.49 1.08 17240 
-21.21 60.46 39.76 -0.20 -0.52 0.87 17345 
10.36 69.92 40.94 -0.32 -0.37 0.67 17449 
-27.95 66.89 33.31 -0.48 -0.22 0.64 17554 
-1.40 52.82 3.99 -0.47 -0.35 0.70 17658 
1.81 62.82 11.47 -0.53 -0.30 0.57 17763 
-20.46 50.98 -2.85 -0.74 -0.09 0.35 17867 
-8.58 17.65 -28.70 -0.96 -0.03 0.24 17972 
10.21 -32.02 -88.02 -0.98 0.09 0.16 18076 
116.50 -60.66 -63.25 0.08 -1.18 1.39 18181 
-67.56 54.50 42.21 -0.71 -0.31 0.46 18285 
-5.16 25.85 -5.39 -1.23 0.15 0.08 18390 
38.25 -54.67 -106.74 -1.04 0.19 -0.05 18494 
60.73 -90.04 -113.18 -0.08 -0.88 0.81 18598 
-67.08 19.29 11.07 -0.53 -0.38 0.49 18703 
3.99 -36.88 -35.20 -0.68 -0.24 0.38 18807 
25.04 -55.83 -43.18 -0.55 -0.40 0.66 18912 
19.51 -96.37 -33.43 -0.58 -0.41 0.64 19016 
5.52 -101.43 -69.40 -0.47 -0.42 1.01 19121 
-4.44 -97.65 -67.64 -0.34 -0.42 0.86 19225 
25.24 -53.40 -37.77 -0.35 -0.70 1.07 19330 
15.60 -11.84 -35.95 -0.67 -0.02 0.93 19434 
2.85 -40.80 -122.73 0.03 -0.39 0.81 19538 
36.44 41.42 40.34 0.47 -1.10 1.47 19643 
32.63 -15.71 54.37 -0.08 -0.52 0.68 19747 
-26.06 -17.81 -13.36 -0.58 0.34 0.62 19852 
-9.20 -81.06 -132.77 -0.22 -0.28 0.87 19956 
2.62 99.29 55.31 0.40 -1.06 1.43 20061 
-39.51 54.96 40.00 -0.29 -0.38 0.85 20165 
-30.14 64.82 49.55 -0.30 -0.57 1.03 20270 
-16.56 98.50 48.69 -0.27 -0.44 0.78 20374 
1.30 82.15 36.05 -0.42 -0.27 0.57 20478 
14.28 58.76 29.53 -0.47 -0.35 0.55 20583 
-8.63 55.69 12.10 -0.84 -0.03 0.41 20687 
8.25 14.13 -78.09 -1.10 0.10 0.19 20792 
18.56 -88.17 -104.53 -0.41 -0.51 0.65 20897 
-65.33 70.08 59.60 -0.44 -0.42 0.70 21002 
-63.05 -1.34 27.86 -0.99 0.06 0.22 21106 
7.76 -14.63 -55.85 -1.21 0.17 0.41 21211 
37.79 37.30 -105.50 -0.65 -0.11 0.18 21315 
22.21 -1.79 -7.34 0.07 -0.90 0.90 21420 
0.09 -29.32 8.03 -0.61 -0.18 0.29 21524 
0.27 -70.34 -61.62 -0.72 -0.15 0.44 21628 
20.75 -72.72 -96.17 -0.51 -0.40 0.65 21733 
41.21 -80.62 -121.53 -0.33 -0.70 0.88 21837 
26.35 -82.45 -93.24 -0.27 -0.83 1.06 21942 
15.53 -11.08 -8.29 -0.26 -0.67 1.13 22046 
18.19 -1.66 -4.82 -0.35 -0.25 0.79 22151 
17.11 -39.88 -108.30 -0.26 -0.17 0.71 22255 
39.81 -48.38 -53.82 0.58 -1.06 1.61 22360 
2.93 37.37 76.19 0.53 -0.46 1.00 22464 
-27.38 3.43 -6.08 -0.37 0.18 0.68 22568 
-9.87 -28.68 -120.96 -0.14 -0.19 0.61 22673 
9.10 13.95 -4.99 0.81 -1.32 2.00 22777 
-27.37 85.90 41.35 0.04 -0.35 0.93 22882 
-20.47 43.22 14.89 -0.23 -0.45 0.73 22986 
18.11 49.46 24.43 -0.22 -0.50 0.96 23091 
24.12 55.58 5.78 -0.30 -0.47 0.85 23195 
3.60 94.98 31.28 -0.37 -0.35 0.63 23300 
-15.92 61.17 29.66 -0.51 -0.31 0.50 23404 
-11.55 43.14 18.59 -0.64 -0.20 0.41 23508 
4.07 3.10 -26.85 -0.93 -0.01 0.26 23613 
67.27 -12.53 -84.47 -0.75 -0.08 0.27 23717 
-52.79 32.48 -8.62 -0.06 -0.69 1.21 23822 
-40.56 58.15 35.73 -0.88 -0.19 0.39 23926 
26.13 35.29 -21.82 -1.29 0.24 -0.07 24031 
32.91 -59.60 -114.31 -0.71 -0.04 0.10 24135 
-35.46 -70.37 -59.90 -0.13 -0.45 0.62 24240 
-6.78 -32.85 -41.77 -0.44 -0.19 0.42 24344 
14.02 -85.54 -39.62 -0.50 -0.48 0.73 24449 
4.82 -74.16 -42.63 -0.35 -0.52 0.87 24553 
-9.62 -77.95 -33.53 -0.32 -0.60 0.95 24657 
2.34 -83.63 -53.55 -0.30 -0.59 1.12 24762 
-7.86 -44.51 -37.13 -0.23 -0.71 1.26 24866 
-14.18 3.95 -7.82 -0.31 -0.30 0.93 24971 
-23.83 -28.52 -111.07 -0.32 -0.09 0.72 25075 
24.84 -70.47 -72.88 0.68 -1.06 1.89 25180 
8.94 62.44 56.92 0.16 -0.44 0.88 25284 
-15.44 13.37 -4.59 -0.48 0.12 0.38 25389 
20.21 -70.00 -128.29 -0.28 0.08 0.33 25493 
-4.84 61.32 35.24 0.72 -1.56 2.00 25597 
-59.25 70.27 49.05 -0.26 -0.66 1.42 25702 
-6.53 80.71 47.77 -0.03 -0.60 1.00 25806 
6.34 162.95 73.02 -0.24 -0.32 0.47 25911 
9.14 57.65 19.65 -0.43 -0.22 0.29 26015 
-0.55 17.92 -3.17 -0.59 -0.23 0.42 26120 
-9.86 14.50 -1.47 -0.69 -0.21 0.45 26224 
-0.11 1.05 -30.36 -0.99 0.01 0.24 26329 
37.57 -40.32 -96.50 -0.82 -0.03 0.37 26433 
31.07 25.14 -10.62 0.01 -0.70 1.34 26537 
-55.16 62.05 44.46 -0.93 -0.01 0.32 26642 
5.60 6.96 -52.18 -1.31 0.44 -0.07 26746 
21.87 -40.39 -121.12 -0.30 -0.58 0.54 26851 
-70.97 68.47 48.92 -0.43 -0.60 0.52 26956 
5.60 -35.04 -16.24 -0.68 -0.02 0.11 27061 
12.04 -71.69 -81.83 -0.66 -0.21 0.49 27165 
18.78 -89.40 -91.35 -0.54 -0.51 0.82 27270 
3.31 -94.13 -68.18 -0.36 -0.48 0.82 27374 
21.41 -81.24 -52.11 -0.35 -0.51 0.93 27479 
9.31 -60.89 -42.18 -0.14 -0.83 1.58 27583 
9.02 -12.43 21.85 -0.31 -0.33 0.75 27687 
19.37 -74.14 -86.84 -0.34 -0.04 0.78 27792 
-1.37 -108.18 -109.47 0.75 -0.71 1.76 27896 
22.07 63.27 66.50 0.33 -0.41 0.82 28001 
-38.98 5.72 2.35 -0.48 0.21 0.53 28105 
-1.11 -65.41 -122.62 -0.09 -0.15 0.59 28210 
46.47 81.77 71.34 0.55 -0.99 1.58 28314 
1.47 97.17 23.34 -0.21 -0.32 0.91 28419 
-26.41 52.78 22.41 -0.35 -0.51 1.07 28523 
-11.96 119.20 46.49 -0.28 -0.36 0.86 28627 
-10.13 90.25 17.18 -0.30 -0.17 0.56 28732 
-31.12 61.50 11.08 -0.51 -0.21 0.50 28836 
-6.05 31.40 5.08 -0.62 -0.21 0.40 28941 
-4.63 -1.80 -33.00 -0.83 -0.01 0.23 29045 
10.22 -60.70 -115.42 -0.71 -0.07 0.39 29150 
35.50 38.76 -16.25 0.01 -0.69 1.37 29254 
-40.08 51.11 44.26 -0.85 -0.08 0.29 29359 
1.25 0.04 -39.69 -1.28 0.29 0.02 29463 
12.28 -16.51 -104.88 -0.55 -0.12 0.27 29568 
-46.72 -15.82 -12.77 -0.04 -0.73 0.88 29672 
-7.03 -60.92 -41.30 -0.48 -0.10 0.29 29776 
-3.14 -107.30 -56.51 -0.46 -0.31 0.78 29881 
7.18 -76.63 -64.21 -0.28 -0.59 1.01 29985 
-0.87 -91.03 -49.63 -0.20 -0.42 1.03 30090 
24.17 -89.82 -68.35 -0.05 -0.59 1.19 30194 
3.18 -32.56 -21.51 -0.13 -0.45 1.03 30299 
-8.31 -6.82 -68.97 -0.34 -0.10 0.74 30403 
-45.57 -79.89 -100.60 0.74 -0.80 1.44 30508 
32.82 71.21 77.67 0.45 -0.46 0.92 30612 
8.52 7.45 -12.12 -0.42 0.16 0.57 30716 
-31.04 -81.90 -118.81 0.00 -0.00 0.65 30821 
44.01 107.18 66.98 0.82 -1.25 1.38 30925 
-6.93 79.45 39.12 -0.19 -0.42 0.97 31030 
-18.56 74.24 45.52 -0.08 -0.77 1.18 31134 
-6.27 90.26 59.31 -0.08 -0.55 0.91 31239 
-24.45 74.26 55.65 -0.10 -0.44 0.69 31344 
-16.45 73.96 40.66 -0.34 -0.28 0.55 31449 
-26.37 60.56 20.00 -0.68 -0.14 0.46 31553 
-5.08 41.55 -12.95 -0.92 -0.01 0.19 31657 
-0.36 -39.44 -91.81 -0.70 -0.08 0.38 31762 
-7.68 69.31 20.51 -0.14 -0.73 1.13 31866 
-46.58 68.80 30.85 -1.01 -0.00 0.25 31971 
10.22 -17.42 -67.46 -1.25 0.18 -0.08 32075 
47.50 -82.18 -99.18 -0.11 -0.84 0.83 32180 
-58.31 4.73 3.48 -0.43 -0.29 0.50 32284 
-8.17 -47.73 -63.98 -0.71 -0.27 0.37 32389 
29.33 -99.08 -70.63 -0.51 -0.51 0.78 32493 
-17.38 -95.11 -62.52 -0.40 -0.56 0.84 32598 
44.33 -86.90 -53.79 -0.30 -0.69 1.04 32702 
36.85 -40.12 -31.24 -0.33 -0.55 1.01 32806 
-5.56 -32.96 -48.17 -0.42 -0.34 0.95 32911 
14.99 -48.90 -100.28 -0.13 -0.20 0.62 33015 
-20.18 7.00 -13.03 0.94 -1.09 1.80 33120 
-5.43 33.93 40.20 0.12 -0.49 0.69 33224 
-47.65 -22.53 -49.76 -0.47 0.14 0.72 33329 
33.53 23.13 -118.21 -0.12 -0.07 0.57 33433 
-3.05 53.91 12.76 0.89 -1.44 1.92 33538 
-46.74 75.31 41.04 -0.33 -0.47 1.00 33642 
-88.87 52.69 56.37 -0.18 -0.51 1.00 33746 
42.71 83.05 55.60 -0.11 -0.52 0.73 33851 
40.56 46.28 40.00 -0.22 -0.28 0.48 33955 
-32.51 57.56 24.56 -0.43 -0.23 0.43 34060 
0.79 25.05 -7.86 -0.73 -0.22 0.50 34164 
8.53 16.38 -20.25 -0.97 -0.14 0.50 34269 
44.36 25.26 -63.70 -0.91 -0.08 0.26 34373 
70.47 -55.66 -61.40 0.08 -1.15 1.39 34478 
-68.33 54.84 43.85 -0.73 -0.21 0.43 34582 
5.60 24.36 -10.66 -1.36 0.24 0.00 34686 
27.33 -42.92 -104.46 -0.84 0.05 0.03 34791 
54.99 -78.37 -59.87 0.17 -0.82 1.03 34895 
-6.68 -15.95 -5.27 -0.43 -0.28 0.35 35000 
-1.30 -101.44 -38.98 -0.73 -0.31 0.49 35104 
0.25 -75.08 -76.63 -0.54 -0.27 0.88 35209 
-13.74 -68.78 -88.95 -0.45 -0.51 0.92 35314 
10.92 -37.77 -63.45 -0.39 -0.61 0.95 35419 
16.47 -20.89 -38.21 -0.41 -0.54 0.88 35523 
12.01 -25.62 -10.31 -0.25 -0.57 0.93 35628 
8.67 -35.91 -42.02 -0.48 -0.16 0.69 35732 
42.21 -44.37 -99.24 -0.08 -0.31 0.61 35836 
7.14 42.29 14.02 0.65 -1.11 1.68 35941 
17.27 24.45 42.02 -0.08 -0.39 0.63 36045 
-18.03 -22.17 -48.18 -0.53 0.17 0.68 36150 
48.61 -59.56 -94.11 0.05 -0.60 1.16 36254 
16.24 84.60 57.44 0.07 -0.64 1.24 36359 
-19.85 63.13 26.63 -0.29 -0.52 1.03 36463 
-28.14 36.15 34.08 -0.33 -0.70 1.02 36568 
-21.79 70.11 51.62 -0.32 -0.40 0.78 36672 
-55.57 81.31 38.89 -0.41 -0.16 0.76 36776 
-18.35 60.27 31.65 -0.43 -0.28 0.55 36881 
-15.01 34.98 12.96 -0.52 -0.28 0.44 36985 
-40.77 9.50 -19.89 -1.06 0.29 0.30 37090 
73.73 6.37 -107.75 -0.91 0.06 0.22 37194 
11.69 -19.73 -39.98 0.26 -0.92 1.55 37299 
-79.74 45.80 50.53 -0.86 -0.08 0.29 37403 
-6.69 -4.92 -35.35 -1.30 0.33 0.11 37508 
59.02 -43.36 -113.69 -0.57 -0.09 0.24 37612 
-46.17 25.60 4.73 -0.21 -0.62 0.82 37716 
-2.05 -7.90 -25.98 -0.69 -0.05 0.15 37821 
-1.59 -112.15 -80.85 -0.56 -0.36 0.57 37925 
-22.21 -80.17 -70.61 -0.44 -0.45 0.85 38030 
3.11 -89.37 -75.19 -0.30 -0.50 0.93 38134 
-0.93 -64.32 -64.47 -0.22 -0.65 1.17 38239 
-2.98 -22.92 -31.57 -0.27 -0.65 1.06 38343 
-8.05 9.31 -37.96 -0.44 -0.19 0.86 38448 
14.58 -4.76 -84.78 -0.30 -0.21 0.66 38552 
-22.08 -42.44 -51.86 0.93 -0.92 1.89 38657 
-37.01 34.76 39.72 0.17 -0.42 0.87 38761 
-51.02 -2.39 -1.40 -0.53 0.11 0.63 38865 
48.52 -12.40 -97.92 -0.34 -0.03 0.40 38970 
-34.02 4.57 -20.60 0.80 -1.37 2.00 39074 
-67.17 56.01 20.78 -0.21 -0.43 1.06 39179 
-39.26 82.65 16.80 -0.19 -0.50 1.04 39283 
-18.78 84.02 46.93 -0.26 -0.43 0.73 39389 
15.53 49.81 27.41 -0.40 -0.25 0.55 39493 
55.27 39.05 4.18 -0.36 -0.47 0.60 39598 
-6.99 45.89 24.69 -0.51 -0.37 0.55 39702 
11.80 44.11 7.23 -0.71 -0.18 0.38 39806 
16.37 26.34 -39.99 -1.13 0.21 0.10 39911 
29.98 -21.71 -125.88 -0.67 -0.13 0.25 40015 
-71.97 65.60 7.91 -0.01 -0.83 1.16 40120 
-49.89 42.92 50.37 -1.00 -0.09 0.17 40224 
-9.66 -12.37 -52.53 -1.27 0.26 0.10 40329 
14.47 -22.42 -131.39 -0.35 -0.33 0.33 40433 
-52.36 3.11 23.89 -0.29 -0.52 0.54 40538 
9.77 -61.79 -15.45 -0.62 -0.19 0.26 40642 
-0.73 -111.35 -52.59 -0.53 -0.37 0.70 40747 
-14.89 -111.67 -73.09 -0.47 -0.40 0.88 40851 
-2.83 -80.25 -29.36 -0.35 -0.46 1.13 40955 
15.89 -57.85 -41.19 -0.30 -0.65 1.28 41060 
6.54 17.43 -6.47 -0.18 -0.54 1.15 41164 
0.53 8.73 -15.02 -0.38 -0.07 0.74 41269 
0.86 -23.67 -139.95 -0.17 -0.15 0.62 41373 
-2.19 0.02 -48.69 1.09 -1.27 1.80 41478 
-35.92 12.38 45.89 -0.00 -0.33 0.76 41582 
-42.38 -7.79 -49.77 -0.71 0.21 0.64 41687 
17.98 -13.95 -110.27 -0.07 -0.15 0.58 41791 
9.08 103.47 42.20 0.65 -1.51 1.65 41895 
-24.94 93.02 60.74 -0.36 -0.37 0.79 42000 
-47.84 117.91 44.85 -0.37 -0.80 0.99 42104 
-7.08 92.34 34.61 -0.40 -0.58 0.69 42209 
15.83 50.69 -11.18 -0.49 -0.31 0.56 42313 
-37.54 62.62 9.61 -0.52 -0.36 0.47 42418 
-8.85 37.65 3.10 -0.68 -0.31 0.40 42522 
4.54 1.73 -14.90 -0.72 -0.32 0.33 42627 
-21.44 -38.50 -62.54 -1.13 0.10 0.27 42731 
66.15 -42.13 -97.18 -0.81 -0.08 0.22 42835 
-64.81 91.13 23.60 -0.14 -0.74 0.94 42940 
-61.64 52.24 30.03 -1.10 -0.00 0.15 43044 
16.48 -22.54 -69.73 -1.27 0.15 -0.16 43149 
60.23 -99.84 -117.97 0.05 -0.81 0.88 43253 
-25.66 0.15 1.63 -0.39 -0.38 0.45 43358 
3.05 -61.11 -62.04 -0.52 -0.32 0.29 43462 
-23.35 -83.00 -37.45 -0.33 -0.60 0.96 43567 
-12.88 -75.28 -42.31 -0.31 -0.55 0.96 43671 
-23.89 -59.38 -40.10 -0.36 -0.78 1.11 43777 
7.85 -25.53 -14.64 -0.31 -0.60 0.94 43881 
22.48 -21.36 -30.33 -0.31 -0.41 0.91 43985 
-7.91 19.30 -27.74 -0.36 -0.35 1.07 44090 
-6.01 1.82 -123.96 -0.28 -0.25 0.51 44194 
-11.27 45.27 18.20 0.84 -1.39 1.62 44299 
-3.61 32.68 41.06 -0.09 -0.26 0.58 44403 
-17.71 -18.12 -83.50 -0.76 0.15 0.51 44508 
6.37 -138.31 -111.56 0.47 -0.95 1.58 44612 
-20.60 44.37 64.75 -0.05 -0.43 1.06 44717 
-51.51 13.29 29.42 -0.46 -0.45 1.03 44821 
-20.70 45.64 46.95 -0.32 -0.57 0.80 44925 
-2.76 76.84 49.89 -0.42 -0.42 0.70 45030 
6.44 22.84 28.24 -0.38 -0.42 0.67 45134 
7.06 37.24 30.19 -0.42 -0.36 0.52 45239 
20.53 47.46 -3.06 -0.71 -0.13 0.42 45343 
6.08 12.19 -62.84 -1.09 0.10 0.38 45448 
85.90 0.68 -121.71 -0.49 -0.50 0.53 45552 
-33.80 102.76 27.85 -0.27 -0.89 0.81 45657 
-69.60 29.18 32.24 -1.03 -0.10 0.24 45761 
-13.84 15.71 -42.34 -1.34 0.18 -0.03 45865 
22.70 -36.14 -114.60 -0.31 -0.53 0.44 45970 
-11.26 -20.26 -6.05 -0.03 -0.60 0.53 46074 
28.66 -74.07 -56.89 -0.58 -0.19 0.25 46179 
60.52 -109.11 -66.79 -0.45 -0.70 0.93 46283 
8.25 -74.82 -55.75 -0.43 -0.65 0.86 46388 
17.46 -73.85 -42.63 -0.34 -0.61 0.87 46492 
11.44 -75.62 -56.55 -0.22 -0.59 0.93 46597 
24.72 -65.59 -50.83 -0.12 -0.78 1.14 46701 
4.00 -14.70 3.80 -0.15 -0.47 1.02 46806 
0.15 -44.41 -81.90 -0.22 -0.26 0.99 46910 
22.89 -53.93 -71.53 0.41 -0.78 1.11 47014 
3.15 66.70 59.45 0.47 -0.74 0.93 47119 
0.95 22.17 30.02 -0.62 0.19 0.62 47223 
-9.79 -23.31 -114.63 -0.34 -0.08 0.54 47328 
6.44 -14.27 -43.59 0.95 -1.45 2.00 47432 
-32.50 79.24 68.73 -0.18 -0.47 1.07 47537 
-34.75 55.15 34.78 -0.10 -0.51 0.82 47642 
22.00 73.63 72.76 -0.18 -0.45 0.78 47747 
8.38 55.21 36.05 -0.42 -0.19 0.61 47851 
-3.52 53.02 7.27 -0.48 -0.31 0.59 47955 
-7.32 49.44 13.85 -0.50 -0.29 0.53 48060 
9.09 44.37 -4.96 -0.68 -0.12 0.33 48163 
20.02 -1.81 -107.03 -1.18 0.27 0.27 48269 
79.50 -37.87 -110.31 -0.24 -0.95 1.03 48373 
-20.04 80.79 66.26 -0.47 -0.53 0.56 48478 
-33.85 11.01 24.77 -1.28 0.12 0.20 48582 
20.86 2.53 -85.38 -1.06 0.16 0.12 48687 
31.77 -98.02 -112.27 -0.03 -0.94 0.93 48791 
-10.82 -7.37 14.03 -0.41 -0.34 0.28 48896 
4.55 -88.83 -49.00 -0.63 -0.36 0.44 49000 
12.11 -77.25 -58.42 -0.48 -0.53 0.82 49104 
-8.72 -96.75 -51.85 -0.46 -0.45 0.79 49209 
11.31 -93.21 -59.31 -0.25 -0.54 1.01 49313 
15.47 -40.40 -40.89 -0.09 -0.73 1.33 49418 
-1.79 5.40 -28.58 -0.42 -0.32 0.91 49522 
-16.10 -26.47 -122.21 -0.22 -0.20 0.71 49627 
44.12 -92.10 -72.74 0.92 -1.02 1.47 49731 
19.49 48.02 83.11 0.39 -0.54 0.86 49836 
-27.31 20.77 -17.09 -0.60 0.30 0.65 49940 
-31.84 -5.44 -137.12 -0.15 -0.18 0.70 50044 
-35.06 22.08 -40.41 0.81 -1.45 1.87 50149 
-42.03 78.89 61.24 -0.12 -0.57 1.04 50253 
-40.18 63.01 36.16 -0.27 -0.57 1.11 50358 
8.87 62.21 59.02 -0.24 -0.51 0.68 50462 
4.04 39.84 34.89 -0.42 -0.36 0.57 50567 
5.66 12.90 17.29 -0.44 -0.32 0.62 50671 
-6.29 48.25 24.64 -0.42 -0.35 0.67 50776 
-20.51 55.56 3.72 -0.71 -0.12 0.40 50880 
-13.06 1.35 -65.78 -1.09 0.17 0.42 50984 
41.21 51.44 -108.72 -0.63 -0.32 0.34 51089 
9.53 29.56 0.35 0.16 -1.22 1.08 51193 
-45.85 50.18 59.54 -0.80 -0.25 0.28 51298 
-13.77 -7.16 -23.89 -1.43 0.26 0.13 51402 
41.71 -16.24 -104.92 -0.77 0.03 0.03 51507 
4.29 -79.68 -51.04 0.36 -0.93 1.07 51611 
-18.14 -14.47 5.92 -0.44 -0.04 0.33 51716 
12.53 -108.31 -66.35 -0.72 -0.26 0.52 51820 
-1.08 -117.50 -88.68 -0.45 -0.60 0.95 51926 
27.91 -93.32 -42.39 -0.26 -0.45 0.97 52030 
9.27 -71.01 -60.32 -0.26 -0.55 1.03 52134 
3.59 -27.88 -28.30 -0.13 -0.63 1.11 52239 
0.21 -11.27 -37.67 -0.40 -0.20 0.87 52343 
-34.71 -37.18 -103.37 -0.10 -0.27 0.49 52448 
14.37 -21.88 -33.30 0.91 -1.16 1.75 52552 
2.40 39.34 58.92 0.14 -0.46 0.84 52657 
-26.42 6.42 -35.30 -0.60 0.07 0.72 52761 
18.06 -20.88 -112.73 -0.04 -0.26 0.52 52866 
4.76 10.47 -4.37 0.71 -1.30 1.72 52970 
-31.31 69.61 36.08 -0.07 -0.55 1.07 53074 
-50.50 83.82 34.71 -0.16 -0.50 0.95 53179 
-25.54 82.05 57.14 -0.28 -0.39 0.73 53283 
3.05 49.85 18.31 -0.35 -0.32 0.69 53388 
5.63 87.05 16.58 -0.41 -0.38 0.65 53492 
4.14 52.19 4.32 -0.48 -0.31 0.53 53597 
12.39 37.52 -16.15 -0.85 -0.07 0.16 53701 
17.24 -15.82 -70.06 -1.08 0.04 0.10 53806 
42.84 -71.59 -99.56 -0.15 -0.87 1.09 53910 
-40.60 93.90 77.33 -0.53 -0.51 0.65 54014 
-39.28 28.54 16.53 -1.25 0.06 0.12 54119 
8.36 -5.35 -93.51 -1.15 0.14 0.05 54223 
37.98 -47.11 -113.09 -0.04 -0.90 0.79 54328 
-9.69 42.66 49.08 -0.38 -0.55 0.36 54432 
-4.18 -55.82 -24.23 -0.61 -0.30 0.21 54537 
7.52 -104.19 -54.05 -0.54 -0.29 0.75 54641 
0.33 -68.46 -68.25 -0.51 -0.47 0.91 54746 
2.47 -73.12 -73.19 -0.43 -0.59 0.91 54850 
-2.27 -34.11 -53.60 -0.24 -0.90 1.25 54955 
-13.10 -9.55 -30.03 -0.55 -0.35 0.84 55059 
22.80 -17.13 -85.01 -0.42 -0.27 0.70 55163 
83.41 -85.33 -72.72 0.69 -1.14 1.45 55268 
19.53 58.38 70.48 0.29 -0.46 1.02 55372 
-24.08 -0.89 10.64 -0.38 -0.21 0.62 55477 
-1.06 -5.99 -30.44 -0.72 0.05 0.63 55581 
49.19 -33.76 -96.66 -0.19 -0.13 0.40 55686 
40.85 94.01 74.92 0.52 -1.42 1.75 55790 
-4.80 -0.53 54.63 -0.61 -0.58 1.09 55895 
-1.98 53.03 58.50 -0.27 -0.43 0.88 55999 
-0.11 69.60 59.99 -0.42 -0.35 0.69 56103 
-17.73 87.51 34.82 -0.47 -0.26 0.53 56208 
-23.95 65.14 5.36 -0.67 -0.18 0.37 56312 
-9.47 15.90 -16.81 -0.61 -0.31 0.44 56417 
-16.73 15.12 -7.13 -0.77 -0.21 0.31 56521 
28.26 -9.07 -28.58 -1.01 -0.03 0.27 56626 
52.53 -10.48 -91.85 -1.00 -0.05 0.25 56730 
15.76 -86.54 -97.67 -0.09 -0.83 1.14 56835 
-42.30 69.69 51.70 -0.54 -0.56 0.72 56939 
-55.75 29.95 30.21 -1.30 0.09 0.25 57043 
35.45 -17.78 -100.75 -1.22 0.12 -0.03 57148 
45.39 -73.05 -113.59 -0.05 -0.78 0.83 57252 
-41.98 49.64 41.32 -0.31 -0.56 0.48 57358 
-13.87 -35.88 28.27 -0.50 -0.31 0.25 57462 
-24.83 -72.92 -12.05 -0.77 0.06 0.46 57567 
-22.72 -116.10 -92.66 -0.76 -0.22 0.63 57671 
3.60 -89.80 -82.69 -0.65 -0.46 0.98 57776 
36.69 -75.23 -46.54 -0.29 -0.79 1.28 57880 
4.93 -14.02 -4.10 -0.19 -0.54 1.14 57985 
0.21 -1.21 -18.54 -0.24 -0.34 0.83 58089 
15.52 -16.29 -57.44 -0.41 -0.16 0.86 58193 
1.49 -54.09 -115.55 -0.00 -0.22 0.64 58298 
-23.12 72.31 37.13 0.75 -1.37 1.42 58402 
-18.21 15.04 48.08 -0.19 -0.17 0.64 58507 
-36.15 -12.72 -58.82 -0.65 0.17 0.71 58611 
43.04 -5.88 -113.99 -0.14 -0.33 0.73 58716 
-9.56 85.03 25.55 0.56 -1.52 1.68 58820 
-15.37 68.39 74.69 -0.19 -0.56 1.00 58925 
-25.70 83.47 47.20 -0.22 -0.47 0.90 59029 
32.58 70.05 36.59 -0.32 -0.43 0.68 59133 
-20.58 64.60 30.14 -0.50 -0.27 0.61 59238 
-33.14 61.21 12.89 -0.61 -0.35 0.53 59342 
9.93 60.62 7.92 -0.66 -0.27 0.36 59447 
-0.84 26.44 -9.65 -0.68 -0.24 0.32 59551 
-12.89 0.73 -59.42 -1.10 0.13 0.23 59656 
82.50 -10.66 -110.44 -0.92 -0.19 0.23 59760 
22.08 -65.08 -57.12 0.29 -1.19 1.50 59865 
-71.92 50.32 45.33 -0.75 -0.28 0.25 59969 
-16.60 6.05 -17.43 -1.33 0.15 0.00 60073 