-2.21 -6.20 -9.03 -0.03 -0.45 0.87 5 
-9.33 3.57 -55.81 -0.21 -0.27 1.06 109 
-9.97 22.24 -114.33 -0.00 -0.16 0.87 214 
-18.76 -26.97 -71.69 0.96 -1.04 1.43 318 
5.26 2.51 46.07 0.29 -0.41 0.93 422 
-36.53 -26.78 -44.89 -0.55 -0.09 0.90 527 
16.19 10.24 -73.98 -0.23 -0.18 0.84 631 
18.26 -1.18 -64.89 0.75 -0.91 1.43 736 
-18.07 42.79 24.59 0.27 -0.64 0.99 840 
13.28 84.82 14.45 -0.25 -0.41 1.23 945 
-34.09 81.71 51.49 -0.21 -0.53 1.06 1049 
7.47 45.46 40.63 -0.26 -0.45 0.79 1154 
-36.61 76.98 40.15 -0.22 -0.26 0.64 1258 
-19.50 75.39 33.40 -0.38 -0.28 0.59 1362 
-20.78 34.08 19.11 -0.57 -0.37 0.48 1467 
7.44 60.53 19.33 -0.70 -0.29 0.39 1571 
21.98 30.59 -14.43 -1.37 0.44 0.07 1676 
42.98 -25.07 -133.91 -0.65 -0.06 0.22 1780 
-50.41 50.60 -0.60 0.10 -0.74 1.07 1885 
-57.60 43.14 42.64 -1.07 0.10 0.07 1989 
-5.18 5.43 -43.03 -1.52 0.39 -0.07 2094 
4.44 -37.69 -107.40 -0.79 0.05 -0.04 2198 
12.56 -38.18 -14.39 0.23 -1.10 1.05 2304 
-3.55 -28.59 3.48 -0.54 -0.14 0.16 2407 
-0.30 -77.90 -51.08 -0.73 -0.18 0.32 2511 
-3.44 -133.82 -91.85 -0.53 -0.23 0.55 2617 
-26.56 -112.37 -107.11 -0.33 -0.47 0.72 2721 
18.53 -100.53 -97.55 -0.28 -1.03 1.19 2826 
27.16 -35.83 -11.58 -0.11 -0.88 1.26 2930 
33.73 -15.43 7.79 -0.18 -0.53 0.93 3035 
1.27 6.85 -44.34 -0.49 -0.12 0.96 3139 
1.69 -24.49 -118.98 -0.04 -0.24 0.59 3244 
13.79 -95.79 -33.86 0.98 -0.93 1.28 3348 
-17.08 43.42 37.27 0.37 -0.50 0.87 3452 
-10.11 -0.15 -9.14 -0.68 0.05 0.81 3557 
1.15 -6.55 -101.58 -0.31 -0.19 0.68 3661 
47.81 -59.50 -78.95 0.82 -0.97 1.43 3766 
-6.41 49.53 20.30 0.36 -0.64 1.05 3870 
1.21 82.79 22.21 -0.08 -0.53 1.16 3975 
-31.42 92.25 33.63 -0.28 -0.56 0.93 4079 
2.79 71.66 38.95 -0.29 -0.52 0.87 4184 
-15.09 77.81 61.00 -0.32 -0.25 0.56 4288 
-18.13 94.17 39.28 -0.47 -0.32 0.39 4392 
7.74 42.43 15.40 -0.52 -0.38 0.41 4497 
-38.79 21.84 -0.83 -0.88 -0.09 0.35 4601 
-16.02 9.87 -67.89 -1.30 0.17 0.32 4706 
29.72 8.00 -100.60 -0.42 -0.54 0.38 4810 
-63.29 66.24 66.51 -0.20 -0.71 0.69 4915 
-59.91 19.95 16.74 -1.26 0.08 0.17 5019 
32.63 9.03 -69.16 -1.34 0.12 -0.09 5124 
108.02 -25.19 -65.08 -0.55 -0.40 0.18 5228 
-54.44 42.94 24.68 -0.11 -0.70 0.72 5332 
-16.84 -18.48 -29.99 -0.77 -0.14 0.05 5437 
-1.81 -78.79 -62.75 -0.61 -0.34 0.32 5541 
-17.70 -83.71 -67.98 -0.48 -0.51 0.65 5646 
-3.35 -111.34 -61.02 -0.43 -0.68 0.87 5750 
18.39 -69.35 -47.05 -0.30 -0.92 1.37 5856 
-12.69 -15.67 -7.59 -0.44 -0.42 0.80 5960 
16.24 -7.35 -52.30 -0.68 -0.10 0.83 6065 
29.92 -57.55 -123.01 -0.05 -0.48 0.83 6169 
24.57 28.08 9.43 0.81 -1.10 1.29 6274 
-18.85 5.83 34.98 -0.10 -0.51 0.67 6378 
-39.88 -1.08 -30.84 -0.90 0.00 0.88 6482 
25.92 -3.89 -86.50 -0.25 -0.34 0.55 6587 
3.39 3.44 -64.42 0.47 -1.28 1.40 6691 
-17.85 46.59 9.26 -0.17 -0.63 0.93 6796 
-4.75 73.24 15.61 -0.39 -0.60 1.00 6900 
-28.81 89.44 33.98 -0.46 -0.61 0.83 7005 
-8.58 57.64 14.63 -0.44 -0.58 0.71 7109 
-14.12 75.58 44.69 -0.42 -0.54 0.51 7214 
-6.75 56.60 33.34 -0.47 -0.45 0.41 7318 
-22.73 50.85 22.57 -0.75 -0.18 0.25 7422 
-3.06 8.92 -23.42 -1.20 0.11 0.16 7527 
24.40 7.44 -110.69 -0.94 -0.11 0.03 7631 
63.07 -67.06 -41.63 0.21 -1.38 1.53 7736 
-59.80 30.89 61.04 -0.69 -0.20 0.21 7840 
-38.47 -18.63 -11.72 -1.44 0.23 0.04 7945 
36.86 11.69 -84.27 -1.24 0.09 0.02 8049 
60.00 -72.63 -112.84 -0.25 -0.88 0.63 8154 
-34.90 47.50 39.19 -0.43 -0.43 0.29 8258 
17.29 -62.29 -48.89 -0.71 -0.16 0.10 8363 
15.21 -95.76 -70.37 -0.59 -0.37 0.57 8467 
2.58 -107.70 -74.53 -0.46 -0.45 0.71 8571 
1.64 -96.91 -97.40 -0.35 -0.65 0.84 8676 
25.92 -93.52 -29.10 -0.23 -0.91 1.09 8780 
12.95 -43.58 -8.11 -0.40 -0.44 1.05 8885 
9.50 38.67 -54.66 -0.64 -0.16 0.84 8989 
18.65 -56.59 -128.29 0.33 -0.68 0.90 9094 
23.08 1.92 15.60 0.98 -0.81 1.17 9198 
-15.24 0.22 40.78 -0.13 -0.26 0.78 9303 
-32.25 -6.55 -82.24 -0.80 -0.07 0.86 9407 
40.69 -54.76 -92.78 0.25 -0.63 1.08 9511 
-15.17 10.42 -5.98 0.65 -0.50 1.20 9616 
-1.62 47.18 40.89 0.00 -0.77 1.02 9720 
-3.37 55.58 49.58 -0.24 -0.62 0.99 9826 
-23.09 77.21 45.75 -0.28 -0.60 0.83 9930 
11.63 68.34 30.33 -0.36 -0.50 0.69 10035 
-26.69 70.71 35.26 -0.45 -0.38 0.56 10139 
-17.15 58.61 19.91 -0.47 -0.33 0.51 10244 
-21.00 46.29 20.70 -0.73 -0.19 0.26 10348 
8.27 -18.43 -72.93 -1.35 0.29 0.06 10452 
42.17 -32.61 -93.99 -0.22 -0.71 1.07 10557 
-39.19 84.37 58.24 -0.35 -0.64 0.69 10661 
-58.24 31.08 40.32 -1.14 -0.05 0.17 10766 
20.84 39.05 -43.23 -1.42 0.22 -0.19 10870 
30.53 -49.64 -106.10 -0.69 -0.25 0.10 10975 
0.51 -23.31 -23.37 -0.01 -0.86 0.95 11079 
-14.76 -26.24 -7.77 -0.78 -0.13 0.07 11185 
14.64 -77.82 -53.69 -0.66 -0.24 0.26 11289 
-26.30 -80.69 -83.57 -0.43 -0.31 0.48 11394 
14.49 -137.08 -97.15 -0.28 -0.42 0.80 11498 
2.65 -135.35 -84.55 -0.45 -0.90 1.49 11602 
40.89 -27.56 22.34 -0.35 -0.95 1.15 11707 
10.24 10.03 -25.21 -0.74 -0.05 0.81 11811 
-14.89 -33.95 -140.03 -0.32 0.00 0.36 11916 
-34.12 -0.15 -82.54 0.94 -1.36 1.57 12020 
31.09 10.82 65.27 0.32 -0.63 0.86 12125 
26.44 1.99 28.98 -0.50 -0.22 0.77 12229 
2.88 10.92 -67.16 -0.63 -0.19 0.68 12335 
21.63 -67.36 -89.69 0.37 -0.72 1.18 12439 
-70.63 34.64 -18.74 0.23 -0.69 1.20 12544 
5.40 55.36 12.30 -0.20 -0.65 1.18 12648 
8.69 81.18 34.37 -0.22 -0.59 1.05 12752 
-6.67 84.02 23.96 -0.34 -0.41 0.80 12857 
21.44 65.63 46.08 -0.38 -0.29 0.27 12961 
-13.98 76.79 22.61 -0.43 -0.31 0.44 13066 
-19.15 66.87 23.15 -0.62 -0.25 0.27 13170 
-18.99 -9.34 -2.73 -1.16 0.10 -0.03 13275 
34.51 -3.05 -85.32 -0.91 -0.02 0.17 13379 
-34.19 -6.20 -4.53 0.22 -1.04 1.31 13484 
-54.45 36.85 45.60 -0.96 0.06 0.17 13588 
26.52 20.31 -49.92 -1.38 0.18 -0.07 13692 
-11.76 -83.34 -98.24 -0.80 -0.17 0.11 13797 
9.73 -1.11 -7.22 -0.18 -0.66 0.68 13901 
1.46 -42.07 -52.87 -0.55 -0.15 0.14 14006 
32.53 -77.77 -69.50 -0.46 -0.45 0.51 14111 
-20.70 -127.47 -70.47 -0.48 -0.60 0.72 14216 
40.89 -107.10 -67.34 -0.32 -0.65 0.88 14320 
27.25 -82.40 -62.73 -0.19 -0.69 1.02 14425 
5.78 -80.31 -45.95 -0.15 -0.72 1.08 14529 
-15.69 -20.40 -39.04 -0.47 -0.17 1.20 14633 
-13.79 39.52 -91.20 -0.22 -0.34 0.85 14738 
24.77 -14.78 -50.76 0.93 -0.83 1.20 14842 
-4.27 20.67 35.15 0.31 -0.50 0.89 14947 
-32.07 -5.76 -7.04 -0.68 0.03 0.82 15051 
-4.89 -0.71 -93.70 -0.32 -0.23 0.58 15156 
-26.79 -33.82 -49.56 0.83 -1.07 1.44 15260 
-42.82 28.44 -0.55 -0.00 -0.48 1.12 15365 
-19.18 86.13 11.11 -0.22 -0.70 1.17 15470 
-4.08 86.71 46.98 -0.21 -0.64 0.93 15575 
-3.98 94.39 32.70 -0.28 -0.45 0.67 15679 
-2.15 78.94 17.01 -0.38 -0.36 0.54 15783 
2.55 72.20 20.87 -0.50 -0.34 0.41 15888 
-30.05 30.47 9.38 -0.89 -0.16 0.23 15992 
1.18 -1.11 -61.40 -1.18 0.05 0.15 16097 
63.32 -11.85 -79.45 -0.23 -0.97 0.91 16201 
-73.71 74.27 57.01 -0.43 -0.54 0.49 16306 
-44.03 13.37 13.07 -1.26 0.04 0.05 16410 
7.91 -24.52 -65.44 -1.28 0.09 -0.10 16515 
55.85 -50.26 -84.11 -0.41 -0.51 0.42 16619 
-49.31 13.57 4.25 -0.31 -0.53 0.58 16723 
16.07 -34.55 -21.25 -0.72 -0.24 0.33 16828 
-2.07 -56.60 -40.40 -0.61 -0.32 0.41 16932 
13.73 -84.26 -62.22 -0.54 -0.33 0.49 17038 
-8.74 -86.79 -76.67 -0.40 -0.47 0.79 17142 
-7.11 -81.53 -53.31 -0.37 -0.80 1.15 17247 
1.24 -33.08 -8.60 -0.45 -0.51 0.93 17351 
15.02 -5.40 -54.26 -0.68 -0.17 0.82 17456 
-12.54 -59.01 -130.03 0.03 -0.69 0.92 17560 
7.37 33.64 5.67 0.79 -0.89 1.02 17665 
-16.77 -9.43 23.65 -0.17 -0.41 0.73 17769 
-28.43 -4.63 -54.15 -0.75 -0.02 0.84 17873 
34.56 -20.41 -92.11 0.09 -0.43 0.68 17978 
-34.34 13.50 -8.64 0.71 -1.04 1.80 18082 
4.34 48.56 34.40 -0.12 -0.59 0.99 18187 
-18.50 75.95 30.55 -0.17 -0.56 1.00 18291 
-24.91 78.54 34.91 -0.32 -0.56 0.89 18396 
-18.34 89.06 23.62 -0.39 -0.41 0.72 18500 
-25.16 81.34 30.26 -0.47 -0.47 0.49 18606 
-15.54 54.98 28.66 -0.47 -0.42 0.39 18710 
-6.35 13.96 -16.50 -0.99 0.07 0.18 18814 
47.88 -12.51 -99.10 -0.89 -0.03 0.17 18919 
16.65 -19.34 -34.63 0.23 -1.03 1.47 19023 
-57.18 53.30 41.06 -0.73 -0.24 0.32 19128 
5.76 36.24 -11.30 -1.54 0.23 -0.05 19232 
60.05 -12.87 -86.90 -1.01 -0.13 0.02 19337 
2.59 -76.95 -63.30 0.18 -0.88 0.98 19441 
-15.89 -14.47 9.73 -0.54 -0.31 0.21 19546 
-11.20 -60.95 -4.10 -0.68 -0.29 0.30 19650 
-30.54 -72.13 -48.66 -0.63 -0.24 0.57 19755 
-20.11 -113.22 -77.92 -0.59 -0.43 0.84 19859 
-7.48 -41.39 -87.14 -0.23 -0.64 0.83 19964 
-18.89 -58.68 -68.26 -0.21 -0.80 1.21 20069 
2.77 -4.46 -28.48 -0.53 -0.40 0.99 20173 
27.26 -5.49 -72.88 -0.45 -0.20 0.57 20278 
14.59 -78.61 -84.09 0.69 -0.98 1.58 20382 
16.00 23.73 38.10 0.21 -0.60 0.80 20487 
-38.29 0.60 -2.28 -0.58 -0.11 0.88 20591 
1.74 13.11 -68.18 -0.50 -0.20 0.64 20696 
-9.15 -71.58 -111.73 0.47 -0.78 1.43 20800 
-25.66 75.94 39.90 0.10 -0.70 1.08 20904 
20.30 56.63 34.74 -0.37 -0.57 0.96 21009 
-16.77 64.57 38.04 -0.28 -0.54 0.89 21113 
-1.02 77.76 19.85 -0.30 -0.31 0.79 21218 
-17.08 95.88 36.73 -0.37 -0.35 0.48 21322 
-11.42 72.37 21.05 -0.42 -0.34 0.34 21427 
-30.11 38.05 12.32 -0.85 -0.09 0.30 21532 
19.89 1.98 -70.69 -1.26 0.18 0.15 21637 
44.42 -20.63 -97.56 -0.32 -0.73 0.63 21741 
-61.54 86.07 50.63 -0.37 -0.72 0.53 21846 
-63.19 8.06 26.65 -1.22 -0.03 0.11 21950 
38.33 -6.76 -41.62 -1.37 0.08 -0.06 22054 
33.53 -68.21 -93.04 -0.43 -0.35 0.42 22159 
-43.13 -3.75 -14.41 -0.15 -0.54 0.67 22263 
5.55 -65.05 -24.39 -0.61 -0.18 0.27 22368 
11.22 -117.77 -48.31 -0.58 -0.34 0.56 22472 
10.94 -123.07 -50.84 -0.37 -0.52 0.85 22577 
21.97 -73.28 -26.87 -0.36 -0.36 0.88 22681 
13.10 -69.06 -73.97 -0.33 -0.80 1.32 22787 
3.00 -16.91 -14.56 -0.31 -0.60 1.02 22891 
-12.03 26.98 -42.11 -0.64 -0.27 0.98 22995 
-6.82 -2.34 -99.40 -0.09 -0.41 0.54 23100 
-19.05 33.54 20.26 0.65 -1.13 1.11 23204 
-6.53 8.21 25.44 0.07 -0.58 0.86 23309 
-21.29 -3.64 -28.32 -0.71 0.01 0.75 23413 
22.15 -25.46 -80.56 -0.37 -0.31 0.62 23518 
4.67 -59.85 -54.24 0.46 -1.02 1.29 23622 
-24.34 25.03 1.57 0.20 -0.72 1.02 23727 
-2.76 34.45 15.16 -0.38 -0.68 0.96 23831 
-49.52 85.89 38.39 -0.26 -0.71 1.15 23936 
-20.57 79.08 47.18 -0.25 -0.61 0.80 24040 
-22.29 81.95 58.50 -0.27 -0.37 0.58 24144 
-12.39 78.91 36.82 -0.34 -0.41 0.45 24249 
3.21 66.85 -2.15 -0.74 -0.23 0.36 24354 
17.27 33.00 -47.10 -1.35 0.07 -0.01 24459 
36.22 -54.20 -93.98 -0.43 -0.39 0.32 24563 
-36.26 42.72 32.76 -0.08 -0.71 0.79 24668 
-45.79 33.67 33.80 -1.07 -0.09 0.23 24772 
-1.42 7.93 -48.72 -1.48 0.23 0.02 24877 
62.46 -11.01 -81.53 -0.54 -0.32 0.24 24981 
-37.19 15.09 33.86 -0.11 -0.81 0.51 25085 
-4.39 -35.77 -8.31 -0.64 -0.20 0.18 25190 
32.96 -57.24 -57.89 -0.68 -0.38 0.33 25294 
8.46 -122.28 -109.64 -0.60 -0.44 0.58 25399 
16.05 -129.31 -88.10 -0.38 -0.52 1.01 25503 
67.50 -117.18 -60.78 -0.18 -0.62 1.07 25609 
-2.38 -16.50 -33.51 -0.16 -0.72 1.24 25713 
-10.65 12.14 -53.71 -0.69 -0.21 0.93 25818 
22.56 -24.93 -113.06 0.15 -0.53 0.80 25922 
22.04 26.03 24.36 0.82 -0.96 1.09 26027 
-7.24 3.81 30.12 0.00 -0.53 0.82 26131 
-40.40 8.03 -47.62 -0.88 -0.14 0.86 26235 
43.37 5.50 -77.68 -0.32 -0.35 0.52 26340 
45.42 -121.26 -57.90 0.56 -1.18 1.52 26444 
-7.34 29.97 37.21 0.01 -0.59 1.12 26549 
-2.68 53.44 44.23 -0.33 -0.67 1.18 26653 
-35.21 98.36 61.01 -0.28 -0.51 0.80 26758 
-2.77 76.00 31.07 -0.43 -0.35 0.68 26862 
-26.88 90.80 34.11 -0.53 -0.32 0.43 26968 
-23.34 54.89 18.72 -0.55 -0.32 0.33 27072 
1.12 19.77 0.76 -0.64 -0.27 0.28 27176 
26.82 -22.98 -60.39 -1.26 0.14 0.14 27281 
66.91 -55.41 -99.34 -0.24 -0.74 0.87 27385 
-18.52 87.88 49.00 -0.28 -0.69 0.64 27490 
-48.52 31.64 26.98 -1.28 -0.03 0.13 27594 
20.02 -14.75 -76.30 -1.31 0.02 -0.09 27699 
43.35 -72.85 -87.10 -0.00 -0.84 0.78 27803 
-38.22 38.63 40.01 -0.45 -0.42 0.36 27908 
-0.49 -63.61 -27.22 -0.76 -0.21 0.16 28012 
-6.29 -72.63 -56.24 -0.59 -0.20 0.50 28116 
14.37 -110.58 -85.76 -0.37 -0.41 0.75 28221 
5.40 -107.62 -87.05 -0.21 -0.60 0.97 28326 
16.63 -38.01 -38.95 -0.11 -1.02 1.53 28431 
2.56 -15.16 -22.37 -0.55 -0.29 0.86 28535 
-11.62 -50.89 -143.36 -0.29 -0.23 0.74 28640 
-32.84 -57.25 -98.36 0.87 -0.91 1.32 28744 
27.27 44.85 66.66 0.46 -0.56 0.79 28849 
-14.71 -9.92 10.44 -0.65 0.04 0.76 28953 
17.74 18.48 -90.85 -0.32 -0.41 0.75 29058 
31.08 -73.95 -79.79 0.79 -0.92 1.35 29162 
-7.56 25.37 29.45 0.07 -0.51 1.06 29266 
-5.21 62.89 19.04 -0.24 -0.65 1.27 29371 
-31.94 97.92 52.40 -0.25 -0.57 1.02 29476 
15.41 83.47 55.46 -0.34 -0.49 0.69 29581 
-35.05 84.74 36.48 -0.41 -0.36 0.52 29685 
-26.42 45.58 7.71 -0.43 -0.41 0.54 29790 
-17.06 43.44 18.89 -0.58 -0.28 0.31 29894 
-9.18 11.92 -37.70 -1.34 0.15 0.35 29999 
42.39 23.99 -103.67 -0.67 -0.22 0.23 30103 
-5.73 -1.13 19.24 0.11 -0.91 0.91 30208 
-44.28 29.94 61.92 -0.90 -0.14 0.17 30312 
-12.40 -32.94 -15.02 -1.48 0.22 0.16 30416 
48.77 -11.53 -90.97 -1.00 0.06 0.17 30521 
31.44 -37.98 -66.50 0.09 -0.84 1.11 30625 
-11.47 -4.31 0.76 -0.51 -0.14 0.13 30730 
7.60 -98.03 -55.16 -0.55 -0.19 0.26 30835 
18.16 -118.34 -56.89 -0.37 -0.54 0.89 30940 
-27.24 -96.46 -61.87 -0.35 -0.55 0.95 31044 
-4.38 -71.63 -71.90 -0.29 -0.74 1.15 31149 
10.21 -50.63 -33.40 -0.20 -0.64 0.95 31253 
6.62 -34.11 -53.31 -0.17 -0.51 0.90 31357 
0.93 -52.31 -36.19 0.08 -0.64 1.14 31462 
-6.78 23.23 -31.58 -0.41 -0.10 1.25 31566 
-9.59 14.34 -103.13 0.02 -0.39 0.71 31671 
10.30 7.31 -19.41 0.99 -0.84 1.17 31775 
-21.18 21.92 39.98 0.16 -0.52 0.77 31880 
-52.81 3.63 -36.95 -0.84 0.02 0.88 31984 
19.29 -10.53 -54.52 -0.18 -0.43 0.69 32089 
39.50 38.70 4.65 0.59 -1.22 1.60 32193 
-33.89 101.00 42.93 -0.17 -0.53 1.07 32299 
-23.31 74.84 31.76 -0.37 -0.47 0.97 32403 
-41.25 42.97 28.08 -0.30 -0.46 0.74 32507 
37.24 34.90 -14.98 -0.76 -0.60 0.47 32612 
-21.79 71.67 18.69 -0.63 -0.14 0.40 32716 
0.71 26.39 -12.50 -0.65 -0.30 0.40 32821 
-31.73 -6.45 -9.98 -0.89 -0.10 0.36 32925 
10.22 -6.21 -82.33 -1.14 0.09 0.35 33030 
63.60 -28.16 -94.48 -0.07 -0.94 1.12 33134 
-60.33 65.02 51.41 -0.40 -0.56 0.55 33239 
-40.27 -2.08 3.50 -1.51 0.08 0.24 33343 
47.98 7.37 -57.56 -1.13 0.06 0.09 33447 
78.69 -40.27 -91.12 -0.07 -0.82 0.97 33552 
-13.35 26.44 26.03 -0.48 -0.34 0.31 33656 
-6.59 -77.83 -25.28 -0.80 -0.13 0.27 33762 
-13.82 -128.02 -54.14 -0.65 -0.15 0.57 33866 
-2.11 -110.37 -79.72 -0.36 -0.37 0.78 33971 
9.35 -138.79 -67.17 -0.12 -0.38 1.19 34075 
-3.66 -59.92 -72.19 0.02 -0.76 1.48 34180 
-17.90 -18.88 -35.40 -0.32 -0.46 0.86 34284 
-2.21 13.47 -72.33 -0.46 -0.19 0.96 34388 
-67.18 -32.92 -120.02 0.63 -0.93 1.25 34493 
18.51 36.47 66.44 0.40 -0.74 0.81 34597 
4.26 -16.68 28.70 -0.55 -0.18 0.67 34702 
1.71 2.27 -76.77 -0.51 -0.28 0.77 34806 
29.57 -66.86 -75.93 0.52 -0.90 1.29 34911 
-35.66 51.19 39.54 0.14 -0.62 0.94 35016 
11.46 33.62 8.02 -0.25 -0.67 1.11 35121 
-24.35 86.76 47.35 -0.16 -0.64 1.05 35225 
-10.31 83.37 51.23 -0.23 -0.50 0.74 35330 
-56.02 69.40 31.74 -0.34 -0.35 0.66 35434 
-14.44 48.32 7.20 -0.50 -0.39 0.57 35538 
-1.23 37.18 -6.82 -0.58 -0.45 0.53 35643 
-17.89 20.82 -2.24 -0.90 -0.22 0.43 35747 
46.95 23.72 -73.34 -1.05 -0.07 0.25 35852 
47.63 -62.60 -56.56 0.19 -1.12 1.28 35956 
-36.95 33.61 50.81 -0.54 -0.34 0.41 36061 
7.37 -9.17 10.44 -1.40 0.17 0.27 36165 
63.19 -5.57 -73.97 -1.08 0.08 0.08 36270 
44.34 -81.59 -90.40 0.04 -0.91 0.84 36374 
-22.72 -15.32 -6.90 -0.50 -0.30 0.34 36478 
-13.69 -66.81 -66.43 -0.56 -0.25 0.43 36584 
22.81 -94.59 -49.84 -0.27 -0.51 0.83 36688 
21.65 -68.34 -58.42 -0.37 -0.40 1.14 36793 
6.13 -54.61 -55.35 -0.37 -0.58 1.20 36897 
7.10 -34.42 -18.02 -0.34 -0.68 0.98 37002 
-8.05 -3.43 -13.13 -0.58 -0.20 0.84 37106 
-7.85 6.48 -103.23 -0.34 -0.14 0.65 37211 
14.03 -35.18 -31.48 1.00 -1.10 1.54 37315 
-1.81 -6.92 44.40 0.03 -0.33 0.75 37420 
-26.98 -32.33 -66.05 -0.92 0.14 0.84 37524 
-8.88 -33.48 -112.50 -0.10 -0.36 0.67 37628 
-9.81 54.67 -9.92 1.03 -0.66 1.36 37733 
-27.36 27.22 22.63 -0.21 -0.62 0.93 37837 
-13.79 67.27 39.24 -0.27 -0.64 1.15 37942 
-32.36 97.48 59.14 -0.24 -0.53 0.92 38047 
3.18 79.26 36.25 -0.24 -0.38 0.82 38152 
-5.55 74.98 30.58 -0.47 -0.31 0.48 38256 
2.62 49.04 13.17 -0.62 -0.34 0.43 38361 
8.99 2.40 -24.01 -1.10 0.04 0.25 38465 
23.41 -15.70 -109.96 -0.76 -0.08 0.15 38569 
21.49 11.15 12.31 0.31 -1.24 1.31 38674 
-34.52 27.66 55.80 -0.68 -0.25 0.42 38778 
-12.04 8.09 -5.60 -1.37 0.23 0.29 38883 
34.11 -1.91 -104.89 -1.06 0.04 0.04 38987 
44.61 -48.81 -63.95 0.23 -1.37 1.19 39092 
-21.85 -9.56 17.49 -0.56 -0.14 0.17 39196 
30.06 -78.15 -41.61 -0.67 -0.18 0.22 39301 
5.46 -145.35 -94.46 -0.50 -0.24 0.79 39405 
-2.28 -119.92 -86.55 -0.23 -0.56 0.91 39511 
6.53 -71.14 -58.60 -0.04 -0.75 1.16 39615 
35.86 14.53 -15.13 -0.09 -0.62 1.11 39719 
0.59 4.49 -18.41 -0.71 -0.15 1.07 39824 
-23.72 48.22 -103.05 -0.26 -0.32 0.77 39928 
-15.08 -18.53 -81.39 0.85 -1.08 1.42 40033 
-2.35 11.56 35.14 0.00 -0.49 0.81 40137 
-35.54 -26.60 -22.79 -0.93 0.08 0.71 40242 
23.97 -28.52 -103.35 -0.29 -0.32 0.56 40346 
-10.51 -26.40 -31.13 0.84 -1.13 1.59 40451 
-59.73 33.73 27.90 -0.15 -0.53 1.00 40555 
-17.05 46.45 39.01 -0.32 -0.67 1.02 40659 
-25.81 71.96 55.51 -0.27 -0.63 0.88 40765 
5.83 77.84 42.06 -0.35 -0.38 0.61 40869 
-22.94 62.51 23.36 -0.41 -0.38 0.51 40974 
-9.03 39.66 15.15 -0.60 -0.33 0.43 41078 
3.52 19.00 -5.82 -0.85 -0.14 0.41 41183 
12.87 21.53 -80.30 -1.22 0.08 0.31 41287 
32.33 -38.81 -113.16 -0.24 -0.74 0.75 41392 
-45.40 98.09 75.44 -0.26 -0.63 0.51 41496 
-42.80 0.57 26.21 -1.34 0.17 0.17 41601 
51.11 12.73 -87.85 -1.20 0.10 -0.02 41705 
52.27 -74.07 -108.89 -0.05 -1.17 1.06 41809 
-71.35 57.42 59.04 -0.53 -0.37 0.26 41914 
3.48 -75.44 -61.24 -0.81 -0.04 0.08 42018 
-1.69 -168.05 -106.37 -0.43 -0.40 0.62 42124 
2.89 -130.37 -98.45 -0.34 -0.52 0.95 42228 
-20.95 -74.02 -79.13 -0.14 -0.79 1.27 42333 
1.40 -17.29 -28.81 -0.19 -0.64 0.96 42437 
-13.39 -24.39 -30.42 -0.20 -0.45 0.92 42542 
-2.73 -28.63 -69.82 -0.43 -0.33 0.94 42646 
47.28 15.11 -78.72 -0.06 -0.42 0.61 42750 
-0.30 16.14 8.09 1.24 -1.12 1.41 42855 
-16.40 34.63 46.37 -0.13 -0.29 0.75 42959 
-33.11 -6.35 -69.58 -0.74 0.06 0.55 43064 
29.50 -77.93 -95.42 0.36 -0.85 1.22 43168 
87.60 -12.07 28.19 0.35 -0.96 1.13 43273 
16.43 21.08 22.20 -0.04 -0.64 1.06 43378 
-19.53 76.08 41.11 -0.17 -0.58 1.01 43483 
-36.41 92.53 53.69 -0.27 -0.52 0.89 43587 
-9.72 90.67 37.23 -0.37 -0.48 0.71 43692 
-15.69 79.75 46.35 -0.46 -0.44 0.55 43796 
-27.55 73.73 36.17 -0.60 -0.29 0.33 43900 
-24.34 33.76 -8.47 -0.92 -0.02 0.16 44005 
17.71 -24.03 -87.79 -1.03 0.05 0.16 44109 
72.55 -69.82 -92.50 0.01 -1.09 1.17 44214 
-44.79 50.95 55.43 -0.50 -0.52 0.43 44318 
-43.29 -1.63 15.61 -1.33 0.06 0.18 44423 
36.50 -7.05 -71.33 -1.25 0.06 0.10 44527 
25.53 -72.02 -120.37 -0.39 -0.47 0.48 44633 
-20.36 20.11 -3.82 -0.16 -0.54 0.65 44737 
14.53 -48.22 -36.96 -0.71 -0.20 0.25 44841 
7.94 -101.53 -60.92 -0.48 -0.49 0.60 44946 
8.56 -75.82 -61.53 -0.35 -0.59 0.81 45050 
8.32 -72.79 -47.30 -0.30 -0.51 0.82 45155 
4.47 -72.63 -77.01 -0.30 -0.46 0.90 45259 
29.98 -35.95 -52.49 0.00 -0.95 1.35 45364 
27.85 -21.00 0.41 -0.10 -0.55 0.84 45468 
5.85 -4.69 -18.78 -0.34 -0.28 0.90 45573 
-0.86 -9.10 -94.11 -0.36 -0.30 0.91 45677 
17.34 -51.91 -81.31 0.58 -0.69 1.04 45782 
8.41 35.93 26.39 0.50 -0.70 0.88 45886 
5.80 -0.40 24.05 -0.16 -0.35 0.80 45990 
-21.04 1.12 -39.88 -0.62 -0.16 0.90 46095 
24.34 -0.46 -67.15 -0.22 -0.35 0.67 46199 
-15.87 -23.94 -54.20 0.63 -0.98 1.23 46304 
1.33 2.38 9.06 0.14 -0.49 0.91 46408 
-4.81 22.07 -3.72 -0.08 -0.55 1.29 46513 
-25.98 50.41 32.36 -0.06 -0.62 1.01 46617 
-36.36 89.79 44.63 -0.20 -0.50 0.97 46722 
1.86 108.52 46.29 -0.26 -0.42 0.69 46827 
-9.15 85.02 25.78 -0.31 -0.34 0.49 46931 
-3.23 43.10 -3.27 -0.43 -0.32 0.49 47036 
4.25 24.19 -11.01 -0.65 -0.17 0.46 47140 
-40.63 -4.39 -42.50 -1.27 0.09 0.43 47245 
27.50 3.18 -96.58 -0.69 -0.20 0.35 47349 
-8.24 23.98 5.75 -0.07 -0.70 0.93 47454 
-18.04 12.68 31.09 -0.70 -0.28 0.49 47558 
-24.36 17.21 0.10 -1.23 -0.00 0.35 47663 
16.76 -2.08 -63.34 -1.14 0.05 0.14 47767 
17.68 -39.98 -103.27 -0.30 -0.59 0.47 47872 
-18.15 -10.74 -1.21 -0.19 -0.52 0.65 47976 
23.41 -45.60 -12.51 -0.64 -0.37 0.48 48080 
-21.18 -71.64 -31.79 -0.57 -0.43 0.65 48185 
-6.15 -74.38 -36.21 -0.50 -0.49 0.56 48289 
-4.02 -88.54 -67.82 -0.29 -0.54 0.81 48394 
29.50 -87.41 -77.93 -0.29 -0.60 0.93 48499 
37.88 -64.97 -55.62 -0.10 -0.71 1.25 48604 
31.83 -19.74 -14.51 -0.03 -0.69 1.25 48708 
-7.55 -6.18 -17.61 -0.31 -0.21 0.98 48813 
-10.58 13.70 -101.91 -0.12 -0.24 0.95 48917 
11.80 -41.32 -98.57 0.57 -0.82 0.91 49021 
9.82 15.82 35.49 0.39 -0.63 0.89 49126 
-2.62 -6.40 4.04 -0.27 -0.28 0.84 49230 
6.16 -3.57 -58.85 -0.38 -0.38 0.82 49335 
43.49 -55.95 -83.30 0.32 -0.58 0.92 49439 
4.77 -13.09 -3.75 0.63 -0.93 1.28 49544 
-1.92 50.68 20.34 0.09 -0.59 1.07 49648 
-25.31 65.05 27.66 -0.10 -0.51 1.09 49753 
-21.66 67.40 35.05 -0.15 -0.50 0.85 49857 
-16.26 67.08 21.31 -0.29 -0.49 0.82 49961 
-20.95 68.21 23.88 -0.35 -0.54 0.77 50066 
-8.50 79.36 34.25 -0.44 -0.42 0.64 50171 
-2.81 57.99 24.39 -0.49 -0.35 0.43 50276 
3.17 18.11 5.24 -0.68 -0.19 0.35 50380 
16.73 -3.53 -58.85 -1.12 0.04 0.37 50485 
20.68 -8.81 -112.24 -0.58 -0.39 0.43 50589 
-29.00 41.78 17.96 -0.05 -0.69 0.84 50694 
-29.87 17.71 53.98 -0.88 -0.21 0.31 50798 
1.87 5.69 -17.61 -1.36 0.01 0.24 50903 
18.51 -1.08 -72.96 -0.93 -0.10 0.14 51007 
40.27 -70.40 -85.39 0.00 -0.95 0.85 51111 
-41.51 8.79 10.37 -0.49 -0.41 0.38 51216 
-4.12 -72.52 -32.43 -0.69 -0.30 0.36 51320 
-4.80 -91.85 -53.51 -0.56 -0.35 0.63 51425 
14.64 -80.03 -69.35 -0.37 -0.53 0.84 51529 
20.28 -92.01 -56.59 -0.34 -0.68 0.90 51634 
-36.15 -68.08 -52.65 -0.21 -0.67 0.98 51738 
4.64 -25.28 -29.37 -0.23 -0.56 0.94 51844 
13.95 -16.05 -38.88 -0.37 -0.39 0.85 51948 
7.89 28.71 -70.64 -0.33 -0.38 0.83 52052 
-14.21 -15.24 -79.09 0.32 -0.78 0.91 52157 
21.08 20.76 27.86 0.50 -0.82 0.93 52261 
24.05 -19.48 38.50 -0.22 -0.47 0.68 52366 
-29.93 -15.67 -65.44 -0.63 -0.14 0.84 52470 
11.86 -21.15 -69.24 0.06 -0.69 0.81 52575 
14.34 4.94 6.90 0.69 -0.81 1.43 52679 
26.97 40.48 22.51 -0.01 -0.64 0.98 52784 
-1.21 47.46 24.82 -0.19 -0.59 0.96 52888 
-16.98 62.16 38.24 -0.36 -0.54 0.86 52993 
7.47 46.05 11.52 -0.36 -0.49 0.77 53097 
2.95 59.47 19.70 -0.41 -0.43 0.61 53201 
-15.52 39.44 -0.60 -0.41 -0.41 0.69 53306 
3.99 36.29 -11.77 -0.50 -0.39 0.54 53410 
1.64 20.29 -29.92 -0.97 -0.09 0.46 53516 
26.84 23.53 -87.85 -0.84 -0.16 0.31 53620 
51.63 -63.03 -66.11 0.23 -1.20 1.25 53725 
-23.36 29.62 40.01 -0.46 -0.43 0.54 53829 
-24.47 2.95 -16.92 -1.31 -0.17 0.31 53934 
26.56 7.90 -59.27 -1.12 -0.16 0.21 54038 
25.18 -45.86 -100.27 -0.07 -0.75 0.68 54142 
-2.85 13.95 18.18 -0.20 -0.59 0.61 54247 
7.62 -41.34 -13.57 -0.59 -0.38 0.50 54351 
20.56 -82.99 -33.82 -0.49 -0.48 0.62 54456 
6.37 -75.44 -42.93 -0.40 -0.51 0.65 54560 
4.30 -79.64 -59.06 -0.29 -0.64 0.80 54665 
7.95 -69.41 -57.28 -0.15 -0.62 1.12 54769 
-0.06 -30.42 -19.37 -0.07 -0.63 1.08 54874 
-13.61 -20.57 -13.03 -0.30 -0.40 0.97 54979 
-21.89 26.91 -72.18 -0.37 -0.23 1.02 55084 
5.90 -10.91 -86.47 0.51 -0.76 0.98 55188 
9.63 17.15 31.50 0.49 -0.88 0.88 55292 
-1.69 -21.48 29.61 -0.36 -0.26 0.88 55397 
-22.96 11.39 -66.25 -0.61 -0.22 0.76 55501 
23.27 -34.62 -73.47 0.06 -0.59 0.87 55606 
-29.81 14.82 -7.05 0.59 -1.06 1.34 55710 
13.08 47.69 40.51 -0.20 -0.58 0.95 55815 
-7.44 54.40 32.42 -0.25 -0.48 0.80 55919 
-13.90 69.49 19.58 -0.30 -0.43 0.85 56024 
-4.92 51.49 34.56 -0.36 -0.39 0.68 56128 
-9.85 58.44 14.44 -0.38 -0.46 0.57 56232 
-16.05 45.92 2.82 -0.45 -0.39 0.57 56337 
-23.95 31.76 10.67 -0.72 -0.19 0.43 56442 
-3.84 8.24 -33.81 -1.16 -0.03 0.39 56547 
29.99 -1.29 -71.20 -0.84 -0.24 0.23 56651 
42.53 -64.01 -66.47 0.33 -1.02 1.35 56756 
-35.77 35.76 52.53 -0.58 -0.33 0.42 56860 
-16.60 -9.12 -12.06 -1.46 0.12 0.31 56965 
43.24 -3.63 -78.71 -0.99 -0.08 0.17 57069 
35.37 -90.95 -99.95 0.07 -0.85 1.00 57174 
-36.44 35.96 19.50 -0.53 -0.43 0.51 57278 
4.76 -29.36 -40.07 -0.74 -0.26 0.29 57382 
7.38 -79.18 -72.60 -0.48 -0.42 0.63 57487 
12.23 -89.22 -79.65 -0.35 -0.44 0.70 57591 
-1.96 -117.33 -90.33 -0.20 -0.46 0.90 57696 
23.63 -90.66 -92.25 0.11 -0.80 1.16 57800 
-0.01 -29.82 -24.88 0.14 -0.81 1.17 57905 
-24.82 -4.11 -1.76 -0.38 -0.22 0.81 58010 
44.43 -10.37 -81.86 -0.25 -0.12 0.54 58115 
35.56 -89.53 -62.79 1.35 -0.97 1.68 58219 
-7.12 43.60 53.47 0.38 -0.40 0.82 58323 
-23.60 -39.55 -16.32 -0.50 -0.00 0.83 58428 
23.63 17.70 -92.89 -0.18 -0.20 0.75 58532 
31.73 -33.48 -65.87 0.82 -0.64 1.29 58637 
-23.73 48.21 42.90 0.38 -0.63 1.04 58741 
5.66 77.52 39.76 -0.04 -0.54 1.20 58846 
-12.50 91.18 52.78 -0.13 -0.52 0.90 58950 
15.18 64.17 39.70 -0.24 -0.38 0.72 59055 
4.41 82.67 29.89 -0.34 -0.39 0.61 59159 
-9.03 48.06 8.71 -0.43 -0.43 0.53 59264 
-2.46 36.63 3.98 -0.52 -0.34 0.50 59368 
22.87 -16.97 -26.64 -1.09 0.15 0.34 59472 
42.81 -7.76 -98.21 -0.49 -0.30 0.55 59578 
-41.92 46.70 13.66 -0.04 -0.68 0.92 59682 
-17.40 29.92 32.75 -0.88 -0.19 0.41 59787 
-15.45 -18.86 -49.76 -1.36 0.13 0.25 59891 
-1.65 -39.73 -106.21 -0.48 -0.23 0.38 59996 
-38.01 -30.74 -34.03 0.16 -0.71 0.85 60100 