-6.84 16.09 -33.55 0.41 -0.52 1.20 6 
-2.02 -12.56 -16.76 0.14 -0.31 0.86 109 
7.72 -7.56 -16.63 0.14 -0.26 1.05 214 
-3.12 -5.89 -26.89 0.09 -0.24 0.96 318 
7.61 11.84 -21.05 -0.07 -0.05 0.91 422 
-7.58 -3.24 -127.03 -0.11 -0.07 0.67 527 
-9.87 -1.62 -34.31 1.34 -0.89 1.63 631 
-2.96 27.37 44.48 0.31 -0.36 0.83 736 
-14.25 -21.46 30.44 -0.39 0.21 0.80 840 
-10.73 -23.74 -103.54 -0.27 0.22 0.76 945 
-30.27 16.14 -64.96 0.95 -1.06 1.89 1049 
-26.36 72.78 30.15 0.24 -0.56 1.07 1154 
29.95 61.82 36.82 -0.20 -0.27 1.04 1258 
-37.03 86.85 15.93 -0.23 -0.34 1.18 1362 
-0.63 65.40 20.35 -0.06 -0.36 0.97 1467 
8.75 119.95 34.66 -0.22 -0.27 0.67 1571 
-5.80 71.34 14.36 -0.41 -0.18 0.46 1676 
-9.35 54.60 -5.02 -0.50 -0.15 0.48 1780 
-10.49 19.40 -7.89 -0.97 0.14 0.39 1885 
35.04 11.37 -117.24 -1.18 0.06 0.22 1989 
42.47 -55.49 -100.59 -0.00 -0.77 1.22 2094 
-11.86 70.65 83.48 -0.41 -0.38 0.56 2198 
-58.56 -8.21 25.72 -1.24 0.17 0.32 2302 
44.08 16.40 -71.95 -1.35 0.14 0.01 2407 
38.61 -52.22 -126.98 -0.49 -0.30 0.38 2512 
-61.89 42.02 -3.09 -0.11 -0.62 0.68 2617 
16.27 -88.50 -23.50 -0.64 -0.20 0.13 2721 
7.92 -118.11 -64.84 -0.45 -0.31 0.59 2826 
4.71 -109.16 -77.74 -0.27 -0.53 0.79 2930 
10.18 -137.97 -54.84 -0.08 -0.60 1.19 3035 
53.20 -68.53 -13.09 -0.02 -0.56 1.45 3139 
18.06 -1.99 17.76 -0.18 -0.44 1.25 3244 
-1.09 -9.27 -18.77 -0.26 -0.08 0.92 3348 
-0.21 -41.03 -91.63 -0.36 0.10 0.78 3452 
-15.60 -119.56 -102.56 0.87 -0.73 1.49 3557 
24.64 77.65 56.44 0.68 -0.49 1.00 3661 
23.31 0.52 49.11 -0.06 -0.06 0.71 3766 
-12.20 -6.27 -63.59 -0.53 0.33 0.73 3870 
3.13 -120.73 -120.27 0.34 -0.39 1.25 3975 
-1.85 101.66 31.51 0.55 -0.55 1.55 4079 
-9.76 91.72 14.11 -0.17 -0.36 1.04 4184 
-27.27 56.52 -7.53 -0.12 -0.32 1.16 4288 
-11.72 102.66 29.88 -0.11 -0.42 0.87 4392 
-10.77 120.30 40.85 -0.30 -0.24 0.62 4497 
-5.09 68.08 9.93 -0.43 -0.26 0.53 4601 
-6.07 58.85 13.53 -0.49 -0.25 0.49 4706 
45.49 43.80 9.11 -0.63 -0.13 0.34 4810 
-31.44 -16.08 -26.77 -1.19 0.20 0.27 4915 
58.03 -23.72 -100.76 -0.96 0.01 0.22 5019 
5.44 -65.60 -54.35 0.14 -0.74 1.58 5125 
-39.80 51.74 40.26 -0.71 -0.14 0.42 5229 
-14.34 4.47 -12.26 -1.39 0.16 0.14 5334 
43.39 -34.20 -97.84 -1.10 0.09 0.09 5438 
98.26 -54.85 -81.93 -0.03 -0.73 0.97 5542 
-85.72 68.50 29.86 -0.43 -0.28 0.38 5647 
5.79 -77.81 -12.32 -0.71 -0.08 0.25 5751 
3.05 -107.62 -43.59 -0.54 -0.12 0.51 5856 
-13.73 -115.00 -69.59 -0.42 -0.30 0.90 5960 
-59.27 -90.73 -74.01 -0.24 -0.50 1.21 6065 
-2.37 -51.67 -17.69 -0.20 -0.52 1.23 6169 
7.69 -15.73 0.05 -0.20 -0.51 1.06 6274 
-3.19 -20.45 -31.47 -0.43 -0.02 0.94 6378 
-23.87 -29.17 -135.79 -0.08 -0.15 0.67 6482 
-16.89 5.69 -24.46 1.12 -1.04 1.54 6587 
3.01 25.48 49.25 0.23 -0.43 0.76 6691 
-8.87 -15.01 -36.38 -0.68 0.29 0.75 6796 
9.00 -40.03 -123.94 0.02 -0.16 0.73 6900 
-24.83 44.85 -19.11 1.01 -1.04 1.68 7005 
-33.11 67.13 11.69 0.03 -0.39 0.95 7109 
-18.43 85.55 8.78 -0.08 -0.51 1.15 7214 
-7.95 85.18 26.02 -0.16 -0.51 1.00 7318 
-22.59 67.30 44.31 -0.20 -0.41 0.85 7422 
14.26 91.24 31.71 -0.36 -0.28 0.66 7527 
-1.29 67.33 3.17 -0.42 -0.28 0.65 7631 
0.92 62.45 0.22 -0.52 -0.25 0.43 7736 
-6.99 15.77 -14.67 -1.00 0.10 0.21 7840 
28.79 -28.57 -106.53 -0.97 0.04 0.25 7945 
-5.81 -18.23 -49.24 0.26 -0.73 1.49 8049 
-49.73 45.37 38.93 -0.74 -0.17 0.45 8154 
5.47 15.15 -24.52 -1.53 0.20 0.01 8258 
64.47 -37.26 -101.24 -0.84 -0.04 0.14 8363 
11.08 -47.25 -38.53 0.28 -0.75 1.25 8467 
2.95 -33.02 11.92 -0.53 -0.10 0.06 8571 
-15.75 -133.14 -61.53 -0.58 -0.28 0.62 8677 
-15.22 -111.08 -58.66 -0.40 -0.43 0.92 8781 
-10.76 -112.95 -29.50 -0.22 -0.63 1.05 8886 
21.27 -80.86 -23.84 -0.17 -0.60 1.24 8990 
36.16 -34.18 22.65 -0.24 -0.24 1.16 9095 
-6.38 -7.18 -42.91 -0.46 0.01 0.92 9199 
16.43 -28.13 -98.20 -0.37 0.03 0.59 9304 
-31.65 -4.27 -61.75 1.14 -0.94 1.71 9408 
-7.40 40.30 51.59 0.32 -0.38 0.88 9512 
-6.00 -4.38 -9.73 -0.78 0.25 0.76 9617 
8.66 -8.94 -100.98 -0.27 -0.04 0.70 9721 
-8.44 -66.11 -79.93 0.92 -0.85 1.72 9826 
-30.84 89.72 40.37 0.13 -0.42 1.17 9930 
-6.92 98.40 32.59 -0.10 -0.41 1.16 10035 
-40.23 112.18 44.34 -0.27 -0.40 0.94 10139 
6.80 100.39 24.84 -0.33 -0.27 0.68 10244 
-30.76 54.86 23.92 -0.52 -0.21 0.53 10348 
-1.05 37.70 6.22 -0.48 -0.28 0.53 10452 
17.43 32.11 -4.31 -0.56 -0.22 0.42 10557 
-3.66 -10.39 -53.28 -1.26 0.23 0.26 10661 
82.38 3.53 -118.33 -0.55 -0.41 0.54 10766 
-44.63 65.11 18.21 0.01 -0.85 0.91 10870 
-68.92 30.20 51.82 -1.07 -0.02 0.26 10976 
-2.31 9.38 -60.60 -1.37 0.20 0.05 11080 
25.99 -47.44 -127.01 -0.46 -0.32 0.17 11185 
-43.26 -47.82 -13.51 0.05 -0.72 0.63 11289 
12.52 -91.94 -13.22 -0.54 -0.25 0.33 11394 
22.73 -106.54 -26.27 -0.30 -0.41 0.90 11498 
-0.27 -58.46 -23.98 -0.40 -0.38 1.08 11602 
-15.34 -65.96 -53.14 -0.31 -0.45 1.11 11707 
-1.90 -51.75 -42.83 -0.19 -0.43 1.07 11811 
18.73 -35.55 -24.87 -0.14 -0.49 0.99 11916 
-6.96 -13.37 -7.37 -0.52 -0.05 0.98 12020 
1.50 -37.33 -127.28 -0.26 -0.10 0.63 12125 
-4.27 0.37 -20.63 1.17 -1.26 1.85 12230 
-13.82 23.45 63.42 -0.09 -0.31 0.65 12335 
-0.95 -16.98 -48.02 -0.81 0.41 0.55 12439 
3.75 -106.08 -118.02 0.11 -0.50 1.08 12544 
0.35 109.70 43.84 0.43 -0.67 1.44 12648 
-33.46 85.69 22.98 -0.17 -0.49 1.02 12752 
14.35 62.50 16.73 -0.19 -0.39 0.94 12857 
-9.48 86.92 22.01 -0.19 -0.41 0.89 12961 
-17.08 110.43 26.26 -0.39 -0.26 0.56 13066 
-0.09 57.85 -1.82 -0.55 -0.20 0.46 13170 
-6.89 43.67 -10.30 -0.51 -0.26 0.48 13275 
-9.18 12.96 -18.48 -1.04 0.00 0.17 13379 
48.19 -23.80 -90.22 -0.86 -0.17 0.17 13484 
-40.88 -0.31 -29.92 0.17 -0.78 1.42 13588 
-49.08 48.81 34.55 -0.84 -0.16 0.31 13693 
16.10 4.02 -34.79 -1.37 0.12 0.03 13798 
85.56 -56.21 -97.84 -0.81 -0.07 0.07 13902 
-9.65 -50.08 -35.46 0.15 -0.75 1.27 14007 
-9.34 -15.59 -0.75 -0.57 -0.27 0.29 14111 
-1.34 -80.54 -12.40 -0.62 -0.33 0.59 14216 
-2.04 -70.15 -37.51 -0.64 -0.33 0.75 14320 
-1.02 -81.28 -41.82 -0.49 -0.42 0.74 14425 
6.94 -77.81 -22.82 -0.40 -0.32 1.14 14529 
0.55 -30.53 -49.81 -0.30 -0.41 1.10 14633 
-16.32 -5.54 -9.34 -0.40 -0.54 0.87 14738 
14.50 -33.76 -47.12 -0.71 0.03 0.75 14842 
30.08 -107.05 -123.24 -0.00 -0.20 0.95 14947 
16.21 60.47 16.39 0.58 -0.82 1.39 15051 
-44.34 13.60 43.85 0.02 -0.39 0.74 15156 
-22.56 -1.33 -30.83 -0.74 0.09 0.81 15261 
39.74 -24.41 -89.60 -0.26 -0.13 0.55 15366 
6.81 -10.43 -28.20 0.72 -1.28 1.71 15470 
4.02 42.82 33.20 -0.24 -0.41 1.07 15575 
-7.04 78.98 8.24 -0.34 -0.45 1.21 15679 
-22.69 73.44 22.37 -0.35 -0.43 0.91 15783 
-41.31 64.82 17.19 -0.38 -0.42 0.75 15888 
-10.57 72.20 14.38 -0.34 -0.42 0.70 15992 
-29.80 42.65 6.17 -0.58 -0.32 0.53 16097 
11.05 35.76 8.40 -0.53 -0.37 0.51 16201 
16.03 42.61 2.22 -0.83 -0.10 0.26 16306 
41.47 -11.86 -94.57 -1.17 0.16 0.17 16410 
50.02 -71.15 -98.41 -0.11 -0.83 1.22 16515 
-17.78 67.81 57.17 -0.44 -0.45 0.64 16619 
-36.85 28.80 42.75 -1.06 -0.03 0.25 16724 
17.97 2.02 -77.63 -1.39 0.32 -0.07 16829 
24.54 -63.00 -129.65 -0.44 -0.42 0.37 16933 
-44.96 52.43 10.53 -0.12 -0.81 0.75 17038 
0.81 -35.84 15.54 -0.68 -0.23 0.16 17142 
-6.90 -68.27 5.85 -0.63 -0.28 0.59 17247 
-28.42 -57.64 -16.32 -0.63 -0.27 0.71 17351 
5.06 -62.60 -39.47 -0.49 -0.20 0.74 17456 
-16.44 -81.56 -53.76 -0.45 -0.39 1.06 17560 
20.98 -38.73 -73.11 -0.47 -0.45 0.96 17665 
28.37 -48.70 -42.49 -0.37 -0.55 0.86 17769 
18.76 -48.72 -59.73 -0.66 -0.11 0.98 17873 
32.85 -79.31 -116.47 -0.14 -0.25 0.63 17979 
3.28 83.69 1.80 1.00 -0.93 1.69 18083 
-22.68 45.74 18.66 -0.26 -0.36 0.48 18188 
-12.66 -39.11 -49.89 -0.76 0.15 0.61 18292 
1.64 -87.50 -136.56 0.08 -0.29 1.09 18397 
-7.23 98.73 24.82 0.47 -1.01 1.40 18501 
-19.01 85.63 56.07 -0.11 -0.59 1.02 18606 
-15.21 95.89 36.27 -0.27 -0.41 0.88 18710 
-7.98 79.00 31.40 -0.35 -0.42 0.69 18814 
-15.79 59.72 20.90 -0.42 -0.33 0.67 18919 
-17.86 48.92 12.95 -0.53 -0.27 0.59 19023 
-10.79 32.18 -6.73 -0.57 -0.31 0.48 19128 
-24.72 10.79 -5.68 -0.85 -0.12 0.37 19232 
4.85 -2.47 -72.53 -1.20 0.12 0.35 19337 
26.95 -4.62 -96.19 -0.32 -0.54 0.60 19441 
-47.48 73.18 57.05 -0.18 -0.74 0.75 19547 
-55.44 16.98 23.84 -1.29 0.05 0.25 19651 
39.15 6.47 -76.63 -1.26 0.02 0.01 19756 
97.47 -53.63 -96.15 -0.22 -0.41 0.50 19860 
-40.60 33.75 23.55 -0.20 -0.61 0.54 19964 
-20.60 -83.70 -8.35 -0.65 -0.15 0.35 20069 
19.63 -111.38 -39.67 -0.56 -0.20 0.72 20173 
1.33 -86.73 -67.28 -0.36 -0.39 0.80 20278 
22.61 -133.98 -57.31 -0.31 -0.78 1.21 20382 
-12.09 -51.66 -31.95 -0.11 -0.64 1.26 20487 
7.73 -17.50 11.97 -0.28 -0.34 0.95 20591 
6.56 -9.40 -65.74 -0.43 -0.03 0.85 20696 
11.31 -93.27 -112.36 0.33 -0.46 0.96 20801 
-19.52 44.06 16.92 0.73 -0.89 1.40 20905 
13.55 14.47 56.95 0.16 -0.41 0.71 21010 
-24.36 -22.25 -6.88 -0.46 0.28 0.93 21114 
-6.01 37.42 -140.18 -0.14 -0.00 0.69 21219 
-43.80 -0.11 -67.59 0.91 -1.02 1.68 21323 
-27.24 55.00 16.90 0.00 -0.38 0.96 21428 
-13.95 73.02 4.92 -0.23 -0.43 1.19 21532 
-29.67 81.32 24.29 -0.28 -0.50 1.13 21637 
-33.77 120.21 36.00 -0.29 -0.37 0.85 21741 
2.29 103.08 34.48 -0.30 -0.33 0.48 21846 
-15.66 60.37 9.40 -0.35 -0.20 0.42 21950 
-42.59 21.93 3.68 -1.08 -0.00 0.32 22054 
35.10 43.34 -68.85 -1.19 0.06 0.28 22159 
67.72 -60.24 -84.96 0.02 -0.94 1.04 22264 
-10.78 36.40 57.99 -0.46 -0.31 0.30 22369 
-4.32 -35.62 -2.85 -1.41 0.07 0.20 22473 
55.35 -20.65 -50.76 -1.11 0.04 0.11 22578 
14.18 -106.92 -99.89 -0.21 -0.32 0.72 22682 
-52.18 82.86 35.28 -0.37 -0.39 0.54 22787 
-29.50 -94.84 -39.16 -0.66 0.01 0.06 22891 
31.63 -131.49 -52.52 -0.35 -0.42 1.03 22995 
19.34 -89.19 -57.73 -0.22 -0.54 0.97 23100 
-11.16 -57.60 -51.92 -0.07 -0.55 1.12 23204 
-5.38 -54.40 -31.44 -0.22 -0.50 1.06 23309 
2.50 -18.50 -37.30 -0.68 -0.05 1.02 23414 
59.08 -17.79 -106.79 -0.26 -0.19 0.66 23519 
1.50 -10.43 -39.36 1.09 -0.90 1.67 23623 
-9.14 23.44 7.14 0.27 -0.39 0.92 23728 
-13.97 -23.83 25.27 -0.42 0.03 0.78 23832 
2.82 3.53 -89.93 -0.37 -0.03 0.75 23937 
0.18 -64.07 -81.99 0.81 -0.78 1.82 24041 
-41.79 69.42 40.88 0.06 -0.51 1.15 24145 
19.71 53.21 30.83 -0.20 -0.40 1.11 24250 
-17.52 96.78 29.01 -0.18 -0.37 1.00 24354 
-25.74 83.04 19.66 -0.31 -0.35 0.75 24459 
-12.14 82.76 19.37 -0.39 -0.32 0.66 24563 
-7.63 61.40 8.73 -0.53 -0.26 0.51 24668 
-8.81 46.89 -8.02 -0.59 -0.26 0.43 24772 
-1.35 12.73 -9.18 -0.89 -0.11 0.28 24877 
32.20 -34.99 -78.05 -1.10 0.13 0.28 24981 
36.69 -69.77 -83.97 -0.01 -0.87 1.29 25086 
-22.47 46.26 44.65 -0.53 -0.40 0.52 25191 
-18.86 -10.78 0.37 -1.22 0.04 0.29 25295 
37.88 -14.94 -86.16 -1.12 0.06 0.22 25400 
70.45 -53.23 -102.37 -0.16 -0.75 0.87 25504 
-10.18 30.59 8.81 -0.35 -0.46 0.65 25609 
-4.07 -43.89 -10.51 -0.62 -0.22 0.40 25713 
16.41 -68.15 -27.47 -0.51 -0.38 0.75 25818 
14.98 -46.02 -22.42 -0.47 -0.36 0.76 25922 
-20.82 -72.27 -42.84 -0.43 -0.32 1.02 26027 
-17.31 -62.58 -47.68 -0.31 -0.32 0.95 26131 
-2.08 -62.93 -38.77 -0.14 -0.40 0.96 26235 
-0.62 -49.13 -34.13 -0.09 -0.43 1.20 26341 
-4.47 -1.58 -11.07 -0.26 -0.29 1.03 26445 
-1.76 7.31 -85.68 -0.36 -0.02 1.05 26550 
-1.52 -52.19 -83.19 0.33 -0.59 0.94 26654 
4.37 24.73 26.63 0.48 -0.66 0.97 26759 
2.89 -20.72 52.98 -0.15 -0.27 0.75 26863 
-1.22 -18.63 -82.05 -0.66 0.15 1.04 26968 
20.55 -75.90 -108.63 0.33 -0.52 1.33 27072 
8.15 64.02 28.14 0.27 -0.75 1.22 27176 
-13.65 78.15 8.05 -0.21 -0.31 0.90 27281 
-11.24 68.48 -3.84 -0.19 -0.49 1.12 27385 
-21.08 77.41 12.03 -0.18 -0.44 0.99 27490 
-44.13 55.54 20.50 -0.35 -0.31 0.69 27594 
-6.20 62.95 17.15 -0.45 -0.34 0.59 27699 
-9.21 48.92 2.47 -0.42 -0.28 0.56 27803 
-20.42 46.95 -1.82 -0.57 -0.21 0.29 27908 
-13.21 -27.33 -46.97 -1.18 0.07 0.34 28013 
65.95 -1.44 -91.58 -0.54 -0.33 0.48 28118 
-30.57 59.31 26.10 -0.01 -0.82 1.03 28222 
-51.17 47.38 30.87 -0.87 -0.12 0.37 28326 
-18.99 10.05 -36.09 -1.35 0.23 0.17 28431 
40.94 -44.92 -107.21 -0.66 -0.12 0.13 28535 
18.49 -40.98 -21.88 0.12 -0.77 0.97 28640 
8.97 -51.01 -3.07 -0.51 -0.25 0.44 28744 
7.50 -87.35 -17.78 -0.54 -0.41 0.73 28849 
5.75 -72.86 -23.16 -0.40 -0.37 0.86 28953 
-17.69 -74.24 -38.55 -0.28 -0.37 0.96 29058 
-11.24 -67.70 -47.95 -0.23 -0.43 1.16 29162 
-5.39 -44.73 -34.87 -0.09 -0.55 1.03 29266 
8.35 -25.07 -33.31 -0.33 -0.23 0.95 29372 
16.66 -8.41 -107.36 -0.31 -0.16 0.90 29476 
-92.02 -48.49 -112.80 0.51 -0.77 1.27 29581 
35.46 54.58 48.83 0.41 -0.62 0.92 29685 
8.60 -11.58 35.12 -0.02 -0.44 0.66 29790 
0.69 -27.82 -5.19 -0.49 0.08 0.91 29894 
24.08 -7.09 -86.36 -0.02 -0.33 0.95 29999 
-7.44 55.25 -19.18 0.66 -0.80 1.32 30103 
-2.32 58.68 26.92 -0.05 -0.44 0.96 30208 
-18.11 69.22 12.53 -0.22 -0.40 1.06 30312 
-17.56 58.16 8.92 -0.28 -0.44 0.93 30416 
-24.78 90.80 32.34 -0.34 -0.40 0.83 30521 
-11.40 77.70 18.15 -0.50 -0.37 0.65 30625 
-0.86 63.78 8.20 -0.58 -0.28 0.46 30730 
4.62 25.40 -4.39 -0.56 -0.29 0.47 30834 
-22.64 13.76 -4.23 -0.84 -0.07 0.36 30939 
38.31 -16.08 -89.23 -1.12 0.17 0.32 31043 
66.27 -80.26 -103.04 -0.06 -0.82 1.15 31149 
-19.08 49.77 60.48 -0.49 -0.40 0.49 31253 
-27.93 -10.29 -0.71 -1.22 0.11 0.28 31357 
21.95 -6.44 -103.25 -1.12 0.18 0.26 31462 
59.70 -86.98 -109.21 0.05 -0.93 1.09 31566 
-21.66 24.98 43.71 -0.48 -0.36 0.33 31671 
-2.79 -82.21 -7.84 -0.73 -0.19 0.37 31775 
22.63 -83.37 -35.46 -0.59 -0.30 0.67 31880 
8.67 -79.20 -52.21 -0.39 -0.42 0.90 31984 
-3.10 -70.93 -47.06 -0.31 -0.40 0.95 32089 
-2.43 -52.15 -32.50 -0.24 -0.47 1.10 32193 
2.27 -22.31 -21.16 -0.27 -0.43 0.95 32297 
10.46 -40.40 -30.37 -0.34 -0.27 0.94 32403 
33.78 -22.69 -80.95 -0.44 0.00 0.78 32507 
8.01 -59.96 -98.19 0.59 -0.69 1.58 32612 
20.69 29.56 40.29 0.27 -0.41 0.91 32716 
-21.88 -8.44 7.85 -0.55 0.21 0.78 32821 
6.15 3.28 -139.05 -0.29 -0.21 0.73 32925 
-41.25 -28.08 -59.79 0.79 -1.04 1.90 33030 
-51.02 40.99 24.56 -0.07 -0.37 1.03 33134 
16.57 63.11 39.45 -0.11 -0.56 1.11 33239 
12.62 103.38 55.75 -0.16 -0.45 0.96 33343 
-25.10 89.23 36.45 -0.38 -0.26 0.65 33447 
-16.66 56.81 0.40 -0.49 -0.26 0.58 33552 
-13.41 37.40 -6.03 -0.59 -0.26 0.55 33656 
-5.63 24.96 -17.69 -0.59 -0.31 0.57 33761 
18.58 25.47 -8.49 -0.69 -0.28 0.49 33865 
8.10 -21.98 -45.64 -1.07 0.10 0.23 33971 
54.15 -34.54 -105.93 -0.36 -0.48 0.75 34075 
-38.35 81.77 33.24 -0.28 -0.79 0.83 34180 
-56.11 24.40 24.88 -1.07 -0.03 0.32 34284 
7.02 0.19 -62.15 -1.20 0.09 0.23 34388 
29.50 -37.68 -116.05 -0.30 -0.59 0.57 34493 
-26.66 24.63 26.63 -0.35 -0.51 0.53 34597 
7.14 -72.06 -12.69 -0.67 -0.20 0.44 34702 
28.28 -78.46 -17.93 -0.56 -0.31 0.74 34806 
8.07 -65.15 -41.77 -0.45 -0.33 0.77 34911 
4.46 -69.70 -55.91 -0.31 -0.46 0.96 35015 
-23.44 -66.20 -40.82 -0.21 -0.46 1.05 35120 
2.49 -54.18 -10.25 -0.17 -0.44 1.08 35224 
-3.22 -23.02 -28.12 -0.30 -0.19 1.01 35330 
7.15 -5.44 -76.80 -0.44 -0.06 0.96 35434 
37.64 -46.87 -98.93 0.33 -0.69 1.28 35538 
-2.18 61.43 19.03 0.41 -0.69 0.97 35643 
-19.22 -0.08 37.23 -0.34 -0.14 0.66 35747 
-10.56 -12.12 -99.72 -0.57 0.13 0.75 35852 
10.18 -81.45 -95.03 0.47 -0.81 1.49 35956 
-36.46 74.06 29.11 0.02 -0.47 1.15 36061 
2.79 81.73 22.92 -0.12 -0.47 1.03 36165 
-4.30 78.31 22.75 -0.11 -0.44 1.01 36270 
-14.63 69.95 24.05 -0.34 -0.36 0.87 36374 
-2.92 82.81 19.21 -0.44 -0.35 0.65 36478 
-6.98 55.11 6.62 -0.53 -0.30 0.50 36583 
19.65 27.19 0.59 -0.48 -0.36 0.49 36687 
-16.87 9.33 -6.25 -0.93 -0.04 0.38 36792 
25.04 -19.71 -80.77 -1.04 0.07 0.28 36896 
22.05 -50.92 -57.11 0.05 -0.92 1.45 37002 
-42.56 48.76 50.40 -0.66 -0.19 0.39 37106 
4.07 0.95 -16.51 -1.30 0.15 0.28 37211 
58.82 12.75 -87.47 -0.95 -0.01 0.21 37315 
27.94 -70.78 -71.98 -0.07 -0.82 1.16 37420 
-25.72 -2.61 6.34 -0.67 -0.23 0.21 37524 
8.70 -91.73 -29.98 -0.69 -0.20 0.37 37628 
7.82 -91.93 -38.01 -0.53 -0.29 0.73 37733 
6.82 -88.95 -35.04 -0.42 -0.32 0.75 37837 
-9.83 -87.85 -55.34 -0.39 -0.31 0.95 37942 
15.47 -66.02 -48.26 -0.23 -0.39 1.06 38046 
2.61 -34.83 -45.21 -0.12 -0.44 1.16 38151 
-12.84 -8.80 -46.17 -0.45 -0.18 1.07 38255 
11.44 -9.50 -118.88 -0.25 -0.14 0.76 38360 
-9.89 14.87 -41.98 0.98 -1.15 1.53 38464 
4.02 30.90 78.46 -0.01 -0.34 0.68 38568 
-24.41 -3.79 -70.69 -0.91 0.27 0.66 38673 
46.13 -57.21 -97.88 -0.01 -0.46 0.78 38778 
18.64 78.47 52.10 0.38 -0.81 1.10 38883 
-32.42 23.79 8.85 -0.34 -0.49 1.06 38987 
-21.24 73.85 29.49 -0.29 -0.49 0.97 39092 
-3.76 63.25 28.32 -0.35 -0.41 0.78 39196 
-15.58 26.99 11.11 -0.41 -0.42 0.74 39301 
-13.81 47.11 10.08 -0.34 -0.39 0.76 39405 
-9.20 56.04 13.91 -0.45 -0.30 0.62 39510 
-6.16 40.69 17.11 -0.69 -0.15 0.38 39614 
-6.59 -10.42 -48.98 -1.25 0.22 0.45 39718 
41.35 -22.47 -112.02 -0.32 -0.53 0.66 39823 
-29.72 73.02 54.37 -0.14 -0.77 0.64 39927 
-54.24 -0.68 20.16 -1.20 0.04 0.33 40032 
23.47 0.03 -104.36 -1.23 0.12 0.25 40137 
67.73 -72.54 -105.50 0.22 -1.10 1.13 40242 
-23.60 32.02 37.07 -0.49 -0.34 0.19 40346 
-0.90 -96.52 -39.00 -0.66 -0.26 0.40 40451 
10.87 -95.63 -56.79 -0.44 -0.36 0.91 40555 
22.83 -66.40 -43.11 -0.37 -0.46 0.81 40659 
30.09 -75.24 -38.73 -0.22 -0.44 0.93 40764 
20.92 -73.36 -30.98 -0.06 -0.50 1.15 40868 
2.18 -8.11 -16.73 -0.22 -0.46 1.01 40973 
-23.52 -10.35 -78.96 -0.65 0.03 0.93 41077 
49.02 -51.40 -124.06 0.34 -0.63 1.04 41182 
27.36 70.06 56.15 0.50 -0.90 0.97 41286 
-7.85 -26.66 52.89 -0.49 -0.07 0.77 41392 
-16.04 -11.34 -84.84 -0.58 -0.00 0.96 41496 
62.24 -46.89 -105.93 0.29 -0.59 1.07 41601 
-25.55 70.50 37.45 0.57 -0.80 1.02 41705 
-31.31 10.58 55.79 -0.31 -0.33 0.95 41809 
-20.10 61.53 28.73 -0.32 -0.46 1.23 41914 
-11.23 75.77 36.82 -0.26 -0.50 0.94 42018 
-18.57 86.35 34.69 -0.43 -0.35 0.71 42123 
-4.25 64.85 7.93 -0.49 -0.29 0.57 42227 
-0.69 36.51 -11.63 -0.61 -0.28 0.50 42332 
6.71 17.19 -16.39 -0.62 -0.31 0.54 42436 
-10.11 15.12 -16.60 -0.77 -0.16 0.48 42541 
18.17 1.12 -87.76 -1.17 0.10 0.42 42645 
57.92 -31.54 -92.58 0.01 -0.83 0.94 42750 
-35.27 62.51 66.85 -0.36 -0.51 0.50 42855 
-39.52 -14.56 19.53 -1.34 0.08 0.27 42959 
32.88 -2.39 -93.09 -1.25 0.09 0.24 43064 
101.74 -76.27 -119.43 0.08 -0.88 0.92 43168 
-13.90 18.74 31.63 -0.24 -0.38 0.28 43273 
-3.17 -89.98 -16.75 -0.64 -0.21 0.44 43377 
18.53 -99.53 -46.44 -0.48 -0.38 0.96 43482 
15.95 -75.53 -46.21 -0.37 -0.46 0.97 43586 
12.05 -52.92 -58.29 -0.32 -0.44 1.07 43691 
0.99 -32.57 -42.33 -0.13 -0.54 1.08 43795 
-2.83 -15.84 -41.60 -0.53 -0.20 0.94 43900 
7.12 -32.39 -87.60 -0.31 -0.20 0.71 44005 
53.50 -71.22 -52.44 0.84 -0.85 1.49 44109 
-3.47 29.02 45.13 0.23 -0.35 0.94 44214 
-41.14 -7.62 -36.84 -0.80 0.22 0.88 44318 
9.63 -16.89 -102.82 -0.20 -0.14 0.65 44423 
-19.89 22.62 -30.54 0.88 -1.07 1.78 44527 
-31.55 63.95 29.27 -0.07 -0.43 0.97 44632 
5.34 53.47 24.73 -0.12 -0.47 1.11 44736 
-20.17 76.73 24.79 -0.17 -0.39 0.94 44840 
-26.31 75.10 29.50 -0.35 -0.28 0.70 44945 
-19.27 52.57 12.89 -0.50 -0.28 0.58 45049 
-10.30 20.36 -8.57 -0.49 -0.27 0.59 45154 
-6.99 36.16 -3.74 -0.61 -0.27 0.49 45258 
-13.11 4.74 -48.29 -1.20 0.04 0.44 45364 
44.63 4.82 -93.10 -0.41 -0.40 0.51 45468 
-29.31 98.84 48.82 -0.08 -0.78 0.74 45573 
-64.31 15.02 19.38 -1.26 0.05 0.21 45677 
12.25 -10.24 -82.24 -1.22 0.01 0.12 45782 
43.67 -100.11 -86.76 0.15 -0.62 0.96 45886 
-24.29 -11.27 15.19 -0.43 -0.31 0.34 45990 
13.45 -90.38 -41.95 -0.62 -0.38 0.57 46095 
40.09 -87.72 -48.18 -0.39 -0.47 0.93 46199 
17.55 -87.21 -49.35 -0.28 -0.45 1.02 46304 
-0.32 -69.25 -39.67 -0.10 -0.62 1.27 46408 
-0.05 -17.63 -13.54 -0.11 -0.50 1.06 46514 
3.95 -11.08 -25.84 -0.24 -0.45 0.97 46618 
-6.72 -17.06 -31.86 -0.32 -0.32 0.80 46723 
17.13 -20.87 -82.08 -0.30 -0.11 0.77 46827 
3.53 -66.13 -112.46 0.94 -0.80 1.58 46931 
32.48 46.01 58.83 0.41 -0.52 0.79 47036 
-11.28 -14.97 -4.36 -0.55 0.10 0.71 47140 
-5.35 -8.31 -103.95 -0.27 -0.20 0.74 47245 
-47.55 2.93 -31.29 0.97 -1.05 1.71 47349 
-47.93 38.24 40.61 -0.03 -0.39 0.99 47454 
-3.07 56.94 29.31 -0.12 -0.52 1.19 47558 
-22.97 87.66 37.56 -0.21 -0.45 0.95 47663 
-15.09 90.53 35.97 -0.27 -0.33 0.77 47767 
-8.58 73.02 16.60 -0.37 -0.28 0.55 47872 
-16.61 36.95 0.60 -0.46 -0.26 0.54 47977 
-1.95 17.56 4.37 -0.58 -0.29 0.48 48081 
6.12 6.30 -27.79 -0.96 0.02 0.57 48186 
37.66 28.54 -94.24 -0.86 -0.16 0.35 48290 
37.49 -40.82 -51.11 0.33 -0.96 1.37 48395 
-39.66 28.56 50.74 -0.75 -0.18 0.31 48499 
-6.79 -27.68 -41.72 -1.43 0.18 0.32 48604 
34.39 -32.11 -117.20 -0.64 -0.13 0.25 48708 
32.04 -75.30 -35.74 0.41 -0.91 1.06 48813 
-1.40 -35.73 -7.49 -0.47 -0.26 0.43 48917 
-6.44 -77.39 -30.65 -0.44 -0.39 0.78 49021 
12.93 -44.47 -48.02 -0.31 -0.48 0.95 49126 
5.50 -58.79 -35.47 -0.26 -0.51 1.00 49230 
1.98 -17.50 -10.20 -0.19 -0.67 1.19 49335 
-4.44 -5.43 -18.50 -0.41 -0.23 0.91 49439 
15.33 -23.14 -73.40 -0.57 -0.13 0.81 49545 
28.48 -82.29 -110.37 0.02 -0.20 0.78 49649 
7.79 42.61 6.62 0.79 -0.88 1.35 49754 
-29.66 12.27 33.90 -0.18 -0.27 0.68 49858 
-29.21 -29.72 -77.76 -0.77 0.11 0.76 49963 
19.22 -115.05 -126.18 0.45 -0.64 1.15 50067 
-61.14 85.39 44.82 0.58 -0.49 1.14 50171 
3.44 22.97 21.44 -0.13 -0.39 0.99 50276 
9.11 56.19 33.41 -0.04 -0.47 1.13 50380 
-2.48 62.34 30.77 -0.15 -0.39 0.99 50485 
-25.92 74.59 13.50 -0.28 -0.33 0.83 50589 
-10.01 51.50 11.86 -0.46 -0.41 0.81 50694 
-2.69 58.93 5.56 -0.47 -0.31 0.72 50798 
9.47 52.95 -2.79 -0.41 -0.36 0.59 50903 
-7.93 27.98 1.00 -0.73 -0.18 0.45 51007 
43.38 1.63 -104.68 -1.12 0.05 0.29 51112 
20.43 -39.95 -61.50 0.40 -1.12 1.65 51217 
-30.50 50.10 52.96 -0.60 -0.19 0.41 51321 
-5.21 -12.95 -25.00 -1.44 0.15 0.35 51426 
31.47 -4.85 -111.47 -0.75 -0.13 0.26 51530 
13.15 -35.89 -27.62 0.45 -0.88 1.08 51635 
-7.99 -42.02 3.49 -0.55 -0.13 0.29 51739 
11.34 -120.06 -38.01 -0.64 -0.23 0.67 51844 
18.40 -94.03 -53.70 -0.35 -0.37 0.94 51948 
2.98 -88.00 -52.54 -0.31 -0.33 1.03 52052 
-15.80 -69.21 -57.63 -0.08 -0.60 1.22 52157 
-33.21 2.29 -27.37 -0.10 -0.58 1.19 52261 
-7.15 21.57 -7.12 -0.23 -0.43 0.74 52366 
-32.56 -16.77 -69.00 -0.65 -0.04 0.77 52471 
13.82 -86.10 -118.86 0.46 -0.74 1.25 52576 
22.69 55.32 32.82 0.45 -0.75 0.83 52680 
10.69 -18.63 20.67 -0.37 -0.24 0.68 52785 
-2.92 -28.98 -84.01 -0.42 -0.20 0.87 52889 
10.93 -49.27 -73.32 0.66 -0.72 1.53 52994 
-9.57 49.25 50.54 0.18 -0.59 1.16 53098 
-16.31 76.95 39.85 -0.04 -0.61 0.99 53202 
-4.13 75.09 45.49 -0.22 -0.43 0.87 53307 
-5.49 66.79 31.37 -0.27 -0.32 0.80 53411 
-11.73 75.33 24.72 -0.46 -0.30 0.61 53516 
-4.04 30.24 -1.49 -0.44 -0.35 0.57 53620 
-5.11 20.76 12.37 -0.55 -0.32 0.55 53725 
-2.52 6.42 -27.85 -1.05 0.02 0.49 53829 
39.95 7.64 -108.34 -0.90 -0.12 0.38 53935 
54.28 -80.25 -88.05 0.41 -1.12 1.35 54039 
-4.66 56.56 67.70 -0.34 -0.49 0.58 54144 
-39.48 -5.90 8.92 -1.38 0.06 0.39 54248 
41.91 10.09 -97.50 -1.13 -0.05 0.27 54352 
15.72 -82.53 -109.43 0.22 -0.95 1.06 54457 
-7.76 51.39 49.29 -0.35 -0.44 0.30 54561 
-13.32 -95.78 -12.39 -0.65 -0.23 0.44 54666 
14.86 -112.55 -37.68 -0.50 -0.33 0.82 54770 
-4.37 -94.33 -57.06 -0.42 -0.17 0.92 54875 
-10.11 -80.54 -60.04 -0.14 -0.50 1.11 54979 
-29.84 -57.50 -48.01 -0.03 -0.49 1.17 55084 
-0.11 -32.81 -32.13 0.00 -0.46 1.12 55189 
15.21 14.05 -5.36 0.08 -0.57 1.18 55293 
-19.28 38.27 -37.80 -0.53 0.08 0.79 55398 
2.37 4.63 -99.40 0.08 -0.36 0.73 55502 
-2.08 -11.48 -41.89 0.85 -0.72 1.34 55607 
-34.81 8.79 25.48 0.25 -0.51 0.93 55711 
-21.59 -10.53 -25.67 -0.88 0.20 0.83 55816 
7.73 -50.93 -105.46 0.03 -0.40 0.79 55920 
-25.96 30.69 5.03 0.73 -0.98 1.42 56025 
-5.50 57.61 41.90 0.10 -0.43 0.96 56129 
11.57 60.43 39.79 -0.05 -0.44 1.19 56233 
-7.28 73.89 33.04 -0.20 -0.40 0.91 56338 
-16.98 56.73 12.35 -0.25 -0.30 0.82 56442 
-5.31 72.11 8.85 -0.34 -0.32 0.72 56547 
-0.66 71.89 3.70 -0.42 -0.37 0.64 56651 
-10.07 48.02 -11.89 -0.90 -0.03 0.45 56756 
34.05 0.87 -91.15 -1.00 -0.02 0.28 56860 
32.54 -84.95 -100.92 0.38 -1.04 1.39 56966 
-10.73 79.14 59.99 -0.43 -0.48 0.53 57070 
32.94 13.24 1.60 -1.48 -0.15 0.24 57175 
26.11 -26.67 -86.05 -0.97 -0.06 0.25 57279 
25.34 -99.08 -74.12 0.51 -0.95 1.49 57383 
-12.03 29.01 18.08 -0.62 -0.12 0.10 57488 
24.05 -132.50 -50.87 -0.48 -0.44 0.56 57592 
-0.18 -96.11 -53.71 -0.38 -0.39 0.88 57697 
-0.31 -98.27 -64.18 -0.24 -0.45 0.94 57801 
-13.24 -94.24 -60.78 -0.07 -0.50 1.09 57906 
-18.57 -39.82 -41.23 0.03 -0.57 1.13 58010 
4.94 -22.11 -15.36 -0.02 -0.51 0.99 58115 
-9.53 -18.06 -46.63 -0.30 -0.17 1.06 58220 
24.73 24.16 -94.40 -0.10 -0.26 0.74 58324 
-19.61 -20.00 -43.61 1.21 -0.98 1.55 58429 
-35.03 31.27 64.87 0.19 -0.40 0.77 58533 
-26.98 -10.61 -28.53 -0.71 0.14 0.82 58638 
18.00 -32.96 -88.98 -0.15 -0.17 0.82 58742 
-29.10 -40.45 -78.64 0.85 -0.67 1.40 58847 
-9.10 34.40 29.48 0.22 -0.53 1.01 58951 
11.36 40.53 29.10 -0.14 -0.42 1.23 59056 
-20.14 80.24 33.63 -0.10 -0.43 1.08 59160 
-15.33 95.67 45.40 -0.15 -0.43 0.89 59265 
-5.92 79.01 18.70 -0.34 -0.34 0.78 59369 
-3.68 65.79 3.91 -0.39 -0.35 0.64 59473 
-10.80 48.49 0.90 -0.43 -0.35 0.55 59578 
-3.03 15.61 -2.73 -0.70 -0.19 0.47 59683 
12.73 -16.43 -49.13 -0.98 0.07 0.48 59788 
38.13 -1.85 -112.79 -0.61 -0.20 0.42 59892 
-2.03 37.88 -5.33 0.12 -0.91 0.97 59997 
-52.41 16.81 32.46 -0.93 -0.10 0.43 60101 