-3.08 -4.07 -20.87 0.28 -0.20 0.96 5 
-2.60 -6.93 -23.39 0.26 -0.24 0.98 109 
-1.15 -5.13 -23.15 0.28 -0.24 0.99 214 
0.41 0.95 -15.71 0.29 -0.25 1.00 318 
5.38 -3.65 -24.46 0.06 -0.06 0.86 422 
-19.15 43.25 -79.58 0.22 0.17 0.73 527 
-2.81 -84.76 -89.23 0.94 -0.48 1.33 631 
39.92 68.55 29.20 0.78 -0.45 1.13 736 
-4.67 34.26 7.35 0.16 -0.23 0.80 840 
0.37 -9.02 -26.32 -0.46 0.22 0.58 944 
-27.76 -54.69 -91.21 0.14 -0.01 0.95 1048 
-18.17 -7.72 -36.28 1.15 -0.76 1.62 1153 
6.78 82.42 45.07 0.47 -0.28 1.07 1257 
28.92 51.08 17.81 -0.10 -0.20 1.30 1361 
5.75 34.94 25.45 -0.17 -0.12 1.36 1466 
11.98 99.21 1.73 0.06 -0.15 1.06 1570 
-16.73 157.00 11.44 -0.16 -0.18 0.79 1675 
-15.12 97.26 17.81 -0.40 -0.05 0.57 1779 
-3.67 68.18 -1.76 -0.33 0.03 0.58 1884 
2.55 64.90 -6.67 -0.64 0.03 0.54 1988 
28.40 39.92 -46.10 -1.26 0.42 0.16 2093 
51.01 -54.02 -128.79 -0.70 0.03 0.21 2197 
18.60 -5.01 -25.37 0.20 -0.60 1.44 2301 
-40.08 69.69 45.89 -0.79 0.01 0.40 2406 
-15.47 25.81 18.33 -1.16 0.31 0.11 2510 
12.50 -45.05 -76.18 -1.20 0.38 0.03 2615 
10.68 -47.30 -111.52 -0.43 -0.07 0.33 2719 
-64.43 26.79 3.79 -0.12 -0.34 0.79 2824 
45.06 -23.80 9.73 -0.57 -0.05 0.24 2928 
-33.86 -98.03 -33.02 -0.70 0.03 0.48 3033 
11.24 -166.25 -53.41 -0.49 -0.32 1.04 3137 
10.99 -119.96 -57.19 -0.45 -0.28 1.23 3241 
-12.77 -108.61 -84.99 -0.04 -0.28 1.45 3346 
0.51 -24.02 -35.99 -0.07 -0.34 1.14 3450 
-7.50 -22.67 -24.60 -0.23 -0.10 0.92 3555 
2.20 -8.00 -96.65 -0.39 0.21 0.69 3659 
-45.51 -70.17 -102.02 0.83 -0.81 1.33 3764 
52.63 44.54 59.12 0.74 -0.51 1.15 3868 
7.96 29.05 55.32 0.01 -0.28 0.76 3973 
5.31 -12.10 -27.79 -0.60 0.42 0.62 4077 
11.73 -50.15 -100.18 0.11 -0.06 0.87 4182 
8.89 -15.92 -27.61 1.05 -0.94 1.75 4286 
-7.72 104.15 42.89 0.23 -0.31 1.09 4390 
51.69 40.47 -6.24 -0.23 -0.14 1.23 4495 
10.84 66.26 0.87 -0.18 -0.01 1.03 4599 
-22.65 75.39 24.33 -0.14 -0.14 0.88 4704 
-2.59 138.34 25.17 -0.28 -0.05 0.59 4808 
-17.69 64.96 -1.09 -0.46 -0.03 0.52 4913 
-16.47 52.18 -3.47 -0.56 -0.01 0.60 5016 
-42.53 33.31 -23.25 -1.00 0.24 0.49 5121 
55.59 -2.83 -100.48 -1.18 0.15 0.12 5225 
68.16 -91.08 -99.56 0.28 -0.77 1.49 5329 
-21.45 71.05 69.02 -0.36 -0.37 0.72 5435 
-24.44 37.02 62.57 -0.90 0.05 0.25 5538 
-38.79 27.65 -16.34 -1.33 0.53 0.04 5643 
17.55 -55.42 -132.02 -1.01 0.26 0.04 5748 
149.77 -106.21 -85.42 0.48 -0.90 1.57 5853 
-45.66 34.54 57.37 -0.34 -0.34 0.37 5957 
-69.10 -67.40 -25.39 -0.77 0.22 0.34 6062 
-20.22 -141.25 -98.98 -0.77 -0.03 0.50 6166 
-13.27 -146.03 -70.25 -0.42 -0.39 0.90 6270 
6.48 -108.08 -49.36 -0.30 -0.46 1.08 6375 
34.95 -84.76 -31.49 -0.04 -0.47 1.56 6479 
9.68 -14.37 -30.08 0.01 -0.31 1.19 6584 
3.67 -0.79 -38.62 -0.36 0.03 0.90 6688 
-20.00 -50.37 -123.17 0.05 -0.18 0.64 6793 
-4.37 -7.81 -8.78 1.11 -0.99 1.72 6897 
16.87 39.95 75.24 0.36 -0.31 0.85 7002 
-6.66 0.99 20.55 -0.43 0.43 0.71 7105 
-7.02 -30.52 -128.83 -0.30 0.31 0.68 7209 
-87.75 -48.54 -110.23 1.20 -1.01 2.00 7314 
-51.44 125.69 124.92 0.31 -0.33 1.42 7419 
-13.79 107.24 72.18 -0.36 -0.25 0.96 7524 
24.95 70.04 19.79 -0.40 -0.21 0.84 7628 
4.01 4.79 0.56 -0.37 -0.21 0.78 7732 
16.66 61.29 1.31 -0.35 -0.16 0.79 7836 
5.08 63.45 -6.83 -0.53 -0.09 0.62 7941 
0.43 41.06 -17.29 -0.57 -0.09 0.63 8045 
6.54 22.26 -15.09 -0.86 0.07 0.39 8150 
30.20 -34.57 -85.71 -1.08 0.21 0.23 8254 
45.13 -81.75 -110.74 -0.11 -0.53 1.11 8358 
-26.03 103.08 66.27 -0.29 -0.41 0.94 8463 
-45.54 42.16 56.54 -1.01 0.13 0.23 8567 
-3.14 -25.01 -45.53 -1.25 0.41 0.02 8672 
26.31 -70.63 -133.63 -0.74 0.13 0.28 8776 
-114.38 46.54 -22.21 0.24 -0.48 1.41 8881 
-2.02 28.69 -11.37 -0.51 0.09 0.29 8985 
-22.49 -27.91 -54.34 -0.86 -0.01 0.34 9090 
-24.62 -98.15 -96.98 -0.56 -0.26 0.62 9194 
11.59 -105.87 -72.12 -0.41 -0.44 0.88 9298 
29.82 -107.45 -60.83 -0.23 -0.43 1.01 9403 
-12.44 -86.79 -71.85 0.08 -0.53 1.65 9507 
5.49 -4.15 -27.89 -0.02 -0.45 1.24 9612 
1.76 6.60 20.34 -0.11 -0.30 0.91 9716 
-4.24 -18.10 -78.82 -0.50 0.04 0.75 9821 
-22.63 -113.84 -107.78 0.65 -0.90 1.37 9925 
59.76 73.80 77.31 0.65 -0.47 1.09 10030 
38.53 28.69 51.59 -0.13 -0.22 0.72 10134 
7.67 -5.57 -19.56 -0.70 0.36 0.65 10238 
0.90 -31.64 -118.47 -0.11 0.38 0.64 10343 
-88.47 -73.17 -133.56 1.10 -1.42 1.95 10447 
31.04 134.73 57.49 0.37 -0.50 1.32 10553 
26.53 113.94 60.28 -0.32 -0.29 1.11 10657 
-4.63 126.18 27.81 -0.42 -0.20 0.62 10762 
-48.99 78.76 -4.82 -0.47 -0.23 0.61 10866 
-4.32 58.06 9.99 -0.42 -0.20 0.61 10971 
-7.66 49.59 6.93 -0.42 -0.15 0.48 11075 
-21.91 24.98 -7.63 -0.69 -0.11 0.44 11180 
-0.35 7.11 -16.79 -0.95 -0.05 0.31 11284 
26.57 -43.71 -83.92 -1.38 0.23 -0.03 11388 
31.40 -93.81 -111.22 -0.09 -0.36 0.43 11493 
-98.76 107.89 72.30 -0.05 -0.59 1.06 11597 
-60.22 77.16 43.12 -1.16 0.10 0.27 11702 
-3.89 20.27 -32.88 -1.36 0.42 0.01 11806 
22.78 -86.08 -121.92 -1.00 0.03 -0.05 11911 
49.66 -128.32 -109.56 0.60 -1.00 1.59 12015 
11.92 53.92 42.69 -0.28 -0.30 0.51 12120 
-14.96 -57.27 -6.04 -0.71 0.01 0.34 12224 
2.66 -99.14 -66.15 -0.49 -0.12 0.63 12328 
-17.81 -124.35 -62.73 -0.28 -0.43 0.91 12433 
-14.95 -103.74 -34.76 -0.00 -0.42 1.27 12537 
-18.01 -58.95 -36.42 0.13 -0.50 1.33 12642 
-3.08 -41.57 -15.31 0.11 -0.50 1.22 12746 
11.56 13.76 28.60 -0.13 -0.25 0.99 12851 
-8.79 4.22 -64.23 -0.56 0.22 0.83 12955 
-13.44 -89.31 -111.79 0.39 -0.39 1.00 13060 
97.96 63.32 74.34 0.80 -0.59 1.23 13164 
11.62 64.62 41.75 -0.05 -0.15 0.82 13268 
-86.39 -3.53 -57.96 -0.67 0.34 0.51 13373 
-24.98 -94.97 -101.01 0.07 -0.05 0.60 13478 
42.53 -61.69 -27.93 1.07 -1.10 1.88 13583 
-55.10 108.92 63.38 0.42 -0.32 1.17 13687 
-18.75 117.53 45.11 -0.39 -0.26 0.94 13792 
-14.49 90.92 15.87 -0.38 -0.32 1.09 13896 
-2.02 49.60 31.32 -0.37 -0.44 0.93 14001 
-4.47 88.72 40.69 -0.35 -0.24 0.56 14105 
-6.53 65.86 23.02 -0.52 -0.09 0.46 14210 
-13.99 29.37 -1.43 -0.62 -0.07 0.46 14314 
-11.79 20.21 -11.61 -0.73 -0.06 0.49 14418 
18.66 -16.63 -29.30 -1.26 0.13 0.47 14523 
48.02 -34.11 -127.47 -1.01 0.15 0.23 14627 
44.05 -113.01 -106.27 0.41 -0.88 1.65 14732 
-24.72 110.85 69.85 -0.46 -0.36 0.66 14836 
-45.73 34.41 33.43 -1.34 0.36 -0.00 14941 
25.71 -65.38 -115.51 -1.20 0.26 0.03 15045 
73.04 -83.41 -127.66 -0.22 -0.35 0.47 15150 
-40.34 53.28 38.95 -0.18 -0.56 0.80 15254 
-20.75 -30.54 -0.94 -0.67 -0.00 0.41 15358 
10.66 -45.01 -37.52 -0.67 -0.12 0.68 15463 
5.79 -46.14 -67.40 -0.61 -0.22 0.69 15567 
16.44 -73.47 -56.09 -0.43 -0.33 0.80 15673 
9.40 -108.93 -47.38 -0.15 -0.38 0.91 15777 
-6.12 -92.50 -48.24 -0.04 -0.37 1.32 15882 
11.40 -18.37 8.95 -0.17 -0.52 1.20 15986 
12.24 -24.83 -7.00 -0.46 0.06 0.86 16091 
-2.18 -49.93 -115.44 -0.20 0.06 0.60 16195 
-47.23 -47.98 -54.00 1.23 -1.14 1.93 16300 
1.39 73.25 54.38 0.45 -0.41 0.81 16404 
-1.08 8.40 -10.97 -0.74 0.38 0.55 16508 
6.19 -67.56 -105.00 -0.14 -0.07 0.46 16613 
-48.42 -40.22 -57.85 1.19 -1.19 2.00 16717 
-17.27 107.98 81.15 0.24 -0.42 1.11 16822 
41.10 38.98 40.23 -0.03 -0.41 1.07 16926 
13.53 62.22 62.12 -0.22 -0.34 0.87 17031 
62.37 67.38 -46.19 -0.03 -0.29 0.92 17135 
-21.91 87.73 15.31 -0.39 -0.08 0.59 17240 
7.68 63.28 -15.09 -0.44 -0.08 0.61 17344 
-4.82 40.33 -26.84 -0.52 -0.18 0.58 17448 
20.18 21.57 -21.21 -0.69 -0.14 0.54 17553 
16.59 14.63 -29.79 -1.07 0.15 0.36 17657 
16.70 -45.84 -124.43 -1.04 0.13 0.24 17762 
24.49 -130.38 -85.12 0.44 -0.87 1.76 17866 
-20.37 107.57 75.26 -0.44 -0.21 0.69 17971 
-21.82 23.45 16.47 -1.39 0.45 0.13 18075 
19.98 -45.76 -106.53 -1.09 0.21 0.18 18180 
79.96 -113.92 -102.33 0.01 -0.71 1.04 18285 
14.79 35.92 12.62 -0.32 -0.30 0.57 18390 
-12.89 -75.01 -36.85 -0.55 -0.18 0.52 18494 
9.61 -73.12 -50.94 -0.49 -0.26 0.94 18598 
1.50 -64.41 -44.45 -0.42 -0.40 0.96 18703 
-4.39 -76.76 -24.96 -0.29 -0.27 0.88 18807 
-13.22 -59.46 -37.75 -0.15 -0.41 1.01 18912 
3.31 -63.51 -34.86 -0.16 -0.37 1.10 19016 
11.53 -22.58 -25.77 0.02 -0.42 1.45 19121 
4.86 31.79 2.82 -0.13 -0.26 0.92 19225 
-4.64 -17.56 -79.71 -0.33 -0.09 0.86 19330 
-14.11 -88.66 -90.49 0.64 -0.68 1.45 19434 
21.56 56.56 48.11 0.49 -0.51 1.02 19538 
-5.70 23.92 35.79 -0.57 0.19 0.58 19643 
17.87 -45.01 -89.93 -0.36 0.04 0.56 19747 
-7.91 -87.49 -57.08 1.04 -0.93 1.82 19852 
-28.08 61.24 44.58 -0.08 -0.12 1.23 19956 
11.23 49.82 5.52 -0.23 -0.38 1.22 20061 
28.15 75.62 42.65 0.10 -0.33 1.02 20165 
-7.84 89.44 11.11 -0.23 -0.06 0.85 20270 
-6.33 91.89 15.77 -0.42 -0.11 0.66 20374 
13.37 78.36 19.79 -0.45 -0.10 0.57 20478 
2.50 30.27 -8.94 -0.49 -0.05 0.55 20583 
-2.85 61.68 0.22 -0.65 -0.08 0.45 20687 
2.45 -18.40 -37.93 -1.06 0.31 0.31 20792 
31.13 -29.41 -130.15 -0.83 0.09 0.35 20896 
36.51 -5.98 -27.18 0.21 -0.75 1.45 21001 
-26.74 60.85 58.10 -0.71 -0.06 0.50 21105 
-17.73 20.52 -16.43 -1.30 0.42 0.24 21210 
21.33 -30.03 -109.86 -0.96 0.16 0.11 21314 
61.11 -71.78 -69.28 0.19 -0.70 1.11 21419 
-15.56 -2.31 21.42 -0.35 -0.21 0.38 21523 
-42.58 -92.34 -40.43 -0.65 -0.08 0.59 21627 
4.24 -93.17 -63.27 -0.48 -0.34 0.95 21732 
-22.79 -65.29 -49.51 -0.45 -0.37 0.99 21836 
-1.72 -57.33 -60.69 -0.35 -0.43 0.96 21941 
16.60 -60.68 -42.20 -0.16 -0.38 0.96 22045 
16.53 -82.18 -46.73 0.08 -0.54 1.44 22150 
2.50 35.09 4.94 0.05 -0.48 1.16 22254 
4.67 2.26 -35.63 -0.46 0.07 0.68 22359 
-15.63 -60.69 -96.27 0.13 -0.21 0.74 22463 
43.84 73.19 42.51 0.68 -0.84 1.39 22567 
-0.52 40.21 38.92 -0.08 -0.27 0.58 22672 
-12.69 -31.69 -73.95 -0.59 0.21 0.59 22776 
-9.88 -143.99 -101.65 0.37 -0.56 1.50 22881 
-5.13 116.59 38.44 0.28 -0.50 1.50 22985 
-5.03 101.45 33.51 -0.05 -0.36 1.13 23090 
30.86 57.40 47.59 0.02 -0.38 0.81 23194 
11.28 96.74 32.35 -0.17 -0.24 0.75 23300 
-6.83 89.88 12.86 -0.36 -0.16 0.72 23404 
13.24 64.57 1.56 -0.58 -0.13 0.50 23508 
-1.33 -7.42 -18.29 -0.54 -0.23 0.63 23612 
-15.00 -2.06 -12.98 -0.66 -0.12 0.69 23716 
15.33 8.49 -34.75 -0.84 -0.00 0.55 23821 
0.50 -7.69 -84.84 -0.96 0.08 0.48 23925 
-9.70 -5.90 -100.44 -0.27 -0.26 0.51 24030 
-11.75 78.69 57.18 -0.12 -0.71 1.05 24134 
-60.30 44.85 50.75 -0.92 0.05 0.43 24240 
5.51 -8.92 -37.36 -1.34 0.37 0.36 24343 
46.11 -14.29 -108.31 -0.72 0.02 0.16 24449 
27.00 -117.04 -76.53 0.29 -0.69 0.96 24553 
-6.88 -31.82 17.92 -0.44 -0.24 0.58 24657 
-18.11 -85.88 -17.66 -0.61 -0.13 0.84 24762 
-15.64 -67.27 -40.09 -0.40 -0.33 1.03 24866 
-7.51 -60.56 -30.12 -0.32 -0.34 0.90 24971 
3.11 -93.44 -74.63 -0.22 -0.37 1.02 25075 
-6.35 -57.82 -56.03 0.04 -0.46 1.32 25180 
2.12 -4.24 -18.95 0.01 -0.47 1.10 25284 
6.45 -8.42 0.73 -0.15 -0.24 0.84 25389 
-7.72 -20.58 -90.44 -0.27 0.11 0.94 25493 
-35.03 -97.07 -117.40 0.53 -0.70 1.20 25597 
41.04 66.53 65.18 0.62 -0.69 1.03 25702 
8.33 17.77 63.28 -0.25 -0.11 0.62 25806 
-1.46 -36.09 -67.92 -0.55 0.18 0.74 25911 
-23.19 -157.86 -121.32 0.53 -0.52 1.56 26015 
-2.80 144.95 63.60 0.72 -0.52 1.36 26120 
15.47 120.02 34.87 0.16 -0.38 1.10 26224 
51.37 111.03 47.62 0.05 -0.43 0.97 26329 
46.34 108.19 12.31 -0.14 -0.30 0.71 26433 
-12.63 105.63 -0.01 -0.43 -0.11 0.53 26537 
-29.08 53.32 -4.08 -0.60 -0.08 0.54 26642 
-8.82 28.63 -6.12 -0.67 -0.11 0.56 26746 
2.07 26.71 -18.16 -0.93 -0.01 0.42 26851 
7.66 -22.90 -78.00 -1.15 0.23 0.29 26955 
5.77 -59.65 -106.82 -0.29 -0.33 0.57 27060 
-40.01 83.82 55.47 -0.03 -0.65 0.95 27164 
-51.92 48.86 45.11 -1.05 0.11 0.37 27269 
0.55 14.89 -49.32 -1.27 0.30 0.19 27373 
16.34 -38.33 -101.75 -0.56 -0.10 0.20 27478 
-42.85 -5.34 2.85 0.03 -0.47 0.76 27582 
-10.63 -48.05 -10.89 -0.57 0.10 0.24 27686 
4.82 -123.76 -58.26 -0.72 -0.17 0.71 27791 
-10.13 -88.49 -73.52 -0.47 -0.37 1.03 27895 
-26.94 -78.55 -39.81 -0.22 -0.44 1.01 28000 
-8.18 -57.57 -50.43 -0.23 -0.39 1.07 28104 
6.78 -34.21 -44.98 0.05 -0.54 1.47 28209 
-2.18 9.27 -15.20 -0.01 -0.38 1.02 28313 
-10.24 2.87 -14.94 -0.26 -0.18 0.86 28418 
-30.92 -10.61 -97.55 -0.22 -0.02 0.84 28523 
-9.71 -87.90 -80.19 0.85 -0.91 1.61 28627 
3.73 40.48 56.18 0.41 -0.56 0.88 28732 
-2.50 -15.82 41.85 -0.61 0.30 0.72 28836 
9.27 -31.29 -93.95 -0.44 0.09 0.75 28941 
-30.84 -132.08 -119.57 0.69 -0.87 2.00 29045 
-5.24 113.02 69.17 0.37 -0.53 1.24 29150 
11.75 81.78 41.24 -0.10 -0.31 0.84 29254 
16.51 83.66 16.95 -0.04 -0.35 0.83 29359 
18.02 100.09 38.56 -0.39 -0.22 0.83 29463 
6.03 99.78 12.45 -0.38 -0.12 0.47 29568 
-26.83 31.44 -11.56 -0.46 0.02 0.47 29672 
3.24 10.79 -9.31 -0.66 -0.06 0.56 29776 
12.84 -5.06 -24.41 -0.78 -0.07 0.69 29881 
1.31 3.82 -23.85 -0.65 -0.11 0.71 29985 
-0.44 4.46 -37.22 -0.97 0.09 0.52 30090 
12.03 -18.74 -94.69 -0.87 0.02 0.36 30194 
0.98 -56.35 -52.07 0.34 -0.70 1.51 30299 
-24.80 72.05 51.98 -0.68 -0.08 0.52 30403 
-8.67 9.66 -21.55 -1.36 0.31 0.28 30508 
32.47 -36.39 -98.14 -0.86 0.09 0.15 30612 
40.33 -134.67 -90.06 0.25 -0.58 1.17 30716 
0.21 5.50 -0.46 -0.42 -0.02 0.40 30821 
-3.13 -107.56 -54.27 -0.37 -0.38 0.77 30925 
-1.88 -70.02 -39.10 -0.35 -0.37 0.94 31030 
-12.24 -64.06 -39.89 -0.38 -0.43 1.03 31134 
18.69 -102.50 -42.08 -0.26 -0.40 1.07 31239 
21.47 -76.98 -44.97 -0.06 -0.41 1.30 31343 
15.33 -22.46 -22.26 -0.05 -0.37 1.17 31448 
20.62 1.12 11.85 -0.13 -0.23 0.91 31552 
3.82 -53.92 -65.69 -0.28 0.22 0.85 31656 
-2.50 -110.08 -87.47 0.67 -0.57 1.44 31761 
71.39 63.95 86.18 0.59 -0.54 1.06 31865 
15.91 36.37 52.57 -0.24 0.13 0.59 31970 
-51.45 -36.72 -77.62 -0.45 0.30 0.66 32074 
-21.98 -124.95 -126.17 0.60 -0.63 1.90 32179 
39.24 199.09 59.40 0.52 -0.35 1.44 32283 
-42.89 166.83 35.93 -0.16 -0.20 0.87 32388 
-8.01 138.05 5.27 -0.22 -0.15 0.67 32492 
25.63 65.25 16.80 -0.50 -0.17 0.56 32596 
12.64 40.29 -7.89 -0.52 -0.10 0.54 32701 
6.25 22.50 -28.21 -0.56 -0.11 0.56 32805 
3.67 8.66 -27.82 -0.63 -0.14 0.54 32910 
-6.72 -11.46 -20.28 -0.86 -0.00 0.48 33014 
7.66 -29.70 -74.72 -1.10 0.18 0.45 33119 
32.78 -83.62 -83.69 -0.17 -0.43 1.01 33223 
11.08 103.24 41.87 -0.31 -0.40 0.95 33329 
-31.84 53.34 22.69 -1.19 0.15 0.27 33433 
24.79 -32.76 -87.69 -1.23 0.36 0.02 33538 
64.11 -114.19 -96.78 0.31 -0.89 1.28 33642 
9.40 25.69 29.99 -0.25 -0.35 0.41 33746 
-30.38 -80.47 -34.95 -0.59 -0.13 0.41 33851 
-20.43 -102.46 -63.39 -0.39 -0.18 0.86 33955 
-10.82 -125.24 -61.59 -0.27 -0.32 0.98 34060 
-30.44 -125.53 -88.75 0.01 -0.66 1.55 34164 
15.73 -8.79 -33.63 0.02 -0.65 1.33 34269 
31.07 8.03 -7.58 0.06 -0.46 1.11 34373 
13.84 16.50 17.40 -0.01 -0.25 0.87 34478 
-26.65 -13.52 -63.09 -0.39 0.07 0.89 34582 
-37.01 -87.90 -77.27 0.38 -0.59 0.99 34686 
64.54 82.73 62.45 0.73 -0.63 1.12 34791 
46.11 44.59 38.20 -0.16 -0.07 0.57 34895 
-62.50 -65.80 -64.49 -0.68 0.35 0.68 35000 
-13.27 -116.62 -107.73 0.84 -1.09 2.00 35104 
56.74 150.21 53.74 0.21 -0.28 1.27 35209 
15.03 122.96 28.64 0.03 -0.34 1.14 35313 
-45.26 106.34 16.08 -0.10 -0.20 0.69 35419 
0.73 97.89 19.99 -0.31 -0.21 0.54 35523 
1.44 64.11 8.84 -0.56 -0.08 0.45 35628 
-2.35 17.08 -10.06 -0.68 -0.13 0.48 35732 
-6.90 0.21 -11.28 -0.72 -0.07 0.55 35835 
24.34 -10.63 -37.09 -1.00 0.01 0.38 35941 
13.29 -56.04 -95.19 -0.77 -0.10 0.32 36045 
19.56 -61.94 -42.24 0.48 -0.81 1.61 36150 
-10.49 65.60 39.32 -0.63 -0.16 0.67 36254 
-16.63 17.56 -18.65 -1.33 0.28 0.32 36359 
31.72 -28.31 -89.76 -0.67 0.01 0.08 36463 
-5.63 -35.34 -18.08 0.20 -0.48 1.07 36568 
29.42 -4.72 -29.61 -0.54 0.08 0.24 36672 
-32.50 -122.31 -74.18 -0.50 -0.24 0.66 36776 
-8.56 -98.31 -60.11 -0.34 -0.36 0.90 36881 
-13.24 -111.71 -33.95 -0.20 -0.53 1.23 36985 
5.47 -52.27 -60.61 0.01 -0.52 1.55 37090 
34.82 8.37 16.87 0.03 -0.51 1.00 37194 
13.55 -6.40 -10.54 -0.29 -0.07 0.84 37299 
-6.86 -40.76 -79.72 -0.28 -0.02 0.74 37403 
-22.49 -61.21 -68.98 1.22 -0.66 1.63 37508 
19.69 60.40 47.10 0.43 -0.43 0.92 37612 
4.73 8.60 19.47 -0.49 0.20 0.71 37716 
-1.10 -25.86 -109.34 -0.32 0.08 0.68 37821 
-37.21 -2.01 -48.67 1.10 -1.08 2.00 37925 
-27.20 127.16 52.67 0.11 -0.37 1.10 38030 
4.59 39.50 52.31 -0.10 -0.31 0.89 38134 
16.80 119.76 27.82 -0.17 -0.09 0.76 38239 
0.20 83.13 3.51 -0.38 -0.11 0.56 38343 
2.93 23.85 -19.37 -0.46 -0.14 0.59 38448 
-14.40 21.36 -18.95 -0.55 -0.19 0.71 38552 
-3.05 13.56 -19.33 -0.74 -0.05 0.67 38657 
-0.01 2.02 -44.48 -1.04 0.14 0.60 38761 
58.06 4.52 -97.66 -0.62 -0.14 0.27 38865 
-2.09 -32.27 -15.19 0.29 -0.74 1.33 38970 
-22.50 61.66 32.50 -0.77 0.00 0.56 39074 
3.73 10.85 -25.81 -1.32 0.29 0.25 39179 
34.02 -32.82 -93.30 -0.51 -0.04 0.31 39283 
-26.40 -14.21 -10.84 0.02 -0.39 0.86 39388 
-2.59 -23.69 -34.89 -0.51 -0.02 0.30 39492 
-3.53 -111.70 -63.79 -0.53 -0.32 0.76 39597 
-1.92 -103.05 -36.47 -0.44 -0.33 0.99 39701 
-4.27 -104.56 -59.81 -0.22 -0.44 1.27 39805 
19.63 -77.53 -45.34 -0.10 -0.32 1.30 39910 
8.98 3.94 -15.18 -0.06 -0.36 1.19 40014 
0.19 8.67 -18.59 -0.38 -0.04 0.85 40119 
-7.93 -45.68 -88.18 -0.07 -0.16 0.70 40223 
-15.32 -32.40 -30.93 1.06 -0.88 1.70 40328 
27.88 60.08 56.88 0.32 -0.26 0.82 40432 
-23.65 8.40 -13.19 -0.67 0.46 0.65 40537 
-40.89 -57.53 -118.51 -0.17 -0.03 0.49 40641 
18.69 30.24 -2.76 0.89 -1.35 2.00 40745 
-6.83 119.86 19.27 0.04 -0.36 1.13 40850 
31.93 69.80 25.18 -0.11 -0.27 0.89 40954 
-38.37 65.51 14.61 -0.19 -0.23 0.82 41059 
12.76 48.40 11.74 -0.41 -0.18 0.81 41163 
22.88 69.83 9.56 -0.39 -0.21 0.72 41268 
-1.28 48.21 0.44 -0.51 -0.16 0.55 41372 
-9.91 11.95 -11.57 -0.75 -0.01 0.50 41477 
14.31 -26.05 -67.34 -1.02 0.19 0.46 41581 
28.92 -55.34 -105.53 -0.06 -0.62 1.00 41687 
-33.71 82.76 44.12 -0.33 -0.50 0.88 41791 
-30.37 23.40 0.24 -1.09 0.09 0.53 41895 
20.53 4.50 -57.56 -1.07 0.16 0.34 42000 
23.04 -78.60 -99.38 -0.10 -0.62 1.01 42104 
-30.08 70.50 34.97 -0.43 -0.27 0.59 42209 
-6.13 -62.44 -22.95 -0.63 -0.06 0.36 42313 
12.62 -104.31 -49.81 -0.49 -0.20 0.73 42418 
-2.37 -69.87 -39.00 -0.40 -0.39 0.99 42522 
-28.86 -97.60 -57.82 -0.21 -0.23 1.09 42627 
-1.89 -63.35 -33.20 -0.13 -0.28 1.27 42731 
-10.78 -21.15 -38.06 -0.10 -0.28 1.09 42835 
12.53 -9.31 -28.30 -0.41 0.11 0.86 42940 
-81.36 -38.71 -130.35 0.09 -0.09 0.90 43044 
24.05 65.62 14.49 0.92 -0.96 1.39 43149 
21.04 35.66 74.21 -0.13 -0.16 0.70 43253 
-29.07 -12.42 -61.97 -0.66 0.39 0.65 43358 
8.26 -123.23 -99.81 0.24 -0.32 0.84 43462 
85.45 48.55 58.89 0.59 -0.60 1.19 43567 
40.73 46.89 3.71 -0.05 -0.19 1.16 43671 
-75.62 39.77 -6.99 -0.06 -0.07 1.23 43776 
2.20 37.97 -4.53 -0.09 -0.24 1.12 43880 
32.92 71.51 14.08 -0.16 -0.25 1.03 43984 
0.95 70.75 8.93 -0.31 -0.24 0.84 44089 
11.53 71.40 10.73 -0.41 -0.22 0.75 44193 
5.93 59.85 -5.88 -0.40 -0.21 0.70 44298 
2.76 64.05 -1.17 -0.62 -0.08 0.55 44402 
26.67 25.52 -66.58 -1.18 0.19 0.30 44507 
-3.60 -65.85 -105.73 -0.27 -0.28 0.76 44611 
-29.14 104.11 55.33 -0.32 -0.26 0.84 44716 
-31.82 50.72 33.37 -1.09 0.25 0.27 44820 
23.10 -29.24 -101.21 -1.37 0.32 0.13 44924 
92.66 -77.92 -117.88 -0.23 -0.36 0.83 45029 
-0.18 64.53 17.81 -0.44 -0.34 0.60 45133 
0.44 -23.77 -12.01 -0.65 -0.21 0.41 45238 
7.63 -43.27 -10.85 -0.60 -0.09 0.41 45342 
-5.16 -66.33 -22.56 -0.55 0.08 0.52 45447 
11.85 -112.78 -49.89 -0.40 -0.09 0.82 45551 
-17.02 -120.18 -51.69 -0.28 -0.15 1.06 45657 
-24.79 -96.54 -42.86 -0.21 -0.29 1.32 45761 
8.29 -57.31 -31.69 -0.15 -0.38 1.17 45865 
0.29 -22.89 -23.50 0.03 -0.32 1.41 45970 
-2.63 13.48 -24.85 -0.37 -0.02 0.95 46074 
-65.33 -24.90 -116.02 0.01 -0.14 0.82 46179 
-20.69 23.66 -25.28 0.97 -0.74 1.53 46283 
3.47 34.72 46.34 0.08 -0.27 0.58 46388 
-33.79 -37.53 -75.82 -0.65 0.51 0.56 46492 
-78.18 -136.11 -119.55 0.81 -1.03 1.98 46597 
69.34 111.76 75.42 0.21 -0.33 1.23 46701 
46.80 28.62 30.78 -0.36 -0.27 1.09 46806 
-19.44 41.89 19.04 -0.09 -0.25 0.92 46910 
15.66 58.89 10.04 -0.22 -0.21 0.82 47014 
8.79 61.17 -0.17 -0.29 -0.21 0.88 47119 
-3.27 54.81 -0.27 -0.43 -0.17 0.74 47223 
10.25 28.43 -0.63 -0.61 -0.10 0.75 47328 
9.56 36.94 -13.79 -0.60 -0.08 0.56 47432 
17.15 16.07 -20.60 -0.63 -0.19 0.62 47537 
-19.68 7.99 -16.73 -0.84 -0.02 0.55 47641 
12.85 -9.89 -86.19 -0.95 0.14 0.43 47746 
36.01 -72.51 -77.47 0.15 -0.67 1.46 47850 
-14.15 65.63 46.66 -0.63 -0.13 0.60 47954 
-14.76 13.89 -21.40 -1.44 0.48 0.24 48059 
49.27 -49.76 -117.41 -0.74 0.11 0.10 48163 
-7.62 -58.12 -47.83 0.07 -0.55 0.94 48268 
-18.37 -50.56 -28.27 -0.45 -0.18 0.51 48372 
-16.31 -71.24 -35.05 -0.50 -0.29 0.87 48477 
-3.70 -47.09 -39.28 -0.43 -0.24 0.81 48581 
1.18 -65.56 -28.94 -0.36 -0.27 0.91 48686 
-4.03 -68.56 -37.70 -0.27 -0.37 0.95 48790 
-9.19 -101.53 -38.96 -0.12 -0.27 1.15 48894 
2.39 -24.47 -39.44 -0.00 -0.48 1.40 48999 
-3.14 -3.89 -31.33 -0.06 -0.25 0.96 49103 
5.87 -37.46 -59.56 -0.20 0.05 0.83 49208 
12.09 -112.74 -78.95 0.72 -0.86 1.60 49312 
46.73 74.01 57.60 0.49 -0.55 0.94 49418 
34.22 26.21 27.38 -0.55 0.27 0.54 49522 
-54.56 -61.67 -110.37 -0.29 0.19 0.64 49627 
-9.39 -58.55 -82.55 1.00 -1.20 2.00 49731 
17.08 106.86 64.49 0.32 -0.30 1.11 49836 
28.31 126.79 63.51 0.06 -0.26 0.95 49940 
-16.12 77.18 14.95 -0.09 -0.25 0.88 50044 
-6.32 88.82 4.73 -0.23 -0.16 0.70 50149 
2.87 71.23 -6.72 -0.40 -0.10 0.62 50253 
-1.08 38.98 -12.24 -0.60 -0.08 0.53 50358 
4.37 6.50 -22.56 -0.65 -0.10 0.60 50462 
-9.05 -5.45 -23.75 -0.87 0.06 0.52 50567 
12.80 -43.66 -75.77 -0.90 0.10 0.46 50671 
25.33 -92.11 -82.82 0.40 -0.89 1.67 50776 
-27.85 94.77 43.79 -0.40 -0.24 0.85 50880 
-10.95 43.45 -0.05 -1.19 0.10 0.38 50984 
5.99 -4.35 -55.50 -1.09 0.21 0.21 51089 
12.16 -43.85 -94.74 -0.09 -0.55 0.78 51193 
-49.48 8.91 10.29 -0.14 -0.36 0.39 51298 
4.12 -113.87 -0.59 -0.44 -0.13 0.43 51402 
9.32 -152.45 -69.36 -0.50 -0.01 1.08 51507 
-8.05 -96.64 -59.69 -0.38 -0.40 1.18 51611 
-7.89 -69.96 -61.27 -0.22 -0.33 1.13 51716 
0.10 -74.22 -46.80 -0.01 -0.49 1.23 51820 
15.56 -9.48 -29.18 0.14 -0.42 1.34 51924 
6.06 22.04 -6.88 -0.09 -0.14 0.82 52029 
-13.87 -45.22 -101.96 -0.14 -0.07 0.74 52133 
-9.96 -61.67 -69.39 1.21 -0.80 1.78 52238 
16.96 68.85 44.98 0.28 -0.40 0.86 52342 
-5.55 11.59 -15.07 -0.59 0.27 0.49 52447 
-64.70 -100.32 -102.08 -0.05 -0.15 0.58 52551 
55.51 59.89 44.81 0.83 -1.00 1.63 52656 
42.28 124.14 27.31 0.07 -0.26 1.27 52760 
-5.15 93.65 22.08 -0.26 -0.19 0.73 52865 
15.60 67.43 9.08 -0.35 -0.23 0.68 52969 
0.37 82.30 23.30 -0.46 -0.14 0.65 53073 
12.50 65.26 4.26 -0.49 -0.13 0.60 53178 
-5.63 54.47 -4.96 -0.51 -0.06 0.54 53282 
-8.17 30.76 -22.16 -0.60 -0.07 0.42 53387 
-10.56 -16.48 -42.24 -0.94 0.06 0.48 53491 
18.50 -10.51 -84.94 -1.03 0.08 0.34 53596 
50.08 -102.79 -82.53 0.51 -1.05 1.80 53700 
-13.03 101.95 46.82 -0.58 -0.21 0.53 53805 
-33.85 24.89 1.69 -1.43 0.33 0.12 53909 
18.70 -36.57 -93.73 -1.01 0.14 0.04 54013 
18.76 -95.77 -66.26 0.18 -0.67 1.04 54118 
-6.37 -19.47 2.38 -0.36 -0.23 0.47 54222 
-5.47 -106.23 -32.89 -0.59 -0.27 0.56 54327 
3.80 -104.85 -41.42 -0.40 -0.27 0.94 54431 
-9.79 -86.38 -56.05 -0.29 -0.28 0.87 54536 
-0.88 -118.24 -62.56 -0.14 -0.52 1.34 54640 
27.34 -14.02 -27.08 0.02 -0.53 1.54 54745 
16.33 5.11 -8.95 -0.08 -0.17 0.93 54849 
-13.81 -11.11 -78.56 -0.24 -0.06 0.94 54953 
-31.78 -96.10 -113.34 0.46 -0.47 1.05 55059 
66.21 89.35 40.08 0.64 -0.80 0.98 55163 
54.20 14.22 47.40 -0.35 -0.16 0.58 55268 
-32.62 -44.03 -52.03 -0.53 0.20 0.72 55372 
-63.70 -143.59 -145.94 0.51 -0.74 1.63 55477 
79.93 155.53 88.73 0.55 -0.60 1.32 55581 
38.54 70.85 57.66 -0.31 -0.16 1.20 55686 
-90.79 75.08 22.27 -0.23 -0.23 0.82 55790 
1.07 93.18 27.87 -0.32 -0.18 0.68 55895 
25.47 53.17 14.50 -0.39 -0.16 0.67 55999 
0.47 42.77 -4.20 -0.50 -0.17 0.66 56103 
-6.16 33.20 -12.48 -0.53 -0.07 0.61 56208 
0.17 18.55 -25.55 -0.59 -0.17 0.60 56312 
-3.88 7.85 -19.61 -0.71 -0.11 0.59 56417 
-0.37 -23.95 -61.97 -1.12 0.18 0.43 56521 
5.14 -19.99 -100.66 -0.37 -0.26 0.60 56626 
-29.43 93.85 36.74 -0.02 -0.57 1.00 56730 
-41.28 53.11 24.96 -1.03 0.17 0.41 56835 
-10.43 -8.37 -51.05 -1.33 0.31 0.16 56939 
-7.53 -57.44 -114.33 -0.19 -0.21 0.50 57043 
-35.56 21.21 16.36 -0.09 -0.34 0.70 57148 
18.34 -62.24 -9.15 -0.57 -0.03 0.39 57252 
-12.32 -98.98 -39.08 -0.51 -0.26 0.85 57357 
9.18 -80.15 -57.40 -0.33 -0.43 1.03 57461 
-4.19 -86.82 -43.25 -0.28 -0.30 1.19 57566 
-8.96 -36.77 -57.58 -0.14 -0.42 1.13 57670 
-13.60 -35.79 -44.58 -0.16 -0.38 1.10 57775 
6.97 -26.33 -21.83 -0.15 -0.32 0.99 57879 
11.60 -11.97 -19.69 -0.15 -0.20 0.82 57984 
-5.05 -62.53 -68.60 0.03 -0.07 0.60 58088 
39.11 27.05 -5.21 1.13 -1.10 1.95 58192 
22.04 50.72 21.51 -0.08 -0.10 0.62 58297 
-36.79 -43.83 -79.24 -0.54 0.06 0.71 58401 
-27.60 -126.61 -90.82 0.75 -0.48 1.07 58506 
30.70 79.99 27.23 0.60 -0.26 0.87 58610 
59.38 40.90 1.26 -0.17 -0.11 1.19 58715 
-48.05 9.15 5.96 -0.03 -0.29 1.08 58819 
7.32 51.69 27.33 -0.05 -0.42 1.18 58924 
23.31 76.66 25.49 -0.04 -0.34 1.04 59028 
-3.40 122.01 21.27 -0.16 -0.22 0.79 59132 
8.44 88.39 10.46 -0.32 -0.15 0.55 59237 
-3.45 46.23 -5.98 -0.39 -0.12 0.57 59341 
-18.74 19.96 -16.29 -0.70 0.06 0.47 59446 
-30.06 -31.50 -70.46 -1.11 0.49 0.56 59550 
27.49 -14.51 -108.56 -0.61 -0.06 0.48 59656 
36.52 -5.09 -23.11 0.44 -0.72 1.37 59760 
-4.62 72.40 57.69 -0.65 -0.04 0.51 59865 
-6.67 9.62 -23.31 -1.44 0.41 0.31 59969 
37.89 -14.83 -100.14 -0.73 0.07 0.12 60073