14.21 47.16 -32.23 0.33 -0.47 1.08 6 
-1.34 42.15 -29.51 0.23 -0.38 1.01 109 
-14.73 34.73 -54.14 0.01 -0.34 0.91 214 
-0.13 19.17 -33.29 0.12 -0.57 1.02 318 
25.40 -15.76 -41.73 -0.21 -0.05 0.76 422 
7.10 -8.76 -158.63 -0.02 0.04 0.69 527 
-34.96 22.34 -57.23 1.09 -1.17 1.60 631 
-5.92 27.06 35.45 0.25 -0.39 0.92 736 
-13.40 -9.15 36.37 -0.23 -0.04 0.83 840 
9.85 9.24 -73.01 -0.41 0.29 0.68 945 
-51.94 -20.29 -157.14 0.64 -1.03 1.73 1049 
-18.68 45.47 19.87 0.39 -0.70 1.19 1154 
-75.30 83.70 33.31 -0.20 -0.38 0.90 1258 
25.20 26.79 15.92 -0.28 -0.57 0.98 1362 
29.47 63.74 24.00 -0.11 -0.46 1.00 1467 
7.60 78.05 22.96 -0.30 -0.24 0.75 1571 
-29.18 107.54 19.76 -0.51 -0.19 0.55 1676 
-3.15 69.77 4.02 -0.56 -0.25 0.50 1780 
-10.68 66.72 9.93 -0.76 -0.10 0.37 1885 
12.53 28.31 -34.69 -1.27 0.22 0.01 1989 
59.76 -5.24 -100.81 -0.65 -0.25 0.31 2094 
-54.03 6.37 -6.48 0.04 -0.85 1.10 2197 
-62.05 34.27 40.12 -1.01 0.04 0.12 2301 
19.86 -4.27 -40.50 -1.34 0.28 -0.11 2406 
48.74 -56.83 -111.51 -0.72 -0.06 0.08 2510 
17.97 -65.66 -43.04 0.01 -0.71 1.04 2615 
-21.01 -7.98 9.63 -0.45 -0.29 0.35 2719 
-26.73 -75.04 -12.32 -0.64 -0.22 0.26 2824 
-19.47 -175.65 -82.58 -0.44 -0.50 0.75 2928 
-9.19 -108.17 -68.92 -0.35 -0.56 1.03 3033 
-20.70 -47.08 -39.47 -0.29 -0.77 1.33 3138 
21.75 -4.03 -13.37 -0.38 -0.46 0.98 3241 
27.29 -26.23 -27.50 -0.37 -0.27 0.86 3346 
-15.68 5.00 -120.94 -0.31 -0.03 0.63 3450 
-20.59 -99.58 -111.53 0.74 -1.29 1.41 3556 
30.77 9.30 54.44 0.40 -0.51 0.96 3659 
-35.69 1.98 20.99 -0.20 -0.35 0.75 3764 
14.62 18.48 -56.45 -0.56 0.21 0.74 3868 
-9.47 -104.87 -148.47 0.51 -0.94 1.47 3973 
5.58 66.49 40.11 0.31 -0.58 1.24 4077 
-32.37 57.02 -13.08 -0.34 -0.41 0.94 4182 
7.35 5.33 -7.15 -0.09 -0.62 1.10 4286 
13.31 89.21 25.71 -0.13 -0.50 0.98 4390 
6.47 100.01 12.70 -0.11 -0.43 0.85 4495 
-6.83 89.95 26.98 -0.34 -0.32 0.61 4599 
-2.53 49.02 6.44 -0.50 -0.34 0.53 4704 
-18.46 55.56 30.41 -0.70 -0.18 0.39 4808 
10.35 6.99 -23.34 -1.06 0.15 0.31 4913 
71.31 16.20 -92.25 -0.98 -0.07 0.29 5017 
17.25 -67.50 -75.89 0.00 -0.75 1.33 5122 
-48.15 95.99 67.91 -0.62 -0.24 0.50 5226 
-10.24 29.03 -8.85 -1.40 0.21 -0.04 5330 
36.68 -33.37 -103.63 -1.01 0.01 0.04 5435 
30.40 -82.79 -87.89 -0.26 -0.63 0.74 5539 
-32.34 39.56 25.92 -0.44 -0.29 0.34 5644 
3.36 -63.69 -22.97 -0.61 -0.24 0.26 5748 
-26.91 -80.18 -50.82 -0.50 -0.45 0.52 5853 
-16.78 -133.33 -66.20 -0.41 -0.58 0.96 5957 
14.61 -99.60 -50.25 -0.33 -0.51 0.87 6062 
20.92 -65.44 -40.72 -0.21 -0.71 1.21 6166 
19.07 23.24 -2.69 -0.15 -0.76 1.07 6270 
25.77 2.92 -12.74 -0.34 -0.16 0.57 6375 
61.97 -51.16 -93.57 -0.27 0.06 0.44 6479 
-48.73 -15.96 -54.47 1.11 -1.32 2.00 6584 
-43.06 29.53 22.48 0.16 -0.34 0.88 6688 
-48.78 -10.08 -17.21 -0.53 0.02 0.58 6793 
58.70 -25.92 -67.92 -0.28 -0.11 0.81 6897 
44.24 -47.66 -89.36 0.96 -1.03 1.68 7002 
-13.29 44.58 37.11 0.07 -0.36 1.17 7106 
-44.95 93.31 3.90 -0.26 -0.45 1.21 7211 
15.40 85.92 16.05 0.05 -0.51 1.05 7315 
10.31 124.81 26.29 -0.18 -0.33 0.69 7419 
24.66 113.21 26.00 -0.40 -0.22 0.54 7524 
-32.58 67.76 13.52 -0.56 -0.22 0.45 7628 
1.21 41.70 -5.24 -0.70 -0.25 0.39 7733 
-26.79 19.94 -9.02 -0.92 -0.08 0.20 7837 
60.83 -26.96 -88.08 -1.09 0.02 0.15 7942 
44.05 -53.76 -86.38 -0.30 -0.70 0.97 8046 
-54.23 103.96 67.83 -0.51 -0.46 0.65 8151 
-45.75 28.69 18.62 -1.18 0.18 0.12 8255 
56.73 -33.54 -94.00 -1.23 0.13 -0.11 8359 
43.68 -40.66 -78.95 -0.20 -0.71 0.98 8464 
-74.19 51.62 37.31 -0.32 -0.34 0.36 8568 
-11.83 -93.21 -59.27 -0.79 -0.05 0.19 8673 
-20.17 -89.82 -80.62 -0.64 -0.32 0.69 8777 
17.50 -88.53 -68.79 -0.45 -0.60 0.72 8882 
-13.76 -83.21 -45.47 -0.35 -0.65 0.89 8986 
10.09 -68.06 -28.67 -0.32 -0.63 1.01 9091 
2.89 -44.24 -8.71 -0.37 -0.57 1.06 9195 
26.42 12.63 -39.40 -0.59 -0.07 0.77 9299 
8.30 -72.92 -120.71 0.13 -0.35 0.87 9404 
22.68 81.50 50.01 0.55 -0.99 1.28 9508 
-36.28 16.44 24.43 -0.29 -0.31 0.50 9613 
-24.24 -15.78 -66.45 -0.80 0.12 0.63 9717 
23.19 -87.89 -126.11 0.14 -0.44 0.95 9822 
36.66 95.10 76.32 0.30 -0.89 1.31 9926 
-39.73 72.64 31.29 -0.34 -0.50 0.91 10031 
-14.48 40.02 31.42 -0.48 -0.40 0.80 10135 
4.29 95.27 24.15 -0.35 -0.54 0.96 10240 
-1.60 97.89 15.32 -0.38 -0.44 0.67 10344 
-72.64 113.27 31.37 -0.38 -0.31 0.40 10448 
-7.28 35.43 12.50 -0.56 -0.28 0.41 10553 
-31.51 52.13 6.99 -0.87 -0.13 0.26 10657 
17.15 -28.53 -66.70 -1.20 0.17 0.04 10762 
83.53 -4.78 -111.30 -0.41 -0.59 0.56 10866 
-74.12 59.44 38.13 -0.43 -0.80 0.70 10971 
-80.29 33.03 44.24 -1.06 0.04 0.16 11075 
-27.03 4.91 -4.84 -1.18 0.23 0.00 11180 
24.34 -9.10 -71.76 -1.15 0.32 0.06 11284 
107.86 -34.38 -132.86 -0.12 -1.16 0.75 11388 
-27.16 -15.50 31.61 -0.38 -0.50 0.23 11493 
-20.35 -62.55 -33.07 -0.84 0.05 0.24 11597 
-21.53 -146.14 -88.64 -0.67 -0.14 0.50 11702 
-40.63 -100.77 -92.70 -0.38 -0.58 0.81 11806 
16.86 -79.05 -53.31 -0.31 -0.67 0.89 11911 
3.97 -64.39 -39.89 -0.10 -0.89 1.36 12015 
33.25 11.70 16.49 -0.24 -0.63 0.95 12120 
19.04 -1.19 -44.56 -0.56 -0.06 0.79 12224 
-20.82 -26.72 -129.02 0.02 -0.57 0.73 12328 
90.71 39.23 134.88 0.67 -1.07 1.21 12434 
-26.17 26.38 57.68 -0.44 0.18 0.62 12538 
-2.82 -9.64 -96.97 -0.61 -0.03 0.39 12643 
-14.52 -98.39 -100.39 0.58 -1.01 1.68 12747 
-12.13 78.92 30.69 -0.19 -0.58 1.26 12852 
-39.44 96.47 21.54 -0.40 -0.46 0.79 12956 
4.23 80.20 14.21 -0.36 -0.48 0.76 13061 
-11.90 79.90 13.84 -0.38 -0.42 0.72 13165 
-23.31 96.69 27.82 -0.46 -0.33 0.60 13270 
-33.29 78.05 27.06 -0.60 -0.32 0.35 13374 
-36.37 26.32 -3.90 -0.69 -0.25 0.24 13478 
-15.34 -3.90 -18.69 -1.01 0.01 0.01 13583 
47.47 -45.57 -91.94 -0.97 0.05 0.08 13687 
97.90 -10.50 -14.98 0.14 -0.98 1.50 13792 
-53.83 30.09 48.06 -0.84 -0.13 0.17 13896 
-8.44 -0.05 -31.07 -1.39 0.32 -0.01 14001 
19.89 -40.25 -105.98 -0.77 0.03 0.03 14105 
69.29 -101.05 -2.50 0.02 -0.71 0.98 14210 
23.83 -56.85 -7.97 -0.51 -0.04 0.30 14314 
-13.27 -74.31 -60.99 -0.56 -0.15 0.47 14418 
-31.10 -87.31 -68.18 -0.46 -0.46 0.88 14523 
-38.98 -60.60 -79.69 -0.32 -0.45 0.87 14627 
7.47 -85.35 -69.73 -0.24 -0.84 1.02 14732 
10.62 -48.44 -18.09 -0.11 -0.71 1.12 14836 
9.20 2.25 -50.87 -0.38 -0.32 1.00 14941 
-5.09 -31.69 -123.86 -0.14 -0.23 0.59 15045 
-16.36 -36.54 -60.56 1.28 -1.23 1.56 15150 
2.88 67.45 70.08 0.35 -0.44 0.97 15254 
-27.54 14.72 -17.22 -0.75 0.27 0.59 15358 
1.53 -50.86 -130.79 -0.13 -0.16 0.46 15463 
18.21 30.12 21.17 1.11 -1.52 1.81 15567 
-35.42 84.80 70.85 -0.03 -0.49 1.17 15672 
-21.20 102.53 70.16 -0.22 -0.49 0.95 15776 
-3.61 106.31 47.69 -0.38 -0.37 0.67 15881 
8.72 77.61 20.71 -0.45 -0.36 0.61 15985 
-8.92 51.65 22.05 -0.40 -0.33 0.45 16090 
-36.34 37.56 23.85 -0.74 -0.09 0.27 16195 
30.03 -18.73 -49.13 -1.05 0.15 0.32 16300 
26.69 2.77 -106.15 -0.80 -0.09 0.34 16404 
15.73 -24.11 -20.40 0.28 -1.13 1.53 16508 
-55.21 50.10 54.55 -0.76 -0.10 0.28 16613 
-14.91 -0.11 -25.11 -1.35 0.27 0.08 16717 
11.56 -27.89 -108.75 -0.96 0.20 0.04 16822 
32.49 -61.60 -125.90 0.13 -1.41 1.14 16926 
-15.65 -3.34 20.21 -0.40 -0.41 0.23 17031 
-1.39 -63.41 -32.50 -0.60 -0.31 0.49 17135 
-15.43 -97.03 -50.28 -0.52 -0.35 0.70 17240 
0.48 -89.49 -87.72 -0.40 -0.49 0.84 17344 
12.52 -69.52 -89.53 -0.16 -0.65 1.04 17448 
8.32 -28.19 -50.89 -0.15 -0.82 1.14 17553 
30.60 -15.51 -34.76 -0.55 -0.13 0.73 17657 
6.44 -3.04 -126.38 -0.11 -0.36 0.55 17762 
2.51 -11.24 9.24 0.96 -1.34 1.70 17866 
-11.11 20.89 45.71 0.18 -0.49 0.78 17971 
-41.82 3.82 -16.34 -0.61 0.17 0.75 18075 
9.33 39.24 -149.34 -0.10 -0.13 0.41 18180 
-23.30 33.40 16.98 1.06 -1.71 1.60 18284 
-48.60 42.74 63.90 0.03 -0.50 1.05 18388 
-27.33 31.76 44.40 -0.09 -0.55 0.95 18493 
22.89 65.12 54.15 -0.30 -0.43 0.78 18597 
37.11 53.48 44.34 -0.44 -0.51 0.62 18702 
11.65 56.50 31.02 -0.35 -0.42 0.63 18806 
-17.21 54.60 29.94 -0.47 -0.27 0.45 18911 
-22.81 25.89 -6.42 -0.78 -0.14 0.36 19015 
-2.85 -12.27 -57.50 -1.13 0.19 0.37 19120 
1.89 -23.27 -87.80 -0.47 -0.50 0.55 19224 
-48.02 90.22 58.24 -0.20 -0.60 0.78 19329 
-29.37 45.76 36.89 -1.23 0.22 0.14 19433 
38.41 -27.68 -89.63 -1.24 0.20 -0.03 19537 
25.11 -53.19 -122.80 0.06 -1.05 1.07 19642 
-72.21 44.36 29.41 -0.40 -0.36 0.41 19746 
4.96 -70.98 -41.11 -0.69 -0.05 0.21 19851 
-11.85 -125.21 -77.21 -0.50 -0.48 0.68 19956 
1.91 -101.60 -78.98 -0.27 -0.54 1.00 20061 
-6.51 -82.34 -47.24 -0.15 -0.87 1.09 20165 
12.99 -37.10 -5.66 -0.26 -0.42 1.07 20270 
15.88 -5.09 -68.92 -0.42 -0.12 1.04 20374 
68.63 -2.57 -94.27 -0.20 -0.25 0.62 20478 
-16.02 -41.98 -69.29 1.08 -1.03 1.86 20583 
-39.71 50.16 33.69 0.19 -0.36 0.75 20687 
-36.08 -35.13 -15.05 -0.65 0.09 0.70 20792 
13.79 -23.52 -84.85 -0.19 -0.24 0.59 20896 
-39.54 57.96 23.50 0.79 -1.24 1.65 21001 
-61.05 72.98 46.47 -0.10 -0.46 1.06 21105 
-18.32 49.42 36.69 -0.25 -0.53 0.92 21210 
20.89 94.27 29.17 -0.31 -0.40 0.76 21314 
16.08 67.23 15.44 -0.43 -0.36 0.66 21419 
12.33 48.24 30.40 -0.41 -0.32 0.55 21523 
-11.19 37.23 30.73 -0.59 -0.09 0.38 21627 
0.25 5.24 -46.99 -1.12 0.37 0.16 21732 
6.60 -46.30 -124.19 -0.49 -0.29 0.52 21836 
-84.15 86.05 43.94 -0.28 -0.72 0.94 21941 
-42.07 50.97 31.43 -1.07 0.13 0.24 22045 
-9.85 -8.44 -69.56 -1.33 0.35 0.13 22150 
16.42 -37.94 -120.82 -0.30 -0.49 0.48 22254 
-29.58 65.21 43.07 -0.21 -0.64 0.63 22359 
-5.59 -32.21 -12.80 -0.67 -0.04 0.20 22463 
-22.59 -94.69 -74.38 -0.71 -0.22 0.58 22567 
-9.07 -91.95 -86.89 -0.35 -0.53 0.82 22672 
58.41 -64.78 -65.21 -0.12 -0.52 1.00 22776 
-33.08 -49.36 -80.98 -0.20 -0.68 1.13 22881 
10.85 -55.72 -23.24 -0.43 -0.32 0.93 22985 
11.01 -1.25 -125.56 -0.37 -0.06 0.83 23090 
3.36 -35.81 -66.41 0.66 -1.12 1.54 23194 
-14.88 77.02 30.05 0.40 -0.61 1.00 23299 
-5.66 9.73 47.44 -0.49 -0.04 0.50 23403 
7.93 -20.43 -98.44 -0.54 0.05 0.49 23507 
6.76 -86.18 -84.07 0.99 -1.11 1.73 23612 
-35.28 21.34 78.23 -0.01 -0.47 1.14 23716 
-45.27 82.40 57.92 -0.25 -0.52 1.07 23822 
10.98 90.79 54.29 -0.27 -0.50 0.79 23926 
5.25 70.39 44.79 -0.32 -0.29 0.68 24031 
-1.79 92.24 19.89 -0.40 -0.34 0.61 24135 
-3.73 57.63 21.77 -0.53 -0.35 0.32 24240 
-25.53 -6.60 3.08 -0.97 0.19 0.37 24343 
40.89 8.37 -96.61 -1.14 0.17 0.37 24448 
43.31 -10.44 -114.53 -0.08 -0.77 0.97 24553 
-67.08 72.73 47.26 -0.49 -0.49 0.66 24657 
-16.95 35.27 26.18 -1.15 0.07 0.20 24762 
46.34 -22.83 -66.19 -1.14 0.17 0.02 24866 
46.32 -46.18 -97.34 -0.58 -0.17 0.30 24971 
-23.52 -24.04 -27.18 0.13 -1.02 1.12 25075 
-21.34 -40.68 24.99 -0.57 -0.25 0.33 25180 
-23.71 -74.42 -28.40 -0.53 -0.19 0.44 25284 
6.18 -95.47 -77.42 -0.55 -0.36 0.62 25389 
-11.76 -95.72 -69.10 -0.45 -0.52 0.92 25493 
0.54 -65.94 -76.56 -0.27 -0.67 0.94 25597 
11.69 -55.57 -61.13 -0.24 -0.72 1.04 25702 
27.66 -27.70 -28.26 -0.04 -0.68 1.20 25806 
5.53 8.49 -49.94 -0.29 -0.11 0.97 25911 
-30.52 -37.44 -151.02 0.15 -0.60 0.88 26015 
22.50 46.66 60.78 0.73 -0.92 1.10 26120 
-9.89 -3.54 61.89 -0.20 -0.20 0.62 26224 
-40.08 -1.05 -96.50 -0.55 0.01 0.76 26329 
12.00 -123.63 -106.53 0.77 -1.16 1.66 26433 
33.59 66.56 80.38 0.14 -0.45 1.10 26537 
-42.84 83.09 24.59 -0.19 -0.52 1.03 26642 
9.89 64.66 52.18 -0.27 -0.64 0.89 26746 
-1.61 73.74 64.58 -0.16 -0.43 0.76 26851 
-4.47 85.52 62.02 -0.45 -0.23 0.49 26955 
-7.32 36.63 13.31 -0.64 -0.14 0.47 27060 
18.99 26.56 -12.37 -0.75 -0.10 0.48 27164 
29.13 4.84 -54.28 -1.02 0.13 0.27 27269 
45.55 -41.11 -116.50 -0.46 -0.56 0.52 27373 
-74.77 81.43 44.24 -0.21 -0.58 0.93 27478 
-44.53 27.54 39.69 -1.09 0.11 0.31 27582 
18.40 0.47 -64.98 -1.29 0.31 0.20 27686 
12.98 -71.80 -95.91 -0.23 -0.71 0.70 27791 
-43.36 62.98 41.14 -0.46 -0.19 0.32 27896 
-29.16 -71.56 -67.49 -0.68 -0.04 0.28 28001 
6.85 -112.02 -87.44 -0.46 -0.38 0.83 28105 
-4.03 -85.45 -87.60 -0.35 -0.53 0.91 28210 
18.14 -63.26 -89.68 -0.18 -0.58 1.01 28314 
16.64 -61.23 -80.10 -0.19 -0.63 1.12 28419 
42.77 -6.95 -34.15 -0.15 -0.57 1.04 28523 
34.95 -13.23 -63.44 -0.48 -0.02 0.83 28627 
5.93 -65.89 -117.93 0.40 -0.71 1.12 28732 
16.37 87.82 33.54 0.73 -0.78 1.16 28836 
-67.52 41.90 17.60 -0.78 0.17 0.62 28941 
17.79 -19.62 -95.64 -0.32 -0.17 0.44 29045 
-12.04 45.81 22.98 0.76 -1.32 1.75 29150 
-0.44 73.94 81.67 -0.17 -0.53 1.09 29254 
-31.08 88.82 64.27 -0.20 -0.42 0.88 29359 
-3.02 83.81 47.89 -0.42 -0.28 0.67 29463 
-10.31 62.31 10.47 -0.42 -0.25 0.59 29568 
-17.60 50.25 8.28 -0.42 -0.22 0.53 29672 
-18.05 41.95 -7.79 -0.76 -0.02 0.34 29776 
33.75 -20.36 -94.22 -1.25 0.23 0.13 29881 
77.36 -56.73 -109.11 -0.09 -0.91 0.88 29985 
-94.02 69.56 73.84 -0.37 -0.56 0.66 30090 
-43.35 2.87 31.99 -1.22 0.19 0.25 30194 
38.57 -17.14 -115.61 -1.27 0.24 0.08 30299 
32.23 -97.02 -105.86 0.24 -1.24 1.28 30403 
-25.87 32.34 50.63 -0.43 -0.34 0.48 30508 
-3.64 -47.02 -8.30 -0.69 -0.13 0.31 30612 
-35.85 -78.93 -67.18 -0.61 -0.19 0.60 30716 
-0.71 -111.96 -68.87 -0.42 -0.36 0.74 30821 
-52.50 -90.04 -93.87 -0.34 -0.59 1.14 30926 
7.25 -40.95 -56.85 -0.28 -0.78 1.12 31031 
8.44 -23.01 -29.84 -0.39 -0.49 0.95 31135 
31.88 10.16 -89.16 -0.44 -0.05 0.69 31240 
5.01 -57.92 -133.45 0.77 -0.94 1.61 31344 
17.19 38.05 45.54 0.22 -0.65 0.75 31449 
2.56 -33.95 51.08 -0.45 -0.14 0.65 31553 
-95.04 -52.52 -102.98 -0.56 -0.02 0.77 31657 
105.50 -80.30 -73.24 1.02 -0.94 1.52 31762 
-24.38 53.90 62.03 0.32 -0.64 0.88 31866 
-45.88 39.02 13.96 -0.20 -0.55 0.92 31971 
28.72 63.60 45.29 -0.24 -0.66 0.95 32075 
-0.90 26.63 43.64 -0.26 -0.48 0.83 32180 
16.14 50.27 24.04 -0.28 -0.36 0.76 32284 
-10.15 61.36 12.44 -0.51 -0.23 0.68 32389 
2.83 69.21 -13.79 -0.69 -0.06 0.50 32493 
12.36 26.22 -62.19 -0.94 0.06 0.36 32598 
31.20 -14.13 -111.69 -0.24 -0.58 0.61 32702 
-82.95 97.15 65.19 -0.17 -0.56 0.86 32806 
-31.84 34.02 14.26 -1.35 0.30 0.22 32911 
46.15 -24.60 -99.08 -1.22 0.11 0.11 33015 
85.99 -90.09 -76.07 0.28 -0.91 1.19 33120 
-21.02 32.82 35.27 -0.53 -0.08 0.41 33224 
2.81 -27.16 -32.19 -0.71 -0.17 0.41 33329 
-14.79 -63.02 -49.89 -0.55 -0.25 0.55 33433 
-13.43 -79.85 -70.42 -0.44 -0.39 0.70 33538 
31.17 -84.76 -75.61 -0.31 -0.65 0.83 33642 
40.89 -112.01 -90.27 -0.23 -0.65 1.13 33747 
14.03 -35.94 -23.82 -0.14 -0.72 1.19 33852 
14.05 -3.21 -41.56 -0.42 -0.29 0.97 33956 
-39.89 0.94 -137.01 0.02 -0.29 0.55 34061 
-21.51 26.27 -1.84 0.90 -1.27 1.45 34165 
1.88 -2.98 63.72 -0.06 -0.46 0.63 34270 
-24.74 14.78 -54.02 -0.88 0.22 0.87 34374 
39.99 33.44 -108.05 -0.07 -0.62 0.75 34479 
11.90 70.91 41.34 0.66 -1.20 1.07 34583 
-27.40 42.28 29.85 -0.30 -0.38 0.88 34688 
0.58 47.87 8.75 -0.33 -0.60 0.97 34792 
24.27 16.07 31.17 -0.45 -0.64 0.99 34896 
7.08 45.61 33.05 -0.41 -0.38 0.89 35001 
1.34 36.69 4.98 -0.33 -0.37 0.67 35105 
-3.97 64.85 26.95 -0.38 -0.29 0.56 35210 
-37.79 28.60 5.10 -0.99 0.03 0.50 35314 
77.62 35.95 -73.53 -1.02 -0.01 0.18 35419 
106.92 -70.50 -49.16 0.48 -1.24 1.60 35523 
-18.88 60.27 57.79 -0.60 -0.31 0.50 35628 
-30.52 41.21 14.89 -1.44 0.29 0.09 35732 
32.13 -20.90 -106.46 -1.05 0.13 0.03 35836 
116.93 -66.75 -66.41 0.53 -1.11 1.20 35941 
-2.51 -42.56 22.48 -0.54 -0.14 -0.00 36045 
22.95 -126.67 -80.26 -0.67 -0.18 0.42 36150 
19.35 -108.62 -93.15 -0.41 -0.47 0.93 36254 
-4.10 -68.57 -72.07 -0.25 -0.64 1.07 36359 
-0.19 -31.82 -45.47 -0.14 -0.58 1.09 36463 
-8.43 -32.62 -39.40 -0.12 -0.59 0.93 36568 
17.89 -36.73 -37.46 -0.22 -0.35 0.82 36672 
10.08 -25.79 -73.51 -0.11 -0.34 0.88 36776 
15.45 -28.19 -42.91 0.99 -1.22 1.74 36881 
28.28 19.20 45.81 0.31 -0.49 0.55 36985 
-38.79 -0.66 -29.25 -0.74 0.17 0.75 37090 
-16.16 34.08 -101.48 -0.24 -0.27 0.57 37195 
83.35 -177.91 -91.26 1.24 -1.25 2.00 37300 
-36.20 72.89 60.40 -0.04 -0.25 0.96 37404 
5.90 22.29 31.12 -0.27 -0.52 0.89 37509 
27.91 65.76 55.97 -0.24 -0.47 0.83 37613 
8.22 73.56 50.60 -0.26 -0.35 0.82 37718 
-34.37 90.25 40.75 -0.43 -0.24 0.62 37822 
-8.02 45.30 19.18 -0.55 -0.23 0.56 37926 
-9.68 37.18 5.20 -0.64 -0.20 0.45 38031 
4.92 9.16 -19.28 -0.75 -0.06 0.40 38135 
15.09 -18.66 -90.50 -1.02 0.13 0.33 38240 
48.06 -53.53 -84.85 0.14 -1.07 1.39 38344 
-39.23 68.45 55.56 -0.57 -0.38 0.59 38449 
-27.20 25.46 0.60 -1.41 0.22 0.22 38553 
64.98 -11.73 -100.72 -1.05 0.02 0.20 38658 
69.98 -66.85 -81.76 0.00 -0.76 1.28 38762 
-46.51 24.42 31.98 -0.61 -0.15 0.07 38866 
-14.50 -113.88 -53.50 -0.72 -0.17 0.31 38971 
-13.48 -73.37 -63.32 -0.52 -0.22 0.78 39075 
13.92 -83.81 -56.58 -0.28 -0.57 0.79 39180 
-8.32 -91.76 -72.48 -0.35 -0.67 1.09 39284 
-30.34 -41.23 -41.35 -0.33 -0.63 1.12 39389 
1.07 -18.44 -25.36 -0.56 -0.33 0.96 39493 
12.47 -19.11 -90.79 -0.40 -0.19 0.64 39598 
54.96 -85.20 -60.24 0.94 -1.10 1.83 39702 
-5.20 28.00 62.34 0.19 -0.38 0.85 39806 
-43.16 -28.37 -10.15 -0.64 0.19 0.65 39911 
20.08 -8.05 -79.25 -0.25 -0.13 0.56 40015 
-18.66 29.48 -17.02 1.07 -1.48 2.00 40120 
-29.35 62.91 26.31 -0.09 -0.48 1.04 40224 
-27.89 43.09 42.14 -0.37 -0.41 0.87 40329 
6.73 71.23 48.22 -0.39 -0.35 0.84 40433 
7.51 98.60 29.17 -0.38 -0.30 0.59 40538 
-5.69 64.86 3.21 -0.54 -0.25 0.49 40642 
3.63 69.51 9.40 -0.57 -0.28 0.53 40747 
-3.56 19.46 -20.02 -0.70 -0.25 0.38 40851 
-6.33 -8.59 -39.68 -0.98 0.01 0.27 40955 
15.56 -39.98 -99.74 -0.82 -0.04 0.29 41060 
77.98 -14.01 15.17 0.21 -1.06 1.41 41164 
-44.43 55.72 48.84 -0.73 -0.12 0.45 41269 
-4.36 8.05 -32.57 -1.33 0.23 0.20 41373 
35.54 -35.42 -104.34 -0.94 0.02 0.16 41478 
81.01 -104.76 -79.85 0.36 -1.21 1.36 41582 
-16.37 3.73 32.98 -0.53 -0.24 0.38 41687 
-11.99 -71.69 -26.71 -0.75 -0.09 0.31 41792 
-13.54 -84.66 -65.92 -0.52 -0.25 0.66 41896 
-15.64 -106.92 -65.44 -0.43 -0.31 0.72 42001 
1.92 -101.73 -85.21 -0.19 -0.71 1.18 42105 
-3.55 -10.27 -42.62 -0.21 -0.65 1.04 42210 
12.85 -16.16 -52.98 -0.48 -0.33 0.97 42314 
26.50 -31.46 -109.36 -0.16 -0.20 0.57 42419 
20.42 53.20 6.54 1.03 -1.25 1.64 42523 
-4.11 19.01 72.76 0.07 -0.46 0.59 42628 
-28.49 -5.53 -62.38 -0.79 0.30 0.86 42732 
6.92 8.41 -106.32 -0.05 -0.50 0.56 42836 
-37.11 102.74 72.56 0.40 -1.26 1.24 42941 
-39.25 44.40 51.30 -0.30 -0.44 0.98 43045 
4.24 44.27 34.98 -0.19 -0.44 0.88 43150 
7.44 49.56 43.53 -0.31 -0.37 0.84 43254 
14.33 77.29 21.69 -0.40 -0.35 0.75 43359 
-7.03 80.82 15.42 -0.50 -0.30 0.54 43463 
-12.46 40.42 0.23 -0.72 -0.15 0.39 43568 
4.58 -8.37 -40.78 -0.94 -0.10 0.48 43672 
28.44 10.87 -81.55 -0.97 0.01 0.28 43777 
45.85 -78.34 -95.27 0.22 -1.20 1.34 43881 
-59.43 50.98 59.76 -0.46 -0.42 0.56 43985 
-41.21 -5.61 10.47 -1.35 0.15 0.34 44090 
33.01 13.71 -67.65 -1.12 0.11 0.12 44194 
84.43 -90.74 -83.56 0.17 -1.08 1.21 44299 
-23.30 8.01 18.83 -0.54 -0.20 0.23 44403 
0.05 -97.11 -58.63 -0.71 -0.15 0.36 44508 
-25.20 -79.76 -92.38 -0.47 -0.31 0.76 44612 
-9.20 -74.56 -97.08 -0.33 -0.47 0.82 44717 
-3.59 -73.91 -93.93 -0.24 -0.69 1.07 44821 
-3.85 -72.65 -65.75 -0.12 -0.82 1.24 44925 
14.56 8.04 -3.61 -0.26 -0.51 0.93 45030 
23.56 -5.11 -88.98 -0.44 -0.21 0.89 45134 
-23.97 -65.64 -131.69 0.54 -0.84 1.09 45239 
34.40 70.04 95.37 0.35 -0.75 0.91 45343 
-29.76 12.33 35.34 -0.55 -0.03 0.63 45448 
-5.78 -3.30 -97.48 -0.47 -0.12 0.58 45552 
31.51 -80.72 -79.48 0.79 -1.29 1.73 45657 
-5.69 43.92 46.77 -0.07 -0.60 1.14 45761 
14.21 47.62 25.21 -0.14 -0.59 1.02 45865 
-6.85 87.07 56.60 -0.23 -0.43 0.75 45970 
-12.73 83.79 35.42 -0.31 -0.36 0.63 46074 
-18.56 62.34 28.76 -0.34 -0.33 0.52 46179 
-28.83 34.60 23.50 -0.50 -0.30 0.46 46284 
-44.59 0.34 -4.20 -1.02 0.02 0.46 46388 
38.98 1.65 -95.45 -1.05 0.15 0.41 46492 
39.00 -43.72 -95.54 0.13 -1.07 1.15 46597 
-76.06 86.31 62.79 -0.41 -0.56 0.61 46702 
-47.85 -6.17 27.62 -1.18 0.11 0.40 46807 
33.88 27.38 -56.89 -1.21 0.17 0.17 46911 
11.62 -79.07 -114.04 -0.32 -0.45 0.56 47015 
-80.09 87.51 54.56 -0.33 -0.47 0.65 47120 
-22.88 -21.98 -17.62 -0.82 0.07 0.15 47224 
-14.69 -99.21 -90.29 -0.68 -0.22 0.42 47329 
-13.72 -91.49 -90.30 -0.48 -0.48 0.61 47433 
-23.11 -63.60 -86.11 -0.33 -0.48 0.85 47538 
-16.95 -50.98 -72.29 -0.10 -0.70 1.05 47642 
9.95 -42.27 -50.75 -0.10 -0.71 1.07 47747 
42.25 -10.54 -28.58 -0.02 -0.61 1.11 47851 
5.68 -4.43 -39.27 -0.39 -0.22 0.78 47955 
-27.18 -80.21 -134.27 0.37 -0.78 1.14 48060 
19.36 51.98 53.70 0.64 -0.79 1.06 48164 
-27.41 21.56 28.75 -0.13 -0.29 0.71 48269 
-20.79 -1.30 -87.85 -0.61 -0.05 0.81 48373 
25.27 -117.40 -125.82 0.57 -1.10 1.31 48478 
36.21 87.47 76.81 0.26 -0.60 1.08 48582 
-13.79 31.52 21.03 -0.18 -0.56 1.12 48687 
23.92 66.17 48.04 -0.04 -0.55 0.96 48791 
3.58 71.83 39.66 -0.18 -0.42 0.82 48896 
5.18 84.56 23.34 -0.15 -0.46 0.79 49000 
-0.52 95.44 27.72 -0.31 -0.34 0.49 49104 
4.16 36.05 7.60 -0.69 -0.04 0.30 49209 
-7.89 -18.52 -77.15 -1.21 0.17 0.36 49313 
0.91 -5.83 -102.62 -0.13 -0.64 0.81 49418 
-84.53 92.89 68.10 -0.09 -0.61 0.70 49522 
-56.75 -0.40 11.85 -1.16 0.05 0.39 49627 
13.62 24.08 -52.09 -1.27 0.02 0.37 49731 
4.75 -29.81 -95.66 -0.39 -0.34 0.41 49836 
-54.41 52.95 18.98 -0.20 -0.49 0.65 49940 
-2.82 -36.26 -18.37 -0.72 -0.07 0.17 50044 
-22.04 -95.08 -81.87 -0.58 -0.34 0.49 50150 
-24.69 -113.18 -68.41 -0.40 -0.54 0.73 50254 
-4.13 -105.44 -68.47 -0.16 -0.48 0.89 50359 
26.88 -75.87 -71.81 -0.10 -0.57 0.97 50463 
4.87 -37.55 -66.17 -0.04 -0.71 1.04 50568 
27.02 -13.51 -46.00 0.31 -0.99 1.35 50672 
43.29 35.72 -1.18 -0.31 -0.19 0.89 50777 
-39.92 -37.92 -129.50 0.07 -0.28 0.72 50881 
-4.33 -23.36 -23.89 1.08 -1.04 1.21 50985 
1.88 50.15 48.13 0.16 -0.40 0.68 51090 
-21.86 -12.71 -55.31 -0.79 -0.01 0.66 51194 
-26.36 -37.58 -131.85 0.36 -0.39 0.80 51299 
26.90 43.89 53.42 0.84 -1.34 1.21 51403 
2.63 56.40 56.02 -0.11 -0.46 1.05 51508 
10.19 34.96 13.28 -0.28 -0.60 1.11 51612 
-25.02 52.20 23.14 -0.23 -0.46 0.93 51717 
-6.69 74.85 18.77 -0.21 -0.63 0.86 51821 
-10.21 102.24 33.84 -0.34 -0.53 0.71 51926 
-10.33 80.95 28.36 -0.39 -0.37 0.45 52030 
-13.26 31.64 6.17 -0.55 -0.25 0.33 52134 
2.50 -26.47 -28.21 -1.11 0.05 0.27 52239 
16.90 -47.60 -97.75 -0.84 -0.20 0.37 52343 
30.42 -20.60 -31.73 0.47 -1.03 1.47 52448 
-36.66 31.38 63.29 -0.57 -0.36 0.44 52552 
-33.03 -5.99 -4.27 -1.37 0.19 0.37 52657 
30.42 -27.67 -107.82 -0.86 0.03 0.17 52761 
49.38 -64.50 -86.42 0.44 -1.41 1.48 52866 
-35.48 11.30 41.95 -0.41 -0.39 0.30 52970 
-27.89 -74.31 -37.77 -0.60 -0.13 0.38 53075 
-35.19 -105.20 -91.98 -0.49 -0.27 0.61 53180 
-20.31 -100.90 -85.30 -0.40 -0.51 0.97 53284 
6.98 -72.98 -82.08 -0.07 -0.63 1.17 53389 
23.18 -51.50 -44.15 -0.01 -0.74 1.13 53493 
21.91 14.06 -20.99 -0.12 -0.56 1.04 53598 
-1.77 -7.89 -61.92 -0.22 -0.23 0.94 53702 
-2.93 -37.18 -102.11 0.30 -0.65 0.89 53807 
4.82 51.74 61.32 0.58 -0.88 1.03 53911 
-37.44 -5.63 53.19 0.00 -0.44 0.64 54016 
-54.95 2.60 -16.66 -0.54 -0.03 1.08 54120 
43.11 51.44 -120.79 -0.22 -0.31 0.59 54224 
-19.16 -12.18 -36.88 0.94 -1.01 1.74 54329 
-27.21 57.99 38.56 0.01 -0.52 1.11 54433 
-22.68 68.69 31.24 -0.26 -0.50 1.20 54538 
1.87 75.89 44.40 -0.22 -0.39 0.94 54642 
38.87 77.75 10.03 -0.32 -0.27 0.70 54747 
-3.28 76.02 8.32 -0.41 -0.28 0.55 54851 
1.43 38.74 3.50 -0.46 -0.36 0.47 54956 
18.50 37.40 2.73 -0.84 -0.04 0.36 55060 
40.63 11.11 -77.37 -1.16 0.20 0.26 55164 
70.94 -38.51 -100.92 -0.45 -0.45 0.64 55269 
-66.49 98.53 53.17 -0.41 -0.58 0.63 55373 
-44.85 6.96 6.05 -1.27 0.22 0.22 55478 
23.69 10.94 -81.52 -1.16 0.12 0.12 55582 
-13.02 27.57 -60.81 -0.14 -0.87 0.83 55687 
-35.61 27.55 24.11 -0.56 -0.27 0.18 55791 
5.61 -112.58 -82.40 -0.72 -0.14 0.12 55896 
33.81 -116.06 -84.73 -0.41 -0.43 0.76 56000 
7.11 -99.84 -61.06 -0.32 -0.56 0.88 56104 
-2.23 -87.48 -56.58 -0.17 -0.68 1.23 56209 
-13.04 -44.02 -15.50 -0.38 -0.53 0.99 56313 
19.27 -1.85 -38.33 -0.48 -0.17 0.86 56418 
1.43 -30.24 -105.10 0.03 -0.43 0.73 56522 
34.02 18.06 30.41 0.70 -1.06 1.41 56627 
-29.25 31.61 13.82 -0.05 -0.32 0.73 56731 
-19.72 15.21 -77.40 -0.84 0.09 0.76 56836 
15.34 -15.88 -98.85 -0.01 -0.49 0.59 56941 
0.34 31.78 14.73 0.39 -1.14 1.14 57046 
-47.67 14.86 27.63 -0.23 -0.58 1.09 57150 
-3.39 -17.27 45.86 -0.20 -0.59 1.09 57254 
9.02 71.86 49.50 -0.13 -0.46 0.97 57359 
9.18 76.63 38.12 -0.21 -0.39 0.86 57463 
-5.60 98.34 36.55 -0.33 -0.20 0.60 57568 
3.18 46.11 1.27 -0.66 -0.19 0.36 57671 
26.50 -16.92 -38.39 -0.86 -0.06 0.51 57777 
37.16 -11.86 -84.40 -0.72 -0.14 0.38 57881 
55.69 -20.56 -18.50 0.37 -0.87 1.53 57986 
-0.87 40.37 38.55 -0.68 -0.21 0.48 58090 
5.10 -9.98 -38.34 -1.30 0.14 0.28 58194 
24.00 -17.68 -104.21 -0.73 -0.05 0.13 58299 
53.32 -97.36 -46.97 0.47 -1.11 1.36 58403 
-6.14 -26.15 -0.44 -0.51 -0.32 0.32 58508 
11.20 -122.10 -31.53 -0.54 -0.30 0.67 58612 
4.71 -80.13 -26.24 -0.32 -0.38 0.89 58717 
-22.27 -100.85 -30.08 -0.23 -0.46 0.98 58821 
22.90 -80.24 -27.35 -0.05 -0.55 1.19 58926 
-26.67 16.79 -8.37 -0.04 -0.56 1.09 59030 
-4.75 -7.69 -24.23 -0.38 -0.20 0.97 59134 
-17.53 -8.05 -144.89 -0.12 -0.09 0.86 59239 
53.84 -82.44 -83.74 0.86 -0.88 1.32 59343 
21.51 30.70 39.97 0.39 -0.69 0.91 59448 
4.14 -6.38 35.09 -0.54 0.17 0.78 59552 
-32.44 -32.56 -128.15 -0.31 0.11 0.67 59657 
10.56 -30.11 -44.63 0.95 -1.24 1.92 59761 
-18.04 87.99 44.92 0.03 -0.37 1.16 59866 
-9.52 65.93 18.64 -0.16 -0.48 0.98 59970 
28.22 94.02 28.08 -0.19 -0.37 0.93 60075 