46.90 1.77 292.50 -0.43 -0.57 -0.03 
2.25 2.60 304.92 -0.65 -0.11 0.34 
81.66 1.46 301.47 -0.41 -0.05 0.77 
-46.15 3.60 287.71 -0.74 -0.01 0.12 
-84.97 1.92 282.88 -0.80 -0.66 0.22 
-11.99 0.25 259.90 -0.02 -0.41 0.82 
-168.63 1.38 236.03 -0.26 -0.78 0.12 
-59.29 -0.54 184.80 0.39 -0.76 -0.09 
-11.61 -1.97 143.55 0.88 -0.27 -0.41 
-88.13 -2.12 109.23 1.09 -0.19 -0.47 
13.11 -2.69 116.45 1.14 -0.20 -0.21 
10.19 -2.53 127.00 1.31 -0.31 -0.23 
58.92 -1.54 175.57 1.20 -1.20 -0.78 
179.12 -0.74 221.06 0.37 -0.89 -0.54 
108.02 1.56 247.72 -0.22 -0.24 0.17 
170.59 0.81 240.57 -0.15 0.05 0.94 
-154.53 2.78 223.28 -0.89 -0.07 0.27 
6.54 0.24 205.59 0.04 -0.01 1.03 
-207.05 0.97 160.54 -0.04 -0.38 0.02 
-66.03 -1.65 109.05 0.96 -0.62 -0.72 
-96.16 -1.80 101.11 1.49 -0.11 -0.79 
178.44 -2.20 81.23 1.16 0.26 -0.34 
23.55 -2.71 83.32 1.03 0.11 -0.19 
-111.16 -2.55 112.84 1.35 -0.56 -0.27 
116.89 -1.24 161.41 1.04 -1.30 -0.98 
193.65 -0.90 208.61 0.38 -0.61 -0.60 
144.84 1.27 231.51 -0.15 -0.11 0.27 
43.73 1.98 219.78 -0.55 -0.27 0.61 
-192.03 3.21 202.45 -0.79 0.01 0.00 
-138.78 0.97 167.92 -0.12 -0.09 0.76 
-141.26 0.25 116.44 0.12 -0.81 -0.44 
-200.54 -1.67 77.19 1.62 -0.91 -1.09 
95.28 -1.78 44.24 1.35 -0.46 -0.57 
44.09 -2.50 41.92 1.06 -0.03 -0.31 
15.73 -2.62 42.97 1.01 -0.02 -0.26 
-59.15 -2.54 61.50 1.30 -0.40 -0.33 
253.07 -0.82 94.54 0.81 -1.16 -0.97 
221.31 -0.62 128.03 0.27 -0.60 -0.57 
151.48 1.65 154.36 -0.26 -0.30 0.22 
138.92 1.17 144.16 -0.31 0.12 0.77 
-215.42 3.24 138.63 -0.89 0.00 0.03 
-138.52 0.89 110.89 -0.10 -0.49 0.45 
-166.18 -0.10 62.10 0.20 -0.75 -0.04 
0.41 -1.44 75.86 1.20 -1.26 -0.43 
129.43 -1.06 117.94 0.81 -1.25 -0.56 
134.83 1.21 156.18 -0.20 -0.43 -0.05 
109.76 1.42 168.70 -0.29 0.13 0.46 
16.92 2.52 153.15 -0.65 -0.15 0.51 
-208.71 -2.29 17.38 1.90 -0.51 -0.49 
-37.12 -3.11 22.55 1.07 -0.04 -0.08 
57.25 -2.70 17.73 1.03 0.02 -0.23 
-73.63 2.91 132.36 -0.85 0.35 0.33 
-45.51 1.06 112.50 -0.56 -0.42 1.04 
-62.48 0.55 106.26 -0.01 -0.83 0.72 
-54.56 0.88 83.01 -0.17 -1.00 0.07 
-44.50 -0.39 54.12 0.32 -0.86 0.03 
-3.70 -1.09 12.29 0.78 -0.83 -0.47 
25.12 -1.91 -22.57 0.81 0.02 -0.39 
39.66 -1.94 -18.07 1.43 -0.71 -0.43 
20.02 -2.60 -24.22 1.08 0.01 -0.28 
-13.40 -2.10 -5.78 1.42 -0.70 -0.48 
35.41 -1.08 41.19 1.00 -1.39 -0.72 
254.68 -0.96 84.31 0.55 -0.99 -0.60 
144.83 2.14 114.19 -0.19 -0.03 0.16 
147.51 1.52 120.43 -0.37 0.51 0.57 
-238.84 1.84 112.03 -0.57 0.34 0.27 
-90.89 0.58 95.88 0.01 -0.70 0.71 
-86.06 0.93 57.16 -0.13 -1.10 -0.15 
-28.53 -0.56 21.00 0.74 -1.33 -0.31 
4.12 -2.26 9.37 1.37 -0.45 -0.05 
-162.43 -2.30 -5.86 1.19 -0.17 -0.62 
77.46 -2.75 -12.32 0.97 0.02 -0.16 
58.17 -2.40 -14.48 1.07 -0.19 -0.33 
38.02 -1.83 28.62 1.68 -0.95 -0.54 
184.73 -1.14 77.19 1.02 -1.13 -0.58 
165.56 0.11 112.66 0.02 -0.34 0.00 
174.41 1.98 127.61 -0.32 0.12 0.32 
96.73 1.95 117.73 -0.47 0.27 0.58 
-157.86 3.66 102.89 -0.97 0.06 0.13 
-116.76 0.61 89.08 -0.48 -0.61 0.53 
-81.52 1.28 81.72 -0.27 -0.55 0.49 
-35.22 0.80 56.33 -0.14 -1.13 0.18 
-31.42 -0.28 9.31 0.34 -0.96 -0.15 
-80.71 -2.13 -18.77 0.75 -0.38 -0.25 
-95.25 -2.31 -43.09 1.46 -0.40 -0.48 
2.92 -2.02 -60.47 1.32 -0.39 -0.57 
52.28 -2.44 -61.78 1.03 -0.04 -0.32 
-50.51 -1.96 -21.52 1.50 -0.74 -0.50 
117.62 -1.22 15.11 0.86 -1.04 -0.63 
189.55 -0.32 49.10 0.28 -1.02 -0.27 
157.52 2.01 77.84 -0.22 -0.13 0.21 
240.41 2.15 81.27 -0.49 0.13 0.53 
34.50 2.12 86.37 -0.62 0.59 0.47 
-179.47 2.63 60.70 -0.82 0.00 0.32 
-97.29 0.72 35.51 -0.13 -0.75 0.59 
-51.58 0.49 5.27 -0.01 -0.85 0.31 
-34.55 -0.95 -22.75 0.43 -0.75 0.00 
-14.61 -1.76 -56.62 0.71 -0.38 -0.28 
-45.35 -2.61 -89.84 1.26 -0.04 -0.35 
-41.19 -2.67 -76.39 1.12 -0.16 -0.31 
38.31 -2.40 -78.42 1.09 -0.02 -0.38 
-16.06 -2.04 -57.10 1.29 -0.62 -0.49 
119.02 -1.34 -16.44 1.06 -1.26 -0.90 
261.41 -0.80 19.30 0.47 -0.75 -0.44 
166.85 2.81 49.72 -0.30 -0.13 0.06 
261.41 0.81 60.77 -0.10 0.37 0.51 
-42.14 1.82 53.98 -0.54 0.88 0.04 
-211.42 1.94 11.62 -0.61 -0.54 -0.09 
-79.82 0.33 -4.64 0.06 -0.99 0.66 
-70.14 -0.28 -48.38 0.27 -0.84 0.04 
-118.48 -1.88 -97.19 1.02 -0.53 -0.46 
-94.50 -2.20 -118.61 1.34 0.05 -0.64 
53.52 -2.13 -110.57 0.85 0.25 -0.30 
49.73 -2.17 -116.59 0.95 0.15 -0.39 
15.41 -2.45 -116.93 1.02 0.25 -0.26 
-176.25 -2.67 -81.02 1.53 -0.44 -0.17 
116.53 -1.36 -32.46 1.25 -1.19 -0.60 
223.54 -0.79 14.69 0.52 -0.83 -0.34 
156.50 2.05 47.31 -0.20 0.01 0.21 
195.67 0.88 51.19 -0.15 0.45 0.63 
13.55 2.23 47.65 -0.60 0.73 0.10 
-238.84 1.95 12.49 -0.50 0.24 -0.32 
-87.01 0.56 -23.49 -0.08 -1.11 0.48 
-79.29 -0.14 -61.53 0.28 -1.11 0.11 
-43.36 -1.95 -113.02 0.78 -0.39 -0.27 
-103.92 -2.37 -139.05 1.61 -0.09 -0.70 
71.13 -2.70 -139.95 1.18 -0.09 -0.20 
27.91 -2.20 -146.66 0.96 0.01 -0.43 
41.08 -2.49 -149.92 0.98 0.02 -0.30 
-219.70 -2.19 -113.03 1.38 -0.62 -0.09 
93.27 -0.95 -69.88 0.87 -1.41 -0.78 
192.70 -0.76 -32.28 0.33 -0.71 -0.45 
131.51 1.46 -7.07 -0.21 -0.25 0.28 
261.41 1.14 -2.41 -0.15 0.24 0.51 
-18.19 2.19 -5.74 -0.62 0.70 0.28 
-182.97 2.61 -47.37 -0.74 -0.39 -0.14 
-41.22 0.32 -78.28 -0.15 -1.00 0.63 
-53.50 0.03 -109.28 0.10 -0.82 0.06 
-69.62 -1.58 -159.04 0.46 -0.30 -0.28 
-113.29 -2.31 -178.17 1.31 0.11 -0.53 
65.49 -2.39 -177.53 1.19 -0.20 -0.36 
49.55 -2.29 -185.12 0.97 0.03 -0.40 
28.99 -2.31 -190.88 0.98 0.04 -0.38 
25.99 -2.48 -195.34 1.02 0.00 -0.34 
-73.30 -1.99 -147.21 1.56 -0.72 -0.45 
194.67 -1.13 -87.37 0.91 -1.10 -0.93 
194.87 0.34 -59.89 0.00 -0.23 0.02 
187.66 1.26 -46.09 -0.17 -0.20 0.40 
39.33 2.51 -45.19 -0.89 0.64 0.39 
-65.00 -1.15 -187.39 0.87 -0.78 -0.64 
-55.38 -2.41 -210.07 1.60 -0.50 -0.41 
68.42 -2.28 -223.50 1.09 -0.17 -0.41 
28.75 -2.45 -230.96 0.99 0.02 -0.35 
27.31 -2.45 -234.09 0.98 0.09 -0.31 
-15.62 -2.02 -216.37 1.64 -0.89 -0.29 
47.08 -1.49 -167.80 1.33 -1.17 -0.61 
234.70 -0.97 -123.40 0.47 -0.57 -0.40 
191.41 1.70 -106.10 -0.25 -0.18 0.34 
159.08 2.34 -91.18 -0.51 0.44 0.33 
-209.76 2.27 -130.72 -0.67 0.63 0.08 
-132.19 0.39 -149.29 -0.35 -1.03 0.63 
-35.61 1.45 -168.40 -0.34 -0.64 0.34 
-90.86 -0.13 -204.17 0.16 -0.66 0.05 
-20.09 -1.13 -255.66 0.97 -0.94 -0.43 
-54.80 -2.28 -282.69 1.18 -0.38 -0.31 
54.49 -2.18 -294.52 1.05 -0.06 -0.40 
38.19 -2.45 -298.61 0.98 0.00 -0.33 
52.17 -2.56 -301.63 1.03 0.06 -0.28 
-36.20 -2.61 -283.82 1.30 -0.26 -0.28 
63.62 -1.26 -245.95 1.06 -1.14 -0.80 
233.61 -0.94 -216.16 0.53 -0.93 -0.47 
200.50 1.35 -185.84 -0.10 -0.24 0.11 
185.88 1.84 -171.45 -0.33 0.18 0.46 
-110.03 2.54 -183.04 -0.93 0.55 0.48 
-94.39 0.77 -210.24 -0.37 -0.41 0.65 
-35.37 1.23 -236.22 -0.32 -0.69 0.50 
-58.02 0.34 -268.87 0.00 -0.96 0.20 
-15.52 -2.36 316.34 1.40 -0.09 -0.47 
-38.51 -2.68 325.69 1.11 0.01 -0.30 
55.25 -2.34 319.93 1.01 0.00 -0.38 
63.96 -2.49 316.12 0.99 0.02 -0.31 
-69.42 -2.61 -327.36 1.37 -0.38 -0.26 
78.05 -1.44 -281.72 1.11 -1.12 -0.78 
254.09 -0.70 -248.43 0.40 -0.82 -0.49 
173.35 1.19 -223.31 -0.16 -0.41 0.07 
182.25 1.14 -215.25 -0.16 0.01 0.62 
-11.51 2.61 -213.30 -0.82 0.47 0.44 
-112.45 1.00 -240.28 -0.16 -0.65 0.43 
-56.21 0.00 -291.06 0.20 -0.99 0.02 
-34.28 -1.76 314.63 0.89 -0.60 -0.35 
-98.51 -2.55 285.90 1.22 0.07 -0.45 
33.70 -2.10 288.97 0.78 0.26 -0.33 
40.93 -2.31 283.33 1.03 -0.02 -0.39 
53.25 -2.50 278.43 1.02 0.05 -0.27 
19.16 -1.84 314.59 1.81 -0.93 -0.19 
106.38 -1.33 -295.86 1.08 -1.23 -0.33 
147.38 -0.72 -253.83 0.19 -0.40 -0.12 
261.41 1.61 -234.40 -0.18 -0.17 0.29 
-33.71 2.06 -222.09 -0.76 0.82 0.40 
-192.19 2.34 -235.92 -0.71 -0.23 0.22 
-84.59 0.66 -252.19 -0.06 -0.67 0.62 
-113.66 0.75 -275.81 -0.11 -0.92 0.17 
-86.74 -0.96 -327.29 0.57 -0.80 -0.17 
-76.85 -2.24 282.82 1.18 -0.20 -0.49 
-101.58 -2.56 264.31 1.51 0.12 -0.55 
25.86 -2.34 260.97 1.01 0.06 -0.39 
38.09 -2.34 261.07 0.99 0.10 -0.35 
35.26 -2.34 259.99 1.03 -0.09 -0.41 
97.02 -2.02 283.06 1.75 -0.70 -0.47 
187.06 -1.21 -323.73 1.11 -1.22 -0.56 
183.35 -0.21 -276.04 0.15 -0.41 -0.22 
119.42 1.23 -259.53 -0.20 -0.03 0.47 
15.39 2.42 -254.10 -0.60 0.14 0.49 
-227.71 2.28 -265.35 -0.66 -0.33 0.05 
-59.42 0.13 -281.34 0.02 -0.45 0.94 
-85.49 0.79 -312.41 -0.10 -0.82 0.34 
-70.33 -0.63 291.46 0.44 -0.82 -0.06 
-52.00 -2.01 250.71 1.25 -0.63 -0.50 
-69.38 -2.35 230.76 1.40 0.07 -0.49 
39.33 -2.53 222.52 1.04 -0.08 -0.30 
49.51 -2.43 218.45 0.99 0.02 -0.34 
9.83 -2.61 220.44 1.13 -0.15 -0.30 
29.73 -1.46 266.53 1.32 -1.05 -0.80 
261.41 -0.88 309.12 0.83 -1.06 -0.86 
139.74 2.90 -309.30 -0.20 0.00 0.10 
161.64 1.29 -296.09 -0.22 -0.10 0.53 
-81.57 2.35 -301.49 -0.77 0.38 0.54 
-107.39 -1.57 225.58 0.51 -0.41 -0.26 
-87.78 -1.99 182.01 1.69 -0.70 -0.66 
-133.19 -2.90 166.05 1.89 -0.37 -0.38 
-186.53 -2.47 188.95 0.93 -0.07 -0.41 
129.20 -1.90 174.92 0.88 -0.19 -0.52 
70.06 -1.47 216.20 1.38 -1.09 -0.61 
177.16 -1.21 260.15 0.93 -1.05 -0.39 
117.80 0.18 304.72 0.04 -0.39 0.03 
173.78 2.20 320.66 -0.34 -0.01 0.35 
-81.25 2.11 318.03 -0.74 0.47 0.63 
-172.07 2.27 300.67 -0.57 -0.04 0.30 
-79.68 0.55 283.71 -0.04 -0.58 0.68 
-96.58 0.93 241.33 -0.15 -0.75 0.08 
-18.74 -1.06 199.39 0.61 -0.80 -0.10 
-37.42 -2.54 172.21 0.85 -0.19 -0.23 
-177.09 -2.54 160.97 1.29 -0.09 -0.50 
25.67 -2.67 158.91 1.06 -0.03 -0.25 
43.35 -2.52 155.30 1.04 -0.11 -0.29 
40.79 -2.69 154.88 1.04 -0.06 -0.22 
24.25 -2.64 150.58 1.03 -0.14 -0.21 
-91.50 -1.59 199.14 1.41 -0.98 -0.55 
205.67 -0.93 237.82 0.75 -1.39 -0.84 
220.99 0.03 268.34 0.03 -0.39 -0.08 
147.78 1.25 289.65 -0.18 0.08 0.50 
-37.38 2.39 290.84 -0.77 0.53 0.42 
-193.97 2.44 269.57 -0.73 -0.08 0.27 
-20.68 0.13 260.03 0.18 -0.67 1.01 
-147.50 0.65 246.45 -0.05 -0.61 0.41 
-79.65 -0.74 204.51 0.54 -0.93 0.12 
-69.95 -1.90 163.47 0.91 -0.33 -0.55 
-35.77 -1.99 145.73 1.28 0.00 -0.63 
28.03 -2.62 161.44 1.17 -0.08 -0.27 
52.12 -2.38 154.02 1.00 -0.04 -0.36 
46.61 -2.66 150.41 1.06 -0.09 -0.25 
-28.10 -1.98 176.37 1.48 -0.85 -0.39 
176.83 -1.14 216.63 0.92 -1.10 -0.72 
194.39 -0.20 250.36 0.19 -0.71 -0.16 
104.06 1.41 270.31 -0.27 -0.41 0.34 
159.03 1.80 279.36 -0.40 0.20 0.62 
-82.35 2.71 275.77 -0.89 0.46 0.34 
-60.16 0.22 212.98 0.06 -0.80 0.46 
-77.84 0.37 210.93 0.00 -0.92 0.46 
-65.79 -0.58 183.66 0.31 -0.70 0.23 
-26.16 -1.40 150.32 0.73 -0.74 -0.11 
-21.10 -1.94 131.98 0.81 -0.40 -0.32 
-50.51 -2.25 119.52 1.03 -0.22 -0.33 
-75.74 -2.35 110.91 1.18 -0.10 -0.42 
31.24 -2.07 106.11 1.31 -0.60 -0.33 
55.53 -2.49 106.17 0.86 0.08 -0.25 
30.24 -2.51 103.13 1.01 -0.06 -0.30 
2.77 -2.60 105.53 1.04 0.00 -0.25 
-116.35 -2.42 119.63 1.22 -0.38 -0.18 
137.90 -1.16 166.59 0.84 -1.32 -1.16 
170.88 1.69 225.71 -0.32 0.08 0.55 
-117.57 2.38 214.50 -0.74 0.45 0.34 
-103.45 0.98 187.79 -0.36 -0.37 0.65 
-30.84 0.81 162.01 -0.13 -0.77 0.55 
-83.05 -0.39 134.04 0.22 -0.66 0.23 
-76.15 -1.55 94.26 0.72 -0.65 -0.13 
-10.02 -2.13 61.93 0.94 -0.16 -0.41 
-32.88 -2.58 42.09 1.41 -0.42 -0.23 
45.10 -2.72 33.45 1.02 -0.06 -0.19 
39.05 -2.77 30.53 1.08 -0.07 -0.18 
28.71 -2.78 26.59 1.01 -0.05 -0.20 
-73.52 -2.36 44.78 1.39 -0.57 -0.20 
100.68 -1.20 84.89 1.16 -1.42 -0.58 
185.46 -0.82 129.43 0.51 -0.89 -0.41 
131.65 1.88 156.04 -0.15 0.00 0.21 
123.44 2.24 170.65 -0.59 0.39 0.52 
-175.38 3.22 156.97 -0.91 0.20 0.21 
-81.11 1.01 139.03 -0.44 -0.23 0.79 
-46.84 1.18 108.29 -0.22 -0.51 0.52 
-89.32 -0.54 66.14 0.31 -0.63 0.28 
-77.97 -1.44 24.57 1.09 -1.15 -0.42 
-6.55 -2.13 -12.06 0.84 -0.05 -0.42 
51.03 -2.06 -23.33 1.40 -0.58 -0.40 
12.53 -2.63 -27.09 0.93 -0.06 -0.24 
45.35 -2.67 -28.71 1.06 -0.01 -0.23 
39.74 -2.67 -33.46 1.04 -0.07 -0.22 
-131.59 -1.78 15.10 1.56 -1.13 -0.32 
253.69 -0.97 51.10 1.04 -1.39 -0.67 
147.35 -0.36 90.29 0.10 -0.30 0.07 
198.23 1.68 106.14 -0.26 -0.11 0.46 
125.33 2.47 125.42 -0.66 0.61 0.14 
-142.08 2.92 100.51 -0.89 0.16 0.31 
-99.58 -0.22 83.62 0.11 -0.59 1.11 
-104.54 0.86 54.84 -0.11 -0.39 0.45 
-217.61 -0.89 23.98 0.58 -0.71 -0.44 
-18.39 -1.31 -20.13 0.72 -0.51 -0.46 
2.56 -1.99 -50.86 1.18 -0.46 -0.40 
92.31 -2.63 -64.35 1.25 0.04 -0.25 
13.33 -2.63 -72.67 0.98 -0.05 -0.23 
33.22 -2.91 -79.84 1.06 0.07 -0.16 
36.97 -2.57 94.91 1.20 -0.27 -0.11 
36.97 -2.57 94.91 1.20 -0.27 -0.11 
-32.27 -2.05 112.43 1.10 -0.52 -0.10 
1.19 -1.93 120.17 0.98 -0.54 -0.05 
72.31 -0.41 150.43 0.60 -1.55 -0.12 
181.55 -0.80 174.72 0.78 -1.40 -0.28 
90.92 1.87 219.00 -0.37 -0.22 0.39 
-28.50 -0.18 139.39 0.20 -0.84 0.62 
-38.81 -0.30 107.17 0.23 -0.74 0.23 
-46.06 -1.62 75.92 0.68 -0.56 -0.11 
-61.48 -1.89 49.26 1.34 -0.67 -0.37 
-84.58 -2.31 35.88 1.30 -0.34 -0.25 
59.10 -2.62 25.99 1.24 -0.25 -0.20 
19.14 -2.70 31.64 1.14 -0.22 -0.20 
43.51 -1.73 72.35 1.24 -0.97 -0.69 
242.35 -0.84 102.85 0.53 -0.88 -0.52 
113.51 1.53 128.64 -0.23 -0.37 0.13 
198.50 1.81 127.52 -0.47 -0.28 0.61 
72.54 2.19 130.51 -0.61 0.10 0.64 
15.41 2.22 132.15 -0.57 0.27 0.57 
-145.75 1.22 109.46 -0.45 -0.10 0.56 
-92.26 0.86 103.89 -0.13 -0.65 0.49 
-107.00 0.11 79.86 0.14 -1.08 0.06 
-39.83 -1.00 28.37 0.61 -0.80 -0.16 
-116.41 -2.44 -4.58 1.23 -0.20 -0.46 
-128.92 -2.21 -15.02 1.22 -0.02 -0.38 
93.50 -2.64 -22.87 1.09 -0.01 -0.24 
25.88 -2.93 -23.99 0.98 -0.05 -0.09 
-4.79 -2.60 -11.20 1.40 -0.35 0.05 
36.99 -1.26 36.58 0.99 -1.25 -0.53 
222.09 -1.02 72.18 0.47 -0.84 -0.38 
147.96 1.05 91.36 -0.15 -0.39 0.29 
94.09 1.12 91.24 -0.25 -0.07 0.64 
51.50 2.56 96.44 -0.56 0.23 0.49 
-79.27 2.02 70.32 -0.76 -0.47 0.35 
-74.80 -0.21 58.50 0.49 -1.19 1.19 
-110.97 -0.11 36.50 0.12 -0.69 0.36 
-86.22 -1.93 -12.30 0.81 -0.50 -0.24 
-70.71 -2.23 -41.45 1.50 -0.49 -0.44 
-12.48 -2.59 -63.17 1.22 -0.21 -0.03 
86.41 -2.82 -70.44 1.10 -0.13 -0.05 
9.32 -2.78 -70.42 1.04 -0.14 -0.14 
22.31 -2.90 -72.18 0.96 -0.15 0.00 
58.19 -2.13 -71.07 1.14 -0.57 -0.03 
12.72 -1.34 -30.07 1.15 -1.35 -0.21 
201.52 -0.83 10.84 0.59 -1.07 -0.36 
163.92 0.79 41.69 -0.06 -0.24 0.16 
170.95 1.16 58.97 -0.14 0.13 0.59 
-232.70 2.15 45.76 -0.94 0.71 0.37 
-56.14 0.19 16.98 -0.01 -0.37 0.89 
-115.28 -0.02 -12.00 0.13 -0.74 0.52 
-42.47 -0.77 -58.78 0.45 -0.89 -0.14 
-35.12 -1.98 -92.66 1.18 -0.62 -0.32 
109.33 -2.39 -118.07 1.08 -0.05 -0.13 
-133.25 -3.12 -130.42 1.55 -0.29 -0.26 
39.03 -2.95 -135.34 1.10 -0.07 -0.11 
37.79 -2.99 -141.83 1.05 0.00 -0.11 
-16.11 -3.03 -142.28 1.10 -0.06 -0.07 
-56.47 -1.96 -111.19 1.29 -0.81 -0.23 
122.44 -1.11 -77.18 0.91 -1.17 -0.74 
235.65 -0.90 -34.60 0.49 -0.77 -0.27 
99.87 1.32 -6.77 -0.20 0.04 0.46 
15.64 2.57 3.84 -0.78 0.52 0.44 
-220.50 3.21 -6.21 -1.00 0.01 0.22 
-84.28 0.44 -33.66 -0.09 -0.55 0.73 
-74.81 0.16 -60.68 0.12 -0.82 0.41 
-89.38 0.21 -93.84 0.11 -0.77 0.00 
-48.15 -1.66 -132.15 0.68 -0.33 -0.49 
-57.16 -2.29 -157.15 1.44 -0.16 -0.25 
22.25 -2.84 -162.00 1.18 -0.23 -0.06 
41.08 -2.68 -161.84 1.04 -0.11 -0.22 
58.19 -2.87 -167.73 1.05 -0.06 -0.15 
45.63 -3.07 -173.63 1.07 0.00 -0.07 
-22.11 -2.05 -148.06 1.41 -0.69 -0.22 
117.34 -1.40 -103.68 1.18 -1.23 -0.58 
212.75 -0.71 -63.94 0.36 -0.64 -0.23 
170.83 1.39 -41.47 -0.22 -0.14 0.48 
28.31 1.90 -28.55 -0.51 0.51 0.58 
-179.41 2.25 -44.72 -0.65 -0.27 0.24 
-65.74 1.03 -68.99 -0.19 -0.53 0.59 
-109.67 0.59 -106.47 -0.01 -1.06 -0.14 
-39.58 -0.99 -157.95 0.75 -0.88 0.05 
-47.44 -3.10 -188.70 1.00 0.05 0.00 
-20.53 -3.16 -215.78 1.76 -0.18 0.00 
35.51 -3.05 -219.28 0.99 0.00 -0.06 
41.70 -3.03 -222.88 1.01 0.08 -0.06 
21.95 -3.09 -227.83 1.06 0.04 -0.06 
29.64 -3.04 -234.05 1.07 -0.05 -0.07 
-67.54 -1.53 -188.48 1.34 -1.15 -0.07 
175.66 -1.37 -144.24 1.14 -1.21 -0.36 
145.89 -0.57 -104.66 0.20 -0.45 0.03 
125.99 1.80 -82.84 -0.35 0.00 0.54 
-18.93 2.53 -76.61 -0.81 0.48 0.43 
-76.57 0.84 -107.55 -0.25 -0.41 0.80 
-71.08 0.74 -129.04 -0.08 -0.81 0.55 
-47.43 -0.14 -179.39 0.18 -0.79 0.24 
-74.31 -1.58 -212.47 0.80 -0.68 -0.27 
24.44 -2.02 -243.71 1.36 -0.32 -0.16 
-26.27 -2.29 -268.24 1.76 -0.89 -0.14 
7.76 -2.90 -273.45 0.95 -0.14 -0.07 
41.62 -2.86 -274.82 1.07 -0.11 -0.13 
37.02 -2.78 -281.85 1.06 -0.16 -0.13 
-42.64 -1.73 -251.45 1.27 -0.90 -0.19 
193.50 -1.36 -214.56 1.11 -1.16 -0.68 
213.61 -0.66 -182.01 0.33 -0.66 -0.09 
164.02 1.39 -150.94 -0.16 -0.16 0.36 
-16.48 2.01 -129.80 -0.68 0.87 0.30 
-79.84 1.96 -147.42 -0.61 -0.20 0.58 
-84.80 0.63 -170.37 -0.16 -0.42 0.77 
-45.37 -0.23 -218.46 0.21 -0.79 0.44 
-47.50 -1.34 -259.37 0.42 -0.43 0.20 
26.78 -2.55 -299.48 1.13 -0.34 -0.13 
-62.04 -2.70 -316.52 1.19 0.13 -0.17 
37.50 -2.73 -318.11 1.34 -0.32 -0.02 
74.02 -2.84 327.08 1.01 -0.01 -0.16 
63.45 -2.92 321.26 1.03 0.11 -0.07 
35.44 -2.96 315.25 1.06 0.05 -0.10 
31.53 -3.05 310.01 1.06 -0.02 -0.07 
-27.79 -2.22 -313.67 1.59 -0.63 -0.07 
154.60 -1.60 -265.10 1.35 -0.97 -0.43 
180.48 -0.97 -217.53 0.34 -0.43 -0.03 
186.53 1.62 -193.45 -0.21 0.01 0.44 
-25.37 2.42 -186.53 -0.91 0.70 0.26 
-104.90 2.94 -200.22 -0.85 0.16 0.29 
-36.48 -0.33 -224.61 0.11 -0.39 0.86 
-145.94 0.23 -263.15 0.07 -0.65 0.38 
-109.33 -1.11 -306.73 0.73 -0.87 -0.31 
-13.48 -2.42 305.84 1.06 -0.16 -0.24 
-117.90 -2.61 284.03 1.66 -0.64 -0.33 
79.60 -2.60 278.14 0.87 0.14 -0.15 
69.24 -2.97 269.92 0.97 -0.06 -0.11 
23.15 -3.05 262.47 1.06 0.01 -0.11 
-52.82 -3.08 265.90 1.26 -0.12 0.00 
-47.67 -1.76 303.76 1.23 -0.90 -0.34 
204.28 -0.98 -317.92 0.83 -1.26 -0.85 
231.22 -0.72 -283.45 0.18 -0.36 0.13 
173.16 2.43 -271.69 -0.47 -0.17 0.34 
153.40 2.16 -257.45 -0.49 0.47 0.43 
-120.23 1.99 -258.92 -0.86 1.26 0.17 
-144.78 0.57 -273.31 -0.27 0.04 0.67 
-69.19 1.42 -312.05 -0.27 -0.52 0.43 
-142.34 -0.68 300.15 0.40 -0.70 -0.01 
-20.68 -1.73 263.26 0.88 -0.55 -0.43 
-82.29 -2.36 235.95 1.87 0.03 -0.71 
38.57 -2.46 237.60 0.85 0.11 -0.27 
46.90 -2.52 232.54 1.00 0.00 -0.32 
1.44 -2.52 232.69 1.07 -0.14 -0.31 
-29.26 -1.77 276.20 1.50 -0.95 -0.71 
254.15 -1.24 310.80 0.87 -1.00 -0.75 
198.61 0.28 -312.08 0.00 -0.31 -0.10 
261.41 2.01 -300.36 -0.25 -0.07 0.33 
118.99 2.06 -288.39 -0.46 0.31 0.49 
-223.43 1.82 -301.27 -0.54 0.56 0.44 
-144.39 0.11 -327.02 -0.02 -0.19 0.84 
-124.53 1.21 303.99 -0.26 -0.68 0.59 
-90.06 -0.15 258.00 0.22 -0.77 0.17 
-47.22 -1.55 223.74 0.67 -0.52 -0.29 
-85.11 -2.26 201.73 1.42 -0.31 -0.52 
39.43 -1.96 193.30 1.26 -0.62 -0.37 
41.08 -2.44 188.65 0.99 -0.06 -0.33 
36.57 -2.51 183.87 1.04 -0.12 -0.31 
-37.68 -2.14 211.24 1.66 -0.56 -0.26 
67.20 -1.36 246.98 0.96 -1.11 -0.63 
257.87 -0.65 287.98 0.42 -0.78 -0.25 
242.06 1.71 325.46 -0.06 -0.06 0.09 
134.61 1.81 -310.23 -0.51 0.97 0.30 
-182.17 2.98 316.34 -0.71 -0.18 0.03 
-117.21 0.50 267.96 0.00 -0.64 0.36 
-59.80 -1.15 216.48 0.59 -0.76 -0.03 
4.76 -2.60 174.53 1.13 -0.33 -0.03 
-15.37 -2.35 145.72 1.74 -0.54 -0.50 
6.42 -2.82 144.62 0.98 -0.02 -0.16 
38.93 -2.63 139.56 1.04 -0.05 -0.27 
39.40 -2.58 135.56 1.04 -0.04 -0.28 
-92.69 -1.96 163.66 1.46 -0.81 -0.31 
115.74 -1.29 208.79 1.17 -1.20 -0.69 
244.95 -0.58 251.07 0.47 -0.86 -0.39 
207.96 2.16 284.69 -0.18 0.06 0.19 
83.81 1.07 324.03 -0.20 1.28 0.09 
-107.87 0.85 312.14 -0.33 -0.26 0.77 
-127.78 1.71 285.97 -0.33 -0.37 0.55 
-102.13 0.22 234.23 0.10 -1.01 0.00 
-23.77 -1.96 194.66 0.95 -0.66 -0.16 
43.80 -2.03 170.81 0.74 0.02 -0.44 
108.61 -1.66 141.78 1.13 -0.34 -0.66 
32.36 -2.39 135.55 1.08 -0.18 -0.39 
58.35 -2.42 128.44 1.04 -0.07 -0.35 
12.67 -2.46 127.26 0.98 -0.01 -0.31 
-84.19 -1.88 159.86 1.29 -0.79 -0.53 
166.45 -1.23 192.10 0.98 -1.11 -1.09 
186.65 -0.47 224.60 0.28 -0.84 -0.40 
261.41 1.68 253.46 -0.12 -0.17 0.07 
187.22 1.69 273.77 -0.34 0.42 0.46 
-238.84 1.37 263.55 -0.64 0.92 0.34 
-160.98 0.01 242.00 -0.09 -0.37 0.68 
-111.68 0.67 205.28 -0.06 -0.52 0.46 
-164.32 -1.11 154.05 0.68 -0.85 -0.12 
-27.39 -2.28 126.76 0.98 -0.26 -0.29 
-114.69 -2.62 107.34 1.51 -0.20 -0.44 
43.10 -2.68 107.52 1.04 -0.07 -0.26 
77.77 -2.25 98.18 0.96 0.03 -0.41 
36.15 -2.36 93.63 0.96 0.00 -0.37 
25.26 -2.38 93.89 0.99 -0.11 -0.34 
30.54 -2.02 109.99 1.37 -0.69 -0.43 
160.45 -1.20 145.04 1.09 -1.16 -0.62 
205.48 -0.64 185.89 0.40 -0.73 -0.26 
147.61 1.10 212.88 -0.13 -0.24 0.36 
92.41 2.05 240.38 -0.39 0.42 0.34 
-184.46 1.30 220.70 -0.47 0.41 0.63 
-93.00 0.15 202.34 0.16 -0.65 1.04 
-84.01 0.43 154.91 0.00 -0.54 0.38 
-128.43 -1.28 126.35 0.52 -0.74 -0.24 
34.20 -1.82 83.77 1.37 -0.79 -0.48 
-82.46 -2.37 63.60 1.58 -0.37 -0.46 
85.90 -2.66 55.32 1.00 -0.12 -0.19 
65.02 -2.54 51.38 1.03 -0.12 -0.24 
43.32 -2.64 44.31 0.99 -0.12 -0.22 
36.55 -2.08 68.35 1.80 -0.94 -0.15 
116.12 -1.31 114.16 1.06 -1.09 -0.62 
223.68 -0.60 150.60 0.33 -0.70 -0.18 
216.17 2.62 178.94 -0.30 0.04 0.25 
89.22 1.55 191.47 -0.39 0.56 0.47 
-211.72 2.44 176.95 -0.72 0.03 0.33 
-53.47 -0.04 165.45 0.24 -0.78 1.05 
-76.31 0.74 133.69 -0.08 -0.66 0.41 
-122.29 -0.51 99.03 0.31 -0.69 -0.08 
-99.90 -1.04 79.12 1.20 -1.05 -0.54 
45.56 -2.31 36.83 1.33 -0.53 -0.19 
60.62 -2.48 34.42 1.11 -0.20 -0.22 
61.64 -2.59 29.90 1.04 -0.08 -0.24 
-214.72 1.87 20.28 -0.82 0.98 0.35 
-88.39 -0.03 -19.10 0.16 -0.60 0.98 
-112.14 0.84 -43.77 -0.13 -0.73 0.28 
-84.07 -1.73 -95.25 0.60 -0.39 0.07 
-53.39 -2.78 -123.45 1.71 -0.50 -0.35 
-162.17 -2.65 -141.59 1.66 -0.49 -0.24 
40.25 -2.84 -145.34 0.99 -0.03 -0.14 
56.51 -2.81 -149.36 1.03 -0.04 -0.16 
35.96 -2.85 -155.31 1.04 -0.07 -0.16 
37.22 -2.27 -151.19 1.07 -0.40 -0.18 
48.48 -1.80 -129.02 1.54 -0.97 -0.33 
192.06 -1.38 -83.26 1.16 -0.97 -0.53 
182.81 -0.18 -43.79 0.10 -0.28 0.01 
226.00 2.18 -15.74 -0.21 0.04 0.25 
-221.68 0.98 -38.29 -0.32 0.31 0.70 
-50.47 0.72 -69.86 -0.21 -0.46 0.78 
-108.84 0.41 -95.90 -0.01 -0.71 0.38 
-132.51 -1.35 -135.83 0.58 -0.67 -0.07 
-68.13 -2.18 -165.92 1.26 -0.47 -0.28 
-52.51 -2.63 -203.10 1.63 -0.37 -0.26 
99.60 -2.63 -200.43 1.10 -0.18 -0.15 
54.73 -2.61 -205.99 1.04 -0.08 -0.24 
41.72 -2.73 -211.92 1.01 -0.09 -0.20 
11.56 -2.32 -200.82 1.39 -0.54 -0.09 
65.29 -1.54 -166.11 1.17 -1.04 -0.32 
192.41 -0.84 -128.17 0.66 -0.88 -0.45 
187.97 1.01 -97.42 -0.11 -0.36 0.19 
188.85 1.89 -82.06 -0.49 0.54 0.54 
-212.37 1.91 -89.61 -0.77 0.65 0.38 
-107.32 0.66 -122.30 -0.20 -0.38 0.69 
-114.80 -0.02 -158.96 0.20 -0.99 0.24 
-30.72 -0.93 -207.83 0.40 -0.60 0.04 
-71.64 -2.18 -230.73 1.55 -0.53 -0.48 
9.82 -2.01 -262.47 1.51 -0.62 -0.59 
31.03 -2.24 -264.22 0.66 0.02 -0.28 
50.93 -2.59 -272.68 1.01 0.05 -0.31 
-28.65 -1.90 -253.00 1.53 -0.82 -0.30 
131.73 -1.32 -209.06 1.27 -1.21 -0.72 
193.11 -0.94 -176.91 0.47 -0.68 -0.17 
261.41 2.02 -150.55 -0.15 -0.08 0.21 
32.99 2.00 -127.13 -0.72 1.06 0.14 
-234.33 2.84 -141.86 -0.78 0.19 0.04 
-53.34 0.25 -172.89 0.12 -0.65 0.34 
-164.85 -1.36 -224.38 0.55 -0.55 0.10 
-56.41 -2.37 -260.43 1.55 -0.54 -0.61 
-82.37 -2.68 -273.06 1.44 -0.10 -0.36 
43.72 -2.73 -269.35 1.06 -0.08 -0.22 
67.38 -2.52 -275.96 1.03 -0.11 -0.29 
46.67 -2.61 -281.94 1.03 -0.09 -0.26 
39.35 -2.57 -288.50 1.06 -0.15 -0.26 
-159.01 -2.07 -244.22 1.44 -0.80 -0.53 
187.58 -0.95 -214.80 0.71 -1.00 -1.31 
261.41 -0.29 -196.55 0.19 -0.60 -0.29 
261.41 2.37 -175.32 -0.16 -0.03 0.17 
-12.06 1.57 -162.51 -0.51 0.98 0.36 
-123.38 2.69 -183.37 -0.64 0.25 0.23 
-99.58 0.00 -219.95 0.10 -0.65 0.63 
-77.89 -1.36 -271.44 0.54 -0.55 0.32 
-37.38 -2.05 -302.84 1.27 -0.69 -0.28 
-25.24 -2.58 -321.65 1.22 -0.01 -0.27 
36.20 -2.36 -322.09 1.18 -0.27 -0.33 
90.03 -2.58 320.84 1.08 -0.06 -0.25 
94.06 -2.61 320.16 1.07 -0.04 -0.24 
43.14 -2.81 314.99 1.01 0.00 -0.17 
41.35 -2.80 310.89 1.01 0.00 -0.19 
-14.71 -2.84 312.12 1.08 -0.12 -0.17 
5.90 -2.62 314.54 1.47 -0.45 -0.14 
30.78 -1.74 -307.99 1.42 -1.04 -0.62 
203.99 -1.39 -285.68 1.18 -1.09 -0.96 
233.06 -1.07 -256.41 0.42 -0.51 -0.18 
259.30 0.66 -241.53 0.00 -0.44 0.08 
261.41 2.03 -218.43 -0.14 -0.17 0.12 
54.27 1.53 -201.94 -0.31 0.65 0.30 
-238.84 1.27 -210.43 -0.52 0.61 0.63 
-99.16 0.75 -239.65 -0.05 -0.41 0.44 
-90.89 -0.88 -308.09 0.79 -1.20 -0.37 
-12.18 -1.53 -326.87 0.85 -0.69 -0.40 
-15.66 -1.97 316.38 1.05 -0.42 -0.34 
-96.86 -2.66 294.34 1.61 -0.20 -0.38 
62.74 -2.23 289.89 1.22 -0.43 -0.32 
37.20 -2.74 284.47 1.02 -0.09 -0.18 
47.96 -2.56 281.89 1.03 -0.11 -0.26 
48.28 -2.60 279.44 1.03 -0.07 -0.25 
45.76 -2.71 276.74 1.03 -0.09 -0.23 
35.74 -2.74 272.03 1.04 -0.09 -0.20 
-7.19 -2.69 272.93 1.22 -0.30 -0.11 
-111.52 -1.57 306.36 1.28 -1.14 -0.58 
75.64 -1.51 327.31 1.09 -1.13 -1.14 
261.41 -1.07 -312.96 0.58 -0.75 -0.51 
261.41 -0.34 -299.93 0.26 -0.67 -0.10 
206.97 1.23 -278.01 -0.11 -0.33 0.21 
211.05 2.70 -264.49 -0.28 0.03 0.20 
-95.54 1.67 -253.66 -0.67 1.01 0.37 
-238.84 1.29 -261.39 -0.49 0.33 0.52 
-79.02 0.49 -283.27 -0.08 -0.37 0.86 
-74.66 0.91 -296.42 -0.19 -0.73 0.63 
-96.00 -0.02 -321.27 0.14 -0.73 0.38 
-115.06 -1.15 314.31 0.44 -0.43 0.33 
-87.91 -0.97 287.86 0.61 -0.78 -0.36 
-60.17 -1.66 272.75 0.90 -0.57 -0.55 
67.81 -1.81 252.14 1.38 -0.67 0.00 
11.26 -2.35 234.68 1.44 -0.62 0.06 
72.16 -2.69 230.08 1.07 -0.19 0.06 
52.51 -2.83 224.60 1.06 -0.19 -0.03 
37.34 -2.87 221.82 1.05 -0.12 -0.11 
52.05 -2.97 219.71 1.03 -0.04 -0.10 
-6.94 -3.20 216.52 1.09 -0.09 -0.09 
-221.20 -2.37 231.28 1.38 -0.75 -0.39 
199.94 -1.39 261.01 1.49 -1.14 -1.08 
261.41 -1.12 277.79 1.08 -0.98 -0.84 
246.15 -0.64 312.25 0.32 -0.48 -0.21 
196.45 0.61 -323.67 -0.03 -0.38 0.00 
205.53 1.04 -300.64 -0.09 0.18 0.36 
-162.06 2.86 -305.08 -0.79 -0.02 0.33 
-116.04 0.54 321.26 0.07 -0.98 0.08 
-139.35 -0.22 295.00 0.35 -1.05 -0.17 
-64.80 -1.14 269.26 0.70 -0.90 -0.29 
-77.53 -2.37 238.90 1.24 -0.37 -0.40 
-121.09 -2.45 237.41 1.45 -0.23 -0.38 
114.20 -2.47 207.78 1.34 -0.19 -0.35 
31.25 -2.65 210.18 1.24 -0.21 -0.23 
32.89 -2.65 207.35 0.96 -0.07 -0.22 
42.37 -2.59 203.15 1.00 -0.01 -0.29 
36.23 -2.72 198.99 1.03 -0.01 -0.23 
27.02 -2.90 196.82 1.24 -0.21 -0.07 
-27.42 -2.07 227.54 1.52 -0.70 -0.38 
27.41 -1.62 251.08 1.27 -1.04 -0.65 
251.46 -0.87 274.86 0.71 -0.98 -0.65 
251.26 -0.20 290.51 0.22 -0.67 -0.33 
176.25 0.87 309.19 -0.12 -0.47 0.22 
236.31 1.33 316.04 -0.23 -0.43 0.39 
89.63 -1.63 -33.33 1.00 -0.63 -0.12 
-83.22 -1.86 -46.79 1.56 -0.87 0.40 
42.50 -3.02 -55.46 0.94 0.01 -0.07 
33.72 -3.09 -61.97 1.17 -0.08 -0.04 
-28.03 -2.44 -50.62 1.18 -0.35 0.04 
-54.48 -1.73 -14.47 1.23 -1.08 -0.46 
251.94 -1.01 16.96 0.65 -0.99 -0.48 
218.46 0.90 47.22 -0.06 -0.39 0.04 
79.12 1.93 81.29 -0.33 0.34 0.36 
-121.48 1.12 64.52 -0.47 0.08 0.71 
-8.45 0.30 44.34 0.06 -0.46 0.85 
-61.09 0.65 15.59 -0.06 -0.75 0.60 
-61.74 -0.33 -23.51 0.35 -1.04 0.13 
-98.98 -1.05 -37.40 0.59 -0.73 -0.36 
87.08 -1.73 -71.97 0.97 -0.52 -0.20 
10.90 -2.68 -105.63 1.32 -0.33 -0.06 
85.83 -2.99 -112.12 1.00 0.07 -0.05 
31.76 -2.80 -118.95 1.05 -0.11 -0.15 
4.60 -2.98 -120.72 1.09 -0.10 -0.07 
-48.50 -2.25 -102.83 1.30 -0.61 -0.16 
87.51 -1.49 -65.52 1.06 -1.29 -0.85 
202.93 -0.92 -30.28 0.33 -0.57 -0.23 
261.41 0.87 -4.30 -0.04 -0.40 0.11 
-43.16 1.92 11.72 -0.57 0.60 0.40 
-86.24 0.85 -3.33 -0.29 -0.25 0.69 
-31.97 0.44 -8.83 0.03 -0.29 0.86 
-76.35 1.35 -30.60 -0.27 -0.62 0.51 
-86.74 -0.09 -63.81 0.17 -0.84 0.09 
9.89 -0.84 -101.85 0.56 -0.72 -0.18 
24.90 -1.95 -143.67 1.24 -0.72 -0.13 
-26.71 -2.16 -161.56 1.23 -0.54 -0.16 
32.61 -3.05 -166.01 0.98 -0.09 0.00 
-19.16 -2.86 -167.00 1.11 -0.17 -0.03 
-42.62 -2.00 -152.43 1.30 -0.74 -0.12 
55.65 -1.22 -118.85 1.13 -1.44 -0.37 
242.98 -0.54 -82.45 0.30 -0.67 -0.32 
158.35 0.76 -53.42 -0.10 -0.33 0.39 
261.41 1.56 -36.33 -0.21 0.42 0.21 
-66.79 1.34 -35.44 -0.65 1.28 0.54 
-206.91 1.60 -43.12 -0.53 0.33 0.43 
-53.48 0.30 -60.68 0.05 -0.53 0.72 
-95.07 1.32 -82.15 -0.21 -0.63 0.34 
-110.63 -0.28 -121.63 0.37 -1.00 0.08 
-12.71 -1.18 -170.27 0.91 -0.89 -0.25 
-8.22 -2.32 -191.32 1.21 -0.39 -0.04 
54.54 -2.01 -195.85 1.26 -0.72 -0.03 
24.82 -2.71 -202.43 1.11 -0.24 -0.07 
23.11 -2.72 -204.92 1.10 -0.22 -0.01 
-3.72 -2.18 -202.51 1.14 -0.56 0.01 
30.33 -1.29 -165.35 1.27 -1.46 -0.47 
220.52 -0.86 -121.67 0.50 -0.81 -0.47 
178.20 1.28 -92.39 -0.16 -0.30 0.26 
242.41 1.83 -70.98 -0.23 0.16 0.34 
-176.22 1.40 -88.61 -0.43 0.55 0.65 
-99.93 -0.09 -111.72 0.01 -0.11 1.03 
-76.91 1.28 -125.08 -0.21 -0.51 0.59 
-40.41 1.25 -166.35 -0.31 -0.96 0.26 
-56.82 -1.21 -216.51 0.62 -0.79 -0.05 
-24.09 -2.43 -250.02 1.15 -0.36 -0.23 
-125.05 -2.96 -272.68 1.27 -0.06 -0.14 
50.01 -2.82 -262.66 0.98 0.08 -0.06 
48.22 -2.92 -269.35 1.08 -0.04 -0.13 
22.19 -2.95 -272.89 1.11 -0.10 -0.08 
-41.93 -2.10 -244.98 1.46 -0.74 -0.14 
98.30 -1.41 -204.94 1.05 -1.24 -0.67 
149.09 -0.79 -172.00 0.34 -0.65 -0.22 
255.81 0.73 -155.97 -0.07 -0.48 0.33 
112.65 2.03 -136.67 -0.41 0.37 0.36 
-238.84 1.39 -143.58 -0.49 0.67 0.50 
-64.87 0.12 -163.19 -0.03 -0.20 1.02 
-126.21 1.23 -181.99 -0.13 -0.55 0.37 
-84.39 0.46 -229.71 0.02 -1.07 -0.14 
-27.23 -0.88 -276.87 0.96 -0.99 -0.59 
-146.99 -2.67 -276.65 1.33 0.02 -0.21 
109.80 -2.62 -293.36 1.18 -0.24 -0.23 
40.86 -3.38 225.59 1.08 -0.08 -0.08 
51.61 -3.04 219.48 1.08 -0.04 -0.06 
44.82 -3.06 216.15 1.06 -0.02 -0.07 
45.54 -3.02 210.70 1.07 -0.02 -0.06 
33.57 -3.03 207.75 1.06 -0.01 -0.08 
146.51 0.61 302.00 0.03 -0.52 0.00 
-26.12 -0.52 200.42 0.27 -0.58 0.09 
29.00 -2.84 151.37 1.06 -0.03 -0.17 
189.19 -1.43 233.74 1.15 -1.13 -0.78 
203.41 1.40 293.79 -0.20 -0.25 0.41 
32.26 1.98 306.26 -0.58 0.76 0.34 
-148.37 1.87 297.06 -0.55 -0.33 0.29 
-92.94 0.11 269.82 0.22 -0.80 0.81 
-113.35 0.16 228.01 0.09 -0.72 0.34 
-42.11 -1.72 187.55 0.77 -0.64 -0.05 
-37.64 -2.42 169.23 1.34 -0.33 -0.17 
-238.84 -2.98 154.60 1.62 -0.32 -0.21 
45.48 -2.76 156.91 0.80 0.10 -0.09 
11.22 -2.88 151.43 1.08 -0.15 -0.13 
-17.95 -2.46 153.29 1.24 -0.45 0.02 
33.38 -1.49 191.61 1.25 -1.22 -0.37 
217.25 -0.67 227.90 0.61 -0.98 -0.50 
137.12 0.96 261.38 -0.10 -0.34 0.14 
134.38 1.55 281.53 -0.29 -0.03 0.56 
-235.31 2.42 276.46 -0.91 0.59 0.28 
-80.93 -0.43 160.80 0.35 -0.97 -0.30 
108.67 -1.26 115.28 0.92 -0.84 -0.28 
-74.58 -2.30 109.84 1.50 -0.55 0.00 
8.48 -2.25 89.64 1.37 -0.47 -0.30 
17.65 -2.85 85.43 1.02 -0.07 -0.16 
50.24 -2.79 83.64 1.11 -0.14 -0.13 
9.18 -2.13 97.17 1.15 -0.55 -0.23 
68.55 -1.42 132.72 1.14 -1.25 -0.62 
261.41 -0.84 166.63 0.60 -0.92 -0.44 
145.62 1.25 198.13 -0.10 -0.15 0.22 
196.44 1.58 218.12 -0.27 0.30 0.53 
-238.84 1.83 204.19 -0.65 0.52 0.28 
-51.81 0.32 176.81 -0.02 -0.90 0.96 
-56.27 1.13 152.71 -0.22 -0.74 0.43 
-93.71 -0.15 125.54 0.16 -0.83 0.08 
33.91 -0.99 71.26 0.79 -0.87 -0.38 
8.46 -2.60 41.34 1.00 -0.13 -0.11 
-7.22 -2.11 19.05 1.61 -0.79 -0.31 
44.93 -2.98 12.23 1.01 -0.02 -0.10 
11.93 -2.76 9.99 1.00 -0.07 -0.17 
-29.14 -2.06 31.41 1.42 -0.77 -0.13 
87.41 -1.57 74.54 1.27 -1.15 -0.38 
187.94 -1.07 117.51 0.46 -0.53 -0.05 
96.34 1.22 143.07 -0.20 -0.18 0.42 
256.63 2.38 158.83 -0.39 0.33 0.31 
-238.84 1.79 139.57 -0.93 1.08 0.21 
-51.93 -0.26 113.99 0.23 -0.52 1.17 
-71.60 0.73 105.71 -0.09 -0.78 0.70 
-86.63 0.65 85.52 -0.08 -1.01 0.21 
-101.62 -0.14 51.60 0.36 -1.08 -0.30 
-26.80 -0.89 26.39 1.02 -0.89 -0.70 
-44.58 -2.52 -14.69 1.46 -0.32 -0.44 
34.15 -2.31 -12.00 1.05 -0.35 -0.19 
-91.94 -2.31 -4.01 1.16 -0.07 -0.45 
-21.16 -1.58 33.80 1.21 -1.08 -0.68 
229.72 -1.11 61.32 0.79 -1.04 -0.74 
179.48 0.31 85.47 0.00 -0.46 -0.03 
239.08 1.63 102.55 -0.25 -0.08 0.43 
225.88 2.29 126.95 -0.38 0.31 0.32 
-238.84 1.34 99.78 -0.56 0.75 0.20 
-66.71 0.85 77.28 -0.07 -0.35 0.72 
-103.73 1.27 46.57 -0.22 -0.70 0.22 
17.18 0.22 2.25 0.15 -1.01 -0.12 
-7.16 -1.57 -25.33 0.74 -0.44 -0.39 
36.52 -2.31 -63.00 1.37 -0.68 -0.20 
74.25 -2.63 -70.87 1.05 -0.16 -0.26 
37.33 -2.44 -78.08 1.05 -0.25 -0.26 
-113.61 -1.89 -54.16 1.38 -0.68 -0.07 
-1.69 -1.04 -15.37 0.87 -1.42 -0.72 
227.51 -0.74 15.50 0.40 -0.84 -0.42 
159.70 2.11 38.61 -0.39 -0.34 0.13 
224.48 1.76 51.65 -0.28 -0.10 0.43 
-238.84 1.28 48.56 -0.72 1.14 0.32 
-117.02 0.09 30.98 0.06 -0.38 1.00 
-138.68 1.37 33.71 -0.27 -0.64 0.52 
-75.20 1.01 11.24 -0.21 -0.97 0.12 
13.22 -0.02 -40.25 0.21 -0.92 -0.09 
-2.69 -1.72 -80.56 0.91 -0.55 -0.42 
-42.06 -2.27 -103.07 1.23 -0.13 -0.36 
79.44 -2.79 -99.25 1.31 -0.04 -0.17 
60.12 -2.73 -106.22 1.04 -0.06 -0.20 
-171.10 -2.78 -84.31 1.42 -0.42 -0.14 
129.00 -1.48 -45.18 1.31 -1.34 -0.84 
261.41 -0.87 -9.79 0.49 -0.68 -0.43 
176.09 1.69 12.84 -0.21 -0.25 0.23 
239.06 2.08 32.84 -0.34 0.35 0.29 
-238.84 1.23 21.84 -0.75 1.51 0.46 
-71.58 0.45 -3.66 -0.17 -0.08 0.92 
-113.66 1.20 -12.57 -0.20 -0.73 0.46 
-115.16 0.59 -49.00 0.01 -0.70 -0.10 
-45.88 -0.47 -91.97 0.60 -1.03 -0.59 
-22.24 -1.82 -123.24 1.09 -0.30 -0.58 
34.67 -2.38 -119.96 1.20 -0.43 -0.26 
50.39 -2.29 -126.41 0.99 -0.20 -0.33 
17.66 -2.48 -128.41 1.00 -0.15 -0.30 
-19.67 -1.99 -107.83 1.36 -0.73 -0.28 
82.53 -1.14 -67.44 1.02 -1.21 -0.74 
261.41 -0.42 -34.54 0.38 -0.92 -0.46 
166.33 1.61 -5.13 -0.19 -0.23 0.23 
174.60 1.39 20.20 -0.20 0.37 0.40 
-238.84 1.49 6.99 -0.80 1.08 0.34 
-82.51 0.58 -70.25 -0.01 -0.91 0.05 
-29.63 -1.02 -113.07 0.56 -0.76 -0.19 
-37.89 -2.72 -143.67 1.24 -0.24 -0.25 
-86.73 -2.11 -159.63 1.72 -0.73 -0.52 
35.90 -2.56 -160.59 0.94 -0.04 -0.26 
46.14 -2.71 -165.93 1.05 -0.06 -0.25 
25.74 -2.73 -172.15 1.03 -0.10 -0.20 
-46.24 -1.99 -152.02 1.47 -0.84 -0.28 
187.87 -1.43 -108.25 1.31 -1.06 -0.75 
209.53 -0.83 -62.86 0.29 -0.45 -0.08 
198.41 0.82 -35.26 -0.05 -0.15 0.27 
12.48 1.72 -16.03 -0.75 1.42 0.01 
-232.59 2.99 -31.00 -0.70 0.13 0.11 
-30.22 1.00 -54.23 -0.19 -0.46 0.62 
-109.15 0.03 -76.92 0.12 -0.83 0.25 
-100.74 -1.32 -116.72 0.77 -0.93 -0.20 
-28.42 -2.04 -138.47 1.09 -0.32 -0.52 
-80.94 -2.61 -154.82 1.56 -0.21 -0.48 
46.81 -2.39 -160.01 0.93 -0.11 -0.31 
48.63 -2.40 -165.47 1.02 -0.09 -0.37 
23.43 -2.58 -171.22 1.03 -0.07 -0.29 
-61.15 -2.03 -140.60 1.48 -0.79 -0.24 
146.96 -1.22 -96.99 1.13 -1.17 -0.82 
202.28 0.03 -62.62 0.11 -0.63 -0.02 
261.41 0.46 -37.85 0.01 -0.11 0.24 
-107.04 1.80 -26.78 -0.74 1.05 0.25 
-89.42 0.86 -51.09 -0.36 -0.31 0.89 
-75.67 1.18 -70.60 -0.27 -0.53 0.67 
-55.82 0.29 -119.46 0.08 -0.92 0.07 
-33.45 -1.44 -171.21 0.86 -0.75 -0.41 
-126.20 -2.65 -190.42 1.30 -0.14 -0.34 
42.52 -2.35 -193.00 1.23 -0.40 -0.32 
63.48 -2.62 -200.34 1.02 -0.06 -0.22 
33.96 -2.61 -203.08 1.02 0.00 -0.27 
2.52 -2.59 -196.82 1.33 -0.33 -0.21 
44.74 -1.65 -171.66 1.11 -0.87 -0.35 
179.15 -1.03 -138.25 0.88 -1.19 -0.59 
220.04 0.10 -105.70 0.08 -0.53 -0.04 
201.98 1.61 -87.74 -0.23 -0.20 0.41 
155.71 2.51 -69.03 -0.57 0.45 0.27 
-225.86 1.99 -86.43 -1.01 1.05 0.25 
-97.56 1.50 -110.73 -0.52 0.00 0.64 
-111.65 1.03 -111.82 -0.18 -0.58 0.57 
-57.46 1.14 -137.26 -0.22 -1.01 0.19 
-41.24 -0.36 -184.38 0.42 -0.85 -0.21 
60.47 -1.44 -226.83 0.94 -0.73 -0.36 
-153.19 -2.22 -253.80 1.61 -0.84 -0.17 
84.76 -2.86 -259.10 0.97 -0.06 -0.10 
40.92 -2.65 -263.06 1.07 -0.18 -0.18 
-52.53 -2.46 -252.36 1.06 -0.24 -0.10 
-26.70 -1.64 -235.33 1.07 -0.95 -0.15 
128.42 -1.17 -201.79 1.12 -1.47 -0.42 
200.16 -0.40 -162.97 0.24 -0.68 -0.18 
147.72 1.15 -137.95 -0.19 -0.30 0.34 
261.41 1.64 -124.94 -0.30 0.34 0.50 
-116.46 1.79 -122.99 -0.60 0.72 0.34 
-214.54 1.34 -136.84 -0.40 0.02 0.54 
-107.64 1.41 -144.44 -0.30 -0.71 0.42 
-71.00 0.87 -175.14 -0.20 -1.11 0.07 
-33.09 -0.79 -220.18 0.53 -0.84 -0.10 
-115.48 -1.97 -260.79 1.30 -0.73 -0.45 
-62.42 -2.33 -279.00 1.31 -0.48 -0.26 
40.42 -2.43 -285.23 1.06 -0.22 -0.27 
41.40 -2.63 -292.71 1.01 -0.17 -0.22 
-1.38 -2.59 -292.65 1.17 -0.31 -0.14 
9.83 -1.47 -253.12 1.27 -1.20 -0.52 
189.31 -1.09 -216.78 0.77 -1.01 -0.52 
216.31 0.44 -187.29 -0.01 -0.45 0.00 
173.46 2.19 -175.09 -0.43 -0.01 0.43 
132.46 2.13 -154.36 -0.44 0.45 0.31 
-238.84 1.78 -166.32 -0.56 0.53 0.42 
-84.25 0.34 -183.90 -0.07 -0.51 0.86 
-98.60 0.89 -206.88 -0.13 -0.61 0.50 
-76.80 0.23 -246.41 0.05 -0.97 0.04 
-32.22 -1.13 -288.63 0.71 -0.84 -0.13 
-47.90 -2.18 -312.22 1.03 -0.11 -0.53 
-13.08 -1.93 -320.96 1.27 -0.58 -0.47 
48.27 -2.53 -327.54 0.92 -0.01 -0.28 
31.02 -2.58 323.06 1.02 -0.05 -0.28 
-13.39 -2.52 -325.88 1.16 -0.25 -0.19 
7.90 -1.70 -301.17 1.29 -0.95 -0.40 
157.48 -1.02 -263.85 1.01 -1.36 -0.59 
184.63 -0.10 -231.30 0.09 -0.43 0.09 
187.02 1.54 -217.38 -0.30 -0.45 0.36 
204.90 2.03 -194.77 -0.35 0.36 0.32 
-238.84 1.40 -206.31 -0.67 0.86 0.24 
-82.71 0.01 -212.56 0.21 -0.30 0.97 
-78.46 0.95 -230.38 -0.17 -0.86 0.55 
-129.23 -0.37 -267.67 0.27 -0.73 0.15 
-76.74 -0.82 -307.79 0.86 -1.08 -0.81 
-5.68 -2.20 321.09 1.09 -0.31 -0.36 
117.09 -2.16 310.44 1.14 -0.36 -0.34 
45.54 -2.41 302.26 0.99 -0.18 -0.29 
28.53 -2.64 298.18 1.02 -0.09 -0.24 
13.43 -2.73 294.80 1.14 -0.18 -0.18 
11.64 -1.81 -326.68 1.37 -0.89 -0.41 
186.28 -0.94 -294.05 0.86 -1.23 -0.60 
196.98 -0.12 -262.92 0.10 -0.44 0.17 
187.19 1.66 -253.92 -0.34 -0.46 0.34 
246.55 2.01 -242.60 -0.39 0.33 0.48 
-200.67 1.40 -245.89 -0.72 1.21 0.32 
-238.84 1.00 -249.52 -0.32 0.06 0.50 
-112.24 1.28 -257.83 -0.19 -0.45 0.46 
-101.87 1.05 -292.71 -0.17 -0.94 0.06 
8.81 -0.59 311.16 0.52 -0.99 -0.43 
-106.41 -2.08 295.36 1.32 -0.80 -0.12 
-41.16 -2.21 282.83 1.40 -0.50 -0.50 
67.35 -2.49 278.00 0.88 0.04 -0.27 
31.85 -2.65 272.44 1.06 -0.07 -0.26 
38.15 -2.58 267.16 1.08 -0.13 -0.28 
-40.61 -2.07 291.20 1.60 -0.73 -0.25 
94.67 -1.40 -321.91 0.95 -1.02 -0.59 
204.37 -0.69 -288.48 0.28 -0.57 -0.23 
117.82 1.39 -282.77 -0.32 -0.61 0.43 
153.54 1.64 -276.77 -0.45 -0.63 0.37 
200.07 3.10 -258.78 -0.57 0.15 0.28 
-236.45 1.13 -266.38 -0.34 0.44 0.71 
-108.97 -0.71 -288.10 0.36 -0.06 1.27 
-102.29 0.82 -310.40 -0.06 -0.57 0.57 
-110.14 0.82 310.32 -0.12 -0.93 -0.12 
-98.57 -0.88 274.44 0.71 -0.98 -0.33 
-16.84 -2.08 243.75 0.82 -0.33 -0.36 
-44.19 -2.18 232.25 1.53 -0.62 -0.34 
44.51 -2.38 226.47 0.91 -0.03 -0.31 
29.54 -2.74 220.46 1.09 -0.11 -0.21 
38.89 -2.52 213.44 1.02 -0.12 -0.28 
19.48 -2.67 209.29 1.08 -0.13 -0.23 
-46.88 -2.04 228.30 1.12 -0.57 -0.20 
90.90 -1.30 265.38 1.13 -1.34 -0.62 
238.01 -0.88 304.35 0.37 -0.57 -0.21 
112.66 1.40 314.17 -0.24 -0.29 0.52 
221.02 2.06 322.62 -0.49 -0.51 0.34 
156.57 2.64 -309.35 -0.57 0.40 0.26 
-238.84 1.28 -319.32 -0.47 0.71 0.27 
-50.80 0.21 -326.64 0.12 -0.58 1.27 
-125.38 1.31 306.25 -0.19 -0.49 0.43 
-127.19 0.01 266.17 0.15 -0.86 0.02 
16.28 -1.31 214.68 0.88 -0.84 -0.32 
-52.40 -2.27 199.57 1.19 -0.21 -0.43 
7.37 -2.34 181.98 1.35 -0.31 -0.44 
33.81 -2.35 177.53 0.95 0.01 -0.38 
50.15 -2.47 171.79 1.00 0.08 -0.32 
19.17 -2.65 174.84 1.18 -0.11 -0.27 
-2.01 -2.19 206.84 1.48 -0.60 -0.38 
224.34 -1.12 253.50 1.23 -1.23 -0.76 
154.42 0.52 297.77 0.00 -0.18 -0.09 
151.94 0.95 309.02 -0.18 -0.14 0.63 
41.53 2.13 318.48 -0.56 0.54 0.31 
-238.84 1.70 300.53 -0.50 0.50 0.38 
-91.83 0.34 268.37 0.06 -0.54 0.67 
-130.00 1.04 236.32 -0.18 -0.78 0.32 
-55.74 -1.23 185.09 0.54 -0.69 -0.29 
32.02 -2.15 146.69 1.16 -0.33 -0.41 
-57.21 -1.99 127.56 1.78 -0.67 -0.80 
41.84 -2.56 120.61 0.91 0.00 -0.29 
47.63 -2.40 114.42 0.99 -0.01 -0.37 
50.51 -2.50 108.01 1.07 -0.08 -0.32 
-44.68 -2.37 129.40 1.46 -0.44 -0.29 
172.65 -0.87 163.07 0.93 -1.41 -1.03 
261.41 -0.63 206.32 0.46 -0.62 -0.61 
139.24 1.39 234.24 -0.09 0.01 0.20 
225.77 1.83 246.51 -0.37 0.37 0.55 
-238.84 0.81 245.71 -0.41 0.92 0.61 
-152.47 -0.04 231.67 0.01 -0.29 0.83 
-111.94 1.49 222.99 -0.20 -0.53 0.36 
-95.63 -0.56 171.50 0.52 -0.69 -0.56 
-29.22 -1.94 140.92 1.93 -1.03 -0.69 
0.40 -1.97 116.63 1.18 -0.55 -0.49 
10.70 -2.15 112.34 0.88 0.12 -0.42 
37.58 -2.48 108.52 1.03 -0.02 -0.34 
54.96 -2.49 101.03 1.02 -0.01 -0.36 
47.63 -2.53 95.09 1.00 0.00 -0.31 
-30.48 -2.65 104.43 1.31 -0.30 -0.11 
69.33 -1.40 147.49 1.40 -1.44 -0.37 
233.23 -0.94 195.81 0.75 -0.88 -0.69 
234.80 1.29 245.22 -0.24 0.49 0.28 
223.50 1.17 246.69 -0.20 0.48 0.32 
41.91 1.14 266.82 -0.31 1.46 -0.02 
-238.84 1.09 251.13 -0.35 1.06 0.12 
-215.06 1.47 234.98 -0.52 0.49 0.35 
-148.16 -0.25 224.91 0.19 -0.37 1.13 
-118.99 1.29 215.18 -0.28 -0.71 0.42 
-68.59 1.08 191.64 -0.13 -0.50 0.35 
-109.55 -0.35 152.76 0.28 -0.84 -0.06 
-49.37 -1.48 127.28 0.88 -0.95 -0.18 
-42.19 -2.44 91.35 1.47 -0.03 -0.55 
44.35 -2.30 81.56 0.97 -0.05 -0.39 
44.35 -2.30 81.56 0.97 -0.05 -0.39 
42.48 -2.39 77.45 1.03 -0.06 -0.37 
-13.53 -2.61 79.51 1.30 -0.24 -0.35 
34.38 -1.82 111.55 1.53 -0.88 -0.54 
169.57 -1.42 128.73 1.26 -0.97 -0.70 
227.13 -0.99 160.36 0.83 -0.85 -0.59 
190.58 -0.68 184.22 0.32 -0.47 -0.18 
222.28 2.21 212.60 -0.16 -0.07 0.16 
214.76 1.91 222.20 -0.25 0.18 0.28 
121.03 2.10 236.75 -0.55 0.66 0.15 
-38.27 1.58 245.46 -0.67 1.01 0.31 
-141.22 -0.59 219.06 0.17 0.00 0.95 
-44.77 -2.41 111.07 1.41 -0.52 -0.61 
-44.77 -2.41 111.07 1.41 -0.52 -0.61 
-37.03 -2.31 90.58 1.49 -0.10 -0.45 
-100.71 -2.48 87.05 1.56 -0.58 -0.32 
66.23 -2.55 82.38 0.95 0.01 -0.24 
42.11 -2.53 79.48 1.00 -0.06 -0.28 
55.70 -2.63 75.38 1.03 0.04 -0.26 
43.68 -2.69 72.50 1.01 0.01 -0.21 
36.90 -2.76 67.13 1.05 0.00 -0.21 
26.41 -2.84 64.21 1.07 -0.04 -0.19 
-103.07 -2.29 89.31 1.64 -0.69 -0.17 
82.46 -1.72 106.61 1.57 -0.99 -0.34 
179.93 -1.14 142.79 1.19 -1.25 -0.55 
233.29 -1.07 167.31 0.73 -0.72 -0.39 
135.73 2.40 194.73 -0.16 -0.10 0.08 
143.36 2.06 205.08 -0.31 0.00 0.33 
240.42 1.58 216.12 -0.24 0.30 0.47 
68.65 1.85 228.86 -0.60 0.98 0.24 
-125.77 -0.12 197.82 0.04 0.00 0.97 
3.28 -2.14 80.71 1.27 -0.66 -0.52 
3.28 -2.14 80.71 1.27 -0.66 -0.52 
-153.56 -2.56 63.21 1.40 0.01 -0.39 
-67.16 -1.72 53.44 1.93 -1.12 -0.72 
32.26 -2.49 59.25 0.83 0.13 -0.19 
37.57 -2.56 54.98 0.94 -0.01 -0.26 
33.29 -2.77 49.70 1.09 -0.03 -0.22 
34.51 -2.75 46.90 1.04 -0.01 -0.22 
6.48 -2.79 46.57 1.19 -0.22 -0.14 
-73.54 -2.08 62.75 1.48 -0.79 -0.28 
152.24 -1.56 91.09 1.29 -1.28 -0.51 
261.41 -1.11 109.53 1.13 -1.21 -0.72 
245.24 -0.98 142.37 0.45 -0.52 -0.20 
212.98 -1.66 161.18 0.03 0.01 -0.01 
186.64 1.65 177.57 -0.24 0.28 0.36 
119.67 2.12 184.26 -0.53 0.45 0.43 
-36.89 1.85 191.05 -0.70 0.90 0.32 
-238.84 1.57 187.07 -0.75 0.88 0.46 
-111.74 0.40 172.84 -0.17 -0.11 0.78 
-48.74 0.68 170.38 -0.15 -0.60 1.33 
-93.60 0.61 156.28 -0.02 -0.59 0.60 
-141.19 1.50 143.20 -0.23 -0.45 0.23 
-124.81 -0.61 104.59 0.50 -0.87 -0.43 
-64.05 -1.72 78.84 1.21 -0.79 -0.60 
-61.80 -2.93 59.03 1.45 0.05 -0.35 
-219.31 -2.91 57.45 1.70 -0.10 -0.22 
103.32 -2.60 52.62 1.01 -0.05 -0.21 
17.00 -2.77 49.83 0.95 -0.01 -0.19 
59.54 -2.58 42.99 1.07 -0.08 -0.26 
35.41 -2.76 41.25 1.03 -0.01 -0.21 
52.20 -2.86 36.25 1.08 -0.04 -0.15 
36.60 -2.84 33.00 1.07 -0.08 -0.15 
-53.69 -2.97 37.33 1.14 -0.10 -0.13 
-76.64 -2.03 51.68 1.56 -0.90 -0.17 
210.61 -0.86 116.91 0.79 -1.05 -0.57 
69.93 2.39 183.68 -0.65 0.42 0.40 
-238.84 1.70 181.96 -0.43 0.31 0.26 
-28.38 -2.14 55.21 1.07 -0.51 -0.41 
-28.38 -2.14 55.21 1.07 -0.51 -0.41 
-59.06 -1.96 42.25 1.39 -0.13 -0.76 
-119.25 -2.14 42.57 1.85 -0.78 -0.32 
59.89 -2.36 39.37 0.71 0.09 -0.25 
67.48 -2.43 34.67 1.01 -0.07 -0.34 
61.37 -2.55 27.85 1.02 -0.08 -0.27 
39.86 -2.62 24.34 1.06 -0.11 -0.25 
23.56 -2.72 19.84 1.05 -0.12 -0.20 
32.31 -2.66 17.06 1.04 -0.06 -0.25 
11.21 -2.68 18.12 1.12 -0.22 -0.22 
-89.51 -2.03 36.65 1.61 -1.00 -0.09 
113.93 -1.15 70.58 1.23 -1.39 -0.92 
208.09 -1.04 91.06 0.91 -1.17 -0.84 
252.56 -0.54 120.38 0.32 -0.62 -0.39 
194.38 -0.06 138.19 0.03 -0.13 0.11 
228.10 1.71 155.82 -0.19 0.12 0.31 
182.11 1.75 164.61 -0.42 0.63 0.30 
-238.84 0.83 164.95 -0.56 1.52 0.53 
-231.38 1.44 163.30 -0.42 -0.29 0.47 
-114.64 0.65 145.35 0.00 -0.44 0.54 
-23.67 -2.45 33.29 1.07 0.00 -0.36 
-23.67 -2.45 33.29 1.07 0.00 -0.36 
24.48 -1.93 31.35 1.51 -0.66 -0.43 
74.91 -2.46 29.40 0.97 -0.04 -0.36 
52.69 -2.63 23.14 1.07 -0.07 -0.26 
31.65 -2.66 20.01 1.04 -0.02 -0.25 
27.99 -2.56 16.34 1.06 -0.15 -0.27 
-37.80 -2.52 19.99 1.36 -0.41 -0.13 
41.62 -1.87 48.80 1.55 -0.95 -0.46 
123.44 -1.55 72.05 1.27 -1.02 -0.64 
227.25 -0.93 103.93 0.51 -0.61 -0.42 
180.38 -0.38 120.78 0.14 -0.38 -0.05 
195.63 1.40 133.01 -0.21 -0.35 0.31 
261.41 1.76 137.03 -0.28 -0.11 0.43 
98.80 2.59 147.35 -0.59 0.27 0.37 
41.00 1.93 154.96 -0.59 0.70 0.46 
-238.84 1.20 152.67 -0.40 0.52 0.32 
-175.29 -0.16 147.36 -0.04 -0.18 0.83 
-98.27 1.01 138.47 -0.11 -0.38 0.70 
-144.46 1.78 132.91 -0.34 -0.58 0.40 
-95.36 0.94 99.37 -0.10 -0.81 -0.16 
-42.87 -0.29 73.63 0.35 -0.59 -0.52 
21.36 -2.00 35.01 1.40 -0.42 -0.49 
-174.06 -2.58 20.14 1.65 0.34 -0.57 
