0.00 0.00 0.00 0.00 0.00 0.00 
-50.78 2.67 321.24 -0.79 0.26 -0.67 
-130.79 2.89 318.25 -0.90 0.10 -0.38 
-145.92 2.51 325.91 -0.75 -0.34 -0.11 
-108.42 3.43 325.78 -0.89 0.23 -0.12 
-66.03 -1.47 308.93 0.45 -0.20 0.81 
-97.91 -0.11 318.34 0.40 -0.71 1.60 
-42.34 -0.77 -292.03 0.64 -0.90 0.59 
-71.75 -1.17 -236.00 0.62 0.19 0.84 
-36.25 0.35 -229.69 0.01 0.56 0.78 
-195.94 -0.95 -319.95 0.54 -0.29 0.74 
-138.49 -0.33 -311.98 0.42 -0.23 1.31 
-76.93 1.89 -265.46 -0.04 -0.11 0.00 
-78.91 2.42 -249.18 -0.97 0.35 -0.82 
-95.34 2.40 -255.81 -0.87 0.20 -0.49 
-64.91 -2.17 -291.23 0.34 -0.20 0.36 
-93.87 -0.92 -293.03 0.79 -0.44 1.50 
-37.82 -1.10 -327.29 0.66 0.02 0.84 
-185.30 -0.96 308.09 0.67 -0.57 0.74 
-106.62 -0.23 321.36 0.45 -0.72 1.24 
-103.56 0.10 -298.87 0.43 -0.50 0.84 
-80.07 2.20 -263.04 -0.29 0.24 -0.52 
-65.97 1.67 -276.14 -0.50 0.33 -0.45 
-29.26 -1.93 -312.25 0.29 -0.08 0.34 
-77.47 -1.58 -315.48 1.19 -0.24 1.43 
-98.00 -0.73 -301.50 0.66 -0.36 1.02 
-54.88 -0.86 -246.38 0.56 -0.64 0.55 
-129.81 -1.14 -190.35 0.46 0.34 0.66 
-81.78 0.15 -194.08 0.12 0.08 0.91 
-85.93 -0.67 -235.63 0.46 0.13 0.88 
-176.62 -1.31 -276.38 0.83 -0.41 0.72 
-105.55 -0.41 -265.05 0.48 -0.55 1.23 
-120.81 0.06 -239.23 0.46 -0.48 1.07 
-85.16 3.77 -203.25 -0.09 -0.03 -0.01 
-113.78 2.27 -181.27 -0.85 0.60 -1.31 
-122.90 -2.39 -240.04 1.61 -0.17 1.26 
-88.78 -1.17 -226.51 0.84 -0.22 0.89 
-68.96 -1.09 -177.77 0.84 -0.89 0.41 
-70.28 -0.67 -107.38 0.54 0.67 1.04 
-172.57 0.55 -106.42 -0.08 0.00 0.64 
-133.09 -1.75 -160.89 0.90 0.01 0.64 
-143.81 -0.90 -170.59 0.93 -1.22 0.82 
-110.02 -0.61 -144.91 1.00 -0.63 1.46 
-80.61 0.03 -102.51 0.13 0.15 -0.20 
-16.36 0.84 -120.23 -0.39 0.45 -0.89 
-13.87 2.55 -142.29 -0.32 -0.10 -0.02 
-54.02 -2.60 -153.45 0.96 -0.22 0.59 
-106.62 -1.25 -147.22 1.37 -0.30 1.64 
-65.14 -1.07 -93.38 1.25 -1.14 0.80 
-80.28 -0.81 -25.33 0.30 0.12 0.57 
-121.97 -0.46 -24.23 0.91 -0.49 1.72 
-99.55 -0.21 4.58 0.28 -0.21 0.37 
-78.40 2.32 27.70 -0.83 0.43 -1.04 
-80.67 1.89 -0.31 -0.37 -0.03 -0.25 
-68.65 -2.14 -15.51 0.93 -0.20 0.90 
-83.39 -0.73 -11.88 0.61 -0.39 1.25 
-116.99 -0.83 8.51 0.75 -0.72 0.78 
-54.01 -1.67 64.82 0.84 -0.38 0.64 
6.53 0.55 72.98 -0.04 1.18 0.77 
-181.46 -1.08 -26.22 0.73 -0.55 0.76 
-116.69 -0.58 -16.52 0.37 -0.29 0.79 
-113.60 -0.54 -1.62 0.81 -0.47 1.36 
-113.06 0.12 27.24 0.41 -0.32 0.63 
-96.85 2.09 59.62 -0.48 0.21 -0.80 
-22.10 3.03 50.20 -0.84 0.12 -0.26 
-74.96 0.66 30.24 -0.06 -0.02 -0.13 
-92.11 -1.04 30.29 0.91 -0.43 1.48 
-97.13 -0.91 44.64 0.54 -0.32 0.73 
-96.05 -0.91 95.39 0.74 -0.63 0.86 
-77.31 -0.24 152.30 0.22 0.69 0.83 
-73.55 0.14 120.94 0.13 0.20 0.79 
-135.63 -1.13 78.21 0.70 -0.32 0.81 
-125.11 -0.61 69.60 0.42 -0.43 0.78 
-88.92 0.25 136.40 0.13 -0.17 0.29 
-98.71 2.45 158.46 -0.64 0.28 -0.91 
-49.46 1.78 146.90 -0.73 0.11 -0.56 
-67.07 -1.75 136.07 0.40 -0.21 0.50 
-91.02 -0.87 143.40 0.80 -0.28 1.37 
-64.98 -1.25 190.42 0.81 -0.61 0.64 
-70.93 -1.11 246.24 0.54 -0.06 0.74 
-94.10 -0.11 273.88 0.14 0.14 0.84 
-115.02 0.04 263.81 0.13 0.10 0.82 
-126.49 -1.26 209.13 0.66 -0.07 0.74 
-165.49 -1.34 182.32 0.88 -0.44 0.71 
-106.65 -0.66 179.98 0.47 -0.63 0.63 
-96.57 -0.79 197.94 0.65 -0.44 1.25 
-96.17 -0.56 232.67 0.70 -0.22 0.75 
-114.01 2.33 269.86 -0.68 0.29 -1.07 
-72.39 2.08 264.58 -0.80 0.26 -0.66 
-59.76 2.24 249.26 -0.50 0.00 -0.24 
-47.94 -1.86 237.77 0.62 -0.27 0.67 
-73.39 -0.83 241.47 0.68 -0.33 1.24 
-95.76 -0.86 249.15 0.52 -0.25 0.78 
-48.99 -1.01 282.13 0.79 -0.81 0.71 
-121.89 -0.24 -324.85 0.22 -0.04 0.82 
-137.63 -1.04 240.01 0.72 -0.80 0.69 
-119.09 -0.62 249.65 0.61 -0.29 1.23 
-108.92 -0.71 277.87 0.85 -0.37 0.95 
-98.65 2.19 306.01 -0.20 0.12 -0.36 
-115.61 2.01 316.53 -1.61 0.76 -1.71 
-50.75 2.86 289.16 -0.28 0.05 0.00 
-44.01 -1.59 286.69 0.83 -0.14 1.03 
-102.49 -0.79 293.97 0.60 -0.30 1.06 
-87.72 -1.13 301.36 0.59 -0.27 0.71 
-23.48 -1.19 -313.48 0.89 -0.76 0.64 
-56.01 -1.51 -257.17 0.64 0.27 0.64 
-54.88 -0.15 -250.97 0.22 0.41 0.94 
-128.46 -1.35 -305.65 0.72 0.03 0.70 
-192.42 -1.74 316.87 1.02 -0.17 0.75 
-116.56 -0.78 316.91 0.56 -0.70 0.74 
-132.65 -0.62 -314.96 0.91 -0.42 1.40 
-101.63 0.27 -282.13 0.17 -0.16 0.43 
-52.51 -0.60 -293.11 0.59 -0.51 1.15 
-74.94 -1.00 -236.80 0.61 -0.80 0.46 
-89.47 -0.95 -180.20 0.57 0.43 0.95 
-94.46 -0.05 -186.85 0.16 -0.16 0.83 
-66.99 -0.84 -230.59 0.56 0.16 0.82 
-173.60 -1.84 -266.92 0.93 -0.20 0.66 
-109.11 -0.68 -261.22 0.61 -0.68 1.02 
-75.13 1.84 -207.74 -1.00 0.09 -1.15 
-52.89 -1.90 -227.94 1.28 -0.02 1.37 
-99.44 -0.68 -219.13 0.58 -0.18 0.94 
-82.61 -1.03 -173.26 0.87 -0.91 0.68 
-110.86 -1.62 -116.67 0.66 0.35 0.64 
-154.84 0.32 -125.12 0.00 0.17 0.64 
-103.10 -1.24 -168.86 0.73 0.02 0.74 
-198.13 -1.65 -200.88 1.25 -0.33 0.86 
-71.14 -0.70 -192.46 0.43 -0.55 0.63 
-85.46 -0.72 -178.70 0.60 -0.28 1.19 
-105.78 -0.26 -146.36 0.67 -0.31 0.92 
-103.93 2.31 -111.80 -0.29 0.20 -0.45 
-51.30 1.21 -123.39 -0.79 0.56 -1.07 
-22.02 2.40 -152.43 -0.16 -0.05 0.03 
-55.04 -2.67 -155.76 1.20 -0.10 0.90 
-87.05 -0.80 -143.35 0.74 -0.14 1.13 
-84.23 -1.05 -136.55 0.52 -0.34 0.61 
-30.83 -1.41 -80.81 0.88 -0.63 0.65 
-79.59 -0.82 -27.50 0.43 0.36 0.78 
-127.42 -0.27 -53.97 0.33 0.27 0.96 
-159.36 -1.65 -97.72 0.82 0.00 0.61 
-118.02 -1.14 -118.65 0.89 -0.87 0.71 
-94.67 -0.75 -106.05 0.61 -0.43 1.03 
-115.43 -0.44 -75.05 0.86 -0.41 1.13 
-108.44 2.24 -41.43 -0.11 0.12 -0.17 
-122.18 2.06 -32.57 -0.93 0.50 -1.18 
-63.29 2.18 -39.92 -0.77 0.10 -0.57 
-48.94 2.94 -59.14 -0.18 -0.01 0.02 
-35.17 -1.81 -64.97 0.97 -0.30 1.03 
-86.35 -0.80 -57.46 0.70 -0.27 1.22 
-98.93 -1.18 -31.78 0.89 -0.75 0.74 
-4.90 -1.35 24.81 0.60 -0.17 0.56 
-83.33 -0.13 43.92 0.17 0.28 0.99 
-98.91 -0.32 12.30 0.30 0.27 0.82 
-145.49 -1.15 -27.69 0.70 -0.03 0.76 
-145.27 -1.12 -55.70 0.71 -0.50 0.70 
-94.69 -0.57 -46.54 0.37 -0.52 0.73 
-120.58 2.44 43.73 -0.36 0.22 -0.49 
-83.21 1.85 47.41 -1.10 0.27 -1.31 
-54.08 2.66 23.90 -0.35 0.00 -0.13 
-57.91 -2.30 19.62 1.15 -0.09 0.96 
-104.53 -0.67 29.37 0.77 -0.24 1.44 
-146.25 -0.89 176.36 0.45 0.44 1.02 
-129.36 -0.30 171.48 0.23 0.05 0.79 
-70.58 -1.27 127.74 0.74 -0.02 0.69 
-164.40 -1.01 96.31 0.73 -0.64 0.46 
-108.44 -0.51 105.29 0.42 -0.73 0.81 
-79.47 -0.14 143.25 0.61 -0.46 0.95 
-85.11 2.65 178.76 -0.36 0.15 -0.43 
-40.20 1.43 170.16 -0.73 0.20 -1.00 
-66.06 1.53 156.61 -0.39 0.00 -0.37 
-33.64 -2.43 148.60 0.86 -0.15 0.64 
-96.65 -0.76 156.14 0.82 -0.37 1.56 
-99.70 -1.00 188.07 0.89 -0.67 0.93 
-38.17 -1.39 244.67 0.44 0.00 0.43 
-83.79 -0.36 266.87 0.30 0.37 1.04 
-155.04 -0.45 247.01 0.41 0.47 0.88 
-127.18 -1.42 203.05 0.87 -0.22 0.64 
-139.11 -1.08 196.36 0.82 -0.76 0.94 
-121.30 -0.25 211.49 0.75 -0.44 1.46 
-108.77 -0.30 238.44 0.21 -0.05 0.37 
-129.05 2.00 263.55 -0.38 0.27 -0.89 
-24.81 1.31 254.92 -0.72 0.17 -1.02 
-9.04 1.42 240.74 -0.07 0.06 0.06 
-97.11 -0.77 296.18 0.76 -1.04 0.69 
-61.84 -1.60 -302.59 0.61 0.15 0.56 
-82.20 0.36 -296.84 0.02 0.44 0.88 
-61.69 -0.96 314.99 0.64 0.01 0.83 
-130.22 -1.42 272.23 0.75 -0.38 0.66 
-93.75 -0.60 278.90 0.57 -0.82 1.02 
-96.45 -0.18 304.67 0.75 -0.51 1.06 
-97.39 3.80 -317.24 -0.33 0.04 -0.13 
-108.97 2.02 -307.22 -1.54 0.66 -1.70 
-84.40 1.72 -316.86 -0.57 0.10 -0.46 
-71.84 -2.05 314.89 0.81 -0.36 0.78 
-102.56 -0.61 -325.99 0.53 -0.42 0.93 
-31.12 -0.82 -292.95 0.60 -0.71 0.67 
-88.93 -1.42 -236.36 0.58 -0.10 0.65 
-85.72 0.20 -246.92 0.07 -0.12 0.77 
-77.47 -0.20 -275.26 0.36 0.47 1.01 
-82.00 -0.24 -278.65 0.27 -0.36 1.00 
-97.14 -0.04 -249.94 0.70 -0.59 1.16 
-74.03 2.42 -218.01 -0.26 0.13 -0.49 
-76.06 1.95 -214.83 -1.12 0.41 -1.29 
-89.43 1.48 -228.02 -0.52 0.08 -0.50 
-11.58 -2.78 -250.88 0.73 0.00 0.40 
-95.76 -0.72 -243.99 0.78 -0.42 1.37 
-79.42 -1.08 -221.50 0.75 -0.67 0.64 
-27.76 -1.65 -165.19 0.74 -0.32 0.56 
-106.54 -0.88 -131.51 0.51 0.36 0.99 
-134.08 -0.68 -147.86 0.59 0.08 1.04 
-79.76 -1.24 -191.61 0.75 -0.05 0.69 
-149.47 -0.75 -213.98 0.62 -0.98 0.59 
-116.51 -0.39 -131.09 0.09 0.03 -0.11 
-137.29 1.93 -113.29 -0.81 0.58 -1.41 
-33.65 1.47 -125.01 -0.65 0.19 -0.75 
-59.93 -3.16 -143.73 0.46 -0.09 0.13 
-87.91 -0.80 -137.45 0.93 -0.40 1.61 
-100.10 -1.23 -113.10 0.82 -0.76 0.58 
-39.27 -1.62 -42.71 0.78 0.21 0.73 
-86.97 -0.07 -39.89 0.24 0.42 1.03 
-90.13 -1.00 -83.86 0.55 0.09 0.68 
-213.81 -2.02 -122.46 0.96 -0.22 0.55 
-95.28 -0.94 -115.99 0.73 -0.65 0.91 
-129.80 -0.61 -89.06 1.03 -0.49 1.29 
-94.85 1.31 -48.51 -0.03 0.16 -0.41 
19.55 1.61 -52.28 -1.43 0.25 -1.81 
-78.17 1.24 -65.97 -0.31 0.00 -0.38 
-33.13 -2.94 -79.48 1.35 -0.03 0.62 
-85.33 -1.08 -72.66 0.94 -0.36 1.23 
-108.79 -1.15 -58.99 0.79 -0.52 0.70 
-92.75 -1.78 -2.40 0.86 -0.51 0.43 
-57.46 -0.34 32.73 0.29 0.54 0.92 
-61.30 -0.07 2.96 0.23 0.30 0.81 
-137.78 -1.64 -51.72 0.94 -0.09 0.72 
-102.01 -0.32 4.96 0.76 -0.44 1.02 
-110.33 2.61 33.96 -0.29 0.06 -0.30 
-153.88 1.92 46.32 -0.83 0.50 -1.17 
-32.71 1.49 36.97 -0.72 0.17 -0.72 
-45.19 -2.45 10.33 0.20 -0.13 0.06 
-125.51 -1.27 13.78 1.21 -0.50 1.50 
-50.61 -1.21 44.92 0.85 -0.68 0.59 
-90.27 -0.41 58.65 0.42 0.00 0.83 
-90.88 -1.30 14.91 0.81 -0.28 0.74 
-167.65 -1.11 -3.30 0.76 -0.69 0.70 
-112.99 -0.53 7.27 0.35 -0.43 0.75 
-101.78 -0.50 38.88 1.15 -0.59 1.42 
-103.70 1.03 76.09 0.01 0.21 -0.49 
-99.90 1.63 79.66 -1.06 0.64 -1.84 
-61.77 0.63 58.56 -0.13 -0.03 -0.29 
-61.91 -1.99 45.01 1.09 -0.32 1.11 
-72.28 -0.44 54.64 0.55 -0.39 1.19 
-90.78 -1.02 74.26 0.91 -1.11 0.62 
7.52 -1.75 130.57 0.87 -0.39 0.61 
-110.79 -0.72 152.94 0.47 0.38 1.04 
-92.53 -0.72 112.59 0.54 0.21 0.76 
-148.08 -1.89 69.06 1.02 0.00 0.66 
-126.38 -0.75 68.80 0.66 -1.03 0.66 
-138.36 -0.92 88.74 1.11 -0.53 1.47 
-71.66 -0.79 127.24 0.19 0.05 0.21 
-86.20 2.52 152.47 -0.63 0.25 -0.84 
-29.21 1.81 139.30 -0.76 0.14 -0.73 
-27.01 -2.84 111.80 0.57 -0.07 0.20 
-77.21 -0.85 120.67 1.01 -0.52 1.55 
-83.17 -0.92 141.80 0.66 -0.72 0.59 
-50.08 -1.87 198.39 0.74 -0.14 0.61 
-67.22 -0.24 221.02 0.27 0.66 0.96 
-108.03 -0.87 177.28 0.63 0.22 0.82 
-160.97 -1.82 136.98 1.02 -0.45 0.69 
-96.42 -0.50 149.89 0.30 -0.33 0.72 
-141.44 -0.62 179.31 1.32 -0.66 1.40 
-74.72 1.07 212.19 -0.03 0.10 -0.40 
-43.31 2.01 225.87 -1.16 0.66 -1.83 
-80.34 1.28 209.59 -0.36 0.09 -0.41 
-131.03 -2.55 194.11 1.45 -0.23 0.96 
-132.84 -1.15 206.25 0.98 -0.34 1.12 
-79.73 -1.11 237.75 1.08 -0.94 0.51 
-38.51 -2.35 294.06 0.68 -0.03 0.30 
-138.72 -0.44 304.68 0.34 0.69 0.99 
-99.35 -0.81 260.94 0.78 0.27 0.99 
-190.40 -2.30 217.19 1.13 -0.24 0.38 
-102.47 -1.00 220.25 0.77 -0.87 0.66 
-92.33 -0.91 240.26 1.11 -0.45 1.41 
-75.83 -1.65 278.66 0.59 0.00 0.22 
-44.31 1.49 283.43 -1.34 0.37 -2.48 
-94.59 0.94 268.42 -0.21 -0.04 -0.34 
-86.59 -1.15 301.48 0.80 -0.47 0.79 
-16.75 -1.59 -297.85 0.78 -0.40 0.45 
-43.62 -0.28 -262.44 0.29 0.69 0.86 
-137.44 -0.28 -274.46 0.34 0.28 1.00 
-151.15 -2.29 -190.59 1.33 -0.25 0.50 
-0.83 -1.98 -141.19 2.28 -0.63 0.40 
0.71 -0.43 -96.59 0.21 0.01 -0.27 
-61.23 2.43 -80.15 -0.74 0.59 -0.60 
-106.94 1.58 -100.44 -0.50 0.22 -0.39 
-89.19 -2.06 -114.88 1.19 -0.29 1.23 
-78.58 -0.47 -93.87 0.49 -0.81 0.97 
-19.41 -2.94 -37.85 0.82 -0.03 0.20 
-107.42 -1.17 -18.45 0.62 0.02 0.85 
-130.38 -0.79 -39.64 0.65 0.44 0.83 
-165.78 -1.78 -83.16 1.02 -0.23 0.53 
-88.57 -0.24 -76.63 0.33 -0.76 0.74 
-97.48 -0.25 -55.05 0.85 -0.64 1.57 
-87.89 -0.83 -17.55 0.23 0.05 -0.19 
0.17 1.58 -29.80 -1.60 0.72 -1.46 
-71.90 2.20 -45.95 -0.37 0.09 -0.22 
-75.33 -2.53 -54.72 0.89 -0.10 0.62 
-111.57 -0.72 -46.44 0.94 -0.36 1.73 
-34.04 -1.05 6.96 1.05 -1.04 0.59 
-106.05 -1.39 63.27 0.81 0.66 0.62 
-100.61 -0.89 -64.17 0.68 -0.73 0.77 
-187.59 -0.77 -48.31 0.94 -0.33 1.64 
-78.40 -0.27 -89.75 0.36 -0.22 1.17 
-69.84 -0.89 -52.44 0.86 -1.00 0.83 
-91.24 -1.22 4.15 0.57 0.30 0.74 
-99.79 -0.39 16.93 0.32 0.16 0.99 
-89.40 0.04 -3.15 0.28 -0.24 0.51 
-59.32 -1.22 -27.31 0.14 -0.04 0.25 
-95.17 -1.47 -31.81 1.08 -0.46 1.36 
-76.36 -0.48 53.06 0.35 0.26 0.79 
-90.52 -1.67 9.53 0.81 -0.12 0.65 
-124.78 -1.28 -0.09 0.93 -0.89 0.68 
-33.50 -2.07 50.30 0.86 -0.13 0.85 
-90.12 -1.11 53.62 0.98 -0.43 1.39 
-91.97 -1.03 83.47 0.80 -0.63 0.75 
-72.64 -1.24 154.14 0.63 -0.03 0.75 
-107.19 0.30 142.31 0.03 0.36 0.93 
-105.94 -1.34 98.57 0.71 -0.03 0.75 
-152.94 -1.42 81.72 0.84 -0.37 0.78 
-116.60 -0.74 95.32 0.47 -0.30 0.85 
-84.92 2.80 175.31 -0.57 0.28 -0.55 
-81.60 1.85 172.01 -0.88 0.23 -0.87 
-77.01 2.49 149.55 -0.15 -0.02 0.05 
-111.64 -1.17 187.51 0.93 -0.68 0.73 
-91.79 -1.65 244.11 0.66 -0.27 0.53 
-60.35 -0.25 264.08 0.19 0.29 0.91 
-30.48 -0.50 223.31 0.37 0.10 0.77 
-176.63 -1.80 179.35 0.81 -0.07 0.57 
-122.46 -1.24 169.15 0.79 -0.74 0.65 
-111.82 -0.97 186.16 0.97 -0.55 1.22 
-79.62 -2.33 244.67 0.20 -0.01 0.00 
-108.42 2.03 259.91 -0.92 0.72 -1.35 
-101.09 2.03 242.42 -0.53 0.20 -0.24 
-29.13 -2.28 224.32 0.75 -0.15 0.63 
-97.84 -1.17 229.91 0.96 -0.29 1.27 
-81.25 -1.16 252.36 0.90 -0.60 0.75 
-6.91 -1.67 308.67 0.60 -0.32 0.40 
-81.03 -0.49 -327.09 0.32 0.37 0.95 
-64.13 -0.43 290.73 0.44 0.25 0.84 
-144.00 -1.71 246.99 0.86 -0.05 0.64 
-87.10 -1.12 253.39 0.73 -0.69 0.70 
-101.88 -0.86 272.91 0.80 -0.26 1.18 
-88.56 -0.81 311.67 0.96 -0.36 0.78 
-103.49 2.13 -310.07 -0.39 0.40 -0.72 
-77.84 1.41 -319.28 -0.87 0.37 -1.13 
-102.75 -0.33 310.63 0.00 0.03 -0.14 
-101.18 -1.35 318.45 1.16 -0.19 1.46 
-93.10 -0.84 -324.35 0.54 -0.17 0.74 
-42.45 -1.10 -269.46 0.80 -0.82 0.52 
-101.07 -0.91 269.36 0.74 -0.47 1.07 
-123.06 2.28 -296.28 -0.39 0.39 -0.81 
-58.03 1.49 -310.89 -0.89 0.35 -0.92 
-79.88 -0.79 -306.97 0.77 -0.29 1.34 
-82.50 -1.24 -263.45 1.16 -1.15 0.60 
-23.99 -1.25 -207.14 0.59 0.56 0.50 
-131.62 -0.35 -204.38 0.27 0.02 0.98 
-56.07 -0.71 -248.12 0.58 0.16 0.80 
-198.52 -1.32 -291.75 0.96 -0.96 0.41 
-114.57 -1.16 -283.94 0.85 -0.42 1.13 
-103.55 -0.64 -252.30 1.11 -0.58 1.00 
-91.19 1.57 -210.68 -0.11 0.22 -0.50 
-40.51 1.34 -221.82 -1.00 0.68 -1.61 
-16.85 -2.25 -250.60 0.37 -0.10 0.31 
-96.20 -1.12 -249.38 0.82 -0.42 1.43 
-92.31 -0.64 -240.83 0.48 -0.45 0.89 
-19.53 -1.09 -193.92 0.68 -0.83 0.50 
-143.80 -1.39 -137.61 0.61 0.31 0.74 
-125.52 -0.64 -159.41 0.58 0.09 1.02 
-156.70 -1.23 -203.16 0.77 -0.16 0.72 
-141.75 -1.39 -230.03 0.81 -0.69 0.50 
-97.55 -0.70 -218.09 0.41 -0.46 0.73 
-69.06 -0.63 -202.64 0.84 -0.67 1.13 
-90.54 -0.30 -166.12 0.20 0.02 0.29 
-111.12 2.43 -150.48 -1.05 0.37 -1.13 
-89.79 1.79 -164.38 -0.57 0.13 -0.40 
-16.03 -2.38 -186.36 0.77 -0.08 0.61 
-77.55 -0.84 -180.87 0.74 -0.38 1.16 
-125.48 -0.98 -159.93 0.86 -0.71 0.85 
-95.24 -2.04 -89.54 0.99 0.50 0.76 
-147.40 -0.33 -109.53 0.39 0.48 0.86 
-141.81 -2.03 -153.27 0.85 0.05 0.45 
-115.35 -1.52 -158.66 1.12 -0.84 0.71 
-108.27 -0.99 -145.76 0.82 -0.23 1.07 
-105.87 -0.51 -119.88 0.84 -0.49 0.90 
-92.82 2.82 -90.55 -0.34 0.09 -0.35 
-78.22 2.74 -95.51 -0.86 -0.02 -0.36 
-80.85 -1.26 -115.17 1.39 -0.50 1.50 
-96.25 -1.31 -85.52 1.05 -0.80 0.63 
-14.78 -1.99 -28.93 0.63 -0.03 0.39 
-110.61 -0.50 -24.51 0.50 0.60 1.20 
-140.53 -0.74 -50.14 0.49 0.14 0.82 
-156.07 -1.79 -94.10 1.02 0.00 0.61 
-103.31 -0.61 -102.82 0.56 -1.16 0.39 
-104.69 -0.82 -85.24 0.98 -0.58 1.35 
-60.53 -0.85 -42.73 0.49 -0.19 0.48 
-85.52 2.26 -13.89 -0.37 0.36 -0.78 
-108.55 1.18 -32.79 -0.54 0.03 -0.70 
-40.23 -1.71 -56.55 0.52 -0.10 0.59 
-109.97 -0.76 -49.79 0.77 -0.51 1.45 
-70.56 -0.78 -41.28 0.46 -0.47 0.66 
-17.10 -1.56 15.03 0.94 -0.77 0.56 
-107.41 -1.06 57.57 0.66 0.48 1.05 
-135.81 -0.87 17.44 0.66 0.10 0.77 
-193.09 -2.03 -26.08 1.09 -0.43 0.33 
-87.12 -0.86 -19.12 0.69 -0.71 0.94 
-89.33 -0.43 12.08 1.03 -0.60 1.15 
-97.41 1.64 44.00 -0.08 0.13 -0.30 
-126.13 1.97 54.49 -1.12 0.61 -1.47 
-113.17 1.12 35.49 -0.32 0.25 -0.35 
-128.46 -2.14 23.03 1.95 -0.52 1.60 
-69.33 -0.81 36.70 0.53 -0.35 0.68 
-36.68 -1.17 101.75 0.70 -0.78 0.54 
-131.05 -0.84 157.33 0.36 0.45 0.78 
-146.61 -0.49 146.18 0.35 -0.22 0.79 
-97.36 -1.14 102.66 0.66 -0.20 0.63 
-186.17 -1.07 74.72 0.88 -0.90 0.63 
-94.13 -0.50 88.82 0.33 -0.26 0.83 
-113.37 -0.25 118.64 0.84 -0.60 1.09 
-17.75 2.07 152.84 -0.48 0.23 -0.81 
-83.03 1.50 146.71 -0.77 0.17 -0.94 
-67.46 0.76 124.73 -0.07 0.00 -0.14 
-73.82 -1.64 121.61 1.19 -0.23 1.41 
-110.26 -0.86 131.96 0.74 -0.26 1.08 
-53.31 -1.13 175.62 0.74 -0.67 0.53 
-131.25 -0.85 221.13 0.58 0.33 1.25 
-83.88 -0.11 216.89 0.19 -0.23 0.76 
-168.46 -1.46 173.36 0.90 0.00 0.57 
-200.98 -1.38 149.66 1.06 -0.88 0.63 
-61.42 -0.61 157.52 0.40 -0.45 0.76 
-101.92 -0.66 184.41 1.07 -0.58 1.40 
-91.72 2.17 227.43 -0.27 0.17 -0.51 
-100.26 1.79 220.98 -0.90 0.29 -1.00 
-85.42 -3.01 183.48 0.43 -0.07 0.16 
-103.19 -1.54 184.74 1.22 -0.58 1.41 
-96.71 -1.00 192.73 0.56 -0.28 0.69 
-96.10 -1.01 198.76 0.61 -0.49 0.74 
-29.07 -1.56 255.07 0.87 -0.73 0.39 
-122.47 -1.17 299.92 0.69 0.36 1.01 
-65.78 -0.94 260.35 0.65 0.01 0.71 
-170.04 -1.77 216.70 0.93 -0.13 0.60 
-115.39 -0.88 219.73 0.58 -0.70 0.61 
-89.41 -0.88 228.05 0.64 -0.35 1.01 
-134.52 -0.65 257.91 1.19 -0.57 1.20 
-45.65 1.55 200.04 -0.21 0.02 -0.20 
-64.15 -1.78 196.85 1.49 -0.34 1.45 
-97.72 -0.94 209.25 0.72 -0.25 0.98 
-55.42 -1.01 248.74 0.67 -0.63 0.67 
-64.38 -1.40 305.33 0.60 -0.19 0.67 
-95.15 -0.33 317.97 0.28 0.31 1.09 
-71.68 -0.73 274.45 0.48 0.03 0.68 
-203.24 -1.41 241.45 0.83 -0.32 0.67 
-101.81 -0.70 243.26 0.44 -0.68 0.60 
-108.46 -0.44 277.60 1.30 -0.67 1.35 
-116.26 0.49 324.53 0.12 0.29 -0.66 
0.19 0.55 309.34 -0.58 0.87 -1.14 
-44.75 0.32 289.67 -0.11 0.06 -0.25 
-45.50 -2.38 281.69 1.66 -0.19 1.03 
-86.34 -0.83 294.77 0.83 -0.28 1.14 
-68.04 -1.13 -315.01 0.82 -0.78 0.53 
-70.49 -1.38 -258.70 0.55 0.25 0.66 
-96.30 -0.21 -261.67 0.27 0.07 0.93 
-84.04 -0.68 -305.42 0.45 0.02 0.72 
-150.96 -1.49 310.37 0.70 -0.19 0.57 
-95.17 -0.77 318.47 0.52 -0.61 0.73 
-93.72 -0.68 -318.57 1.01 -0.55 1.33 
-74.77 -1.37 -282.49 0.24 -0.08 0.10 
-87.47 -1.37 -232.61 0.86 -0.87 0.51 
-71.92 -1.12 -176.58 0.52 0.42 0.62 
-117.44 -0.33 -174.96 0.30 0.16 0.97 
-124.00 -1.07 -218.70 0.62 0.08 0.68 
-204.99 -1.48 -249.42 0.82 -0.43 0.60 
-81.64 -0.65 -177.71 0.84 -0.38 0.78 
-90.78 1.85 -136.33 -0.26 0.48 -0.62 
-81.70 1.08 -150.66 -0.59 0.32 -0.99 
-104.65 -1.10 -143.95 1.16 -0.38 1.58 
-66.76 -1.22 -97.10 0.95 -0.73 0.50 
-157.47 -0.78 -40.79 0.18 0.30 0.41 
-111.67 -0.58 -44.54 0.53 -0.03 1.05 
-76.35 -1.15 -88.28 0.54 -0.02 0.55 
-196.23 -1.76 -118.32 0.94 -0.58 0.43 
-87.73 -1.09 -108.44 0.82 -0.67 0.90 
-81.67 -0.53 -72.75 0.90 -0.52 0.99 
-67.85 1.98 -31.69 -0.13 0.20 -0.27 
-64.24 1.53 -39.96 -1.04 0.54 -1.46 
-70.17 2.28 -64.05 -0.12 -0.01 -0.05 
-6.12 -2.04 -70.91 0.80 -0.07 0.81 
-112.32 -1.06 -64.40 1.05 -0.44 1.41 
-101.62 -1.12 -26.08 0.92 -0.74 0.72 
-46.93 -1.31 30.23 0.40 0.05 0.46 
-101.78 -1.06 -45.73 0.62 -0.16 0.69 
-206.96 -1.37 -64.86 0.91 -0.15 0.79 
-108.49 -0.45 -62.87 0.39 -0.88 0.63 
-104.17 -0.68 -43.87 0.91 -0.73 1.27 
-56.65 -0.33 -7.64 0.29 -0.21 0.34 
-138.70 2.56 16.48 -0.68 0.32 -0.70 
-70.15 -1.35 -23.68 0.21 -0.04 0.44 
-111.84 -1.44 -27.30 1.00 -0.23 1.43 
-79.75 -1.09 -13.55 0.86 -0.57 0.82 
-14.49 -1.76 42.76 0.82 -0.41 0.43 
-95.42 -0.67 78.32 0.41 0.51 0.97 
-111.51 -0.29 73.98 0.29 -0.01 0.87 
-117.67 -1.04 30.23 0.59 0.08 0.66 
-166.45 -1.96 -6.16 0.88 -0.39 0.42 
-111.30 -1.39 -3.30 0.90 -0.68 0.81 
-105.46 -1.09 23.94 1.39 -0.53 1.23 
-84.89 -1.04 67.65 0.42 -0.05 0.24 
-115.59 2.08 93.92 -0.50 0.49 -0.99 
-39.22 1.56 71.95 -0.67 0.08 -0.62 
-9.53 -3.20 46.32 0.62 0.03 0.20 
-129.91 -1.46 52.76 1.35 -0.34 1.43 
-96.60 -1.51 78.84 0.96 -0.47 0.58 
-22.72 -1.79 135.15 0.61 -0.28 0.36 
-57.01 -0.79 144.37 0.58 0.13 1.12 
-87.20 -0.73 105.27 0.50 0.08 0.74 
-168.17 -1.74 62.68 0.84 -0.34 0.53 
-118.33 -1.52 61.63 0.89 -0.60 0.69 
-89.95 -1.18 71.92 0.77 -0.27 0.85 
-102.18 -0.69 100.59 1.05 -0.50 1.07 
-82.32 -1.23 143.39 0.09 0.02 -0.05 
-149.84 1.29 155.60 -0.53 0.96 -2.18 
-68.56 1.25 138.75 -0.40 0.20 -0.44 
-81.66 -1.92 134.47 1.28 -0.30 1.29 
-111.12 -0.99 138.46 0.76 -0.22 1.14 
-34.72 -0.92 170.60 0.90 -1.13 0.49 
-46.71 -2.08 226.91 0.75 0.17 0.49 
-72.13 -0.41 230.00 0.38 0.37 0.94 
-87.77 -0.87 186.04 0.65 -0.01 0.74 
-164.03 -1.98 143.23 0.79 -0.28 0.38 
-128.31 -1.15 156.90 0.75 -0.49 0.87 
-121.55 -0.72 186.39 1.18 -0.59 1.15 
-122.73 0.59 225.47 0.07 0.14 -0.26 
-106.16 1.86 235.45 -0.99 0.68 -1.55 
-26.46 1.20 219.08 -0.21 0.04 -0.26 
-41.11 -2.06 214.93 1.14 -0.28 1.18 
-87.53 -0.84 223.99 0.77 -0.27 1.18 
-54.15 -1.36 274.78 1.01 -0.89 0.48 
-99.07 -1.22 -324.27 0.57 0.42 0.66 
-126.66 -0.27 -327.40 0.31 0.20 0.98 
-117.54 -1.38 284.22 0.81 -0.09 0.64 
-205.92 -1.60 251.50 0.93 -0.63 0.49 
-84.26 -0.95 261.59 0.64 -0.65 0.84 
-122.88 -0.78 290.74 1.22 -0.65 1.22 
-84.82 0.18 -317.78 0.19 0.27 -0.35 
-84.79 0.44 319.11 -0.39 0.65 -1.08 
2.10 -2.25 296.52 0.06 -0.05 -0.01 
-67.55 -1.96 293.42 1.43 -0.13 1.41 
-78.26 -0.88 307.50 0.71 -0.27 0.92 
-64.55 -1.03 -298.40 0.72 -0.73 0.57 
-97.63 -1.39 -242.09 0.52 0.50 0.61 
-109.90 -0.50 -244.02 0.42 -0.31 0.89 
-102.04 -1.03 -287.76 0.65 0.23 0.72 
-213.97 -1.67 -320.18 1.00 -0.55 0.61 
-104.72 -0.89 -309.85 0.59 -0.47 0.83 
-111.93 -0.88 -271.61 1.35 -0.56 1.27 
-64.94 1.38 -238.60 -0.08 0.20 -0.69 
-63.68 1.14 -243.83 -0.90 0.48 -1.18 
-56.37 -3.81 -260.88 0.27 0.00 -0.01 
-99.52 -2.09 -265.14 1.64 -0.37 1.60 
-77.75 -1.10 -253.52 0.75 -0.42 0.77 
16.79 -1.77 -197.21 0.85 -0.57 0.28 
-18.36 -0.84 -170.45 0.61 0.46 1.02 
-127.92 -0.61 -191.44 0.49 0.27 0.87 
-159.50 -1.43 -235.19 0.86 -0.12 0.61 
-118.91 -0.74 -244.12 0.51 -0.82 0.56 
-95.07 -0.77 -233.50 0.55 -0.46 1.01 
-108.03 -0.52 -196.82 1.19 -0.67 1.20 
-81.35 1.34 -157.29 -0.10 0.51 -0.86 
-87.20 0.99 -168.76 -0.59 0.24 -0.96 
-14.60 -1.82 -186.55 0.21 0.00 0.27 
-75.86 -1.08 -184.64 0.99 -0.43 1.40 
-98.20 -0.97 -167.91 0.73 -0.58 0.79 
-41.93 -1.30 -111.89 0.63 -0.58 0.47 
-156.06 -1.13 -66.64 0.52 0.25 0.88 
-105.18 -0.64 -86.18 0.53 0.11 0.90 
-168.26 -1.63 -129.71 0.88 -0.10 0.60 
-150.23 -0.90 -148.64 0.59 -0.89 0.40 
-96.63 -0.70 -102.34 1.21 -0.67 1.23 
-104.50 0.76 -56.83 0.05 0.23 -0.28 
-4.34 0.05 -103.43 -0.03 -0.04 0.20 
-33.36 -1.60 -111.84 0.92 -0.27 1.21 
-88.13 -0.73 -101.21 0.68 -0.39 1.17 
-32.72 -1.22 -43.93 0.81 -0.77 0.45 
-204.24 -1.14 24.19 0.48 0.44 0.91 
-74.42 -0.65 -9.79 0.47 0.00 0.69 
-191.80 -2.34 -53.75 0.86 0.01 0.33 
-163.64 -1.91 -59.19 1.72 -1.20 0.82 
-83.22 -1.29 -28.88 1.37 -0.50 0.96 
-57.62 -1.74 11.80 0.23 -0.06 0.04 
-166.91 2.19 35.90 -0.66 0.67 -1.05 
-11.53 1.14 15.41 -0.51 0.15 -0.66 
-88.38 -2.78 -5.63 0.99 -0.17 0.51 
-101.22 -1.36 -0.45 1.26 -0.42 1.42 
-83.91 -1.38 24.41 0.93 -0.56 0.63 
27.83 -2.35 81.00 1.13 -0.46 0.26 
-67.62 -0.39 87.58 0.61 0.82 1.40 
-79.97 -1.38 32.90 0.80 -0.20 0.68 
-183.81 -1.80 1.63 0.95 -0.52 0.55 
-138.16 -1.41 10.69 1.23 -0.46 1.19 
-88.64 -1.05 53.47 0.85 -0.39 0.47 
-121.11 2.02 89.38 -0.34 0.27 -0.76 
-79.36 0.71 72.36 -0.51 0.42 -1.02 
-10.69 -2.93 51.47 0.45 -0.05 0.20 
-97.18 -1.24 55.31 0.85 -0.45 1.33 
-102.75 -0.99 78.39 0.85 -0.67 0.84 
-114.81 -0.64 148.71 0.46 -0.04 0.86 
-121.91 -1.02 104.75 0.72 0.10 0.77 
-217.15 -1.55 73.77 0.88 -0.67 0.39 
-112.69 -1.14 88.28 1.16 -0.67 1.29 
-76.36 -0.80 129.58 0.80 -0.31 0.65 
-98.50 2.29 162.00 -0.41 0.26 -0.68 
-66.37 1.46 156.36 -0.90 0.40 -1.05 
-51.32 2.18 136.10 -0.33 -0.04 -0.16 
-7.97 -2.54 126.15 1.12 -0.04 0.77 
-95.60 -1.78 135.29 1.48 -0.34 1.04 
-71.79 -1.55 163.99 1.14 -0.84 0.31 
69.24 -2.20 220.59 0.76 -0.19 0.29 
-116.81 -0.92 240.12 0.57 0.48 1.08 
-136.41 -1.07 197.98 0.93 0.04 0.94 
-171.66 -1.43 155.59 0.57 -0.28 0.34 
-96.12 -0.89 157.89 0.74 -1.13 0.57 
-123.70 -0.99 181.17 1.57 -0.77 1.85 
-89.72 -0.95 224.84 0.44 0.20 -0.28 
-58.71 -2.68 188.93 0.75 0.00 0.45 
-107.70 -0.96 -71.65 0.62 -0.82 0.52 
-116.42 -1.09 -60.73 1.08 -0.28 1.40 
-98.82 -0.88 -25.09 0.89 -0.40 0.64 
-133.40 2.27 11.39 -0.41 0.30 -0.68 
-62.13 2.14 -5.71 -0.82 0.14 -0.56 
-13.64 -0.64 -26.31 0.01 -0.05 0.07 
-54.01 -2.05 -28.27 1.32 -0.23 1.16 
-78.49 -1.09 -12.26 0.97 -0.48 1.02 
-16.98 -1.47 41.76 0.81 -0.62 0.33 
-143.97 -1.32 91.02 0.66 0.35 0.93 
-94.47 -0.77 63.05 0.53 0.11 0.76 
-244.71 -2.08 19.52 1.06 -0.08 0.50 
-137.60 -1.18 8.85 0.72 -0.78 0.54 
-112.80 -1.02 32.50 1.24 -0.66 1.21 
-63.51 -1.16 78.00 0.57 -0.26 0.27 
-111.95 2.57 105.87 -0.87 0.53 -0.93 
-48.55 1.89 81.84 -0.60 0.14 -0.42 
-107.53 -2.69 61.72 0.88 -0.07 0.52 
-95.73 -0.91 65.37 0.98 -0.69 1.56 
-58.23 -1.08 105.04 0.77 -0.83 0.50 
-62.50 -2.20 161.35 0.64 0.03 0.43 
-109.23 -1.01 169.43 0.65 -0.08 1.02 
-58.52 -0.91 127.84 0.63 -0.10 0.69 
-156.22 -1.64 87.73 0.79 -0.29 0.54 
-98.83 -0.96 94.12 0.70 -0.80 0.69 
-112.10 -0.72 115.51 0.89 -0.63 1.24 
-89.80 -0.81 163.59 0.09 -0.05 0.05 
-103.17 1.94 175.10 -0.94 0.66 -1.01 
-68.11 2.52 160.90 -0.72 0.01 -0.33 
-65.35 -1.74 135.61 0.24 -0.15 0.31 
-90.61 -1.30 134.57 0.89 -0.45 1.20 
-78.24 -1.02 147.35 0.65 -0.41 0.76 
3.94 -1.01 189.64 0.77 -0.95 0.42 
-80.53 -1.55 245.95 0.63 0.13 0.63 
-129.00 -0.71 244.37 0.62 0.42 1.10 
-136.10 -1.78 200.41 0.98 -0.07 0.55 
-200.65 -1.55 176.22 0.90 -0.58 0.54 
-118.57 -1.03 189.12 0.83 -0.58 1.02 
-89.62 -0.50 221.29 0.91 -0.51 0.97 
-106.26 2.63 260.21 -0.28 0.11 -0.34 
-91.83 1.92 263.14 -1.10 0.58 -1.11 
-80.48 2.05 244.87 -0.60 0.10 -0.34 
51.12 -1.60 231.26 0.40 -0.37 0.48 
-126.65 -1.59 228.56 1.33 -0.27 1.50 
-95.69 -1.10 249.31 0.83 -0.50 0.73 
-50.14 -1.69 -321.58 0.50 0.01 0.51 
-103.53 -0.75 -316.97 0.55 0.18 1.11 
-84.09 -0.91 294.65 0.56 0.05 0.65 
-202.58 -1.28 251.15 0.83 -0.77 0.32 
-97.59 -0.91 265.44 0.90 -0.90 1.00 
-80.84 -0.43 298.47 0.72 -0.44 0.83 
-83.40 4.21 -321.42 -0.33 -0.01 -0.07 
-86.49 2.26 303.37 -0.47 0.02 -0.21 
-0.10 -2.49 240.87 1.02 0.09 -0.34 
-207.81 -2.43 251.18 1.08 -0.46 0.00 
-58.11 -2.49 250.45 0.98 -0.01 -0.30 
-86.82 -0.33 -272.71 0.66 0.36 -0.84 
-60.76 1.51 -281.02 -0.75 0.61 -0.37 
-44.09 0.58 -299.13 -0.30 0.35 -0.62 
-6.43 -2.02 -317.10 1.10 -0.26 1.49 
-99.57 -0.31 -305.96 0.42 -0.44 1.10 
-52.45 -1.21 -249.65 0.78 -0.83 0.50 
-147.53 -0.49 -204.10 0.41 0.75 1.01 
-72.42 -0.56 -245.34 0.43 0.41 0.81 
-176.59 -1.23 -290.27 0.82 -0.58 0.58 
-108.59 -0.44 -278.31 0.46 -0.40 1.21 
-94.92 -1.00 -242.83 1.02 -0.29 0.72 
-163.10 1.66 -205.90 -0.53 1.14 -1.85 
-35.01 0.78 -222.03 -0.31 0.34 -0.49 
-54.37 -1.97 -230.61 1.48 -0.22 1.34 
-97.28 -0.40 -217.59 0.50 -0.37 1.12 
-68.08 -1.58 -147.20 0.72 -0.34 0.52 
-118.56 -1.23 -111.22 0.67 0.27 1.07 
-65.91 -0.82 -135.70 0.63 -0.04 0.84 
-123.95 -1.16 -179.22 0.85 -0.22 0.72 
-99.55 -0.22 -185.00 0.28 -1.05 0.58 
-179.06 1.50 -64.53 -0.22 0.65 -1.09 
-36.39 1.73 -75.56 -0.77 0.06 -0.73 
20.78 -3.12 -94.35 0.91 0.20 0.26 
-148.29 -0.56 -83.50 0.71 -0.51 1.46 
-60.74 -0.80 -58.55 0.68 -0.97 0.53 
-92.07 -1.85 -2.24 0.40 0.19 0.39 
-109.79 -1.32 10.82 0.67 -0.06 0.82 
-73.11 -0.97 -19.50 0.71 -0.13 0.74 
-181.69 -1.17 -65.92 0.69 -0.56 0.42 
-93.07 -0.62 -54.77 0.32 -0.46 0.74 
-98.62 -0.59 -28.62 1.32 -0.81 1.40 
-185.95 1.92 10.62 -0.67 0.79 -1.64 
-89.98 1.63 -4.14 -0.40 0.03 -0.34 
-30.06 -2.39 -9.28 1.41 -0.15 1.11 
-60.38 -0.72 6.46 0.76 -0.81 1.01 
-36.76 -2.11 62.77 0.60 -0.25 0.28 
-178.34 -1.13 82.97 0.69 0.28 1.13 
-87.56 -0.80 52.43 0.67 -0.21 0.77 
-105.38 -0.40 46.13 0.38 -0.55 1.09 
-74.04 -1.14 97.39 0.57 -0.12 0.45 
-99.87 1.98 97.52 -1.14 0.57 -1.20 
6.60 1.49 62.87 -0.24 -0.21 0.09 
-89.39 -1.37 56.82 0.88 -0.52 1.36 
-50.90 -0.49 77.84 0.59 -0.95 1.01 
-36.10 -2.16 134.43 0.50 -0.16 0.24 
-79.30 -0.44 156.10 0.41 0.41 1.23 
-92.30 -0.40 72.03 0.34 -0.73 0.67 
-95.59 -0.08 110.79 0.87 -0.60 1.39 
-111.10 1.57 145.45 -0.22 0.20 -0.69 
-61.56 2.28 139.05 -0.80 0.20 -0.51 
-68.09 2.82 123.06 -0.33 -0.06 0.00 
-76.91 -1.21 120.75 1.20 -0.33 1.70 
-88.12 -0.91 139.58 0.70 -0.54 0.83 
-84.84 -0.49 203.39 0.45 -0.04 0.96 
-111.59 -1.28 161.33 0.81 -0.11 0.66 
-111.77 0.08 133.21 0.25 -1.25 0.28 
-86.75 -0.22 142.14 0.28 -0.62 0.97 
-88.96 -0.48 179.70 0.83 -0.43 0.89 
-143.41 2.00 211.96 -0.75 0.57 -1.30 
-30.31 1.84 201.18 -0.78 0.18 -0.60 
-43.90 -2.21 197.91 1.71 -0.33 1.51 
-67.81 -0.64 214.83 0.57 -0.45 0.94 
-57.39 -1.30 268.39 0.53 -0.38 0.44 
-183.87 -1.30 313.32 0.61 0.13 0.95 
-28.14 -0.63 284.50 0.67 -0.19 0.95 
-144.74 -1.17 243.63 0.68 -0.36 0.56 
-86.63 -0.18 240.73 0.24 -0.92 0.58 
-103.31 -0.29 247.99 0.39 -0.53 1.11 
-42.35 -0.59 288.04 0.52 -0.37 0.57 
-53.36 2.20 303.70 -1.18 0.47 -1.43 
-68.38 0.91 292.10 -0.33 0.14 -0.53 
-78.33 -1.54 283.23 1.43 -0.44 1.83 
-125.65 -0.85 -209.98 0.58 0.17 1.12 
-83.14 -0.54 -230.50 0.50 0.03 1.00 
-145.31 -1.17 -273.14 0.77 -0.20 0.67 
-84.46 -0.04 -284.21 0.18 -0.93 0.48 
-87.54 -0.34 -267.82 0.57 -0.48 1.39 
-103.30 -0.70 -235.43 0.38 -0.13 0.44 
-57.36 2.05 -230.38 -1.49 0.28 -1.66 
-6.36 -2.77 -256.59 0.14 -0.06 0.07 
-59.72 -1.06 -262.64 1.05 -0.37 1.82 
-106.11 -0.83 -222.01 0.76 -1.01 0.60 
-63.73 -1.50 -165.70 0.60 0.56 0.53 
-111.89 -0.69 -174.28 0.59 0.22 1.10 
-164.12 -1.62 -218.24 0.86 -0.14 0.55 
-135.15 -0.83 -221.48 0.62 -0.91 0.72 
-156.36 -0.85 -212.27 1.67 -0.68 1.88 
-133.97 1.33 -166.14 -0.09 0.19 -0.90 
-5.50 1.77 -181.44 -0.57 0.13 -0.54 
-70.68 -0.91 -127.86 0.81 -0.78 0.62 
-100.49 -0.80 -71.54 0.37 0.59 0.54 
-56.52 -0.10 -75.96 0.32 0.14 1.16 
-96.23 -1.07 -119.48 0.58 0.00 0.68 
-98.55 -0.51 -130.02 0.42 -0.92 0.63 
-161.20 -0.46 -122.64 0.83 -0.47 1.58 
-107.27 0.67 -97.34 0.03 -0.23 0.29 
-126.82 2.08 -71.69 -0.73 0.60 -1.49 
-52.89 -0.06 -93.07 -0.03 -0.08 -0.26 
-60.81 -1.46 -93.78 1.27 -0.45 1.64 
-61.59 -0.77 -73.52 0.72 -0.64 0.87 
-66.93 -1.26 -3.13 0.51 0.51 0.49 
-115.20 -0.56 -7.11 0.58 0.15 1.14 
-100.54 -0.89 -50.85 0.83 -0.13 0.93 
-86.70 0.19 -68.68 0.10 -1.06 0.23 
-132.89 -0.04 -63.40 0.20 -0.33 1.36 
-65.86 -1.59 -19.40 0.36 0.11 -0.10 
26.67 1.59 -29.36 -1.31 0.52 -1.05 
-51.26 -0.57 -8.99 0.44 -0.45 0.80 
-28.38 -1.14 47.60 0.69 -0.72 0.58 
-92.71 -0.95 78.41 0.59 0.41 1.01 
-84.80 -0.86 48.61 0.54 0.07 0.80 
-197.10 -1.64 5.23 0.87 -0.10 0.59 
-146.75 -0.57 -11.82 0.54 -1.03 0.52 
-78.56 -0.65 9.02 0.76 -0.61 1.45 
-59.58 -1.79 54.47 0.68 0.04 0.20 
-117.45 1.44 66.80 -0.68 1.17 -2.03 
-11.81 -3.06 34.74 0.35 0.07 0.11 
-106.39 -1.15 39.20 1.11 -0.34 1.65 
-100.30 -0.91 53.65 0.68 -0.44 0.86 
-87.15 -0.28 122.05 0.37 0.21 1.01 
-143.01 -1.24 78.30 0.70 -0.06 0.65 
-151.62 -0.83 52.32 0.59 -0.80 0.52 
-99.70 -0.53 61.48 0.49 -0.51 1.07 
-90.90 -0.57 97.08 0.76 -0.26 0.80 
-155.26 2.50 122.47 -0.75 0.31 -0.98 
-102.55 -1.17 88.59 0.92 -0.28 1.44 
-60.84 -0.97 132.67 0.69 -0.75 0.57 
-16.49 -1.92 189.26 0.71 -0.03 0.53 
-119.57 -0.32 196.23 0.46 0.69 1.20 
-121.36 -1.36 152.71 0.82 -0.07 0.75 
-153.07 -0.94 124.18 0.57 -0.65 0.49 
-115.27 -0.59 130.82 0.51 -0.46 1.07 
-92.19 -0.52 161.48 0.82 -0.52 1.04 
-151.51 2.07 200.95 -0.58 0.63 -1.15 
-46.04 1.41 187.05 -0.54 0.16 -0.58 
-28.72 -2.92 156.50 0.99 -0.11 0.45 
-92.30 -0.73 167.08 0.96 -0.69 1.50 
-47.75 -1.05 203.10 0.76 -0.72 0.53 
-89.55 -1.20 259.41 0.50 0.38 0.61 
-78.73 -0.44 250.40 0.49 0.18 1.11 
-132.27 -1.27 206.65 0.73 0.01 0.73 
-175.42 -1.05 180.48 0.56 -0.61 0.43 
-174.43 2.28 293.97 -0.57 0.50 -0.88 
-50.20 2.10 287.15 -0.71 0.14 -0.57 
-17.51 -3.53 259.63 0.24 -0.06 0.03 
-139.88 -0.78 266.35 1.08 -0.59 1.92 
-87.33 -0.96 300.24 0.67 -0.74 0.59 
-61.49 -1.46 -298.52 0.42 0.21 0.47 
-65.79 -0.67 -300.25 0.69 0.46 1.23 
-98.61 -1.29 -309.31 1.02 -0.36 1.47 
-85.33 -0.73 -300.09 0.56 -0.34 0.88 
-105.62 -1.26 -302.33 0.62 0.05 0.68 
-122.34 -0.83 -305.94 0.94 -0.49 1.29 
-85.75 -0.29 -271.61 0.40 -0.23 0.52 
-140.72 1.90 -261.06 -1.08 0.45 -1.59 
-32.48 -2.11 -286.38 0.69 -0.07 0.70 
-74.10 -0.61 -265.28 0.57 -0.42 0.98 
-22.64 -1.48 -195.00 0.62 -0.37 0.51 
-80.48 -0.60 -176.32 0.53 0.34 1.09 
-133.60 -1.26 -227.33 0.71 -0.02 0.69 
-99.66 -0.58 -191.46 1.24 -0.75 1.21 
-56.38 0.96 -226.25 -0.17 0.06 -0.20 
-119.36 -1.40 -225.05 1.49 -0.51 1.84 
-90.73 -1.03 -182.01 0.81 -0.83 0.58 
-97.65 -0.76 -121.14 0.41 0.52 0.86 
-91.08 -0.51 -152.51 0.46 0.20 0.88 
-187.66 -1.09 -209.54 0.68 -0.65 0.50 
-103.17 -0.62 -194.43 0.72 -0.58 1.35 
-96.97 -1.07 -141.17 0.17 0.10 0.06 
-68.97 1.17 -155.11 -0.65 0.44 -0.92 
-27.11 -2.36 -183.92 0.18 -0.13 0.07 
-105.12 -0.54 -172.41 0.73 -0.47 1.55 
-105.70 -0.91 -41.43 0.57 0.46 1.03 
-128.10 -0.89 -81.84 0.69 0.07 0.94 
-145.37 -1.21 -123.79 0.53 -0.40 0.40 
-91.82 -0.60 -99.58 0.69 -0.66 1.26 
-115.49 0.52 -46.18 0.03 0.13 0.00 
-60.66 1.78 -55.52 -0.74 0.44 -0.72 
-26.76 1.01 -89.44 -0.07 -0.10 -0.01 
-87.09 -0.93 -80.85 1.04 -0.79 1.57 
-31.98 -1.12 -28.49 0.70 -0.66 0.45 
-62.65 -1.17 19.85 0.59 0.33 0.93 
-122.27 -0.81 -13.31 0.58 0.18 0.85 
-180.74 -0.98 -56.56 0.60 -0.56 0.48 
-107.97 -0.59 -49.21 0.50 -0.55 0.98 
-85.59 -0.02 -13.50 0.56 -0.48 0.99 
-115.44 1.59 4.12 -1.09 0.72 -2.04 
-11.59 -2.77 -31.36 0.77 -0.08 0.41 
-87.77 -0.99 -19.17 0.88 -0.28 1.17 
-43.15 -1.27 56.18 0.70 -0.66 0.39 
-95.98 -0.98 83.61 0.65 0.36 1.09 
-103.08 -0.79 44.39 0.65 -0.12 0.78 
-143.88 -0.86 12.88 0.53 -0.66 0.49 
-104.20 -0.58 22.29 0.49 -0.51 0.97 
-62.75 -0.68 70.64 0.64 -0.40 0.50 
-123.23 1.87 83.17 -0.79 0.60 -1.12 
-65.30 1.99 66.84 -0.61 0.03 -0.41 
-52.46 -1.76 48.44 1.13 -0.47 1.24 
-61.11 -0.91 72.76 0.77 -0.70 0.87 
-19.96 -1.79 142.87 0.47 0.14 0.38 
-113.20 -0.66 136.93 0.58 0.09 1.15 
-160.68 -1.36 89.39 0.76 -0.08 0.65 
-131.31 -0.87 74.86 0.53 -0.75 0.55 
-117.69 -0.78 92.61 0.79 -0.56 1.16 
-99.71 -1.16 144.75 0.42 -0.18 0.20 
-36.03 1.54 130.46 -0.95 0.76 -1.02 
-52.29 -1.98 104.12 0.64 -0.24 0.69 
-107.23 -0.22 219.62 0.37 0.21 1.10 
-124.36 -1.07 160.75 0.82 -0.91 0.79 
-149.73 1.79 249.57 -0.39 0.42 -0.83 
-74.94 -0.61 204.28 0.65 -0.36 1.22 
-66.49 -0.98 246.61 0.60 -0.75 0.52 
-35.75 -1.15 302.92 0.55 0.20 0.72 
-75.36 -0.08 293.86 0.26 0.26 1.08 
-151.00 -1.21 249.90 0.69 -0.14 0.71 
-119.01 -0.47 231.33 0.45 -1.01 0.52 
-61.16 -1.94 212.58 0.95 -0.25 1.09 
-86.01 -0.68 222.16 0.63 -0.38 1.17 
-61.57 -0.88 252.17 0.74 -0.83 0.61 
-27.08 -1.30 308.20 0.38 0.05 0.44 
-121.62 -0.35 313.57 0.47 0.71 1.21 
-156.20 -1.49 271.21 0.71 -0.04 0.59 
-143.60 -1.10 250.87 0.59 -0.66 0.46 
-105.19 -1.30 252.85 0.87 -0.65 0.86 
-111.39 -0.67 281.19 1.44 -0.50 1.37 
-159.90 0.69 323.96 0.05 0.18 -0.59 
-53.84 0.96 310.08 -0.45 0.55 -0.80 
-27.78 -3.58 287.26 0.41 0.05 0.03 
-112.85 -1.60 286.32 1.21 -0.45 1.57 
-96.01 -0.88 300.51 0.71 -0.42 0.88 
-106.30 -0.95 292.71 0.56 0.15 0.77 
-157.15 -1.45 254.59 0.73 -0.47 0.54 
-119.76 -0.99 261.68 0.75 -0.64 0.96 
-66.68 -0.64 308.02 0.93 -0.49 0.83 
-166.84 2.52 -314.78 -0.78 0.66 -1.19 
-67.46 1.78 326.08 -0.56 0.13 -0.42 
-50.32 -2.30 307.70 0.86 -0.24 0.69 
-75.58 -0.72 325.07 0.60 -0.34 0.99 
-80.58 -0.84 -309.73 0.53 -0.49 0.67 
-27.02 -1.22 -253.14 0.54 -0.22 0.61 
-92.27 -0.33 -228.04 0.32 0.40 1.03 
-106.68 -0.56 -256.19 0.40 0.10 0.86 
-186.42 -1.44 -298.42 0.69 -0.09 0.64 
-126.20 -1.08 -309.90 0.67 -0.69 0.68 
-106.21 -0.69 -297.85 0.54 -0.41 0.95 
-87.12 -0.16 -276.01 0.48 -0.41 1.01 
-121.01 0.44 -242.59 0.09 -0.05 0.31 
-68.95 1.84 -242.81 -1.31 0.34 -1.36 
-89.52 -0.05 -177.60 0.24 0.32 1.11 
-109.91 -1.10 -218.81 0.56 -0.01 0.70 
-184.19 -1.62 -249.31 0.79 -0.59 0.45 
-109.22 -0.94 -238.59 0.76 -0.55 0.96 
-110.92 -0.59 -205.59 1.10 -0.63 1.11 
-139.81 1.74 -161.25 -0.19 0.34 -0.58 
-48.84 1.33 -176.10 -0.68 0.61 -0.75 
-33.75 0.55 -201.62 -0.10 -0.18 0.19 
-35.14 -2.10 -211.70 1.20 -0.46 1.10 
-83.64 -0.45 -199.99 0.58 -0.59 1.26 
-80.05 -1.01 -148.09 0.63 -0.72 0.45 
-80.55 -0.75 -110.94 0.81 -0.35 0.67 
-75.26 1.66 -128.80 -0.49 0.09 -0.33 
-53.52 -1.56 -144.11 0.55 -0.24 0.90 
-105.23 -0.91 -137.43 0.90 -0.52 1.32 
-62.01 -1.05 -97.97 0.84 -0.90 0.55 
-75.15 -1.70 -41.66 0.51 0.27 0.39 
-161.50 -0.85 -77.99 0.73 -0.06 0.90 
-133.77 -1.01 -121.73 0.61 -0.60 0.38 
-152.00 -1.00 -123.71 0.74 -0.83 0.78 
-130.44 -0.65 -99.31 0.80 -0.87 1.00 
-29.14 1.18 -49.58 0.00 -0.13 0.20 
-118.90 2.59 -24.67 -0.86 0.54 -0.77 
-65.26 1.73 -38.40 -0.71 0.23 -0.49 
-20.93 -1.61 26.86 0.60 -0.42 0.33 
-132.81 -0.65 -36.79 0.77 -0.73 1.22 
12.09 -1.74 -25.18 0.54 -0.25 0.71 
-91.58 -0.18 87.50 0.30 0.35 0.98 
-115.12 -0.88 49.70 0.55 -0.47 0.75 
-125.55 -0.70 67.29 1.02 -0.44 1.28 
-106.91 2.43 112.84 -0.08 0.05 -0.11 
-114.44 1.47 119.03 -0.78 0.66 -1.45 
-63.79 1.58 97.56 -0.43 -0.04 -0.38 
-19.68 -2.10 84.99 0.80 -0.32 0.75 
-83.61 -0.64 94.68 0.81 -0.74 1.36 
-39.04 -1.45 165.07 0.51 -0.29 0.36 
-67.91 -0.52 187.14 0.37 0.37 1.05 
-62.74 -0.52 147.36 0.40 0.44 0.78 
-159.37 -1.96 110.19 1.06 0.00 0.69 
-143.83 -1.18 110.17 0.69 -0.48 0.86 
-132.42 -0.68 140.08 1.22 -0.52 1.11 
-93.20 2.25 181.85 -0.27 0.22 -0.46 
-73.59 1.87 179.65 -1.03 0.46 -1.09 
-88.20 1.46 157.17 -0.34 0.04 -0.33 
-59.81 -2.20 146.62 1.02 -0.32 0.83 
-50.29 -2.81 247.23 0.78 -0.14 0.08 
-111.51 -0.45 248.19 0.56 0.46 1.37 
-127.90 -1.70 204.44 0.73 0.21 0.45 
-214.00 -1.38 184.73 1.13 -1.02 0.73 
-102.40 -0.67 207.25 0.85 -0.50 1.13 
-73.57 2.47 249.03 -0.20 -0.16 0.24 
-114.50 2.79 271.00 -0.96 0.48 -0.66 
-69.89 2.43 262.00 -0.83 0.15 -0.35 
-67.26 -0.66 284.10 0.54 -0.82 0.60 
-15.21 -1.64 -315.23 0.49 -0.20 0.42 
-98.00 -0.40 -304.40 0.39 0.33 1.16 
-121.46 -1.30 307.21 0.68 0.03 0.67 
-191.38 -1.20 282.62 0.90 -0.78 0.69 
-143.01 -0.97 296.65 1.06 -0.58 1.35 
-87.39 -1.68 -317.98 0.09 -0.03 0.01 
-118.74 2.39 -303.02 -0.95 0.38 -0.88 
-64.61 2.09 -324.97 -0.40 0.01 -0.22 
-62.88 -0.96 -285.13 0.66 -0.71 0.58 
-42.22 -1.58 -214.74 0.63 0.25 0.64 
-120.96 0.15 -227.04 0.10 0.56 0.82 
-151.79 -1.64 -270.56 0.83 0.04 0.68 
-170.55 -1.54 -289.24 0.91 -0.49 0.70 
-124.77 -1.08 -276.42 0.92 -0.41 1.07 
-70.24 -0.88 -239.60 0.80 -0.37 0.57 
-153.03 2.54 -208.35 -0.63 0.36 -0.80 
-59.88 2.58 -227.53 -0.70 0.15 -0.31 
-52.33 -1.78 -251.30 0.48 -0.40 0.51 
-97.99 -0.76 -249.35 0.83 -0.83 1.59 
-59.31 -0.47 258.30 0.39 0.03 0.81 
-164.17 -1.17 224.30 0.70 -0.41 0.65 
-111.66 -0.79 220.14 0.59 -0.74 0.79 
-114.13 -0.54 234.10 0.60 -0.59 1.04 
-64.93 2.27 277.84 -0.88 0.32 -0.53 
-87.45 2.29 257.97 -0.51 -0.24 -0.02 
-27.63 -0.73 241.46 0.14 -0.24 0.64 
-102.14 -0.95 243.00 0.55 -0.46 1.09 
-86.92 -0.70 256.77 0.62 -0.56 0.88 
-27.94 -1.33 327.15 0.65 -0.60 0.44 
-100.23 -0.48 -289.03 0.53 1.02 1.34 
-134.84 -1.46 322.37 0.64 0.07 0.57 
-175.15 -1.47 294.83 0.90 -0.70 0.61 
-100.40 2.71 -256.96 -0.53 0.31 -0.54 
-77.30 2.24 -261.07 -0.95 0.37 -0.59 
-81.45 2.60 -279.83 -0.47 -0.09 0.10 
-74.18 -1.41 -289.88 0.41 -0.33 0.73 
-107.49 -0.89 -287.47 0.84 -0.53 1.38 
-95.82 -0.65 -273.18 0.49 -0.47 0.71 
-66.64 -0.95 -218.85 0.58 -0.73 0.54 
-127.30 -0.66 -165.90 0.46 0.43 1.07 
-109.21 -0.69 -209.87 0.36 0.22 0.67 
-170.57 -1.71 -246.93 0.94 -0.37 0.64 
-128.28 -1.12 -247.46 0.76 -0.56 0.78 
-117.59 -0.80 -233.40 0.71 -0.45 0.98 
-78.12 -0.02 -203.59 0.50 -0.44 0.82 
-122.59 3.49 -170.51 -0.53 0.17 -0.25 
-87.42 2.17 -169.99 -0.99 0.58 -0.65 
-39.46 2.75 -188.42 -0.67 0.04 -0.14 
-70.36 -1.74 -199.10 0.57 -0.21 0.72 
-108.41 -1.26 -194.33 1.10 -0.44 1.26 
-80.81 -1.16 -163.38 0.82 -0.62 0.69 
-48.56 -1.55 -107.07 0.61 -0.34 0.53 
-54.78 -0.48 -83.35 0.40 0.39 1.22 
-121.40 -1.12 -138.03 0.65 -0.18 0.77 
-163.88 -1.62 -171.90 0.99 -0.58 0.66 
-132.07 -0.95 -157.09 1.02 -0.54 1.25 
-93.75 2.38 -107.48 -0.09 -0.07 -0.09 
-143.07 2.06 -87.58 -0.90 0.74 -1.11 
-59.43 1.98 -101.08 -0.71 0.21 -0.51 
-89.62 -1.92 -128.98 0.18 -0.12 0.18 
-123.00 -1.61 -137.14 1.14 -0.47 1.33 
-67.75 -0.91 -120.37 0.91 -0.92 0.78 
-3.69 -1.83 -64.34 0.67 -0.37 0.27 
-102.60 -0.58 -40.41 0.42 0.62 1.13 
-143.81 -1.21 -84.15 0.61 0.23 0.60 
-213.02 -1.98 -120.86 0.93 -0.25 0.52 
-134.58 -1.06 -110.61 0.80 -0.68 0.83 
-102.89 -0.67 -83.39 0.78 -0.59 0.95 
-54.62 3.33 -42.28 -0.23 0.15 0.03 
-89.85 2.34 -63.70 -0.43 -0.08 -0.16 
-75.38 -1.55 -78.00 0.71 -0.31 0.93 
-71.70 -0.79 -60.75 0.73 -0.77 0.89 
-25.07 -1.69 9.64 0.63 -0.35 0.41 
-102.18 -0.77 36.56 0.62 0.49 1.21 
-172.59 -1.25 -7.40 0.74 0.11 0.70 
-227.98 -1.47 -37.32 0.96 -0.70 0.53 
-115.94 -0.74 -27.42 0.53 -0.65 0.74 
-95.75 -0.50 -2.78 0.88 -0.72 1.10 
-77.77 2.10 4.03 -0.70 0.13 -0.42 
-91.45 -2.25 -18.04 0.53 -0.19 0.43 
-51.92 -1.22 49.46 0.69 -0.65 0.51 
-42.25 -1.39 105.49 0.68 -0.01 0.76 
-125.36 -0.43 80.51 0.36 0.26 0.85 
-131.26 -1.66 36.77 0.99 -0.36 0.59 
-159.44 -1.17 21.21 0.74 -0.68 0.61 
-89.67 -0.73 53.35 1.19 -0.69 1.14 
-98.97 2.60 91.62 -0.13 -0.02 -0.17 
-128.93 2.25 107.41 -1.02 0.70 -0.89 
-32.68 2.09 87.95 -0.67 0.18 -0.40 
-27.55 -2.12 74.00 0.76 -0.33 0.70 
-49.78 -1.32 184.41 0.51 -0.39 0.50 
-146.36 -0.90 219.48 0.38 0.42 0.96 
-82.30 -0.89 175.95 0.63 0.04 0.72 
-179.36 -1.62 143.78 0.88 -0.34 0.62 
-110.03 -0.76 160.73 0.56 -0.54 0.83 
