-21.48 -2.94 108.76 1.07 -0.12 0.02 
-8.55 -2.86 107.83 1.07 -0.13 0.05 
3.82 -2.96 107.59 1.07 -0.10 0.02 
-102.83 -2.00 155.01 1.69 -0.81 -0.12 
33.54 -1.11 202.74 0.79 -1.03 -0.17 
127.68 0.33 254.14 0.08 -0.86 0.16 
10.71 3.41 264.97 -0.65 -0.13 0.13 
-5.17 2.63 263.03 -1.01 -0.66 0.21 
-8.51 2.78 270.30 -0.91 -0.51 0.21 
-8.35 3.06 280.49 -1.15 -0.47 0.25 
-3.69 3.51 287.03 -0.80 -0.01 0.18 
-19.06 3.15 283.63 -0.49 0.20 -0.03 
29.84 2.63 284.66 -0.70 -0.03 0.44 
80.32 3.27 278.15 -0.81 -0.06 0.33 
97.64 3.27 265.91 -0.81 -0.31 -0.10 
34.26 2.28 250.80 -0.67 -0.65 -0.28 
11.61 1.71 252.76 -0.76 -0.85 -0.81 
-54.31 2.23 265.89 -0.73 -0.54 -0.33 
-64.77 3.12 273.65 -0.84 -0.26 -0.04 
-61.28 3.05 281.87 -0.78 -0.21 0.24 
-31.79 2.98 287.40 -0.97 0.01 0.42 
13.72 3.48 287.44 -0.82 0.00 0.18 
0.48 2.54 284.15 -0.52 -0.33 0.19 
-13.05 3.30 273.99 -0.73 0.06 0.23 
-10.76 2.85 261.42 -1.04 -0.49 0.21 
-41.77 2.49 246.73 -1.11 -0.87 0.23 
9.74 2.24 247.50 -0.73 -0.70 0.21 
29.62 2.64 252.67 -1.16 -0.74 0.31 
37.60 2.97 268.54 -0.95 -0.41 0.26 
-28.41 3.40 271.49 -0.93 -0.20 0.17 
19.35 3.43 272.79 -0.79 -0.19 0.11 
60.02 3.30 278.60 -0.56 -0.17 0.05 
42.43 2.89 275.46 -0.90 -0.06 0.45 
16.02 3.18 257.66 -0.86 -0.22 0.24 
28.13 2.63 273.25 -0.84 -0.14 0.59 
71.00 3.24 265.14 -0.83 -0.33 0.08 
-3.78 2.51 249.14 -0.75 -0.64 -0.14 
2.12 1.90 242.43 -0.65 -0.82 -0.41 
-12.27 1.81 249.39 -0.69 -0.77 -0.40 
-40.01 2.46 257.36 -0.76 -0.51 -0.15 
-47.89 2.94 262.48 -0.77 -0.32 -0.05 
-37.78 2.47 269.03 -0.78 -0.43 0.32 
65.11 3.66 276.86 -0.90 0.13 0.10 
-4.83 2.92 277.46 -0.76 -0.28 0.26 
1.38 2.50 282.44 -0.50 -0.28 0.25 
32.35 2.63 281.72 -0.76 -0.27 0.44 
11.89 2.56 271.18 -0.87 -0.47 0.46 
7.61 3.07 261.87 -1.39 -0.38 0.41 
0.78 2.51 264.18 -0.74 -0.46 0.34 
4.93 2.82 267.63 -1.09 -0.46 0.44 
-11.50 2.45 275.62 -0.76 -0.46 0.39 
-16.76 2.83 281.05 -0.74 -0.32 0.29 
20.21 2.74 278.53 -0.64 -0.41 0.04 
29.22 3.10 278.47 -0.79 -0.16 0.27 
35.49 2.78 278.02 -0.91 -0.02 0.60 
65.39 3.29 267.85 -0.87 -0.27 0.19 
16.68 3.02 255.35 -0.82 -0.44 -0.06 
1.87 2.33 246.17 -0.69 -0.63 -0.29 
-4.56 1.58 245.91 -0.65 -1.00 -0.59 
-39.70 1.94 253.40 -0.71 -0.72 -0.33 
-54.95 2.34 262.75 -0.73 -0.52 -0.20 
-44.67 2.64 267.31 -0.79 -0.42 0.10 
-40.68 2.60 273.61 -0.82 -0.41 0.31 
19.15 3.26 279.72 -1.05 0.39 0.05 
24.47 3.19 284.47 -0.63 -0.15 0.18 
-22.29 3.19 288.13 -0.64 0.07 0.22 
6.84 3.35 274.33 -0.90 -0.17 0.20 
3.45 2.52 261.78 -1.02 -0.53 0.40 
-9.86 2.69 261.89 -1.06 -0.62 0.44 
10.09 2.87 263.49 -0.91 -0.44 0.27 
10.38 2.97 276.22 -1.00 -0.45 0.28 
37.50 2.68 280.58 -0.81 -0.51 0.22 
-26.72 3.89 283.91 -0.91 -0.02 0.05 
10.42 2.89 280.89 -0.51 -0.26 0.08 
37.04 2.53 278.11 -0.83 0.11 0.60 
86.51 3.20 265.76 -0.92 -0.30 0.24 
27.78 3.20 250.82 -0.81 -0.37 0.06 
-4.30 1.95 237.17 -0.60 -0.73 -0.51 
-30.93 1.78 242.42 -0.72 -0.90 -0.45 
-43.22 2.23 253.03 -0.70 -0.53 -0.22 
-57.02 2.56 262.03 -0.77 -0.44 0.15 
-49.85 2.77 269.90 -0.81 -0.22 0.36 
-19.02 3.99 275.63 -0.78 -0.01 0.04 
-11.04 3.12 280.49 -0.57 -0.14 0.19 
-21.88 3.13 286.24 -0.42 0.03 0.18 
-17.66 2.80 271.98 -0.93 -0.42 0.34 
-8.79 2.73 258.13 -1.06 -0.50 0.38 
-1.22 2.40 261.04 -0.80 -0.60 0.35 
9.50 2.90 269.71 -1.14 -0.59 0.24 
-11.90 2.83 283.59 -0.86 -0.42 0.20 
16.34 3.29 286.69 -0.90 -0.28 0.05 
9.01 3.75 285.96 -0.62 -0.03 0.05 
45.09 2.93 288.27 -0.91 -0.04 0.43 
83.21 2.93 280.82 -0.84 -0.18 0.49 
98.22 3.15 265.93 -0.72 -0.32 -0.05 
16.22 2.55 251.35 -0.69 -0.57 -0.31 
6.82 1.62 250.73 -0.71 -0.98 -0.71 
-66.57 1.72 259.57 -0.64 -0.76 -0.42 
-58.82 2.70 267.25 -0.73 -0.38 -0.11 
-75.50 3.12 275.26 -0.89 -0.28 0.10 
-52.63 2.74 283.96 -0.81 -0.19 0.38 
-17.01 3.35 286.04 -0.87 -0.12 0.22 
-14.72 3.11 287.26 -0.59 -0.16 0.18 
12.84 2.77 289.88 -0.47 -0.11 0.26 
-10.73 3.32 277.49 -0.77 0.05 0.23 
16.26 2.75 263.44 -1.05 -0.47 0.43 
-4.80 2.34 263.66 -0.95 -0.80 0.34 
0.44 2.59 272.29 -1.03 -0.67 0.35 
-1.29 2.80 283.91 -0.96 -0.57 0.13 
12.45 3.03 293.60 -0.88 -0.29 0.27 
12.14 3.80 296.32 -0.56 0.02 0.06 
11.74 3.65 293.37 -0.82 -0.04 0.11 
64.44 2.45 289.04 -0.82 0.03 0.69 
92.09 3.36 275.18 -0.85 -0.23 0.18 
31.55 2.30 246.97 -0.61 -0.65 -0.16 
7.38 1.41 240.75 -0.61 -1.12 -0.78 
-40.43 1.36 251.47 -0.55 -1.00 -0.38 
-58.06 2.27 262.43 -0.72 -0.52 -0.22 
-69.18 2.40 271.17 -0.69 -0.45 0.09 
-52.77 2.45 281.87 -0.71 -0.24 0.43 
11.20 3.25 275.64 -0.92 -0.14 0.26 
-10.79 3.48 277.45 -0.75 -0.13 0.11 
-15.12 3.59 277.12 -0.66 0.01 0.08 
-0.18 2.88 263.95 -0.92 -0.35 0.36 
12.71 3.10 249.70 -1.32 -0.42 0.30 
7.92 2.65 249.62 -0.86 -0.49 0.32 
-11.94 2.75 244.90 -1.09 -0.63 0.34 
15.85 2.35 259.12 -0.72 -0.61 0.25 
-12.39 2.54 268.11 -0.49 -0.32 0.18 
14.43 3.30 270.32 -0.43 -0.10 0.09 
48.71 2.37 267.30 -0.95 0.14 0.87 
98.27 3.35 253.92 -0.80 -0.27 0.17 
34.58 2.06 238.56 -0.53 -0.73 -0.28 
-15.51 1.40 232.75 -0.66 -1.01 -0.97 
-35.12 1.88 240.70 -0.62 -0.72 -0.21 
-33.15 2.27 251.02 -0.77 -0.58 -0.22 
-42.47 2.98 261.03 -0.85 -0.33 0.09 
-38.95 2.81 268.54 -0.81 -0.28 0.30 
149.94 3.50 282.51 -0.77 0.21 0.01 
3.80 3.47 285.11 -0.67 -0.09 0.13 
-8.81 3.13 283.15 -0.65 -0.02 0.25 
-4.96 2.66 254.63 -0.92 -0.48 0.39 
22.50 2.99 248.75 -1.23 -0.47 0.36 
13.01 3.14 262.81 -1.02 -0.32 0.32 
-19.13 3.23 272.08 -0.87 -0.22 0.26 
-8.86 3.60 271.96 -0.57 -0.09 -0.04 
64.58 3.40 243.61 -0.84 -0.26 0.20 
60.02 2.61 228.09 -0.69 -0.55 -0.14 
13.84 2.01 217.53 -0.62 -0.78 -0.40 
-5.22 1.62 220.78 -0.67 -0.95 -0.52 
-38.29 1.68 233.56 -0.64 -0.79 -0.42 
-64.83 2.36 247.16 -0.72 -0.51 -0.05 
-86.89 2.65 257.41 -0.82 -0.27 0.34 
-112.57 1.24 245.40 -0.41 1.42 1.28 
-4.50 3.55 246.22 -0.68 -0.04 0.13 
4.90 3.16 247.28 -0.63 -0.12 0.19 
83.04 2.80 247.78 -0.83 -0.40 0.31 
-50.91 2.57 228.97 -1.13 -0.52 0.56 
-8.93 2.69 227.06 -0.93 -0.38 0.49 
-6.02 2.79 225.50 -1.13 -0.51 0.45 
12.74 2.82 239.48 -0.97 -0.50 0.35 
21.27 2.80 248.84 -0.69 -0.28 0.29 
-32.96 3.09 247.58 -0.48 -0.21 0.10 
63.96 2.41 240.89 -0.84 0.00 0.71 
97.30 3.15 228.74 -0.82 -0.37 0.16 
37.63 2.26 210.47 -0.65 -0.70 -0.27 
16.63 1.61 207.14 -0.65 -1.00 -0.59 
-28.99 1.80 217.96 -0.65 -0.78 -0.31 
-73.82 2.58 231.11 -0.78 -0.45 0.00 
-61.11 2.68 237.74 -0.80 -0.30 0.31 
-10.56 2.37 243.00 -0.73 -0.36 0.45 
-15.23 3.25 245.75 -0.81 -0.20 0.19 
0.55 3.27 244.66 -0.64 -0.07 0.20 
-9.39 2.94 245.83 -0.72 -0.29 0.20 
4.29 2.75 232.98 -0.98 -0.43 0.34 
0.40 2.63 220.20 -1.14 -0.47 0.58 
-4.57 2.43 222.26 -0.86 -0.59 0.43 
11.48 2.83 240.47 -1.11 -0.56 0.39 
-36.46 2.55 247.16 -0.55 -0.33 0.26 
-7.00 3.00 248.68 -0.80 -0.37 0.11 
11.38 3.39 247.03 -0.59 -0.16 -0.01 
25.03 3.05 244.13 -0.92 -0.18 0.30 
69.55 3.04 239.91 -0.86 -0.20 0.39 
93.69 3.45 232.36 -0.91 -0.28 0.03 
8.72 2.22 212.75 -0.49 -0.52 -0.31 
16.97 1.64 212.32 -0.69 -0.98 -0.62 
-43.22 2.54 234.18 -0.70 -0.40 0.12 
-35.09 2.66 240.94 -0.84 -0.28 0.38 
19.62 2.82 246.84 -0.60 -0.15 0.31 
-5.88 3.43 245.06 -0.79 -0.10 0.18 
18.33 2.91 249.99 -0.63 -0.31 0.11 
-0.31 3.41 241.35 -1.01 0.02 0.28 
-9.18 2.76 225.88 -0.88 -0.42 0.22 
-6.80 2.54 219.54 -1.03 -0.70 0.35 
7.67 2.66 224.96 -0.98 -0.61 0.31 
9.57 3.07 239.42 -1.01 -0.39 0.20 
-1.24 3.00 245.67 -0.75 -0.32 0.18 
10.97 2.57 247.57 -0.50 -0.35 0.10 
23.30 3.35 252.33 -0.79 -0.16 0.15 
58.26 2.54 248.69 -0.85 0.03 0.65 
27.55 1.60 205.04 -0.57 -0.92 -0.47 
-10.14 1.68 210.43 -0.57 -0.88 -0.25 
-50.01 1.57 222.38 -0.61 -0.86 -0.45 
-65.04 2.49 235.17 -0.75 -0.41 -0.27 
-53.76 2.68 244.62 -0.72 -0.28 0.20 
-23.69 3.06 249.16 -0.37 -0.14 0.04 
9.42 3.71 253.86 -0.75 -0.09 0.03 
27.89 3.67 254.29 -0.82 -0.03 0.12 
-29.20 2.99 238.02 -0.81 -0.29 0.22 
14.60 2.43 220.28 -1.13 -0.58 0.54 
0.36 2.51 221.00 -0.93 -0.61 0.43 
-2.09 2.71 225.45 -1.04 -0.49 0.50 
38.44 2.95 236.30 -0.94 -0.35 0.36 
-8.10 2.96 245.07 -0.70 -0.30 0.23 
9.32 3.31 248.79 -0.56 -0.13 0.11 
35.92 2.76 249.12 -0.87 -0.22 0.42 
66.84 2.80 238.68 -0.81 -0.15 0.49 
70.29 3.03 223.66 -0.72 -0.37 0.10 
0.86 1.95 211.07 -0.53 -0.80 -0.16 
-10.38 1.98 204.87 -0.68 -0.77 -0.50 
-21.16 1.56 211.45 -0.61 -0.87 -0.46 
-32.85 2.32 237.37 -0.75 -0.27 0.50 
26.78 2.47 246.26 -0.56 0.00 0.41 
1.73 3.15 246.93 -0.75 -0.14 0.25 
3.98 3.23 252.88 -0.59 -0.04 0.20 
19.76 2.81 246.29 -0.77 -0.23 0.34 
0.19 2.98 228.64 -1.21 -0.37 0.44 
-17.39 2.94 224.78 -1.22 -0.49 0.38 
-36.23 2.84 221.95 -1.18 -0.56 0.30 
19.03 3.09 237.08 -0.87 -0.22 0.31 
6.26 3.38 244.65 -0.71 -0.02 0.21 
4.87 3.46 240.13 -0.59 -0.05 0.13 
5.93 3.19 240.10 -0.91 0.06 0.32 
40.91 3.18 236.48 -0.89 0.00 0.38 
87.02 3.59 221.23 -0.93 -0.21 0.04 
23.85 3.11 206.06 -0.79 -0.34 -0.24 
14.68 1.77 199.97 -0.65 -0.90 -0.44 
-43.98 2.06 208.06 -0.76 -0.72 -0.35 
-89.59 2.65 214.00 -0.85 -0.44 -0.22 
-61.17 2.74 220.13 -0.79 -0.43 0.00 
-41.70 2.69 228.16 -0.78 -0.13 0.42 
4.81 3.59 232.75 -1.02 0.04 0.15 
-7.73 3.39 234.06 -0.47 0.01 0.13 
12.22 3.16 228.52 -0.80 0.01 0.30 
-22.16 3.45 215.07 -1.00 -0.17 0.19 
-9.62 3.06 204.08 -1.30 -0.44 0.38 
9.11 3.22 209.52 -1.06 -0.31 0.26 
-12.92 2.81 215.49 -1.02 -0.54 0.28 
5.60 2.71 226.41 -0.70 -0.36 0.28 
0.63 3.59 231.00 -0.69 -0.10 0.11 
3.29 3.79 232.66 -0.67 -0.03 0.06 
20.18 2.74 228.28 -0.96 -0.05 0.61 
78.45 3.33 217.58 -0.84 -0.27 0.17 
84.06 2.65 203.18 -0.75 -0.53 -0.22 
7.32 2.20 188.48 -0.65 -0.69 -0.26 
-3.54 1.51 188.91 -0.66 -1.06 -0.59 
-42.87 1.56 198.57 -0.61 -0.87 -0.38 
-94.12 3.23 219.82 -1.73 -0.13 0.74 
11.05 2.60 220.00 -1.46 -0.62 0.57 
-10.45 3.16 221.76 -0.72 -0.19 0.21 
-11.97 3.17 223.46 -0.72 -0.12 0.24 
14.08 2.99 221.85 -0.99 -0.26 0.35 
-4.76 3.34 218.44 -1.02 -0.03 0.29 
-17.79 3.43 213.02 -1.08 -0.13 0.25 
7.74 3.39 215.35 -1.06 -0.16 0.25 
46.92 3.50 217.71 -1.21 0.01 0.28 
21.15 3.19 218.45 -1.04 -0.30 0.26 
9.45 3.32 224.36 -0.76 -0.15 0.20 
15.63 3.73 224.62 -0.67 0.01 0.07 
21.13 2.86 223.55 -0.90 0.01 0.47 
62.13 2.68 221.28 -0.90 0.00 0.62 
78.82 3.15 211.98 -0.82 -0.24 0.28 
86.55 3.07 205.28 -0.85 -0.43 0.09 
-1.10 -1.95 97.30 1.09 -0.60 0.22 
1.45 -2.24 104.51 0.99 -0.38 0.17 
4.25 -2.76 230.93 1.04 0.12 -0.14 
4.25 -2.76 230.93 1.04 0.12 -0.14 
6.73 -2.77 230.85 1.03 0.11 -0.14 
5.48 -2.76 230.63 1.03 0.12 -0.14 
6.77 -2.81 229.96 1.05 0.10 -0.13 
8.04 -2.85 230.14 1.05 0.06 -0.13 
-3.67 -2.42 243.08 1.30 -0.37 -0.04 
-15.83 -2.15 258.70 1.26 -0.52 -0.11 
-33.90 -1.50 300.12 1.45 -1.09 -0.12 
55.80 -1.03 327.28 0.79 -0.95 0.19 
-17.05 1.75 -307.67 -0.16 -0.27 0.06 
33.31 1.71 -295.70 -0.47 -0.69 0.21 
24.90 2.63 -283.43 -0.88 -0.57 0.19 
17.21 2.86 -276.32 -0.90 -0.46 0.09 
8.72 3.01 -266.82 -0.95 -0.40 0.22 
46.74 3.26 -261.18 -1.02 -0.34 0.16 
17.73 3.24 -258.69 -0.83 -0.20 0.18 
21.42 3.17 -258.38 -0.62 -0.16 0.17 
7.51 3.30 -258.20 -0.54 -0.15 0.07 
40.93 3.00 -256.79 -0.73 -0.11 0.29 
75.90 3.55 -263.67 -0.87 -0.15 0.21 
42.96 2.99 -279.04 -0.68 -0.37 -0.10 
2.91 1.82 -290.54 -0.74 -0.85 -0.72 
-28.99 1.68 -287.40 -0.72 -0.88 -0.66 
-50.67 1.93 -281.86 -0.73 -0.70 -0.45 
-53.64 2.58 -273.21 -0.71 -0.38 -0.20 
-67.62 2.92 -268.72 -0.80 -0.31 -0.06 
-73.22 3.28 -263.67 -0.85 -0.17 0.13 
-45.66 2.60 -260.48 -0.89 -0.15 0.52 
-127.98 1.93 -264.20 -1.05 0.81 1.55 
-43.70 3.02 -263.32 -0.88 -0.09 0.38 
16.45 3.17 -262.15 -0.62 -0.08 0.21 
-4.79 2.89 -264.78 -0.56 -0.18 0.23 
21.16 2.69 -272.38 -0.91 -0.47 0.37 
19.97 2.91 -279.83 -1.01 -0.46 0.37 
25.84 2.69 -287.98 -0.90 -0.50 0.25 
0.39 2.50 -297.08 -0.91 -0.53 0.36 
1.57 2.58 -297.11 -1.11 -0.73 0.35 
16.72 2.78 -293.65 -1.04 -0.57 0.29 
27.55 2.68 -283.87 -1.07 -0.66 0.33 
13.86 2.80 -275.80 -0.87 -0.43 0.29 
-1.78 3.44 -272.83 -0.85 -0.21 0.09 
2.09 3.29 -268.28 -0.81 -0.23 0.15 
8.53 3.50 -266.81 -0.66 -0.14 0.04 
7.93 3.50 -265.68 -0.47 -0.09 0.05 
19.59 3.51 -265.61 -0.96 0.12 0.14 
5.68 1.65 -306.12 -0.68 -0.99 -0.56 
-56.90 2.38 -287.25 -0.76 -0.49 -0.26 
-59.22 3.20 -279.73 -0.84 -0.19 0.13 
-57.98 3.00 -272.66 -0.88 -0.17 0.34 
11.85 3.10 -272.05 -0.83 -0.12 0.31 
15.93 3.41 -271.63 -0.63 -0.05 0.14 
10.66 3.04 -276.02 -0.85 -0.29 0.22 
7.32 2.79 -294.29 -0.97 -0.52 0.12 
18.06 2.27 -312.28 -0.97 -0.79 0.39 
18.11 2.37 -303.96 -1.03 -0.78 0.49 
8.75 2.78 -288.63 -1.10 -0.48 0.47 
-4.65 3.42 -278.02 -0.80 -0.15 0.19 
13.79 2.99 -278.98 -0.50 -0.24 0.05 
21.32 3.73 -277.15 -0.59 -0.01 0.07 
71.68 2.47 -279.69 -0.93 0.01 0.72 
91.13 3.16 -291.89 -0.79 -0.22 0.29 
45.58 2.76 -309.30 -0.66 -0.48 -0.12 
22.38 1.87 -322.24 -0.58 -0.82 -0.41 
-9.06 1.41 -318.90 -0.63 -1.04 -0.69 
-56.74 1.96 -303.72 -0.66 -0.63 -0.26 
-77.45 2.51 -295.42 -0.72 -0.44 0.03 
-74.80 2.38 -281.09 -0.71 -0.15 0.53 
9.55 3.08 -287.70 -0.83 -0.16 0.28 
13.15 3.32 -287.02 -0.62 -0.14 0.11 
5.95 3.17 -292.79 -0.98 -0.17 0.29 
-16.91 2.33 -307.95 -0.87 -0.60 0.44 
-5.32 2.82 -323.27 -1.26 -0.56 0.43 
5.05 2.71 -315.23 -0.97 -0.52 0.37 
29.41 2.41 -299.53 -1.01 -0.76 0.38 
-4.48 3.34 -296.79 -0.79 -0.23 0.10 
25.80 3.13 -294.81 -0.68 -0.22 0.16 
-1.63 3.56 -292.84 -0.66 0.00 0.14 
83.27 3.06 -311.18 -0.78 -0.14 0.37 
83.51 2.89 327.62 -0.71 -0.45 -0.02 
8.28 2.07 308.39 -0.57 -0.74 -0.28 
30.77 1.39 305.30 -0.60 -1.13 -0.67 
-44.85 1.20 315.80 -0.54 -1.05 -0.46 
-61.89 2.34 -319.56 -0.66 -0.47 0.01 
-81.52 2.49 -306.24 -0.70 -0.27 0.36 
-259.13 2.62 -324.30 -1.70 0.81 1.69 
-5.46 3.48 -321.82 -0.67 0.09 0.12 
4.52 3.70 319.91 -0.68 0.01 0.08 
25.24 2.42 303.17 -0.89 -0.55 0.44 
21.05 2.69 285.42 -1.17 -0.56 0.43 
0.85 2.40 286.21 -0.93 -0.65 0.44 
-18.05 2.84 296.88 -1.10 -0.54 0.40 
57.47 2.82 312.78 -0.90 -0.54 0.22 
22.21 3.52 321.64 -0.92 0.12 0.17 
-16.09 3.66 319.95 -0.50 -0.03 0.06 
14.94 3.25 319.80 -0.97 0.23 0.21 
67.87 3.20 306.47 -0.94 -0.01 0.35 
56.00 2.87 289.68 -0.71 -0.42 0.11 
30.32 2.42 275.97 -0.71 -0.68 -0.18 
6.03 1.82 265.64 -0.62 -0.92 -0.28 
-13.40 1.58 270.93 -0.65 -1.05 -0.40 
-82.21 1.86 283.25 -0.67 -0.75 -0.34 
-70.35 2.76 296.06 -0.74 -0.36 -0.08 
-35.34 3.17 307.91 -0.86 -0.21 0.10 
-38.29 3.10 319.50 -0.69 0.04 0.26 
-0.05 3.58 317.01 -0.86 0.07 0.16 
-17.82 3.65 315.68 -0.51 -0.03 0.05 
-3.70 3.04 308.80 -1.01 -0.21 0.38 
2.35 3.55 292.91 -1.17 -0.07 0.13 
-24.19 2.72 272.76 -0.96 -0.50 0.24 
8.27 2.53 271.84 -0.89 -0.54 0.41 
-21.96 2.67 270.54 -1.13 -0.55 0.44 
43.83 2.70 286.65 -0.90 -0.52 0.36 
-10.19 2.59 293.30 -0.67 -0.40 0.28 
7.55 3.53 299.35 -0.71 -0.15 0.09 
31.47 3.78 298.64 -0.64 0.00 0.06 
44.24 2.81 296.91 -0.96 0.04 0.56 
90.69 3.20 286.86 -0.86 -0.29 0.26 
58.38 2.65 275.35 -0.69 -0.56 -0.10 
19.21 2.03 266.72 -0.54 -0.68 -0.39 
-5.30 1.56 260.23 -0.60 -0.92 -0.80 
-41.33 1.47 266.25 -0.62 -0.92 -0.60 
-47.02 2.29 277.24 -0.71 -0.45 -0.29 
-35.99 2.80 284.43 -0.78 -0.36 -0.07 
-65.70 2.85 293.18 -0.83 -0.14 0.36 
150.18 4.10 304.70 -0.44 -0.02 0.00 
11.05 3.55 302.17 -0.65 0.03 0.13 
21.00 3.41 304.09 -0.69 -0.16 0.11 
-32.64 3.63 295.25 -0.97 -0.16 0.06 
19.17 2.97 276.23 -1.21 -0.33 0.35 
4.88 2.73 273.56 -1.08 -0.52 0.45 
36.97 2.39 278.68 -0.87 -0.67 0.37 
-0.25 2.60 288.71 -1.14 -0.73 0.42 
-8.72 3.11 294.13 -0.88 -0.33 0.27 
12.60 3.60 296.56 -0.96 0.00 0.16 
47.27 3.00 290.52 -0.96 -0.01 0.50 
101.50 3.36 279.13 -0.81 -0.27 0.09 
62.11 2.32 257.76 -0.63 -0.69 -0.11 
-4.12 1.70 248.05 -0.57 -0.93 -0.38 
-12.91 1.54 252.45 -0.61 -0.98 -0.45 
-51.74 1.74 267.43 -0.61 -0.75 -0.37 
-59.39 2.75 279.42 -0.81 -0.40 -0.10 
-66.64 2.77 291.77 -0.82 -0.06 0.40 
1.56 2.92 289.20 -0.79 -0.08 0.38 
15.61 3.56 288.05 -0.80 -0.04 0.16 
20.48 3.23 260.56 -1.40 -0.48 0.11 
2.27 2.74 249.92 -0.95 -0.51 0.31 
9.64 2.44 252.01 -0.79 -0.61 0.27 
-0.20 3.01 257.44 -1.18 -0.53 0.30 
25.52 2.60 275.18 -0.94 -0.62 0.27 
3.06 2.84 278.50 -0.66 -0.28 0.21 
20.36 3.05 279.88 -0.53 -0.26 0.00 
22.51 3.47 279.74 -0.86 0.11 0.13 
57.26 2.72 275.13 -0.90 0.13 0.56 
93.64 3.38 263.35 -0.84 -0.23 0.14 
59.20 2.56 239.33 -0.64 -0.56 0.01 
-1.66 1.71 235.66 -0.64 -0.99 -0.42 
-25.82 1.82 240.93 -0.64 -0.83 -0.30 
-45.38 2.23 252.13 -0.77 -0.58 -0.38 
-67.64 2.67 263.24 -0.79 -0.40 -0.13 
-91.48 3.09 267.77 -0.83 -0.14 0.24 
176.13 2.35 280.95 -0.69 -0.26 0.46 
-7.80 3.43 280.53 -0.92 -0.17 0.19 
-6.69 3.66 287.57 -0.57 0.09 0.00 
1.42 3.64 276.88 -1.01 -0.05 0.14 
19.50 3.41 266.94 -1.09 -0.25 0.12 
19.74 2.66 257.72 -1.03 -0.64 0.25 
5.41 2.80 258.49 -0.96 -0.53 0.22 
17.94 2.98 268.91 -1.10 -0.47 0.28 
-5.20 2.69 276.17 -0.80 -0.48 0.22 
36.29 3.10 282.54 -0.66 -0.22 0.16 
-23.83 3.35 283.38 -0.59 -0.17 0.02 
31.73 3.45 283.63 -0.85 -0.02 0.20 
86.88 3.01 276.50 -0.99 -0.04 0.48 
81.48 3.58 264.33 -0.72 -0.12 0.13 
5.16 2.53 246.60 -0.65 -0.57 -0.13 
24.82 1.65 239.46 -0.62 -0.90 -0.72 
-29.51 1.59 243.36 -0.60 -0.84 -0.57 
-68.25 1.70 253.67 -0.61 -0.63 -0.59 
-73.88 2.25 262.13 -0.69 -0.36 -0.29 
-33.92 2.71 272.90 -0.79 -0.14 0.36 
32.64 2.77 274.76 -1.23 -0.67 0.05 
-15.20 3.46 282.94 -0.73 0.03 0.18 
5.48 3.68 282.58 -0.87 0.02 0.15 
-9.42 3.65 278.11 -1.10 -0.03 0.14 
17.48 3.46 269.06 -1.06 0.06 0.24 
8.95 3.31 272.04 -1.01 -0.29 0.15 
10.47 3.64 276.57 -1.26 -0.19 0.06 
19.77 3.65 283.12 -1.07 -0.03 0.17 
15.87 3.28 281.22 -0.61 -0.17 0.10 
-3.38 3.81 282.31 -0.62 0.00 0.05 
60.89 2.75 275.66 -1.00 0.18 0.57 
84.30 3.13 260.46 -0.77 -0.22 0.29 
29.05 2.53 243.43 -0.62 -0.54 -0.10 
8.71 1.74 235.16 -0.59 -0.82 -0.61 
-14.06 1.69 238.63 -0.67 -0.89 -0.49 
-45.12 2.15 249.41 -0.72 -0.60 -0.36 
-60.85 2.67 260.90 -0.72 -0.35 -0.20 
-76.14 3.55 270.00 -0.83 -0.01 0.10 
-259.13 1.19 240.12 -0.69 1.59 3.45 
5.43 3.57 238.21 -0.83 0.06 0.16 
22.19 3.75 239.22 -0.69 -0.05 0.04 
23.75 3.22 240.36 -0.95 -0.07 0.28 
-19.02 2.88 225.91 -1.11 -0.17 0.49 
-7.93 3.36 210.05 -1.26 -0.24 0.28 
10.99 2.95 211.85 -0.91 -0.42 0.20 
28.38 3.19 219.52 -1.26 -0.44 0.26 
17.01 3.11 224.03 -0.99 -0.32 0.23 
29.06 2.53 233.42 -0.60 -0.41 0.21 
-2.15 3.88 236.92 -0.31 0.01 0.00 
83.16 2.70 235.94 -0.83 0.13 0.49 
72.13 3.13 221.54 -0.82 -0.02 0.37 
73.96 3.16 203.30 -0.80 -0.37 0.03 
14.68 2.03 187.38 -0.64 -0.78 -0.40 
-3.28 1.62 187.29 -0.67 -1.05 -0.43 
-46.86 1.72 199.18 -0.66 -0.84 -0.30 
-51.38 2.35 213.37 -0.70 -0.47 -0.14 
-52.59 3.25 223.48 -0.86 -0.18 0.13 
-51.56 2.66 228.08 -0.71 -0.12 0.41 
-5.72 3.36 223.20 -0.81 -0.06 0.22 
26.73 3.29 226.10 -0.66 -0.15 0.16 
21.81 3.71 224.00 -0.57 0.05 0.05 
7.25 3.67 214.31 -0.78 -0.01 0.11 
16.60 2.50 203.97 -0.82 -0.39 0.41 
11.70 2.51 196.05 -0.99 -0.67 0.38 
10.37 2.53 199.68 -0.93 -0.63 0.37 
40.80 2.47 214.73 -0.98 -0.73 0.38 
9.69 2.76 227.87 -0.86 -0.33 0.42 
15.05 2.84 230.83 -0.76 -0.35 0.23 
5.72 2.86 231.19 -0.60 -0.26 0.18 
34.73 3.02 235.61 -0.83 0.00 0.37 
75.28 2.86 225.86 -0.85 -0.09 0.52 
47.69 3.15 211.38 -0.81 -0.43 0.04 
53.45 2.14 200.30 -0.61 -0.73 -0.30 
13.74 1.58 195.14 -0.64 -0.98 -0.77 
-35.35 1.52 202.38 -0.62 -0.84 -0.57 
-78.93 1.88 210.82 -0.64 -0.60 -0.36 
-37.06 3.01 220.61 -0.76 -0.29 -0.04 
-40.64 2.64 228.33 -0.76 -0.13 0.42 
7.22 3.50 224.21 -0.74 -0.02 0.16 
15.83 3.88 229.97 -0.68 -0.02 0.07 
16.09 3.57 227.11 -0.81 0.11 0.10 
22.89 2.96 210.41 -0.98 -0.38 0.25 
4.71 2.33 192.67 -0.99 -0.66 0.48 
-2.88 2.21 191.17 -0.88 -0.75 0.50 
1.42 2.52 200.85 -1.00 -0.76 0.40 
32.19 2.51 221.69 -0.80 -0.57 0.32 
3.20 3.45 231.42 -0.87 -0.17 0.17 
24.93 3.65 228.88 -0.63 -0.05 0.08 
97.01 3.38 212.29 -0.87 -0.21 0.21 
0.85 1.53 181.39 -0.57 -0.92 -0.68 
-19.27 1.51 186.54 -0.61 -0.89 -0.60 
-43.84 1.82 196.92 -0.67 -0.65 -0.52 
-45.86 2.78 206.70 -0.74 -0.33 -0.14 
-37.13 3.16 211.29 -0.85 -0.18 0.16 
-25.66 1.38 199.61 -0.51 0.87 1.74 
0.70 3.70 203.52 -0.91 -0.09 0.10 
25.38 3.43 206.73 -0.53 0.11 0.06 
24.20 3.40 195.93 -1.01 -0.21 0.16 
-6.32 2.25 173.30 -0.83 -0.53 0.45 
-6.51 2.67 160.52 -1.08 -0.59 0.42 
30.22 2.36 169.64 -1.04 -0.86 0.45 
3.29 2.72 186.03 -0.96 -0.53 0.39 
25.17 2.79 196.53 -0.79 -0.40 0.27 
-14.73 3.64 198.01 -0.64 0.10 0.02 
53.61 3.86 200.08 -0.83 0.04 0.02 
102.69 3.07 189.77 -0.87 0.13 0.38 
63.31 3.35 168.84 -0.71 -0.26 0.06 
-12.57 1.53 142.62 -0.30 -0.67 -0.12 
4.51 1.25 139.72 -0.54 -1.24 -0.67 
-55.94 1.31 156.65 -0.54 -0.92 -0.43 
-103.02 2.71 169.94 -0.70 -0.38 -0.18 
-71.54 2.73 176.76 -0.73 -0.30 0.15 
-34.93 1.32 165.21 -0.50 0.75 1.50 
-5.39 3.35 168.27 -0.75 -0.15 0.16 
17.80 3.78 171.16 -0.69 -0.04 0.06 
-5.04 3.31 169.92 -0.98 -0.27 0.13 
-44.62 3.06 139.39 -0.88 -0.14 0.33 
22.58 2.79 127.08 -1.09 -0.54 0.28 
-1.86 2.36 124.43 -0.88 -0.70 0.32 
11.50 2.72 132.08 -1.21 -0.70 0.36 
-11.73 2.80 145.94 -0.90 -0.47 0.24 
3.53 3.48 150.85 -0.89 -0.20 0.14 
10.95 3.71 151.44 -0.69 -0.07 0.01 
40.84 3.57 154.42 -0.61 0.06 0.08 
63.38 2.72 152.73 -1.00 0.10 0.65 
89.93 3.41 137.13 -0.75 -0.27 0.09 
90.18 2.39 117.67 -0.54 -0.46 -0.28 
7.28 1.23 109.33 -0.50 -1.17 -0.96 
-26.52 1.27 116.66 -0.53 -1.01 -0.56 
-43.76 1.76 132.12 -0.57 -0.58 -0.25 
-47.37 2.72 140.34 -0.74 -0.35 -0.01 
-51.93 2.60 147.59 -0.82 -0.28 0.40 
43.08 3.07 153.47 -0.77 -0.30 0.18 
17.72 3.50 155.87 -0.65 -0.12 0.10 
12.88 3.45 162.59 -0.69 -0.05 0.18 
-38.46 3.40 141.98 -1.06 -0.19 0.16 
-32.68 2.92 140.21 -1.03 -0.33 0.33 
-9.44 2.97 126.34 -1.16 -0.45 0.29 
-0.42 2.70 122.37 -1.09 -0.61 0.37 
5.47 3.03 126.95 -1.01 -0.45 0.27 
5.88 3.17 137.24 -0.93 -0.27 0.23 
33.32 2.98 140.79 -0.75 -0.34 0.16 
8.73 3.21 143.19 -0.67 -0.24 0.08 
20.32 3.05 145.19 -0.43 -0.19 0.05 
-14.57 1.38 106.74 -0.64 -1.16 -0.96 
-46.86 2.07 120.32 -0.68 -0.61 -0.23 
-48.22 2.69 127.19 -0.76 -0.36 0.11 
-52.83 2.66 139.23 -0.88 -0.20 0.46 
11.93 3.66 144.26 -0.77 0.11 0.06 
24.34 2.83 143.90 -0.52 -0.13 0.24 
23.55 2.57 139.14 -0.60 -0.31 0.26 
-39.52 2.45 114.33 -1.36 -0.57 0.73 
-11.06 1.65 101.59 -0.54 -0.50 0.67 
17.70 1.07 90.62 -0.32 -0.82 0.63 
4.97 1.04 84.83 -0.28 -0.93 0.54 
9.76 2.64 62.90 -0.79 -0.47 0.24 
9.76 2.64 62.90 -0.79 -0.47 0.24 
7.50 2.68 62.82 -0.78 -0.47 0.21 
11.14 2.70 62.56 -0.81 -0.47 0.22 
9.37 2.63 62.63 -0.81 -0.50 0.25 
10.59 2.71 62.00 -0.76 -0.44 0.21 
23.74 2.84 65.45 -1.04 -0.57 0.17 
3.75 3.06 70.04 -1.21 -0.52 0.21 
1.37 3.05 79.20 -1.21 -0.55 0.17 
-43.87 3.04 82.58 -0.90 -0.41 0.12 
33.61 3.36 90.40 -0.78 -0.21 0.01 
3.08 3.78 91.18 -0.75 0.04 0.04 
-0.24 3.58 89.53 -0.51 0.06 0.07 
32.21 3.45 88.93 -0.78 0.13 0.12 
71.88 2.88 85.95 -0.94 0.00 0.51 
72.84 3.27 82.38 -0.94 -0.19 0.31 
83.44 3.40 77.00 -0.83 -0.26 -0.02 
74.47 3.25 72.31 -0.77 -0.27 -0.17 
49.22 2.72 63.56 -0.76 -0.42 -0.33 
33.13 2.17 59.69 -0.67 -0.66 -0.46 
24.85 1.89 58.34 -0.73 -0.80 -0.61 
-3.15 1.96 59.77 -0.74 -0.78 -0.43 
17.35 3.34 -152.57 -0.83 -0.13 0.26 
3.09 3.37 -152.56 -0.77 -0.14 0.19 
0.45 3.65 -152.99 -0.53 -0.05 0.06 
37.72 2.74 -156.24 -0.86 0.17 0.47 
49.16 3.29 -166.34 -0.85 -0.15 0.32 
58.34 3.17 -173.73 -0.88 -0.40 0.04 
-26.97 1.94 -172.26 -0.71 -0.72 -0.45 
-47.92 2.19 -163.67 -0.71 -0.53 -0.32 
-62.28 2.89 -156.87 -0.83 -0.34 -0.03 
-85.85 2.85 -150.82 -0.89 -0.27 0.33 
65.99 1.91 -153.49 -0.86 0.79 1.35 
5.68 3.60 -152.87 -0.84 0.07 0.11 
11.03 3.33 -156.25 -0.56 -0.09 0.13 
34.22 3.65 -163.11 -0.93 -0.16 0.08 
-0.96 2.75 -181.44 -0.86 -0.32 0.26 
11.80 2.49 -189.35 -1.05 -0.59 0.45 
3.84 2.34 -186.57 -0.74 -0.59 0.37 
37.20 2.81 -171.32 -1.18 -0.55 0.46 
54.85 3.22 -153.94 -0.86 -0.21 0.28 
-6.38 3.73 -148.94 -0.75 -0.01 0.12 
-0.51 2.99 -151.29 -0.45 -0.19 0.09 
21.89 3.72 -150.34 -0.88 0.08 0.05 
42.48 2.70 -146.61 -0.84 0.15 0.48 
94.21 3.78 -160.58 -0.90 -0.09 0.09 
49.23 3.45 -173.74 -0.81 -0.22 -0.15 
27.65 2.03 -181.53 -0.70 -0.77 -0.55 
-39.86 1.96 -182.40 -0.75 -0.71 -0.58 
-92.60 2.08 -173.50 -0.72 -0.52 -0.54 
-83.22 2.75 -168.29 -0.74 -0.34 0.00 
-31.22 2.49 -164.57 -0.81 0.01 0.54 
118.05 3.25 -155.02 -0.72 0.26 -0.11 
-58.69 3.59 -153.85 -0.58 -0.11 0.01 
2.70 3.03 -163.88 -0.58 -0.02 0.25 
48.19 2.87 -183.20 -1.25 -0.67 0.22 
14.00 2.51 -189.24 -1.11 -0.76 0.43 
6.67 2.52 -181.79 -0.87 -0.68 0.21 
-46.10 2.63 -174.83 -0.95 -0.63 -0.07 
54.45 2.69 -161.29 -0.78 -0.52 0.14 
6.86 3.72 -159.96 -0.74 -0.10 0.01 
20.74 3.59 -156.32 -0.44 -0.06 0.05 
37.86 3.55 -157.34 -0.99 -0.06 0.16 
86.55 2.62 -161.42 -0.87 0.05 0.66 
108.78 3.47 -172.43 -0.80 -0.28 0.01 
75.47 2.22 -188.55 -0.65 -0.71 -0.34 
29.97 1.43 -191.07 -0.54 -0.91 -0.77 
-22.47 1.39 -183.96 -0.57 -0.88 -0.57 
-36.00 2.12 -171.87 -0.71 -0.61 -0.15 
-69.89 2.83 -163.21 -0.85 -0.38 0.00 
65.42 2.61 -151.01 -0.80 0.05 0.50 
-21.20 3.78 -151.79 -0.88 0.07 -0.01 
7.33 3.31 -149.22 -0.59 -0.12 0.09 
15.21 3.39 -170.33 -0.92 -0.22 0.03 
-9.80 2.52 -191.93 -1.13 -0.64 0.41 
-1.83 2.09 -192.38 -0.89 -0.83 0.52 
24.85 2.65 -177.02 -1.12 -0.67 0.54 
32.66 2.97 -155.63 -0.78 -0.33 0.32 
-17.73 3.63 -158.23 -0.85 -0.07 0.13 
33.46 3.71 -157.30 -0.38 0.02 -0.04 
20.66 2.99 -159.28 -0.96 0.08 0.39 
90.35 3.11 -177.65 -0.76 -0.15 0.33 
67.10 2.63 -194.11 -0.73 -0.60 0.00 
7.87 1.90 -204.53 -0.54 -0.73 -0.43 
5.11 1.77 -202.73 -0.76 -0.99 -0.45 
-60.48 2.57 -182.09 -0.68 -0.28 0.26 
-127.23 2.33 -207.37 -1.35 0.72 1.46 
5.95 3.44 -204.41 -0.73 -0.16 0.10 
11.36 3.51 -200.45 -0.50 -0.01 0.11 
-3.81 3.73 -219.84 -0.98 -0.05 0.09 
7.36 2.21 -238.65 -1.01 -0.63 0.52 
-11.09 1.92 -243.97 -0.92 -0.87 0.78 
13.13 2.28 -232.14 -0.93 -0.73 0.72 
75.03 2.85 -219.36 -0.89 -0.40 0.38 
0.55 3.27 -207.68 -0.84 -0.21 0.31 
4.55 3.38 -210.30 -0.26 -0.08 -0.01 
25.61 3.41 -210.66 -0.85 0.09 0.19 
46.19 2.46 -219.47 -0.80 -0.09 0.67 
86.15 2.80 -229.29 -0.73 -0.47 0.16 
-22.47 1.50 -244.76 -0.64 -0.94 -0.65 
-83.15 1.95 -233.51 -0.66 -0.61 -0.30 
-70.19 2.76 -221.89 -0.83 -0.32 0.24 
12.32 2.23 -216.77 -0.60 0.07 0.53 
20.65 3.25 -212.51 -0.69 -0.22 0.06 
-1.41 3.71 -222.22 -0.50 -0.01 0.05 
-12.85 2.13 -237.35 -0.62 -0.47 0.44 
-20.77 1.92 -259.64 -0.92 -0.90 0.41 
1.64 2.16 -260.64 -0.88 -0.81 0.43 
1.39 2.51 -247.76 -0.95 -0.75 0.40 
-15.36 2.70 -235.36 -0.78 -0.50 0.26 
2.63 2.92 -231.15 -0.55 -0.28 0.12 
1.48 3.81 -229.11 -0.91 0.02 0.06 
83.57 2.97 -231.16 -0.99 0.00 0.54 
106.26 3.47 -241.82 -0.77 -0.24 0.00 
24.65 2.52 -264.62 -0.56 -0.40 -0.27 
-0.05 1.50 -267.55 -0.70 -1.03 -0.93 
-54.25 1.54 -255.53 -0.59 -0.81 -0.42 
-69.66 2.72 -246.06 -0.77 -0.37 -0.16 
-32.07 2.77 -236.64 -0.71 -0.22 0.27 
-33.83 3.56 -230.04 -0.94 -0.04 0.14 
7.72 3.35 -234.37 -0.93 -0.03 0.22 
21.69 3.23 -236.63 -0.33 -0.04 0.11 
28.80 1.59 -293.30 -0.83 -1.01 0.69 
4.34 1.70 -288.00 -0.61 -0.86 0.58 
32.14 2.21 -263.20 -0.90 -0.84 0.58 
35.00 2.89 -249.79 -0.81 -0.35 0.29 
18.71 3.41 -246.61 -0.50 -0.08 0.12 
41.48 3.32 -242.94 -0.75 -0.09 0.20 
55.02 2.67 -248.04 -0.86 0.02 0.58 
104.22 2.81 -270.00 -0.73 -0.39 0.33 
20.80 1.91 -288.11 -0.53 -0.83 -0.37 
-15.61 1.39 -291.36 -0.58 -1.09 -0.59 
-27.31 1.37 -274.66 -0.56 -0.98 -0.42 
-32.37 2.83 -257.30 -0.75 -0.30 0.04 
-99.94 2.66 -245.68 -0.82 -0.04 0.53 
34.97 3.82 -242.39 -0.96 0.00 0.09 
31.04 2.96 -242.28 -0.57 -0.21 0.17 
11.35 3.52 -244.45 -0.63 -0.10 0.07 
23.49 3.20 -261.34 -1.25 -0.43 0.14 
17.62 2.40 -271.57 -1.01 -0.68 0.39 
9.32 2.09 -270.26 -0.78 -0.77 0.47 
8.87 2.51 -259.11 -1.03 -0.74 0.47 
47.28 2.68 -243.36 -0.78 -0.55 0.17 
40.42 3.12 -229.95 -0.72 -0.28 0.09 
18.13 3.58 -227.79 -0.59 0.00 0.11 
28.39 3.23 -230.02 -0.97 -0.19 0.23 
39.93 2.96 -236.09 -0.87 -0.05 0.46 
92.10 3.36 -246.70 -0.86 -0.26 0.14 
96.14 2.57 -259.76 -0.73 -0.57 0.07 
10.26 1.62 -269.51 -0.63 -1.08 -0.49 
-33.16 1.86 -264.39 -0.69 -0.86 -0.28 
-65.46 2.28 -253.45 -0.74 -0.57 -0.23 
-73.50 3.15 -244.29 -0.83 -0.24 0.05 
-59.35 2.66 -239.73 -0.75 -0.36 0.22 
89.35 1.57 -224.57 -0.42 -0.51 -0.40 
10.84 3.40 -225.19 -0.82 -0.20 0.11 
27.71 3.88 -221.05 -0.78 -0.03 0.04 
22.75 3.56 -226.28 -0.85 -0.12 0.06 
5.41 2.71 -242.16 -0.84 -0.41 0.26 
1.86 2.35 -258.30 -0.93 -0.71 0.30 
10.75 2.42 -257.73 -0.88 -0.73 0.32 
27.15 2.30 -235.12 -1.00 -0.92 0.38 
31.81 3.26 -222.40 -1.09 -0.40 0.11 
27.25 1.60 -219.12 -0.13 -0.20 -0.13 
12.51 3.40 -216.83 -0.87 0.09 0.20 
43.90 3.29 -225.56 -0.94 -0.14 0.36 
111.31 3.50 -232.01 -0.78 -0.23 -0.07 
68.93 1.96 -246.16 -0.56 -0.54 -0.71 
-2.04 1.60 -246.90 -0.69 -0.80 -0.80 
-69.86 1.96 -238.55 -0.69 -0.57 -0.56 
-67.41 2.85 -229.68 -0.74 -0.15 -0.27 
-66.97 2.91 -229.23 -0.86 -0.16 0.34 
2.29 1.85 -227.72 -1.04 -1.04 -0.70 
29.88 3.51 -225.88 -0.94 0.04 0.19 
16.43 3.00 -226.55 -0.32 -0.13 0.06 
27.51 3.25 -231.20 -0.77 -0.19 0.19 
-0.83 3.06 -246.35 -1.20 -0.29 0.37 
12.84 2.62 -246.05 -1.08 -0.61 0.45 
12.07 2.61 -243.42 -0.94 -0.61 0.35 
48.09 2.66 -224.50 -1.09 -0.61 0.41 
38.04 3.02 -217.25 -0.72 -0.27 0.24 
6.04 3.73 -218.25 -0.44 -0.05 0.01 
21.57 3.50 -218.35 -0.79 0.12 0.09 
46.41 2.85 -218.36 -0.89 -0.14 0.47 
97.47 3.43 -229.67 -0.77 -0.09 0.25 
82.90 2.25 -243.83 -0.61 -0.62 -0.38 
53.16 1.72 -250.61 -0.61 -0.75 -0.72 
0.96 1.79 -246.55 -0.69 -0.75 -0.49 
-39.52 2.00 -233.71 -0.73 -0.67 -0.35 
-45.54 2.80 -220.98 -0.74 -0.31 0.15 
-89.51 2.90 -213.21 -0.70 0.02 0.31 
28.26 3.64 -218.23 -1.04 -0.05 0.15 
-6.89 3.42 -218.45 -0.67 -0.10 0.12 
10.52 2.98 -251.92 -1.14 -0.21 0.44 
5.72 2.38 -257.27 -0.93 -0.67 0.44 
23.71 2.43 -254.42 -0.87 -0.65 0.37 
-2.95 3.01 -240.71 -1.11 -0.46 0.30 
45.26 2.95 -224.47 -0.74 -0.32 0.25 
11.49 3.68 -222.22 -0.55 0.01 0.09 
20.55 3.60 -222.99 -0.71 0.09 0.08 
33.19 3.18 -224.20 -0.92 -0.01 0.32 
82.23 3.15 -238.39 -0.85 0.05 0.36 
51.87 3.29 -252.34 -0.79 -0.34 0.03 
43.06 2.14 -261.83 -0.69 -0.71 -0.51 
9.96 2.04 -263.20 -0.76 -0.73 -0.50 
-13.87 2.02 -260.66 -0.74 -0.74 -0.41 
-1.10 1.91 -250.26 -0.71 -0.68 -0.33 
-86.52 2.88 -240.24 -0.76 -0.30 0.14 
-76.38 2.78 -231.57 -0.87 -0.10 0.44 
25.16 3.73 -227.70 -0.93 0.09 0.06 
9.67 3.44 -228.81 -0.81 -0.10 0.17 
6.22 3.01 -223.79 -0.49 -0.15 0.16 
-17.06 3.75 -233.27 -1.02 0.01 0.13 
-10.04 2.84 -248.71 -1.05 -0.48 0.18 
-4.70 2.52 -261.34 -1.05 -0.59 0.50 
18.60 2.67 -258.33 -0.97 -0.53 0.41 
36.87 3.34 -246.63 -1.11 -0.35 0.22 
8.37 3.10 -238.76 -0.79 -0.28 0.18 
-23.64 3.67 -239.64 -0.46 -0.06 0.00 
32.09 3.81 -238.12 -0.81 -0.06 0.01 
39.31 3.26 -237.05 -0.94 -0.06 0.29 
57.03 3.22 -246.56 -0.82 -0.08 0.32 
86.40 3.23 -255.64 -0.93 -0.40 0.07 
-63.56 1.87 -243.42 -0.68 -0.75 -0.43 
-54.94 2.35 -232.86 -0.67 -0.42 -0.26 
-52.67 2.95 -226.91 -0.77 -0.27 0.03 
-32.19 3.00 -222.25 -0.90 -0.11 0.35 
32.92 3.31 -218.18 -0.69 -0.10 0.20 
-0.82 3.26 -218.48 -0.63 -0.17 0.15 
4.26 3.68 -215.21 -0.69 -0.04 0.07 
29.25 3.27 -221.45 -0.98 -0.13 0.26 
-15.68 3.32 -240.10 -1.06 -0.27 0.16 
8.07 2.34 -241.54 -0.91 -0.69 0.43 
24.98 2.67 -235.41 -1.03 -0.65 0.36 
-4.55 3.08 -218.50 -0.97 -0.32 0.32 
25.87 3.42 -207.79 -0.66 -0.12 0.11 
21.27 3.59 -209.73 -0.60 -0.09 -0.04 
7.06 3.71 -211.30 -0.87 -0.10 0.04 
63.36 2.79 -212.20 -0.85 -0.15 0.41 
105.70 3.29 -216.35 -0.85 -0.20 0.23 
48.48 2.61 -237.84 -0.68 -0.49 -0.21 
43.93 1.70 -243.22 -0.65 -0.84 -0.62 
155.92 3.50 -206.07 -0.61 -0.08 0.10 
16.36 3.42 -206.53 -0.96 -0.08 0.23 
24.55 3.29 -206.59 -0.82 -0.18 0.18 
17.39 3.02 -201.56 -0.56 -0.17 0.17 
-8.18 3.12 -208.69 -0.79 -0.10 0.30 
19.93 2.19 -233.86 -1.01 -0.59 0.58 
7.46 1.93 -240.69 -0.86 -0.73 0.71 
12.88 2.14 -237.81 -0.77 -0.62 0.59 
24.07 2.64 -222.59 -1.07 -0.66 0.53 
-25.64 3.05 -217.40 -0.83 -0.17 0.31 
2.67 2.60 -216.95 -0.45 -0.20 0.24 
26.19 3.27 -215.36 -0.67 -0.17 0.16 
10.95 3.13 -218.22 -0.91 -0.07 0.34 
69.43 3.23 -222.14 -0.87 -0.09 0.36 
83.34 3.60 -232.73 -0.82 -0.22 0.03 
40.09 2.37 -246.08 -0.58 -0.56 -0.37 
18.55 1.71 -249.49 -0.69 -0.88 -0.63 
-22.90 1.93 -245.32 -0.70 -0.72 -0.41 
-66.64 1.98 -237.27 -0.72 -0.58 -0.44 
-52.67 3.05 -231.88 -0.83 -0.27 -0.09 
-43.78 3.04 -230.58 -0.87 -0.20 0.23 
22.62 3.23 -227.96 -0.96 -0.07 0.27 
11.29 3.25 -228.39 -0.89 -0.18 0.24 
11.78 3.26 -224.31 -0.65 -0.21 0.10 
7.18 3.62 -224.63 -0.55 0.09 -0.02 
9.00 3.32 -238.00 -1.05 -0.12 0.30 
-11.43 2.43 -256.05 -1.07 -0.65 0.51 
-1.64 2.14 -261.06 -0.92 -0.86 0.43 
-2.89 2.47 -258.69 -0.86 -0.69 0.30 
23.02 3.22 -244.11 -1.28 -0.50 0.11 
27.34 3.37 -235.67 -0.89 -0.27 0.00 
14.76 3.47 -231.25 -0.80 -0.19 0.06 
8.66 3.89 -230.17 -0.49 0.01 -0.01 
46.46 3.07 -230.38 -0.94 -0.10 0.37 
86.23 3.42 -235.26 -0.91 0.01 0.29 
79.90 3.49 -244.58 -0.86 -0.24 0.08 
85.87 1.85 -257.53 -0.54 -0.76 -0.34 
42.73 1.76 -262.22 -0.63 -0.80 -0.55 
-10.31 1.88 -257.85 -0.70 -0.79 -0.38 
-57.77 1.89 -248.14 -0.66 -0.70 -0.27 
-80.32 2.67 -240.59 -0.72 -0.34 -0.22 
-63.41 2.52 -233.69 -0.81 -0.22 0.38 
-3.40 2.92 -235.04 -1.29 -0.34 0.57 
2.20 3.38 -232.96 -0.91 -0.18 0.19 
16.84 3.46 -232.61 -0.88 -0.12 0.17 
23.43 2.81 -231.43 -0.38 -0.21 0.05 
27.66 3.46 -239.09 -0.82 -0.13 0.16 
-15.61 2.62 -256.17 -1.06 -0.50 0.41 
7.16 2.25 -260.55 -1.03 -0.83 0.55 
-18.05 2.27 -259.51 -0.82 -0.72 0.50 
2.20 2.91 -241.82 -0.91 -0.50 0.16 
23.90 2.70 -225.40 -0.68 -0.36 0.24 
8.40 2.15 -218.79 -0.12 -0.08 0.09 
-0.11 3.62 -223.24 -1.00 -0.11 0.14 
85.25 2.71 -215.23 -1.13 0.45 0.69 
84.43 3.89 -224.66 -0.85 0.00 0.10 
109.19 2.63 -244.40 -0.80 -0.49 -0.27 
10.42 2.14 -254.85 -0.70 -0.77 -0.39 
-50.19 2.05 -251.98 -0.70 -0.74 -0.18 
-65.85 1.94 -251.77 -0.70 -0.81 -0.23 
-70.04 2.09 -239.57 -0.70 -0.62 -0.33 
-34.44 2.59 -232.93 -0.74 -0.39 -0.09 
-42.70 3.17 -225.91 -0.81 -0.22 0.09 
-39.66 2.84 -221.36 -0.77 -0.20 0.29 
-24.44 2.42 -215.85 -0.66 -0.08 0.46 
41.34 2.18 -213.14 -0.64 -0.38 0.53 
6.77 3.13 -205.98 -0.42 -0.02 0.17 
-33.64 2.81 -220.24 -1.03 -0.32 0.40 
1.85 2.59 -231.16 -1.09 -0.45 0.49 
8.74 2.55 -241.24 -1.22 -0.55 0.55 
29.16 1.16 -273.83 -0.34 -0.89 0.30 
