0.00 0.00 0.00 0.00 0.00 0.00 
7.03 1.71 -293.47 -0.84 -0.07 0.42 
4.26 1.83 -295.43 -0.85 -0.07 0.40 
42.92 1.88 -293.51 -0.96 0.09 0.44 
101.71 1.75 -300.36 -0.58 0.22 0.15 
90.81 -0.27 324.33 -0.18 0.03 0.38 
8.20 -3.48 298.11 1.42 -0.49 0.83 
222.13 -3.08 -306.70 1.51 -0.82 0.89 
107.02 -2.65 -260.36 1.54 -0.16 1.04 
78.68 -1.43 -262.20 0.60 0.28 0.85 
98.16 0.60 -283.59 -0.21 -0.11 0.43 
34.83 1.49 -288.29 -0.72 -0.33 0.34 
84.74 1.17 -286.50 -1.11 0.51 0.86 
153.16 2.39 -304.82 -1.02 0.23 0.09 
-23.88 -1.74 322.31 0.37 -0.80 0.91 
-73.69 1.84 -310.91 -0.50 -0.30 0.10 
-163.70 2.03 -306.80 -1.17 0.21 0.16 
-8.88 1.35 -308.66 -1.08 0.46 0.59 
57.20 1.09 -316.30 -0.64 0.42 0.40 
133.74 0.79 312.21 -0.45 0.18 0.43 
70.06 -1.93 299.27 0.16 -0.69 0.63 
48.69 -1.74 -317.21 0.37 -0.59 1.71 
74.87 -2.10 -270.67 0.93 -0.09 1.34 
7.38 -1.45 -268.68 0.64 0.31 1.19 
45.67 -0.88 -283.06 0.16 0.17 0.93 
146.90 1.43 -299.05 -0.71 0.02 0.64 
157.72 2.27 -314.53 -0.98 0.20 0.21 
-124.53 -0.69 318.96 0.00 -1.14 0.52 
-114.89 0.89 -323.43 -0.45 -0.47 0.36 
-137.98 2.24 -307.19 -1.14 0.09 0.15 
-74.24 0.76 -310.55 -0.91 0.29 0.95 
73.78 1.19 -315.86 -0.68 0.36 0.49 
85.53 0.86 321.85 -0.45 0.02 0.43 
41.77 -0.46 311.57 -0.23 -0.34 0.57 
6.99 -1.27 -313.16 0.12 -0.58 1.53 
55.11 -1.60 -269.96 0.71 0.04 1.67 
26.41 -1.16 -267.70 0.45 0.37 1.09 
105.56 0.06 -282.45 -0.20 0.19 0.82 
121.48 1.05 -297.61 -0.65 -0.13 0.66 
183.28 1.72 -308.52 -1.17 0.62 0.25 
-82.21 -1.21 316.99 0.09 -0.68 0.69 
-115.08 2.01 -320.18 -0.69 -0.24 0.17 
-162.29 2.15 -303.46 -0.89 0.08 0.14 
-45.57 1.29 -305.37 -0.99 0.32 0.61 
-18.17 1.65 -302.22 -0.76 0.07 0.39 
37.26 1.33 -311.63 -0.72 0.39 0.35 
68.06 0.58 324.35 -0.40 -0.07 0.45 
-5.93 -1.28 313.30 -0.01 -0.57 1.01 
31.32 -1.25 -307.46 0.06 -0.64 1.41 
49.83 -1.32 -272.36 0.40 -0.26 1.32 
40.22 -0.61 -264.40 0.22 0.31 1.43 
73.76 -0.13 -275.32 -0.11 0.28 0.87 
144.11 1.09 -289.44 -0.57 0.24 0.61 
138.75 2.40 -312.16 -0.78 -0.09 0.10 
-71.10 -0.64 -326.68 -0.11 -1.23 0.76 
-98.21 1.28 -314.63 -0.59 -0.49 0.25 
-121.76 2.25 -302.45 -0.96 0.17 0.00 
-88.54 1.22 -303.87 -1.02 0.59 0.53 
7.51 1.62 -304.48 -0.77 0.09 0.42 
46.70 1.28 -309.75 -0.82 0.40 0.49 
118.88 1.05 -319.60 -0.54 0.28 0.38 
67.05 0.10 326.50 -0.33 -0.17 0.51 
16.08 -1.37 -326.10 -0.02 -0.48 1.24 
6.24 -1.55 -288.47 0.36 -0.45 1.65 
74.30 -1.56 -249.39 0.69 -0.01 1.45 
26.89 -1.12 -253.39 0.50 0.34 1.31 
71.90 -0.38 -265.05 0.00 0.18 0.72 
154.95 1.72 -278.61 -0.78 0.09 0.49 
135.73 2.51 -292.79 -0.97 -0.16 0.13 
-64.64 -0.88 -322.88 0.00 -0.68 0.89 
-109.40 1.75 -309.30 -0.54 -0.32 0.08 
-129.77 1.93 -291.30 -1.02 0.27 0.22 
-78.38 1.66 -295.00 -1.05 0.36 0.40 
30.42 1.50 -294.19 -0.79 0.32 0.39 
73.68 1.21 -305.58 -0.57 0.29 0.31 
44.16 0.08 -320.37 -0.33 -0.25 0.50 
7.63 -1.04 -316.22 -0.16 -0.68 1.04 
38.86 -1.43 -271.63 0.26 -0.30 1.53 
50.05 -1.57 -237.61 0.63 -0.19 1.44 
-11.76 -1.23 -249.64 0.52 0.36 1.28 
84.53 -0.03 -264.12 -0.16 0.08 0.92 
118.08 1.13 -284.10 -0.64 -0.11 0.75 
77.42 2.02 -302.72 -0.43 0.04 0.09 
-52.41 0.04 -292.57 -0.40 -1.42 0.13 
-39.63 0.84 -269.31 -0.48 -0.53 0.24 
-120.69 1.20 -258.29 -0.79 0.57 0.37 
-64.22 1.44 -263.09 -1.08 0.58 0.43 
-5.10 1.37 -261.57 -0.76 0.19 0.51 
46.32 1.09 -267.86 -0.71 0.51 0.39 
-10.57 -0.91 -287.07 -0.23 -0.36 0.83 
-21.78 -1.34 -258.91 0.15 -0.43 1.60 
45.87 -1.31 -221.12 0.42 -0.21 1.52 
46.10 -1.14 -216.79 0.45 0.38 1.28 
81.83 -0.61 -233.04 0.04 0.27 0.87 
129.29 0.79 -251.41 -0.56 0.12 0.76 
179.87 2.44 -261.88 -1.04 0.15 0.22 
69.05 -1.44 -286.97 0.17 -0.38 0.88 
-104.03 0.84 -275.05 -0.50 -0.40 0.50 
-96.54 2.04 -249.18 -1.00 0.08 0.29 
-77.55 1.18 -249.91 -1.03 0.49 0.70 
8.30 1.35 -245.75 -0.73 0.15 0.53 
45.52 1.12 -259.60 -0.71 0.50 0.44 
88.30 0.83 -270.65 -0.40 -0.04 0.39 
-2.24 -0.95 -278.05 -0.12 -0.41 0.67 
-4.28 -1.39 -249.76 0.10 -0.55 1.51 
20.71 -1.30 -204.57 0.42 -0.12 1.48 
51.93 -0.98 -190.19 0.28 0.24 1.28 
142.58 1.33 -222.13 -0.72 0.15 0.58 
183.02 2.17 -222.95 -1.00 0.24 0.17 
116.06 -1.86 -253.78 0.40 0.45 1.43 
-136.57 0.53 -250.34 -0.42 -0.21 0.61 
-175.75 1.91 -240.53 -0.70 -0.20 0.24 
-102.68 1.18 -224.85 -1.07 0.59 0.67 
-5.69 1.39 -226.68 -0.75 0.16 0.50 
29.72 1.47 -226.42 -0.82 0.21 0.49 
62.04 0.69 -236.05 -0.55 0.44 0.53 
98.67 1.66 -239.21 -0.58 0.15 0.22 
-4.78 -0.66 -243.91 -0.21 -0.17 0.74 
-18.22 -1.35 -230.65 0.05 -0.30 1.33 
-5.71 -1.19 -193.11 0.25 -0.02 1.56 
103.00 -1.45 -160.39 0.55 -0.02 1.23 
22.19 -0.87 -167.00 0.28 0.38 1.23 
82.16 -0.07 -183.30 -0.13 0.11 0.76 
137.00 1.51 -193.90 -0.95 0.29 0.65 
222.13 0.69 -197.86 -0.47 -0.30 0.40 
-131.07 -0.32 -217.75 -0.28 -1.55 0.22 
-150.81 -0.18 -207.59 -0.21 -0.73 0.53 
-145.80 2.02 -184.65 -1.30 0.34 0.16 
-71.22 1.09 -180.57 -1.01 0.43 0.75 
64.61 0.96 -184.07 -0.72 0.62 0.46 
65.39 1.02 -192.33 -0.33 0.01 0.28 
-11.44 -0.84 -182.94 -0.19 -0.45 0.89 
-71.26 -0.64 -158.66 -0.25 -0.13 1.27 
48.63 -1.10 -120.65 0.31 0.21 1.69 
15.40 -1.21 -124.06 0.42 0.58 1.22 
27.70 -0.79 -141.69 0.12 0.27 0.81 
101.08 1.23 -157.40 -0.81 0.05 0.74 
197.82 1.93 -173.19 -0.99 0.33 0.32 
-25.99 -1.14 -211.14 0.05 -0.35 0.89 
-104.86 0.44 -203.24 -0.38 -0.39 0.61 
-114.38 2.53 -178.51 -0.82 -0.09 0.07 
-75.50 1.09 -171.12 -1.39 0.97 0.71 
54.19 1.36 -170.27 -0.67 0.38 0.34 
54.48 0.88 -190.19 -0.34 0.23 0.23 
58.45 -0.10 -197.37 -0.50 -0.43 0.55 
10.39 -1.14 -175.32 -0.09 -0.29 1.37 
56.69 -1.21 -131.59 0.22 0.04 1.50 
14.59 -1.24 -119.86 0.52 0.50 1.29 
10.51 -0.99 -137.47 0.27 0.57 0.97 
86.91 0.31 -157.77 -0.34 0.24 0.85 
146.61 1.84 -170.65 -0.95 0.10 0.51 
182.06 1.54 -185.59 -0.50 0.12 0.23 
62.09 1.14 -180.06 -0.59 -0.54 0.20 
-131.46 0.94 -167.23 -0.49 -0.31 0.57 
-116.29 2.31 -152.24 -0.77 0.11 0.12 
-52.47 1.52 -148.41 -1.25 0.50 0.50 
39.04 1.10 -148.36 -0.75 0.54 0.44 
83.94 1.18 -159.27 -0.48 0.05 0.35 
45.56 -0.09 -160.00 -0.33 -0.24 0.62 
-13.39 -0.89 -146.89 -0.22 -0.29 1.22 
25.14 -1.30 -109.02 0.21 0.03 1.43 
34.88 -1.21 -88.52 0.49 0.42 1.37 
-5.02 -1.11 -104.96 0.42 0.55 1.20 
83.92 -0.09 -122.89 -0.16 0.12 0.88 
112.04 1.38 -140.05 -0.92 -0.13 0.77 
207.36 1.80 -155.46 -0.44 0.00 0.20 
21.68 0.37 -153.16 -0.43 -0.74 0.31 
-232.29 0.69 -147.60 -0.35 -0.30 0.37 
-66.75 1.80 -123.13 -1.11 -0.19 0.35 
-47.65 1.02 -125.47 -1.21 0.59 0.93 
4.29 0.96 -122.33 -0.60 0.04 0.64 
57.91 0.98 -134.44 -0.61 0.37 0.52 
101.46 0.62 -139.18 -0.34 -0.14 0.43 
15.36 -0.84 -126.37 -0.18 -0.39 0.97 
13.17 -1.52 -93.29 0.23 -0.06 1.35 
48.64 -1.56 -62.08 0.76 0.27 1.62 
8.32 -1.14 -66.48 0.50 0.54 1.17 
84.89 -0.54 -86.48 0.03 0.27 0.83 
165.64 1.21 -103.98 -0.69 0.13 0.67 
127.52 1.83 -124.89 -0.92 0.18 0.42 
116.73 -1.27 -145.98 0.03 -0.26 0.80 
-132.76 0.08 -135.67 -0.26 -0.41 0.68 
-132.41 1.75 -117.00 -0.54 -0.12 0.19 
-79.06 1.09 -114.38 -1.44 0.77 0.80 
11.99 1.08 -110.04 -0.62 0.15 0.56 
76.13 0.71 -120.81 -0.59 0.43 0.60 
54.54 0.47 -131.05 -0.37 -0.26 0.44 
-16.23 -0.66 -127.46 -0.27 -0.36 0.84 
13.48 -1.08 -92.85 0.09 -0.09 1.52 
51.93 -1.35 -62.38 0.52 0.16 1.53 
-12.35 -1.07 -76.14 0.35 0.49 1.06 
50.47 -0.27 -93.29 -0.14 0.17 0.92 
68.38 0.60 -98.49 -0.42 -0.35 0.64 
107.61 1.11 -99.08 -1.05 0.77 0.94 
124.42 2.88 -118.48 -0.81 0.01 0.00 
61.25 -0.55 -129.95 -0.18 -0.42 0.74 
-153.83 0.76 -118.74 -0.38 -0.42 0.30 
-84.51 1.99 -99.90 -1.45 0.42 0.34 
-3.47 1.70 -98.75 -0.89 0.32 0.35 
64.89 1.23 -111.85 -0.72 0.53 0.28 
79.55 0.18 -121.46 -0.26 -0.28 0.40 
48.55 -1.12 -118.57 -0.09 -0.28 0.85 
-8.42 -1.15 -81.07 -0.01 -0.38 1.51 
43.97 -1.18 -38.77 0.33 0.05 1.51 
25.88 -0.83 -42.67 0.28 0.52 1.34 
106.55 -0.16 -61.53 -0.11 0.06 0.70 
111.78 1.26 -76.61 -0.61 -0.01 0.53 
132.29 2.29 -89.63 -1.13 0.19 0.32 
98.28 -1.87 -106.38 0.23 -0.37 0.60 
-133.35 1.09 -94.71 -0.53 -0.42 0.41 
-125.85 2.47 -79.69 -1.13 0.17 0.09 
-72.47 1.50 -77.86 -1.20 0.64 0.30 
55.58 1.30 -80.14 -0.71 0.41 0.35 
84.98 0.82 -90.96 -0.40 0.11 0.40 
83.67 0.27 -90.28 -0.39 -0.18 0.56 
-76.10 -0.82 -74.46 -0.29 -0.32 1.09 
-29.09 -0.73 -32.34 -0.07 0.10 1.62 
36.96 -0.85 -20.62 0.29 0.84 1.43 
37.92 -0.45 -41.66 0.00 0.22 0.85 
130.00 0.80 -53.94 -0.57 0.31 0.74 
142.73 1.87 -69.04 -0.83 0.28 0.31 
152.04 -0.69 -82.69 -0.14 -0.12 0.67 
-71.93 0.92 -75.96 -0.51 -0.22 0.54 
-47.27 2.36 -62.13 -0.76 -0.21 0.01 
61.39 1.32 -71.37 -0.62 0.39 0.12 
63.81 0.91 -73.13 -0.55 0.21 0.43 
-31.38 -0.38 -66.05 -0.31 -0.25 0.88 
22.93 -0.72 1.16 0.09 0.49 1.27 
91.12 -0.06 -15.73 -0.16 0.22 0.87 
160.51 1.43 -29.65 -0.82 0.18 0.61 
119.48 1.97 -46.80 -0.64 -0.02 0.24 
3.03 -0.15 -62.35 -0.27 -0.43 0.73 
-102.18 0.13 -62.46 -0.27 -0.34 0.65 
-128.45 2.68 -46.51 -0.69 -0.04 0.00 
-84.02 1.27 -35.18 -1.21 0.57 0.62 
42.84 1.23 -33.67 -0.73 0.27 0.54 
34.84 1.08 -35.40 -0.65 0.35 0.42 
58.03 0.81 -41.14 -0.40 0.12 0.39 
-29.83 0.34 -40.25 -0.47 -0.07 0.61 
-64.80 -0.56 -17.28 -0.34 -0.26 1.25 
22.51 -1.01 26.84 0.19 0.09 1.62 
17.02 -0.99 27.80 0.35 0.60 1.27 
168.11 2.01 -6.85 -0.96 0.26 0.34 
154.61 0.86 -26.31 -0.48 0.15 0.43 
-28.44 0.21 -30.81 -0.40 -0.69 0.57 
-180.53 1.83 -26.87 -0.55 -0.22 0.19 
-121.94 2.20 -13.38 -1.06 0.20 0.02 
-19.29 1.62 -12.35 -0.98 0.34 0.40 
68.42 1.09 -17.06 -0.79 0.59 0.36 
82.10 0.37 -24.93 -0.29 -0.04 0.45 
11.96 -0.68 -17.72 -0.18 -0.21 0.80 
-67.39 -0.93 2.95 -0.17 -0.14 1.33 
24.51 -1.16 39.21 0.31 0.23 1.69 
-33.25 -1.07 29.81 0.48 0.56 1.35 
66.13 -0.45 8.22 0.00 0.39 0.81 
155.61 1.25 -6.96 -0.68 0.09 0.65 
158.43 1.58 -31.89 -0.54 -0.08 0.26 
-102.84 2.08 2.38 -1.05 -0.04 0.31 
-108.99 1.06 4.49 -1.15 0.65 0.70 
18.47 1.21 6.63 -0.63 0.03 0.54 
72.55 0.99 0.29 -0.62 0.33 0.58 
90.21 1.19 -8.10 -0.47 0.13 0.33 
1.21 -0.63 -13.24 -0.29 -0.44 0.62 
6.93 -1.49 19.57 0.22 -0.42 1.71 
66.81 -1.41 65.46 0.59 0.13 1.59 
7.29 -1.13 52.12 0.48 0.41 1.14 
77.53 -0.06 33.17 -0.14 0.00 0.85 
14.53 0.65 17.39 -0.41 -0.57 0.27 
136.78 1.06 14.01 -1.05 0.83 0.69 
136.19 2.02 -7.72 -0.82 0.07 0.25 
-168.04 -0.74 -25.46 0.02 -1.29 0.92 
-166.76 1.26 -11.83 -0.54 -0.42 0.33 
-124.06 2.63 4.64 -1.15 0.01 -0.02 
-45.71 1.61 7.04 -1.11 0.38 0.48 
71.29 1.35 11.40 -0.80 0.44 0.36 
85.05 0.83 -1.01 -0.43 0.16 0.41 
33.77 0.13 -5.57 -0.34 -0.31 0.43 
-52.48 -0.55 7.80 -0.39 -0.40 1.10 
6.20 -1.27 51.49 0.23 -0.06 1.67 
45.92 -1.27 65.41 0.68 0.75 1.55 
10.46 -0.90 51.33 0.23 0.33 0.96 
73.29 0.44 40.13 -0.36 0.20 0.68 
150.00 1.58 21.95 -1.04 0.29 0.65 
180.42 2.38 3.70 -0.54 0.01 0.04 
90.25 0.02 22.42 -0.31 -0.92 0.48 
-134.25 2.15 33.59 -0.70 -0.24 0.11 
-81.53 1.68 53.76 -1.26 0.57 0.30 
-74.52 1.58 54.22 -1.16 0.53 0.36 
-16.39 1.71 54.63 -0.68 0.21 0.30 
1.68 1.55 54.17 -0.79 0.36 0.32 
48.14 1.35 46.92 -0.75 0.45 0.31 
70.50 1.76 42.13 -0.61 0.25 0.14 
88.42 2.03 41.10 -0.61 -0.08 0.12 
40.57 0.98 40.69 -0.59 -0.18 0.34 
-129.95 1.33 43.62 -0.53 -0.39 0.18 
-17.88 2.00 121.29 -0.75 0.00 0.28 
20.83 -1.63 136.78 0.14 -0.49 1.20 
23.56 -1.72 165.32 0.40 -0.25 1.60 
64.15 -1.71 203.51 0.84 0.07 1.51 
11.21 -1.25 200.53 0.47 0.21 1.11 
107.38 0.01 184.64 -0.18 0.32 0.97 
112.34 1.02 160.51 -0.73 -0.05 0.84 
1.19 -0.37 136.01 -0.22 -0.04 0.57 
-33.73 1.74 148.15 -0.65 -0.32 0.19 
-44.31 1.03 173.38 -1.09 0.53 0.87 
59.82 1.20 172.92 -0.68 0.35 0.46 
88.23 0.89 152.65 -0.45 0.16 0.45 
49.68 0.33 140.27 -0.40 -0.24 0.53 
0.38 -1.18 132.64 -0.07 -0.63 0.89 
29.33 -1.75 160.79 0.29 -0.36 1.25 
86.39 -1.76 209.75 0.82 0.18 1.49 
-4.63 -1.02 203.29 0.49 0.37 1.18 
94.68 -0.42 190.90 0.00 0.07 0.92 
203.64 1.55 172.82 -0.87 0.27 0.55 
113.28 -0.18 154.69 -0.25 -0.33 0.63 
-12.80 0.78 168.49 -0.38 -0.48 0.29 
-87.85 1.71 178.08 -0.64 -0.29 -0.03 
-93.20 1.38 180.50 -1.48 0.85 0.43 
5.74 1.30 183.22 -0.73 0.11 0.56 
39.90 0.96 171.84 -0.54 0.46 0.37 
84.42 0.44 158.26 -0.36 -0.24 0.39 
-11.08 -1.02 150.25 -0.14 -0.54 0.83 
48.15 -1.77 188.86 0.41 -0.71 1.73 
30.72 -1.57 223.62 0.56 0.01 1.30 
10.67 -1.17 216.41 0.50 0.21 1.20 
56.94 -0.33 205.37 -0.03 0.05 0.94 
137.48 1.07 187.15 -0.64 0.03 0.77 
-82.41 0.98 158.17 -0.45 -0.36 0.39 
-138.90 2.41 171.30 -1.03 -0.17 0.00 
-113.67 0.94 174.94 -1.20 0.58 0.94 
22.35 0.74 177.15 -0.60 0.06 0.79 
61.95 1.03 167.32 -0.59 0.07 0.56 
65.97 0.87 147.84 -0.39 -0.02 0.39 
44.96 -0.87 137.21 -0.18 -0.55 0.77 
71.40 -1.93 163.76 0.37 -0.55 1.30 
88.21 -2.15 203.06 1.03 -0.18 1.47 
-1.35 -1.54 212.30 0.72 0.15 1.25 
-51.48 -0.79 199.52 0.17 -0.02 1.05 
157.51 0.58 183.50 -0.41 0.00 0.85 
165.92 1.01 159.35 -0.71 0.00 0.76 
56.82 -1.17 128.09 0.07 -0.23 0.70 
-73.93 0.08 141.86 -0.25 -0.66 0.23 
-113.15 2.35 165.19 -1.17 -0.06 0.09 
-56.45 0.84 169.05 -1.15 0.66 1.11 
29.88 1.05 173.18 -0.70 0.32 0.62 
78.38 0.73 144.42 -0.31 -0.21 0.27 
43.20 -1.35 135.10 0.08 -0.51 0.90 
52.64 -2.15 163.28 0.66 -0.72 1.48 
106.70 -2.17 206.13 1.00 -0.23 1.27 
-25.20 -1.57 205.72 0.73 0.32 1.16 
84.39 -0.53 192.00 0.09 0.21 0.98 
131.81 0.54 169.46 -0.47 -0.01 0.88 
140.37 2.23 143.36 -0.62 -0.12 0.12 
-7.24 0.30 150.74 -0.55 -1.25 0.31 
-118.17 0.55 163.03 -0.35 -0.45 0.29 
-130.57 1.36 178.74 -0.86 0.08 0.34 
19.38 0.67 183.71 -0.72 0.11 0.95 
38.29 0.74 174.39 -0.52 0.44 0.55 
2.93 -1.65 162.08 0.14 -0.48 0.95 
117.39 -2.38 198.22 0.89 -0.27 1.52 
101.04 -1.95 233.70 0.88 0.49 1.14 
-27.23 -1.61 229.94 0.70 0.31 1.12 
11.35 -0.81 214.92 0.23 0.07 0.91 
124.31 0.72 195.21 -0.47 0.00 0.74 
200.49 1.99 190.77 -0.95 0.32 0.33 
112.13 1.38 162.39 -0.48 -0.22 0.18 
-78.15 -0.17 165.65 -0.18 -0.97 0.56 
-104.95 1.84 186.86 -0.73 -0.25 0.22 
-75.24 1.45 209.90 -1.13 0.59 0.43 
-0.50 0.91 212.74 -0.82 0.70 0.57 
69.29 0.44 195.92 -0.41 0.34 0.51 
58.58 0.34 170.61 -0.34 -0.01 0.44 
48.55 -1.40 161.96 0.08 -0.56 0.91 
54.06 -2.18 204.08 0.74 -0.17 1.70 
110.03 -2.00 247.92 1.01 0.02 1.30 
26.93 -1.30 239.73 0.48 0.46 1.05 
79.87 -0.54 214.18 0.01 0.22 1.01 
126.86 1.59 193.79 -0.79 0.01 0.60 
61.64 1.30 166.95 -0.52 0.00 0.39 
-25.58 -0.42 160.72 -0.21 -0.60 0.84 
-122.05 1.32 174.84 -0.41 -0.24 0.26 
-92.83 2.06 193.62 -1.26 0.08 0.26 
18.90 1.08 197.49 -0.96 0.44 0.77 
75.39 0.88 181.78 -0.55 0.41 0.41 
59.23 -0.13 164.78 -0.21 -0.11 0.53 
18.28 -1.24 159.38 -0.02 -0.25 0.89 
100.11 -2.21 197.48 0.66 -0.29 1.51 
114.57 -1.73 242.67 1.09 0.69 1.49 
-10.07 -1.51 232.23 0.52 0.36 1.01 
57.46 0.09 218.06 -0.19 -0.11 0.81 
116.97 0.91 198.70 -0.59 0.13 0.76 
106.23 2.09 181.96 -0.87 -0.06 0.38 
145.37 0.45 168.40 -0.37 -0.16 0.48 
-152.36 0.77 171.69 -0.38 -0.29 0.40 
-68.51 1.99 195.32 -0.76 -0.29 0.05 
-97.67 1.47 201.60 -1.49 0.70 0.39 
31.51 1.09 203.59 -0.71 0.21 0.68 
84.81 1.15 187.88 -0.46 0.11 0.39 
84.43 -0.15 172.60 -0.27 -0.24 0.53 
41.46 -1.60 172.56 0.13 -0.81 0.98 
49.47 -1.86 216.11 0.60 -0.17 1.62 
32.51 -1.61 247.92 0.76 0.20 1.45 
14.06 -1.16 241.32 0.41 0.12 1.10 
78.67 -0.05 222.39 -0.20 0.05 1.06 
91.03 1.24 189.22 -0.82 -0.15 0.78 
55.39 0.91 169.53 -0.36 -0.47 0.01 
-22.28 -0.59 183.69 -0.03 -0.85 0.28 
-68.19 1.02 186.72 -0.75 -0.58 -0.11 
-16.99 0.94 207.36 -1.21 0.11 0.97 
2.38 0.99 207.88 -0.69 0.40 0.63 
6.72 -1.56 195.13 0.14 -0.93 1.27 
94.38 -1.84 245.16 0.78 -0.10 1.66 
3.90 -1.20 245.93 0.48 0.25 1.36 
70.84 -0.78 227.68 0.18 0.10 0.97 
125.27 0.76 205.07 -0.56 -0.26 0.86 
143.53 2.05 204.04 -0.84 0.01 0.38 
151.80 0.35 179.87 -0.51 0.29 0.61 
17.86 0.99 193.04 -0.47 -0.54 0.05 
-130.17 0.56 202.82 -0.34 -0.24 0.50 
-108.61 2.27 216.58 -1.21 0.00 0.18 
-20.54 1.37 227.97 -0.97 0.31 0.59 
26.13 1.11 227.03 -0.86 0.50 0.59 
90.88 1.01 215.28 -0.48 0.24 0.39 
76.19 0.78 203.84 -0.38 -0.06 0.34 
42.34 -1.05 209.01 -0.12 -0.32 1.06 
40.74 -1.69 240.95 0.42 -0.12 1.62 
55.39 -1.57 281.83 0.67 0.18 1.40 
4.45 -0.99 284.82 0.35 0.38 1.23 
45.62 -0.52 272.39 0.09 0.16 1.07 
106.34 1.05 258.08 -0.46 -0.02 0.55 
171.06 1.81 245.35 -1.15 0.41 0.44 
122.29 -0.06 226.36 -0.19 -0.23 0.30 
-99.02 0.48 234.41 -0.52 -0.59 0.64 
-114.68 2.05 243.87 -0.81 -0.25 0.10 
-54.99 1.26 258.84 -1.23 0.46 0.74 
8.74 1.09 261.20 -0.63 0.20 0.54 
57.70 1.04 255.39 -0.76 0.52 0.48 
70.38 0.63 239.82 -0.33 -0.06 0.40 
21.42 -1.22 228.40 -0.03 -0.48 0.84 
57.43 -1.68 251.88 0.31 -0.41 1.40 
80.94 -1.87 292.24 0.65 0.00 1.27 
1.03 -1.29 302.05 0.64 0.48 1.43 
73.19 -0.49 287.95 0.06 0.20 0.97 
178.83 1.27 272.61 -0.65 0.09 0.64 
168.32 1.90 254.19 -0.73 0.15 0.29 
-251.85 -0.39 208.59 -0.17 -0.77 0.50 
-96.80 0.27 209.30 -0.39 -0.52 0.53 
-102.35 2.26 234.72 -0.98 -0.07 0.17 
-71.20 1.20 240.80 -1.14 0.42 0.75 
12.44 1.37 240.33 -0.73 0.22 0.46 
90.74 1.05 230.16 -0.69 0.45 0.45 
64.19 0.65 215.66 -0.37 -0.07 0.43 
75.87 -1.04 208.00 -0.10 -0.33 0.82 
19.86 -1.69 219.17 0.27 -0.38 1.45 
107.23 -1.97 273.67 0.80 0.09 1.39 
-14.01 -1.12 290.54 0.54 0.52 1.42 
32.45 -0.63 281.50 0.13 0.34 1.04 
100.16 1.14 263.08 -0.54 0.18 0.57 
182.75 1.90 251.82 -1.03 0.36 0.33 
22.93 -1.38 214.52 0.11 0.06 0.99 
-90.88 0.47 221.84 -0.41 -0.52 0.51 
-125.34 1.55 239.73 -0.73 -0.42 0.13 
-46.41 1.32 253.00 -1.50 0.77 0.67 
6.51 1.54 257.18 -0.77 0.09 0.46 
70.32 1.12 252.60 -0.72 0.48 0.45 
96.90 0.96 243.35 -0.45 0.03 0.38 
11.55 -0.72 234.24 -0.21 -0.37 0.76 
-8.70 -1.10 253.58 0.00 -0.43 1.32 
43.52 -1.35 292.76 0.42 0.23 1.42 
7.35 -1.06 291.80 0.41 0.46 1.33 
33.73 -0.67 274.26 0.10 0.25 0.92 
125.45 0.92 259.24 -0.61 0.24 0.79 
175.03 1.62 241.14 -0.72 0.21 0.42 
12.30 -0.74 208.98 -0.09 -0.34 0.66 
-62.23 1.37 210.35 -0.78 -0.20 0.52 
-143.44 0.95 226.70 -0.37 -0.28 0.36 
-109.12 1.78 245.60 -1.21 0.35 0.30 
0.68 1.07 248.78 -0.75 0.20 0.65 
49.22 0.77 237.32 -0.50 0.34 0.42 
86.85 0.29 223.72 -0.38 0.00 0.60 
21.55 -1.22 225.10 -0.02 -0.47 0.82 
19.05 -1.36 263.09 0.17 -0.17 1.59 
70.39 -1.35 302.40 0.54 0.31 1.44 
17.16 -1.10 295.82 0.41 0.56 1.21 
55.67 -0.27 281.04 -0.08 0.21 0.93 
152.38 1.38 269.89 -0.75 0.33 0.55 
157.62 2.15 248.99 -0.70 0.15 0.10 
-144.96 -0.73 212.67 -0.06 -0.55 0.98 
-80.22 1.80 250.88 -1.43 0.44 0.36 
-5.57 1.41 253.86 -0.73 0.04 0.50 
46.90 1.23 250.52 -0.88 0.53 0.49 
96.48 0.81 238.20 -0.39 0.10 0.40 
37.37 -0.06 226.03 -0.29 -0.19 0.55 
28.55 -1.33 232.68 0.01 -0.51 1.20 
40.62 -1.53 284.35 0.48 0.16 1.70 
34.35 -0.94 311.07 0.34 0.54 1.34 
21.35 -0.86 291.92 0.19 0.33 0.98 
140.91 0.59 278.19 -0.52 0.26 0.95 
170.64 1.81 258.61 -0.83 0.14 0.44 
132.03 -0.15 232.59 -0.24 -0.24 0.44 
-33.03 1.14 243.91 -0.62 -0.34 0.48 
-167.83 0.63 254.74 -0.30 -0.34 0.26 
-53.58 1.70 267.85 -1.58 0.55 0.36 
14.33 1.28 274.56 -0.77 0.09 0.61 
83.28 1.03 266.67 -0.65 0.41 0.46 
68.78 0.44 256.11 -0.32 0.00 0.43 
26.90 -1.05 252.20 -0.13 -0.50 0.95 
38.33 -1.47 291.97 0.33 -0.08 1.62 
57.32 -1.58 -321.10 0.71 0.34 1.40 
-2.39 -1.13 326.89 0.45 0.46 1.27 
59.39 -0.56 307.66 0.01 0.24 0.87 
123.42 1.15 285.66 -0.56 0.03 0.58 
131.15 1.60 255.57 -0.77 0.34 0.33 
-109.58 -1.29 222.14 0.18 -0.89 0.62 
-153.01 0.34 235.00 -0.34 -0.43 0.37 
-68.11 1.58 248.15 -1.81 0.43 0.69 
-12.44 1.30 254.55 -0.81 0.04 0.63 
49.77 1.03 251.30 -0.69 0.51 0.46 
92.42 0.63 240.63 -0.33 -0.03 0.36 
17.87 -0.86 236.03 -0.19 -0.44 0.93 
-10.05 -1.30 275.02 0.18 -0.35 1.57 
54.95 -0.98 319.10 0.30 0.16 1.36 
26.11 -0.72 308.60 0.19 0.41 1.19 
73.23 0.04 292.42 -0.15 0.34 0.78 
2.97 0.64 276.17 -0.40 -0.56 0.13 
111.53 1.49 279.19 -1.42 0.76 0.83 
124.73 1.87 253.80 -0.46 -0.19 0.00 
-131.74 -1.01 233.91 0.05 -0.72 0.75 
-74.54 1.16 252.46 -0.58 -0.48 0.19 
-119.01 2.15 274.70 -1.29 0.03 0.24 
-14.63 0.91 280.25 -0.96 0.68 0.83 
85.79 0.73 268.88 -0.48 0.46 0.40 
72.21 1.06 259.11 -0.35 -0.13 0.25 
18.32 -0.43 250.82 -0.25 -0.30 0.74 
6.53 -1.34 272.00 0.08 -0.54 1.59 
40.45 -0.89 269.18 0.28 0.55 1.02 
106.81 0.54 247.81 -0.41 0.21 0.81 
197.56 1.86 224.38 -0.75 -0.13 0.38 
-93.13 -0.74 204.19 0.03 -1.38 0.19 
-153.24 -0.37 218.92 -0.11 -0.54 0.33 
-103.01 1.48 241.14 -1.19 0.32 0.50 
2.81 1.14 244.00 -0.88 0.30 0.72 
56.96 0.78 231.96 -0.53 0.46 0.43 
42.00 0.59 221.36 -0.33 -0.15 0.34 
-9.31 -1.25 227.56 -0.13 -0.41 1.03 
22.84 -1.21 261.91 0.18 -0.17 1.67 
59.87 -1.22 292.00 0.56 0.57 1.55 
9.04 -1.12 278.44 0.36 0.62 1.18 
92.93 -0.36 252.90 -0.05 0.22 0.93 
137.12 1.44 229.58 -0.73 0.08 0.55 
99.16 0.31 206.76 -0.30 -0.37 0.45 
-21.84 0.80 215.52 -0.39 -0.46 0.21 
-138.12 0.38 230.19 -0.39 -0.50 0.40 
-58.73 1.44 255.88 -1.24 0.29 0.63 
-10.28 1.07 255.21 -0.73 0.34 0.58 
60.42 0.73 245.24 -0.57 0.56 0.42 
59.81 0.19 235.06 -0.25 -0.21 0.35 
27.61 -1.38 -316.68 0.48 0.06 1.45 
-15.41 -1.15 -324.75 0.49 0.45 1.31 
154.34 1.99 275.72 -0.79 -0.06 0.29 
-134.20 -0.41 243.33 -0.20 -0.59 0.72 
-125.97 0.28 245.72 -0.31 -0.30 0.57 
-123.01 2.46 266.43 -0.98 -0.13 0.05 
-62.44 1.32 273.68 -1.22 0.70 0.46 
48.16 1.04 264.99 -0.65 0.49 0.36 
77.36 0.51 254.71 -0.29 -0.05 0.38 
30.11 -0.71 252.38 -0.20 -0.44 0.74 
-10.72 -1.27 278.99 0.02 -0.26 1.58 
63.25 -1.39 323.14 0.48 0.00 1.54 
0.90 -1.05 315.24 0.43 0.65 1.29 
80.52 -0.52 298.59 0.04 0.30 0.88 
146.83 1.52 280.31 -0.73 0.25 0.52 
150.97 -0.52 248.37 -0.15 -0.03 0.56 
107.61 -0.69 246.77 -0.10 -0.10 0.72 
-4.64 1.93 253.30 -0.92 -0.18 0.36 
-109.96 1.57 262.53 -0.65 -0.35 0.19 
-44.77 1.36 278.39 -1.12 0.37 0.65 
-9.88 1.02 278.55 -0.86 0.49 0.67 
38.46 1.04 275.64 -0.62 0.41 0.46 
68.07 1.05 268.22 -0.44 0.12 0.34 
67.22 0.57 263.16 -0.38 -0.04 0.44 
33.03 -0.66 262.08 -0.16 -0.30 0.86 
4.93 -1.07 265.07 -0.12 -0.35 1.26 
-6.22 -0.98 287.72 -0.07 -0.30 1.62 
3.61 -1.10 308.13 0.20 0.05 1.59 
56.09 -0.91 327.19 0.29 0.67 1.43 
176.80 1.77 270.02 -0.64 0.05 0.26 
-28.42 0.07 260.12 -0.45 -1.49 0.12 
-93.20 0.96 275.72 -0.54 -0.45 0.22 
-102.81 1.75 285.52 -1.05 -0.11 0.37 
-38.04 1.19 296.14 -1.25 0.38 0.81 
-30.40 0.77 297.93 -0.65 0.26 0.75 
19.19 1.07 299.05 -0.65 0.36 0.50 
53.01 0.76 289.30 -0.45 0.27 0.44 
65.81 0.86 283.91 -0.43 0.06 0.42 
46.97 -0.73 277.84 -0.16 -0.22 0.71 
26.77 -1.28 278.08 -0.03 -0.29 0.99 
24.74 -1.46 299.70 0.15 -0.37 1.62 
43.58 -1.44 320.88 0.39 0.01 1.81 
48.71 1.04 297.75 -0.77 0.34 0.71 
-5.17 1.42 196.50 -0.76 0.00 0.51 
-5.17 1.42 196.50 -0.76 0.00 0.51 
0.26 1.55 195.58 -0.83 -0.06 0.49 
-5.08 1.52 195.40 -0.80 -0.08 0.49 
29.51 1.50 197.62 -0.87 0.09 0.56 
52.30 1.22 196.25 -0.78 0.38 0.57 
97.70 1.43 188.57 -0.57 0.19 0.33 
84.18 1.24 182.88 -0.47 -0.07 0.32 
67.77 0.16 178.11 -0.41 -0.33 0.52 
24.74 -0.66 175.73 -0.22 -0.45 0.87 
74.88 0.43 170.08 -0.39 -0.07 0.51 
21.72 -0.89 163.10 -0.10 -0.45 0.73 
15.36 -1.55 183.33 0.18 -0.39 1.22 
41.14 -1.99 217.48 0.81 0.07 1.58 
48.22 -1.47 236.40 0.70 0.46 1.24 
2.83 -1.00 224.22 0.37 0.33 1.04 
101.24 0.62 205.33 -0.44 0.18 0.89 
141.58 1.60 187.62 -0.67 0.11 0.43 
96.86 0.91 161.69 -0.58 0.00 0.44 
100.48 0.77 180.99 -0.38 -0.50 0.22 
-121.61 1.11 201.12 -0.48 -0.34 0.36 
55.58 0.98 203.68 -0.66 0.35 0.59 
2.68 -0.99 200.23 -0.12 -0.27 1.00 
38.84 -1.40 233.34 0.20 -0.12 1.50 
87.29 -1.53 266.82 0.66 0.39 1.44 
149.34 1.40 217.44 -0.61 0.27 0.54 
168.61 1.84 195.24 -0.79 -0.03 0.31 
-1.31 0.28 184.09 -0.40 -0.47 0.66 
-64.20 1.54 183.45 -0.67 -0.16 0.38 
-125.14 1.19 187.73 -0.59 -0.41 0.24 
-94.67 1.81 201.48 -1.17 0.09 0.40 
-21.30 0.95 206.59 -0.90 0.28 0.87 
36.06 0.95 203.85 -0.65 0.41 0.55 
78.87 0.89 192.54 -0.41 0.13 0.40 
51.13 -0.52 187.32 -0.24 -0.37 0.62 
-8.32 -1.24 200.98 0.09 -0.46 1.42 
86.38 -1.61 247.55 0.66 0.20 1.62 
-11.87 -1.42 241.15 0.61 0.67 1.28 
55.93 -0.79 225.67 0.13 0.28 0.92 
178.27 1.00 209.79 -0.60 0.19 0.70 
183.76 1.28 192.17 -0.58 0.01 0.42 
-31.72 0.34 185.88 -0.39 -0.80 0.43 
-56.21 1.42 184.11 -0.71 -0.12 0.45 
-131.45 1.43 190.59 -0.56 -0.26 0.32 
-98.25 1.66 205.78 -1.09 -0.09 0.44 
-32.93 0.60 213.16 -0.79 0.47 0.98 
45.79 0.85 207.38 -0.58 0.37 0.56 
55.67 0.45 188.44 -0.28 0.01 0.40 
22.48 -1.05 182.82 -0.10 -0.38 0.72 
58.87 -1.80 214.18 0.40 -0.23 1.52 
79.61 -1.42 248.63 0.64 0.42 1.56 
152.30 1.33 208.95 -0.66 0.28 0.56 
135.50 2.31 188.95 -0.65 0.00 0.12 
9.67 0.30 183.29 -0.52 -1.08 0.30 
-71.18 1.06 175.68 -0.56 -0.15 0.50 
-117.72 1.07 171.51 -0.59 -0.36 0.32 
-69.70 1.74 187.47 -1.21 -0.01 0.45 
-3.32 1.08 189.95 -0.90 0.14 0.79 
50.74 1.02 186.82 -0.63 0.32 0.51 
64.55 -0.22 164.91 -0.23 -0.22 0.60 
72.78 -1.37 169.42 0.00 -0.71 1.02 
90.33 -1.84 203.69 0.46 -0.23 1.52 
90.27 -1.71 233.46 0.82 0.28 1.40 
-14.18 -1.48 220.74 0.62 0.31 1.12 
88.48 -0.51 201.92 -0.01 0.15 0.86 
215.39 1.33 185.40 -0.81 0.23 0.80 
130.92 -0.93 155.10 -0.01 0.16 0.47 
26.08 0.54 165.59 -0.43 -0.73 0.27 
-60.22 0.48 183.39 -0.43 -0.60 0.47 
-117.99 1.30 205.98 -1.18 0.31 0.59 
-2.90 0.92 207.63 -0.69 0.08 0.73 
47.51 0.91 203.61 -0.66 0.45 0.57 
83.59 0.58 190.84 -0.33 0.08 0.40 
59.42 -1.23 190.34 -0.03 -0.27 0.86 
44.35 -1.50 221.13 0.23 -0.19 1.48 
90.78 -1.51 256.96 0.73 0.54 1.44 
-22.19 -1.37 246.22 0.60 0.52 1.15 
55.35 -0.54 229.43 0.07 0.27 0.91 
154.70 1.49 198.66 -0.90 0.35 0.63 
141.70 0.12 188.53 -0.33 -0.60 0.37 
57.71 1.09 203.23 -0.36 -0.39 0.07 
-126.80 0.54 211.78 -0.37 -0.45 0.38 
-72.64 2.07 231.95 -1.39 0.24 0.24 
-6.43 0.75 231.23 -0.69 0.13 0.81 
55.33 1.56 234.91 -0.83 0.32 0.37 
78.45 0.86 224.80 -0.48 0.12 0.47 
21.01 -0.03 220.60 -0.31 -0.19 0.59 
2.90 -1.07 237.10 -0.11 -0.24 1.17 
40.48 -1.39 276.84 0.38 0.11 1.63 
-0.22 -1.07 284.20 0.45 0.77 1.28 
23.04 -0.72 273.04 0.13 0.27 1.03 
77.36 0.28 256.53 -0.27 0.25 0.73 
170.79 1.58 246.46 -0.92 0.26 0.57 
159.26 1.53 222.76 -0.46 0.17 0.14 
38.08 0.50 227.03 -0.49 -0.89 0.38 
-107.87 0.45 233.06 -0.33 -0.43 0.45 
-141.79 1.25 250.20 -0.71 -0.40 0.35 
-68.31 1.08 267.84 -1.30 0.75 0.86 
7.51 1.20 266.31 -0.65 0.18 0.52 
47.06 0.97 254.60 -0.61 0.37 0.50 
64.11 0.85 243.45 -0.37 -0.05 0.36 
18.47 -1.25 248.25 -0.10 -0.23 1.03 
25.51 -1.26 280.97 0.22 0.05 1.53 
37.03 -1.40 308.86 0.43 0.27 1.25 
-6.93 -1.05 302.95 0.39 0.53 1.27 
70.71 -0.48 286.85 0.04 0.28 0.99 
169.83 1.34 269.36 -0.75 0.27 0.64 
222.13 0.47 254.56 -0.33 0.12 0.44 
6.76 1.41 250.22 -0.72 -0.47 0.31 
-104.99 1.01 247.87 -0.63 -0.41 0.50 
-141.93 0.82 257.59 -0.35 -0.24 0.32 
-78.45 1.49 271.13 -1.16 0.29 0.54 
17.94 1.00 274.82 -0.87 0.31 0.82 
68.27 0.86 268.34 -0.53 0.32 0.52 
86.23 0.99 257.21 -0.50 -0.03 0.43 
19.97 -0.24 250.23 -0.32 -0.33 0.68 
-1.55 -1.02 264.87 -0.10 -0.37 1.27 
45.00 -1.39 305.02 0.25 -0.17 1.35 
105.90 0.18 260.84 -0.27 0.21 0.86 
205.48 1.54 246.14 -0.99 0.31 0.66 
28.07 -1.14 212.48 0.06 -0.41 0.56 
-96.97 1.38 215.65 -0.53 -0.26 0.29 
-77.35 1.58 233.19 -0.76 -0.20 0.32 
-66.93 1.26 244.77 -1.12 0.44 0.70 
5.85 1.08 249.10 -0.77 0.19 0.73 
34.54 1.01 245.84 -0.69 0.37 0.59 
62.55 1.09 232.76 -0.48 0.05 0.40 
45.51 -0.23 221.32 -0.27 -0.17 0.63 
25.51 -1.40 223.62 0.08 -0.40 1.13 
68.40 -1.48 265.61 0.46 -0.02 1.65 
46.69 -1.09 293.93 0.36 0.49 1.25 
8.76 -1.02 284.43 0.28 0.42 1.06 
45.36 -0.28 268.59 -0.13 0.29 0.93 
109.16 1.08 252.67 -0.62 0.17 0.66 
183.66 1.81 237.39 -0.99 0.51 0.27 
35.98 -0.78 211.20 -0.04 -0.45 0.51 
-84.93 1.47 218.00 -0.63 -0.19 0.37 
-88.86 2.27 236.85 -0.84 0.01 0.21 
-73.45 1.64 236.71 -1.41 0.65 0.32 
9.43 1.38 237.90 -0.79 0.25 0.49 
48.07 1.34 225.72 -0.64 0.26 0.38 
63.54 1.04 214.69 -0.51 0.00 0.42 
30.16 -0.38 209.65 -0.30 -0.40 0.68 
-15.48 -0.88 224.09 -0.20 -0.40 1.32 
33.72 -1.16 265.97 0.19 0.07 1.39 
10.68 -0.97 271.58 0.32 0.60 1.29 
13.87 -0.83 256.82 0.18 0.44 0.97 
102.15 0.88 245.00 -0.67 0.14 0.87 
161.99 1.38 223.24 -0.75 0.52 0.27 
66.15 -0.66 198.10 -0.11 -0.35 0.67 
-23.95 2.40 203.00 -0.96 -0.08 0.17 
-141.87 0.49 201.62 -0.41 -0.54 0.37 
-118.05 1.68 219.37 -0.83 -0.28 0.23 
-59.86 1.13 229.27 -1.15 0.62 0.79 
15.86 1.13 229.16 -0.65 0.25 0.54 
76.68 0.93 216.47 -0.50 0.25 0.47 
63.42 0.37 212.12 -0.39 -0.11 0.50 
10.29 -0.71 213.24 -0.28 -0.39 1.03 
19.08 -1.13 244.88 0.11 -0.16 1.51 
77.48 -1.46 283.16 0.50 0.12 1.41 
-5.61 -1.13 274.62 0.48 0.41 1.26 
74.51 -0.18 261.49 -0.08 0.18 0.88 
178.47 1.18 242.09 -0.87 0.34 0.87 
136.00 -0.23 213.35 -0.16 -0.38 0.26 
67.58 1.79 224.22 -0.65 -0.36 0.10 
-105.37 0.18 225.01 -0.30 -0.51 0.50 
-127.88 2.39 242.09 -0.69 -0.05 0.10 
-71.67 1.49 248.90 -1.68 0.62 0.66 
14.24 1.43 254.82 -0.78 0.28 0.49 
99.83 1.36 241.77 -0.59 0.29 0.34 
106.77 1.33 232.55 -0.39 -0.07 0.20 
37.58 -0.53 229.49 -0.34 -0.47 0.78 
24.40 -1.27 260.54 0.03 -0.36 1.47 
56.41 -1.53 306.09 0.52 -0.11 1.58 
4.59 -1.14 308.89 0.52 0.47 1.40 
51.21 -0.59 294.59 0.11 0.24 1.00 
64.93 0.61 275.91 -0.34 -0.08 0.55 
168.84 1.84 262.36 -1.50 0.74 0.27 
153.74 -1.42 237.32 0.10 0.13 0.87 
-63.97 0.67 243.58 -0.39 -0.32 0.43 
-128.93 2.17 255.49 -0.82 -0.26 -0.01 
-55.10 1.55 260.44 -1.56 0.48 0.66 
-8.15 1.64 261.91 -0.73 -0.08 0.40 
68.93 1.10 252.83 -0.68 0.45 0.37 
68.87 0.94 243.70 -0.41 -0.06 0.35 
37.30 -0.49 242.24 -0.30 -0.36 0.80 
-7.03 -0.83 266.70 -0.15 -0.46 1.45 
48.66 -1.54 310.98 0.37 -0.09 1.36 
25.71 -1.16 319.89 0.49 0.48 1.41 
69.48 -0.77 308.70 0.17 0.31 0.99 
222.13 1.62 269.50 -0.86 0.29 0.42 
-109.12 -0.68 242.53 0.00 -1.41 0.08 
-73.93 0.77 241.30 -0.52 -0.45 0.41 
-122.97 1.12 256.02 -0.48 -0.45 0.04 
-53.35 1.58 266.87 -1.48 0.45 0.52 
23.62 1.37 272.87 -0.90 0.21 0.63 
46.86 1.23 264.08 -0.54 0.24 0.38 
44.19 1.18 257.28 -0.51 -0.09 0.32 
0.62 -1.05 261.86 -0.16 -0.43 0.96 
1.16 -1.35 290.45 0.18 -0.09 1.41 
67.93 -2.03 -327.30 0.88 -0.25 1.44 
21.35 -1.40 -322.71 0.66 0.22 1.25 
65.74 -0.74 321.90 0.17 0.07 0.97 
130.98 0.58 303.45 -0.34 0.05 0.65 
182.44 2.57 286.51 -1.10 0.02 0.23 
-213.21 -1.34 240.68 0.19 -0.77 0.76 
-143.44 0.82 243.68 -0.50 -0.49 0.40 
-127.87 2.03 263.30 -0.75 -0.20 0.06 
-56.88 1.36 267.86 -1.18 0.40 0.65 
32.97 1.47 264.61 -0.83 0.27 0.52 
82.29 1.58 255.88 -0.51 0.02 0.27 
49.90 0.58 246.75 -0.44 -0.10 0.45 
-5.27 -1.03 247.81 -0.12 -0.33 0.93 
71.03 -1.66 282.77 0.36 -0.26 1.53 
50.08 -1.51 315.23 0.68 0.23 1.51 
-2.68 -1.34 312.07 0.52 0.39 1.23 
64.22 -0.24 302.50 -0.05 0.19 0.84 
116.87 1.22 291.86 -0.62 0.01 0.58 
171.92 1.94 272.82 -0.92 0.17 0.38 
153.58 -1.95 244.14 0.24 0.12 0.82 
-84.71 0.37 255.08 -0.33 -0.46 0.46 
-131.53 1.98 274.97 -0.69 -0.25 0.17 
-77.24 1.36 287.81 -1.25 0.75 0.35 
-7.48 1.23 285.37 -0.81 0.21 0.62 
52.74 1.37 276.52 -0.53 0.09 0.34 
29.81 0.30 266.02 -0.39 -0.05 0.55 
10.17 -0.50 263.67 -0.37 -0.53 0.82 
35.39 -1.16 305.41 0.04 -0.24 1.56 
117.03 -1.46 -308.09 0.54 0.08 1.50 
17.53 -1.16 -315.57 0.47 0.22 1.27 
60.32 -0.27 326.93 -0.05 0.19 0.86 
91.77 1.07 313.73 -0.54 0.08 0.58 
181.97 1.89 300.34 -1.07 0.28 0.54 
83.90 -0.94 273.36 0.00 -0.45 0.39 
-54.83 1.33 278.86 -0.82 -0.57 0.25 
-125.83 1.34 293.53 -0.32 -0.21 0.07 
-78.48 1.78 309.97 -1.36 0.39 0.37 
20.20 1.05 311.75 -0.74 0.37 0.62 
79.32 1.11 295.15 -0.47 0.15 0.36 
91.75 0.28 286.04 -0.40 -0.39 0.45 
35.55 -0.97 299.97 -0.10 -0.40 1.07 
29.40 -1.58 -312.99 0.38 0.09 1.56 
53.41 -1.26 -292.09 0.59 0.80 1.40 
-21.48 -1.05 -307.32 0.39 0.56 1.14 
66.47 0.14 -325.20 -0.23 0.15 0.74 
147.41 1.74 323.08 -1.05 0.21 0.60 
144.99 1.72 301.06 -0.51 -0.09 0.23 
-29.68 0.36 291.20 -0.37 -0.62 0.40 
-158.03 0.51 296.59 -0.25 -0.28 0.37 
-90.04 2.42 307.89 -0.94 -0.02 -0.06 
-41.46 1.32 311.41 -1.24 0.48 0.68 
42.74 0.99 307.99 -0.60 0.42 0.48 
58.65 1.62 295.38 -0.46 0.00 0.23 
7.96 -0.12 289.55 -0.34 -0.41 0.60 
-20.22 -0.88 321.58 -0.16 -0.59 1.57 
29.37 -0.49 304.56 0.04 0.11 1.00 
160.42 0.91 297.32 -0.69 0.32 0.82 
162.30 0.54 264.86 -0.37 0.39 0.39 
-208.96 -0.90 228.38 0.02 -1.26 0.49 
-117.96 0.79 234.93 -0.56 -0.44 0.54 
-123.93 2.10 255.92 -0.59 -0.06 0.23 
-89.06 1.15 265.99 -1.09 0.61 0.52 
63.06 0.85 264.66 -0.73 0.58 0.62 
45.61 0.84 251.42 -0.37 -0.02 0.38 
13.52 -0.09 240.79 -0.31 -0.37 0.42 
10.35 -1.22 -304.42 0.53 0.48 1.39 
101.95 0.42 313.29 -0.28 0.10 0.66 
211.06 1.66 298.51 -0.96 0.13 0.58 
136.94 -0.82 270.83 -0.09 -0.09 0.52 
-61.73 1.74 276.91 -0.75 -0.26 0.28 
-147.59 0.66 287.57 -0.55 -0.65 0.27 
-110.14 1.61 311.87 -1.09 0.35 0.28 
14.05 0.59 315.47 -0.88 0.73 1.05 
80.45 0.90 294.34 -0.38 0.08 0.37 
83.10 0.99 293.11 -0.38 0.05 0.35 
47.02 -0.11 284.49 -0.29 -0.22 0.51 
17.65 -0.63 284.06 -0.29 -0.34 0.91 
-14.51 -1.16 297.19 -0.02 -0.35 1.37 
66.81 -1.53 319.46 0.38 -0.32 1.64 
41.33 -1.29 -310.43 0.60 0.48 1.63 
-10.27 -1.09 -305.36 0.50 0.61 1.39 
50.41 1.11 -57.36 -0.65 0.34 0.52 
92.71 0.81 -67.96 -0.42 -0.01 0.45 
13.20 -1.41 -39.90 0.19 -0.29 1.49 
23.41 -1.22 -2.12 0.37 0.18 1.37 
-2.03 -0.89 -4.09 0.26 0.30 1.26 
162.46 1.99 -32.07 -0.80 0.30 0.26 
69.81 -0.72 -51.66 -0.06 -0.30 0.69 
-69.39 1.02 -48.09 -0.65 -0.43 0.53 
-135.93 2.02 -35.18 -0.75 -0.26 0.14 
-86.08 1.54 -23.44 -1.15 0.35 0.48 
1.87 1.06 -26.01 -0.80 0.35 0.67 
106.05 1.05 -35.31 -0.56 0.30 0.42 
92.48 0.70 -39.65 -0.51 -0.04 0.48 
16.61 -0.43 -41.22 -0.27 -0.17 0.77 
-15.62 -1.11 -23.30 -0.02 -0.19 1.43 
-6.92 -1.17 10.56 0.24 0.14 1.37 
10.59 -1.06 31.08 0.31 0.29 1.29 
16.12 -0.73 23.05 0.15 0.39 1.14 
73.74 0.12 7.20 -0.25 0.16 0.87 
147.19 1.24 -8.77 -0.78 0.10 0.76 
165.77 -1.50 -41.50 0.11 -0.12 0.56 
0.46 1.96 -32.74 -0.82 -0.27 0.23 
-85.75 0.79 -26.16 -0.54 -0.38 0.56 
-109.43 1.47 -15.41 -0.57 -0.08 0.33 
84.74 0.77 -29.71 -0.58 0.30 0.60 
79.84 0.51 -42.26 -0.35 -0.11 0.46 
29.37 -1.23 -44.95 0.00 -0.30 0.89 
-9.45 -1.35 -19.13 0.15 -0.36 1.59 
151.03 -1.48 34.04 0.59 0.67 1.23 
-23.54 -1.17 36.22 0.45 0.21 1.33 
36.17 -0.42 27.90 0.00 0.11 0.99 
100.64 0.41 14.75 -0.40 0.19 0.84 
183.15 1.88 -11.25 -1.11 0.40 0.40 
-111.08 -1.48 -57.31 0.27 -0.26 1.15 
-1.96 1.85 -49.79 -0.74 -0.33 0.12 
-131.89 0.16 -33.47 -0.28 -0.55 0.38 
-132.41 1.87 -15.67 -1.20 0.14 0.33 
1.61 0.99 -11.62 -0.99 0.44 0.91 
78.19 0.95 -23.94 -0.54 0.35 0.45 
106.81 0.74 -37.49 -0.46 -0.15 0.43 
46.34 -0.88 -40.54 -0.16 -0.51 0.77 
35.13 -1.52 -12.07 0.30 -0.39 1.76 
33.25 -1.45 32.99 0.48 0.01 1.28 
30.84 -0.82 49.96 0.23 0.30 1.34 
55.47 -0.53 42.66 0.07 0.41 1.07 
108.06 0.20 22.81 -0.27 0.31 0.78 
172.63 2.39 -2.80 -1.12 0.26 0.10 
-1.04 -0.89 -23.43 0.02 -0.89 0.67 
-119.90 0.45 -19.33 -0.38 -0.45 0.48 
-125.89 2.00 0.20 -0.88 -0.23 -0.09 
-92.80 1.00 5.96 -1.24 0.54 0.93 
51.10 1.10 5.27 -0.70 0.42 0.55 
101.10 0.96 -11.26 -0.46 0.04 0.44 
55.80 0.60 -21.27 -0.42 -0.20 0.44 
68.83 -0.26 -38.91 -0.03 0.25 0.75 
205.97 1.88 -44.98 -1.46 0.07 0.81 
137.35 -2.43 -77.34 0.28 -0.19 0.33 
-0.15 0.26 -68.76 -0.36 -0.74 0.38 
-115.75 1.15 -52.57 -0.43 -0.24 0.25 
-87.47 1.17 -35.93 -1.36 0.21 0.90 
17.74 0.90 -36.78 -0.63 0.37 0.63 
102.14 1.15 -44.73 -0.61 0.33 0.41 
88.53 0.92 -54.13 -0.48 -0.15 0.41 
29.05 -0.68 -57.04 -0.24 -0.38 0.78 
-14.41 -1.06 -34.51 -0.04 -0.28 1.42 
35.81 -1.37 10.60 0.41 0.18 1.38 
41.22 -1.33 24.43 0.47 0.47 1.29 
22.93 -0.85 10.89 0.25 0.37 1.20 
64.13 0.25 -9.62 -0.26 0.00 0.80 
94.00 1.84 -2.39 -0.90 0.06 0.45 
120.29 1.71 -30.42 -1.06 0.54 0.08 
-146.02 2.08 -10.11 -0.99 -0.24 0.00 
-1.96 0.96 3.53 -1.28 0.30 1.19 
58.35 0.77 2.72 -0.59 0.40 0.67 
99.17 0.99 -7.05 -0.46 -0.04 0.43 
64.90 0.24 -16.96 -0.39 -0.27 0.50 
-22.06 -0.66 -12.95 -0.21 -0.52 1.01 
-13.25 -1.41 28.87 0.12 -0.36 1.63 
38.01 -1.62 68.03 0.57 0.00 1.30 
-19.89 -1.26 60.72 0.49 0.16 1.34 
77.10 -0.25 46.13 -0.08 0.17 1.00 
-28.60 -0.30 -23.81 -0.16 -0.57 0.27 
-97.64 -0.14 -12.01 -0.18 -0.48 0.40 
-154.73 2.32 3.50 -0.95 -0.10 0.04 
-29.92 1.04 12.85 -1.72 0.42 1.29 
43.88 0.60 13.74 -0.52 0.17 0.82 
93.70 0.99 3.54 -0.43 0.05 0.43 
69.44 0.30 -1.60 -0.33 0.01 0.45 
14.88 -1.14 13.33 -0.06 -0.28 1.20 
16.35 -1.29 45.52 0.26 0.21 1.53 
24.03 -1.35 66.74 0.75 0.78 1.47 
-6.88 -1.07 51.28 0.38 0.41 1.02 
94.67 0.16 30.61 -0.26 0.16 0.88 
170.16 1.55 12.45 -0.92 0.17 0.66 
117.77 -1.82 -17.14 0.18 -0.12 0.56 
-29.26 1.01 -4.63 -0.51 -0.36 0.33 
-97.60 0.62 15.86 -0.32 -0.27 0.36 
-45.93 1.15 37.37 -1.61 0.66 1.10 
64.32 0.66 30.87 -0.49 0.43 0.53 
78.10 0.34 14.96 -0.35 0.08 0.52 
46.67 -1.05 9.85 -0.09 -0.47 0.77 
-0.91 -1.42 37.09 0.14 -0.28 1.50 
29.72 -1.58 78.16 0.59 0.18 1.57 
-9.38 -1.23 74.09 0.53 0.47 1.26 
50.87 -0.52 55.26 0.05 0.28 1.01 
175.06 0.87 32.73 -0.61 0.20 0.91 
144.32 1.02 7.11 -0.48 -0.47 0.25 
-43.25 -0.67 13.31 0.00 -0.87 0.20 
-103.63 1.45 37.69 -0.49 -0.27 0.10 
-149.86 0.35 49.45 -1.02 0.28 1.26 
78.43 0.69 49.66 -0.72 0.60 0.85 
143.13 -0.10 34.59 -0.22 0.33 0.56 
67.47 -0.84 26.33 -0.04 0.03 0.50 
-48.50 -1.37 44.61 0.01 -0.37 1.25 
22.97 -1.59 98.57 0.75 0.04 2.19 
