0.16 0.61 -289.84 -0.09 -0.83 0.65 
11.15 -2.94 -282.44 1.05 0.03 0.10 
11.15 -2.94 -282.44 1.05 0.03 0.10 
19.51 -2.96 -283.20 1.06 0.05 0.08 
20.65 -2.95 -283.40 1.04 0.06 0.08 
18.83 -2.98 -283.32 1.07 0.06 0.06 
14.22 -2.92 -282.86 1.09 0.07 0.09 
-19.55 -2.55 -281.18 1.94 -0.01 0.57 
34.60 -1.77 -275.77 2.15 -0.16 0.66 
4.98 -2.00 -275.90 0.95 -0.02 0.18 
13.93 -0.58 -273.78 0.20 -0.19 0.09 
38.06 2.24 -270.43 -0.42 -0.02 0.50 
4.09 2.56 -270.98 -0.65 0.00 0.51 
68.42 3.40 -282.88 -1.17 0.15 0.10 
51.91 -0.95 -289.74 0.38 -0.26 1.07 
-11.28 0.51 -278.52 0.13 -0.35 0.70 
-27.40 2.67 -267.42 -0.75 0.04 0.55 
41.45 2.90 -286.79 -1.40 0.35 0.26 
6.80 -0.36 -298.85 0.18 -0.03 0.89 
28.36 -1.42 -47.06 0.64 -0.58 -0.33 
47.77 -0.30 -7.03 0.36 -1.37 -0.53 
241.13 -0.63 48.11 0.48 -1.12 -0.15 
137.13 1.84 61.16 -0.37 -0.11 0.51 
48.26 3.24 59.51 -1.03 0.19 0.31 
-1.99 -1.54 39.69 0.81 -0.36 0.91 
47.55 0.65 51.82 -0.05 -0.13 0.69 
7.87 2.16 57.88 -1.20 0.23 1.20 
0.96 1.18 33.70 -0.37 -0.10 1.10 
-24.12 -0.89 63.80 0.72 -0.47 0.66 
69.86 0.40 20.38 -0.03 -1.41 -1.47 
28.21 -1.91 39.84 1.98 -0.66 -0.74 
26.18 -1.69 15.32 0.83 -0.72 -0.14 
25.89 1.12 27.62 -0.55 -1.46 -0.95 
13.34 -1.41 32.48 2.15 -1.00 -1.20 
241.13 0.14 92.76 -0.04 -1.34 0.06 
41.58 2.15 109.58 -0.33 0.23 0.34 
0.29 2.82 106.30 -1.07 0.63 0.07 
10.65 -2.21 87.68 1.80 -0.31 1.41 
38.42 1.51 102.05 -0.43 -0.10 0.88 
-9.61 2.79 89.87 -1.16 0.25 0.58 
-102.07 -1.80 82.02 1.76 -0.67 1.35 
-259.13 2.10 109.63 -0.52 0.14 0.41 
-222.99 0.64 64.67 0.28 -1.27 -0.83 
25.69 0.26 92.02 0.14 -0.93 -0.69 
56.60 -1.60 97.09 1.12 -0.85 -0.89 
26.13 0.61 93.51 -0.06 -0.78 -0.51 
61.42 0.71 113.96 -0.07 -0.66 -0.28 
46.87 -1.72 118.61 1.10 -0.95 -0.89 
209.52 0.33 134.74 -0.18 -1.62 -0.58 
241.13 0.53 174.04 -0.02 -0.64 0.15 
75.35 3.49 167.55 -1.10 0.22 0.07 
35.77 -1.57 172.11 0.93 -0.18 1.19 
43.80 1.18 185.26 -0.25 -0.01 0.85 
-5.96 3.07 186.54 -1.48 0.33 0.57 
110.19 -1.85 182.33 1.52 -0.25 1.15 
-232.75 1.31 226.76 -0.13 0.38 0.56 
-259.13 2.35 181.58 -0.38 -0.13 -0.45 
-35.28 0.20 159.57 0.38 -1.21 -1.37 
-28.54 -1.12 177.57 0.64 -0.51 -0.41 
53.28 -2.78 169.36 1.15 -0.17 -0.26 
31.32 0.74 157.27 -0.17 -1.15 -0.76 
-55.66 -0.36 174.76 0.72 -1.29 -1.45 
241.13 0.32 211.93 -0.16 -1.34 -0.05 
203.91 1.58 217.55 -0.23 0.03 0.52 
-7.45 3.08 200.24 -1.25 0.37 0.25 
32.32 -1.30 194.93 1.56 -0.64 1.32 
7.22 1.79 211.13 -0.61 0.32 0.90 
51.57 2.77 191.11 -1.07 0.19 0.57 
-29.72 -1.49 190.11 1.45 -0.52 1.14 
-201.67 1.67 207.89 -0.40 -0.12 0.67 
-259.13 1.11 167.68 -0.04 -0.97 -1.18 
8.69 0.29 164.27 0.32 -1.06 -1.50 
-7.53 -0.93 195.81 0.57 -0.58 -0.33 
22.26 -2.72 186.71 1.22 -0.31 -0.23 
9.75 1.22 179.94 -0.55 -1.24 -1.06 
111.01 -1.79 191.82 0.94 -0.44 -0.10 
32.40 -2.20 189.23 1.20 -0.98 -0.53 
241.13 0.73 233.25 -0.43 -1.48 -0.23 
209.86 1.82 243.95 -0.30 0.00 0.42 
94.39 3.32 220.12 -1.20 0.24 -0.01 
-79.11 -0.83 223.67 0.76 -0.24 1.05 
-67.27 3.31 234.89 -1.40 0.17 0.50 
96.14 1.66 200.14 -0.50 0.01 0.56 
-23.13 -0.96 207.70 0.77 -0.38 0.71 
-69.44 2.58 222.02 -1.14 0.61 0.45 
-245.26 3.16 187.20 -0.71 -0.40 -0.42 
-21.67 0.51 201.63 0.23 -1.16 -1.82 
64.11 -1.80 199.88 2.67 -1.04 -1.17 
25.48 -2.05 189.67 0.80 -0.52 -0.22 
-6.64 1.01 194.34 -0.41 -1.34 -0.96 
-84.97 -0.80 190.73 1.99 -1.18 -1.74 
241.13 -0.78 211.48 1.01 -1.89 -0.51 
228.85 1.71 237.10 -0.22 -0.17 0.48 
89.14 3.46 230.74 -1.36 -0.35 0.11 
47.93 -2.33 228.49 2.73 0.48 1.44 
-47.71 3.20 245.75 -1.65 -0.18 0.64 
65.27 2.08 213.24 -0.50 -0.09 0.43 
-259.13 0.69 252.39 0.03 0.57 0.55 
-259.13 2.55 252.96 -0.58 -0.57 -0.13 
11.17 -0.55 230.81 1.30 -0.86 -1.12 
124.26 -0.78 253.92 0.66 -0.98 -0.72 
-34.93 -3.02 246.21 1.33 -0.32 -0.02 
31.65 1.52 241.11 -0.64 -0.73 -0.99 
150.72 -1.86 243.31 1.34 -0.61 -0.15 
-28.42 -1.49 230.12 1.17 -1.27 -0.36 
241.13 -0.58 283.65 0.50 -1.25 -0.31 
205.36 3.43 300.67 -0.51 -0.09 0.11 
108.17 2.73 285.28 -0.58 0.08 0.23 
-74.57 -0.30 296.85 0.45 -0.30 0.82 
-29.82 3.73 303.01 -1.96 -0.02 0.34 
89.85 -1.33 299.60 0.82 -0.49 0.94 
-259.13 2.08 -314.76 -0.46 0.33 0.34 
-259.13 0.91 -310.23 0.00 -0.28 -0.50 
-67.95 0.74 -305.52 0.50 -0.93 -2.70 
122.16 -1.78 -301.24 1.76 -0.40 -0.83 
23.59 -2.21 -310.06 0.93 -0.36 -0.40 
30.09 0.67 -295.24 -0.17 -0.91 -0.81 
-138.48 -0.89 -298.71 1.66 -1.03 -1.56 
76.42 0.18 -280.13 0.05 -1.45 -0.75 
241.13 0.34 -226.79 0.01 -0.44 -0.07 
99.60 3.02 -218.05 -1.18 0.38 -0.32 
40.32 3.24 -222.44 -1.34 0.07 0.39 
-20.19 -1.43 -222.66 1.68 0.03 1.83 
-259.13 1.80 -199.34 -0.53 0.21 0.56 
-259.13 0.34 -210.73 0.32 -0.41 -0.79 
-135.92 0.98 -207.95 0.05 -1.11 -1.79 
-5.28 -1.99 -206.05 1.03 -0.39 -0.83 
-0.84 0.29 -211.66 0.05 -0.55 -0.68 
109.29 0.57 -197.14 0.00 -0.31 -0.25 
99.78 -2.37 -190.74 1.73 -0.92 -0.98 
241.13 -0.33 -144.25 0.27 -1.22 -0.88 
241.13 1.80 -105.83 -0.30 -0.35 -0.04 
125.25 2.74 -102.12 -1.34 0.60 -0.17 
10.96 -1.01 -108.95 1.66 -0.06 1.97 
12.64 2.50 -97.33 -0.92 0.40 0.65 
95.75 2.82 -127.33 -1.08 0.08 0.33 
-132.20 -0.39 -108.62 0.71 -0.11 1.04 
-256.08 3.20 -110.84 -0.54 -0.20 0.09 
-259.13 1.11 -156.25 0.24 -1.45 -1.44 
60.10 -1.61 -130.63 2.64 -0.39 -1.69 
-0.66 -1.84 -138.90 0.77 -0.47 -0.44 
59.58 0.93 -131.79 -0.18 -0.65 -0.51 
54.31 -0.84 -127.28 2.14 -1.79 -2.04 
241.13 -0.21 -95.51 0.32 -1.88 -0.95 
241.13 1.02 -47.00 -0.19 -0.68 -0.33 
129.38 3.07 -34.40 -0.67 0.26 0.05 
108.63 -1.41 -46.98 0.69 0.07 1.11 
-19.28 1.59 -39.80 -0.37 0.08 0.77 
9.27 3.27 -55.69 -1.47 -0.01 0.34 
51.77 -2.44 -61.56 2.81 0.35 1.29 
-259.13 1.94 -15.49 -0.30 0.47 -0.17 
-203.94 0.84 -60.68 0.25 -0.74 -1.82 
39.30 -1.71 -36.87 1.31 -0.66 -0.41 
55.05 -2.96 -44.42 1.38 -0.32 -0.18 
4.13 1.46 -49.73 -0.63 -0.98 -1.15 
128.88 -1.96 -63.69 3.17 -1.81 -0.87 
217.90 -0.94 -61.55 0.49 -1.23 -0.17 
241.13 1.82 -42.76 -0.12 0.19 0.15 
79.64 3.30 -50.68 -1.10 0.29 0.04 
-96.90 -1.15 -52.79 1.33 -0.05 1.31 
-45.59 2.24 -42.18 -0.91 0.16 0.94 
45.64 1.88 -72.74 -0.64 -0.01 0.64 
-45.91 -0.44 -62.73 0.73 -0.80 0.95 
-259.13 2.40 -94.50 -0.58 -0.45 -0.35 
-81.43 1.24 -105.23 -0.12 -0.89 -0.74 
106.32 -2.35 -89.09 1.36 -0.48 -0.69 
69.38 1.22 -91.72 -0.31 -0.77 -0.37 
98.77 -2.11 -96.56 0.78 -0.20 0.22 
5.32 -3.09 -89.48 1.27 -0.49 -0.12 
125.50 0.22 -44.71 0.03 -0.61 -0.20 
241.11 3.01 -45.16 -1.19 0.59 0.13 
151.20 -2.25 -48.36 1.51 0.07 1.14 
17.99 2.12 -30.23 -0.82 0.04 0.94 
-38.09 -3.35 -23.38 3.13 -0.20 0.54 
-259.13 1.16 18.67 -0.10 -0.20 0.06 
-208.83 0.39 -24.06 0.79 -1.25 -1.95 
123.93 -2.27 24.16 1.31 -0.52 -0.31 
-20.80 -2.89 16.43 1.13 -0.32 -0.13 
11.34 1.47 11.91 -0.57 -1.08 -0.47 
-53.28 -1.04 -5.67 2.95 -1.76 -2.29 
241.13 -0.70 9.62 0.50 -1.59 -0.31 
68.20 2.02 17.47 -0.28 0.08 0.46 
80.56 1.19 -14.78 -0.29 0.10 0.50 
67.93 -0.42 2.05 0.61 -0.50 0.75 
-5.12 3.50 -17.23 -1.64 -0.02 0.29 
-60.56 -2.02 -28.06 1.95 -0.49 0.88 
-259.13 -0.08 30.97 0.08 0.61 0.63 
-259.13 0.17 -8.62 1.38 -2.07 -2.56 
117.29 -2.14 19.54 1.36 -0.57 -0.12 
50.67 -2.44 12.26 1.18 -0.64 -0.10 
18.24 1.46 11.21 -0.59 -1.05 -0.52 
-209.08 -0.27 35.38 1.06 -1.40 -1.32 
241.13 -0.26 66.09 0.34 -1.53 -0.63 
241.13 0.16 85.81 0.06 -0.69 0.16 
31.03 3.29 76.78 -1.15 0.11 0.29 
-40.77 -2.72 70.96 2.71 -0.43 0.97 
26.36 1.08 80.37 -0.26 -0.06 1.00 
3.50 2.32 62.92 -1.07 0.05 0.80 
-123.04 -1.78 80.53 1.13 -0.26 0.66 
-259.13 0.02 82.22 0.17 -0.51 -0.20 
-85.49 0.60 38.01 0.50 -1.88 -2.19 
81.08 -1.50 56.57 0.56 -0.45 -0.02 
120.77 -2.06 67.53 1.17 -0.57 -0.66 
40.77 0.51 64.06 -0.03 -0.72 -0.20 
45.37 -1.57 53.02 0.82 -0.44 0.23 
49.26 -2.20 66.70 1.00 -0.70 -0.31 
241.13 -0.53 119.38 0.68 -1.58 -0.21 
36.06 3.26 122.04 -0.86 0.00 0.34 
82.84 -1.45 101.48 0.49 -0.10 0.68 
32.67 1.75 125.28 -0.57 0.04 0.91 
14.89 2.86 109.47 -1.28 0.11 0.58 
29.58 -2.52 112.28 2.22 0.38 0.85 
35.45 1.37 134.25 -0.26 0.22 0.61 
-259.13 -0.01 130.43 0.00 0.41 0.94 
-259.13 0.31 123.77 0.51 -1.51 -0.39 
189.16 -3.28 136.32 1.71 -0.15 -0.32 
120.71 1.11 145.28 -0.35 -1.12 -0.34 
86.47 -1.46 150.52 0.65 -0.35 0.34 
158.59 -2.31 180.09 1.70 -0.91 -0.26 
241.13 -0.09 226.39 0.24 -1.21 0.16 
171.97 2.95 214.79 -1.37 0.46 -0.07 
-84.17 -2.12 206.51 2.12 0.06 1.01 
13.23 2.47 217.01 -1.94 0.12 1.37 
-35.38 -1.56 204.21 0.95 -0.08 0.82 
117.84 -0.24 227.45 0.17 0.14 0.37 
-259.13 0.01 233.68 0.12 0.39 0.90 
-243.25 0.98 231.48 -0.10 -1.15 -0.10 
34.46 -1.16 233.55 1.12 -1.16 -0.79 
36.26 0.36 226.88 0.01 -1.00 -0.19 
113.97 0.24 237.47 0.13 -0.71 0.09 
241.13 1.12 -323.73 -0.23 -0.77 0.15 
172.26 3.46 324.45 -1.41 0.20 -0.11 
-30.00 3.44 -281.39 -2.02 0.26 0.47 
92.48 -2.51 -276.20 2.30 0.17 0.87 
-259.13 1.95 -246.94 -0.14 -0.07 0.13 
-259.13 0.77 -292.12 0.46 -2.03 -1.12 
-32.66 0.37 -280.72 0.05 -1.06 -0.68 
57.42 -1.87 -296.32 1.94 -0.99 -0.55 
51.61 -1.25 -303.43 0.67 -0.93 -0.27 
85.35 1.15 -292.81 -0.35 -1.25 0.29 
-157.21 -1.05 -303.03 1.98 -1.66 -1.04 
241.13 -0.53 -271.20 0.50 -1.38 0.20 
210.33 2.69 -257.07 -0.29 0.02 0.26 
63.85 2.19 -279.29 -0.74 0.19 0.63 
-43.98 -1.88 -278.20 1.81 -0.08 0.97 
6.38 1.45 -257.84 -0.43 0.24 0.95 
24.05 1.97 -286.82 -0.86 0.24 0.75 
-122.85 -1.62 -280.74 1.61 0.23 1.04 
-259.13 2.18 -245.51 -0.40 0.54 0.15 
-143.14 0.98 -279.66 0.15 -1.76 -1.73 
16.76 -0.81 -265.83 0.63 -0.40 -0.58 
-6.45 -3.33 -267.71 1.06 -0.01 -0.14 
65.32 1.92 -265.08 -1.28 -1.45 -0.25 
48.22 -2.04 -300.24 1.46 -0.75 -0.29 
173.85 -0.80 -288.00 0.45 -1.57 -0.20 
241.13 -0.32 -275.95 0.13 0.13 0.43 
87.19 3.07 -281.69 -1.24 0.42 0.48 
37.05 -2.75 -297.47 1.62 -0.06 0.82 
89.32 0.76 -272.83 0.01 0.05 0.73 
-27.13 3.00 -277.75 -1.69 0.17 0.79 
-16.02 -2.52 -296.23 1.16 -0.02 0.53 
-231.22 0.84 -241.36 -0.04 0.62 0.39 
-102.48 1.77 -276.99 -0.22 -0.54 -0.60 
69.43 0.74 -265.60 -0.16 -1.20 -0.85 
-54.40 -1.71 -283.92 2.56 -0.65 -1.48 
68.04 -0.82 -287.60 0.54 -0.99 -0.20 
77.22 1.41 -282.63 -0.33 -0.94 0.05 
28.91 -0.32 -269.43 0.47 -2.09 -1.17 
241.13 0.24 -240.19 -0.01 -1.38 -0.06 
241.13 2.36 -229.56 -0.43 0.06 0.40 
25.93 1.32 -254.35 -0.38 -0.02 0.69 
-53.86 -1.02 -242.85 0.70 -0.32 0.81 
44.73 2.34 -239.56 -1.06 0.19 1.14 
-19.86 0.08 -266.58 0.04 0.04 0.80 
-137.48 -1.13 -211.71 0.46 -0.18 0.57 
-259.13 1.30 -199.30 0.01 -0.48 0.03 
-37.57 1.05 -216.45 -0.21 -2.00 -1.80 
-13.22 -1.51 -221.48 2.24 -1.12 -1.03 
-41.52 -1.55 -228.23 0.75 -0.72 -0.42 
26.35 1.59 -219.03 -0.55 -1.13 -0.14 
-150.26 -0.29 -213.53 1.35 -1.88 -2.07 
241.13 0.02 -172.72 0.07 -1.48 -0.69 
241.13 3.48 -159.16 -0.55 0.18 0.04 
33.85 2.50 -179.30 -0.92 0.17 0.52 
-21.67 -0.60 -170.53 0.58 -0.56 0.82 
6.25 2.52 -163.77 -1.38 0.12 1.18 
-0.54 -1.47 -182.33 0.67 -0.18 0.78 
-245.22 1.70 -127.46 -0.27 0.52 0.27 
-146.39 -0.03 -172.65 0.46 -0.34 -0.75 
86.26 0.62 -138.09 0.02 -1.39 -1.20 
96.71 -1.29 -131.29 1.01 -1.12 -0.90 
19.50 1.54 -139.12 -0.62 -1.08 -0.24 
78.22 -2.67 -154.90 1.19 0.03 -0.23 
241.13 -1.02 -122.11 0.45 -0.84 -0.06 
116.35 0.15 -115.02 0.12 0.11 0.44 
15.74 2.53 -126.52 -0.94 0.27 0.55 
-21.02 -2.37 -145.83 1.70 -0.47 0.59 
68.32 1.11 -134.21 -0.31 0.03 1.24 
12.97 1.06 -162.40 -0.22 -0.07 0.66 
-153.10 -1.63 -117.70 0.41 -0.25 0.24 
18.70 -0.97 -80.89 1.16 -0.97 -1.06 
-19.64 -0.59 -82.01 0.42 -1.14 -0.18 
63.51 0.12 -75.27 0.19 -0.73 0.15 
217.68 -0.81 -31.04 0.64 -1.77 -0.20 
241.13 -0.66 -27.32 0.57 -1.70 -0.19 
241.13 2.59 -17.45 -0.50 0.45 0.05 
63.27 3.33 -16.81 -0.97 0.20 0.17 
-5.71 -1.96 -35.30 1.82 -0.18 1.08 
-231.51 -1.73 -29.79 3.25 -1.50 -1.33 
241.13 -0.02 21.25 0.16 -0.84 0.30 
28.16 3.10 11.24 -1.02 0.05 0.44 
-20.68 -3.01 19.50 3.44 -0.49 0.61 
49.36 1.21 35.53 -0.38 -0.02 1.15 
-0.41 1.82 11.78 -0.73 0.08 0.84 
-6.26 -1.74 14.35 1.52 -0.59 0.42 
-259.13 1.07 47.62 -0.24 0.24 0.75 
-207.90 1.57 7.46 -0.43 -1.55 -1.57 
75.65 -0.18 10.92 0.20 -0.40 -0.41 
127.19 -2.69 20.00 1.12 -0.01 -0.45 
25.83 1.91 24.75 -0.70 -0.94 -0.05 
-182.32 -1.58 -20.40 2.26 -0.98 -1.46 
-14.87 -0.37 -14.07 0.40 -1.77 -0.29 
241.13 -0.18 15.21 0.24 -0.80 -0.02 
104.76 2.98 12.23 -0.85 -0.01 0.45 
56.51 -0.02 -18.16 -0.04 -0.20 0.40 
31.90 0.19 4.81 0.23 -0.04 0.79 
8.85 3.15 7.34 -1.80 0.07 0.81 
-19.19 -1.86 -9.66 0.87 -0.27 0.61 
-145.70 1.76 45.21 -0.35 0.61 0.52 
-234.25 0.55 18.01 0.25 -0.86 -0.41 
100.97 0.88 33.78 -0.19 -1.15 -0.80 
-53.44 -1.60 -3.36 2.62 -1.46 -0.96 
67.00 -0.33 -6.68 0.34 -1.10 -0.48 
122.13 1.60 -3.95 -0.29 -0.62 -0.02 
102.34 -0.95 16.42 0.79 -1.75 -0.69 
241.13 -0.07 49.32 0.22 -1.59 -0.20 
55.62 1.82 53.15 -0.34 -0.13 0.56 
49.64 1.20 22.80 -0.30 -0.04 0.59 
8.60 1.46 22.08 -0.55 0.30 0.79 
-58.86 -0.35 28.76 0.56 -0.64 0.82 
-259.13 2.36 72.67 -0.47 0.12 0.40 
49.19 -1.84 100.34 2.14 -0.98 -0.68 
13.97 -1.74 92.43 0.81 -0.71 -0.20 
69.61 1.69 97.10 -0.51 -1.00 -0.19 
-133.54 -0.77 109.96 1.35 -1.79 -1.23 
241.13 0.07 140.01 0.05 -1.86 -0.07 
232.51 2.13 151.07 -0.25 0.21 0.36 
16.90 3.10 151.65 -1.83 0.78 0.28 
-86.70 -2.81 150.53 3.78 -0.42 0.97 
49.57 1.28 164.83 -0.41 -0.10 1.10 
-29.06 0.58 89.54 0.00 -0.51 -0.20 
100.20 -0.90 93.20 0.85 -1.40 -0.76 
96.35 1.34 97.08 -0.47 -1.07 0.34 
-73.26 -2.39 64.06 2.02 -0.71 -0.23 
241.13 -0.10 98.14 0.17 -1.56 0.16 
241.13 -0.18 132.75 0.19 0.09 0.39 
71.32 2.99 92.91 -0.91 0.17 0.25 
19.29 -0.36 102.05 0.47 -0.50 0.92 
-12.68 2.52 108.93 -1.51 0.49 1.08 
-9.53 -1.14 90.02 0.56 -0.13 0.77 
-259.13 1.90 133.27 -0.33 0.14 -0.28 
236.34 0.00 105.09 1.24 -1.34 -1.83 
0.00 0.00 0.00 0.00 0.00 0.00 
312.63 4.78 -47.45 -0.13 -0.13 0.03 
-171.80 3.21 -76.94 0.02 -1.81 -1.25 
-24.61 0.45 -78.81 0.67 -0.28 -0.09 
-107.15 0.00 -101.30 1.08 -0.39 -0.22 
-68.48 3.78 -110.50 -0.54 -1.38 -0.58 
-116.52 1.20 -132.73 2.56 -1.42 -1.51 
157.53 2.22 -102.44 0.22 -2.19 -1.29 
97.08 4.40 -97.74 -0.41 0.63 0.15 
-36.96 5.01 -135.93 -1.01 0.42 0.10 
-14.44 2.05 -136.33 0.54 -0.38 0.79 
-96.82 5.73 -145.03 -2.28 0.51 0.70 
-0.87 -0.14 -156.52 2.61 -0.34 0.78 
312.63 5.56 -127.37 -0.72 0.33 0.22 
-243.64 3.48 -171.83 0.04 -0.45 -0.42 
-106.87 4.07 -176.67 -0.56 -1.48 -0.98 
-102.95 1.27 -200.15 2.58 -1.83 -1.38 
-75.87 2.74 -215.25 0.09 -1.16 0.14 
-14.29 3.22 -229.37 0.04 -0.53 0.11 
-46.74 2.64 -210.21 0.05 -2.21 -0.26 
157.53 4.92 -220.81 -0.09 0.11 -0.02 
-58.30 6.07 -241.38 -1.43 0.13 0.07 
-54.51 0.51 -261.46 2.56 -0.46 0.98 
-158.33 1.51 305.54 0.89 -0.23 0.94 
312.63 5.33 320.70 -0.60 0.24 0.23 
-302.63 2.82 265.28 0.53 -1.72 -0.77 
-34.12 0.18 254.12 0.66 -0.03 0.09 
-36.10 2.92 250.99 0.09 -0.99 0.31 
-7.64 1.06 225.83 0.46 -0.21 0.21 
157.53 -0.20 239.95 1.43 -0.49 -0.32 
157.53 0.41 245.91 1.71 -0.70 0.18 
48.94 4.78 238.99 -0.13 -0.12 0.22 
-3.00 4.90 194.52 -0.56 0.15 0.29 
-98.84 1.54 199.14 0.95 -0.50 0.84 
-33.54 5.83 200.11 -1.71 0.33 0.74 
-155.77 0.60 164.54 1.03 -0.23 0.78 
312.63 4.20 226.86 -0.42 0.32 0.60 
-200.23 3.69 171.44 -0.21 -1.12 -1.44 
67.45 3.48 176.94 0.01 -0.45 -0.12 
32.99 -0.09 191.04 1.69 -0.50 -0.57 
-191.86 4.54 180.36 -0.77 -0.91 0.22 
-173.52 -0.21 124.95 2.69 -0.59 -0.71 
109.28 2.29 142.35 0.38 -2.18 -0.43 
60.56 -0.97 72.29 3.99 -0.53 0.30 
-113.74 5.59 83.05 -1.15 0.13 0.67 
-96.08 5.26 45.97 -0.81 0.14 0.32 
-36.51 1.94 81.29 0.42 -0.09 0.56 
-268.68 4.01 38.24 -0.22 -1.46 -0.77 
-171.16 3.93 41.18 -0.36 -1.68 -0.70 
-127.93 1.02 5.48 3.59 -1.67 -1.25 
-83.39 3.89 -4.39 -0.48 -1.24 0.04 
79.83 -0.27 -38.45 1.07 -0.04 0.12 
53.25 1.60 -20.77 0.48 -1.06 0.30 
104.70 4.40 -7.50 -0.19 -0.24 0.35 
-7.82 5.87 -36.34 -1.24 0.22 0.11 
-110.57 1.22 -41.54 1.28 -0.38 1.02 
-77.30 5.71 -31.95 -1.84 0.50 0.95 
77.71 0.12 -29.87 1.93 -0.65 0.58 
-282.22 3.66 8.03 -0.28 0.26 0.68 
-317.33 3.10 -39.64 0.44 -1.44 -0.72 
-37.54 3.99 -41.58 -0.22 -0.75 -0.11 
-42.30 1.98 -34.48 0.92 -1.68 -1.01 
-44.74 4.69 -32.94 -0.98 -1.03 0.37 
-126.54 -0.27 -88.36 2.52 -0.77 -0.36 
114.04 1.11 -92.60 1.03 -1.49 -0.40 
157.53 1.54 -80.14 0.46 -0.45 0.15 
-77.66 5.38 -99.06 -1.57 0.58 0.35 
-162.65 0.45 -103.91 1.97 -0.26 0.62 
-40.26 5.07 -94.18 -1.29 0.57 1.14 
-167.31 1.38 -137.36 0.47 0.10 0.72 
52.80 0.51 -132.35 0.68 -0.16 0.22 
312.63 2.15 -134.19 0.28 -0.02 1.08 
-279.29 4.13 -149.42 -0.20 -1.07 -0.10 
-179.29 1.84 -152.74 1.50 -1.88 -1.27 
-56.40 3.17 -164.56 -0.13 -1.11 -0.18 
6.61 3.65 -180.83 -0.06 -0.39 0.22 
-7.32 0.15 -152.07 1.44 -0.57 -0.53 
157.53 3.60 -110.17 -0.15 -0.48 -0.19 
72.71 5.78 -127.85 -1.38 0.28 -0.03 
67.01 -0.20 -147.81 1.97 -0.22 0.83 
-61.86 3.47 -131.09 -0.05 -0.05 0.74 
-46.36 4.96 -168.33 -1.18 0.14 0.80 
-142.77 0.06 -176.79 2.58 0.08 0.69 
-52.14 4.52 -174.90 -0.56 0.18 0.57 
-304.78 4.23 -187.70 -0.26 -1.58 0.43 
-148.29 3.45 -201.99 0.02 -0.59 -0.09 
65.37 -0.19 -191.98 1.35 -0.37 -0.29 
-61.96 5.06 -200.56 -1.27 -1.10 -0.04 
157.53 2.97 -124.94 -0.02 -0.51 0.22 
68.83 5.11 -151.28 -0.86 0.26 0.55 
-43.60 0.35 -190.34 0.85 0.19 0.47 
-90.56 3.22 -175.47 0.00 -0.15 0.62 
-66.56 5.79 -206.35 -1.88 -0.06 0.49 
-125.46 -0.67 -214.81 3.33 0.05 0.64 
-257.83 4.20 -182.88 -0.59 0.44 0.57 
-24.43 4.49 -195.96 -0.84 -1.65 -0.23 
-150.80 0.32 -219.03 0.41 -0.07 -0.02 
-19.71 -0.41 -202.66 1.36 -0.28 -0.31 
-81.35 5.10 -211.36 -0.90 -0.72 0.13 
-282.06 1.40 -242.75 3.27 -2.64 -1.46 
36.43 2.31 -217.70 0.26 -1.98 0.00 
157.53 5.48 -199.03 -0.61 -0.32 -0.13 
57.99 5.66 -216.53 -1.22 0.20 0.44 
-181.48 -0.12 -226.99 2.71 -0.06 0.95 
-69.66 4.78 -216.05 -0.75 0.29 0.90 
-96.51 3.44 -257.39 -0.27 0.03 0.75 
-71.35 1.80 -251.57 0.69 -0.67 0.85 
-295.64 5.31 -231.94 -0.78 0.25 0.67 
-284.89 3.70 -296.60 -0.14 -1.68 -0.88 
2.19 0.48 -295.87 2.25 -1.19 -0.60 
-70.55 1.15 -321.13 0.79 -0.80 -0.31 
-21.54 4.47 -319.42 -0.59 -0.80 -0.26 
-27.62 1.95 -316.69 0.62 -1.33 -1.28 
157.53 2.38 -299.47 0.21 -1.27 -0.19 
-4.37 5.17 -305.81 -0.53 -0.15 0.55 
-79.00 -0.33 320.90 1.47 -0.01 0.52 
-41.53 4.80 -325.53 -1.10 0.19 1.10 
-129.02 2.10 299.79 0.24 -0.08 0.81 
9.39 0.63 319.19 0.77 -0.23 0.30 
312.63 3.60 -326.39 -0.37 0.77 0.65 
-238.84 3.37 310.51 -0.05 -1.98 -0.47 
-280.52 0.29 269.28 3.80 -1.24 -1.52 
-24.03 3.29 255.40 -0.16 -0.81 0.12 
-24.75 2.67 239.95 0.08 -0.18 0.22 
7.78 0.51 263.38 0.93 -0.63 -0.13 
157.53 2.57 298.19 0.13 -0.61 0.01 
-5.56 6.19 289.25 -1.25 0.00 0.20 
90.67 -0.51 271.39 2.30 -0.41 0.74 
-73.79 4.60 292.81 -0.46 0.02 0.72 
-32.22 4.71 251.63 -0.96 0.12 0.72 
-196.60 2.08 266.64 0.37 -0.45 0.82 
0.89 4.49 174.57 -0.27 -0.41 0.27 
157.53 0.54 205.39 1.53 -1.04 -0.47 
157.53 2.39 217.75 0.31 -1.14 0.56 
11.96 4.36 221.19 -0.25 0.00 0.57 
-22.54 4.39 181.91 -0.47 -0.17 0.45 
-111.64 1.72 188.42 0.69 -0.72 0.78 
-35.19 4.80 189.88 -1.49 0.17 1.56 
-190.35 0.89 163.14 0.72 -0.16 0.64 
-157.75 4.50 186.47 -0.41 0.45 0.45 
-92.23 3.81 130.77 -0.05 -1.12 -0.42 
-15.78 3.81 140.00 -0.18 -0.89 -0.32 
157.53 1.29 156.19 1.09 -1.72 -0.67 
19.87 4.18 158.32 -0.64 -1.19 -0.21 
157.53 2.37 179.01 0.18 -1.08 0.23 
99.87 6.25 159.41 -1.25 -0.08 0.28 
-29.57 -0.57 131.44 1.81 0.22 0.55 
-55.70 4.50 146.21 -0.45 0.00 0.74 
-24.12 5.29 97.40 -1.20 0.00 0.55 
-135.48 0.62 86.27 1.64 -0.03 0.76 
-306.65 4.45 96.73 -1.42 0.83 0.98 
-154.02 2.55 58.31 0.60 -1.56 -1.01 
-118.53 0.35 -10.96 3.03 -1.75 -0.63 
-0.58 1.34 -10.25 0.63 -1.08 0.07 
-45.38 5.66 -29.46 -0.80 -0.09 0.38 
156.34 1.26 -3.89 1.47 -1.86 -1.20 
157.53 0.93 -1.18 0.40 0.35 0.10 
28.54 4.84 -19.24 -0.50 0.02 0.57 
-4.35 3.44 -72.38 -0.25 -0.14 0.80 
-135.86 1.35 -60.27 0.95 -0.45 0.72 
-143.35 5.99 -62.82 -3.07 0.27 0.61 
-32.30 -0.51 -51.18 2.57 0.16 0.53 
-324.73 5.52 -38.36 -0.79 -0.03 0.54 
-226.64 3.15 -93.77 0.05 -1.07 -0.66 
118.78 1.41 -93.79 1.24 -1.31 -0.36 
-99.14 -0.18 -116.82 1.11 -0.39 -0.12 
-60.73 4.13 -119.05 -0.64 -1.16 -0.53 
-226.56 1.80 -133.96 2.21 -2.35 -1.66 
157.53 1.89 -92.91 0.28 -0.87 -0.56 
29.74 5.97 -95.29 -0.67 0.00 0.18 
-17.74 4.35 -131.10 -0.50 0.06 0.50 
-71.73 1.67 -122.65 0.72 -0.37 0.75 
-84.99 5.57 -137.81 -1.94 0.27 0.84 
-139.83 -0.12 -149.95 3.20 0.18 0.88 
312.63 4.70 -114.48 -0.71 0.59 0.38 
323.27 3.58 -169.90 0.10 -1.14 -1.54 
-21.76 1.18 -160.31 0.63 -0.47 -0.23 
-2.98 -0.05 -165.64 1.13 -0.17 -0.44 
-33.81 4.80 -171.39 -0.79 -0.75 -0.24 
-111.40 1.65 -182.12 2.34 -2.46 -1.75 
157.53 2.68 -175.61 -0.09 -1.45 -0.36 
157.53 5.12 -173.96 -0.14 -0.13 -0.02 
-14.31 5.32 -200.46 -1.06 0.20 0.46 
-47.60 -0.01 -214.00 2.81 0.24 0.93 
-78.34 4.29 -202.90 -0.58 0.35 0.95 
-17.03 3.57 -258.32 -0.25 0.21 0.44 
-183.42 1.90 -213.68 0.39 0.28 0.64 
312.63 3.38 -234.36 0.10 -0.66 -0.27 
15.80 3.86 -238.79 -0.55 -1.63 -0.99 
312.63 0.89 -272.66 3.05 -1.37 -1.35 
-63.41 1.66 -275.87 0.62 -1.06 0.07 
-50.53 3.89 -282.64 -0.12 -0.58 0.05 
157.53 -0.21 -253.28 2.38 -0.22 -1.08 
157.53 0.21 -260.82 0.76 -0.40 0.05 
1.04 5.43 -273.34 -0.70 0.15 0.55 
5.73 -0.66 -310.11 2.12 -0.05 0.61 
-55.43 4.32 -299.02 -0.48 0.05 0.93 
-75.56 4.09 308.74 -0.48 0.28 0.55 
-55.23 2.03 313.87 0.50 -0.91 0.61 
312.63 2.60 311.23 0.19 -0.64 -0.10 
-208.61 3.73 289.19 -0.20 -2.10 -1.86 
-88.60 0.13 261.06 1.37 -0.11 -0.44 
-128.59 0.72 247.39 0.51 -0.40 -0.31 
32.88 3.91 251.78 -0.19 -0.55 -0.09 
46.01 0.65 249.38 1.34 -1.09 -1.03 
157.53 3.39 272.56 -0.34 -1.25 -0.72 
13.61 3.68 256.25 -0.13 -0.14 0.47 
18.20 4.51 218.56 -0.69 0.04 0.74 
-171.38 1.32 210.34 1.05 -0.28 0.89 
-115.40 6.07 212.42 -2.43 0.35 0.66 
-42.96 -0.17 207.57 2.20 -0.39 0.86 
312.63 3.44 221.36 -0.06 0.27 0.21 
-308.77 3.12 172.49 0.23 -2.67 -1.86 
-38.16 2.73 175.76 0.07 -0.41 -0.11 
98.83 -0.14 182.00 1.48 -0.12 -0.50 
-55.45 4.48 186.08 -0.79 -1.11 -0.16 
-137.77 1.94 169.74 1.79 -2.27 -1.25 
106.90 3.04 178.34 -0.25 -1.71 -0.30 
157.53 3.44 202.55 -0.01 0.16 0.10 
32.48 4.96 152.89 -0.69 0.24 0.17 
-190.45 1.20 159.55 0.85 -0.33 0.77 
-81.96 4.92 149.19 -1.52 0.16 1.35 
-68.22 0.16 140.86 1.95 -0.16 0.79 
-48.54 4.64 143.97 -0.35 0.11 0.38 
312.63 2.82 114.03 0.57 -2.11 -0.09 
-15.71 4.26 109.59 -0.10 -0.27 0.00 
131.99 0.71 132.37 1.21 -1.31 -0.46 
-5.99 4.84 121.22 -0.99 -0.95 -0.12 
-43.35 0.30 69.64 1.76 -1.00 0.28 
-55.11 2.27 87.41 0.38 -1.85 0.29 
157.53 6.10 99.38 -0.24 0.00 -0.07 
-6.05 5.45 66.65 -0.96 0.07 0.37 
-185.19 2.43 69.20 0.44 -0.66 0.80 
-114.00 4.96 66.13 -2.22 0.04 1.72 
-82.19 1.05 44.70 0.86 -0.34 0.72 
-58.85 4.42 63.48 -0.24 0.24 0.42 
-130.99 0.69 1.45 1.84 -1.16 -0.18 
-16.62 2.12 -10.26 0.29 -1.02 -0.02 
12.84 2.71 34.02 0.06 -1.44 0.26 
99.53 3.90 61.54 -0.17 -0.46 0.24 
62.29 4.80 24.09 -1.06 0.52 0.08 
-121.61 1.73 34.66 0.57 -0.59 0.61 
-104.21 5.13 28.04 -1.91 0.53 1.28 
-125.50 -0.67 28.75 3.33 0.28 0.50 
-225.00 4.84 33.85 -0.55 0.36 0.44 
-184.59 2.90 -11.50 -0.01 -2.31 0.66 
312.63 -0.21 -57.91 1.38 0.16 0.04 
-97.53 0.94 -54.96 0.75 -0.83 -0.06 
-44.26 4.85 -60.12 -0.65 -0.75 0.31 
-86.44 1.81 -48.55 1.30 -1.94 -0.48 
86.77 2.52 -9.86 0.16 -1.33 -0.11 
-235.70 1.10 -96.92 1.30 -0.09 0.99 
-176.33 6.16 -103.84 -2.64 0.26 0.41 
-20.06 -0.17 -105.58 2.91 -0.20 0.74 
312.63 4.68 -91.70 -0.42 0.24 0.42 
-278.12 2.88 -147.37 0.48 -3.49 -0.85 
-20.48 1.42 -171.95 0.55 -0.45 0.17 
-56.25 0.22 -170.79 1.14 -0.67 -0.24 
-58.60 4.74 -188.08 -0.64 -0.52 0.59 
157.53 -0.04 -159.43 2.72 -1.00 -0.90 
157.53 2.24 -117.19 0.43 -0.47 0.43 
157.53 5.68 -141.94 -1.43 0.73 0.14 
29.74 0.35 -153.73 2.54 -0.19 0.64 
-77.49 5.85 -153.33 -2.51 0.62 0.98 
-112.33 1.41 -188.20 0.42 -0.18 0.60 
-66.38 2.01 -170.20 0.17 -0.13 0.30 
-115.92 3.22 -189.76 0.58 -2.49 -1.10 
84.17 4.27 -181.54 -0.39 -0.84 -0.35 
135.84 1.63 -166.30 1.06 -1.72 -0.73 
-70.34 4.87 -160.71 -0.90 -0.90 0.11 
-19.92 2.90 -185.24 0.06 -0.35 -0.06 
1.35 0.64 -176.95 1.10 -0.74 -0.14 
157.53 5.71 -146.78 -0.13 0.04 -0.04 
-35.90 5.06 -179.34 -0.96 0.35 0.44 
-103.28 0.73 -185.51 1.87 -0.17 0.89 
33.60 4.25 -239.29 -0.62 0.10 0.82 
-0.82 4.25 -240.83 -0.81 0.20 0.93 
322.32 3.53 -249.04 -0.11 -0.19 1.45 
312.63 2.56 -261.83 0.37 -0.87 0.19 
-283.34 0.91 -291.91 2.11 -1.50 -0.81 
-62.60 1.27 -299.51 0.62 -0.87 0.05 
-69.64 3.93 221.73 -0.48 0.07 0.80 
-125.37 1.28 238.09 0.46 -0.34 0.46 
312.63 2.80 240.98 0.10 0.02 0.37 
-228.15 3.44 203.46 -0.28 -2.05 -0.40 
-270.96 0.65 157.30 2.57 -1.83 -0.46 
-21.42 1.82 150.89 0.46 -0.88 -0.07 
133.50 2.62 223.41 -0.02 -1.58 0.36 
133.15 5.73 204.31 -0.92 0.08 0.46 
-28.69 0.56 169.13 0.77 -0.15 0.66 
12.71 3.74 182.09 -0.14 -0.03 0.74 
-27.39 4.91 133.40 -1.17 0.26 0.86 
-224.16 1.35 179.28 0.35 -0.10 0.40 
312.63 3.34 133.85 0.08 -1.02 -0.29 
-72.91 3.91 124.01 -0.12 -0.81 0.25 
-31.50 1.64 128.68 1.26 -1.51 -0.95 
-41.91 4.49 117.50 -1.15 -1.31 0.24 
-161.74 1.82 124.97 2.01 -2.71 -1.01 
157.53 2.83 156.50 -0.03 -1.53 0.39 
-92.57 2.29 102.52 0.31 -0.43 0.51 
-78.77 5.43 83.06 -1.71 0.34 0.88 
-119.16 0.45 72.28 2.43 -0.61 1.38 
312.63 3.14 81.35 0.02 -0.14 0.41 
-192.40 3.67 25.65 -0.42 -1.49 -0.60 
-0.70 2.26 23.56 0.42 -0.73 -0.12 
-30.84 0.15 23.49 0.90 -0.29 -0.41 
-44.36 4.28 9.09 -1.13 -1.49 0.16 
-163.58 0.90 -33.17 2.27 -1.40 -0.72 
115.80 2.63 -11.90 -0.06 -1.95 -0.15 
157.53 4.90 -12.36 -0.68 0.69 -0.20 
71.69 2.89 -68.06 -0.13 0.55 0.52 
-115.46 0.89 -40.09 1.14 -0.05 0.54 
-90.54 5.92 -70.91 -1.83 0.29 0.55 
-73.88 3.69 -25.51 -0.30 -0.06 1.00 
-75.80 4.57 -41.34 -0.55 -0.12 0.71 
-42.08 4.79 -71.76 -0.93 -0.08 0.98 
-87.49 4.53 -102.86 -0.73 0.07 0.78 
-100.64 1.55 -76.66 0.35 0.07 0.30 
-223.68 5.87 -131.80 -0.61 -0.24 0.00 
-84.15 -0.82 -158.75 1.30 -0.02 -0.11 
-48.66 4.10 -168.92 -0.65 -1.33 -0.27 
23.91 1.02 -171.08 1.76 -1.35 -1.21 
157.53 2.08 -156.37 0.45 -1.87 -0.33 
69.68 5.31 -161.77 -0.42 0.19 0.32 
0.42 5.04 -202.96 -0.63 0.05 0.33 
-60.15 1.90 -194.50 0.60 -0.44 0.67 
-111.64 5.69 -200.68 -1.94 0.26 0.72 
-15.25 0.23 -204.86 2.17 -0.19 0.91 
-186.86 4.92 -178.65 -0.46 0.47 0.34 
-289.86 5.08 -234.07 -0.66 -0.63 -0.44 
-242.55 3.17 -261.86 0.13 -2.12 -1.78 
106.47 0.62 -258.65 1.72 -0.92 -0.17 
-129.25 0.83 -279.68 0.91 -0.82 -0.18 
-63.84 3.95 -288.87 -0.56 -1.20 -0.36 
-16.21 1.42 -311.66 2.11 -1.98 -0.12 
-80.19 1.52 -313.39 0.76 -1.42 -0.27 
4.35 3.07 -298.40 -0.22 -1.08 -0.35 
42.29 5.37 -316.68 -1.60 0.70 -0.13 
-50.32 2.94 -308.40 0.11 -0.36 0.66 
312.63 5.08 -291.51 -0.96 0.30 0.51 
312.63 2.15 315.01 0.86 -1.55 -0.93 
-106.77 4.06 304.36 -0.49 -0.99 -0.32 
-106.78 0.62 269.49 2.25 -1.07 -0.56 
-69.33 0.99 264.98 0.92 -0.93 -0.11 
-16.39 4.33 259.52 -0.82 -1.31 0.07 
-289.40 0.04 204.38 3.22 -1.12 -0.64 
-57.96 1.83 209.38 0.63 -1.45 -0.13 
157.53 2.30 248.42 0.27 -0.91 -0.31 
1.03 5.85 244.53 -0.97 0.21 0.25 
-29.91 3.36 207.97 -0.19 0.16 0.65 
-100.60 1.39 212.70 0.99 -0.81 0.75 
-19.58 4.96 217.32 -1.33 0.21 1.22 
-114.53 2.78 177.24 0.00 0.05 0.81 
-120.09 1.91 202.27 0.42 -0.79 0.34 
312.63 3.89 176.81 -0.15 -0.48 0.50 
-144.95 3.77 156.12 -0.40 -1.93 0.14 
312.63 1.19 118.54 3.18 -1.83 -1.41 
-5.09 1.17 109.31 0.80 -1.11 -0.01 
-0.61 3.49 106.60 -0.18 -1.06 0.15 
-163.77 0.92 50.95 2.83 -1.17 -1.08 
5.19 1.40 60.24 0.81 -1.43 0.09 
157.53 2.37 61.69 0.15 -0.25 0.26 
-33.15 4.69 20.31 -0.50 -0.04 0.51 
-135.44 1.46 33.43 1.00 -0.77 0.60 
-51.41 4.98 33.42 -1.24 0.14 1.12 
-94.57 2.50 -6.58 0.05 -0.07 0.74 
-50.82 3.35 -43.54 -0.27 -2.15 0.11 
-180.46 -0.03 -89.52 1.68 -0.44 -0.05 
20.48 0.84 -91.99 0.96 -1.00 -0.16 
22.87 1.31 -119.32 0.26 -0.02 0.19 
12.61 0.51 -110.61 1.54 -0.14 -0.89 
-10.33 -0.54 -195.41 2.46 -0.50 0.71 
-30.42 4.45 -186.33 -0.48 0.11 0.80 
-86.38 4.49 -190.39 -0.43 0.28 0.46 
312.63 1.36 -221.91 1.26 -1.28 0.62 
312.63 2.98 -211.26 0.25 -1.00 0.12 
43.77 1.36 -209.37 1.09 -1.46 -0.93 
61.61 2.47 -204.42 0.11 -1.74 -0.32 
25.89 5.79 -199.64 -1.18 0.20 0.12 
6.00 0.10 -225.28 1.58 -0.66 0.92 
-16.08 4.10 -217.63 -0.39 -0.19 0.82 
-96.48 0.81 -254.84 1.06 -0.49 0.49 
-299.77 4.86 -250.13 -1.18 0.69 0.45 
-258.15 3.11 -291.58 0.47 -2.84 -1.25 
5.54 1.66 -301.98 0.61 -0.71 0.00 
-16.32 -0.22 -298.00 1.15 -0.30 -0.29 
-65.25 4.21 -309.19 -0.75 -1.19 -0.15 
-6.29 1.45 -326.01 0.62 -0.44 0.43 
-88.34 -0.13 -317.53 1.41 -0.62 -0.42 
22.87 3.94 -288.51 -0.81 -1.64 -0.07 
-111.42 0.51 303.22 1.78 -0.35 1.24 
-58.24 4.16 318.29 -0.39 -0.02 0.81 
-47.73 4.74 283.12 -1.03 0.32 0.88 
-31.32 0.83 263.50 1.24 0.08 0.96 
-66.70 2.11 290.34 0.13 -0.04 0.25 
312.63 1.64 273.22 0.66 -0.55 0.83 
-121.36 3.58 251.48 -0.17 -1.40 0.22 
105.61 1.46 283.82 1.62 -1.37 -0.28 
151.99 -0.02 293.69 1.10 -0.47 -0.41 
-57.68 4.15 279.06 -0.65 -1.23 0.61 
-81.74 0.61 229.65 1.75 -1.22 0.10 
-91.73 1.54 236.26 0.68 -1.37 0.10 
157.53 2.57 275.75 0.11 -1.52 0.41 
118.38 4.13 255.42 -0.27 -0.41 0.37 
-54.32 3.43 221.56 -0.22 0.18 0.49 
-59.83 1.33 242.80 0.73 -0.59 0.58 
-103.98 4.11 236.17 -1.21 1.07 1.62 
41.56 0.02 180.75 2.78 -0.92 0.22 
-316.42 3.47 209.04 -0.11 0.06 0.43 
312.63 2.64 163.24 0.27 -1.57 0.03 
-113.51 1.85 155.17 0.59 -0.91 0.26 
-254.90 0.81 122.68 1.81 -1.18 -0.72 
-110.19 1.10 112.72 0.65 -0.75 0.04 
112.97 3.15 102.85 -0.01 -0.54 0.37 
68.34 0.84 101.72 2.00 -1.88 -0.45 
157.53 1.35 84.80 0.78 -0.49 0.35 
-33.39 5.10 68.12 -1.05 0.35 0.69 
-21.11 -0.56 49.48 2.53 0.03 0.44 
-79.96 5.31 55.05 -2.25 0.26 1.29 
-255.61 0.49 62.16 1.30 -0.11 0.61 
-131.44 2.93 -2.26 0.47 -1.97 -1.84 
-121.22 2.41 -68.20 0.24 -1.11 0.08 
-109.24 1.60 -117.17 0.63 -1.20 0.00 
-41.53 4.67 -152.36 -0.82 0.48 0.46 
-91.19 4.89 -140.07 -1.49 0.42 1.21 
-57.84 3.02 -144.85 0.18 -2.28 -0.53 
-76.93 1.14 -199.67 0.72 -0.90 -0.16 
-6.93 1.91 -213.93 0.41 -0.53 0.20 
-186.64 0.03 -217.48 1.12 -0.45 -0.31 
157.53 1.64 -163.77 0.89 -1.08 0.49 
74.04 5.58 -192.79 -0.73 0.25 0.30 
-74.70 0.07 -214.84 1.77 -0.61 1.08 
-39.47 4.73 -210.74 -1.41 0.55 1.21 
-81.83 0.70 -240.04 1.15 -0.38 0.81 
-75.73 4.82 -221.17 -0.70 0.35 0.44 
312.63 2.41 -256.10 0.55 -1.30 0.97 
-85.70 1.96 -266.70 0.90 -1.29 -0.40 
-69.66 1.11 -288.13 0.67 -0.78 -0.16 
63.00 3.38 -305.63 -0.04 -0.75 0.33 
-102.58 0.70 -276.54 0.92 -0.71 0.03 
157.53 2.16 -253.22 0.31 -0.89 0.14 
45.84 5.36 -268.81 -0.79 -0.01 0.47 
-65.51 0.84 -315.72 1.15 -0.09 0.99 
-34.50 4.08 -293.91 -0.40 0.02 0.90 
-19.17 3.21 299.57 -0.17 0.23 0.66 
312.63 4.46 319.45 -0.20 0.13 0.21 
-213.06 2.50 250.18 0.89 -2.36 -0.72 
-41.45 3.07 256.83 0.03 -0.61 0.05 
-89.05 -0.02 251.78 1.29 -0.56 -0.15 
10.87 3.01 251.14 0.06 -0.79 0.08 
151.47 2.89 305.58 -0.27 -1.84 -0.02 
-96.67 0.46 268.06 1.53 -0.35 1.40 
-116.45 1.03 234.62 0.89 -0.31 0.80 
-222.30 3.28 203.59 -0.04 -1.75 -0.80 
-77.76 3.18 126.20 -0.09 -0.93 0.10 
157.53 0.17 111.98 1.42 -0.52 0.42 
-93.00 3.62 37.65 -0.30 0.12 0.88 
-299.41 2.53 70.41 0.71 -1.26 -0.19 
0.19 0.85 78.64 1.02 -0.85 -0.44 
-58.98 2.61 69.02 0.10 -0.95 0.07 
-147.06 0.96 -11.50 1.01 -1.18 -0.13 
157.53 2.18 9.99 0.51 -1.64 0.20 
96.69 3.31 7.01 -0.01 -0.16 0.51 
-39.97 4.19 -33.07 -0.51 0.19 0.68 
-136.78 1.55 -29.63 0.74 -0.52 0.71 
-55.58 4.04 -25.93 -0.59 0.30 1.24 
-113.98 3.14 -65.53 -0.12 0.09 0.81 
-173.58 1.74 -42.72 0.43 -0.62 0.50 
-190.21 1.28 -90.29 2.05 -1.59 -0.85 
-6.37 2.75 -101.75 0.09 -0.87 0.45 
-12.32 1.05 -130.95 0.75 -0.27 0.38 
-117.34 -0.12 -119.81 1.23 -0.46 -0.02 
157.53 1.90 -110.76 0.59 -1.52 -0.17 
-3.03 2.24 -106.18 0.34 -0.21 0.71 
-104.71 4.51 -128.33 -0.80 0.57 0.88 
-58.53 -0.28 -141.88 3.35 -0.18 0.47 
-99.45 4.29 -141.99 -1.06 0.47 1.43 
1.99 0.45 -160.37 1.64 -0.49 0.69 
-56.48 2.34 -141.44 0.13 0.02 0.49 
312.63 1.74 -105.09 0.63 -0.61 0.30 
5.14 3.17 -131.72 -0.02 -1.94 -0.76 
-5.16 1.56 -140.29 0.37 -0.26 0.21 
-51.98 0.00 -132.04 1.32 -0.29 -0.38 
-90.38 3.98 -147.64 -0.59 -1.23 0.33 
5.87 0.90 -176.97 2.75 -2.52 -0.90 
-89.38 1.78 -171.93 0.65 -1.22 0.10 
157.53 2.27 -144.18 0.33 -1.11 0.17 
-1.23 3.87 -200.85 -0.40 0.04 1.13 
-80.68 5.08 -232.73 -1.11 0.17 0.87 
-121.34 -0.37 -237.70 3.14 0.00 0.54 
312.63 4.86 -212.44 -0.44 0.18 0.39 
-151.09 3.55 -267.85 0.09 -2.12 -0.52 
15.34 2.82 -300.66 0.14 -0.54 0.38 
-40.03 1.27 -302.05 0.59 -0.57 -0.81 
33.71 3.44 -271.47 -0.45 -1.86 -0.49 
-17.86 3.24 283.40 0.02 -0.12 0.66 
-101.35 5.35 245.89 -1.63 0.46 0.66 
-211.48 1.02 243.00 1.76 -0.93 0.65 
312.63 4.50 227.65 -0.27 -1.00 -0.13 
-75.88 2.94 186.77 0.55 -2.30 -0.92 
17.13 0.61 178.62 1.03 -0.33 -0.07 
-92.48 -0.24 175.84 0.98 -0.44 -0.11 
-37.77 5.00 161.39 -1.15 -0.90 -0.27 
-82.17 1.62 137.36 2.39 -2.66 -1.02 
157.53 0.82 118.16 1.03 -0.55 0.53 
-2.48 4.87 109.01 -0.46 -0.14 0.62 
-68.28 2.46 72.34 0.07 -0.02 0.52 
-32.96 4.78 91.29 -0.68 0.14 0.90 
-81.94 1.84 49.10 0.16 0.03 0.54 
-129.45 1.20 93.73 0.50 -0.22 0.48 
312.63 3.59 108.19 0.05 -0.93 -0.43 
-24.96 3.63 108.89 -0.37 -0.77 -1.50 
-17.66 0.40 98.95 1.09 0.00 -0.32 
-137.30 0.34 82.30 0.93 -0.36 -0.46 
-34.04 4.37 77.28 -0.90 -1.07 -0.60 
-57.82 2.05 87.48 0.68 -1.44 -1.46 
157.53 4.02 100.76 -0.78 -1.67 -0.11 
-31.89 3.16 93.62 -0.02 -0.59 0.53 
-12.72 5.50 59.18 -1.02 0.24 0.18 
-80.54 5.75 28.74 -1.32 -0.03 0.51 
-188.46 1.74 33.33 0.87 -0.75 0.51 
312.63 4.09 -35.94 -0.18 -0.83 -0.73 
-141.56 0.37 -85.05 0.64 -0.34 -0.32 
-44.01 4.85 -100.93 -0.75 -0.77 0.17 
-19.07 0.97 -102.14 0.67 -0.82 0.31 
157.53 1.62 -118.78 0.73 -0.27 0.82 
4.71 5.22 -143.59 -0.69 0.06 0.65 
-56.38 0.13 -171.95 0.95 -0.14 0.53 
4.51 3.68 -164.31 -0.11 0.02 0.78 
-65.67 0.42 -223.88 1.08 -0.65 -0.32 
-31.13 3.76 -221.94 -0.37 -1.10 -0.02 
60.71 0.80 -205.24 1.02 -1.02 -0.85 
70.56 2.98 -180.54 0.07 -0.27 0.51 
41.82 2.88 -179.06 0.13 -0.32 0.48 
-3.67 6.12 -189.66 -1.85 0.62 -0.02 
-277.88 2.07 -205.53 0.40 -0.51 0.55 
312.63 3.03 -212.16 0.04 -0.41 0.09 
-6.69 4.06 -232.32 -0.90 -2.06 -1.08 
-46.90 0.57 -257.65 2.07 -1.14 -0.39 
-116.03 0.70 -270.18 0.98 -0.89 -0.18 
-29.13 4.18 -274.51 -0.40 -0.81 0.28 
-94.73 -0.22 -276.38 2.64 -0.10 0.73 
-321.83 3.83 -261.03 -0.21 -0.20 0.48 
-218.77 3.57 -317.70 -0.21 -2.53 -1.14 
72.08 0.70 323.11 0.70 -0.39 0.00 
-20.19 0.18 -327.30 1.01 -0.37 -0.24 
-69.92 4.59 316.20 -0.71 -0.82 0.35 
-144.65 1.03 294.24 2.46 -1.83 -0.84 
157.53 2.34 285.81 0.24 -1.39 0.06 
100.09 1.73 292.71 0.59 -0.34 0.59 
4.22 4.56 272.23 -0.59 -0.04 0.75 
-153.18 2.73 196.68 0.91 -1.95 -0.55 
-171.28 0.71 178.02 0.73 -0.30 -0.12 
-61.44 0.43 170.90 0.95 -0.65 0.00 
11.65 4.22 159.87 -0.42 -0.80 0.12 
-150.09 1.00 163.69 1.93 -1.36 -0.60 
115.60 2.28 167.03 0.20 -1.36 0.44 
102.16 4.89 163.21 -0.23 -0.07 0.31 
-35.94 3.77 117.78 -0.39 0.12 0.67 
-251.12 1.56 129.18 0.61 -0.25 0.75 
-98.16 5.88 128.29 -2.36 0.57 0.98 
-67.59 0.48 113.50 1.35 -0.37 0.75 
-207.14 4.15 141.26 -0.48 0.31 0.64 
-243.92 4.36 86.12 -0.48 -0.76 -0.33 
35.45 1.41 7.40 1.81 -1.91 -0.47 
157.53 1.67 16.11 1.13 -1.13 1.12 
33.19 5.70 9.54 -0.42 0.13 0.29 
-92.59 1.47 -37.47 0.34 0.13 0.52 
-27.21 4.33 -26.97 -0.85 0.24 1.14 
-94.70 2.28 -67.22 0.19 0.13 0.63 
-289.70 1.80 -28.13 0.20 -0.19 0.38 
-44.43 4.08 -64.94 -0.29 -0.71 -0.24 
-101.48 1.47 -72.22 1.09 -1.37 -0.59 
-38.61 3.75 -80.52 -0.62 -1.50 -0.07 
-67.68 0.46 -108.97 0.77 -0.29 -0.09 
-8.22 1.96 -103.90 0.43 -1.18 0.04 
-178.42 1.35 -272.40 1.28 -0.73 0.75 
312.63 5.58 -309.56 -0.64 -0.14 0.39 
-2.99 -0.08 259.46 1.19 -0.20 0.01 
109.48 2.01 274.76 0.55 -1.70 -0.19 
157.53 4.94 288.71 -0.26 -0.23 0.16 
-6.57 1.87 230.61 0.12 0.16 0.49 
58.66 3.09 238.28 0.07 -0.02 0.71 
-48.22 5.33 199.62 -1.38 0.17 0.84 
-283.61 0.89 210.54 1.04 -0.39 0.63 
-25.92 1.12 128.82 0.59 -0.47 0.11 
33.38 4.19 108.70 -0.19 0.03 0.64 
-41.06 4.06 75.10 -0.47 0.16 0.67 
-146.59 1.28 69.46 0.83 -0.62 0.64 
-79.32 5.35 67.25 -2.64 0.84 1.59 
-51.51 -0.79 69.97 3.15 -0.23 0.70 
312.63 4.42 89.69 -0.46 0.51 0.48 
-160.17 3.98 52.68 -0.57 -1.45 0.40 
-310.36 0.38 -2.74 3.29 -1.80 -0.96 
9.50 4.33 -15.17 -0.88 -1.22 0.38 
-42.48 0.68 -70.59 1.50 -1.14 -0.42 
157.53 1.20 -68.25 0.64 -0.77 0.77 
94.48 5.15 -65.60 -0.26 -0.09 0.35 
-26.54 4.48 -110.09 -0.37 0.08 0.41 
3.00 2.48 -97.77 0.23 -0.28 0.60 
-3.03 4.52 -141.63 -0.76 0.21 0.87 
323.84 3.18 -105.01 -0.04 -0.35 0.17 
-321.17 3.78 -149.79 -0.15 -1.36 0.00 
-23.46 5.03 -148.96 -0.63 -0.64 0.16 
12.98 0.83 -137.81 1.25 -0.93 -0.52 
-71.13 4.44 -147.58 -0.47 -0.70 0.50 
157.53 0.37 -126.94 1.63 -1.12 -0.33 
143.97 1.95 -115.55 0.35 -0.16 0.26 
-57.91 5.21 -156.40 -0.84 0.36 0.43 
-171.73 2.07 -143.74 0.56 -0.61 0.83 
-166.35 4.94 -161.80 -1.31 0.40 0.96 
326.04 1.06 -125.03 0.98 -0.25 0.69 
312.63 3.93 -156.23 0.00 0.01 0.04 
-82.25 3.26 -178.62 0.13 -1.92 -1.96 
-45.72 2.40 -162.67 0.22 -0.69 -0.02 
