-40.36 75.16 51.24 -0.07 -0.60 0.17 3616.00
-45.26 77.46 55.69 -0.11 -0.45 0.16 3647.00
-51.28 79.14 59.63 -0.18 -0.43 0.11 3678.00
-57.59 80.33 63.12 -0.27 -0.36 0.06 3708.00
-64.48 80.50 66.55 -0.39 -0.36 0.10 3739.00
-70.91 79.38 69.77 -0.46 -0.36 0.19 3770.00
-76.46 77.10 72.73 -0.51 -0.31 0.31 3801.00
-81.76 74.48 75.53 -0.46 -0.26 0.43 3831.00
-87.08 72.55 78.21 -0.55 -0.24 0.51 3862.00
-91.53 70.06 80.87 -0.70 -0.22 0.63 3893.00
-95.31 68.40 83.34 -0.57 -0.13 0.65 3923.00
-99.34 68.70 85.20 -0.65 -0.03 0.59 3954.00
-104.17 69.48 86.41 -0.79 0.01 0.56 3985.00
-108.56 70.27 86.77 -0.94 -0.06 0.60 4016.00
-111.18 71.07 86.89 -1.04 -0.04 0.53 4046.00
-113.78 72.24 86.35 -1.13 0.04 0.44 4078.00
-116.30 72.98 85.12 -1.26 -0.02 0.41 4109.00
-118.39 73.39 83.83 -1.34 -0.09 0.37 4140.00
-120.17 73.41 82.72 -1.39 -0.18 0.42 4170.00
-120.73 73.89 82.03 -1.45 -0.28 0.36 4202.00
-121.28 74.29 81.61 -1.41 -0.23 0.34 4233.00
-122.08 74.44 81.37 -1.61 -0.32 0.41 4263.00
-122.00 75.37 81.90 -1.53 -0.27 0.30 4294.00
-122.13 76.05 83.16 -1.56 -0.23 0.23 4326.00
-122.71 76.15 84.86 -1.73 -0.26 0.21 4357.00
-123.57 75.23 86.43 -1.51 -0.27 0.38 4387.00
-123.64 73.98 88.76 -1.46 -0.33 0.58 4419.00
-121.59 73.45 92.20 -1.30 -0.32 0.60 4450.00
-117.91 74.11 95.96 -1.06 -0.11 0.51 4481.00
-115.10 75.31 98.68 -1.05 0.02 0.41 4511.00
-112.61 76.81 100.53 -0.87 0.06 0.40 4542.00
-110.39 79.81 101.15 -0.76 0.11 0.28 4574.00
-108.56 83.23 100.74 -0.72 0.10 0.18 4604.00
-106.34 86.62 99.82 -0.69 0.05 0.12 4635.00
-103.96 89.74 98.45 -0.62 0.03 0.07 4667.00
-102.15 92.75 96.82 -0.55 -0.04 0.01 4698.00
-100.24 94.95 95.25 -0.55 -0.11 0.05 4728.00
-98.26 97.80 93.55 -0.45 -0.15 -0.04 4759.00
-96.19 101.12 91.60 -0.51 -0.20 -0.12 4790.00
-94.36 104.16 89.92 -0.56 -0.25 -0.21 4822.00
-92.46 106.85 88.74 -0.49 -0.29 -0.21 4852.00
-90.05 109.73 88.00 -0.49 -0.32 -0.31 4883.00
-87.07 112.47 87.67 -0.56 -0.32 -0.39 4914.00
-84.28 114.47 87.73 -0.54 -0.39 -0.46 4944.00
-80.68 116.43 88.46 -0.47 -0.49 -0.60 4974.00
-76.45 118.70 89.20 -0.38 -0.45 -0.85 5005.00
-74.62 121.23 88.51 -0.32 -0.46 -1.25 5036.00
-75.55 123.16 87.37 -0.37 -0.71 -1.43 5066.00
-77.06 124.20 86.54 -0.28 -0.74 -1.30 5097.00
-79.15 124.43 85.68 -0.33 -0.71 -1.31 5128.00
-81.99 123.98 85.43 -0.30 -0.69 -1.14 5158.00
-84.44 122.63 85.96 -0.34 -0.60 -0.95 5189.00
-86.26 120.51 86.97 -0.31 -0.46 -0.83 5220.00
-88.27 117.93 88.13 -0.33 -0.34 -0.68 5251.00
-90.85 115.03 89.25 -0.31 -0.26 -0.50 5280.00
-93.83 112.09 90.33 -0.33 -0.24 -0.38 5311.00
-95.95 109.04 91.88 -0.41 -0.23 -0.26 5342.00
-97.39 105.62 93.60 -0.44 -0.15 -0.24 5372.00
-99.41 101.86 95.24 -0.49 -0.08 -0.14 5404.00
-102.11 98.07 96.43 -0.44 -0.01 -0.04 5435.00
-105.88 94.02 96.73 -0.51 0.00 0.04 5466.00
-109.46 88.49 96.66 -0.58 -0.04 0.21 5496.00
-112.81 83.25 96.48 -0.52 -0.01 0.36 5527.00
-117.34 79.80 95.51 -0.55 0.08 0.35 5559.00
-123.23 77.03 93.59 -0.71 -0.01 0.46 5590.00
-127.51 73.96 91.64 -0.91 -0.17 0.65 5620.00
-129.70 71.85 90.24 -1.07 -0.24 0.74 5651.00
-129.88 70.28 89.73 -1.16 -0.11 0.67 5682.00
-130.43 70.50 88.73 -1.17 -0.09 0.64 5713.00
-129.21 69.99 88.27 -1.39 -0.17 0.56 5744.00
-128.43 70.84 87.31 -1.17 -0.06 0.38 5775.00
-129.43 72.29 85.25 -1.44 -0.05 0.24 5807.00
-130.42 71.81 82.97 -1.65 -0.15 0.58 5837.00
-130.28 73.41 80.62 -1.81 -0.21 0.70 5868.00
-131.05 75.50 79.00 -2.49 -0.11 0.29 5899.00
-131.01 74.20 78.46 -2.20 -0.18 0.58 5931.00
-131.03 74.50 78.88 -2.04 -0.12 0.32 5961.00
-131.57 73.97 79.47 -1.96 -0.07 0.28 5992.00
-132.33 72.30 80.02 -2.00 -0.13 0.45 6023.00
-132.28 70.13 81.06 -1.79 -0.24 0.75 6054.00
-130.94 71.05 82.61 -1.49 -0.20 0.51 6085.00
-129.29 72.76 84.39 -1.46 -0.14 0.36 6116.00
-126.84 73.26 86.24 -1.31 -0.11 0.40 6147.00
-123.54 73.71 87.72 -1.02 -0.10 0.52 6177.00
-120.12 75.45 88.52 -0.85 -0.01 0.44 6209.00
-118.01 77.36 88.01 -0.72 -0.01 0.46 6240.00
-116.17 79.29 86.61 -0.59 -0.11 0.50 6270.00
-114.77 83.15 84.83 -0.53 -0.17 0.35 6301.00
-113.31 86.60 82.96 -0.58 -0.28 0.31 6332.00
-110.64 89.71 81.72 -0.61 -0.34 0.29 6363.00
-107.74 91.19 80.73 -0.46 -0.33 0.35 6393.00
-105.74 94.68 79.66 -0.26 -0.28 0.19 6423.00
-104.40 99.83 78.53 -0.24 -0.29 -0.02 6455.00
-103.01 104.89 77.64 -0.29 -0.28 -0.22 6484.00
-102.02 109.62 77.14 -0.40 -0.26 -0.36 6515.00
-101.00 113.80 77.00 -0.37 -0.18 -0.42 6546.00
-100.50 117.78 76.86 -0.45 -0.14 -0.59 6577.00
-100.20 120.96 76.83 -0.51 -0.16 -0.70 6607.00
-99.19 123.69 77.18 -0.48 -0.20 -0.79 6638.00
-97.05 126.17 77.81 -0.48 -0.29 -1.17 6669.00
-93.47 126.82 77.59 -0.36 -0.37 -1.26 6700.00
-93.14 127.42 75.53 -0.24 -0.46 -1.39 6730.00
-95.98 128.43 73.51 -0.28 -0.72 -1.35 6761.00
-97.73 128.20 72.94 -0.42 -0.86 -1.11 6792.00
-97.50 126.38 73.71 -0.40 -0.72 -0.99 6821.00
-96.97 124.03 75.36 -0.34 -0.53 -0.89 6852.00
-98.03 121.29 77.14 -0.35 -0.40 -0.68 6883.00
-99.78 118.54 78.88 -0.35 -0.35 -0.59 6914.00
-101.85 115.58 80.39 -0.40 -0.33 -0.46 6944.00
-104.36 112.37 82.32 -0.39 -0.29 -0.38 6974.00
-106.11 109.32 84.89 -0.42 -0.28 -0.30 7005.00
-107.23 105.18 87.53 -0.38 -0.23 -0.23 7035.00
-108.09 101.13 91.38 -0.46 -0.30 -0.18 7066.00
-107.64 96.67 96.47 -0.47 -0.17 -0.03 7098.00
-107.23 90.16 101.13 -0.43 0.02 0.24 7129.00
-109.49 86.33 104.33 -0.33 0.20 0.34 7159.00
-113.35 83.72 106.31 -0.54 0.27 0.46 7190.00
-118.04 81.32 107.60 -0.48 0.32 0.56 7221.00
-122.81 80.62 107.97 -0.66 0.26 0.62 7251.00
-126.69 80.15 108.08 -0.91 0.31 0.55 7282.00
-129.21 78.37 108.68 -0.97 0.27 0.77 7313.00
-129.26 77.58 109.88 -0.86 0.36 0.81 7344.00
-128.68 78.33 110.87 -0.92 0.49 0.53 7374.00
-128.91 79.21 111.44 -0.96 0.62 0.42 7405.00
-130.18 79.63 110.97 -1.07 0.61 0.37 7436.00
-131.90 80.21 109.39 -1.03 0.67 0.21 7468.00
-134.98 80.70 106.20 -1.15 0.71 0.09 7498.00
-139.73 78.84 102.26 -1.33 0.37 1.15 7529.00
-140.82 81.63 100.14 -1.68 0.25 0.61 7560.00
-140.58 82.86 99.27 -1.91 0.68 0.14 7590.00
-141.24 81.81 99.19 -1.82 0.55 0.53 7622.00
-140.53 81.09 100.28 -1.72 0.56 0.45 7653.00
-140.52 80.63 101.45 -1.70 0.66 0.48 7684.00
-141.17 80.25 102.77 -1.70 0.48 0.70 7714.00
-140.48 80.63 105.17 -1.63 0.32 0.72 7745.00
-138.94 81.88 107.85 -1.42 0.46 0.45 7777.00
-138.47 83.51 109.06 -1.23 0.45 0.30 7808.00
-138.71 84.29 108.93 -1.21 0.46 0.38 7838.00
-139.00 84.23 108.04 -0.93 0.24 0.71 7869.00
-137.68 86.35 107.19 -0.72 0.14 0.65 7901.00
-135.11 88.73 106.43 -0.53 0.14 0.55 7930.00
-132.42 92.41 105.13 -0.37 0.20 0.39 7961.00
-130.73 96.27 103.44 -0.43 0.12 0.44 7992.00
-127.79 99.67 101.59 -0.43 0.10 0.33 8023.00
-125.32 104.36 99.35 -0.42 0.10 0.17 8054.00
-123.60 108.31 96.98 -0.51 -0.00 0.12 8085.00
-121.02 111.17 95.09 -0.52 -0.08 0.08 8116.00
-118.00 113.87 93.43 -0.43 -0.16 -0.04 8146.00
-114.07 116.63 91.61 -0.48 -0.21 -0.16 8178.00
-110.73 118.79 90.01 -0.49 -0.25 -0.28 8209.00
-108.12 120.56 88.71 -0.38 -0.32 -0.30 8239.00
-104.71 122.66 87.92 -0.38 -0.45 -0.34 8269.00
-100.12 124.95 87.71 -0.35 -0.43 -0.55 8300.00
-96.64 128.10 87.15 -0.31 -0.40 -0.82 8331.00
-94.83 131.24 86.01 -0.39 -0.53 -1.10 8361.00
-94.11 133.25 85.01 -0.48 -0.72 -1.25 8392.00
-93.30 134.03 84.85 -0.40 -0.89 -1.30 8423.00
-92.40 134.16 85.47 -0.39 -0.89 -1.32 8453.00
-92.15 133.41 86.59 -0.38 -0.77 -1.22 8483.00
-92.90 131.88 87.76 -0.39 -0.66 -0.97 8514.00
-95.22 129.89 88.37 -0.32 -0.53 -0.77 8545.00
-98.65 128.67 88.73 -0.24 -0.50 -0.72 8576.00
-102.20 127.69 88.96 -0.36 -0.42 -0.73 8606.00
-105.92 124.84 89.60 -0.40 -0.39 -0.59 8637.00
-109.44 121.61 90.78 -0.31 -0.32 -0.50 8668.00
-112.06 118.86 92.20 -0.33 -0.23 -0.38 8697.00
-114.59 115.17 93.62 -0.41 -0.13 -0.34 8729.00
-117.36 111.93 94.86 -0.48 -0.07 -0.26 8760.00
-121.66 106.77 95.08 -0.58 -0.07 0.01 8791.00
-126.08 99.74 94.96 -0.23 -0.19 0.55 8821.00
-130.16 101.51 95.04 -0.51 -0.20 0.06 8852.00
-133.31 97.26 95.22 -0.92 -0.17 0.29 8884.00
-135.64 92.98 95.49 -0.50 -0.12 0.53 8914.00
-138.20 92.51 95.61 -0.75 -0.12 0.47 8945.00
-139.40 89.79 95.38 -0.83 -0.04 0.60 8976.00
-140.23 89.19 94.45 -0.86 -0.01 0.41 9007.00
-141.87 88.55 93.18 -1.42 0.05 0.56 9037.00
-142.27 84.98 92.02 -1.77 0.02 0.82 9069.00
-142.09 86.07 91.18 -1.42 0.10 0.58 9100.00
-142.82 86.83 90.57 -2.43 0.40 0.30 9131.00
-144.06 85.55 89.06 -1.89 0.29 0.64 9161.00
-145.57 85.85 87.76 -2.26 0.29 0.31 9193.00
-146.86 84.03 88.57 -2.24 0.10 0.73 9224.00
-146.96 84.04 90.46 -2.05 0.20 0.45 9254.00
-147.78 84.17 92.54 -1.60 0.34 0.46 9285.00
-148.90 83.91 94.64 -1.41 0.31 0.50 9317.00
-149.48 83.44 96.47 -1.15 0.31 0.53 9348.00
-148.70 83.67 98.20 -0.91 0.24 0.69 9378.00
-145.39 85.45 99.80 -0.84 0.28 0.47 9409.00
-142.98 87.49 99.88 -0.70 0.34 0.38 9440.00
-141.98 89.46 98.93 -0.72 0.12 0.44 9470.00
-139.46 91.83 98.06 -0.78 -0.01 0.29 9502.00
-136.75 92.68 96.99 -0.66 -0.04 0.36 9533.00
-134.28 94.38 95.03 -0.59 -0.12 0.35 9564.00
-132.60 97.33 92.78 -0.54 -0.19 0.27 9594.00
-131.76 100.65 90.02 -0.66 -0.33 0.28 9625.00
-130.52 104.77 88.62 -0.68 -0.41 0.14 9656.00
-128.33 108.55 88.05 -0.58 -0.37 0.11 9688.00
-126.20 113.15 87.84 -0.50 -0.34 -0.04 9718.00
-124.33 117.82 88.10 -0.46 -0.31 -0.17 9749.00
-122.22 122.83 88.54 -0.42 -0.27 -0.32 9780.00
-120.44 127.25 89.07 -0.39 -0.21 -0.54 9810.00
-118.50 131.54 90.26 -0.44 -0.24 -0.77 9841.00
-115.28 134.41 92.65 -0.49 -0.25 -0.97 9872.00
-110.42 134.83 95.34 -0.39 -0.24 -1.06 9903.00
-106.29 135.04 97.01 -0.13 -0.27 -1.24 9933.00
-104.92 136.88 96.81 -0.02 -0.26 -1.48 9964.00
-107.86 138.84 94.89 -0.18 -0.45 -1.41 9995.00
-110.77 139.56 93.71 -0.28 -0.56 -1.27 10025.00
-111.50 139.17 93.73 -0.32 -0.44 -1.25 10056.00
-112.45 137.35 94.34 -0.27 -0.27 -1.08 10087.00
-114.48 135.46 94.84 -0.25 -0.19 -0.88 10118.00
-117.08 133.68 95.20 -0.32 -0.18 -0.75 10148.00
-119.61 131.36 95.64 -0.38 -0.16 -0.65 10179.00
-121.65 128.39 96.18 -0.37 -0.10 -0.53 10210.00
-123.86 125.31 96.78 -0.36 -0.07 -0.44 10241.00
-125.94 122.15 97.25 -0.35 -0.05 -0.39 10271.00
-127.80 118.90 97.46 -0.43 -0.00 -0.27 10302.00
-130.44 114.95 97.42 -0.50 0.03 -0.06 10334.00
-134.31 111.21 97.18 -0.51 0.01 0.08 10364.00
-137.99 108.35 96.63 -0.64 -0.01 0.05 10395.00
-141.41 104.50 95.43 -0.77 0.01 0.15 10427.00
-144.61 101.58 94.49 -0.83 -0.02 0.17 10458.00
-147.23 97.85 93.80 -0.99 -0.02 0.24 10489.00
-149.67 93.65 93.27 -0.96 -0.07 0.48 10520.00
-150.73 91.45 93.50 -1.01 -0.06 0.37 10551.00
-152.05 88.69 93.64 -1.10 0.07 0.54 10583.00
-152.96 86.79 93.58 -1.10 0.01 0.57 10613.00
-153.30 86.55 93.74 -1.08 0.15 0.40 10644.00
-154.24 85.10 93.45 -1.19 0.29 0.55 10675.00
-153.28 83.03 93.58 -1.16 0.22 0.65 10706.00
-151.02 82.34 93.51 -1.09 0.48 0.34 10737.00
-152.33 81.36 90.60 -1.17 0.66 0.48 10768.00
-157.29 80.81 86.37 -1.48 0.20 0.75 10799.00
-159.37 80.76 83.18 -1.72 -0.08 0.73 10830.00
-159.35 80.27 81.76 -2.07 0.11 0.55 10861.00
-159.80 78.81 81.45 -2.07 0.10 0.75 10892.00
-159.60 77.75 82.17 -2.14 0.11 0.83 10923.00
-158.76 76.08 84.40 -2.27 0.05 1.30 10954.00
-156.83 77.51 88.70 -2.09 -0.02 0.89 10985.00
-154.15 79.84 92.39 -1.94 0.19 0.50 11016.00
-152.61 80.51 94.29 -1.36 0.36 0.55 11047.00
-153.76 82.95 94.71 -0.90 0.15 0.57 11078.00
-153.70 85.77 95.14 -0.89 0.03 0.58 11109.00
-151.64 87.69 95.40 -0.68 0.04 0.55 11140.00
-149.95 90.64 94.59 -0.38 0.07 0.48 11170.00
-149.19 93.52 92.84 -0.49 -0.01 0.46 11201.00
-149.27 94.49 91.40 -0.33 -0.12 0.47 11232.00
-147.88 98.42 90.14 -0.14 -0.22 0.38 11262.00
-144.22 104.17 89.39 -0.37 -0.16 0.19 11293.00
-140.86 109.34 88.67 -0.33 -0.06 -0.02 11324.00
-138.34 113.12 87.45 -0.39 -0.07 -0.14 11355.00
-136.47 116.70 86.17 -0.38 -0.14 -0.17 11386.00
-134.59 120.43 84.85 -0.38 -0.17 -0.32 11417.00
-133.24 124.12 83.60 -0.41 -0.24 -0.47 11448.00
-131.75 127.45 83.16 -0.44 -0.32 -0.50 11479.00
-129.29 130.35 83.38 -0.39 -0.30 -0.65 11509.00
-126.04 133.40 84.07 -0.37 -0.26 -0.94 11540.00
-123.33 135.90 84.56 -0.41 -0.24 -1.27 11571.00
-122.14 137.41 84.77 -0.47 -0.34 -1.34 11601.00
-121.93 138.40 84.66 -0.41 -0.34 -1.34 11632.00
-122.54 138.90 84.48 -0.40 -0.40 -1.37 11663.00
-123.43 138.84 84.63 -0.40 -0.41 -1.31 11694.00
-124.35 137.79 85.10 -0.39 -0.37 -1.19 11724.00
-125.61 136.14 85.81 -0.33 -0.32 -1.02 11755.00
-127.35 134.21 86.68 -0.36 -0.25 -0.86 11786.00
-129.23 131.64 87.58 -0.33 -0.19 -0.69 11816.00
-131.31 128.85 88.68 -0.37 -0.17 -0.56 11848.00
-133.21 125.64 89.93 -0.36 -0.09 -0.41 11879.00
-135.31 123.06 91.07 -0.35 -0.05 -0.37 11909.00
-137.30 119.91 92.19 -0.45 -0.03 -0.29 11940.00
-139.48 116.21 93.30 -0.44 -0.01 -0.16 11971.00
-142.18 112.74 94.18 -0.43 0.01 -0.08 12002.00
-145.46 108.42 94.63 -0.49 0.04 0.05 12034.00
-149.32 103.56 94.84 -0.48 0.01 0.20 12064.00
-153.42 99.89 94.88 -0.59 -0.02 0.30 12095.00
-156.53 94.29 94.70 -0.75 -0.07 0.62 12126.00
-158.24 91.62 95.16 -0.75 -0.05 0.60 12156.00
-158.85 88.20 96.66 -0.93 0.05 0.73 12188.00
-158.50 85.76 98.33 -0.80 0.11 0.85 12218.00
-156.02 86.18 100.49 -0.82 0.24 0.54 12249.00
-154.74 86.66 101.81 -0.80 0.61 0.14 12280.00
-156.82 85.76 100.27 -0.86 0.56 0.24 12311.00
-159.95 84.32 96.98 -0.92 0.53 0.14 12342.00
-166.69 81.26 92.03 -1.03 0.37 1.02 12372.00
-171.45 82.64 87.20 -1.53 -0.29 1.53 12403.00
-171.56 85.61 84.79 -1.93 -0.03 0.15 12435.00
-171.42 84.12 82.32 -1.66 0.35 0.46 12466.00
-174.03 83.51 78.53 -1.86 0.22 0.77 12496.00
-175.83 83.07 76.40 -2.04 -0.09 0.85 12527.00
-175.12 82.77 77.50 -2.22 -0.09 0.83 12559.00
-173.72 83.06 80.23 -2.08 0.04 0.71 12590.00
-172.20 83.40 83.51 -1.96 0.09 0.72 12620.00
-170.15 83.78 87.12 -1.87 0.10 0.68 12652.00
-168.41 84.43 90.24 -1.69 0.16 0.58 12683.00
-167.41 85.03 92.53 -1.36 0.18 0.56 12713.00
-167.30 85.95 93.75 -1.15 0.19 0.59 12744.00
-167.78 87.35 94.28 -1.00 0.15 0.64 12776.00
-167.18 89.25 95.12 -0.85 0.03 0.77 12807.00
-164.14 91.97 95.94 -0.70 0.09 0.64 12837.00
-161.89 95.73 95.29 -0.48 0.22 0.55 12867.00
-160.75 100.14 93.50 -0.26 0.06 0.53 12898.00
-159.28 105.74 90.99 -0.02 -0.05 0.30 12930.00
-158.11 114.79 88.47 -0.28 -0.12 0.18 12960.00
-156.65 119.18 86.80 -0.35 -0.28 0.16 12991.00
-154.04 123.49 86.25 -0.18 -0.31 0.04 13022.00
-150.03 127.26 85.54 -0.06 -0.24 -0.18 13052.00
-147.24 132.71 84.42 -0.10 -0.28 -0.33 13083.00
-145.97 137.85 83.96 -0.23 -0.34 -0.58 13114.00
-143.29 141.52 85.19 -0.42 -0.44 -0.73 13145.00
-138.57 142.87 87.38 -0.33 -0.29 -0.84 13175.00
-134.25 144.05 89.41 -0.17 -0.18 -1.15 13206.00
-131.58 145.68 90.52 -0.07 -0.12 -1.39 13237.00
-131.62 147.60 89.53 -0.11 -0.17 -1.47 13267.00
-132.57 148.72 88.31 -0.38 -0.50 -1.36 13298.00
-132.29 148.00 87.88 -0.44 -0.55 -1.23 13329.00
-132.23 146.77 88.00 -0.35 -0.47 -1.22 13361.00
-133.24 145.13 88.14 -0.33 -0.44 -1.08 13391.00
-134.63 143.19 88.41 -0.35 -0.44 -0.98 13422.00
-136.36 140.49 88.86 -0.36 -0.40 -0.82 13453.00
-138.56 137.49 89.71 -0.34 -0.35 -0.65 13484.00
-140.88 134.39 90.97 -0.33 -0.30 -0.57 13514.00
-142.71 131.10 92.67 -0.38 -0.24 -0.46 13545.00
-144.30 126.97 94.50 -0.42 -0.19 -0.37 13575.00
-146.11 122.23 96.68 -0.36 -0.11 -0.23 13606.00
-148.22 118.57 98.28 -0.26 -0.05 0.01 13637.00
-149.16 112.94 98.81 -0.24 0.12 0.26 13668.00
-153.09 110.78 99.53 -0.49 0.22 0.12 13699.00
-158.44 106.90 99.27 -0.45 0.10 0.37 13730.00
-162.72 103.26 98.12 -0.57 0.04 0.43 13761.00
-167.40 100.04 96.99 -0.58 0.03 0.47 13792.00
-172.28 98.30 96.20 -0.78 -0.06 0.42 13822.00
-175.63 94.87 95.42 -0.96 -0.11 0.58 13853.00
-176.63 91.73 95.65 -0.96 -0.11 0.64 13885.00
-176.78 90.77 96.88 -1.06 0.07 0.55 13916.00
-175.61 89.01 98.79 -1.46 0.08 0.69 13946.00
-172.01 87.14 101.14 -1.37 0.36 0.65 13977.00
-169.15 87.73 101.52 -1.13 0.66 0.48 14009.00
-170.53 90.21 100.10 -1.24 0.69 0.25 14040.00
-173.12 91.57 97.01 -1.79 0.38 0.39 14070.00
-171.54 89.84 94.47 -1.63 0.40 0.51 14101.00
-172.45 90.55 92.50 -1.71 0.62 0.34 14133.00
-174.14 90.90 91.78 -1.98 0.38 0.48 14163.00
-173.68 90.40 92.93 -1.94 0.35 0.53 14194.00
-172.77 90.23 95.77 -1.82 0.40 0.56 14226.00
-170.58 89.75 99.91 -1.81 0.51 0.57 14257.00
-167.57 89.45 104.43 -1.61 0.63 0.52 14287.00
-163.77 89.39 108.39 -1.43 0.70 0.52 14318.00
-161.27 90.31 109.58 -1.20 0.79 0.50 14349.00
-161.88 92.56 108.41 -1.07 0.57 0.57 14381.00
-163.37 95.38 105.99 -0.94 0.36 0.61 14411.00
-164.22 98.59 104.03 -0.79 0.16 0.70 14442.00
-162.57 102.64 102.94 -0.56 0.12 0.56 14473.00
-160.16 107.01 101.64 -0.42 0.21 0.40 14503.00
-158.17 110.76 99.66 -0.30 0.22 0.36 14534.00
-157.45 113.90 96.80 -0.06 0.14 0.29 14565.00
-158.17 121.67 93.09 -0.17 -0.03 0.08 14596.00
-157.72 125.74 89.90 -0.28 -0.19 -0.06 14626.00
-156.47 128.85 87.69 -0.24 -0.36 -0.09 14657.00
-153.30 131.96 86.08 -0.17 -0.40 -0.21 14689.00
-149.80 135.03 85.35 -0.11 -0.41 -0.38 14720.00
-146.27 137.93 85.64 -0.13 -0.45 -0.60 14750.00
-142.19 140.92 87.00 -0.18 -0.43 -0.86 14781.00
-137.95 143.29 88.75 -0.32 -0.33 -1.13 14812.00
-135.10 144.26 90.37 -0.38 -0.25 -1.20 14842.00
-134.01 144.73 90.84 -0.34 -0.26 -1.11 14873.00
-134.54 146.39 90.32 -0.28 -0.34 -1.28 14904.00
-135.89 148.74 89.53 -0.32 -0.49 -1.56 14935.00
-136.89 149.25 89.39 -0.39 -0.53 -1.48 14965.00
-138.27 147.94 89.57 -0.26 -0.47 -1.29 14997.00
-140.19 146.19 90.06 -0.17 -0.40 -1.12 15028.00
-142.79 144.32 90.46 -0.20 -0.32 -1.00 15058.00
-145.89 141.48 91.12 -0.29 -0.28 -0.83 15089.00
-148.92 136.98 91.99 -0.28 -0.23 -0.56 15120.00
-152.13 132.58 93.16 -0.22 -0.19 -0.32 15151.00
-155.28 129.47 94.51 -0.26 -0.16 -0.22 15181.00
-158.24 126.24 95.55 -0.35 -0.14 -0.06 15212.00
-159.84 122.88 96.93 -0.43 -0.07 0.02 15243.00
-161.26 116.92 98.67 -0.51 0.06 0.12 15275.00
-164.32 111.33 99.93 -0.32 0.15 0.38 15305.00
-167.74 108.92 100.93 -0.46 0.08 0.42 15336.00
-170.04 104.61 101.77 -0.49 0.21 0.46 15367.00
-174.09 102.77 102.05 -0.55 0.16 0.53 15397.00
-176.09 99.13 102.55 -0.66 0.16 0.67 15428.00
-178.68 98.32 102.39 -0.60 0.26 0.48 15459.00
-180.94 97.16 102.98 -0.95 0.19 0.54 15491.00
-180.63 94.62 103.61 -0.91 0.23 0.63 15521.00
-179.12 94.36 104.46 -0.80 0.47 0.26 15552.00
-180.83 94.50 103.10 -1.12 0.76 0.23 15584.00
-182.35 92.06 101.08 -1.28 0.43 0.95 15614.00
-183.46 94.83 99.77 -1.36 0.39 0.28 15645.00
-185.51 95.25 96.49 -1.82 0.59 0.64 15676.00
-186.20 94.10 93.76 -1.89 0.62 0.59 15707.00
-186.68 92.76 91.95 -1.67 0.71 0.67 15738.00
-187.33 92.64 90.93 -1.85 0.60 0.63 15769.00
-187.26 92.50 90.90 -1.94 0.59 0.62 15800.00
-186.56 92.45 92.35 -1.96 0.50 0.71 15831.00
-184.14 91.77 95.91 -1.98 0.56 0.77 15862.00
-180.75 91.52 100.12 -1.74 0.64 0.64 15893.00
-177.61 91.86 102.81 -1.49 0.71 0.53 15924.00
-176.76 92.63 103.14 -1.29 0.67 0.58 15954.00
-178.29 94.23 101.58 -1.22 0.36 0.73 15986.00
-178.85 95.62 99.91 -1.18 0.11 0.60 16017.00
-178.24 94.34 98.83 -0.88 0.17 0.88 16048.00
-178.04 95.78 97.24 -0.15 -0.03 0.80 16078.00
-175.46 101.15 95.07 -0.24 -0.07 0.55 16109.00
-172.59 105.55 92.57 -0.16 0.01 0.33 16140.00
-172.05 111.77 89.54 -0.06 -0.14 0.27 16171.00
-169.96 116.74 86.65 -0.19 -0.30 0.15 16201.00
-168.33 119.56 83.51 0.04 -0.30 0.06 16232.00
-167.43 125.57 80.25 0.10 -0.39 -0.22 16264.00
-167.04 131.63 78.18 -0.17 -0.42 -0.45 16294.00
-167.04 135.14 78.08 -0.44 -0.50 -0.25 16324.00
-163.66 137.78 80.08 -0.32 -0.33 -0.44 16355.00
-159.84 140.54 82.56 -0.33 -0.06 -0.70 16386.00
-157.33 143.05 84.30 -0.49 0.08 -0.84 16416.00
-156.27 144.66 85.16 -0.61 0.07 -0.87 16447.00
-155.37 145.36 85.58 -0.56 -0.04 -0.87 16478.00
-154.33 146.40 85.83 -0.54 -0.15 -0.98 16508.00
-153.03 147.71 86.26 -0.53 -0.24 -1.16 16539.00
-151.66 149.34 86.92 -0.50 -0.31 -1.39 16571.00
-150.44 150.72 87.70 -0.35 -0.30 -1.60 16602.00
-151.05 151.45 87.86 -0.27 -0.24 -1.57 16632.00
-153.68 151.43 87.60 -0.24 -0.34 -1.38 16663.00
-155.94 150.41 88.02 -0.22 -0.32 -1.19 16694.00
-157.12 148.21 89.08 -0.22 -0.22 -1.01 16724.00
-158.18 144.93 90.60 -0.19 -0.11 -0.81 16755.00
-159.82 141.71 92.09 -0.15 0.00 -0.65 16786.00
-161.89 138.71 93.21 -0.20 0.07 -0.54 16817.00
-164.75 135.15 93.87 -0.26 0.09 -0.40 16847.00
-168.36 131.49 94.22 -0.29 0.01 -0.24 16878.00
-171.89 126.19 94.25 -0.29 -0.02 0.11 16910.00
-175.26 123.28 94.53 -0.32 -0.04 -0.00 16941.00
-178.07 117.59 94.69 -0.48 -0.03 0.19 16971.00
-181.64 111.32 94.64 -0.28 0.01 0.40 17002.00
-186.67 109.45 94.71 -0.38 0.00 0.29 17033.00
-192.20 104.21 94.29 -0.58 -0.04 0.47 17064.00
-197.97 100.06 93.98 -0.56 -0.22 0.80 17094.00
-200.35 96.49 94.39 -0.73 -0.32 0.95 17125.00
-200.75 95.38 95.03 -0.63 0.06 0.74 17156.00
-202.16 94.63 95.03 -1.12 0.11 0.78 17187.00
-200.70 93.15 95.59 -1.15 0.18 0.73 17218.00
-199.88 94.08 95.28 -1.04 0.40 0.44 17249.00
-200.75 94.45 94.06 -1.49 0.45 0.54 17280.00
-200.11 92.06 93.40 -1.61 0.33 0.99 17311.00
-197.92 93.39 91.94 -1.46 0.61 0.77 17342.00
-198.60 95.06 90.34 -2.13 0.78 0.77 17373.00
-200.02 94.86 89.76 -2.27 0.56 0.86 17403.00
-198.66 93.68 91.65 -1.92 0.56 0.76 17434.00
-197.16 92.86 94.87 -1.74 0.72 0.65 17466.00
-195.16 91.38 98.71 -1.58 0.74 0.76 17497.00
-192.69 90.05 103.51 -1.48 0.63 0.75 17527.00
-188.17 88.29 109.66 -1.21 0.57 0.62 17558.00
-182.29 86.44 115.63 -0.94 0.73 0.47 17589.00
-176.98 84.71 119.83 -0.72 0.89 0.45 17619.00
-171.68 82.79 122.19 -0.60 0.93 0.50 17650.00
-166.76 80.84 122.10 -0.37 1.07 0.48 17682.00
-164.51 80.72 118.30 -0.02 1.02 0.47 17713.00
-164.44 82.29 112.15 -0.18 0.82 0.53 17743.00
-164.58 84.36 104.90 -0.11 0.42 0.51 17774.00
-164.88 87.86 97.30 -0.07 0.22 0.41 17805.00
-166.08 93.06 89.94 -0.09 0.02 0.28 17836.00
-166.72 99.14 83.78 -0.21 -0.12 0.05 17866.00
-165.77 103.95 78.83 -0.27 -0.26 -0.03 17897.00
-163.35 108.56 75.59 -0.32 -0.26 -0.19 17928.00
-160.41 112.51 73.20 -0.34 -0.26 -0.33 17958.00
-157.02 115.95 71.71 -0.48 -0.26 -0.41 17989.00
-153.59 118.36 71.00 -0.49 -0.22 -0.41 18021.00
-149.94 120.32 70.78 -0.51 -0.22 -0.46 18052.00
-146.58 122.50 70.49 -0.50 -0.18 -0.61 18082.00
-144.00 124.64 69.69 -0.55 -0.17 -0.74 18113.00
-142.41 126.69 68.51 -0.55 -0.24 -0.79 18144.00
-141.28 128.33 67.01 -0.57 -0.35 -0.84 18174.00
-140.75 129.55 65.25 -0.48 -0.44 -0.92 18205.00
-140.97 130.99 63.40 -0.43 -0.55 -1.03 18236.00
-141.59 132.33 62.24 -0.48 -0.72 -1.18 18267.00
-141.22 132.51 62.04 -0.47 -0.77 -1.19 18297.00
-141.07 132.01 62.41 -0.41 -0.73 -1.31 18328.00
-141.61 130.89 63.33 -0.41 -0.72 -1.20 18359.00
-143.11 128.64 64.60 -0.39 -0.67 -1.04 18390.00
-144.85 126.13 66.32 -0.34 -0.60 -0.88 18420.00
-146.71 123.03 68.25 -0.37 -0.46 -0.76 18450.00
-149.30 118.88 70.43 -0.34 -0.38 -0.60 18481.00
-152.08 114.62 72.88 -0.30 -0.30 -0.37 18511.00
-154.69 110.52 75.72 -0.27 -0.21 -0.19 18542.00
-156.19 106.31 78.56 -0.34 -0.16 -0.15 18573.00
-156.42 100.60 80.94 -0.25 -0.01 0.00 18605.00
-160.42 96.24 82.29 -0.13 0.19 0.10 18635.00
-168.32 93.13 82.66 -0.40 0.05 0.26 18666.00
-173.91 88.03 82.71 -0.28 -0.02 0.44 18697.00
-179.05 86.81 82.78 -0.45 0.01 0.41 18727.00
-183.58 82.94 82.87 -0.64 -0.04 0.61 18758.00
-186.87 80.48 83.31 -0.57 -0.05 0.68 18789.00
-189.79 79.47 84.00 -0.85 0.03 0.70 18820.00
-192.19 77.34 84.98 -0.97 0.07 0.80 18851.00
-193.31 77.24 86.26 -0.86 0.03 0.86 18881.00
-191.82 78.82 87.98 -1.11 0.22 0.65 18913.00
-190.34 80.77 89.04 -1.30 0.46 0.49 18944.00
-189.81 82.42 88.97 -1.58 0.59 0.40 18974.00
-189.63 83.09 87.91 -1.63 0.72 0.44 19005.00
-190.55 84.22 85.20 -1.48 0.73 0.34 19036.00
-193.25 85.18 82.30 -1.85 0.53 0.87 19067.00
-194.10 86.21 82.22 -2.19 0.35 0.47 19098.00
-192.60 84.40 83.99 -1.90 0.52 0.58 19129.00
-190.43 83.37 86.55 -1.62 0.78 0.56 19160.00
-188.85 82.66 90.13 -1.80 0.89 0.60 19191.00
-186.38 82.22 93.16 -1.44 0.88 0.59 19222.00
-184.81 83.56 94.82 -1.38 0.95 0.40 19253.00
-183.42 84.81 95.98 -1.36 0.78 0.32 19283.00
-182.09 85.80 96.07 -1.16 0.70 0.31 19314.00
-180.02 85.84 95.35 -0.94 0.60 0.50 19345.00
-177.32 87.04 92.71 -0.44 0.61 0.55 19376.00
-175.69 89.66 87.73 -0.46 0.39 0.65 19406.00
-173.93 92.68 82.19 -0.24 0.07 0.51 19437.00
-171.89 96.63 76.83 -0.13 -0.17 0.45 19468.00
-169.34 100.19 72.42 -0.25 -0.33 0.33 19497.00
-166.51 102.30 68.43 -0.09 -0.44 0.38 19529.00
-163.89 107.05 65.01 -0.07 -0.51 0.18 19560.00
-161.98 111.75 62.10 -0.20 -0.47 0.00 19591.00
-160.81 116.40 60.08 -0.19 -0.51 -0.12 19621.00
-158.62 122.28 59.23 -0.30 -0.58 -0.28 19653.00
-155.38 126.48 59.92 -0.34 -0.52 -0.46 19684.00
-151.91 130.27 61.09 -0.22 -0.34 -0.69 19715.00
-149.81 133.69 61.52 -0.27 -0.26 -0.89 19745.00
-149.04 136.51 61.20 -0.38 -0.32 -0.94 19776.00
-148.47 137.67 60.50 -0.36 -0.43 -0.93 19807.00
-147.76 138.53 59.88 -0.29 -0.62 -0.99 19837.00
-145.76 139.43 59.78 -0.28 -0.81 -1.12 19868.00
-143.66 139.82 60.16 -0.28 -0.84 -1.24 19899.00
-142.51 139.57 60.97 -0.22 -0.89 -1.26 19930.00
-141.74 139.19 61.87 -0.28 -0.91 -1.28 19960.00
-142.00 137.43 63.07 -0.32 -0.85 -1.14 19991.00
-143.06 134.98 64.51 -0.28 -0.82 -1.00 20022.00
-144.28 132.21 66.60 -0.30 -0.77 -0.85 20052.00
-182.32 83.58 98.61 -0.55 0.19 0.65 20451.00
-185.70 82.82 99.38 -0.92 0.21 0.70 20482.00
-187.49 81.37 100.20 -0.88 0.32 0.77 20513.00
-188.96 81.06 100.80 -1.03 0.45 0.76 20544.00
-188.90 79.84 101.72 -1.26 0.42 0.93 20575.00
-187.55 80.01 102.66 -1.09 0.61 0.70 20605.00
-188.35 81.49 102.22 -1.33 0.72 0.68 20636.00
-190.90 81.98 100.74 -1.31 0.64 1.72 20668.00
-193.95 87.05 97.82 -1.95 0.64 0.37 20699.00
-194.27 86.24 96.05 -1.71 0.55 0.41 20729.00
-195.09 85.73 95.60 -1.44 0.35 0.49 20760.00
-194.53 85.17 97.38 -1.74 0.39 0.50 20792.00
-191.84 82.97 100.41 -1.65 0.52 0.71 20823.00
-188.67 81.48 103.77 -1.42 0.74 0.73 20853.00
-186.18 80.83 106.49 -1.28 0.81 0.72 20884.00
-184.09 81.23 107.49 -1.11 0.77 0.54 20915.00
-182.97 82.11 107.68 -1.06 0.62 0.51 20946.00
-180.75 82.49 107.82 -0.93 0.50 0.45 20977.00
-177.38 82.30 107.35 -0.71 0.51 0.42 21008.00
-174.14 82.36 105.70 -0.57 0.58 0.40 21039.00
-171.94 81.54 102.67 -0.38 0.54 0.49 21069.00
-170.79 81.63 97.33 -0.16 0.33 0.60 21100.00
-170.36 83.53 91.11 -0.17 0.16 0.60 21131.00
-170.84 85.96 85.08 -0.23 -0.03 0.54 21161.00
-171.48 89.25 79.37 -0.18 -0.22 0.46 21191.00
-171.53 93.89 73.94 -0.23 -0.39 0.30 21222.00
-171.43 98.77 69.80 -0.27 -0.37 0.14 21253.00
-171.27 103.32 66.53 -0.28 -0.43 0.02 21283.00
-169.89 108.26 63.97 -0.36 -0.53 -0.13 21315.00
-167.53 112.14 62.83 -0.52 -0.53 -0.30 21345.00
-164.87 114.92 62.12 -0.53 -0.47 -0.38 21376.00
-163.13 116.94 61.06 -0.53 -0.45 -0.43 21406.00
-162.15 119.22 59.56 -0.52 -0.50 -0.56 21437.00
-161.75 121.75 57.98 -0.62 -0.67 -0.80 21468.00
-160.65 123.18 57.16 -0.83 -0.93 -0.90 21498.00
-158.04 123.29 57.55 -0.88 -1.03 -0.88 21529.00
-155.02 123.09 58.31 -0.75 -1.03 -0.94 21559.00
-153.82 123.17 59.02 -0.73 -1.04 -0.94 21590.00
-155.14 123.62 59.83 -0.72 -1.08 -0.87 21620.00
-156.94 123.60 61.30 -0.72 -1.07 -0.80 21651.00
-157.97 122.69 63.45 -0.65 -0.90 -0.74 21682.00
-159.33 121.22 66.18 -0.55 -0.70 -0.64 21712.00
-161.34 119.49 68.97 -0.49 -0.53 -0.53 21743.00
-175.09 110.95 77.54 -0.44 -0.17 -0.19 21866.00
-179.60 108.41 79.40 -0.42 -0.15 -0.04 21897.00
-184.05 105.38 80.88 -0.39 -0.14 0.07 21928.00
-187.98 103.22 82.05 -0.40 -0.08 0.04 21959.00
-192.68 98.75 82.71 -0.42 -0.04 0.21 21990.00
-198.06 94.80 83.26 -0.32 -0.05 0.37 22021.00
-203.07 92.76 83.60 -0.50 -0.06 0.37 22051.00
-207.30 88.13 83.59 -0.58 -0.10 0.69 22082.00
-210.56 85.65 83.50 -0.44 -0.03 0.67 22113.00
-214.39 85.13 83.46 -0.75 0.00 0.68 22145.00
-216.29 82.82 83.35 -0.93 -0.12 0.87 22175.00
-216.00 82.23 83.22 -0.91 0.05 0.60 22206.00
-217.70 81.35 81.99 -1.14 0.10 1.08 22237.00
-218.07 82.58 80.81 -1.62 -0.06 0.86 22267.00
-219.22 83.97 79.47 -1.98 0.13 1.03 22298.00
-221.64 86.52 77.16 -2.16 0.14 0.37 22330.00
-222.80 85.99 75.93 -2.14 0.24 0.51 22361.00
-223.41 84.75 76.54 -2.28 0.13 0.75 22391.00
-222.29 83.78 79.28 -2.40 0.30 0.78 22423.00
-220.32 83.11 83.60 -2.07 0.45 0.82 22454.00
-218.02 83.01 87.83 -1.81 0.56 0.74 22484.00
-215.71 83.26 91.27 -1.59 0.52 0.66 22515.00
-214.45 84.73 93.12 -1.29 0.40 0.51 22547.00
-213.79 85.85 94.03 -1.24 0.26 0.64 22578.00
-212.63 87.41 95.21 -0.96 0.16 0.57 22608.00
-211.09 89.78 96.34 -0.78 0.08 0.63 22639.00
-207.53 92.14 97.39 -0.67 0.07 0.59 22670.00
-203.68 94.97 97.53 -0.46 0.19 0.56 22701.00
-200.33 99.02 96.36 -0.30 0.22 0.40 22731.00
-197.41 102.86 94.03 -0.30 0.19 0.32 22762.00
-195.71 106.35 90.64 -0.33 0.11 0.33 22793.00
-194.94 109.04 87.55 -0.26 -0.03 0.28 22823.00
-192.49 113.06 84.70 -0.21 -0.18 0.16 22854.00
-189.61 116.57 82.44 -0.23 -0.20 0.00 22885.00
-186.50 119.42 80.63 -0.17 -0.27 -0.13 22916.00
-182.99 123.35 78.85 -0.27 -0.28 -0.32 22946.00
-180.61 126.16 77.79 -0.33 -0.32 -0.40 22977.00
-177.96 129.34 77.43 -0.29 -0.33 -0.45 23008.00
-174.12 133.05 77.65 -0.35 -0.30 -0.75 23038.00
-171.11 136.67 77.81 -0.36 -0.30 -1.18 23069.00
-170.30 138.86 77.27 -0.49 -0.42 -1.31 23100.00
-169.22 138.30 77.24 -0.39 -0.68 -1.23 23131.00
-167.17 138.24 77.46 -0.24 -0.74 -1.41 23161.00
-166.66 137.87 77.16 -0.34 -0.66 -1.38 23192.00
-168.50 137.24 76.83 -0.36 -0.70 -1.31 23223.00
-169.77 135.66 77.25 -0.42 -0.74 -1.13 23254.00
-170.61 133.36 78.42 -0.36 -0.60 -1.03 23284.00
-172.43 130.87 80.08 -0.35 -0.44 -0.92 23315.00
-174.58 127.63 81.96 -0.37 -0.35 -0.74 23346.00
-176.43 124.32 83.82 -0.32 -0.25 -0.64 23376.00
-179.09 121.00 85.53 -0.37 -0.14 -0.55 23407.00
-183.23 116.72 87.19 -0.38 -0.16 -0.41 23438.00
-187.44 112.66 88.83 -0.31 -0.23 -0.16 23469.00
-189.98 109.00 90.75 -0.36 -0.16 -0.06 23499.00
-192.93 104.52 92.85 -0.36 -0.11 0.06 23530.00
-196.11 98.58 95.19 -0.36 -0.03 0.32 23561.00
-199.69 93.87 97.13 -0.33 0.08 0.45 23591.00
-204.18 90.20 98.01 -0.24 0.13 0.57 23622.00
-210.05 88.77 98.05 -0.35 0.20 0.52 23653.00
-215.96 85.69 97.30 -0.57 0.02 0.80 23684.00
-219.98 83.72 96.88 -0.45 0.02 0.74 23714.00
-222.67 83.17 96.81 -0.81 0.04 0.80 23745.00
-223.84 80.98 96.56 -0.91 0.20 0.87 23776.00
-224.66 81.37 95.75 -0.98 0.14 0.75 23806.00
-224.70 81.51 95.94 -1.31 0.29 0.74 23838.00
-224.51 81.90 95.94 -1.57 0.15 0.94 23869.00
-222.63 83.43 95.95 -1.75 0.44 0.90 23900.00
-224.47 86.49 94.59 -1.96 0.63 0.55 23930.00
-225.90 86.81 93.71 -2.22 0.37 0.84 23962.00
-224.47 85.93 94.73 -2.01 0.57 0.76 23993.00
-223.42 85.28 96.48 -1.74 0.75 0.57 24024.00
-223.11 84.59 98.04 -1.60 0.72 0.60 24054.00
-222.21 83.55 99.95 -1.57 0.59 0.72 24085.00
-220.29 82.70 102.31 -1.47 0.51 0.77 24117.00
-216.87 82.24 104.64 -1.22 0.55 0.67 24147.00
-214.45 83.84 105.04 -0.96 0.67 0.52 24178.00
-214.27 86.38 103.88 -1.02 0.50 0.48 24209.00
-214.05 88.50 102.63 -0.98 0.26 0.57 24240.00
-210.86 89.84 102.23 -0.71 0.20 0.63 24270.00
-207.90 93.27 100.83 -0.48 0.40 0.35 24301.00
-207.74 97.05 98.35 -0.54 0.31 0.44 24332.00
-206.47 99.27 95.50 -0.50 0.10 0.56 24363.00
-202.95 102.05 93.24 -0.36 0.01 0.39 24393.00
-200.62 104.97 90.69 -0.26 -0.02 0.26 24424.00
-198.40 108.66 88.07 -0.28 -0.21 0.11 24455.00
-194.89 111.27 85.90 -0.41 -0.24 0.01 24485.00
-193.25 112.01 83.53 -0.27 -0.26 0.04 24516.00
-190.84 115.38 81.60 -0.20 -0.36 -0.04 24548.00
-186.89 118.78 81.25 -0.43 -0.36 -0.31 24579.00
-182.34 120.33 81.77 -0.35 -0.31 -0.39 24609.00
-178.31 123.58 81.88 -0.33 -0.15 -0.68 24640.00
-177.21 126.90 80.83 -0.65 -0.18 -1.01 24671.00
-177.24 127.70 79.30 -0.79 -0.45 -0.86 24701.00
-176.48 128.97 78.24 -0.53 -0.60 -0.97 24732.00
-174.80 130.91 77.96 -0.65 -0.65 -1.26 24763.00
-174.06 131.34 78.02 -0.62 -0.62 -1.28 24794.00
-187.41 119.72 82.51 -0.45 -0.26 -0.49 25008.00
-190.94 116.15 83.65 -0.38 -0.22 -0.28 25038.00
-193.88 112.88 85.11 -0.43 -0.20 -0.19 25069.00
-196.66 108.29 86.67 -0.49 -0.18 -0.03 25101.00
-198.61 101.86 88.42 -0.30 -0.09 0.23 25132.00
-202.47 99.58 89.98 -0.26 -0.00 0.18 25162.00
-207.10 94.65 91.12 -0.34 -0.06 0.43 25193.00
-210.32 91.82 92.16 -0.24 -0.09 0.49 25224.00
-212.88 90.91 93.30 -0.48 0.06 0.39 25254.00
-217.02 86.82 93.76 -0.50 0.05 0.71 25285.00
-219.91 85.39 94.03 -0.42 -0.02 0.69 25316.00
-222.14 85.47 94.04 -0.75 0.12 0.60 25347.00
-224.28 83.21 93.93 -1.12 0.06 0.91 25377.00
-223.89 83.11 94.52 -1.02 0.20 0.93 25408.00
-223.74 85.94 94.06 -1.65 0.43 0.58 25440.00
-223.51 87.29 93.47 -1.78 0.37 0.69 25470.00
-223.58 89.24 91.59 -1.91 0.69 0.11 25501.00
-225.44 88.88 89.12 -2.04 0.53 0.64 25533.00
-225.31 88.74 88.05 -2.03 0.53 0.50 25564.00
-225.45 88.66 88.53 -2.05 0.63 0.52 25594.00
-225.40 88.40 90.14 -1.88 0.60 0.47 25625.00
-225.25 88.03 92.40 -1.77 0.54 0.50 25657.00
-224.86 87.56 95.15 -1.80 0.49 0.68 25688.00
-223.52 87.24 98.37 -1.69 0.42 0.60 25718.00
-220.67 86.95 101.43 -1.19 0.46 0.51 25749.00
-217.88 88.06 103.18 -0.95 0.50 0.44 25781.00
-216.44 90.15 102.85 -0.87 0.42 0.29 25811.00
-215.88 91.49 101.30 -0.89 0.28 0.36 25842.00
-213.93 91.46 100.69 -0.76 0.02 0.51 25873.00
-207.87 91.42 101.20 -0.55 0.08 0.39 25904.00
-202.68 92.72 100.41 -0.47 0.37 0.23 25934.00
-200.28 92.23 98.43 -0.43 0.34 0.40 25965.00
-198.86 93.45 95.63 -0.15 0.15 0.41 25996.00
-196.47 96.95 92.34 -0.31 0.09 0.24 26027.00
-195.23 98.73 88.93 -0.30 0.03 0.17 26057.00
-195.10 100.29 85.38 -0.06 -0.22 0.19 26088.00
-192.06 107.03 83.05 -0.23 -0.46 -0.02 26120.00
-187.77 111.79 82.76 -0.56 -0.32 -0.25 26150.00
-183.65 114.40 83.15 -0.59 -0.20 -0.33 26181.00
-179.70 116.60 83.96 -0.59 -0.12 -0.37 26213.00
-176.01 118.74 84.51 -0.60 -0.05 -0.54 26244.00
-173.47 120.29 84.26 -0.64 -0.11 -0.78 26274.00
-171.23 121.26 84.41 -0.71 -0.39 -0.91 26305.00
-167.51 121.15 86.31 -0.68 -0.61 -1.09 26336.00
-162.58 120.37 88.62 -0.88 -0.82 -1.29 26365.00
-158.59 118.13 90.91 -0.90 -0.67 -1.10 26396.00
-159.20 117.37 90.35 -0.66 -0.48 -1.01 26427.00
-163.64 117.93 87.82 -0.81 -0.60 -0.87 26458.00
-177.40 111.93 90.56 -0.35 -0.08 -0.37 26611.00
-181.26 111.08 91.57 -0.28 0.01 -0.24 26642.00
-186.61 110.60 91.71 -0.37 -0.00 -0.26 26673.00
-191.82 109.10 91.44 -0.47 -0.02 -0.17 26704.00
-197.11 107.02 91.04 -0.44 -0.05 -0.01 26735.00
-201.69 104.64 90.74 -0.45 -0.05 0.01 26766.00
-206.58 100.30 90.35 -0.56 -0.06 0.17 26798.00
-210.40 95.27 90.27 -0.49 -0.09 0.41 26828.00
-213.69 92.79 90.30 -0.46 -0.06 0.42 26859.00
-217.65 90.43 90.42 -0.68 -0.03 0.48 26890.00
-221.46 87.60 90.36 -0.73 -0.06 0.59 26920.00
-224.74 85.74 90.02 -0.79 -0.09 0.62 26951.00
-228.61 85.30 89.59 -0.88 0.08 0.50 26983.00
-232.78 84.33 88.24 -1.23 -0.00 0.64 27014.00
-234.58 84.56 87.42 -1.34 0.08 0.46 27044.00
-236.90 84.11 86.09 -1.83 0.25 0.53 27075.00
-238.20 81.88 84.69 -1.75 0.24 0.80 27107.00
-238.72 81.61 83.58 -1.53 0.25 0.87 27138.00
-238.92 82.28 82.34 -2.02 0.53 0.90 27168.00
-240.66 81.92 81.34 -2.18 0.31 1.15 27200.00
-240.27 81.09 82.39 -2.18 0.14 0.97 27231.00
-237.65 79.00 85.14 -1.80 0.28 0.93 27261.00
-234.48 78.16 88.49 -1.49 0.40 0.84 27292.00
-231.94 78.25 91.22 -1.45 0.40 0.72 27323.00
-229.85 79.33 92.86 -1.29 0.33 0.54 27355.00
-228.36 80.36 93.37 -1.17 0.25 0.48 27385.00
-227.09 81.05 93.07 -0.97 0.17 0.53 27416.00
-225.49 82.56 92.40 -0.70 0.11 0.50 27447.00
-222.78 84.35 91.58 -0.67 0.11 0.46 27479.00
-219.88 86.66 90.42 -0.45 0.16 0.34 27508.00
-218.22 89.83 88.69 -0.36 0.14 0.39 27539.00
-216.33 93.08 86.63 -0.43 0.06 0.37 27570.00
-214.21 98.09 84.44 -0.38 0.12 0.15 27600.00
-213.03 102.81 81.85 -0.59 0.06 0.14 27632.00
-211.40 106.67 79.36 -0.49 -0.02 0.07 27663.00
-210.12 111.02 76.86 -0.56 -0.07 -0.05 27694.00
-209.29 114.49 74.57 -0.65 -0.17 -0.14 27725.00
-208.35 117.86 72.93 -0.64 -0.32 -0.20 27756.00
-206.79 121.79 71.89 -0.50 -0.31 -0.32 27787.00
-205.02 125.70 71.23 -0.58 -0.32 -0.50 27817.00
-203.21 129.11 71.18 -0.56 -0.34 -0.62 27848.00
-201.10 132.04 71.68 -0.57 -0.39 -0.76 27879.00
-198.37 133.70 73.31 -0.51 -0.45 -0.85 27910.00
-195.02 135.07 75.11 -0.34 -0.40 -0.96 27940.00
-192.61 136.28 75.94 -0.25 -0.36 -1.19 27971.00
-192.67 137.50 75.95 -0.24 -0.38 -1.27 28002.00
-193.97 138.04 75.87 -0.29 -0.45 -1.19 28033.00
-194.86 137.43 75.81 -0.29 -0.41 -1.15 28063.00
-196.24 135.88 76.07 -0.32 -0.34 -1.00 28094.00
-197.87 133.46 76.43 -0.30 -0.30 -0.82 28125.00
-199.94 130.93 76.67 -0.27 -0.28 -0.78 28155.00
-202.86 127.97 76.68 -0.32 -0.30 -0.68 28186.00
-206.44 124.04 76.87 -0.28 -0.33 -0.53 28217.00
-208.96 120.41 77.97 -0.33 -0.33 -0.40 28248.00
-210.37 115.76 79.39 -0.39 -0.22 -0.25 28278.00
-211.99 109.93 80.53 -0.28 -0.10 -0.17 28310.00
-215.06 105.96 81.79 -0.31 -0.07 0.01 28341.00
-219.55 99.22 82.83 -0.39 -0.09 0.22 28371.00
-223.92 94.21 83.56 -0.38 -0.16 0.38 28402.00
-227.19 89.45 84.40 -0.46 -0.14 0.47 28433.00
-230.68 85.42 84.61 -0.50 -0.06 0.70 28464.00
-233.98 84.11 84.63 -0.65 -0.04 0.59 28494.00
-235.86 81.77 84.54 -0.97 0.02 0.75 28525.00
-236.54 80.15 84.26 -0.91 0.16 0.67 28557.00
-238.44 79.36 83.78 -1.28 0.15 0.93 28588.00
-238.19 78.38 84.18 -1.35 0.18 0.78 28618.00
-238.49 78.31 83.03 -1.36 0.39 1.15 28649.00
-242.13 81.40 80.65 -1.72 0.26 0.88 28680.00
-243.52 83.82 77.84 -1.79 0.12 0.77 28711.00
-244.41 84.75 76.07 -2.11 0.26 0.52 28742.00
-243.97 84.53 76.03 -1.61 0.23 0.51 28773.00
-242.89 84.37 76.46 -1.54 0.45 0.36 28805.00
-243.38 84.09 76.73 -1.56 0.47 0.47 28835.00
-243.70 83.50 77.50 -1.54 0.27 0.54 28866.00
-243.01 82.71 79.09 -1.71 0.20 0.71 28898.00
-241.20 81.95 81.48 -1.69 0.20 0.66 28929.00
-240.10 83.03 83.06 -1.37 0.28 0.42 28959.00
-240.93 85.07 83.92 -1.47 0.16 0.31 28990.00
-241.44 86.12 84.57 -1.37 -0.03 0.32 29022.00
-240.87 86.68 85.17 -1.32 -0.14 0.38 29052.00
-238.54 86.61 86.64 -1.17 -0.09 0.45 29083.00
-236.30 87.65 87.50 -0.74 0.00 0.50 29115.00
-234.65 89.55 87.71 -0.79 -0.01 0.64 29146.00
-233.51 92.08 87.31 -0.62 -0.00 0.63 29176.00
-232.49 95.17 86.49 -0.58 -0.16 0.67 29207.00
-230.48 99.22 85.19 -0.46 -0.19 0.47 29238.00
-228.69 103.10 84.42 -0.65 -0.23 0.44 29268.00
-224.98 106.26 84.52 -0.64 -0.23 0.30 29299.00
-220.36 108.89 85.04 -0.52 -0.07 0.21 29330.00
-216.24 113.43 85.70 -0.48 0.05 -0.01 29362.00
-212.08 115.59 85.89 -0.51 0.06 -0.14 29392.00
-208.66 117.34 85.51 -0.32 0.02 -0.23 29423.00
-205.63 120.22 84.89 -0.31 -0.06 -0.40 29454.00
-202.56 122.82 84.13 -0.34 -0.10 -0.52 29485.00
-199.75 125.53 83.56 -0.37 -0.18 -0.63 29515.00
-196.33 127.75 83.64 -0.50 -0.29 -0.77 29546.00
-191.39 128.66 85.03 -0.48 -0.29 -0.81 29577.00
-186.41 129.52 86.37 -0.41 -0.21 -1.00 29607.00
-182.13 130.19 87.12 -0.53 -0.29 -1.13 29638.00
-179.37 130.22 87.00 -0.48 -0.34 -1.09 29670.00
-178.39 130.42 86.10 -0.47 -0.60 -1.16 29700.00
-177.82 130.68 85.42 -0.50 -0.81 -1.23 29730.00
-177.91 130.25 85.13 -0.49 -0.83 -1.23 29761.00
-179.15 129.22 85.14 -0.47 -0.80 -1.18 29792.00
-181.14 127.39 85.73 -0.50 -0.80 -1.02 29822.00
-183.30 124.33 86.91 -0.45 -0.71 -0.82 29853.00
-186.37 120.66 87.91 -0.31 -0.57 -0.66 29884.00
-190.81 117.91 88.86 -0.31 -0.52 -0.51 29915.00
-195.61 114.19 89.40 -0.38 -0.45 -0.35 29945.00
-201.64 109.63 89.65 -0.25 -0.43 -0.06 29976.00
-207.62 105.35 89.81 -0.21 -0.47 0.15 30007.00
-213.57 101.01 89.75 -0.19 -0.48 0.26 30039.00
-218.16 98.32 89.82 -0.30 -0.43 0.27 30069.00
-223.47 92.42 89.22 -0.34 -0.40 0.60 30100.00
-228.79 87.46 88.42 -0.21 -0.50 0.83 30130.00
-232.49 83.55 87.79 -0.38 -0.46 1.03 30160.00
-235.37 80.28 87.03 -0.44 -0.32 0.91 30191.00
-238.40 76.87 86.39 -0.65 -0.25 1.10 30222.00
-240.68 74.45 85.36 -0.78 -0.35 1.17 30253.00
-242.52 74.41 84.35 -0.86 -0.16 0.74 30283.00
-245.38 73.88 81.83 -1.50 -0.23 0.92 30314.00
-246.48 73.23 79.39 -1.78 -0.34 0.84 30346.00
-247.72 74.44 76.66 -1.70 -0.17 0.57 30376.00
-250.52 75.09 73.58 -1.95 -0.24 0.64 30407.00
-252.09 75.46 71.02 -2.09 -0.34 0.75 30439.00
-252.45 74.82 70.12 -1.89 -0.22 1.00 30470.00
-252.76 74.23 70.54 -2.08 -0.16 1.05 30500.00
-252.96 73.07 72.40 -1.99 -0.18 1.10 30531.00
-251.83 72.06 75.44 -1.83 -0.14 1.00 30562.00
-251.45 70.73 78.70 -1.73 -0.04 0.90 30594.00
-251.47 69.88 81.42 -1.63 -0.21 0.85 30624.00
-249.65 69.20 83.92 -1.65 -0.28 0.77 30655.00
-247.42 69.03 86.24 -1.32 -0.27 0.79 30687.00
-244.51 69.46 88.34 -1.18 -0.31 0.79 30717.00
-241.14 71.75 89.65 -0.80 -0.24 0.65 30748.00
-238.52 75.00 89.52 -0.78 -0.22 0.63 30779.00
-236.05 79.38 89.33 -0.69 -0.30 0.68 30810.00
-232.40 83.36 89.20 -0.63 -0.29 0.76 30840.00
-228.73 88.08 88.78 -0.45 -0.23 0.71 30871.00
-226.15 93.66 88.07 -0.44 -0.27 0.61 30902.00
-223.47 98.29 87.14 -0.24 -0.27 0.43 30931.00
-221.09 102.72 85.67 -0.11 -0.26 0.35 30962.00
-218.65 108.09 84.51 0.01 -0.35 0.13 30994.00
-214.20 113.07 83.68 -0.03 -0.33 -0.14 31025.00
-211.15 115.83 82.86 -0.02 -0.38 -0.03 31055.00
-205.90 120.13 82.58 0.00 -0.51 -0.31 31087.00
-200.77 124.41 83.01 -0.19 -0.56 -0.58 31118.00
-195.68 127.87 84.30 -0.34 -0.58 -0.85 31149.00
-190.23 130.22 85.78 -0.34 -0.58 -1.04 31179.00
-185.52 132.91 86.65 -0.33 -0.56 -1.31 31210.00
-183.70 135.66 86.66 -0.36 -0.55 -1.39 31241.00
-184.19 137.73 85.93 -0.46 -0.58 -1.41 31271.00
-184.78 138.59 85.43 -0.51 -0.69 -1.44 31302.00
-184.49 137.74 85.40 -0.38 -0.68 -1.34 31333.00
-184.90 136.60 86.07 -0.29 -0.63 -1.26 31364.00
-185.68 134.86 86.67 -0.25 -0.55 -1.19 31394.00
-187.78 132.47 86.86 -0.20 -0.52 -1.09 31425.00
-191.09 129.11 87.10 -0.25 -0.54 -0.89 31456.00
-194.43 124.59 87.46 -0.20 -0.54 -0.66 31486.00
-197.86 119.26 87.92 -0.18 -0.53 -0.45 31517.00
-202.51 113.45 88.28 -0.08 -0.50 -0.24 31548.00
-207.98 109.26 88.84 -0.11 -0.51 -0.06 31579.00
-213.28 103.39 89.07 -0.18 -0.50 0.07 31610.00
-217.43 97.29 88.95 -0.07 -0.48 0.32 31641.00
-222.04 92.03 89.11 -0.06 -0.46 0.47 31672.00
-226.90 87.32 88.25 -0.17 -0.41 0.62 31703.00
-233.09 82.29 86.69 -0.22 -0.43 0.70 31733.00
-239.40 77.88 84.36 -0.35 -0.59 0.91 31764.00
-244.22 72.85 81.50 -0.52 -0.72 1.08 31795.00
-248.00 69.73 78.91 -0.59 -0.62 1.11 31825.00
-250.68 66.28 75.82 -0.99 -0.77 1.33 31855.00
-252.49 65.35 73.41 -1.05 -0.64 1.05 31886.00
-255.69 66.76 69.74 -1.55 -0.64 0.86 31917.00
-258.59 67.71 65.94 -1.82 -0.82 0.76 31948.00
-261.31 68.50 62.46 -1.78 -0.84 0.70 31979.00
-263.65 68.71 60.50 -1.73 -0.91 0.70 32010.00
-263.90 67.17 60.65 -1.61 -0.93 1.20 32040.00
-262.78 67.44 62.33 -1.78 -0.75 1.00 32071.00
-261.49 66.24 65.53 -1.66 -0.59 0.97 32102.00
-259.92 65.01 69.64 -1.52 -0.62 1.05 32134.00
-255.91 63.64 74.91 -1.56 -0.76 1.29 32164.00
-249.00 63.22 81.33 -1.39 -0.51 1.13 32195.00
-243.01 63.86 86.21 -1.26 -0.24 0.99 32226.00
-239.40 66.15 89.24 -1.21 -0.26 0.82 32258.00
-236.17 68.34 91.17 -1.07 -0.37 0.69 32288.00
-231.56 70.05 93.38 -0.87 -0.37 0.64 32319.00
-224.83 71.70 96.17 -0.68 -0.30 0.61 32350.00
-217.27 73.92 98.12 -0.42 0.00 0.42 32380.00
-211.68 76.36 97.27 -0.39 0.23 0.42 32411.00
-209.26 78.49 94.38 -0.24 0.12 0.45 32441.00
-208.48 83.47 90.31 -0.18 -0.04 0.34 32472.00
-207.01 87.79 86.51 -0.32 -0.23 0.29 32502.00
-205.31 91.41 83.31 -0.20 -0.33 0.27 32533.00
-203.65 96.37 80.97 -0.14 -0.40 0.11 32564.00
-200.81 102.14 79.07 -0.17 -0.33 -0.15 32595.00
-199.28 107.12 77.59 -0.25 -0.33 -0.31 32625.00
-198.34 111.82 77.11 -0.35 -0.44 -0.44 32656.00
-195.71 115.19 78.13 -0.39 -0.49 -0.52 32687.00
-191.72 118.27 79.85 -0.31 -0.35 -0.74 32717.00
-188.46 122.30 81.27 -0.36 -0.27 -1.18 32748.00
-186.52 125.26 81.82 -0.58 -0.34 -1.46 32779.00
-186.15 126.29 81.99 -0.42 -0.42 -1.42 32809.00
-220.27 99.42 84.79 -0.27 -0.24 0.06 33148.00
-225.12 95.71 84.66 -0.36 -0.30 0.22 33179.00
-229.88 91.96 83.98 -0.28 -0.21 0.25 33209.00
-235.82 88.79 82.75 -0.52 -0.30 0.34 33240.00
-240.57 84.58 82.16 -0.62 -0.35 0.60 33270.00
-245.01 81.43 81.85 -0.67 -0.34 0.75 33301.00
-247.68 78.36 82.24 -0.97 -0.38 1.05 33332.00
-247.89 76.51 83.65 -0.99 -0.18 0.91 33362.00
-249.28 76.05 84.82 -1.35 0.08 1.02 33393.00
-250.06 75.10 86.04 -1.57 0.03 1.06 33424.00
-249.34 76.61 87.17 -1.38 0.36 0.54 33456.00
-250.83 77.36 85.34 -1.26 0.62 1.05 33486.00
-253.75 80.25 82.73 -1.84 0.58 0.73 33517.00
-256.30 80.71 79.99 -1.74 0.33 0.44 33548.00
-257.43 79.90 78.30 -1.51 0.32 0.36 33580.00
-258.06 78.32 78.61 -1.63 0.41 0.63 33610.00
-256.89 76.88 81.13 -1.73 0.51 0.67 33641.00
-254.89 75.19 84.40 -1.69 0.79 0.65 33672.00
-253.87 73.90 86.86 -1.58 0.87 0.79 33703.00
-252.73 72.82 88.69 -1.50 0.77 0.90 33734.00
-251.45 72.23 89.67 -1.42 0.63 1.03 33765.00
-249.18 73.60 89.93 -1.27 0.53 1.04 33796.00
-248.88 77.11 89.16 -1.17 0.53 0.97 33826.00
-249.66 82.50 87.66 -1.21 0.07 0.89 33857.00
-248.22 88.00 87.19 -1.11 -0.21 0.57 33888.00
-244.20 92.95 86.74 -0.95 -0.19 0.40 33920.00
-239.72 94.93 86.30 -0.52 -0.08 0.36 33950.00
-236.82 97.42 85.34 -0.04 -0.00 0.12 33981.00
-235.03 105.49 83.74 -0.16 -0.08 0.04 34012.00
-233.38 105.21 81.77 -0.14 -0.13 0.13 34042.00
-232.16 108.82 79.59 0.10 -0.24 0.03 34073.00
-227.32 114.59 78.19 -0.16 -0.32 -0.17 34104.00
-222.90 117.40 77.39 -0.30 -0.29 -0.29 34135.00
-219.44 120.07 77.01 -0.36 -0.33 -0.29 34165.00
-215.84 123.04 77.12 -0.44 -0.44 -0.38 34196.00
-211.33 125.79 77.67 -0.38 -0.35 -0.60 34227.00
-208.78 129.08 77.51 -0.25 -0.29 -0.95 34257.00
-208.59 133.63 77.07 -0.40 -0.51 -1.25 34288.00
-206.93 135.73 78.40 -0.56 -0.60 -1.20 34319.00
-204.54 136.54 79.71 -0.30 -0.56 -1.41 34350.00
-203.78 136.99 80.65 -0.18 -0.68 -1.49 34380.00
-205.00 137.72 81.90 -0.14 -0.70 -1.39 34411.00
-206.52 137.49 83.40 -0.21 -0.62 -1.30 34442.00
-208.34 135.97 85.12 -0.20 -0.53 -1.10 34472.00
-210.55 133.66 87.29 -0.13 -0.39 -0.88 34503.00
-220.32 124.55 93.14 -0.15 -0.13 -0.41 34595.00
-223.21 120.93 95.28 -0.22 -0.04 -0.25 34626.00
-225.56 116.62 97.52 -0.14 0.03 -0.18 34657.00
-228.06 113.62 99.39 -0.17 0.12 -0.11 34688.00
-230.84 108.90 100.36 -0.20 0.20 0.00 34718.00
-238.44 107.15 100.64 -0.32 0.16 0.00 34750.00
-244.87 99.98 100.54 -0.58 0.04 0.53 34781.00
-248.86 96.12 100.39 -0.41 -0.04 0.64 34811.00
-252.02 93.37 100.82 -0.75 0.14 0.66 34842.00
-256.04 90.79 101.48 -0.71 0.20 0.74 34873.00
-258.66 88.68 102.39 -0.89 0.20 0.92 34904.00
-258.74 86.80 103.41 -0.89 0.42 0.93 34934.00
-259.11 86.65 103.07 -0.91 0.75 0.56 34965.00
-262.95 86.61 100.98 -1.01 0.57 1.71 34996.00
-263.53 90.91 99.66 -1.72 0.54 0.77 35026.00
-264.94 90.35 97.48 -1.90 0.86 0.40 35058.00
-265.63 89.48 95.06 -1.12 0.81 0.51 35089.00
-268.32 89.77 92.27 -1.58 0.86 0.39 35120.00
-270.29 88.65 90.33 -1.71 0.56 0.70 35150.00
-270.38 87.58 89.55 -1.76 0.61 0.64 35181.00
-271.37 86.42 89.47 -1.70 0.51 0.90 35213.00
-271.14 86.27 90.83 -1.54 0.33 0.96 35244.00
-270.19 88.03 92.35 -1.38 0.45 0.86 35274.00
-270.71 92.69 93.98 -1.54 0.42 0.55 35305.00
-271.02 96.75 95.30 -1.50 0.28 0.48 35337.00
-269.84 99.46 96.10 -1.25 0.18 0.54 35367.00
-267.41 102.10 97.24 -1.01 0.14 0.61 35398.00
-263.72 105.93 98.79 -0.76 0.14 0.44 35429.00
-258.96 108.71 99.75 -0.67 0.17 0.45 35461.00
-254.60 111.38 99.53 -0.38 0.19 0.36 35491.00
-251.35 115.33 98.25 -0.27 0.14 0.28 35522.00
-249.13 119.89 95.94 -0.26 0.09 0.15 35553.00
-249.41 122.99 92.99 -0.22 -0.03 0.10 35584.00
-248.84 125.93 90.36 -0.17 -0.27 0.07 35614.00
-246.30 131.73 88.86 -0.28 -0.36 -0.25 35645.00
-243.75 135.91 88.84 -0.56 -0.45 -0.47 35676.00
-240.35 137.90 90.51 -0.47 -0.39 -0.49 35706.00
-236.36 140.46 92.88 -0.40 -0.32 -0.63 35737.00
-231.87 142.84 95.83 -0.38 -0.21 -0.78 35768.00
-227.85 144.58 97.79 -0.26 -0.11 -1.02 35799.00
-225.87 146.89 98.41 -0.17 -0.08 -1.23 35829.00
-225.61 149.03 98.81 -0.17 -0.14 -1.31 35860.00
-225.16 150.48 98.89 -0.09 -0.18 -1.45 35891.00
-224.59 150.69 98.09 0.02 -0.20 -1.54 35921.00
-225.90 150.43 96.91 -0.07 -0.25 -1.35 35952.00
-227.83 148.75 96.38 -0.11 -0.40 -1.07 35983.00
-228.77 146.64 96.55 -0.15 -0.35 -0.92 36015.00
-229.64 144.30 97.35 -0.22 -0.25 -0.86 36045.00
-231.21 141.23 98.47 -0.25 -0.21 -0.74 36076.00
-233.38 138.09 99.43 -0.25 -0.14 -0.61 36107.00
-236.32 134.82 99.99 -0.29 -0.09 -0.55 36137.00
-240.07 131.15 100.32 -0.36 -0.10 -0.41 36168.00
-244.19 126.96 100.73 -0.35 -0.11 -0.21 36199.00
-248.27 122.86 101.12 -0.35 -0.12 -0.02 36230.00
-251.67 118.53 101.61 -0.36 -0.09 0.08 36261.00
-255.34 113.58 101.82 -0.47 -0.07 0.18 36292.00
-258.96 107.32 102.46 -0.39 -0.05 0.44 36323.00
-262.80 104.43 102.87 -0.54 -0.02 0.48 36355.00
-265.73 100.45 103.56 -0.75 0.04 0.64 36385.00
-267.25 96.52 104.45 -0.71 0.09 0.88 36416.00
-267.84 95.94 105.13 -0.75 0.30 0.54 36447.00
-268.99 94.32 104.38 -1.00 0.56 0.56 36477.00
-272.05 90.49 101.13 -0.89 0.43 2.17 36508.00
-274.40 96.28 97.49 -1.48 0.38 0.17 36539.00
-276.10 95.81 93.74 -1.64 0.49 0.23 36571.00
-279.22 95.27 88.55 -1.36 0.40 0.40 36601.00
-282.97 95.03 83.50 -1.89 0.10 0.66 36632.00
-284.58 94.60 79.85 -2.20 -0.02 0.72 36664.00
-285.63 94.53 78.65 -2.33 0.01 0.71 36695.00
-285.63 94.69 79.61 -2.24 -0.08 0.66 36726.00
-284.67 95.19 82.08 -1.92 -0.03 0.55 36757.00
-283.74 96.97 84.98 -1.78 -0.01 0.41 36788.00
-282.45 98.64 88.44 -1.89 -0.04 0.39 36819.00
-280.74 100.13 92.32 -1.77 0.15 0.13 36850.00
-280.48 99.91 94.93 -1.39 0.32 0.32 36882.00
-281.12 99.42 95.99 -1.10 0.19 0.61 36913.00
-281.28 101.35 96.68 -0.94 0.14 0.57 36943.00
-280.11 103.48 97.78 -0.90 0.03 0.64 36974.00
-277.31 105.82 99.15 -0.86 0.06 0.66 37006.00
-274.02 108.79 100.33 -0.61 0.07 0.60 37037.00
-269.73 112.62 101.02 -0.51 0.12 0.45 37067.00
-265.13 115.90 100.39 -0.37 0.24 0.33 37097.00
-262.56 120.18 98.80 -0.28 0.19 0.23 37128.00
-260.29 123.74 96.88 -0.38 -0.00 0.27 37159.00
-256.54 126.41 95.21 -0.30 -0.03 0.14 37190.00
-253.99 130.26 93.55 -0.27 -0.13 -0.01 37221.00
-250.83 132.82 92.09 -0.46 -0.25 -0.10 37252.00
-247.62 134.98 91.51 -0.40 -0.31 -0.17 37283.00
-243.49 137.58 92.12 -0.35 -0.36 -0.41 37314.00
-238.24 140.61 93.06 -0.33 -0.42 -0.74 37344.00
-232.51 142.48 93.28 -0.37 -0.43 -1.01 37374.00
-229.26 144.29 93.04 -0.29 -0.51 -1.21 37405.00
-228.44 146.51 92.69 -0.38 -0.69 -1.29 37437.00
-227.61 147.04 92.27 -0.41 -0.80 -1.28 37468.00
-226.79 146.86 92.71 -0.35 -0.83 -1.29 37498.00
-226.54 146.25 93.73 -0.38 -0.74 -1.18 37529.00
-227.10 144.76 94.95 -0.33 -0.66 -1.06 37560.00
-228.67 142.99 95.98 -0.35 -0.56 -0.92 37591.00
-231.44 140.65 96.98 -0.35 -0.50 -0.78 37621.00
-234.97 137.81 98.14 -0.31 -0.44 -0.61 37652.00
-238.44 134.78 99.64 -0.31 -0.39 -0.54 37683.00
-241.27 131.57 101.50 -0.38 -0.29 -0.42 37712.00
-244.84 127.04 103.67 -0.29 -0.21 -0.17 37743.00
-248.36 123.52 106.47 -0.29 -0.16 0.01 37775.00
-251.95 118.73 108.80 -0.39 -0.06 0.13 37806.00
-256.35 113.34 110.39 -0.35 -0.03 0.33 37836.00
-260.75 109.28 111.89 -0.34 0.06 0.41 37867.00
-266.16 106.03 112.36 -0.46 0.09 0.51 37898.00
-270.84 102.70 112.92 -0.55 0.11 0.63 37928.00
-274.89 100.05 113.65 -0.67 0.15 0.80 37959.00
-276.66 98.00 114.45 -0.64 0.25 0.70 37990.00
-277.91 96.88 115.22 -0.99 0.43 0.79 38021.00
-277.53 95.44 116.02 -1.13 0.51 0.78 38052.00
-277.10 95.66 115.75 -1.33 0.70 0.62 38083.00
-279.39 96.01 112.83 -1.62 0.93 0.38 38114.00
-286.01 95.73 107.04 -1.38 0.33 2.00 38145.00
-287.97 98.68 103.54 -2.44 0.29 0.40 38176.00
-288.22 95.56 101.59 -1.71 0.42 1.16 38207.00
-290.18 97.34 100.74 -1.75 0.15 0.77 38238.00
-290.10 97.55 102.75 -1.96 0.12 0.83 38269.00
-287.11 97.08 106.38 -1.86 0.33 0.95 38300.00
-282.91 97.48 110.66 -1.57 0.57 1.11 38331.00
-277.98 99.62 114.74 -1.45 0.66 1.02 38362.00
-273.21 102.81 117.47 -1.22 0.82 0.72 38393.00
-270.78 106.59 117.68 -1.07 0.77 0.63 38424.00
-269.58 111.36 116.77 -0.88 0.41 0.49 38455.00
-266.59 115.34 116.28 -0.87 0.14 0.35 38486.00
-261.80 117.53 115.12 -0.53 0.11 0.27 38517.00
-257.57 119.37 112.72 -0.30 0.02 0.22 38548.00
-254.13 122.72 109.06 -0.15 0.01 0.04 38579.00
-254.31 121.83 103.67 -0.02 -0.17 0.14 38610.00
-253.74 124.50 98.11 0.09 -0.50 0.15 38641.00
-252.83 129.14 94.12 -0.03 -0.59 -0.09 38672.00
-252.61 132.90 90.58 -0.18 -0.57 -0.27 38704.00
-253.33 136.71 89.22 -0.16 -0.67 -0.35 38734.00
-252.03 141.99 90.28 -0.37 -0.67 -0.54 38765.00
-248.93 145.46 93.20 -0.49 -0.41 -0.75 38796.00
-245.59 147.95 96.64 -0.40 -0.19 -1.00 38827.00
-242.91 149.82 98.57 -0.44 -0.06 -1.19 38857.00
-242.56 151.11 99.07 -0.42 -0.05 -1.21 38888.00
-244.19 152.59 98.48 -0.37 -0.22 -1.25 38919.00
-245.90 153.86 97.58 -0.40 -0.40 -1.38 38950.00
-247.18 153.86 97.56 -0.32 -0.44 -1.31 38981.00
-248.07 153.37 98.19 -0.26 -0.36 -1.32 39012.00
-249.49 151.86 99.11 -0.27 -0.29 -1.19 39043.00
-251.45 149.53 100.32 -0.24 -0.27 -1.00 39073.00
-253.54 146.80 101.90 -0.23 -0.20 -0.82 39104.00
-255.76 143.60 103.92 -0.30 -0.13 -0.64 39135.00
-258.06 139.37 105.96 -0.24 -0.05 -0.45 39165.00
-260.61 135.95 107.99 -0.15 0.05 -0.36 39197.00
-263.53 133.21 109.63 -0.35 0.11 -0.24 39228.00
-265.72 127.25 110.99 -0.24 0.17 -0.05 39259.00
-271.64 125.29 111.60 -0.19 0.17 0.06 39289.00
-276.14 119.39 111.65 -0.32 0.10 0.27 39320.00
-280.70 115.63 111.43 -0.17 0.10 0.39 39352.00
-285.19 113.19 111.09 -0.41 0.11 0.41 39383.00
-289.32 109.95 110.33 -0.46 0.13 0.58 39413.00
-292.36 108.51 109.69 -0.51 0.13 0.52 39444.00
-294.73 107.34 109.23 -0.81 0.24 0.62 39475.00
-296.43 106.90 108.48 -0.84 0.14 0.56 39506.00
-296.71 107.65 107.81 -1.14 0.26 0.49 39537.00
-296.51 106.66 107.09 -1.62 0.40 0.60 39568.00
-296.60 106.96 105.61 -1.46 0.56 0.39 39600.00
-298.67 106.73 103.24 -1.88 0.68 0.50 39630.00
-301.06 107.81 100.49 -1.89 0.51 1.09 39661.00
-302.33 111.48 99.56 -2.41 0.56 -0.22 39693.00
-300.83 109.00 99.17 -1.85 0.63 0.42 39724.00
-301.05 108.70 99.90 -1.66 0.65 0.41 39754.00
-300.46 107.90 102.31 -1.78 0.51 0.61 39786.00
-298.10 107.12 104.97 -1.64 0.58 0.64 39817.00
-296.06 107.16 107.83 -1.57 0.55 0.61 39847.00
-292.96 107.84 110.34 -1.25 0.52 0.47 39879.00
-290.95 109.24 111.48 -1.15 0.52 0.43 39910.00
-288.66 110.92 112.39 -0.92 0.40 0.41 39941.00
-285.49 112.91 113.03 -0.75 0.36 0.36 39972.00
-281.76 114.51 112.56 -0.63 0.37 0.36 40003.00
-278.17 115.95 110.54 -0.31 0.34 0.32 40034.00
-277.05 120.08 107.37 -0.34 0.24 0.31 40065.00
-275.62 122.24 103.97 -0.36 0.05 0.31 40095.00
-273.90 126.57 100.16 -0.22 0.01 0.19 40126.00
-273.20 130.57 96.13 -0.30 -0.09 0.10 40157.00
-272.29 134.59 92.71 -0.29 -0.22 -0.07 40188.00
-270.25 138.80 90.07 -0.40 -0.28 -0.17 40219.00
-268.25 142.04 87.86 -0.38 -0.25 -0.29 40250.00
-266.70 145.01 86.38 -0.33 -0.27 -0.43 40281.00
-265.34 149.03 85.78 -0.37 -0.35 -0.63 40311.00
-262.66 152.97 86.22 -0.55 -0.40 -1.01 40342.00
-259.38 153.82 87.04 -0.57 -0.46 -1.11 40373.00
-257.26 154.27 87.89 -0.23 -0.44 -1.15 40403.00
-256.92 155.94 88.07 -0.16 -0.53 -1.36 40434.00
-257.09 157.40 88.45 -0.28 -0.60 -1.38 40465.00
-257.62 157.18 89.07 -0.25 -0.50 -1.39 40496.00
-258.53 156.45 90.18 -0.18 -0.46 -1.25 40526.00
-259.60 154.93 91.53 -0.20 -0.33 -1.14 40557.00
-261.26 152.51 92.91 -0.18 -0.22 -1.02 40588.00
-263.75 149.28 94.19 -0.22 -0.19 -0.83 40620.00
-266.38 145.52 95.62 -0.26 -0.20 -0.62 40650.00
-268.86 140.91 97.54 -0.25 -0.17 -0.40 40681.00
-271.09 136.68 99.93 -0.20 -0.11 -0.28 40712.00
-273.16 133.01 102.38 -0.33 -0.09 -0.21 40742.00
-274.85 127.69 104.82 -0.30 -0.01 0.04 40773.00
-277.87 122.71 107.11 -0.26 0.10 0.11 40805.00
-281.29 117.28 108.68 -0.39 0.18 0.23 40836.00
-285.94 113.17 109.31 -0.28 0.22 0.37 40866.00
-292.08 110.32 109.07 -0.44 0.17 0.49 40897.00
-296.79 107.06 108.14 -0.55 0.11 0.61 40928.00
-300.56 104.63 107.45 -0.64 0.19 0.62 40958.00
-305.12 102.87 106.33 -0.67 0.15 0.75 40989.00
-307.26 101.74 105.22 -0.86 0.11 0.68 41020.00
-308.61 101.41 104.08 -1.06 0.25 0.62 41051.00
-309.76 100.80 102.77 -1.28 0.21 0.69 41082.00
-310.07 100.14 100.57 -1.33 0.07 1.16 41113.00
-308.88 101.44 98.10 -1.93 0.11 2.59 41145.00
-310.82 105.12 93.35 -2.50 0.51 0.28 41176.00
-313.03 104.60 90.55 -1.29 0.32 0.97 41206.00
-315.89 108.11 87.70 -1.66 0.02 0.25 41238.00
-317.68 108.68 87.51 -2.19 -0.10 0.27 41269.00
-316.38 106.63 88.60 -2.04 -0.00 0.57 41299.00
-315.69 105.40 90.59 -1.87 0.22 0.61 41331.00
-315.86 104.22 93.25 -1.68 0.03 0.81 41362.00
-313.56 103.47 96.02 -1.52 0.05 0.84 41393.00
-311.49 104.80 97.84 -1.46 0.29 0.70 41424.00
-311.15 106.38 98.87 -1.25 0.21 0.73 41455.00
-310.73 109.48 99.31 -1.03 0.08 0.57 41486.00
-308.94 112.87 100.12 -1.02 0.02 0.49 41518.00
-304.96 115.64 101.23 -0.81 0.09 0.41 41548.00
-301.03 118.12 101.39 -0.54 0.26 0.40 41579.00
-298.59 121.18 100.45 -0.45 0.17 0.35 41610.00
-295.79 122.03 99.10 -0.33 0.06 0.36 41640.00
-293.08 123.24 96.71 -0.12 -0.04 0.34 41671.00
-291.13 125.87 93.71 -0.03 -0.11 0.17 41702.00
-289.60 130.75 90.37 -0.04 -0.22 0.05 41734.00
-287.13 135.19 87.40 -0.22 -0.38 -0.15 41764.00
-284.40 138.59 85.65 -0.38 -0.48 -0.26 41795.00
-280.54 141.28 85.30 -0.40 -0.46 -0.37 41826.00
-276.16 143.97 85.16 -0.48 -0.39 -0.58 41857.00
-273.09 146.03 84.63 -0.59 -0.34 -0.81 41887.00
-271.95 147.71 83.71 -0.62 -0.47 -0.96 41918.00
-271.00 149.12 83.10 -0.70 -0.57 -1.08 41949.00
-269.87 149.38 82.79 -0.76 -0.69 -1.19 41979.00
-268.90 148.91 83.15 -0.76 -0.78 -1.18 42010.00
-268.56 148.09 83.87 -0.70 -0.74 -1.06 42041.00
-269.07 147.06 84.92 -0.68 -0.68 -0.99 42072.00
-270.79 145.70 85.90 -0.63 -0.60 -0.84 42102.00
-273.49 144.22 87.09 -0.60 -0.54 -0.70 42133.00
-276.43 142.20 88.65 -0.62 -0.47 -0.55 42164.00
-279.06 139.79 90.62 -0.59 -0.40 -0.40 42193.00
-281.53 136.99 93.13 -0.54 -0.29 -0.26 42225.00
-284.18 134.45 95.47 -0.53 -0.18 -0.15 42256.00
-287.79 131.44 97.88 -0.62 -0.18 -0.03 42288.00
-290.78 128.12 100.22 -0.58 -0.16 0.14 42318.00
-293.37 125.82 102.60 -0.54 -0.04 0.10 42349.00
-297.32 122.20 105.10 -0.65 0.05 0.25 42381.00
-301.13 118.09 107.76 -0.55 0.04 0.47 42412.00
-303.71 116.40 110.23 -0.49 0.16 0.45 42442.00
-306.99 114.65 112.06 -0.55 0.25 0.48 42473.00
-310.77 112.68 113.34 -0.52 0.17 0.66 42504.00
-312.32 111.90 114.95 -0.50 0.20 0.57 42534.00
-313.87 111.65 116.01 -0.59 0.37 0.56 42565.00
-314.62 111.36 116.16 -0.64 0.36 0.43 42596.00
-314.89 110.95 116.26 -0.69 0.48 0.37 42628.00
-315.96 110.01 115.38 -0.81 0.62 0.35 42658.00
-319.18 109.04 112.35 -0.93 0.57 1.06 42689.00
-319.80 112.08 108.98 -1.45 0.23 0.98 42720.00
-320.60 114.95 105.72 -2.16 0.72 0.30 42752.00
-322.41 113.69 102.95 -1.92 0.59 0.75 42782.00
-324.02 114.86 101.04 -1.74 0.44 0.42 42813.00
-325.25 115.30 100.53 -1.91 0.43 0.44 42845.00
-325.11 114.95 101.44 -1.77 0.39 0.46 42875.00
-324.47 114.29 103.29 -1.64 0.47 0.49 42907.00
-323.83 113.24 105.36 -1.50 0.46 0.59 42938.00
-322.45 111.66 107.47 -1.39 0.34 0.94 42969.00
-319.34 112.35 109.15 -1.10 0.42 0.59 43000.00
-319.33 113.73 109.21 -1.23 0.54 0.48 43031.00
-320.12 113.72 109.01 -1.19 0.28 0.75 43062.00
-318.26 114.58 109.38 -0.84 0.13 0.74 43094.00
-313.70 117.02 110.15 -0.75 0.25 0.49 43124.00
-309.13 119.04 109.80 -0.62 0.38 0.40 43155.00
-305.85 120.40 107.87 -0.39 0.28 0.53 43186.00
-302.96 124.33 104.81 -0.31 0.15 0.37 43216.00
-300.48 127.76 100.97 -0.29 0.05 0.26 43247.00
-300.22 130.89 96.19 -0.18 -0.11 0.21 43278.00
-299.58 134.86 91.69 -0.21 -0.38 0.19 43309.00
-297.38 139.25 89.24 -0.24 -0.49 0.03 43340.00
-293.38 144.07 87.80 -0.29 -0.38 -0.18 43371.00
-290.35 147.94 86.83 -0.38 -0.34 -0.34 43401.00
-288.11 151.01 86.20 -0.44 -0.37 -0.43 43431.00
-285.48 154.16 86.26 -0.46 -0.41 -0.57 43462.00
-282.02 156.96 86.94 -0.52 -0.42 -0.80 43493.00
-278.01 158.99 87.37 -0.42 -0.42 -1.09 43524.00
-275.44 161.08 86.93 -0.46 -0.48 -1.36 43554.00
-275.19 161.87 86.28 -0.53 -0.61 -1.30 43585.00
-275.88 161.53 85.51 -0.51 -0.74 -1.19 43616.00
-276.80 160.86 85.01 -0.47 -0.81 -1.10 43646.00
-277.75 160.04 85.68 -0.51 -0.80 -1.05 43677.00
-278.39 158.49 87.31 -0.53 -0.68 -0.96 43708.00
-279.61 155.88 89.36 -0.45 -0.55 -0.79 43739.00
-281.53 153.65 91.57 -0.39 -0.46 -0.67 43769.00
-283.61 150.96 94.11 -0.45 -0.37 -0.54 43800.00
-286.01 147.32 96.80 -0.39 -0.28 -0.40 43831.00
-288.77 143.92 99.45 -0.33 -0.19 -0.28 43862.00
-291.73 140.72 101.80 -0.41 -0.17 -0.17 43892.00
-295.36 136.25 104.05 -0.34 -0.12 -0.04 43923.00
-298.51 131.95 105.85 -0.29 -0.07 0.08 43955.00
-302.09 126.24 107.28 -0.39 -0.00 0.21 43985.00
-307.28 119.75 108.53 -0.21 0.00 0.52 44016.00
-312.02 116.67 109.56 -0.36 -0.07 0.67 44047.00
-315.46 112.43 110.79 -0.43 -0.00 0.87 44078.00
-318.54 110.47 112.18 -0.40 0.00 0.98 44108.00
-319.27 110.16 114.05 -0.69 0.14 0.81 44139.00
-320.43 107.88 115.25 -0.59 0.40 1.62 44170.00
-323.78 114.64 113.75 -0.71 0.54 0.31 44200.00
-326.83 116.18 110.24 -1.63 0.34 1.32 44232.00
-327.63 118.33 107.31 -1.79 0.21 0.25 44263.00
-329.10 118.47 103.08 -1.25 0.40 0.30 44295.00
-332.34 119.15 98.13 -1.65 0.18 0.48 44325.00
-334.52 118.97 94.07 -2.05 0.02 0.59 44356.00
-335.42 118.30 92.42 -2.51 0.05 0.69 44388.00
-336.16 117.44 93.29 -2.63 0.04 0.78 44419.00
-335.32 116.44 96.63 -2.47 0.01 0.77 44450.00
-333.42 115.75 101.30 -2.17 0.19 0.70 44481.00
-330.73 114.56 106.23 -1.83 0.25 0.83 44512.00
-327.26 113.86 110.53 -1.33 0.30 0.81 44544.00
-324.81 115.18 112.85 -1.01 0.31 0.60 44574.00
-323.76 117.39 113.58 -0.87 0.25 0.69 44605.00
-321.70 120.03 114.37 -0.82 0.06 0.64 44637.00
-317.95 122.16 115.18 -0.73 0.01 0.67 44667.00
-312.81 124.54 115.61 -0.51 0.14 0.52 44698.00
-309.59 127.80 114.76 -0.24 0.18 0.41 44729.00
-306.73 131.27 112.77 -0.27 0.05 0.37 44760.00
-302.56 132.67 110.36 -0.14 0.08 0.26 44790.00
-301.68 136.66 106.84 0.02 0.00 0.16 44821.00
-300.37 142.22 103.36 -0.17 -0.12 0.04 44852.00
-300.07 144.19 100.03 -0.15 -0.15 -0.01 44883.00
-299.00 147.83 96.85 -0.06 -0.23 -0.13 44914.00
-296.55 153.74 94.53 -0.23 -0.29 -0.40 44945.00
-294.21 158.16 93.12 -0.50 -0.27 -0.79 44976.00
-291.36 160.23 93.03 -0.57 -0.36 -0.94 45006.00
-287.37 161.39 93.79 -0.44 -0.41 -1.06 45037.00
-283.98 162.39 93.71 -0.39 -0.52 -1.40 45068.00
-282.83 163.77 93.39 -0.44 -0.69 -1.62 45099.00
-283.43 163.91 92.86 -0.50 -0.76 -1.44 45129.00
-284.59 162.82 92.82 -0.47 -0.77 -1.34 45160.00
-286.15 161.24 93.45 -0.44 -0.72 -1.14 45191.00
-288.07 158.72 94.61 -0.47 -0.60 -0.92 45221.00
-290.68 155.25 96.18 -0.40 -0.47 -0.68 45252.00
-293.57 152.15 98.01 -0.38 -0.37 -0.49 45283.00
-296.30 149.15 100.03 -0.44 -0.23 -0.37 45314.00
-299.19 145.77 101.84 -0.48 -0.18 -0.24 45344.00
-302.69 142.09 103.58 -0.48 -0.12 -0.08 45376.00
-306.14 137.20 105.05 -0.45 -0.07 0.13 45407.00
-309.44 133.17 106.50 -0.35 0.05 0.17 45438.00
-314.75 129.74 107.84 -0.44 0.10 0.32 45469.00
-319.07 126.08 108.47 -0.41 0.06 0.45 45500.00
-322.81 123.28 108.27 -0.42 0.10 0.41 45531.00
-328.03 120.37 107.81 -0.45 -0.01 0.59 45561.00
-331.25 118.54 108.04 -0.48 -0.13 0.55 45592.00
-332.13 115.84 108.73 -0.65 -0.07 0.66 45623.00
-331.00 113.23 109.81 -0.58 0.09 0.49 45654.00
-329.95 112.24 110.60 -0.53 0.12 1.54 45684.00
-329.50 117.48 110.84 -1.81 0.45 0.33 45716.00
-329.59 117.65 109.94 -1.74 0.62 0.33 45747.00
-330.08 117.96 106.58 -1.58 0.80 0.30 45777.00
-333.03 118.90 101.90 -2.17 0.71 0.39 45809.00
-334.82 117.99 99.21 -2.43 0.48 0.65 45840.00
-334.96 116.86 99.27 -2.32 0.45 0.78 45871.00
-334.06 116.42 101.78 -2.09 0.47 0.68 45902.00
-332.35 116.12 105.17 -1.82 0.56 0.57 45933.00
-330.41 115.56 108.62 -1.66 0.50 0.65 45964.00
-327.95 115.36 111.68 -1.42 0.48 0.65 45996.00
-325.97 116.16 113.08 -0.95 0.48 0.63 46026.00
-326.90 121.13 113.17 -0.79 0.40 0.51 46057.00
-328.44 127.33 112.55 -0.85 0.20 0.39 46089.00
-328.65 132.81 111.80 -0.84 -0.03 0.23 46119.00
-324.55 134.60 112.37 -0.94 -0.15 0.38 46150.00
-317.05 134.75 113.65 -0.52 0.13 0.40 46182.00
-311.95 136.64 114.16 -0.11 0.32 0.30 46213.00
-309.94 141.13 112.67 -0.22 0.16 0.27 46243.00
-305.13 143.98 109.76 -0.44 0.13 0.12 46274.00
-302.50 144.92 106.46 -0.35 0.12 0.19 46305.00
-302.33 147.10 103.19 -0.19 -0.16 0.15 46336.00
-299.19 151.25 100.20 -0.33 -0.27 -0.06 46367.00
-296.56 153.96 97.86 -0.40 -0.26 -0.17 46398.00
-294.42 156.06 96.56 -0.33 -0.35 -0.21 46429.00
-290.93 159.36 96.26 -0.34 -0.43 -0.37 46459.00
-286.63 162.55 96.98 -0.42 -0.41 -0.64 46490.00
-282.56 165.06 97.50 -0.42 -0.41 -0.90 46521.00
-279.60 166.89 97.79 -0.43 -0.55 -1.06 46552.00
-277.07 168.17 98.19 -0.35 -0.73 -1.16 46582.00
-274.74 169.88 98.19 -0.34 -0.79 -1.43 4661.00
-289.15 156.18 105.28 -0.25 -0.35 -0.48 46859.00
-301.92 138.39 114.98 -0.19 0.03 0.09 46982.00
-308.54 134.95 116.04 -0.39 0.07 0.15 47013.00
-315.96 129.34 116.19 -0.42 -0.06 0.46 47044.00
-322.04 125.51 116.50 -0.43 -0.16 0.58 47075.00
-326.96 122.04 117.01 -0.48 -0.14 0.71 47106.00
-330.62 118.54 117.24 -0.51 -0.19 1.00 47136.00
-332.70 117.66 118.36 -0.55 -0.06 0.85 47167.00
-334.53 117.35 119.87 -0.79 0.22 0.76 47198.00
-335.70 117.09 120.82 -0.80 0.30 0.76 47228.00
-335.02 117.79 122.15 -0.84 0.36 0.50 47259.00
-334.24 118.88 124.73 -1.15 0.57 0.32 47291.00
-333.42 117.53 126.25 -1.51 0.88 0.46 47322.00
-333.13 116.40 125.83 -1.35 0.94 0.46 47352.00
-335.12 115.43 123.81 -1.39 0.92 0.97 47383.00
-338.50 117.80 121.47 -1.77 0.65 0.77 47415.00
-339.45 117.71 121.26 -2.40 0.69 0.80 47446.00
-337.58 116.41 122.87 -1.71 0.88 0.66 47476.00
-337.32 116.27 125.17 -1.52 1.01 0.62 47508.00
-336.80 115.86 127.84 -1.42 0.89 0.71 47539.00
-334.31 115.33 130.92 -1.35 0.87 0.72 47569.00
-331.37 115.39 133.42 -1.24 0.95 0.62 47600.00
-329.52 115.90 134.33 -1.20 0.84 0.60 47632.00
-327.89 116.91 133.73 -0.98 0.56 0.62 47663.00
-325.46 118.49 132.34 -0.76 0.50 0.48 47693.00
-323.75 121.37 129.87 -0.52 0.36 0.40 47724.00
-321.42 123.36 126.93 -0.43 0.28 0.45 47755.00
-319.20 125.41 123.71 -0.28 0.22 0.51 47785.00
-316.60 129.09 120.40 -0.21 0.16 0.40 47816.00
-313.63 132.34 117.35 -0.31 0.13 0.39 47847.00
-311.25 134.28 114.17 -0.22 0.01 0.41 47878.00
-308.55 138.10 111.39 -0.23 -0.14 0.29 47908.00
-304.62 141.64 108.77 -0.30 -0.15 0.14 47939.00
-302.14 144.26 105.83 -0.24 -0.15 0.06 47970.00
-299.83 148.05 102.76 -0.26 -0.24 -0.10 48002.00
-297.58 151.73 100.47 -0.41 -0.32 -0.31 48032.00
-295.13 155.34 98.88 -0.45 -0.35 -0.54 48063.00
-291.91 158.23 98.31 -0.52 -0.44 -0.73 48094.00
-287.72 160.52 99.07 -0.49 -0.45 -0.95 48123.00
-282.63 162.18 100.16 -0.44 -0.61 -1.22 48154.00
-277.88 163.74 100.92 -0.30 -0.77 -1.50 48186.00
-276.37 165.42 100.16 -0.43 -0.82 -1.70 48217.00
-277.81 164.19 98.40 -0.58 -0.99 -1.36 48247.00
-280.34 162.42 96.95 -0.42 -1.12 -1.15 48278.00
-282.44 160.83 97.16 -0.53 -1.10 -0.94 48309.00
-300.33 142.21 112.22 -0.45 -0.09 -0.07 48524.00
-303.62 139.20 113.86 -0.48 -0.03 0.00 48556.00
-314.45 128.34 118.51 -0.48 0.07 0.31 48649.00
-318.02 125.83 119.46 -0.43 0.11 0.38 48679.00
-321.91 123.30 120.02 -0.40 0.14 0.44 48710.00
-326.98 122.87 119.90 -0.43 0.08 0.41 48741.00
-330.77 121.01 119.82 -0.69 0.10 0.43 48773.00
-333.92 118.61 119.66 -0.62 0.08 0.60 48803.00
-335.55 117.79 119.29 -0.61 0.18 0.47 48834.00
-337.60 118.39 117.77 -0.98 0.26 0.40 48865.00
-338.80 117.22 115.93 -1.43 0.25 0.39 48897.00
-339.12 114.88 113.54 -1.36 0.29 1.47 48927.00
-340.58 120.05 109.13 -2.12 0.36 1.14 48958.00
-342.55 121.32 104.87 -2.59 0.41 0.13 48990.00
-343.72 119.22 101.20 -1.97 0.22 0.59 49020.00
-345.28 118.89 99.29 -2.16 0.01 0.54 49052.00
-345.24 118.01 100.10 -2.39 -0.07 0.64 49083.00
-343.99 116.48 102.92 -2.27 -0.06 0.70 49115.00
-342.39 114.92 106.35 -2.01 -0.11 0.83 49145.00
-339.34 114.15 110.04 -1.62 -0.10 0.78 49176.00
-335.83 114.57 113.02 -1.30 0.03 0.68 49208.00
-333.88 116.50 114.70 -1.08 0.13 0.56 49239.00
-332.69 118.50 115.56 -1.02 0.08 0.52 49269.00
-330.41 119.92 116.18 -0.68 0.03 0.52 49300.00
-326.67 123.08 116.42 -0.50 0.10 0.40 49331.00
-322.49 124.87 115.94 -0.52 0.19 0.42 49362.00
-318.83 126.53 115.06 -0.29 0.21 0.40 49393.00
-315.49 129.18 112.82 -0.17 0.19 0.30 49424.00
-313.05 132.04 109.65 -0.20 0.14 0.32 49455.00
-311.11 135.77 106.28 -0.22 0.06 0.26 49485.00
-309.91 138.54 102.70 -0.21 -0.04 0.21 49516.00
-309.09 142.76 98.97 -0.16 -0.11 0.10 49547.00
-308.28 147.92 95.59 -0.18 -0.21 -0.06 49577.00
-307.00 152.77 92.55 -0.31 -0.28 -0.28 49608.00
-305.76 156.76 89.98 -0.33 -0.33 -0.44 49638.00
-304.02 160.74 88.24 -0.37 -0.46 -0.62 49669.00
-301.12 163.44 87.77 -0.50 -0.64 -0.81 49699.00
-296.64 164.39 88.01 -0.42 -0.63 -0.89 49730.00
-292.84 165.88 87.93 -0.35 -0.71 -1.15 49761.00
-290.21 168.09 87.70 -0.48 -0.96 -1.51 49792.00
-288.28 168.84 87.81 -0.60 -1.16 -1.55 49822.00
-287.54 168.22 87.90 -0.48 -1.22 -1.49 49853.00
-311.90 141.19 108.77 -0.19 -0.20 0.14 50129.00
-313.90 137.66 111.78 -0.20 -0.09 0.19 5.00
-318.74 134.35 114.67 -0.29 0.01 0.23 50191.00
-325.04 128.79 117.00 -0.25 -0.07 0.51 50222.00
-329.70 125.54 119.06 -0.10 -0.15 0.73 50252.00
-333.55 123.80 120.95 -0.26 -0.03 0.73 50283.00
-337.10 122.44 122.59 -0.33 0.05 0.73 50314.00
-340.43 121.99 123.99 -0.55 0.15 0.77 50344.00
-342.50 120.34 125.61 -0.54 0.19 0.80 50375.00
-343.44 122.35 126.46 -0.60 0.33 1.07 50406.00
-341.66 126.82 128.31 -1.65 0.58 0.28 50438.00
-340.59 127.15 129.19 -1.85 0.98 0.61 50468.00
-341.65 128.07 126.45 -1.80 1.05 0.17 50499.00
-342.73 128.18 121.54 -1.77 1.22 0.26 50531.00
-345.86 128.67 117.09 -2.10 0.99 0.40 50562.00
-347.89 128.32 115.30 -2.15 0.63 0.57 50592.00
-348.17 128.28 115.98 -1.99 0.52 0.48 50624.00
-347.78 128.29 117.80 -1.86 0.59 0.36 50655.00
-347.52 127.82 119.89 -1.69 0.47 0.46 50686.00
-347.09 127.86 122.15 -1.62 0.32 0.44 50717.00
-345.90 127.96 124.03 -1.35 0.31 0.33 50749.00
-346.20 128.30 123.65 -1.12 0.34 0.34 50780.00
-348.73 129.61 121.68 -0.83 0.24 0.46 50810.00
-351.48 131.77 119.15 -0.81 0.01 0.61 50842.00
-351.15 132.73 118.41 -0.76 -0.19 0.79 50873.00
-346.09 134.65 119.29 -0.37 -0.13 0.64 50904.00
-340.12 137.61 119.68 -0.24 0.17 0.44 50934.00
-336.62 140.00 118.84 -0.13 0.21 0.49 50965.00
-333.98 143.58 116.87 -0.03 0.06 0.42 50996.00
-330.69 149.70 114.52 -0.13 0.02 0.18 51026.00
-328.47 154.32 112.12 -0.29 -0.05 0.10 51058.00
-325.64 157.33 110.24 -0.25 -0.15 0.06 51089.00
-321.76 160.99 108.47 -0.23 -0.17 -0.16 51120.00
-318.69 164.21 106.56 -0.34 -0.19 -0.34 51150.00
-316.04 166.44 104.83 -0.41 -0.29 -0.51 51181.00
-312.54 168.29 103.63 -0.34 -0.34 -0.76 51212.00
-308.21 167.95 102.54 -0.55 -0.53 -0.77 51243.00
-304.83 166.76 101.83 -0.40 -0.58 -0.65 51273.00
-301.58 167.98 101.30 -0.52 -0.66 -0.90 51304.00
-298.25 169.40 100.93 -0.81 -0.82 -1.18 51335.00
-295.59 169.79 100.38 -0.79 -0.87 -1.28 51365.00
-295.67 170.65 98.81 -0.74 -1.01 -1.43 51396.00
-297.41 170.77 97.89 -0.77 -1.26 -1.36 51427.00
-298.83 169.23 98.19 -0.66 -1.27 -1.11 51458.00
-299.84 167.18 100.23 -0.49 -1.12 -0.92 51488.00
-301.07 164.94 103.49 -0.42 -0.88 -0.76 51519.00
-302.57 162.34 107.17 -0.36 -0.64 -0.56 1550.00
-305.09 159.08 110.70 -0.28 -0.45 -0.45 51580.00
-308.48 155.70 114.12 -0.28 -0.36 -0.26 51611.00
-312.46 151.34 117.59 -0.29 -0.33 -0.02 51642.00
-315.00 147.27 121.37 -0.24 -0.27 0.14 51673.00
-316.77 144.41 125.06 -0.28 -0.16 0.13 51703.00
-318.89 139.84 128.61 -0.35 -0.05 0.27 51734.00
-327.65 131.55 133.93 -0.21 0.01 0.63 51796.00
-330.84 128.65 135.71 -0.18 0.04 0.64 51827.00
-334.54 127.16 137.62 -0.30 0.18 0.61 51858.00
-339.09 124.78 139.33 -0.28 0.13 0.80 51889.00
-340.77 124.31 140.93 -0.48 0.15 0.74 51919.00
-341.75 122.97 142.61 -0.66 0.42 0.98 51950.00
-342.34 124.09 142.76 -0.94 0.50 1.37 51981.00
-344.19 128.79 142.79 -1.82 0.69 0.40 52012.00
-344.33 129.82 140.89 -1.89 0.62 1.33 52043.00
-343.81 130.54 138.71 -2.14 1.07 0.59 52074.00
-344.91 129.60 135.80 -1.41 0.99 0.84 52105.00
-347.37 131.87 132.15 -1.68 0.84 0.34 52135.00
-350.05 132.13 129.66 -1.93 0.61 0.50 52167.00
-350.77 131.15 129.70 -1.89 0.44 0.69 52198.00
-349.82 130.43 131.74 -1.80 0.49 0.71 52230.00
-348.61 129.71 134.53 -1.76 0.44 0.76 52260.00
-345.97 128.74 137.39 -1.45 0.36 0.83 52291.00
-343.12 129.24 139.29 -1.25 0.43 0.78 52323.00
-341.68 131.05 139.59 -1.03 0.37 0.72 52354.00
-340.71 133.88 138.52 -0.87 0.22 0.54 52384.00
-340.21 137.00 136.45 -0.78 0.07 0.49 52416.00
-338.45 138.96 134.85 -0.65 -0.08 0.51 52447.00
-334.60 141.43 133.83 -0.31 0.04 0.42 52477.00
-332.37 145.29 131.75 -0.19 0.15 0.31 52508.00
-331.20 149.18 129.05 -0.10 -0.01 0.27 52539.00
-328.33 153.54 126.48 -0.15 -0.02 0.21 52570.00
-326.17 157.51 123.98 -0.16 -0.04 0.14 52600.00
-324.13 161.43 121.27 -0.16 -0.08 0.04 52631.00
-322.19 164.89 118.36 -0.16 -0.15 -0.04 52663.00
-319.88 168.88 115.85 -0.27 -0.24 -0.21 52694.00
-317.44 172.17 113.98 -0.41 -0.29 -0.39 52724.00
-315.11 175.09 112.49 -0.44 -0.35 -0.56 52755.00
-312.09 176.86 112.09 -0.57 -0.56 -0.68 52785.00
-307.31 177.35 113.75 -0.63 -0.81 -0.79 52815.00
-300.03 177.49 117.33 -0.60 -0.82 -0.98 52846.00
-292.95 177.64 120.36 -0.51 -0.67 -1.26 52877.00
-290.47 178.09 120.45 -0.54 -0.69 -1.44 52908.00
-292.59 178.13 119.09 -0.75 -1.01 -1.23 52938.00
-295.79 177.08 118.47 -0.78 -1.20 -1.05 52969.00
-304.63 168.85 125.93 -0.50 -0.49 -0.39 53092.00
-308.93 166.46 128.16 -0.48 -0.42 -0.23 53123.00
-312.46 163.91 130.60 -0.49 -0.32 -0.12 53153.00
-315.70 160.78 133.32 -0.45 -0.20 -0.01 53185.00
-319.02 157.55 136.07 -0.43 -0.14 0.12 53216.00
-322.42 154.34 138.74 -0.49 -0.06 0.16 53248.00
-326.49 150.32 140.87 -0.43 0.00 0.30 53278.00
-331.39 147.19 142.78 -0.46 0.00 0.44 53309.00
-335.38 144.39 144.52 -0.46 0.05 0.56 53340.00
-338.82 142.77 146.08 -0.52 0.14 0.58 53370.00
-341.94 141.13 147.49 -0.53 0.19 0.66 53401.00
-344.32 140.02 148.82 -0.49 0.25 0.67 53432.00
-346.12 140.87 150.32 -0.55 0.16 0.57 53463.00
-345.28 141.26 151.85 -0.84 0.22 0.42 53494.00
-344.24 140.37 152.90 -0.91 0.43 0.40 53525.00
-344.90 140.60 152.80 -1.02 0.53 0.28 53556.00
-346.70 140.95 150.64 -1.30 0.62 0.07 53587.00
-350.01 139.35 145.83 -1.23 0.61 2.83 53618.00
-354.11 144.91 141.51 -2.75 0.72 -0.11 53649.00
-353.84 141.44 139.53 -1.86 0.63 0.85 53680.00
-355.04 142.09 138.62 -1.95 0.68 0.49 53711.00
-355.67 141.70 139.89 -2.12 0.69 0.68 53742.00
-354.46 140.88 142.98 -1.84 0.66 0.66 53774.00
-353.61 140.90 145.90 -1.62 0.56 0.68 53805.00
-352.42 141.19 148.37 -1.49 0.49 0.53 53835.00
-351.79 141.62 149.30 -1.14 0.46 0.44 53867.00
-352.74 142.89 148.24 -0.92 0.34 0.44 53898.00
-353.70 145.11 146.95 -0.85 0.14 0.51 53929.00
-352.45 147.50 146.65 -0.80 0.09 0.44 53960.00
-348.66 149.24 146.94 -0.72 0.09 0.43 53991.00
-343.34 151.25 147.28 -0.57 0.22 0.35 54023.00
-339.51 153.20 146.63 -0.49 0.28 0.29 54053.00
-336.44 153.83 145.05 -0.47 0.18 0.42 54084.00
-333.52 155.98 142.77 -0.29 0.12 0.31 54115.00
-330.93 158.84 139.81 -0.47 0.06 0.28 54147.00
-328.69 161.04 136.94 -0.49 0.02 0.23 54177.00
-327.48 163.36 134.31 -0.48 -0.10 0.26 54208.00
-324.55 167.33 131.90 -0.48 -0.17 0.13 54240.00
-322.02 171.34 129.81 -0.54 -0.08 0.02 54270.00
-319.86 174.52 127.97 -0.53 -0.13 -0.04 54302.00
-316.43 177.50 126.03 -0.45 -0.20 -0.11 54333.00
-313.91 179.53 123.21 -0.26 -0.20 -0.21 54364.00
-313.10 183.98 119.71 -0.20 -0.39 -0.45 54394.00
-312.45 188.95 117.01 -0.41 -0.74 -0.78 54425.00
-309.75 191.32 116.70 -0.40 -0.93 -0.86 54456.00
-305.23 193.81 117.10 -0.34 -0.92 -1.29 54487.00
-301.25 195.01 117.75 -0.45 -1.00 -1.50 54517.00
-299.49 195.92 118.45 -0.32 -1.12 -1.52 54549.00
-352.77 143.28 155.40 -0.30 0.28 0.71 55103.00
-354.71 143.84 156.43 -0.63 0.22 0.60 55135.00
-354.05 142.14 157.75 -1.05 0.29 0.86 55165.00
-352.07 141.16 158.49 -1.02 0.54 0.71 55196.00
-352.71 142.11 155.15 -1.42 0.80 0.45 55228.00
-356.76 141.31 150.13 -1.69 0.51 0.96 55259.00
-360.10 142.17 145.52 -1.73 0.21 0.81 55289.00
-362.64 142.91 141.08 -2.05 0.17 1.32 55321.00
-365.11 145.09 140.26 -2.54 0.20 0.72 55352.00
-364.26 144.30 142.96 -2.15 0.20 0.73 55383.00
-362.56 143.94 147.33 -1.78 0.56 0.57 55414.00
-362.64 144.69 151.28 -1.59 0.62 0.47 55445.00
-362.97 145.44 155.27 -1.53 0.35 0.54 55477.00
-362.07 146.14 158.96 -1.46 0.31 0.47 55507.00
-361.31 146.66 162.00 -1.34 0.39 0.40 55538.00
-361.49 147.28 163.98 -1.06 0.35 0.34 55570.00
-361.76 148.66 164.61 -0.82 0.29 0.27 55601.00
-360.65 148.78 164.70 -0.84 0.34 0.30 55631.00
-359.70 148.41 163.95 -0.57 0.29 0.45 55663.00
-358.18 149.35 163.14 -0.44 0.16 0.52 55694.00
-354.95 150.11 162.51 -0.56 0.21 0.59 55725.00
-351.70 150.36 161.71 -0.40 0.29 0.72 55755.00
-348.78 152.42 159.85 -0.19 0.30 0.62 55786.00
-347.49 156.24 156.92 -0.27 0.25 0.54 55817.00
-346.75 160.09 154.22 -0.33 0.10 0.47 55847.00
-344.87 164.40 151.83 -0.29 0.03 0.35 55878.00
-342.55 170.08 149.88 -0.38 0.08 0.15 55909.00
-340.42 175.49 148.43 -0.53 0.04 -0.03 55941.00
-337.14 178.28 147.23 -0.53 0.01 -0.06 55971.00
-335.05 180.65 145.56 -0.36 0.02 -0.18 56003.00
-334.13 184.15 143.85 -0.39 -0.12 -0.28 56034.00
-332.07 187.22 142.80 -0.48 -0.26 -0.45 56065.00
-328.58 189.42 142.98 -0.50 -0.27 -0.56 56095.00
-323.80 190.29 143.85 -0.39 -0.24 -0.60 56126.00
-318.96 191.99 144.62 -0.38 -0.24 -0.85 56157.00
-314.83 193.78 144.69 -0.52 -0.23 -1.09 56187.00
-312.18 193.90 143.78 -0.53 -0.40 -0.99 56218.00
-309.86 194.48 143.18 -0.46 -0.64 -1.10 56249.00
-307.05 195.13 142.98 -0.56 -0.67 -1.33 56280.00
-305.09 194.47 142.88 -0.61 -0.82 -1.38 56310.00
-303.55 193.88 143.23 -0.66 -0.87 -1.38 56341.00
-303.86 192.72 143.00 -0.68 -0.83 -1.30 56373.00
-306.05 191.51 142.64 -0.67 -0.91 -1.15 56403.00
-308.90 189.73 142.87 -0.69 -0.97 -0.93 56434.00
-311.15 187.84 144.53 -0.62 -0.89 -0.77 56464.00
-312.57 185.78 146.87 -0.53 -0.66 -0.71 56495.00
-315.02 183.66 149.03 -0.48 -0.45 -0.60 56525.00
-318.99 181.30 151.09 -0.45 -0.38 -0.43 56556.00
-322.70 178.55 153.14 -0.41 -0.33 -0.24 56587.00
-326.66 174.50 155.42 -0.32 -0.24 -0.12 56619.00
-329.36 171.97 157.67 -0.28 -0.16 -0.01 56649.00
-332.03 168.84 159.68 -0.39 -0.06 0.05 56680.00
-335.57 163.57 161.76 -0.44 -0.01 0.23 56712.00
-338.44 159.52 163.89 -0.41 0.03 0.35 56742.00
-340.87 155.82 165.69 -0.40 0.12 0.50 56773.00
-343.66 153.51 166.96 -0.45 0.24 0.43 56804.00
-348.00 151.33 168.29 -0.44 0.19 0.57 56835.00
-350.81 149.43 169.28 -0.56 0.07 0.71 56865.00
-351.28 148.37 170.65 -0.60 0.23 0.60 56896.00
-352.44 147.88 171.86 -0.73 0.34 0.67 56927.00
-352.24 147.70 172.94 -0.83 0.34 0.62 56958.00
-352.10 148.10 172.94 -1.00 0.58 0.55 56989.00
-353.51 148.70 171.36 -1.22 0.61 0.49 57020.00
-355.25 148.89 168.62 -1.38 0.56 0.56 57052.00
-358.17 149.61 165.40 -1.43 0.43 0.94 57082.00
-357.87 151.05 163.01 -1.91 0.67 -0.08 57113.00
-359.24 148.21 159.05 -1.36 0.69 0.34 57144.00
-364.52 147.02 155.57 -1.12 0.10 0.70 57176.00
-364.86 147.34 154.60 -1.58 -0.01 0.43 57206.00
-363.72 146.07 154.46 -1.42 0.29 0.39 57238.00
-364.68 145.55 154.65 -1.14 0.32 0.44 57269.00
-365.33 145.90 155.56 -1.02 0.10 0.43 57300.00
-364.51 147.13 156.79 -1.12 0.16 0.27 57331.00
-364.19 148.11 158.01 -1.00 0.18 0.17 57362.00
-364.34 148.34 158.87 -0.93 0.14 0.22 57394.00
-365.28 148.72 159.10 -0.85 0.10 0.23 57425.00
-366.82 148.85 159.24 -0.98 0.00 0.26 57456.00
-367.35 148.63 159.63 -0.94 -0.01 0.29 57487.00
-367.94 148.38 160.04 -0.93 0.09 0.31 57519.00
-368.91 148.02 160.27 -0.91 0.14 0.39 57549.00
-369.81 148.16 160.41 -0.84 0.11 0.40 57581.00
-369.78 148.27 160.60 -0.95 0.17 0.38 57612.00
-370.04 148.42 160.54 -0.86 0.21 0.39 57644.00
-370.61 148.94 160.13 -0.87 0.19 0.35 57674.00
-371.28 149.31 159.45 -0.91 0.16 0.35 57705.00
-371.79 149.64 158.70 -0.93 0.13 0.34 57737.00
-372.47 150.04 157.98 -0.93 0.12 0.31 57767.00
-373.10 150.25 157.28 -1.08 0.08 0.32 57799.00
-373.32 150.33 156.78 -1.07 0.06 0.31 57830.00
-373.58 150.49 156.39 -1.07 0.08 0.29 57862.00
-374.04 150.58 156.05 -1.05 0.06 0.29 57892.00
-374.67 150.82 155.71 -1.04 0.03 0.27 57924.00
-375.20 150.93 155.46 -1.07 0.03 0.25 57955.00
-375.37 150.67 155.39 -1.05 0.03 0.28 57987.00
-375.21 150.54 155.52 -1.06 0.06 0.28 58017.00
-374.94 150.25 155.72 -1.07 0.10 0.30 58049.00
-374.75 149.93 155.83 -1.05 0.12 0.32 58080.00
-374.78 149.59 155.74 -1.05 0.11 0.33 58112.00
-374.80 149.34 155.62 -1.05 0.09 0.33 58142.00
-374.94 149.13 155.54 -1.04 0.08 0.34 58173.00
-374.96 149.04 155.44 -1.04 0.08 0.30 58205.00
-375.01 148.96 155.37 -1.05 0.08 0.31 58235.00
-375.11 148.91 155.45 -1.06 0.11 0.30 58267.00
-375.59 148.64 155.36 -1.04 0.11 0.36 58298.00
-375.98 148.50 155.20 -1.05 0.09 0.36 58330.00
-376.42 148.40 155.07 -1.03 0.09 0.35 58360.00
-376.71 148.38 154.99 -1.05 0.08 0.31 58392.00
-377.35 148.25 155.19 -1.04 0.10 0.35 58423.00
-378.00 148.09 155.24 -1.03 0.04 0.35 58455.00
-377.77 148.11 155.22 -1.04 0.03 0.31 58485.00

