-53.01 50.75 40.50 -0.05 -0.90 0.36 2900.00
-56.48 53.05 46.14 -0.12 -0.72 0.29 2931.00
-60.25 54.89 51.36 -0.21 -0.65 0.25 2962.00
-64.95 55.80 56.21 -0.29 -0.60 0.23 2993.00
-70.13 56.16 60.72 -0.32 -0.59 0.25 3023.00
-75.34 56.25 65.31 -0.38 -0.57 0.27 3054.00
-80.47 55.70 69.72 -0.45 -0.51 0.29 3085.00
-85.30 54.75 74.32 -0.46 -0.47 0.34 3116.00
-89.05 54.13 78.89 -0.48 -0.38 0.36 3146.00
-92.50 53.62 83.29 -0.52 -0.25 0.37 3177.00
-96.16 52.99 87.44 -0.56 -0.17 0.39 3208.00
-99.52 52.81 91.05 -0.59 -0.09 0.39 3238.00
-103.96 53.21 93.86 -0.67 -0.02 0.38 3269.00
-108.35 53.02 96.27 -0.74 -0.04 0.43 3300.00
-111.68 53.74 98.02 -0.75 -0.01 0.38 3331.00
-114.79 54.18 99.14 -0.90 0.03 0.41 3362.00
-116.67 54.16 100.04 -0.94 0.06 0.41 3393.00
-117.81 54.68 100.25 -0.94 0.15 0.32 3424.00
-119.21 55.08 100.14 -0.97 0.16 0.30 3454.00
-119.89 55.24 100.13 -1.00 0.11 0.25 3486.00
-120.04 55.67 99.71 -1.12 0.17 0.14 3517.00
-121.42 55.88 98.40 -1.17 0.13 0.16 3548.00
-122.90 54.67 96.74 -1.47 -0.07 0.55 3579.00
-122.99 55.51 96.35 -1.72 -0.21 0.48 3610.00
-121.96 56.69 97.33 -1.80 -0.02 0.31 3641.00
-121.23 58.00 98.80 -1.78 0.17 0.14 3672.00
-121.30 58.75 100.41 -1.59 0.13 0.21 3703.00
-120.93 59.48 102.89 -1.72 0.09 0.20 3734.00
-119.68 60.02 106.40 -1.72 0.14 0.15 3765.00
-118.62 60.21 110.01 -1.47 0.27 0.05 3796.00
-118.16 59.01 112.94 -1.51 0.24 0.39 3827.00
-116.82 58.34 115.59 -1.22 0.19 0.41 3858.00
-114.62 58.60 118.13 -1.12 0.17 0.40 3889.00
-111.16 58.71 120.73 -0.95 0.23 0.40 3920.00
-107.05 59.48 122.33 -0.69 0.31 0.32 3951.00
-104.35 61.58 122.31 -0.58 0.37 0.21 3982.00
-102.48 63.05 120.77 -0.60 0.25 0.23 4013.00
-101.17 64.05 118.34 -0.45 0.12 0.27 4043.00
-99.36 66.33 115.48 -0.46 0.03 0.24 4075.00
-97.50 68.99 112.81 -0.48 -0.05 0.16 4106.00
-95.63 71.68 110.55 -0.52 -0.13 0.08 4136.00
-92.70 74.23 108.82 -0.58 -0.18 0.01 4167.00
-89.46 76.84 107.51 -0.56 -0.15 -0.06 4198.00
-86.52 79.56 106.18 -0.56 -0.16 -0.17 4230.00
-84.55 82.12 104.90 -0.51 -0.17 -0.28 4260.00
-82.95 85.49 103.69 -0.54 -0.21 -0.40 4291.00
-81.10 88.51 102.92 -0.62 -0.22 -0.51 4322.00
-79.21 90.96 102.59 -0.61 -0.22 -0.59 4353.00
-76.98 93.05 102.58 -0.58 -0.28 -0.65 4383.00
-73.99 95.01 102.74 -0.48 -0.28 -0.76 4414.00
-71.64 96.89 102.25 -0.40 -0.25 -0.91 4445.00
-71.80 98.89 100.77 -0.28 -0.34 -1.16 4475.00
-73.28 101.48 99.06 -0.37 -0.52 -1.29 4505.00
-74.36 102.50 97.92 -0.41 -0.62 -1.12 4536.00
-74.52 102.58 97.61 -0.33 -0.64 -1.15 4567.00
-74.37 102.63 98.38 -0.30 -0.56 -1.14 4597.00
-74.60 102.17 99.50 -0.33 -0.45 -1.13 4628.00
-75.55 100.88 100.53 -0.35 -0.38 -1.03 4659.00
-77.08 99.05 101.47 -0.35 -0.36 -0.87 4689.00
-79.13 96.74 102.59 -0.35 -0.33 -0.76 4720.00
-81.47 94.17 104.03 -0.37 -0.30 -0.66 4751.00
-83.81 91.22 105.82 -0.37 -0.25 -0.53 4782.00
-85.53 88.45 107.79 -0.35 -0.19 -0.40 4811.00
-86.93 85.88 110.04 -0.39 -0.08 -0.36 4842.00
-89.13 83.09 112.00 -0.44 0.03 -0.34 4873.00
-92.50 80.30 113.13 -0.46 0.06 -0.17 4904.00
-96.43 77.38 113.77 -0.49 0.00 0.01 4935.00
-98.54 72.45 114.37 -0.51 0.02 0.15 4966.00
-100.73 68.53 114.32 -0.41 0.17 0.21 4997.00
-104.72 66.49 114.05 -0.48 0.21 0.22 5027.00
-108.97 64.04 113.57 -0.57 0.17 0.31 5059.00
-112.27 61.86 112.81 -0.67 0.12 0.37 5090.00
-115.05 60.16 112.36 -0.78 0.17 0.38 5121.00
-117.21 58.79 111.90 -0.87 0.07 0.45 5151.00
-117.54 57.88 111.85 -0.98 0.10 0.47 5182.00
-116.38 56.66 111.68 -1.24 0.11 0.56 5214.00
-114.11 56.50 111.83 -1.13 0.21 0.42 5244.00
-112.64 56.37 111.94 -1.35 0.34 0.39 5275.00
-111.51 56.46 111.96 -1.24 0.43 0.26 5307.00
-111.93 57.02 110.53 -1.35 0.53 0.09 5338.00
-113.95 56.29 107.76 -1.48 0.67 0.28 5368.00
-118.26 56.57 103.08 -1.54 0.46 0.58 5399.00
-121.90 58.77 98.46 -1.69 0.11 -0.08 5430.00
-123.79 57.56 95.64 -1.95 -0.03 0.19 5462.00
-123.25 56.19 95.70 -2.02 -0.00 0.40 5492.00
-121.78 55.42 97.66 -2.12 0.24 0.40 5523.00
-121.52 55.62 100.57 -1.89 0.24 0.39 5554.00
-120.90 56.32 104.34 -1.80 0.21 0.31 5585.00
-119.56 56.65 108.28 -1.71 0.28 0.26 5616.00
-117.90 56.19 111.82 -1.54 0.33 0.31 5647.00
-116.77 55.74 114.08 -1.20 0.32 0.49 5679.00
-116.77 57.47 115.13 -1.02 0.22 0.43 5709.00
-115.75 59.48 116.31 -0.93 0.16 0.39 5740.00
-113.61 61.88 117.57 -0.71 0.19 0.36 5771.00
-110.80 64.47 118.38 -0.60 0.31 0.23 5801.00
-108.93 67.61 117.92 -0.56 0.39 0.19 5833.00
-107.38 69.41 116.33 -0.60 0.24 0.28 5864.00
-105.70 71.09 113.56 -0.43 0.14 0.25 5895.00
-104.92 73.64 110.21 -0.35 0.03 0.20 5925.00
-104.41 76.46 106.79 -0.39 -0.14 0.14 5956.00
-102.78 80.00 104.13 -0.45 -0.25 0.02 5987.00
-100.39 83.38 102.29 -0.48 -0.27 -0.10 6019.00
-97.43 86.49 101.44 -0.46 -0.26 -0.13 6049.00
-93.86 89.52 101.42 -0.51 -0.20 -0.25 6080.00
-89.85 92.01 101.69 -0.53 -0.19 -0.36 6111.00
-86.24 93.89 101.78 -0.46 -0.10 -0.42 6141.00
-83.72 96.26 101.50 -0.43 -0.09 -0.44 6172.00
-81.65 98.32 101.19 -0.49 -0.11 -0.46 6203.00
-79.63 100.03 100.62 -0.48 -0.12 -0.56 6234.00
-77.98 101.70 99.78 -0.47 -0.18 -0.64 6264.00
-76.71 103.47 98.85 -0.49 -0.32 -0.74 6294.00
-75.11 104.94 98.04 -0.47 -0.47 -0.83 6325.00
-73.59 106.24 97.04 -0.41 -0.56 -0.98 6355.00
-72.74 107.66 96.09 -0.42 -0.71 -1.15 6386.00
-71.90 108.76 95.85 -0.41 -0.85 -1.17 6417.00
-70.65 109.46 95.80 -0.33 -0.84 -1.23 6448.00
-70.27 110.22 95.78 -0.27 -0.81 -1.39 6478.00
-71.74 110.48 95.89 -0.27 -0.81 -1.29 6509.00
-73.79 109.67 96.44 -0.32 -0.79 -1.12 6539.00
-75.25 107.77 97.72 -0.29 -0.70 -0.97 6569.00
-81.82 99.83 103.63 -0.34 -0.36 -0.53 6662.00
-84.20 97.09 106.04 -0.34 -0.28 -0.35 6692.00
-85.69 94.40 108.77 -0.33 -0.18 -0.27 6722.00
-86.44 91.53 111.93 -0.34 -0.08 -0.30 6754.00
-87.52 88.67 114.65 -0.33 0.06 -0.24 6785.00
-90.75 86.56 116.57 -0.35 0.10 -0.16 6815.00
-94.11 83.88 118.03 -0.34 0.09 -0.03 6846.00
-98.67 81.69 118.46 -0.35 0.07 0.04 6877.00
-102.06 78.00 118.21 -0.43 0.08 0.09 6908.00
-107.21 75.28 116.96 -0.42 0.16 0.14 6939.00
-113.64 72.86 115.04 -0.58 0.02 0.24 6970.00
-118.48 70.02 112.81 -0.78 -0.07 0.31 7001.00
-122.04 67.44 110.83 -0.98 -0.12 0.41 7031.00
-124.73 64.93 109.74 -1.11 -0.12 0.49 7063.00
-124.73 61.73 109.17 -1.39 -0.20 0.80 7094.00
-122.46 61.31 110.36 -1.24 0.13 0.43 7124.00
-122.58 62.10 109.77 -1.50 0.52 0.22 7156.00
-124.11 61.49 108.21 -1.80 0.38 0.29 7187.00
-125.45 57.80 106.17 -1.56 0.38 1.71 7218.00
-128.47 63.48 103.06 -2.13 0.21 0.42 7248.00
-130.35 65.29 102.69 -2.29 0.21 -0.36 7280.00
-129.30 62.40 104.75 -1.73 0.23 0.46 7311.00
-127.79 62.59 108.38 -1.71 0.48 0.10 7342.00
-127.23 61.93 112.00 -2.02 0.61 0.40 7372.00
-126.51 60.96 115.84 -1.76 0.47 0.48 7404.00
-125.51 61.61 119.00 -1.52 0.49 0.16 7435.00
-124.89 61.26 121.31 -1.40 0.43 0.28 7465.00
-123.39 59.76 123.57 -1.21 0.37 0.46 7496.00
-120.63 57.75 125.05 -0.89 0.48 0.65 7527.00
-118.34 58.26 124.86 -0.51 0.58 0.64 7558.00
-117.63 61.37 123.29 -0.40 0.49 0.61 7588.00
-116.97 64.74 120.69 -0.44 0.29 0.58 7619.00
-115.97 67.71 117.53 -0.38 0.11 0.58 7650.00
-114.61 71.30 114.71 -0.33 -0.02 0.47 7680.00
-112.89 75.35 112.06 -0.30 -0.11 0.35 7710.00
-111.31 79.95 109.44 -0.33 -0.18 0.19 7741.00
-109.79 84.73 106.98 -0.31 -0.24 0.04 7772.00
-108.55 89.62 104.36 -0.35 -0.23 -0.13 7802.00
-108.88 94.49 101.57 -0.29 -0.22 -0.34 7833.00
-109.64 100.17 99.73 -0.43 -0.34 -0.54 7864.00
-108.50 104.03 99.77 -0.57 -0.33 -0.54 7895.00
-106.15 106.47 100.69 -0.43 -0.19 -0.60 7925.00
-103.36 109.11 102.21 -0.48 -0.14 -0.67 7956.00
-100.67 111.39 103.88 -0.50 -0.06 -0.72 7987.00
-98.29 113.21 105.06 -0.45 -0.04 -0.78 8017.00
-96.58 115.10 105.71 -0.43 -0.09 -0.91 8047.00
-95.01 116.66 106.24 -0.39 -0.17 -1.01 8078.00
-93.39 117.98 106.30 -0.25 -0.22 -1.11 8110.00
-93.18 119.72 105.09 -0.01 -0.25 -1.41 8140.00
-95.72 122.01 102.95 0.00 -0.40 -1.59 8171.00
-98.76 122.99 102.44 -0.09 -0.55 -1.39 8202.00
-98.63 122.28 103.62 -0.07 -0.41 -1.34 8232.00
-97.54 120.34 105.45 -0.04 -0.20 -1.29 8263.00
-98.41 117.88 106.80 -0.07 -0.10 -1.04 8294.00
-100.78 115.01 107.47 -0.16 -0.12 -0.85 8325.00
-103.43 112.11 107.98 -0.21 -0.17 -0.68 8355.00
-105.48 109.04 108.74 -0.30 -0.20 -0.58 8386.00
-106.74 105.16 109.92 -0.39 -0.19 -0.49 8417.00
-108.43 100.24 110.88 -0.29 -0.12 -0.38 8448.00
-111.84 96.82 111.36 -0.32 -0.11 -0.24 8478.00
-117.21 92.49 111.45 -0.29 -0.14 0.00 8509.00
-120.61 89.82 111.16 -0.31 -0.13 0.02 8540.00
-122.86 85.61 110.74 -0.56 -0.06 0.15 8570.00
-124.96 81.15 110.59 -0.51 0.09 0.19 8602.00
-128.00 77.57 110.83 -0.65 0.19 0.25 8633.00
-131.04 74.16 110.47 -0.71 0.12 0.41 8664.00
-132.55 71.47 110.60 -0.86 0.11 0.41 8694.00
-133.17 69.05 111.52 -1.09 0.08 0.69 8726.00
-129.90 66.92 113.55 -1.20 0.12 0.73 8757.00
-125.22 67.20 115.37 -1.06 0.43 0.46 8787.00
-122.38 68.61 116.64 -1.12 0.61 0.16 8818.00
-121.95 69.91 115.76 -1.30 0.78 -0.14 8850.00
-123.85 69.59 112.14 -1.37 0.70 -0.17 8881.00
-127.27 68.78 107.77 -1.24 0.46 -0.16 8911.00
-130.68 67.13 102.60 -1.46 0.28 -0.03 8942.00
-132.16 63.31 98.38 -1.41 0.15 0.17 8974.00
-132.81 60.19 94.91 -1.32 0.07 1.19 9005.00
-135.19 61.87 93.61 -2.05 0.00 0.21 9035.00
-136.22 60.44 94.32 -1.70 -0.07 0.58 9066.00
-135.27 61.19 97.42 -1.86 0.07 0.30 9098.00
-133.14 60.72 101.83 -1.86 0.37 0.40 9128.00
-130.81 61.01 106.72 -1.58 0.65 0.34 9159.00
-129.47 61.38 110.93 -1.65 0.78 0.37 9190.00
-128.01 60.89 114.89 -1.55 0.67 0.41 9221.00
-126.69 60.22 117.38 -1.36 0.59 0.52 9251.00
-125.83 60.15 118.85 -1.20 0.47 0.61 9283.00
-124.78 61.01 120.14 -1.13 0.33 0.61 9314.00
-122.82 62.04 121.64 -1.15 0.29 0.61 9345.00
-119.92 62.28 122.86 -0.94 0.32 0.60 9375.00
-116.50 63.10 123.12 -0.49 0.38 0.62 9406.00
-113.64 67.29 121.18 -0.33 0.42 0.38 9437.00
-112.23 70.84 117.81 -0.48 0.31 0.38 9467.00
-111.21 73.86 113.65 -0.25 0.13 0.38 9498.00
-111.24 78.20 109.05 -0.19 -0.08 0.30 9529.00
-111.28 83.07 104.95 -0.19 -0.32 0.17 9560.00
-110.66 88.03 102.06 -0.17 -0.49 -0.02 9590.00
-107.81 93.78 101.27 -0.29 -0.55 -0.19 9621.00
-103.33 97.93 102.75 -0.30 -0.37 -0.40 9652.00
-98.25 100.82 105.10 -0.25 -0.20 -0.49 9682.00
-93.47 102.59 107.53 -0.20 -0.09 -0.57 9713.00
-89.82 104.77 109.48 -0.18 -0.05 -0.74 9744.00
-86.72 106.47 111.23 -0.21 -0.00 -0.84 9775.00
-84.68 107.65 112.11 -0.17 0.04 -1.03 9805.00
-83.59 109.48 112.25 -0.23 -0.07 -1.29 9836.00
-81.78 110.52 113.57 -0.49 -0.30 -1.50 9867.00
-78.75 109.70 114.28 -0.35 -0.25 -1.45 9897.00
-77.80 108.98 113.60 -0.28 -0.25 -1.46 9928.00
-79.54 108.94 112.17 -0.38 -0.44 -1.35 9959.00
-81.49 108.04 110.88 -0.49 -0.55 -1.14 9990.00
-82.81 106.50 110.61 -0.47 -0.55 -1.01 10020.00
-83.99 105.24 111.13 -0.45 -0.44 -0.96 10051.00
-85.87 103.58 111.95 -0.52 -0.34 -0.81 10082.00
-88.23 101.41 113.02 -0.45 -0.27 -0.70 10113.00
-90.69 99.50 114.14 -0.44 -0.21 -0.61 10143.00
-93.25 97.29 115.57 -0.49 -0.18 -0.52 10174.00
-95.35 94.62 117.09 -0.50 -0.09 -0.42 10205.00
-97.57 91.89 118.25 -0.44 0.01 -0.29 10235.00
-101.02 89.46 119.12 -0.41 0.07 -0.19 10266.00
-105.04 87.46 119.68 -0.50 0.05 -0.09 10297.00
-108.44 83.21 120.24 -0.49 0.06 0.14 10329.00
-110.78 79.86 120.66 -0.32 0.11 0.18 10359.00
-114.56 78.34 120.51 -0.46 0.19 0.11 10390.00
-118.63 74.26 119.81 -0.40 0.16 0.32 10421.00
-122.83 70.95 118.42 -0.30 0.15 0.48 10451.00
-127.15 69.46 117.13 -0.54 0.05 0.46 10482.00
-131.50 67.53 116.29 -0.68 0.10 0.58 10514.00
-133.76 65.88 115.19 -0.79 -0.05 0.59 10545.00
-133.38 65.78 114.62 -0.76 0.14 0.39 10575.00
-134.30 66.33 112.47 -1.16 0.19 0.62 10607.00
-134.77 68.09 111.60 -1.47 0.08 0.31 10638.00
-134.46 70.03 110.71 -1.67 0.06 0.30 10669.00
-134.24 70.63 108.23 -2.01 0.30 0.22 10700.00
-133.89 69.30 105.24 -1.87 0.58 0.25 10731.00
-136.03 69.19 101.57 -1.77 0.51 0.29 10762.00
-137.86 68.92 98.88 -2.13 0.32 0.36 10793.00
-138.06 67.69 99.04 -2.08 0.20 0.41 10824.00
-137.07 66.80 101.27 -1.86 0.30 0.36 10855.00
-135.98 66.29 104.28 -1.66 0.39 0.30 10887.00
-135.68 66.39 107.05 -1.57 0.28 0.36 10917.00
-134.66 66.71 109.97 -1.50 0.25 0.27 10949.00
-133.46 66.76 112.18 -1.35 0.28 0.26 10980.00
-132.83 67.18 113.51 -1.16 0.31 0.17 11011.00
-133.03 67.70 113.81 -1.09 0.27 0.17 11042.00
-133.60 67.92 113.49 -0.96 0.17 0.24 11073.00
-133.74 68.14 113.18 -0.84 0.09 0.30 11105.00
-132.33 67.96 113.14 -0.85 0.04 0.53 11136.00
-130.29 69.67 113.21 -0.86 0.16 0.41 11166.00
-128.81 70.87 112.90 -0.75 0.19 0.41 11198.00
-127.99 72.91 112.08 -0.60 0.14 0.45 11229.00
-126.63 75.73 110.98 -0.65 0.13 0.40 11259.00
-125.58 79.21 109.28 -0.58 0.15 0.23 11290.00
-125.39 84.64 107.22 -0.53 0.06 0.13 11322.00
-124.09 87.94 105.62 -0.78 -0.05 0.10 11353.00
-121.59 90.43 104.55 -0.65 -0.11 0.13 11383.00
-119.04 93.55 103.65 -0.55 -0.13 0.09 11415.00
-116.89 97.31 102.62 -0.54 -0.16 -0.08 11446.00
-115.00 100.73 101.86 -0.52 -0.19 -0.23 11476.00
-113.04 104.57 101.33 -0.50 -0.22 -0.39 11508.00
-110.94 107.76 101.24 -0.53 -0.24 -0.51 11539.00
-107.96 110.17 101.98 -0.48 -0.26 -0.65 11570.00
-103.99 112.11 103.33 -0.33 -0.20 -0.89 11600.00
-99.51 113.60 104.59 -0.42 -0.24 -1.23 11631.00
-96.26 113.47 105.07 -0.48 -0.32 -1.06 11662.00
-95.16 113.81 104.77 -0.35 -0.40 -1.08 11693.00
-95.29 114.52 103.99 -0.42 -0.47 -1.16 11723.00
-96.18 114.95 103.46 -0.46 -0.56 -1.17 11754.00
-96.65 114.65 103.49 -0.45 -0.54 -1.08 11785.00
-97.19 113.81 104.08 -0.43 -0.46 -1.02 11815.00
-98.11 112.40 105.10 -0.41 -0.39 -0.86 11846.00
-99.27 110.75 106.44 -0.36 -0.26 -0.78 11877.00
-101.46 109.00 107.86 -0.35 -0.21 -0.69 11908.00
-103.55 106.85 109.25 -0.40 -0.21 -0.57 11938.00
-105.92 104.14 110.64 -0.37 -0.16 -0.47 11969.00
-108.48 101.68 112.00 -0.40 -0.16 -0.41 12000.00
-111.06 98.68 113.40 -0.49 -0.14 -0.23 12030.00
-113.70 94.70 115.02 -0.43 -0.12 -0.05 12062.00
-116.25 91.14 116.26 -0.49 -0.06 0.03 12093.00
-119.19 86.83 117.13 -0.52 -0.00 0.12 12124.00
-122.12 82.16 117.57 -0.53 0.06 0.28 12155.00
-125.89 79.36 117.73 -0.58 0.14 0.28 12186.00
-130.05 77.37 117.29 -0.67 0.10 0.32 12217.00
-132.80 74.39 116.44 -0.86 0.11 0.44 12249.00
-134.14 72.55 115.18 -0.91 0.15 0.44 12279.00
-135.75 71.48 113.91 -0.92 0.18 0.40 12310.00
-136.89 68.84 112.23 -1.14 0.05 0.64 12342.00
-136.35 67.61 110.96 -1.10 0.11 0.49 12372.00
-138.66 67.50 108.32 -1.39 0.23 0.38 12403.00
-141.72 66.09 105.66 -1.32 -0.07 0.80 12435.00
-142.68 68.57 103.10 -1.46 -0.18 0.94 12466.00
-144.19 71.97 100.00 -2.57 -0.05 0.43 12496.00
-146.38 71.02 98.38 -2.24 -0.22 0.34 12528.00
-144.57 71.84 98.62 -1.62 -0.05 0.31 12559.00
-144.49 72.63 99.84 -2.03 0.15 0.25 12590.00
-144.13 71.97 102.27 -1.76 0.05 0.43 12621.00
-142.70 72.03 105.27 -1.77 0.14 0.36 12652.00
-142.10 73.23 108.18 -1.55 0.23 0.21 12683.00
-142.33 75.02 111.46 -1.82 0.24 0.02 12715.00
-142.53 74.58 114.13 -1.73 0.22 0.20 12745.00
-142.24 73.50 115.98 -1.44 0.15 0.32 12777.00
-140.76 73.32 117.44 -1.14 0.18 0.29 12808.00
-138.83 73.95 118.77 -1.00 0.21 0.23 12838.00
-135.90 73.63 119.41 -0.86 0.27 0.22 12870.00
-134.21 71.19 118.39 -0.70 0.19 0.69 12901.00
-133.12 70.45 116.71 -0.25 -0.05 1.03 12932.00
-132.06 74.24 114.38 -0.19 -0.14 0.81 12962.00
-131.29 79.67 111.92 -0.42 -0.16 0.62 12993.00
-130.07 84.69 110.61 -0.43 -0.21 0.46 13024.00
-127.43 90.95 109.87 -0.34 -0.13 0.17 13054.00
-124.80 96.37 108.91 -0.45 -0.04 0.05 13085.00
-122.82 100.11 108.16 -0.51 -0.11 0.01 13117.00
-120.01 103.64 107.58 -0.55 -0.17 0.02 13148.00
-118.09 106.85 107.27 -0.47 -0.13 -0.08 13178.00
-116.37 110.88 106.97 -0.37 -0.13 -0.24 13210.00
-114.06 115.02 106.63 -0.44 -0.14 -0.50 13241.00
-111.80 118.00 106.59 -0.49 -0.16 -0.67 13272.00
-109.21 119.68 106.91 -0.40 -0.24 -0.67 13302.00
-105.88 121.85 107.33 -0.36 -0.29 -0.84 13333.00
-101.95 123.59 107.70 -0.40 -0.32 -1.00 13364.00
-98.37 124.43 107.66 -0.33 -0.33 -1.08 13394.00
-95.92 126.28 106.42 -0.16 -0.45 -1.24 13425.00
-96.03 129.12 103.63 -0.17 -0.64 -1.51 13456.00
-97.94 130.59 101.11 -0.22 -0.95 -1.53 13487.00
-98.40 130.64 100.47 -0.19 -1.11 -1.39 13517.00
-97.55 129.46 101.59 -0.18 -0.98 -1.37 13548.00
-97.49 127.32 103.75 -0.19 -0.79 -1.16 13579.00
-99.08 124.69 106.10 -0.22 -0.61 -0.81 13609.00
-101.40 122.13 108.73 -0.12 -0.51 -0.72 13640.00
-103.16 120.78 110.94 -0.20 -0.30 -0.79 13671.00
-106.15 118.15 112.33 -0.32 -0.13 -0.67 13702.00
-110.40 114.74 113.26 -0.25 -0.14 -0.50 13732.00
-114.89 112.12 113.85 -0.29 -0.17 -0.36 13763.00
-118.61 108.88 114.72 -0.44 -0.18 -0.17 13795.00
-121.54 103.94 116.23 -0.43 -0.18 0.01 13826.00
-122.79 99.97 117.83 -0.30 -0.08 0.09 13856.00
-125.92 96.56 119.12 -0.42 0.02 0.08 13888.00
-129.94 91.01 119.67 -0.45 0.03 0.30 13919.00
-134.24 88.29 119.66 -0.41 0.01 0.35 13949.00
-138.23 85.23 119.68 -0.69 -0.00 0.41 13980.00
-141.45 80.23 119.29 -0.59 -0.07 0.73 14011.00
-143.65 79.43 118.74 -0.62 -0.03 0.52 14043.00
-145.48 76.81 118.25 -1.02 0.04 0.68 14073.00
-147.90 73.96 117.45 -0.81 0.05 0.98 14104.00
-148.04 77.60 116.76 -0.93 -0.10 0.70 14135.00
-148.26 82.37 116.86 -1.63 0.19 -0.17 14166.00
-148.88 83.51 114.53 -1.40 0.28 -0.15 14197.00
-149.38 81.98 110.90 -1.63 0.46 0.25 14228.00
-152.32 81.19 106.48 -1.68 0.39 0.36 14259.00
-155.71 81.36 101.95 -1.91 0.06 0.53 14290.00
-156.28 81.50 99.32 -2.35 -0.04 0.43 14321.00
-155.94 80.97 98.92 -2.40 0.17 0.34 14353.00
-155.99 79.93 100.36 -2.00 0.07 0.34 14384.00
-155.33 78.92 102.76 -2.06 0.03 0.36 14415.00
-153.89 77.38 106.20 -2.06 0.02 0.43 14446.00
-151.59 75.88 110.37 -1.89 0.14 0.42 14477.00
-148.92 74.40 114.18 -1.54 0.21 0.48 14509.00
-146.71 73.12 115.86 -1.40 0.27 0.57 14539.00
-146.15 72.29 115.49 -1.08 0.19 0.71 14570.00
-146.42 72.29 114.88 -0.82 0.06 0.93 14601.00
-144.49 73.27 114.76 -0.82 -0.05 0.98 14631.00
-141.87 74.13 114.24 -0.49 -0.04 1.03 14662.00
-138.94 77.68 112.79 -0.23 -0.07 0.73 14693.00
-136.80 81.97 110.32 -0.11 -0.13 0.55 14724.00
-135.20 87.49 107.31 -0.15 -0.25 0.28 14754.00
-133.43 91.54 104.45 -0.07 -0.30 0.18 14785.00
-130.64 97.04 102.02 -0.09 -0.37 0.01 14817.00
-126.92 101.09 100.04 -0.11 -0.36 -0.12 14848.00
-123.74 105.25 98.14 -0.08 -0.41 -0.24 14878.00
-121.03 110.17 96.58 -0.17 -0.53 -0.45 14910.00
-118.32 114.58 96.05 -0.28 -0.58 -0.65 14941.00
-115.56 118.30 96.17 -0.38 -0.51 -0.85 14971.00
-113.53 121.42 96.59 -0.47 -0.44 -1.12 15002.00
-111.79 123.44 97.33 -0.63 -0.42 -1.05 15033.00
-109.99 124.23 97.57 -0.57 -0.33 -1.03 15064.00
-109.29 125.26 97.25 -0.56 -0.37 -1.00 15094.00
-109.88 126.61 96.55 -0.57 -0.46 -1.04 15125.00
-110.74 127.98 96.31 -0.60 -0.57 -1.11 15156.00
-110.93 128.64 96.52 -0.53 -0.58 -1.14 15186.00
-110.91 128.77 96.99 -0.46 -0.55 -1.18 15217.00
-111.87 128.15 97.78 -0.45 -0.55 -1.05 15248.00
-112.73 126.94 99.27 -0.44 -0.53 -0.90 15279.00
-113.09 125.15 100.99 -0.43 -0.43 -0.85 15308.00
-114.16 122.87 103.00 -0.38 -0.33 -0.74 15339.00
-116.22 120.48 104.84 -0.37 -0.27 -0.59 15370.00
-118.95 118.13 106.42 -0.37 -0.22 -0.49 15400.00
-122.31 115.11 107.78 -0.39 -0.23 -0.35 15431.00
-125.16 112.15 109.17 -0.36 -0.17 -0.28 15462.00
-127.72 108.56 110.68 -0.40 -0.07 -0.21 15494.00
-130.88 104.72 111.84 -0.34 0.02 -0.10 15524.00
-135.68 101.00 112.69 -0.28 0.01 0.05 15556.00
-139.36 97.25 112.80 -0.36 0.03 0.06 15587.00
-143.44 92.34 112.15 -0.44 0.04 0.19 15618.00
-147.60 87.19 111.14 -0.45 0.00 0.37 15649.00
-151.61 83.38 110.02 -0.62 -0.09 0.51 15680.00
-153.98 79.03 108.94 -0.74 -0.16 0.72 15711.00
-155.18 76.36 108.21 -0.77 -0.09 0.66 15741.00
-157.33 75.24 107.07 -0.96 -0.09 0.66 15772.00
-159.16 73.66 105.53 -1.12 -0.13 0.56 15803.00
-161.46 72.69 103.35 -0.81 -0.14 0.98 15835.00
-164.11 75.54 100.17 -1.40 -0.50 1.35 15865.00
-163.32 79.69 98.16 -1.84 -0.24 0.53 15896.00
-165.41 78.36 94.51 -1.95 -0.23 0.67 15927.00
-165.22 80.50 91.42 -1.38 -0.34 0.37 15959.00
-166.16 82.26 88.06 -1.67 -0.15 0.14 15989.00
-168.72 81.77 85.40 -2.00 -0.44 0.41 16020.00
-169.53 81.46 85.45 -1.99 -0.73 0.58 16051.00
-167.57 81.41 88.60 -1.91 -0.49 0.50 16082.00
-165.77 81.54 92.79 -1.76 -0.22 0.44 16113.00
-164.41 81.58 97.00 -1.82 -0.17 0.45 16144.00
-163.07 82.01 101.31 -1.77 -0.13 0.38 16176.00
-161.93 82.40 104.87 -1.65 -0.09 0.34 16206.00
-161.20 82.97 108.17 -1.60 -0.11 0.31 16237.00
-160.24 83.33 111.48 -1.43 -0.12 0.27 16268.00
-158.90 83.22 114.42 -1.25 -0.07 0.31 16300.00
-157.86 81.99 116.26 -1.07 0.02 0.60 16330.00
-157.14 82.75 117.54 -0.79 0.02 0.66 16361.00
-155.61 84.27 118.43 -0.70 0.10 0.72 16392.00
-154.28 86.39 118.57 -0.54 0.15 0.76 16422.00
-152.98 90.20 118.49 -0.51 0.15 0.71 16453.00
-150.16 93.80 118.55 -0.50 0.14 0.61 16484.00
-146.33 97.56 117.57 -0.37 0.18 0.44 16515.00
-143.52 100.96 115.45 -0.16 0.17 0.32 16545.00
-143.26 106.88 112.60 -0.03 -0.01 0.12 16576.00
-141.14 112.43 109.92 -0.17 -0.15 -0.05 16607.00
-138.71 115.39 107.80 -0.16 -0.23 -0.09 16637.00
-135.13 119.74 106.16 -0.11 -0.28 -0.27 16669.00
-131.45 124.72 105.29 -0.24 -0.30 -0.44 16700.00
-127.43 128.32 104.80 -0.33 -0.25 -0.59 16731.00
-123.72 131.89 104.25 -0.45 -0.28 -0.91 16761.00
-119.61 133.33 103.94 -0.49 -0.41 -1.13 16792.00
-115.83 133.30 103.68 -0.32 -0.60 -1.09 16823.00
-113.11 134.28 102.74 -0.28 -0.73 -1.32 16854.00
-112.12 135.37 101.73 -0.32 -0.86 -1.48 16884.00
-112.45 136.03 101.52 -0.33 -0.92 -1.45 16915.00
-112.61 136.03 102.10 -0.31 -0.89 -1.42 16946.00
-112.88 134.85 103.42 -0.38 -0.77 -1.23 16976.00
-113.71 132.67 105.33 -0.34 -0.68 -1.02 17008.00
-115.05 130.39 107.48 -0.38 -0.55 -0.84 17039.00
-116.80 127.66 109.53 -0.40 -0.44 -0.69 17069.00
-119.09 124.80 111.63 -0.38 -0.36 -0.53 17099.00
-121.42 122.20 114.00 -0.42 -0.28 -0.38 17130.00
-123.95 119.00 116.45 -0.45 -0.19 -0.28 17162.00
-126.26 115.88 118.65 -0.45 -0.15 -0.19 17192.00
-128.53 112.84 120.97 -0.47 -0.11 -0.14 17223.00
-131.04 109.42 123.26 -0.48 -0.05 -0.00 17255.00
-134.31 105.35 124.96 -0.34 -0.01 0.11 17286.00
-138.52 102.98 126.23 -0.41 0.02 0.08 17317.00
-142.68 98.46 126.96 -0.39 -0.01 0.23 17348.00
-147.01 94.76 127.69 -0.33 -0.01 0.31 17379.00
-151.55 90.90 128.25 -0.46 -0.08 0.53 17410.00
-154.59 86.79 128.68 -0.48 -0.14 0.75 17440.00
-156.70 85.47 129.17 -0.55 -0.03 0.59 17471.00
-159.03 83.75 129.26 -0.86 0.10 0.61 17502.00
-161.33 81.47 128.29 -0.91 0.09 0.57 17533.00
-163.73 81.60 126.98 -0.90 0.10 0.86 17564.00
-164.71 84.08 125.13 -1.57 -0.02 1.17 17595.00
-164.80 87.57 123.97 -2.04 0.21 0.64 17626.00
-165.79 88.59 121.13 -1.79 0.30 0.46 17657.00
-166.44 89.45 116.73 -1.60 0.43 0.38 17688.00
-169.09 90.40 112.67 -1.99 0.29 0.44 17719.00
-169.91 89.89 110.85 -2.04 0.05 0.59 17751.00
-169.21 89.63 111.35 -2.16 0.14 0.51 17781.00
-168.52 89.35 112.91 -1.85 0.15 0.50 17812.00
-167.48 89.18 115.13 -1.75 0.09 0.47 17844.00
-166.39 88.77 117.42 -1.84 0.03 0.56 17874.00
-164.26 88.77 120.31 -1.73 0.04 0.46 17906.00
-162.56 90.07 121.83 -1.53 0.11 0.21 17937.00
-162.58 90.69 120.89 -1.54 0.04 0.12 17968.00
-163.97 89.98 118.14 -1.21 -0.05 0.23 17999.00
-167.17 89.74 114.52 -1.06 -0.20 0.42 18030.00
-170.19 90.39 111.79 -1.05 -0.41 0.59 18061.00
-171.27 91.45 110.82 -0.69 -0.51 0.93 18092.00
-169.69 94.57 111.59 -0.54 -0.49 0.84 18122.00
-166.56 98.85 113.52 -0.39 -0.37 0.73 18153.00
-162.75 103.68 115.28 -0.35 -0.19 0.52 18184.00
-160.87 108.96 116.07 -0.25 -0.10 0.40 18214.00
-159.24 114.77 116.46 -0.38 -0.24 0.25 18245.00
-156.84 119.02 117.31 -0.31 -0.28 0.13 18276.00
-152.90 124.08 118.40 -0.31 -0.27 0.05 18307.00
-149.09 127.87 119.86 -0.29 -0.21 -0.07 18337.00
-144.94 131.73 121.06 -0.21 -0.17 -0.25 18368.00
-141.62 136.25 121.73 -0.28 -0.14 -0.38 18399.00
-139.24 140.01 122.04 -0.34 -0.17 -0.53 18430.00
-136.82 143.33 122.55 -0.39 -0.25 -0.62 18461.00
-133.56 145.92 123.45 -0.32 -0.29 -0.76 18492.00
-129.91 148.66 124.18 -0.35 -0.45 -1.02 18523.00
-126.28 150.81 125.28 -0.44 -0.79 -1.30 18553.00
-122.11 152.37 128.20 -0.37 -0.86 -1.46 18584.00
-118.19 153.81 130.93 -0.28 -0.80 -1.68 18615.00
-116.63 154.23 132.00 -0.24 -0.79 -1.64 18646.00
-118.00 153.99 132.52 -0.36 -0.81 -1.41 18676.00
-120.61 152.07 132.99 -0.29 -0.84 -1.18 18707.00
-123.15 149.69 134.29 -0.25 -0.74 -0.93 18738.00
-125.43 146.89 136.16 -0.27 -0.54 -0.68 18768.00
-128.14 143.65 138.37 -0.25 -0.34 -0.53 18799.00
-131.60 140.61 140.31 -0.22 -0.18 -0.43 18830.00
-135.90 137.65 141.72 -0.33 -0.13 -0.32 18861.00
-140.74 133.87 143.05 -0.36 -0.16 -0.23 18891.00
-145.05 129.14 144.89 -0.41 -0.19 0.01 18923.00
-148.76 122.47 147.08 -0.29 -0.19 0.15 18954.00
-151.30 116.40 149.70 -0.18 -0.13 0.28 18984.00
-154.95 112.11 152.17 -0.12 -0.05 0.45 19015.00
-158.85 108.88 154.33 -0.30 -0.00 0.51 19046.00
-163.01 105.14 156.26 -0.35 0.10 0.72 19077.00
-167.44 102.83 157.25 -0.46 0.20 0.83 19107.00
-171.43 101.65 157.83 -0.55 0.25 0.88 19138.00
-174.04 101.09 158.02 -0.78 0.27 0.82 19169.00
-173.84 101.77 158.25 -0.65 0.30 0.32 19200.00
-173.49 101.48 157.10 -0.87 0.46 0.48 19230.00
-175.41 102.53 154.89 -1.20 0.52 1.49 19261.00
-176.85 103.69 152.45 -2.49 0.34 0.59 19293.00
-175.36 102.07 152.13 -1.12 0.86 0.73 19323.00
-176.84 104.22 148.53 -1.53 1.22 0.34 19354.00
-179.46 104.65 141.46 -1.71 1.11 0.43 19385.00
-182.03 105.02 137.89 -1.79 0.13 0.80 19417.00
-181.23 106.30 138.67 -1.85 0.32 0.33 19447.00
-180.71 106.52 139.95 -1.59 0.39 0.47 19478.00
-179.73 106.64 141.28 -1.53 0.29 0.45 19510.00
-179.23 106.66 142.40 -1.56 0.28 0.48 19540.00
-178.52 106.47 144.40 -1.54 0.25 0.41 19572.00
-178.00 105.33 146.00 -1.52 0.14 0.60 19603.00
-176.89 104.25 147.39 -1.37 0.02 0.60 19635.00
-174.50 103.64 148.88 -1.22 0.03 0.66 19665.00
-171.55 104.54 150.70 -1.12 0.02 0.57 19697.00
-168.40 104.97 151.90 -1.09 0.15 0.55 19728.00
-166.94 105.81 152.23 -0.80 0.22 0.56 19759.00
-165.94 106.82 152.08 -0.69 0.11 0.67 19789.00
-163.83 109.45 151.52 -0.58 0.14 0.48 19820.00
-162.41 114.11 149.95 -0.46 0.17 0.26 19852.00
-161.55 118.42 147.92 -0.63 0.04 0.20 19883.00
-159.13 120.68 146.56 -0.68 0.10 0.27 19913.00
-156.33 122.58 144.93 -0.53 0.12 0.31 19945.00
-153.74 125.06 142.43 -0.32 0.12 0.31 19976.00
-153.20 128.95 139.86 -0.37 0.10 0.29 20006.00
-153.30 133.73 137.38 -0.37 -0.03 0.15 20037.00
-152.42 139.14 135.01 -0.33 -0.11 -0.09 20069.00
-151.43 143.79 133.38 -0.44 -0.10 -0.21 20100.00
-150.58 147.77 132.66 -0.51 -0.12 -0.33 20130.00
-148.04 151.40 132.67 -0.54 -0.14 -0.46 20162.00
-144.62 154.26 132.58 -0.56 -0.09 -0.65 20193.00
-142.17 156.53 132.50 -0.61 -0.16 -0.85 20224.00
-139.55 156.58 133.03 -0.59 -0.32 -0.81 20254.00
-135.94 156.50 133.99 -0.22 -0.40 -0.93 20285.00
-131.58 158.62 135.04 -0.33 -0.66 -1.46 20316.00
-128.23 159.02 135.12 -0.60 -0.65 -1.51 20346.00
-129.68 158.39 133.61 -0.44 -0.72 -1.45 20377.00
-133.28 158.26 131.89 -0.50 -1.00 -1.34 20408.00
-135.85 157.07 131.59 -0.64 -1.04 -1.07 20439.00
-136.59 154.82 133.06 -0.55 -0.84 -0.95 20469.00
-137.52 152.32 135.27 -0.45 -0.59 -0.81 20500.00
-140.03 149.81 137.67 -0.42 -0.37 -0.60 20531.00
-143.34 147.16 139.84 -0.38 -0.25 -0.40 20561.00
-147.14 144.18 142.09 -0.33 -0.19 -0.27 20592.00
-149.61 140.82 144.52 -0.25 -0.08 -0.13 20623.00
-151.48 135.40 146.72 -0.09 0.05 -0.09 20654.00
-154.00 132.57 148.47 -0.07 0.09 -0.07 20684.00
-157.33 128.26 150.08 -0.17 0.18 0.07 20715.00
-162.04 121.65 151.71 -0.10 0.22 0.33 20746.00
-167.16 119.42 152.67 -0.08 0.13 0.42 20776.00
-171.77 115.12 152.90 -0.32 0.09 0.61 20808.00
-177.12 112.65 152.69 -0.38 0.06 0.68 20839.00
-181.83 110.63 152.44 -0.68 -0.05 0.84 20870.00
-184.22 108.29 151.97 -0.80 -0.11 0.98 20900.00
-185.66 108.90 150.92 -0.77 0.11 0.72 20931.00
-188.71 111.04 149.28 -1.21 0.27 0.52 20962.00
-191.27 110.57 147.76 -1.47 0.12 0.89 20993.00
-192.44 112.97 146.43 -1.52 -0.04 1.13 21024.00
-191.29 117.68 145.29 -2.07 0.21 0.25 21055.00
-194.76 118.45 141.07 -2.01 0.29 0.17 21087.00
-194.53 117.23 137.87 -1.43 0.01 0.56 21117.00
-194.19 117.95 135.74 -1.87 0.34 0.15 21148.00
-195.91 116.80 134.78 -1.88 0.12 0.65 21180.00
-194.85 116.55 135.70 -2.08 0.01 0.58 21211.00
-193.23 116.28 137.74 -2.00 0.25 0.54 21242.00
-192.64 116.74 140.23 -1.69 0.21 0.47 21273.00
-191.11 116.92 143.51 -1.72 0.11 0.47 21304.00
-188.63 117.27 147.35 -1.80 0.18 0.38 21336.00
-187.09 117.34 150.38 -1.66 0.26 0.27 21366.00
-187.32 115.74 152.55 -1.52 0.16 0.63 21398.00
-187.18 115.77 155.43 -1.11 -0.06 0.84 21429.00
-184.19 118.16 158.88 -1.23 0.02 0.71 21459.00
-178.31 119.98 163.18 -0.92 0.21 0.56 21490.00
-171.58 121.43 166.05 -0.46 0.47 0.47 21521.00
-166.03 123.85 165.70 -0.18 0.57 0.29 21553.00
-163.62 127.52 163.13 -0.28 0.42 0.22 21583.00
-161.33 128.97 159.45 -0.35 0.22 0.32 21614.00
-159.10 128.77 155.34 -0.19 0.05 0.39 21645.00
-157.70 131.88 150.88 -0.03 -0.05 0.21 21676.00
-156.80 136.64 146.76 -0.19 -0.17 0.03 21706.00
-154.83 139.99 143.24 -0.34 -0.30 -0.10 21737.00
-152.82 142.48 141.13 -0.32 -0.32 -0.14 21768.00
-149.79 145.69 139.97 -0.26 -0.29 -0.36 21798.00
-146.53 149.50 139.30 -0.44 -0.23 -0.61 21829.00
-143.54 151.77 138.73 -0.59 -0.16 -0.72 21860.00
-142.10 152.94 137.09 -0.55 -0.11 -0.83 21891.00
-142.81 154.59 134.85 -0.49 -0.28 -0.88 21921.00
-143.79 157.18 133.41 -0.59 -0.49 -1.04 21952.00
-142.59 158.16 133.17 -0.73 -0.60 -1.12 21983.00
-140.45 158.03 133.39 -0.52 -0.60 -1.17 22013.00
-139.07 158.37 134.12 -0.39 -0.65 -1.34 22044.00
-139.23 158.73 134.80 -0.39 -0.62 -1.32 22075.00
-140.68 158.08 135.74 -0.43 -0.61 -1.18 22107.00
-142.14 156.41 137.37 -0.39 -0.56 -1.01 22137.00
-143.19 153.99 139.81 -0.36 -0.45 -0.81 22168.00
-144.22 151.04 142.54 -0.30 -0.27 -0.65 22199.00
-146.16 148.24 145.21 -0.28 -0.14 -0.52 22230.00
-148.82 145.38 147.51 -0.33 -0.06 -0.40 22260.00
-152.24 142.47 149.59 -0.34 -0.03 -0.22 22291.00
-155.58 139.42 151.73 -0.39 -0.04 -0.00 22322.00
-157.38 135.10 154.07 -0.34 0.02 0.08 22352.00
-159.39 130.13 156.41 -0.39 0.14 0.19 22384.00
-161.37 124.85 158.27 -0.23 0.26 0.35 22415.00
-165.58 123.49 158.33 -0.18 0.38 0.24 22446.00
-172.27 122.73 157.07 -0.55 0.25 0.30 22476.00
-178.53 119.81 155.77 -0.64 0.14 0.42 22508.00
-183.86 117.39 154.08 -0.67 -0.01 0.57 22539.00
-186.46 115.16 153.33 -0.97 -0.07 0.73 22569.00
-187.68 113.76 153.03 -0.96 0.04 0.62 22601.00
-188.71 113.48 152.57 -1.04 0.12 0.52 22632.00
-189.83 111.85 151.53 -1.18 0.14 0.74 22663.00
-190.00 112.98 150.05 -1.07 0.16 0.65 22694.00
-192.27 116.17 146.58 -1.46 0.38 0.25 22725.00
-196.03 118.29 141.39 -1.75 -0.08 1.03 22756.00
-198.24 121.13 137.85 -2.75 -0.16 0.23 22788.00
-197.01 118.98 136.74 -1.97 -0.07 0.66 22818.00
-196.28 119.92 136.04 -1.90 0.22 0.28 22850.00
-197.40 119.71 136.28 -1.93 0.11 0.42 22881.00
-196.61 119.07 138.42 -1.97 -0.10 0.51 22913.00
-195.05 119.52 141.60 -1.93 0.05 0.41 22943.00
-193.40 119.88 145.72 -1.98 0.12 0.39 22974.00
-191.40 120.51 149.96 -1.76 0.21 0.27 23006.00
-190.22 121.67 152.53 -1.30 0.32 0.06 23036.00
-190.87 122.00 153.12 -1.38 0.49 -0.02 23068.00
-192.73 119.93 152.50 -1.19 0.33 0.44 23099.00
-192.39 116.94 152.38 -0.79 -0.03 1.19 23130.00
-188.20 118.26 153.13 -0.82 0.02 0.92 23160.00
-183.69 119.91 153.14 -0.63 0.20 0.83 23191.00
-180.41 122.35 151.90 -0.31 0.16 0.77 23222.00
-177.79 125.91 149.21 -0.19 0.06 0.60 23252.00
-176.13 129.13 145.39 -0.08 -0.02 0.53 23283.00
-175.79 134.19 141.57 -0.06 -0.19 0.35 23314.00
-174.46 139.55 138.47 -0.16 -0.32 0.21 23345.00
-172.78 143.84 136.03 -0.19 -0.30 0.11 23376.00
-171.00 148.75 134.18 -0.17 -0.33 -0.04 23407.00
-168.40 154.02 132.95 -0.31 -0.34 -0.27 23438.00
-165.99 158.39 132.64 -0.47 -0.36 -0.49 23469.00
-162.45 160.84 133.43 -0.54 -0.45 -0.57 23499.00
-157.55 162.19 134.72 -0.30 -0.35 -0.68 23530.00
-154.81 164.85 135.91 -0.16 -0.49 -1.04 23561.00
-153.54 168.81 136.70 -0.36 -0.70 -1.34 23591.00
-152.43 170.06 136.58 -0.58 -0.61 -1.40 23622.00
-152.04 170.37 136.88 -0.52 -0.68 -1.36 23653.00
-150.74 170.21 137.95 -0.65 -0.68 -1.30 23684.00
-149.03 169.20 139.13 -0.67 -0.56 -1.27 23714.00
-148.97 167.75 139.82 -0.62 -0.48 -1.11 23745.00
-150.78 166.08 139.88 -0.61 -0.51 -0.92 23776.00
-153.29 164.04 139.98 -0.57 -0.53 -0.72 23806.00
-155.67 162.06 140.66 -0.55 -0.50 -0.58 23837.00
-157.42 159.94 142.08 -0.52 -0.41 -0.48 23868.00
-158.66 157.70 144.09 -0.50 -0.29 -0.45 23899.00
-159.94 154.78 146.33 -0.45 -0.20 -0.36 23929.00
-161.72 151.36 148.76 -0.38 -0.18 -0.19 23960.00
-163.34 148.31 151.89 -0.23 -0.14 -0.10 23992.00
-164.19 146.24 154.94 -0.38 -0.08 -0.19 24023.00
-165.31 142.46 157.57 -0.38 0.01 -0.00 24053.00
-168.78 137.94 159.79 -0.26 0.07 0.17 24085.00
-173.27 134.81 161.16 -0.45 0.03 0.23 24116.00
-177.69 129.98 161.93 -0.45 0.02 0.50 24146.00
-182.26 127.42 162.82 -0.51 -0.03 0.65 24177.00
-184.09 125.43 164.12 -0.71 0.02 0.75 24208.00
-184.44 123.96 165.22 -0.80 0.23 0.77 24239.00
-184.87 125.22 166.11 -0.72 0.40 0.42 24269.00
-186.87 125.75 165.74 -1.15 0.45 0.29 24301.00
-187.36 122.98 164.87 -1.02 0.41 1.17 24332.00
-189.65 126.24 162.67 -1.41 0.44 0.82 24363.00
-192.97 129.64 158.60 -1.69 0.54 0.43 24394.00
-196.77 130.09 154.00 -1.85 0.34 0.24 24425.00
-198.17 129.11 150.72 -1.49 0.12 0.50 24456.00
-199.70 129.99 148.13 -1.89 0.25 0.22 24487.00
-201.16 129.33 146.58 -1.94 0.11 0.44 24518.00
-201.33 128.90 147.30 -2.14 0.05 0.47 24550.00
-200.65 128.67 150.13 -2.11 0.11 0.45 24581.00
-199.41 128.52 154.08 -2.00 0.19 0.41 24612.00
-197.99 128.39 158.27 -1.70 0.26 0.43 24643.00
-196.60 128.68 162.58 -1.59 0.31 0.37 24675.00
-195.30 128.72 166.32 -1.52 0.36 0.31 24706.00
-194.39 128.00 168.67 -1.22 0.39 0.37 24736.00
-193.92 126.21 169.76 -1.04 0.31 0.89 24768.00
-192.56 126.40 170.88 -0.77 0.36 0.98 24799.00
-190.92 129.50 171.08 -0.41 0.31 0.74 24829.00
-188.66 134.59 170.13 -0.49 0.23 0.52 24860.00
-185.81 138.39 168.85 -0.43 0.18 0.41 24891.00
-183.39 141.91 167.10 -0.31 0.08 0.36 24922.00
-180.77 144.77 164.71 -0.27 0.01 0.29 24952.00
-178.56 147.28 161.98 -0.14 -0.02 0.18 24983.00
-177.00 151.56 159.10 -0.14 -0.15 0.10 25013.00
-173.99 154.40 156.76 -0.29 -0.28 -0.02 25044.00
-170.60 156.27 155.12 -0.20 -0.26 -0.05 25075.00
-167.00 158.19 154.31 -0.17 -0.32 -0.15 25106.00
-161.70 161.18 155.10 -0.24 -0.39 -0.41 25137.00
-155.43 163.76 157.07 -0.47 -0.32 -0.72 25167.00
-149.17 164.10 159.23 -0.72 -0.22 -0.94 25198.00
-144.67 162.32 160.87 -0.73 -0.20 -0.74 25229.00
-142.34 161.70 161.51 -0.77 -0.34 -0.75 25260.00
-140.00 161.84 161.67 -0.88 -0.46 -0.87 25290.00
-137.72 162.11 161.22 -1.02 -0.55 -1.06 25321.00
-137.18 161.82 160.39 -1.03 -0.64 -1.06 25352.00
-138.51 161.39 159.27 -0.94 -0.75 -0.94 25382.00
-140.84 160.64 158.61 -0.92 -0.87 -0.80 25413.00
-143.09 159.55 159.22 -0.80 -0.83 -0.63 25444.00
-144.76 158.73 160.90 -0.67 -0.64 -0.57 25475.00
-146.94 157.77 163.04 -0.62 -0.43 -0.48 25505.00
-150.07 156.77 165.33 -0.52 -0.26 -0.39 25536.00
-153.75 155.49 167.34 -0.53 -0.15 -0.34 25568.00
-157.59 153.34 168.92 -0.64 -0.10 -0.25 25598.00
-161.61 149.53 170.37 -0.56 0.00 -0.19 25629.00
-167.46 145.16 171.33 -0.39 0.04 -0.05 25661.00
-174.74 138.69 172.04 -0.24 -0.10 0.33 25692.00
-179.91 136.72 173.21 -0.30 -0.18 0.36 25722.00
-183.81 134.79 174.96 -0.43 -0.09 0.33 25753.00
-187.47 131.68 176.94 -0.45 0.01 0.45 25785.00
-190.27 128.60 178.85 -0.37 0.09 0.57 25816.00
-192.74 127.28 180.07 -0.32 0.25 0.50 25846.00
-197.42 126.88 180.09 -0.48 0.36 0.44 25877.00
-202.82 124.20 180.09 -0.38 0.19 1.44 25908.00
-204.69 128.93 179.70 -0.64 -0.01 0.91 25938.00
-201.73 132.11 180.19 -1.31 0.20 0.71 25969.00
-199.00 135.63 180.35 -1.47 0.63 0.19 26000.00
-198.97 135.10 176.75 -1.92 0.74 0.53 26032.00
-199.89 135.09 172.07 -1.50 0.56 0.54 26062.00
-202.05 136.97 166.28 -1.68 0.46 0.31 26094.00
-204.96 137.57 161.01 -1.93 0.12 0.34 26125.00
-206.23 136.35 158.49 -2.26 -0.20 0.60 26156.00
-205.43 135.66 159.12 -2.26 -0.16 0.52 26187.00
-204.30 134.48 161.29 -2.11 0.01 0.60 26219.00
-202.61 133.55 164.42 -1.94 0.08 0.63 26250.00
-200.50 132.81 168.27 -1.86 0.11 0.67 26280.00
-197.62 132.42 172.54 -1.65 0.16 0.54 26312.00
-195.35 132.34 175.91 -1.31 0.19 0.47 26343.00
-192.97 132.28 178.29 -1.12 0.21 0.50 26374.00
-191.33 132.88 179.47 -1.15 0.29 0.48 26405.00
-189.55 132.83 180.91 -1.03 0.22 0.67 26436.00
-185.43 134.33 182.26 -0.63 0.24 0.53 26467.00
-180.12 136.87 181.82 -0.41 0.40 0.39 26498.00
-177.09 139.79 179.47 -0.29 0.40 0.33 26528.00
-176.19 142.50 175.46 -0.11 0.23 0.31 26559.00
-176.74 148.39 170.51 -0.07 -0.00 0.18 26590.00
-176.18 152.53 166.02 -0.36 -0.14 0.19 26620.00
-176.05 154.14 162.02 -0.32 -0.21 0.19 26651.00
-175.76 158.06 158.21 -0.18 -0.29 -0.07 26683.00
-174.16 161.59 155.46 -0.42 -0.41 -0.11 26714.00
-171.55 163.36 154.60 -0.51 -0.53 -0.05 26744.00
-166.18 165.65 154.93 -0.44 -0.37 -0.23 26775.00
-161.21 167.85 155.66 -0.45 -0.23 -0.43 26807.00
-157.44 170.65 155.90 -0.58 -0.17 -0.59 26838.00
-155.56 173.04 155.10 -0.71 -0.18 -0.88 26868.00
-154.83 174.70 153.58 -0.72 -0.32 -0.88 26899.00
-154.97 176.41 151.70 -0.54 -0.43 -1.01 26930.00
-155.14 177.88 150.09 -0.55 -0.63 -1.10 26960.00
-155.22 179.05 149.11 -0.54 -0.70 -1.15 26991.00
-155.20 179.58 149.00 -0.57 -0.73 -1.12 27022.00
-154.89 179.52 149.65 -0.56 -0.68 -1.10 27053.00
-154.95 178.76 150.75 -0.51 -0.60 -1.00 27083.00
-155.78 177.89 152.03 -0.46 -0.51 -0.93 27114.00
-157.38 176.96 153.31 -0.46 -0.46 -0.87 27145.00
-159.25 175.48 154.64 -0.52 -0.43 -0.73 27175.00
-161.64 172.79 156.19 -0.43 -0.38 -0.59 27206.00
-164.16 170.56 157.97 -0.36 -0.34 -0.50 27237.00
-166.53 168.22 159.90 -0.43 -0.26 -0.40 27268.00
-169.25 164.90 161.89 -0.42 -0.22 -0.28 27298.00
-172.03 161.71 164.19 -0.42 -0.21 -0.15 27330.00
-174.55 158.62 166.23 -0.46 -0.15 -0.03 27361.00
-177.95 155.57 167.87 -0.39 -0.04 0.02 27392.00
-182.77 151.14 169.08 -0.50 -0.07 0.13 27423.00
-187.55 145.52 170.16 -0.45 -0.11 0.39 27454.00
-192.04 142.37 171.29 -0.47 -0.12 0.46 27485.00
-195.76 138.72 172.41 -0.58 -0.05 0.62 27515.00
-199.48 136.99 173.27 -0.62 0.03 0.65 27546.00
-201.93 134.64 174.21 -0.90 0.11 0.77 27578.00
-202.83 133.16 175.36 -0.79 0.19 0.78 27609.00
-201.79 133.60 176.63 -0.69 0.09 1.11 27639.00
-197.02 137.95 179.41 -1.13 0.37 0.23 27670.00
-194.89 137.99 181.56 -1.57 0.78 0.44 27701.00
-194.50 136.76 180.50 -1.28 0.98 0.29 27731.00
-197.31 137.14 175.77 -1.00 0.96 0.21 27763.00
-201.64 137.98 170.77 -1.50 0.52 0.47 27794.00
-202.96 138.21 167.51 -1.82 0.38 0.45 27825.00
-202.53 137.58 166.31 -2.01 0.42 0.62 27856.00
-201.75 137.49 166.82 -2.01 0.56 0.48 27887.00
-201.51 137.44 168.44 -1.85 0.45 0.51 27919.00
-200.50 137.42 171.40 -1.76 0.38 0.47 27950.00
-198.03 136.27 175.80 -1.73 0.42 0.58 27981.00
-194.40 134.94 180.37 -1.41 0.53 0.54 28012.00
-190.90 134.28 183.09 -1.10 0.63 0.47 28043.00
-189.36 135.12 183.80 -0.91 0.59 0.42 28073.00
-189.56 137.16 183.18 -1.00 0.40 0.32 28105.00
-189.06 137.57 182.82 -0.87 0.16 0.49 28136.00
-186.20 138.99 183.50 -0.71 0.11 0.46 28168.00
-181.62 140.19 184.17 -0.67 0.25 0.41 28198.00
-176.91 141.47 184.07 -0.42 0.36 0.39 28229.00
-173.80 144.30 182.34 -0.40 0.38 0.31 28260.00
-171.30 146.80 179.50 -0.37 0.31 0.31 28291.00
-169.13 149.44 176.59 -0.33 0.19 0.30 28320.00
-166.13 153.35 173.00 -0.25 0.05 0.18 28351.00
-163.58 156.73 169.04 -0.25 0.01 0.07 28383.00
-164.46 159.40 165.01 -0.17 -0.16 -0.05 28413.00
-163.18 164.22 161.71 -0.31 -0.40 -0.29 28444.00
-160.86 168.30 160.26 -0.53 -0.43 -0.54 28475.00
-157.67 171.07 160.36 -0.55 -0.38 -0.71 28506.00
-153.99 173.40 161.20 -0.58 -0.33 -0.84 28536.00
-150.34 175.25 162.05 -0.44 -0.26 -0.96 28567.00
-147.99 177.86 162.03 -0.34 -0.25 -1.25 28598.00
-147.52 180.48 161.04 -0.41 -0.36 -1.45 28628.00
-147.87 181.94 160.05 -0.42 -0.43 -1.30 28659.00
-148.15 182.32 159.17 -0.31 -0.46 -1.30 28691.00
-148.93 182.00 158.90 -0.23 -0.47 -1.24 28722.00
-149.60 181.25 159.20 -0.21 -0.41 -1.14 28752.00
-150.72 179.22 159.72 -0.23 -0.33 -0.98 28783.00
-152.53 176.97 160.44 -0.21 -0.26 -0.80 28814.00
-154.68 174.45 161.10 -0.28 -0.21 -0.63 28845.00
-157.26 171.18 161.45 -0.24 -0.17 -0.51 28876.00
-160.27 169.23 161.78 -0.38 -0.17 -0.53 28907.00
-163.22 165.41 162.20 -0.50 -0.14 -0.34 28938.00
-166.45 161.32 162.70 -0.43 -0.16 -0.17 28968.00
-169.13 157.04 163.35 -0.47 -0.15 -0.01 29000.00
-171.75 152.40 163.91 -0.44 -0.10 0.08 29031.00
-175.04 148.02 164.62 -0.51 -0.11 0.13 29063.00
-177.89 142.25 165.20 -0.57 -0.11 0.38 29093.00
-180.59 138.40 166.20 -0.39 -0.11 0.46 29124.00
-183.05 137.97 167.68 -0.65 0.01 0.38 29155.00
-186.61 135.68 167.45 -0.83 0.19 0.49 29187.00
-191.11 135.72 166.27 -0.82 0.03 0.47 29217.00
-194.06 135.05 165.28 -1.36 0.03 0.49 29249.00
-195.80 133.66 164.63 -1.35 0.04 0.52 29280.00
-196.97 133.66 163.89 -1.30 0.18 0.34 29312.00
-194.92 132.92 162.14 -1.63 0.22 1.98 29342.00
-194.69 137.41 162.08 -2.05 0.83 -0.19 29373.00
-197.99 138.35 158.80 -1.56 0.44 -0.17 29405.00
-200.33 136.20 155.58 -1.54 0.28 0.41 29435.00
-201.15 135.06 154.75 -1.76 0.27 0.48 29466.00
-200.61 133.82 156.21 -1.80 0.34 0.63 29498.00
-199.85 133.66 158.31 -1.82 0.53 0.37 29529.00
-199.66 132.60 160.45 -1.73 0.45 0.54 29560.00
-198.33 130.92 163.13 -1.67 0.31 0.68 29591.00
-195.68 130.04 165.77 -1.34 0.32 0.65 29622.00
-194.10 131.37 167.11 -1.25 0.36 0.46 29654.00
-193.76 132.29 167.53 -1.27 0.21 0.54 29684.00
-192.76 133.36 167.81 -1.07 0.06 0.58 29716.00
-190.28 134.84 168.50 -1.00 0.06 0.56 29747.00
-186.85 137.19 169.46 -0.86 0.15 0.42 29777.00
-183.21 139.15 169.57 -0.67 0.26 0.37 29809.00
-180.91 141.25 168.07 -0.50 0.16 0.40 29840.00
-178.46 144.58 165.80 -0.43 0.10 0.30 29871.00
-176.61 147.54 162.90 -0.49 0.01 0.24 29902.00
-174.74 150.23 160.07 -0.39 -0.13 0.19 29933.00
-172.05 153.38 157.42 -0.37 -0.23 0.07 29964.00
-169.23 156.81 154.67 -0.40 -0.30 -0.07 29995.00
-167.04 159.69 151.80 -0.53 -0.45 -0.18 30026.00
-165.13 161.04 150.04 -0.55 -0.62 -0.15 30057.00
-162.34 162.60 148.92 -0.46 -0.68 -0.24 30088.00
-159.32 163.45 148.62 -0.44 -0.69 -0.28 30118.00
-155.25 164.20 149.56 -0.30 -0.64 -0.40 30150.00
-149.45 165.98 151.37 -0.36 -0.59 -0.60 30181.00
-142.37 167.64 153.84 -0.49 -0.43 -0.92 30212.00
-135.69 169.12 156.13 -0.63 -0.32 -1.47 30242.00
-130.98 169.23 157.45 -0.82 -0.26 -1.58 30273.00
-130.36 167.90 157.58 -0.63 -0.42 -1.28 30304.00
-131.58 166.64 157.28 -0.58 -0.60 -1.11 30334.00
-133.19 165.45 157.33 -0.69 -0.62 -0.92 30365.00
-135.30 162.78 158.15 -0.67 -0.57 -0.64 30396.00
-138.17 160.21 159.70 -0.51 -0.45 -0.33 30427.00
-141.51 159.37 161.12 -0.39 -0.33 -0.22 30457.00
-144.76 158.89 162.44 -0.52 -0.29 -0.23 30488.00
-148.06 158.21 163.30 -0.45 -0.18 -0.27 30520.00
-152.51 157.32 163.49 -0.59 -0.19 -0.20 30551.00
-157.35 155.80 163.01 -0.66 -0.30 -0.08 30582.00
-161.66 154.10 162.71 -0.67 -0.33 0.03 30613.00
-165.27 152.48 162.27 -0.68 -0.33 0.04 30644.00
-168.76 151.00 161.64 -0.70 -0.29 0.02 30675.00
-172.48 149.04 161.13 -0.77 -0.26 0.06 30706.00
-175.99 146.10 160.66 -0.74 -0.32 0.20 30737.00
-178.87 143.96 159.92 -0.66 -0.29 0.24 30769.00
-182.14 141.95 159.60 -0.83 -0.30 0.22 30799.00
-184.25 138.72 159.04 -0.88 -0.32 0.38 30830.00
-186.23 135.23 158.55 -0.78 -0.28 0.52 30862.00
-188.51 134.03 157.73 -0.94 -0.32 0.51 30893.00
-189.25 131.91 157.19 -1.13 -0.36 0.54 30924.00
-190.15 131.14 156.34 -0.91 -0.10 0.36 30955.00
-193.05 129.69 154.12 -1.27 -0.20 0.45 30986.00
-194.75 128.20 152.11 -1.36 -0.29 0.44 31017.00
-196.21 126.45 150.03 -1.32 -0.24 0.47 31048.00
-198.37 124.01 148.04 -1.60 -0.28 0.72 31080.00
-200.22 123.83 146.80 -1.38 -0.39 1.11 31111.00
-200.15 127.63 146.72 -1.65 -0.13 0.36 31141.00
-200.39 127.46 147.78 -2.14 -0.09 0.66 31173.00
-199.11 126.90 149.81 -1.94 -0.01 0.62 31204.00
-198.73 126.45 152.02 -2.03 0.15 0.71 31236.00
-198.52 124.77 154.88 -2.13 0.01 1.03 31266.00
-195.76 122.86 159.81 -2.11 -0.14 1.06 31297.00
-191.33 122.74 164.77 -1.86 -0.03 0.83 31329.00
-187.03 122.95 168.37 -1.54 0.15 0.79 31360.00
-184.71 124.16 170.36 -1.28 0.06 0.79 31391.00
-183.10 125.38 170.94 -1.18 -0.08 0.76 31422.00
-182.26 127.59 170.40 -0.90 -0.25 0.70 31453.00
-181.12 130.46 169.75 -0.80 -0.35 0.56 31483.00
-179.08 133.03 169.08 -0.52 -0.32 0.47 31514.00
-176.94 136.23 167.96 -0.34 -0.25 0.34 31545.00
-174.36 140.02 166.54 -0.28 -0.22 0.27 31576.00
-172.70 143.44 165.28 -0.17 -0.21 0.14 31606.00
-169.94 148.95 163.98 -0.18 -0.20 -0.03 31637.00
-167.40 152.46 162.62 -0.28 -0.21 -0.04 31669.00
-165.12 156.18 161.68 -0.23 -0.22 -0.12 31699.00
-162.37 159.95 161.03 -0.32 -0.24 -0.20 31730.00
-159.88 163.25 160.53 -0.29 -0.19 -0.26 31761.00
-158.03 167.55 160.24 -0.35 -0.16 -0.39 31792.00
-156.67 171.03 160.11 -0.49 -0.16 -0.54 31822.00
-155.10 173.46 160.20 -0.51 -0.15 -0.58 31853.00
-153.90 175.54 160.26 -0.41 -0.20 -0.71 31884.00
-152.58 178.50 160.70 -0.49 -0.32 -0.99 31915.00
-150.64 180.10 161.55 -0.52 -0.31 -1.12 31945.00
-148.76 181.43 162.62 -0.47 -0.30 -1.33 31976.00
-147.53 182.43 163.56 -0.41 -0.34 -1.50 32007.00
-147.43 182.45 164.27 -0.30 -0.36 -1.45 32038.00
-149.01 182.01 165.01 -0.28 -0.34 -1.32 32069.00
-150.50 180.36 166.46 -0.33 -0.39 -1.06 32100.00
-150.55 177.48 168.69 -0.32 -0.25 -0.86 32131.00
-150.93 174.11 170.70 -0.24 -0.07 -0.71 32161.00
-153.26 171.07 172.42 -0.22 0.00 -0.55 32192.00
-156.57 168.97 173.64 -0.31 0.00 -0.47 32223.00
-159.66 165.47 174.24 -0.36 0.01 -0.28 32253.00
-164.12 162.03 174.39 -0.19 -0.02 -0.16 32284.00
-167.36 160.88 174.50 -0.37 -0.06 -0.07 32316.00
-170.66 157.36 173.96 -0.36 0.02 -0.04 32347.00
-175.74 154.10 173.27 -0.38 -0.09 0.08 32378.00
-178.99 150.45 172.81 -0.53 -0.11 0.17 32409.00
-182.29 147.12 172.00 -0.54 -0.11 0.25 32440.00
-185.65 143.87 171.14 -0.66 -0.14 0.32 32472.00
-189.18 141.13 169.60 -0.84 -0.13 0.44 32502.00
-193.30 137.92 167.32 -1.00 -0.22 0.66 32534.00
-195.48 135.67 165.66 -1.22 -0.36 0.87 32565.00
-196.98 134.83 164.56 -1.19 -0.19 0.80 32595.00
-198.86 134.83 163.62 -1.47 -0.26 0.74 32627.00
-199.58 136.07 162.94 -1.44 -0.15 0.48 32658.00
-200.05 134.09 161.44 -1.36 -0.14 2.31 32690.00
-204.90 142.40 158.77 -2.09 0.24 -0.17 32720.00
-207.40 141.97 156.09 -2.04 -0.40 -0.12 32751.00
-205.20 136.65 155.34 -1.28 -0.18 0.82 32783.00
-205.22 137.65 156.05 -1.70 0.14 0.33 32814.00
-205.76 136.49 157.80 -1.71 0.11 0.51 32845.00
-204.89 135.23 159.76 -1.79 0.29 0.41 32876.00
-204.51 134.06 161.75 -1.48 0.36 0.51 32907.00
-204.12 133.34 163.46 -1.50 0.39 0.47 32939.00
-203.57 131.76 165.12 -1.64 0.30 0.65 32969.00
-201.29 129.52 167.47 -1.45 0.26 0.75 33001.00
-198.73 128.56 169.18 -1.19 0.31 0.82 33032.00
-196.69 129.42 169.46 -1.17 0.35 0.74 33062.00
-196.12 130.74 168.98 -1.15 0.23 0.80 33094.00
-195.00 132.23 168.98 -1.04 0.03 0.83 33125.00
-191.71 134.37 169.08 -0.89 -0.03 0.71 33156.00
-187.96 137.20 168.32 -0.82 0.08 0.57 33187.00
-185.97 139.85 166.68 -0.51 0.09 0.59 33218.00
-185.43 146.26 164.15 -0.38 -0.07 0.35 33249.00
-184.06 151.78 161.38 -0.56 -0.17 0.23 33280.00
-183.29 154.79 158.85 -0.32 -0.20 0.23 33310.00
-182.31 160.31 156.72 -0.18 -0.33 0.09 33341.00
-179.79 165.36 155.01 -0.25 -0.37 -0.01 33373.00
-177.99 169.68 153.92 -0.20 -0.35 -0.09 33403.00
-175.45 175.13 153.64 -0.27 -0.36 -0.28 33434.00
-172.61 179.59 153.61 -0.36 -0.29 -0.47 33465.00
-171.24 183.18 153.39 -0.30 -0.27 -0.62 33496.00
-170.97 187.78 153.49 -0.37 -0.37 -0.88 33526.00
-170.02 190.69 154.40 -0.55 -0.51 -1.08 33557.00
-167.95 191.54 156.39 -0.35 -0.45 -1.02 33588.00
-165.82 192.94 158.40 -0.28 -0.37 -1.22 33618.00
-164.28 194.31 160.52 -0.26 -0.33 -1.36 33650.00
-163.46 195.35 162.11 -0.20 -0.31 -1.44 33681.00
-164.01 195.81 162.75 -0.16 -0.28 -1.46 33712.00
-165.95 195.79 163.03 -0.18 -0.33 -1.32 33742.00
-167.99 194.09 163.43 -0.24 -0.34 -1.14 33774.00
-170.03 191.07 164.11 -0.20 -0.29 -0.95 33805.00
-172.49 187.73 165.35 -0.18 -0.24 -0.72 33836.00
-174.71 184.28 166.89 -0.23 -0.22 -0.57 33866.00
-176.18 180.00 168.56 -0.23 -0.11 -0.52 33897.00
-178.20 175.30 169.91 -0.27 -0.05 -0.37 33928.00
-181.58 170.14 171.03 -0.20 -0.06 -0.14 33958.00
-184.36 166.32 171.86 -0.23 -0.06 0.06 33990.00
-186.65 159.41 172.38 -0.37 -0.05 0.19 34021.00
-189.36 154.05 173.04 -0.24 0.04 0.27 34052.00
-194.33 150.66 172.82 -0.47 0.07 0.37 34082.00
-199.47 146.00 171.80 -0.57 -0.01 0.56 34114.00
-203.63 142.98 170.66 -0.73 -0.08 0.64 34145.00
-206.75 139.91 170.00 -1.01 -0.08 0.79 34176.00
-209.39 138.30 169.19 -0.92 0.03 0.75 34206.00
-212.42 137.39 167.94 -1.29 -0.04 0.84 34238.00
-214.87 136.81 167.10 -1.38 -0.03 0.75 34269.00
-217.59 136.94 165.80 -1.44 -0.02 0.82 34300.00
-218.81 139.22 164.08 -1.39 -0.08 1.13 34331.00
-218.09 143.24 163.88 -2.53 0.04 0.66 34362.00
-217.31 143.48 163.57 -2.14 0.38 0.50 34394.00
-218.39 144.42 162.61 -1.73 0.37 0.27 34424.00
-219.22 144.55 162.78 -1.84 0.23 0.47 34456.00
-217.39 143.80 165.35 -1.89 0.27 0.50 34487.00
-214.97 142.60 169.37 -1.73 0.43 0.55 34519.00
-213.09 142.22 172.64 -1.50 0.34 0.56 34549.00
-211.27 142.59 175.31 -1.44 0.34 0.50 34580.00
-209.81 142.53 177.64 -1.36 0.30 0.61 34612.00
-208.45 143.21 179.08 -1.11 0.29 0.52 34642.00
-207.81 144.74 179.94 -1.01 0.30 0.50 34674.00
-206.83 146.39 180.55 -0.88 0.25 0.52 34705.00
-204.75 148.33 180.88 -0.71 0.27 0.52 34736.00
-202.41 151.10 180.22 -0.52 0.28 0.47 34766.00
-200.18 155.24 178.40 -0.36 0.18 0.32 34797.00
-197.65 159.89 175.67 -0.45 0.07 0.20 34829.00
-195.59 162.49 172.80 -0.39 -0.01 0.23 34860.00
-194.16 165.67 170.26 -0.41 -0.16 0.25 34890.00
-191.69 169.32 168.38 -0.36 -0.24 0.11 34921.00
-189.43 173.71 166.60 -0.30 -0.22 -0.02 34953.00
-188.11 177.74 165.35 -0.34 -0.23 -0.14 34983.00
-186.34 182.08 164.90 -0.43 -0.28 -0.29 35014.00
-183.73 185.52 165.25 -0.37 -0.17 -0.40 35045.00
-180.91 189.21 166.25 -0.39 -0.10 -0.57 35076.00
-177.88 192.23 167.55 -0.48 -0.07 -0.76 35106.00
-174.72 194.10 168.66 -0.47 -0.04 -0.85 35137.00
-172.33 195.67 168.85 -0.46 -0.15 -0.92 35168.00
-170.27 197.17 168.62 -0.45 -0.31 -1.08 35200.00
-168.59 198.38 168.47 -0.45 -0.60 -1.27 35230.00
-166.84 198.91 168.66 -0.43 -0.69 -1.34 35261.00
-166.72 199.19 168.32 -0.34 -0.65 -1.38 35292.00
-167.95 199.26 168.32 -0.36 -0.74 -1.29 35322.00
-168.74 198.20 169.37 -0.42 -0.71 -1.16 35353.00
-169.23 196.05 171.43 -0.34 -0.53 -1.03 35384.00
-170.35 193.51 173.79 -0.31 -0.36 -0.87 35415.00
-172.21 190.39 175.88 -0.30 -0.23 -0.70 35445.00
-174.86 187.24 177.80 -0.28 -0.18 -0.54 35476.00
-177.92 184.24 179.43 -0.33 -0.13 -0.44 35507.00
-180.65 180.50 180.96 -0.38 -0.10 -0.31 35537.00
-183.50 176.12 182.63 -0.32 -0.07 -0.16 35569.00
-185.83 172.71 184.46 -0.39 -0.01 -0.05 35600.00
-187.60 166.82 187.15 -0.43 0.02 0.09 35632.00
-188.17 160.52 189.91 -0.25 0.14 0.28 35662.00
-191.48 158.77 191.89 -0.38 0.27 0.20 35693.00
-194.79 154.62 193.37 -0.52 0.26 0.43 35724.00
-198.34 151.72 194.36 -0.51 0.31 0.52 35755.00
-202.45 149.85 194.62 -0.67 0.30 0.64 35785.00
-205.23 147.88 194.82 -0.71 0.26 0.67 35816.00
-207.70 147.13 194.96 -0.78 0.38 0.65 35847.00
-210.18 146.38 194.69 -0.83 0.35 0.65 35878.00
-212.36 146.66 193.77 -0.92 0.30 0.63 35909.00
-213.63 146.45 193.31 -1.34 0.33 0.78 35940.00
-213.17 146.23 193.41 -1.20 0.41 0.96 35972.00
-212.14 149.47 193.37 -1.32 0.64 0.33 36002.00
-212.69 150.59 191.87 -1.51 0.89 0.20 36033.00
-216.23 151.01 187.91 -1.32 0.77 0.45 36065.00
-219.77 152.02 184.80 -1.69 0.49 0.59 36096.00
-220.12 151.13 184.14 -1.98 0.38 0.71 36126.00
-218.94 150.30 185.49 -1.69 0.68 0.51 36158.00
-219.32 149.79 186.72 -1.61 0.69 0.56 36189.00
-219.43 148.85 188.39 -1.68 0.56 0.67 36220.00
-217.79 147.27 190.91 -1.57 0.45 0.89 36251.00
-214.04 146.72 193.69 -1.24 0.50 0.89 36282.00
-210.79 148.73 195.01 -1.05 0.63 0.56 36313.00
-209.91 151.41 194.45 -0.95 0.51 0.46 36344.00
-209.58 153.69 192.67 -0.89 0.31 0.51 36375.00
-208.48 156.31 190.53 -0.62 0.20 0.40 36406.00
-208.38 159.95 187.20 -0.52 0.15 0.39 36438.00
-208.71 164.20 183.98 -0.45 0.03 0.29 36468.00
-208.64 168.59 181.27 -0.53 -0.10 0.25 36499.00
-206.57 172.57 179.64 -0.56 -0.19 0.21 36531.00
-203.65 176.24 178.90 -0.42 -0.14 0.08 36561.00
-199.80 180.39 177.91 -0.38 -0.13 0.06 36592.00
-196.61 184.46 176.70 -0.40 -0.05 -0.07 36624.00
-194.90 187.88 175.29 -0.42 -0.09 -0.12 36655.00
-192.66 191.16 173.85 -0.41 -0.15 -0.23 36686.00
-190.14 194.23 172.43 -0.35 -0.14 -0.34 36717.00
-187.93 197.60 171.14 -0.33 -0.17 -0.48 36748.00
-185.09 200.52 170.64 -0.38 -0.26 -0.61 36779.00
-181.12 202.47 170.77 -0.42 -0.31 -0.76 36809.00
-176.61 202.99 171.06 -0.42 -0.33 -0.81 36840.00
-173.22 203.66 170.32 -0.34 -0.38 -0.95 36871.00
-171.94 205.01 168.07 -0.40 -0.61 -1.17 36901.00
-172.08 206.11 165.71 -0.51 -0.95 -1.26 36932.00
-172.67 206.40 164.56 -0.55 -1.11 -1.20 36963.00
-172.41 205.90 165.01 -0.51 -1.08 -1.15 36994.00
-172.48 204.65 166.31 -0.48 -0.88 -1.06 37024.00
-173.64 202.78 168.08 -0.44 -0.74 -0.86 37055.00
-175.06 200.41 170.11 -0.42 -0.61 -0.72 37086.00
-176.40 197.96 172.22 -0.42 -0.46 -0.61 37116.00
-178.73 195.20 174.52 -0.42 -0.34 -0.52 37147.00
-181.39 192.23 176.82 -0.44 -0.27 -0.43 37178.00
-183.89 188.70 178.97 -0.47 -0.23 -0.31 37209.00
-186.38 184.21 181.12 -0.49 -0.24 -0.16 37239.00
-188.36 179.57 183.90 -0.41 -0.22 0.01 37271.00
-189.51 176.26 186.93 -0.45 -0.15 0.01 37302.00
-190.83 172.49 189.94 -0.52 -0.07 0.09 37332.00
-192.88 167.93 193.01 -0.47 0.02 0.19 37364.00
-195.91 165.47 195.92 -0.43 0.08 0.20 37395.00
-199.80 162.79 198.47 -0.59 0.11 0.30 37427.00
-203.59 159.99 201.15 -0.52 0.13 0.47 37457.00
-206.30 158.90 203.70 -0.56 0.13 0.52 37488.00
-207.55 158.20 206.02 -0.70 0.31 0.40 37519.00
-209.87 157.24 207.75 -0.90 0.40 0.56 37550.00
-210.29 155.49 209.65 -0.91 0.45 0.58 37581.00
-210.32 154.31 210.35 -0.95 0.70 0.61 37612.00
-210.82 152.98 208.86 -0.94 0.82 1.35 37643.00
-213.64 157.97 205.09 -1.34 0.93 0.79 37673.00
-216.51 161.12 201.04 -2.19 0.80 0.34 37704.00
-217.37 159.03 198.22 -1.48 0.56 0.69 37736.00
-218.84 161.20 196.31 -1.49 0.56 0.24 37767.00
-220.34 161.40 196.01 -1.94 0.53 0.33 37797.00
-220.20 160.03 197.47 -1.80 0.47 0.55 37829.00
-219.31 159.05 199.99 -1.72 0.60 0.64 37860.00
-218.19 158.46 202.98 -1.63 0.61 0.69 37891.00
-216.97 158.56 205.86 -1.47 0.57 0.55 37922.00
-217.18 159.71 207.70 -1.22 0.44 0.46 37953.00
-217.69 161.45 208.25 -1.10 0.42 0.37 37985.00
-218.50 162.75 208.22 -1.08 0.38 0.50 38016.00
-217.24 164.14 209.25 -0.92 0.21 0.59 38046.00
-212.29 165.33 211.03 -0.83 0.34 0.56 38078.00
-207.90 166.83 211.07 -0.50 0.52 0.50 38109.00
-206.27 169.84 209.19 -0.45 0.39 0.47 38139.00
-205.25 172.66 206.39 -0.34 0.22 0.42 38169.00
-205.16 175.74 203.06 -0.32 -0.00 0.54 38200.00
-204.09 179.47 200.67 -0.23 -0.22 0.38 38231.00
-200.29 184.92 199.04 -0.28 -0.22 0.20 38261.00
-197.04 188.85 197.82 -0.35 -0.15 0.08 38293.00
-193.56 191.88 197.37 -0.30 -0.17 -0.06 38324.00
-189.40 194.81 196.80 -0.29 -0.10 -0.24 38354.00
-187.47 198.02 196.05 -0.38 -0.09 -0.41 38386.00
-185.79 200.73 195.91 -0.49 -0.27 -0.49 38417.00
-181.60 202.43 197.88 -0.51 -0.33 -0.64 38447.00
-176.04 203.87 200.69 -0.46 -0.15 -0.88 38477.00
-171.14 205.15 202.46 -0.40 -0.07 -1.14 38509.00
-168.81 207.94 202.47 -0.40 -0.09 -1.35 38540.00
-168.80 210.77 200.95 -0.44 -0.18 -1.56 38571.00
-169.69 212.70 198.85 -0.48 -0.39 -1.61 38601.00
-180.05 200.56 199.58 -0.30 -0.08 -0.55 38817.00
-182.36 196.06 200.32 -0.22 -0.03 -0.36 38848.00
-185.84 193.14 200.78 -0.23 -0.03 -0.34 38879.00
-189.15 189.48 200.69 -0.43 -0.06 -0.21 38909.00
-193.88 183.22 200.44 -0.38 -0.14 0.09 38941.00
-196.98 178.82 200.47 -0.32 -0.16 0.19 38972.00
-200.93 175.30 199.64 -0.58 -0.09 0.24 39003.00
-205.61 170.24 199.25 -0.75 -0.15 0.47 39034.00
-208.80 166.18 199.46 -0.74 -0.20 0.67 39065.00
-211.18 164.46 200.20 -0.82 -0.05 0.57 39096.00
-213.12 162.86 201.20 -1.01 0.04 0.71 39128.00
-212.87 162.02 202.20 -1.05 0.17 0.66 39158.00
-211.88 162.18 202.72 -1.06 0.36 0.55 39189.00
-211.62 162.48 202.22 -1.23 0.52 0.49 39221.00
-213.23 164.18 199.97 -1.26 0.56 0.26 39251.00
-216.12 165.69 195.97 -1.50 0.48 0.13 39282.00
-219.41 165.24 190.57 -1.63 0.35 0.28 39314.00
-223.10 164.33 185.48 -1.49 0.10 0.52 39345.00
-226.32 164.54 181.99 -1.94 -0.35 0.57 39376.00
-226.35 164.71 182.02 -1.89 -0.17 0.32 39407.00
-225.61 163.77 182.74 -1.75 0.06 0.28 39439.00
-226.46 163.16 184.65 -1.76 0.01 0.34 39470.00
-226.49 162.33 187.26 -1.79 -0.07 0.41 39501.00
-225.25 161.21 191.00 -1.89 0.02 0.50 39532.00
-222.99 159.73 195.61 -1.77 0.18 0.54 39564.00
-220.59 158.79 199.81 -1.46 0.36 0.58 39595.00
-218.81 158.69 202.54 -1.29 0.44 0.61 39625.00
-217.72 160.21 204.45 -1.15 0.40 0.52 39657.00
-216.45 162.14 205.69 -1.01 0.30 0.48 39688.00
-213.67 163.87 206.64 -0.88 0.24 0.46 39719.00
-209.56 164.75 206.67 -0.73 0.29 0.50 39750.00
-205.97 165.60 205.88 -0.49 0.32 0.61 39781.00
-203.19 169.12 203.96 -0.30 0.23 0.46 39812.00
-200.71 173.37 201.21 -0.45 0.13 0.32 39842.00
-198.35 175.30 197.73 -0.42 0.05 0.41 39873.00
-197.25 179.13 194.44 -0.17 -0.10 0.27 39904.00
-194.66 185.09 191.52 -0.28 -0.23 0.04 39934.00
-193.03 187.56 188.38 -0.31 -0.28 0.01 39965.00
-191.68 191.59 185.97 -0.12 -0.33 -0.06 39997.00
-189.22 197.46 184.98 -0.26 -0.34 -0.30 40028.00
-186.94 201.66 184.85 -0.40 -0.30 -0.53 40058.00
-184.33 204.62 185.38 -0.38 -0.26 -0.66 40089.00
-181.41 207.02 186.30 -0.33 -0.23 -0.79 40120.00
-178.39 209.45 186.80 -0.34 -0.21 -1.05 40151.00
-177.12 211.07 185.91 -0.34 -0.18 -1.23 40181.00
-178.54 212.87 184.16 -0.38 -0.32 -1.26 40212.00
-179.53 213.87 182.75 -0.43 -0.51 -1.27 40244.00
-178.29 213.95 182.51 -0.40 -0.64 -1.37 40274.00
-176.77 213.59 182.93 -0.40 -0.57 -1.41 40305.00
-177.29 212.31 183.13 -0.38 -0.58 -1.25 40336.00
-178.55 210.39 183.68 -0.37 -0.64 -1.07 40367.00
-179.68 208.11 184.92 -0.36 -0.61 -0.92 40397.00
-180.48 205.10 186.89 -0.36 -0.50 -0.81 40428.00
-181.58 201.48 189.24 -0.33 -0.36 -0.67 40459.00
-183.46 197.76 191.64 -0.29 -0.24 -0.52 40489.00
-185.92 194.04 193.91 -0.35 -0.21 -0.40 40520.00
-188.68 189.95 196.05 -0.35 -0.16 -0.22 40551.00
-191.72 186.10 198.20 -0.36 -0.12 -0.12 40583.00
-194.78 181.52 200.10 -0.45 -0.13 0.09 40613.00
-196.95 175.79 202.59 -0.38 -0.09 0.27 40644.00
-199.46 172.67 204.84 -0.44 0.03 0.29 40676.00
-201.34 166.33 206.44 -0.57 0.09 0.75 40707.00
-202.34 164.40 208.12 -0.48 0.34 0.59 40737.00
-205.92 162.42 209.33 -0.59 0.42 0.68 40768.00
-209.36 160.59 210.34 -0.46 0.17 0.79 40799.00
-211.14 161.83 210.64 -0.53 0.27 0.46 40829.00
-214.01 161.78 210.39 -0.85 0.34 0.43 40860.00
-216.60 161.23 209.49 -0.85 0.33 0.45 40892.00
-219.12 162.26 207.41 -1.08 0.39 0.31 40923.00
-220.52 161.20 205.08 -1.49 0.33 0.64 40953.00
-219.40 160.58 202.94 -1.40 0.37 0.63 40985.00
-220.24 162.40 199.50 -1.59 0.53 0.44 41016.00
-223.56 163.44 194.51 -2.12 0.32 0.88 41047.00
-225.16 163.98 191.70 -2.43 0.10 0.52 41078.00
-224.97 162.09 192.00 -2.35 0.15 0.67 41109.00
-224.72 161.01 194.11 -1.93 0.10 0.61 41141.00
-222.94 159.12 197.23 -2.06 0.12 0.77 41171.00
-220.14 157.61 200.87 -1.77 0.24 0.77 41202.00
-217.70 157.29 203.97 -1.26 0.32 0.70 41234.00
-216.03 158.75 205.69 -1.05 0.35 0.50 41265.00
-214.48 160.09 206.62 -1.00 0.27 0.53 41296.00
-212.22 161.70 207.13 -0.78 0.26 0.51 41327.00
-209.76 163.99 206.63 -0.67 0.25 0.51 41358.00
-207.30 166.84 205.22 -0.61 0.21 0.43 41390.00
-204.82 168.74 203.32 -0.65 0.11 0.57 41420.00
-201.33 170.22 201.00 -0.51 0.17 0.48 41451.00
-200.17 174.11 197.88 -0.23 0.04 0.39 41482.00
-198.85 178.49 194.71 -0.44 -0.09 0.31 41512.00
-198.42 182.24 191.65 -0.33 -0.15 0.22 41543.00
-198.17 187.26 188.91 -0.24 -0.29 0.10 41574.00
-195.92 193.40 187.02 -0.31 -0.27 -0.12 41606.00
-194.49 197.32 185.62 -0.30 -0.20 -0.26 41636.00
-193.57 201.90 184.25 -0.29 -0.23 -0.33 41667.00
-192.56 206.30 183.44 -0.39 -0.25 -0.50 41698.00
-191.00 210.10 183.13 -0.47 -0.27 -0.69 41729.00
-189.24 212.58 183.03 -0.48 -0.27 -0.87 41759.00
-187.09 214.56 183.06 -0.43 -0.33 -0.94 41790.00
-185.02 216.60 182.73 -0.48 -0.43 -1.12 41821.00
-183.79 217.80 182.67 -0.59 -0.54 -1.23 41851.00
-183.11 217.93 183.50 -0.46 -0.63 -1.16 41882.00
-181.69 218.20 184.54 -0.36 -0.65 -1.25 41913.00
-180.84 218.51 185.55 -0.34 -0.58 -1.39 41944.00
-181.87 217.96 186.10 -0.32 -0.54 -1.33 41975.00
-184.11 216.50 186.89 -0.26 -0.59 -1.10 42006.00
-185.56 214.41 188.46 -0.29 -0.52 -0.98 42037.00
-186.60 211.23 190.64 -0.30 -0.37 -0.84 42067.00
-188.06 207.48 193.17 -0.28 -0.25 -0.65 42098.00
-189.99 203.61 195.60 -0.31 -0.16 -0.49 42129.00
-192.29 199.71 197.93 -0.35 -0.11 -0.33 42160.00
-195.19 195.83 199.98 -0.37 -0.07 -0.19 42190.00
-198.21 192.16 201.99 -0.39 -0.06 0.01 42222.00
-200.87 186.77 203.68 -0.44 0.02 0.15 42253.00
-204.19 182.80 205.19 -0.45 0.10 0.20 42284.00
-208.24 178.40 206.59 -0.50 0.11 0.37 42315.00
-212.19 175.00 207.30 -0.37 0.10 0.46 42346.00
-216.42 173.40 207.46 -0.51 0.13 0.45 42377.00
-220.38 171.09 207.42 -0.60 0.09 0.51 42407.00
-223.30 168.46 207.42 -0.67 0.04 0.61 42439.00
-225.32 165.75 207.53 -0.66 0.15 0.63 42470.00
-227.75 163.51 206.93 -0.65 0.05 0.70 42501.00
-228.64 160.70 206.97 -0.72 0.07 1.01 42531.00
-230.75 160.33 206.56 -1.12 0.05 1.57 42562.00
-230.94 162.59 205.55 -1.59 0.15 0.70 42593.00
-231.09 164.10 203.04 -1.38 0.46 0.47 42625.00
-234.58 166.00 198.28 -1.71 0.45 0.49 42655.00
-238.35 166.46 193.19 -2.03 0.09 0.70 42686.00
-239.59 165.65 190.76 -2.33 -0.15 0.85 42718.00
-238.66 165.07 191.16 -2.29 0.03 0.78 42748.00
-237.78 164.31 192.88 -2.12 0.19 0.69 42780.00
-237.67 163.97 194.61 -1.59 0.11 0.67 42811.00
-237.44 164.02 196.33 -1.61 0.01 0.63 42842.00
-236.57 163.86 198.61 -1.59 -0.01 0.61 42873.00
-235.38 162.92 201.47 -1.51 -0.01 0.64 42904.00
-232.07 161.11 205.35 -1.22 -0.06 0.99 42936.00
-226.19 162.84 209.18 -0.98 0.23 0.64 42967.00
-221.51 164.60 211.80 -0.93 0.54 0.52 42997.00
-217.79 165.85 213.16 -0.75 0.51 0.60 43028.00
-214.17 168.37 213.22 -0.57 0.47 0.50 43059.00
-210.67 171.20 211.53 -0.54 0.46 0.41 43089.00
-207.63 173.72 208.60 -0.44 0.41 0.37 43120.00
-206.77 176.36 204.65 -0.30 0.21 0.44 43150.00
-205.35 180.17 200.28 -0.24 0.01 0.32 43181.00
-204.02 183.66 195.88 -0.24 -0.05 0.28 43211.00
-204.03 187.61 191.43 -0.20 -0.23 0.23 43242.00
-202.27 193.26 187.95 -0.28 -0.41 0.06 43274.00
-199.85 197.85 185.47 -0.36 -0.31 -0.11 43304.00
-198.22 201.95 183.69 -0.37 -0.34 -0.21 43335.00
-195.68 205.77 182.83 -0.50 -0.47 -0.39 43366.00
-191.17 208.34 183.20 -0.54 -0.49 -0.51 43397.00
-186.72 210.78 183.87 -0.44 -0.31 -0.74 43427.00
-184.09 213.48 183.51 -0.49 -0.30 -1.02 43458.00
-183.61 215.36 182.26 -0.54 -0.43 -1.09 43489.00
-183.89 216.62 180.82 -0.42 -0.56 -1.16 43520.00
-184.48 217.64 179.64 -0.41 -0.71 -1.28 43550.00
-184.74 217.85 179.31 -0.40 -0.79 -1.21 43581.00
-184.55 217.37 179.67 -0.39 -0.71 -1.21 43612.00
-185.53 216.42 180.20 -0.32 -0.64 -1.16 43642.00
-187.63 215.07 180.87 -0.38 -0.61 -1.01 43673.00
-189.91 212.73 181.90 -0.38 -0.56 -0.85 43704.00
-192.20 209.96 183.47 -0.39 -0.48 -0.69 43735.00
-194.38 207.05 185.37 -0.44 -0.37 -0.54 43765.00
-196.93 203.42 187.62 -0.45 -0.30 -0.39 43796.00
-199.53 200.02 190.22 -0.43 -0.27 -0.18 43827.00
-201.40 197.21 193.14 -0.42 -0.18 -0.10 43858.00
-202.78 194.35 195.83 -0.42 -0.05 -0.14 43889.00
-206.40 191.66 197.57 -0.45 0.09 -0.07 43921.00
-211.78 188.07 198.33 -0.53 0.03 0.11 43952.00
-216.57 182.67 198.90 -0.46 -0.04 0.38 43982.00
-220.60 179.70 199.69 -0.42 -0.02 0.42 44013.00
-223.96 176.01 200.52 -0.58 0.03 0.63 44044.00
-225.94 173.22 201.03 -0.49 0.10 0.72 44075.00
-226.97 173.00 201.60 -0.59 0.21 0.54 44106.00
-227.29 172.05 202.39 -0.74 0.31 0.51 44137.00
-226.85 172.47 202.43 -0.59 0.28 0.33 44168.00
-224.42 174.87 201.53 -0.90 0.01 1.28 44198.00
-224.82 180.39 199.12 -2.62 0.61 -0.33 44230.00
-224.58 178.93 195.40 -1.40 0.56 0.26 44261.00
-226.42 180.63 189.09 -1.49 0.50 -0.01 44293.00
-229.71 181.65 184.54 -1.95 0.15 -0.12 44323.00
-232.12 180.60 181.62 -1.97 -0.15 0.31 44354.00
-231.39 180.29 181.67 -2.29 -0.09 0.18 44386.00
-231.62 179.62 183.03 -2.10 0.17 0.12 44417.00
-232.85 179.06 185.03 -1.69 0.02 0.19 44448.00
-233.11 178.78 187.77 -1.83 0.06 0.08 44479.00
-233.14 178.05 190.87 -1.84 0.22 -0.04 44511.00
-233.95 176.60 192.64 -1.38 0.24 0.16 44541.00
-234.33 174.39 193.46 -1.17 0.23 0.52 44573.00
-233.53 173.62 193.93 -0.90 0.19 0.56 44604.00
-232.43 174.82 194.15 -0.92 0.19 0.57 44635.00
-229.55 175.19 194.47 -1.06 0.11 0.71 44666.00
-225.90 176.63 194.60 -0.93 0.18 0.62 44697.00
-222.53 178.25 194.01 -0.81 0.06 0.74 44728.00
-218.45 180.00 192.77 -0.64 0.08 0.62 44759.00
-216.59 183.17 190.47 -0.27 0.08 0.41 44789.00
-215.81 188.54 186.77 -0.31 -0.12 0.24 44821.00
-214.71 189.63 183.59 -0.16 -0.31 0.41 44851.00
-213.92 195.62 181.27 -0.02 -0.52 0.13 44882.00
-209.74 202.18 180.36 -0.33 -0.52 -0.11 44913.00
-206.81 205.92 179.94 -0.34 -0.35 -0.26 44944.00
-204.37 209.47 180.08 -0.29 -0.42 -0.32 44975.00
-200.34 213.05 180.93 -0.37 -0.39 -0.57 45005.00
-196.20 215.48 181.88 -0.42 -0.30 -0.79 45036.00
-193.40 217.54 182.09 -0.43 -0.31 -0.97 45067.00
-191.74 219.31 181.96 -0.49 -0.40 -1.06 45097.00
-190.48 220.33 181.74 -0.52 -0.51 -1.15 45128.00
-189.13 220.69 181.50 -0.47 -0.68 -1.24 45159.00
-187.99 221.07 181.50 -0.48 -0.70 -1.29 45190.00
-188.41 220.62 181.32 -0.49 -0.69 -1.23 45220.00
-189.93 219.41 181.23 -0.46 -0.74 -1.10 45252.00
-191.59 217.63 181.72 -0.46 -0.71 -0.93 45283.00
-193.35 215.14 183.03 -0.44 -0.62 -0.76 45314.00
-195.04 212.56 184.83 -0.43 -0.52 -0.62 45343.00
-196.94 209.44 187.00 -0.46 -0.39 -0.44 45374.00
-199.66 205.80 189.18 -0.41 -0.29 -0.29 45405.00
-202.30 203.00 191.48 -0.43 -0.28 -0.17 45435.00
-204.43 199.00 194.05 -0.50 -0.22 -0.03 45467.00
-206.29 194.59 196.51 -0.38 -0.14 0.12 45498.00
-209.13 192.89 198.69 -0.38 -0.05 0.06 45530.00
-213.17 189.00 200.27 -0.58 -0.03 0.18 45560.00
-217.62 184.12 201.52 -0.42 -0.07 0.42 45591.00
-221.26 182.57 203.16 -0.49 -0.07 0.39 45622.00
-224.47 179.17 204.78 -0.62 0.02 0.56 45654.00
-227.19 177.32 206.35 -0.53 0.06 0.66 45684.00
-228.57 177.53 207.99 -0.67 0.18 0.49 45715.00
-228.92 176.42 209.39 -0.86 0.35 0.51 45746.00
-228.89 176.21 210.24 -0.70 0.47 0.36 45776.00
-230.37 177.57 209.55 -1.03 0.59 0.15 45808.00
-230.15 177.60 207.31 -1.65 0.23 1.22 45839.00
-227.12 182.38 207.61 -1.96 0.85 -0.78 45870.00
-228.22 179.34 202.59 -1.22 1.15 -0.09 45900.00
-236.40 177.37 194.70 -1.19 0.29 0.87 45932.00
-240.90 179.16 190.46 -2.21 -0.31 0.29 45963.00
-240.09 177.40 189.55 -2.16 -0.14 0.43 45995.00
-239.64 175.70 190.34 -2.24 0.10 0.48 46025.00
-240.19 174.29 192.76 -2.03 -0.04 0.61 46057.00
-238.82 173.30 196.76 -1.89 -0.06 0.63 46088.00
-235.71 171.61 201.73 -1.71 0.11 0.68 46118.00
-231.85 171.07 206.16 -1.22 0.42 0.57 46150.00
-230.75 173.06 208.52 -1.08 0.66 0.60 46181.00
-232.00 176.66 209.83 -1.18 0.52 0.50 46212.00
-232.16 179.99 209.81 -1.03 0.21 0.47 46243.00
-228.69 182.34 210.25 -0.93 0.17 0.37 46274.00
-224.80 184.20 209.96 -0.72 0.31 0.38 46305.00
-220.90 185.34 208.73 -0.52 0.25 0.53 46336.00
-217.21 187.76 206.33 -0.21 0.26 0.41 46366.00
-215.52 191.15 202.16 -0.17 0.17 0.50 46397.00
-214.67 195.33 198.22 -0.04 -0.02 0.55 46429.00
-213.45 201.37 195.47 -0.02 -0.18 0.31 46459.00
-211.75 208.28 192.27 -0.08 -0.22 0.03 46490.00
-209.28 212.61 189.03 -0.17 -0.25 -0.14 46521.00
-208.22 216.06 186.57 -0.13 -0.41 -0.20 46552.00
-205.95 220.69 184.90 -0.28 -0.51 -0.39 46583.00
-203.54 223.48 184.50 -0.45 -0.51 -0.61 46614.00
-200.53 225.20 185.40 -0.46 -0.55 -0.71 46645.00
-196.61 225.95 187.08 -0.48 -0.56 -0.81 46675.00
-192.34 226.74 188.65 -0.37 -0.46 -1.03 46706.00
-189.58 228.17 188.55 -0.38 -0.44 -1.28 46737.00
-190.05 229.71 186.91 -0.44 -0.57 -1.32 46768.00
-191.19 230.78 185.87 -0.54 -0.86 -1.35 46798.00
-190.61 230.58 185.90 -0.47 -0.95 -1.33 46829.00
-190.49 229.91 186.63 -0.40 -0.86 -1.34 46860.00
-191.79 228.49 187.75 -0.39 -0.81 -1.13 46891.00
-193.45 226.03 189.07 -0.35 -0.71 -0.96 46921.00
-195.63 223.12 190.72 -0.30 -0.58 -0.79 46952.00
-198.21 219.79 192.45 -0.31 -0.44 -0.64 46983.00
-201.27 215.88 194.10 -0.30 -0.36 -0.46 47013.00
-204.96 211.61 195.73 -0.30 -0.33 -0.27 47044.00
-207.86 207.34 197.77 -0.29 -0.26 -0.05 47075.00
-209.73 202.94 200.23 -0.31 -0.18 -0.04 47107.00
-211.26 198.08 202.25 -0.31 -0.11 0.10 47137.00
-213.51 193.43 204.47 -0.33 0.00 0.19 47168.00
-217.06 187.04 206.45 -0.32 0.04 0.42 47199.00
-221.70 185.40 207.73 -0.24 0.08 0.36 47230.00
-226.58 182.88 207.81 -0.62 0.06 0.48 47261.00
-231.00 179.65 207.05 -0.55 0.04 0.58 47292.00
-235.41 177.90 206.13 -0.70 -0.00 0.62 47323.00
-238.21 175.59 204.86 -0.82 0.04 0.67 47353.00
-239.90 175.43 203.33 -0.69 -0.16 1.64 47384.00
-238.01 180.45 204.39 -1.93 0.11 0.46 47416.00
-237.99 179.03 204.13 -1.74 0.17 0.83 47447.00
-237.18 182.04 201.82 -1.25 0.29 0.26 47478.00
-238.77 184.41 197.60 -1.67 0.42 -0.08 47509.00
-242.32 183.72 192.58 -1.82 0.01 0.24 47541.00
-243.75 182.15 189.93 -2.14 -0.40 0.50 47571.00
-242.94 181.08 189.92 -2.08 -0.24 0.48 47603.00
-243.08 179.35 190.87 -2.23 -0.09 0.65 47634.00
-243.65 177.64 192.90 -2.17 -0.09 0.83 47666.00
-244.25 177.00 195.56 -2.09 -0.08 0.84 47696.00
-242.71 177.34 199.44 -1.77 -0.17 0.76 47727.00
-238.16 179.63 203.63 -1.51 0.08 0.49 47759.00
-233.75 181.77 207.40 -1.29 0.28 0.35 47790.00
-229.90 183.42 210.00 -0.97 0.19 0.45 47820.00
-224.16 184.91 211.77 -0.75 0.14 0.45 47852.00
-219.24 187.18 211.95 -0.56 0.18 0.44 47883.00
-215.46 188.55 210.74 -0.52 0.04 0.60 47913.00
-211.91 191.64 208.38 -0.25 -0.04 0.46 47944.00
-209.29 196.62 205.35 -0.35 -0.13 0.32 47975.00
-207.00 201.15 202.05 -0.35 -0.21 0.25 48006.00
-205.55 204.94 199.58 -0.29 -0.31 0.20 48036.00
-203.27 210.10 198.00 -0.18 -0.36 -0.01 48067.00
-199.55 215.28 196.91 -0.26 -0.31 -0.28 48099.00
-197.21 219.24 196.22 -0.30 -0.29 -0.41 48129.00
-195.77 223.34 195.58 -0.23 -0.28 -0.57 48159.00
-194.61 227.92 195.36 -0.36 -0.40 -0.88 48190.00
-192.16 230.11 195.85 -0.39 -0.40 -0.99 48222.00
-190.01 231.20 196.36 -0.29 -0.38 -1.14 48252.00
-188.77 232.24 196.80 -0.33 -0.40 -1.17 48283.00
-188.22 232.58 197.16 -0.32 -0.45 -1.15 48314.00
-187.84 232.65 197.29 -0.31 -0.50 -1.20 48345.00
-188.29 232.24 197.24 -0.28 -0.50 -1.18 48375.00
-189.48 231.55 197.27 -0.32 -0.54 -1.14 48406.00
-190.84 229.64 197.71 -0.31 -0.53 -1.03 48438.00
-192.47 227.24 198.35 -0.29 -0.45 -0.91 48468.00
-195.01 224.32 199.06 -0.30 -0.39 -0.76 48499.00
-198.22 220.91 199.92 -0.32 -0.35 -0.59 48530.00
-201.32 216.97 201.12 -0.33 -0.32 -0.46 48561.00
-204.01 212.72 202.66 -0.33 -0.27 -0.31 48591.00
-207.12 207.83 204.47 -0.28 -0.19 -0.15 48622.00
-210.65 203.59 206.36 -0.29 -0.20 0.02 48653.00
-213.83 198.90 208.03 -0.37 -0.15 0.10 48684.00
-217.23 192.69 209.41 -0.35 -0.12 0.32 48715.00
-220.57 188.10 210.58 -0.30 -0.05 0.45 48746.00
-223.89 184.56 211.27 -0.37 0.07 0.55 48777.00
-228.28 182.46 211.66 -0.55 0.10 0.60 48807.00
-231.10 178.95 211.45 -0.60 0.06 0.88 48838.00
-231.80 179.22 211.07 -0.67 0.25 0.55 48869.00
-233.40 176.79 211.65 -1.00 0.27 1.55 48900.00
-232.67 180.57 212.52 -1.14 0.29 0.66 48930.00
-232.20 182.77 212.75 -1.74 0.58 0.61 48962.00
-233.82 185.06 210.15 -1.87 0.44 0.16 48993.00
-234.25 184.73 206.94 -1.89 0.50 0.37 49025.00
-235.34 184.77 204.24 -2.05 0.58 0.44 49055.00
-236.15 184.62 203.01 -2.19 0.56 0.49 49086.00
-236.14 184.39 203.95 -2.09 0.49 0.37 49118.00
-235.49 183.96 206.01 -1.92 0.51 0.32 49148.00
-234.88 182.92 208.99 -1.93 0.51 0.51 49180.00
-232.95 181.39 213.12 -1.82 0.41 0.56 49211.00
-229.07 180.18 217.47 -1.43 0.51 0.57 49242.00
-225.15 179.84 219.61 -1.12 0.78 0.51 49273.00
-225.95 182.33 218.61 -0.95 0.76 0.46 49304.00
-227.69 184.30 216.24 -0.85 0.22 0.81 49335.00
-225.46 187.96 214.50 -0.67 -0.07 0.59 49366.00
-221.27 190.33 213.37 -0.63 -0.02 0.55 49396.00
-217.49 193.13 212.01 -0.40 -0.03 0.50 49427.00
-214.31 196.69 210.31 -0.21 -0.09 0.34 49458.00
-210.37 199.55 207.44 -0.32 -0.13 0.32 49488.00
-207.75 201.43 204.50 -0.17 -0.18 0.35 49519.00
-205.50 205.89 202.30 -0.19 -0.32 0.10 49550.00
-201.37 209.30 200.47 -0.28 -0.29 -0.08 49582.00
-199.40 211.53 199.15 -0.16 -0.29 -0.14 49612.00
-196.80 216.02 198.03 -0.23 -0.36 -0.34 49643.00
-195.02 220.07 197.19 -0.25 -0.28 -0.66 49674.00
-194.39 224.62 196.96 -0.38 -0.34 -0.95 49704.00
-192.27 227.31 198.08 -0.53 -0.43 -1.10 49735.00
-189.12 228.61 199.51 -0.36 -0.36 -1.31 49766.00
-186.88 229.62 200.41 -0.27 -0.33 -1.48 49797.00
-186.89 230.77 199.92 -0.40 -0.39 -1.44 49828.00
-189.09 230.15 198.87 -0.45 -0.49 -1.28 49859.00
-191.77 229.32 197.87 -0.37 -0.59 -1.12 49890.00
-193.88 227.88 197.94 -0.45 -0.58 -0.95 49921.00
-195.43 225.58 198.75 -0.34 -0.42 -0.91 49951.00
-197.95 223.14 199.74 -0.37 -0.32 -0.78 49982.00
-201.16 219.39 201.00 -0.38 -0.26 -0.58 50013.00
-204.25 215.34 202.45 -0.28 -0.24 -0.35 50043.00
-206.14 211.95 204.23 -0.25 -0.16 -0.19 50074.00
-208.27 208.41 205.99 -0.31 -0.08 -0.23 50106.00
-210.90 204.83 207.38 -0.34 -0.07 -0.04 50137.00
-213.73 200.16 208.36 -0.22 -0.02 0.13 50167.00
-217.33 197.43 209.42 -0.54 -0.03 0.11 50199.00
-221.25 191.12 210.38 -0.60 -0.02 0.42 50230.00
-224.25 187.25 211.40 -0.48 -0.01 0.53 50260.00
-226.97 183.97 212.23 -0.63 0.07 0.70 50291.00
-229.37 181.16 212.98 -0.65 0.17 0.66 50322.00
-232.17 179.83 213.97 -0.67 0.24 0.74 50353.00
-233.24 178.12 214.66 -0.82 0.22 0.81 50383.00
-232.85 176.77 215.71 -0.63 0.46 1.17 50414.00
-234.51 181.96 214.08 -0.70 0.83 0.83 50445.00
-238.18 187.63 210.95 -2.11 0.56 0.01 50477.00
-239.41 187.10 207.39 -1.74 0.24 0.46 50507.00
-240.42 186.70 203.12 -1.81 0.40 0.31 50539.00
-242.19 186.05 199.72 -2.02 0.28 0.52 50570.00
-242.72 185.15 198.06 -2.18 0.28 0.53 50601.00
-243.44 184.07 198.46 -2.12 0.26 0.54 50632.00
-242.95 182.64 200.72 -1.89 0.14 0.56 50664.00
-241.66 181.45 203.63 -1.69 0.28 0.51 50695.00
-240.34 179.68 206.78 -1.64 0.28 0.70 50725.00
-237.59 178.77 210.19 -1.23 0.28 0.61 50757.00
-235.02 179.31 212.00 -1.07 0.42 0.50 50788.00
-234.35 180.42 212.32 -0.94 0.40 0.47 50819.00
-234.02 181.75 211.77 -0.83 0.22 0.59 50850.00
-232.29 183.83 211.00 -0.64 0.23 0.44 50881.00
-230.84 187.01 209.74 -0.49 0.29 0.27 50912.00
-230.63 190.57 207.59 -0.63 0.29 0.08 50944.00
-230.37 189.00 205.34 -0.52 0.10 0.65 50974.00
-229.41 192.36 202.82 -0.19 -0.05 0.51 51005.00
-226.98 198.16 200.06 -0.52 -0.06 0.33 51036.00
-225.88 201.51 197.52 -0.75 -0.13 0.34 51066.00
-224.64 204.01 195.69 -0.54 -0.29 0.40 51098.00
-222.24 210.15 194.42 -0.36 -0.25 0.13 51129.00
-220.04 215.68 193.61 -0.51 -0.22 -0.13 51160.00
-217.61 220.09 193.21 -0.60 -0.20 -0.27 51190.00
-215.70 223.78 192.64 -0.41 -0.18 -0.33 51222.00
-214.39 228.73 191.95 -0.39 -0.22 -0.55 51253.00
-213.12 233.45 191.75 -0.54 -0.36 -0.86 51283.00
-210.62 236.09 192.34 -0.55 -0.34 -0.93 51314.00
-208.55 237.68 192.77 -0.38 -0.33 -1.07 51345.00
-207.79 239.12 192.85 -0.27 -0.43 -1.14 51376.00
-207.70 240.81 193.08 -0.26 -0.50 -1.25 51406.00
-208.10 241.86 193.42 -0.26 -0.48 -1.38 51437.00
-208.96 241.62 193.99 -0.24 -0.47 -1.33 51469.00
-210.15 240.01 195.10 -0.25 -0.44 -1.17 51500.00
-210.83 237.23 196.61 -0.19 -0.38 -1.01 51530.00
-211.96 233.54 198.22 -0.17 -0.27 -0.80 51561.00
-214.04 229.27 199.80 -0.17 -0.19 -0.60 51592.00
-216.67 225.53 201.27 -0.21 -0.18 -0.44 51622.00
-219.67 221.41 202.46 -0.34 -0.17 -0.22 51653.00
-223.05 216.76 203.33 -0.27 -0.16 -0.01 51685.00
-225.17 213.09 204.17 -0.41 -0.10 -0.04 51716.00
-228.98 207.54 204.87 -0.47 -0.08 0.16 51747.00
-232.60 203.81 205.62 -0.61 -0.08 0.22 51778.00
-234.88 197.72 206.84 -0.72 0.01 0.42 51809.00
-237.40 193.64 207.85 -0.56 0.11 0.62 51840.00
-240.14 192.51 208.93 -0.84 0.19 0.56 51871.00
-242.77 190.01 209.64 -0.93 0.21 0.78 51902.00
-243.50 189.72 210.58 -0.81 0.16 0.69 51933.00
-243.37 190.40 211.38 -1.03 0.40 0.57 51964.00
-244.50 191.05 210.35 -1.01 0.49 0.48 51995.00
-247.15 193.48 207.72 -1.13 0.34 0.32 52026.00
-249.65 195.23 204.67 -1.50 0.22 0.25 52058.00
-249.24 194.83 202.53 -1.52 0.11 0.39 52088.00
-247.49 194.65 200.46 -1.55 0.33 0.24 52120.00
-249.46 195.26 196.72 -1.29 0.32 0.18 52151.00
-253.27 195.75 192.57 -1.35 -0.13 0.47 52183.00
-254.24 196.03 191.73 -2.41 -0.35 0.36 52213.00
-251.33 194.03 194.37 -1.74 -0.10 0.49 52245.00
-249.44 194.19 197.66 -1.73 0.36 0.18 52276.00
-249.82 193.91 200.65 -1.57 0.38 0.35 52307.00
-249.36 193.39 204.12 -1.62 0.35 0.37 52338.00
-248.05 191.81 208.15 -1.67 0.40 0.51 52369.00
-244.93 188.76 212.81 -1.50 0.41 0.72 52401.00
-241.59 187.96 216.02 -1.10 0.53 0.66 52431.00
-240.27 189.86 217.83 -1.27 0.61 0.36 52462.00
-239.83 190.19 218.38 -1.25 0.42 0.48 52494.00
-238.16 190.28 218.83 -0.90 0.25 0.58 52525.00
-233.45 190.75 219.83 -0.68 0.27 0.53 52555.00
-227.48 191.86 219.31 -0.38 0.48 0.37 52586.00
-224.90 194.50 215.65 -0.28 0.48 0.37 52617.00
-223.94 196.88 211.14 -0.27 0.16 0.40 52647.00
-222.33 199.37 206.42 -0.16 -0.06 0.39 52678.00
-220.03 201.86 201.97 -0.17 -0.18 0.34 52709.00
-218.19 204.70 198.19 -0.05 -0.26 0.24 52740.00
-216.14 210.31 195.45 -0.06 -0.35 0.10 52771.00
-211.89 216.77 193.82 -0.27 -0.30 -0.22 52802.00
-208.61 221.45 192.64 -0.41 -0.23 -0.48 52833.00
-206.77 224.86 191.70 -0.49 -0.28 -0.66 52864.00
-204.96 227.80 191.26 -0.53 -0.38 -0.77 52894.00
-202.25 229.62 191.50 -0.59 -0.44 -0.96 52925.00
-200.47 230.65 190.90 -0.50 -0.46 -1.19 52956.00
-200.83 232.36 190.49 -0.57 -0.66 -1.33 52986.00
-200.84 232.71 191.39 -0.65 -0.72 -1.21 53017.00
-199.51 231.89 192.95 -0.52 -0.59 -1.20 53048.00
-198.93 230.93 194.43 -0.44 -0.40 -1.11 53079.00
-200.60 229.95 194.89 -0.44 -0.33 -0.97 53109.00
-203.57 228.57 195.08 -0.45 -0.37 -0.80 53140.00
-206.33 226.70 195.73 -0.45 -0.37 -0.65 53171.00
-208.05 224.48 197.21 -0.46 -0.29 -0.62 53201.00
-209.17 221.59 199.22 -0.46 -0.15 -0.53 53232.00
-210.81 218.15 201.27 -0.46 -0.07 -0.39 53263.00
-213.42 214.64 203.22 -0.44 -0.02 -0.26 53295.00
-216.26 211.70 204.76 -0.51 -0.01 -0.10 53325.00
-219.37 207.26 206.37 -0.50 0.00 0.07 53357.00
-222.43 203.45 207.66 -0.45 0.00 0.16 53388.00
-225.75 200.45 208.88 -0.57 0.07 0.16 53419.00
-229.59 196.53 209.85 -0.50 0.05 0.36 53450.00
-233.00 194.52 210.68 -0.49 0.03 0.39 53481.00
-236.21 192.48 211.33 -0.51 0.10 0.48 53512.00
-239.81 191.36 211.58 -0.60 0.06 0.61 53542.00
-242.69 190.30 212.19 -0.68 0.10 0.63 53573.00
-244.86 189.12 212.52 -0.73 0.13 0.63 53605.00
-245.95 188.76 212.97 -0.69 0.17 0.55 53636.00
-246.53 188.38 213.45 -1.11 0.21 0.60 53666.00
-245.33 187.63 214.14 -1.28 0.32 0.45 53698.00
-244.74 186.82 213.48 -1.51 0.58 0.50 53729.00
-245.65 186.12 211.84 -1.65 0.65 0.56 53761.00
-246.05 185.78 210.25 -1.59 0.58 0.53 53791.00
-246.14 185.17 209.16 -1.65 0.68 0.50 53822.00
-246.83 183.97 208.62 -1.52 0.71 0.88 53854.00
-248.34 184.14 208.69 -1.79 0.60 0.96 53884.00
-248.17 184.47 210.98 -1.81 0.55 0.78 53916.00
-246.52 183.87 214.87 -1.54 0.73 0.49 53947.00
-245.13 182.92 219.08 -1.32 0.92 0.49 53978.00
-244.23 181.97 222.83 -1.39 1.00 0.66 54008.00
-241.68 180.30 226.79 -1.30 0.88 0.77 54040.00
-238.26 179.52 229.81 -1.07 0.81 0.77 54070.00
-234.55 179.81 231.07 -0.86 0.87 0.59 54100.00
-233.02 181.41 229.93 -0.79 0.79 0.58 54131.00
-231.76 183.05 227.52 -0.61 0.50 0.59 54162.00
-229.38 185.88 224.29 -0.53 0.48 0.43 54193.00
-227.73 187.38 220.23 -0.46 0.48 0.55 54223.00
-226.46 189.96 215.40 -0.15 0.30 0.51 54254.00
-225.31 195.48 210.42 -0.17 0.12 0.39 54285.00
-223.33 200.19 205.78 -0.33 0.04 0.29 54316.00
-221.62 202.93 201.64 -0.17 -0.04 0.24 54346.00
-220.43 208.83 197.36 -0.16 -0.13 0.09 54377.00
-218.53 213.78 193.28 -0.28 -0.19 -0.12 54408.00
-217.54 217.43 189.75 -0.39 -0.33 -0.15 54438.00
-216.30 221.25 187.26 -0.40 -0.38 -0.25 54469.00
-214.83 224.94 185.78 -0.40 -0.39 -0.40 54500.00
-212.59 228.82 185.72 -0.47 -0.41 -0.61 54531.00
-209.25 231.37 187.04 -0.50 -0.36 -0.78 54561.00
-205.14 233.58 189.58 -0.47 -0.40 -0.98 54592.00
-200.03 234.94 193.38 -0.53 -0.54 -1.23 54623.00
-194.58 234.90 196.35 -0.36 -0.36 -1.29 54653.00
-192.69 235.02 196.22 -0.30 -0.34 -1.44 54684.00
-195.24 234.80 193.98 -0.45 -0.66 -1.20 54715.00
-198.40 233.80 192.77 -0.55 -0.91 -1.00 54746.00
-199.17 232.16 193.45 -0.52 -0.86 -0.86 54776.00
-198.75 229.91 195.21 -0.46 -0.60 -0.87 54807.00
-200.64 227.03 196.90 -0.36 -0.39 -0.66 54838.00
-204.24 224.69 198.18 -0.37 -0.36 -0.50 54868.00
-207.75 221.96 199.42 -0.44 -0.36 -0.37 54899.00
-210.75 218.27 201.26 -0.46 -0.29 -0.26 54931.00
-213.22 214.74 203.36 -0.39 -0.21 -0.14 54962.00
-215.70 211.57 205.24 -0.43 -0.14 -0.06 54992.00
-218.72 207.54 207.25 -0.49 -0.07 0.01 55024.00
-222.45 202.69 208.97 -0.45 -0.05 0.14 55055.00
-226.15 197.27 210.71 -0.45 -0.02 0.32 55086.00
-230.14 193.28 212.34 -0.35 0.04 0.44 55116.00
-234.50 190.80 213.57 -0.45 0.06 0.51 55147.00
-238.24 187.76 214.23 -0.52 0.07 0.68 55178.00
-240.86 186.27 214.45 -0.55 0.16 0.67 55208.00
-244.26 185.58 214.90 -0.74 0.17 0.71 55239.00
-245.85 183.55 216.07 -0.92 0.09 0.95 55271.00
-243.42 183.16 218.48 -0.94 0.20 0.70 55302.00
-239.84 184.15 220.45 -0.95 0.61 0.39 55332.00
-239.14 184.80 219.53 -1.25 0.92 0.23 55363.00
-241.93 185.65 215.99 -1.28 0.64 0.51 55395.00
-244.59 186.92 210.68 -1.64 0.47 0.43 55426.00
-247.61 187.40 204.74 -1.76 0.36 0.90 55456.00
-250.14 188.25 200.36 -2.25 0.25 0.65 55488.00
-251.48 187.06 199.46 -1.99 0.15 0.77 55519.00
-251.60 186.49 201.10 -1.90 0.15 0.64 55550.00
-251.38 186.05 203.85 -1.77 0.32 0.48 55581.00
-251.41 185.04 207.07 -1.72 0.29 0.72 55612.00
-249.50 184.12 211.60 -1.62 0.30 0.74 55644.00
-246.65 183.50 215.80 -1.35 0.44 0.74 55674.00
-244.59 184.14 218.42 -1.13 0.44 0.70 55706.00
-242.37 186.18 219.58 -0.88 0.38 0.62 55737.00
-240.63 189.46 219.85 -0.91 0.38 0.44 55768.00
-238.97 191.99 219.54 -0.88 0.30 0.41 55798.00
-235.92 193.84 219.38 -0.75 0.18 0.46 55830.00
-231.01 195.71 219.18 -0.63 0.25 0.34 55861.00
-226.27 197.05 218.28 -0.59 0.32 0.33 55891.00
-222.09 198.27 216.06 -0.41 0.32 0.34 55922.00
-219.02 200.24 212.31 -0.29 0.17 0.34 55953.00
-217.56 203.30 207.44 -0.22 0.02 0.25 55984.00
-216.50 205.74 202.62 -0.22 -0.25 0.31 56014.00
-214.64 209.40 199.18 -0.20 -0.43 0.14 56045.00
-211.42 214.54 196.59 -0.13 -0.37 -0.11 56077.00
-208.36 219.51 194.44 -0.31 -0.32 -0.34 56108.00
-206.79 223.09 192.78 -0.35 -0.29 -0.53 56138.00
-205.73 226.60 191.74 -0.37 -0.34 -0.68 56169.00
-204.11 229.23 191.66 -0.54 -0.48 -0.93 56200.00
-201.41 229.45 193.14 -0.50 -0.57 -0.97 56230.00
-198.18 230.04 194.80 -0.43 -0.47 -1.12 56261.00
-196.94 230.11 194.98 -0.44 -0.38 -1.22 56292.00
-198.74 230.10 194.18 -0.53 -0.45 -1.08 56323.00
-201.17 229.31 192.98 -0.52 -0.59 -0.99 56353.00
-203.18 228.18 192.53 -0.55 -0.65 -0.90 56384.00
-204.53 226.29 193.18 -0.56 -0.59 -0.84 56415.00
-206.02 223.75 194.40 -0.51 -0.48 -0.71 56445.00
-208.11 220.73 196.03 -0.48 -0.38 -0.52 56476.00
-210.81 217.65 197.74 -0.46 -0.30 -0.37 56507.00
-213.66 214.60 199.63 -0.46 -0.25 -0.23 56538.00
-216.15 211.89 201.65 -0.53 -0.21 -0.17 56568.00
-218.59 208.07 203.91 -0.58 -0.15 -0.09 56600.00
-221.05 203.66 206.31 -0.49 -0.09 0.11 56631.00
-223.65 199.56 208.38 -0.46 -0.00 0.22 56663.00
-226.28 196.24 209.91 -0.48 0.07 0.25 56693.00
-229.78 193.31 211.25 -0.48 0.18 0.23 56724.00
-235.61 190.26 211.56 -0.49 0.20 0.36 56756.00
-241.52 186.90 211.26 -0.49 0.07 0.60 56786.00
-245.78 185.59 210.63 -0.59 0.09 0.53 56817.00
-249.18 183.51 209.68 -0.77 0.14 0.61 56848.00
-251.08 181.55 209.24 -0.75 0.02 0.67 56880.00
-249.62 179.65 209.90 -1.08 -0.05 0.80 56910.00
-246.10 177.86 210.50 -1.23 0.21 0.70 56941.00
-245.39 178.09 208.72 -1.39 0.49 0.54 56973.00
-247.51 176.78 205.58 -1.53 0.27 1.07 57004.00
-248.59 177.84 203.01 -1.49 0.03 0.89 57034.00
-249.62 179.13 200.06 -1.80 0.22 0.74 57066.00
-251.97 179.57 197.87 -1.78 0.11 1.21 57097.00
-253.29 181.22 197.54 -2.30 0.07 0.83 57128.00
-251.82 180.21 199.73 -2.12 0.21 0.72 57159.00
-250.55 179.67 202.68 -1.54 0.34 0.51 57190.00
-250.61 179.56 205.07 -1.39 0.38 0.47 57222.00
-251.81 179.70 206.72 -1.38 0.27 0.52 57252.00
-252.17 179.40 208.87 -1.38 0.11 0.62 57284.00
-250.96 178.71 211.36 -1.44 0.15 0.61 57315.00
-250.01 178.57 213.21 -1.07 0.22 0.59 57346.00
-250.23 179.83 213.98 -0.91 0.17 0.54 57377.00
-249.83 181.07 214.57 -0.89 0.14 0.53 57408.00
-248.39 182.27 215.15 -0.77 0.16 0.53 57440.00
-245.76 183.20 215.84 -0.65 0.21 0.57 57470.00
-241.97 184.37 216.51 -0.55 0.26 0.59 57501.00
-238.04 186.05 216.27 -0.49 0.38 0.56 57532.00
-235.64 188.35 214.62 -0.48 0.37 0.64 57563.00
-233.59 190.70 212.39 -0.43 0.24 0.68 57593.00
-231.83 195.25 209.29 -0.31 0.15 0.49 57624.00
-230.59 201.18 205.99 -0.43 0.05 0.28 57655.00
-229.17 204.65 203.21 -0.58 -0.08 0.32 57686.00
-226.81 208.17 201.36 -0.35 -0.19 0.17 57716.00
-222.96 213.42 199.48 -0.36 -0.16 -0.03 57748.00
-220.91 216.64 197.41 -0.38 -0.20 -0.17 57779.00
-219.14 220.29 195.58 -0.42 -0.32 -0.30 57809.00
-216.84 224.22 194.21 -0.49 -0.37 -0.53 57840.00
-213.56 227.33 193.82 -0.65 -0.43 -0.73 57871.00
-209.63 228.92 194.26 -0.63 -0.45 -0.81 57902.00
-205.87 230.33 195.05 -0.55 -0.54 -0.99 57932.00
-201.79 231.63 196.26 -0.63 -0.70 -1.13 57963.00
-198.15 231.93 197.48 -0.58 -0.59 -1.06 57994.00
-196.82 232.69 197.49 -0.52 -0.53 -1.17 58024.00
-197.50 233.58 197.14 -0.64 -0.65 -1.10 58055.00
-198.10 233.31 197.25 -0.62 -0.66 -0.98 58086.00
-198.64 232.72 197.84 -0.52 -0.53 -0.94 58117.00
-199.67 231.96 198.73 -0.54 -0.48 -0.86 58147.00
-200.83 230.24 199.91 -0.53 -0.41 -0.77 58178.00
-207.15 222.62 203.57 -0.42 -0.32 -0.35 58270.00
-209.27 219.91 204.98 -0.47 -0.28 -0.33 58301.00
-214.24 213.51 208.08 -0.39 -0.24 -0.10 58363.00
-216.30 210.51 209.52 -0.46 -0.17 -0.08 58394.00
-220.25 206.13 210.38 -0.47 -0.18 0.08 58426.00
-229.42 189.49 218.13 -0.85 -0.03 0.65 58580.00
-229.19 187.68 220.35 -0.87 0.22 0.75 58612.00
-229.22 187.82 221.13 -1.00 0.34 0.75 58643.00
-229.76 188.43 221.18 -1.22 0.62 0.58 58674.00
-233.35 189.51 219.37 -1.48 0.69 0.61 58705.00
-235.68 189.99 217.55 -1.58 0.47 0.67 58736.00
-237.44 191.70 215.40 -1.41 0.50 1.21 58767.00
-237.45 196.12 214.71 -2.06 0.63 -0.43 58799.00
-237.24 193.44 213.38 -1.41 0.60 0.03 58829.00
-239.30 190.74 211.16 -0.93 0.46 0.29 58860.00
-242.60 190.02 209.64 -0.94 0.03 0.50 58892.00
-241.69 190.17 210.46 -1.30 0.10 0.23 58923.00
-240.88 188.79 211.34 -1.20 0.27 0.32 58954.00
-241.55 188.69 211.92 -0.92 0.15 0.35 58985.00
-242.01 189.62 212.26 -0.96 0.06 0.29 59016.00
-242.01 190.26 212.63 -1.08 0.05 0.30 59047.00
-241.87 190.88 212.92 -1.04 0.06 0.30 59078.00
-241.99 191.83 212.98 -1.00 0.06 0.26 59110.00
-242.10 192.68 212.95 -1.00 0.04 0.24 59141.00
-242.12 193.46 213.03 -1.00 0.03 0.22 59172.00
-241.62 194.07 213.33 -1.03 0.04 0.20 59203.00
-241.12 194.62 213.68 -1.04 0.09 0.16 59235.00
-240.82 194.95 214.14 -1.06 0.11 0.17 59266.00
-240.33 195.03 214.61 -1.06 0.15 0.16 59297.00
-240.49 195.18 214.80 -0.94 0.16 0.15 59328.00
-241.50 195.37 214.76 -0.97 0.13 0.18 59360.00
-242.36 195.34 214.74 -0.95 0.08 0.23 59390.00
-242.78 195.44 214.92 -1.05 0.12 0.22 59422.00
-243.21 195.51 215.31 -1.06 0.16 0.22 59453.00
-243.56 195.68 215.63 -0.92 0.18 0.21 59485.00
-244.16 196.09 215.76 -0.93 0.20 0.18 59515.00
-244.84 196.34 215.76 -0.95 0.18 0.20 59547.00
-245.36 196.49 215.60 -0.94 0.17 0.21 59578.00
-245.95 196.62 215.35 -0.94 0.14 0.21 59610.00
-246.39 196.65 215.11 -0.94 0.13 0.22 59640.00
-246.90 196.73 214.72 -1.04 0.13 0.22 59672.00
-247.41 196.74 214.30 -0.95 0.11 0.23 59703.00
-247.85 196.86 214.03 -1.06 0.10 0.23 59735.00
-247.83 196.91 213.97 -1.07 0.09 0.21 59765.00
-247.64 196.85 213.96 -1.07 0.12 0.21 59796.00
-247.67 196.84 213.85 -1.05 0.13 0.21 59828.00
-247.73 196.90 213.70 -0.96 0.11 0.21 59858.00
-247.73 196.91 213.54 -1.06 0.11 0.21 59890.00
-247.73 196.87 213.45 -1.04 0.10 0.20 59921.00
-247.35 196.63 213.41 -1.05 0.10 0.19 59953.00
-247.15 196.22 213.37 -1.06 0.11 0.18 59983.00
-246.64 195.44 213.38 -1.08 0.10 0.22 60015.00
-246.57 195.29 213.39 -1.05 0.12 0.20 60046.00
-246.94 195.27 213.36 -1.08 0.11 0.21 60078.00
-247.38 195.36 213.29 -1.08 0.10 0.21 60108.00
-247.69 195.22 213.40 -1.07 0.10 0.24 60140.00
-247.58 195.46 213.66 -1.05 0.10 0.21 60171.00
-247.45 195.50 214.07 -1.08 0.13 0.23 60203.00
-247.14 195.38 214.45 -0.95 0.15 0.24 60233.00
-247.12 195.45 214.78 -0.93 0.21 0.24 60265.00
-247.46 195.35 215.00 -0.96 0.19 0.20 60296.00
-247.86 195.28 215.29 -0.96 0.18 0.25 60327.00
-248.80 195.38 215.66 -0.94 0.17 0.23 60358.00
-249.51 195.38 215.66 -0.93 0.08 0.27 60390.00

