-18.56 17.16 -10.22 1.21 -1.16 1.47 5367.00
-25.66 24.71 -7.22 1.08 -1.53 1.30 5398.00
-28.88 32.01 -0.94 0.82 -2.12 1.17 5429.00
-26.23 37.29 6.52 0.46 -1.74 0.85 5459.00
-23.35 42.35 14.22 0.39 -1.08 0.64 5490.00
-22.89 48.09 21.77 0.13 -0.82 0.52 5521.00
-24.33 53.13 28.67 -0.03 -0.75 0.37 5553.00
-26.66 56.66 34.60 -0.19 -0.71 0.30 5583.00
-28.75 58.07 40.43 -0.21 -0.81 0.38 5614.00
-30.16 58.57 46.56 -0.10 -0.79 0.45 5645.00
-31.74 59.40 52.94 0.00 -0.69 0.49 5676.00
-33.88 61.03 59.31 -0.01 -0.65 0.46 5707.00
-36.77 62.92 65.25 -0.06 -0.54 0.41 5738.00
-40.91 64.66 70.59 -0.12 -0.40 0.39 5769.00
-45.08 66.15 75.55 -0.18 -0.39 0.40 5798.00
-48.95 67.90 80.81 -0.21 -0.25 0.37 5829.00
-52.75 69.52 85.27 -0.30 -0.15 0.37 5860.00
-56.64 70.27 89.16 -0.40 -0.10 0.44 5891.00
-60.06 70.95 92.30 -0.48 -0.03 0.42 5921.00
-64.27 71.85 94.49 -0.51 0.07 0.42 5952.00
-68.70 72.43 96.06 -0.63 0.06 0.53 5983.00
-72.27 73.60 96.74 -0.75 0.08 0.49 6013.00
-75.88 74.36 96.37 -0.91 0.14 0.53 6044.00
-80.04 75.69 95.32 -0.93 0.08 0.48 6075.00
-84.47 77.49 93.49 -1.21 0.01 0.42 6107.00
-87.89 78.38 91.77 -1.60 -0.16 0.51 6137.00
-89.28 78.95 91.44 -1.93 -0.33 0.66 6168.00
-87.51 79.64 93.87 -1.87 -0.40 0.62 6199.00
-84.72 81.04 97.80 -1.79 -0.04 0.35 6230.00
-83.36 80.97 101.46 -2.02 0.15 0.43 6261.00
-81.83 79.57 105.48 -1.73 0.03 0.70 6292.00
-78.25 79.62 109.89 -1.43 0.07 0.57 6323.00
-74.33 81.45 113.83 -1.24 0.23 0.39 6353.00
-70.97 83.45 117.08 -0.98 0.32 0.27 6384.00
-68.43 85.60 118.75 -0.79 0.33 0.21 6416.00
-66.69 87.57 118.52 -0.74 0.29 0.22 6447.00
-65.78 89.64 117.20 -0.63 0.25 0.16 6477.00
-65.76 92.12 115.02 -0.59 0.10 0.17 6508.00
-64.66 93.40 112.69 -0.58 -0.03 0.19 6539.00
-63.13 94.90 110.32 -0.47 -0.11 0.19 6569.00
-61.51 97.08 107.69 -0.43 -0.17 0.16 6601.00
-60.31 99.81 105.20 -0.44 -0.23 0.11 6632.00
-59.68 102.77 103.03 -0.45 -0.28 0.02 6663.00
-58.53 106.53 101.51 -0.44 -0.30 -0.08 6693.00
-56.96 109.81 100.60 -0.50 -0.28 -0.19 6724.00
-55.03 112.64 100.17 -0.46 -0.22 -0.25 6755.00
-53.02 115.42 100.02 -0.53 -0.22 -0.37 6787.00
-50.93 117.55 100.19 -0.60 -0.22 -0.50 6817.00
-48.28 118.95 100.51 -0.64 -0.23 -0.60 6848.00
-45.22 120.12 100.89 -0.62 -0.29 -0.71 6879.00
-41.84 121.42 101.34 -0.57 -0.30 -0.92 6909.00
-38.40 122.99 101.82 -0.61 -0.33 -1.22 6940.00
-35.61 123.99 101.46 -0.64 -0.40 -1.39 6971.00
-35.22 124.23 99.81 -0.59 -0.48 -1.42 7001.00
-36.99 123.99 97.89 -0.58 -0.70 -1.28 7031.00
-39.14 123.41 96.41 -0.56 -0.86 -1.11 7062.00
-40.65 122.51 96.10 -0.61 -0.85 -1.00 7093.00
-41.56 120.80 97.22 -0.55 -0.74 -0.91 7123.00
-42.49 118.75 99.12 -0.46 -0.58 -0.75 7154.00
-43.97 116.61 101.22 -0.42 -0.42 -0.63 7184.00
-46.22 114.41 103.34 -0.42 -0.30 -0.52 7215.00
-49.13 112.15 105.02 -0.44 -0.21 -0.39 7245.00
-52.78 109.50 106.51 -0.48 -0.19 -0.27 7276.00
-56.09 106.59 107.88 -0.49 -0.14 -0.18 7308.00
-58.84 103.60 108.96 -0.48 -0.07 -0.10 7339.00
-61.88 100.55 109.70 -0.47 -0.01 -0.03 7369.00
-65.44 96.37 110.18 -0.47 0.01 0.08 7401.00
-69.16 91.88 110.48 -0.45 0.01 0.22 7432.00
-72.29 87.69 110.48 -0.44 -0.01 0.36 7462.00
-74.91 84.45 110.03 -0.50 0.02 0.43 7493.00
-77.69 81.72 109.16 -0.57 0.05 0.49 7524.00
-80.38 79.07 108.22 -0.73 0.02 0.62 7556.00
-82.21 77.47 107.64 -0.83 -0.07 0.66 7586.00
-82.24 77.54 107.49 -0.93 -0.06 0.58 7617.00
-81.59 76.68 106.88 -1.24 -0.01 0.66 7648.00
-79.79 76.45 106.25 -1.20 -0.01 0.63 7680.00
-77.81 77.24 105.46 -1.29 0.12 0.49 7710.00
-76.84 78.10 103.92 -1.48 0.24 0.33 7741.00
-77.27 78.17 101.68 -1.49 0.18 0.38 7772.00
-78.31 77.84 99.22 -1.52 0.23 0.50 7803.00
-81.78 79.31 95.44 -1.71 0.08 0.63 7834.00
-84.34 81.04 92.64 -2.38 -0.13 0.23 7865.00
-84.65 80.54 91.92 -2.01 -0.22 0.35 7896.00
-84.81 81.15 92.87 -1.93 -0.15 0.20 7926.00
-84.96 81.08 94.98 -1.95 -0.15 0.27 7958.00
-84.64 80.65 97.86 -1.88 -0.12 0.34 7989.00
-84.47 79.80 100.90 -1.82 -0.07 0.50 8019.00
-83.53 78.53 104.36 -1.74 -0.02 0.67 8050.00
-81.21 77.98 108.03 -1.45 0.04 0.76 8082.00
-78.13 79.17 111.44 -1.27 0.14 0.65 8113.00
-75.12 80.83 113.74 -1.11 0.19 0.54 8143.00
-72.74 83.44 115.04 -0.94 0.23 0.35 8174.00
-71.46 86.20 114.86 -0.74 0.15 0.30 8205.00
-70.06 88.09 113.59 -0.54 0.06 0.33 8236.00
-69.23 90.23 111.34 -0.39 -0.03 0.31 8266.00
-68.74 93.62 108.59 -0.28 -0.13 0.23 8297.00
-68.26 97.16 105.93 -0.30 -0.23 0.20 8328.00
-67.53 100.64 103.91 -0.27 -0.33 0.14 8358.00
-65.69 105.24 102.75 -0.26 -0.31 0.03 8389.00
-63.80 109.90 102.23 -0.27 -0.26 -0.09 8420.00
-62.04 114.40 102.06 -0.32 -0.23 -0.19 8451.00
-60.27 118.48 102.31 -0.39 -0.18 -0.31 8481.00
-58.79 122.29 102.93 -0.45 -0.08 -0.46 8512.00
-57.52 125.39 103.78 -0.50 -0.03 -0.56 8543.00
-55.42 127.48 104.85 -0.49 -0.02 -0.68 8573.00
-52.58 129.03 105.97 -0.44 -0.03 -0.90 8604.00
-49.77 129.70 106.64 -0.39 -0.11 -1.08 8635.00
-47.12 130.46 107.34 -0.29 -0.26 -1.26 8666.00
-45.13 132.33 108.20 -0.17 -0.29 -1.59 8696.00
-44.38 134.10 107.86 -0.18 -0.33 -1.85 8727.00
-45.73 134.75 106.69 -0.39 -0.35 -1.61 8758.00
-47.77 133.29 105.55 -0.38 -0.40 -1.31 8788.00
-50.02 131.32 104.06 -0.35 -0.43 -1.10 8819.00
-53.16 129.64 102.98 -0.45 -0.45 -0.84 8850.00
-56.30 127.69 102.94 -0.54 -0.42 -0.67 8881.00
-58.18 125.30 103.71 -0.45 -0.34 -0.61 8911.00
-59.33 123.04 104.88 -0.44 -0.22 -0.55 8942.00
-60.63 120.13 106.18 -0.49 -0.16 -0.42 8973.00
-62.39 116.99 107.79 -0.43 -0.10 -0.31 9004.00
-65.14 114.38 108.90 -0.42 -0.03 -0.22 9034.00
-69.39 111.48 109.43 -0.46 -0.06 -0.14 9065.00
-73.56 107.82 109.49 -0.45 -0.08 0.05 9097.00
-77.01 103.76 109.28 -0.42 -0.11 0.15 9127.00
-79.53 100.72 109.10 -0.41 -0.02 0.16 9158.00
-82.34 96.74 108.26 -0.54 0.02 0.30 9189.00
-85.28 93.14 107.48 -0.48 0.11 0.27 9221.00
-89.26 90.53 106.73 -0.69 0.03 0.49 9251.00
-89.93 87.80 106.06 -0.64 0.03 0.47 9282.00
-90.57 87.27 105.51 -0.98 0.17 0.54 9313.00
-89.67 85.90 104.82 -1.09 0.11 0.53 9344.00
-88.12 87.06 103.30 -1.22 0.31 0.32 9374.00
-88.74 87.07 100.53 -1.70 0.34 0.26 9406.00
-90.38 86.77 97.12 -1.47 0.27 0.30 9437.00
-92.51 86.08 93.59 -1.80 0.08 0.37 9467.00
-92.04 84.08 91.82 -2.11 -0.00 0.51 9499.00
-90.26 82.34 91.40 -2.06 0.25 0.42 9530.00
-90.69 80.30 91.72 -1.94 0.24 0.75 9561.00
-90.95 80.63 93.87 -1.97 0.07 0.44 9591.00
-89.97 79.64 97.28 -2.29 0.13 0.54 9622.00
-87.96 76.78 102.75 -2.07 0.35 0.68 9654.00
-85.90 73.65 108.34 -1.66 0.54 0.83 9684.00
-84.16 72.34 112.07 -1.23 0.62 0.69 9715.00
-83.64 72.47 113.23 -0.98 0.57 0.72 9746.00
-83.70 74.03 113.61 -0.75 0.40 0.68 9777.00
-83.03 76.08 112.88 -0.49 0.26 0.65 9807.00
-81.38 79.50 110.53 -0.21 0.24 0.45 9838.00
-81.07 85.54 107.84 -0.39 0.22 0.36 9868.00
-79.43 87.80 105.03 -0.49 0.06 0.50 9899.00
-76.75 90.78 101.93 -0.46 -0.01 0.38 9929.00
-74.25 92.76 98.67 -0.35 -0.13 0.34 9960.00
-71.60 96.29 95.29 -0.35 -0.27 0.25 9991.00
-69.54 98.59 92.54 -0.36 -0.29 0.22 10021.00
-68.18 101.63 90.13 -0.23 -0.35 0.18 10052.00
-66.68 106.76 88.56 -0.23 -0.34 -0.00 10083.00
-64.80 112.22 87.88 -0.31 -0.22 -0.15 10114.00
-63.93 116.94 87.61 -0.30 -0.10 -0.27 10144.00
-63.87 122.54 87.23 -0.40 -0.03 -0.46 10175.00
-63.61 127.42 86.51 -0.48 -0.04 -0.66 10206.00
-63.36 131.89 85.65 -0.54 -0.17 -0.92 10236.00
-62.18 135.22 85.83 -0.72 -0.48 -1.28 10267.00
-58.22 135.78 87.74 -0.65 -0.74 -1.41 10298.00
-53.37 135.81 89.77 -0.24 -0.71 -1.68 10329.00
-51.47 136.19 90.79 -0.05 -0.62 -1.87 10359.00
-53.61 136.92 91.08 -0.16 -0.62 -1.59 10390.00
-55.75 135.83 91.40 -0.35 -0.63 -1.35 10421.00
-57.56 133.16 92.12 -0.32 -0.51 -1.08 10451.00
-59.78 130.16 93.35 -0.27 -0.37 -0.77 10482.00
-62.73 127.43 94.69 -0.33 -0.26 -0.58 10513.00
-65.92 124.43 96.04 -0.38 -0.17 -0.40 10544.00
-68.22 121.58 97.43 -0.39 -0.12 -0.30 10574.00
-70.42 118.31 98.84 -0.39 -0.06 -0.27 10605.00
-72.62 114.96 99.93 -0.39 -0.05 -0.14 10636.00
-74.37 110.39 100.84 -0.28 -0.01 0.06 10667.00
-77.22 107.10 101.69 -0.23 0.04 0.01 10698.00
-80.61 102.50 102.66 -0.33 0.05 0.15 10729.00
-83.64 97.10 103.34 -0.36 0.04 0.46 10760.00
-85.30 93.46 103.35 -0.41 0.10 0.50 10790.00
-87.89 91.64 103.06 -0.48 0.26 0.42 10821.00
-92.29 89.17 102.05 -0.78 0.15 0.65 10852.00
-95.06 86.20 100.78 -0.79 0.11 0.80 10883.00
-96.72 86.08 98.66 -1.04 0.13 0.65 10913.00
-97.21 85.15 97.22 -1.40 0.16 0.68 10944.00
-96.54 83.48 96.51 -1.31 0.01 1.14 10976.00
-91.96 85.82 97.69 -1.47 0.08 0.79 11006.00
-91.33 89.59 96.04 -1.63 0.63 0.23 11037.00
-94.95 93.05 92.20 -1.87 0.63 -0.25 11068.00
-98.42 92.64 88.11 -1.66 0.31 0.02 11099.00
-102.65 91.81 83.81 -1.76 -0.00 0.08 11130.00
-105.43 89.61 83.27 -2.23 -0.42 0.50 11161.00
-102.82 88.68 86.56 -1.98 -0.15 0.42 11192.00
-98.59 87.32 91.02 -2.04 0.38 0.38 11224.00
-98.22 88.04 94.59 -1.73 0.63 0.17 11254.00
-98.42 88.22 97.82 -1.81 0.36 0.32 11285.00
-95.54 87.16 100.97 -1.49 0.39 0.48 11316.00
-91.34 86.60 103.18 -1.11 0.52 0.62 11347.00
-87.69 88.03 104.26 -0.92 0.54 0.64 11378.00
-84.23 90.38 104.87 -0.78 0.49 0.56 11409.00
-81.79 91.58 104.15 -0.63 0.39 0.71 11439.00
-79.37 92.59 102.25 -0.36 0.31 0.65 11469.00
-78.48 94.65 99.35 -0.11 0.25 0.52 11500.00
-79.49 97.69 95.33 -0.13 0.03 0.48 11531.00
-80.05 99.68 90.77 0.02 -0.13 0.38 11561.00
-81.10 104.28 85.94 0.14 -0.31 0.20 11592.00
-80.24 109.80 82.34 -0.05 -0.47 0.09 11623.00
-76.99 113.92 80.64 -0.21 -0.45 -0.02 11654.00
-73.00 117.21 79.89 -0.24 -0.31 -0.21 11684.00
-69.12 120.52 79.93 -0.35 -0.28 -0.39 11715.00
-65.11 123.70 80.13 -0.54 -0.26 -0.69 11746.00
-62.08 125.92 79.04 -0.74 -0.26 -0.97 11777.00
-60.97 126.89 77.37 -0.79 -0.44 -0.99 11807.00
-60.27 127.89 75.70 -0.66 -0.67 -1.04 11838.00
-58.58 129.54 74.31 -0.52 -0.96 -1.37 11869.00
-56.80 131.13 73.63 -0.45 -1.07 -1.64 11899.00
-56.65 131.97 73.43 -0.45 -1.08 -1.48 11930.00
-58.01 131.07 73.95 -0.49 -1.05 -1.25 11960.00
-60.27 128.84 75.25 -0.45 -0.97 -0.98 11991.00
-62.72 126.08 77.35 -0.46 -0.80 -0.64 12021.00
-65.11 122.93 79.88 -0.42 -0.58 -0.38 12052.00
-67.94 120.43 82.04 -0.38 -0.33 -0.28 12083.00
-71.96 118.41 83.85 -0.49 -0.25 -0.21 12113.00
-75.94 115.45 85.64 -0.55 -0.25 -0.01 12144.00
-78.31 112.08 87.79 -0.48 -0.19 0.08 12175.00
-79.64 109.11 90.56 -0.54 -0.07 0.05 12207.00
-81.14 104.72 92.96 -0.49 0.04 0.19 12237.00
-83.23 100.20 94.70 -0.39 0.11 0.32 12268.00
-85.93 97.71 96.04 -0.36 0.17 0.31 12299.00
-89.28 95.04 97.44 -0.47 0.19 0.43 12329.00
-91.72 91.92 98.42 -0.36 0.21 0.53 12360.00
-94.35 91.62 98.76 -0.43 0.28 0.42 12391.00
-96.74 90.69 98.98 -0.74 0.28 0.46 12422.00
-98.01 89.61 98.66 -0.78 0.31 0.49 12452.00
-98.52 88.63 97.67 -0.88 0.30 0.64 12483.00
-98.43 89.91 96.51 -1.01 0.26 0.61 12515.00
-98.02 91.26 96.11 -1.59 0.31 0.49 12546.00
-97.52 91.87 95.20 -1.57 0.52 0.42 12576.00
-98.76 93.36 92.56 -1.63 0.62 0.14 12607.00
-101.49 95.50 90.14 -1.76 0.42 0.02 12639.00
-102.28 96.13 88.79 -2.08 0.31 -0.01 12669.00
-101.84 95.00 89.21 -2.12 0.44 0.00 12700.00
-101.76 92.87 91.08 -1.97 0.44 0.25 12732.00
-101.07 90.80 94.11 -1.86 0.41 0.41 12763.00
-99.28 88.87 97.93 -1.71 0.46 0.47 12793.00
-97.48 87.84 101.03 -1.44 0.58 0.46 12824.00
-96.68 87.88 102.78 -1.36 0.61 0.40 12855.00
-96.03 87.56 104.21 -1.22 0.51 0.46 12887.00
-94.21 86.14 105.70 -0.96 0.40 0.76 12917.00
-90.72 85.29 106.07 -0.55 0.40 0.83 12948.00
-88.37 86.32 104.31 -0.29 0.46 0.77 12978.00
-88.63 88.82 100.96 -0.28 0.23 0.86 13008.00
-88.95 92.01 97.08 -0.25 0.00 0.75 13039.00
-89.45 96.08 92.99 -0.17 -0.16 0.56 13070.00
-89.41 101.28 89.40 -0.12 -0.32 0.34 13101.00
-88.93 107.40 87.19 -0.14 -0.33 0.14 13131.00
-86.98 113.26 86.17 -0.31 -0.35 -0.06 13162.00
-83.61 117.15 86.25 -0.31 -0.33 -0.17 13193.00
-79.35 120.35 86.63 -0.21 -0.26 -0.32 13223.00
-74.67 124.23 87.29 -0.21 -0.21 -0.56 13254.00
-71.00 128.49 87.59 -0.27 -0.18 -0.84 13285.00
-68.85 132.63 86.91 -0.43 -0.17 -1.11 13316.00
-67.88 135.51 85.92 -0.48 -0.24 -1.15 13346.00
-68.24 138.44 83.90 -0.38 -0.23 -1.49 13377.00
-70.35 141.16 81.80 -0.46 -0.43 -1.69 13408.00
-71.05 142.41 81.85 -0.45 -0.51 -1.47 13438.00
-69.79 142.55 82.07 -0.29 -0.33 -1.64 13469.00
-70.42 141.95 81.95 -0.19 -0.30 -1.59 13500.00
-72.88 140.42 82.06 -0.22 -0.40 -1.25 13531.00
-74.81 137.59 82.77 -0.21 -0.42 -0.97 13561.00
-76.04 134.07 84.17 -0.17 -0.33 -0.75 13592.00
-77.05 130.73 86.13 -0.19 -0.21 -0.59 13623.00
-78.74 127.24 88.10 -0.26 -0.10 -0.46 13654.00
-81.08 123.26 89.63 -0.26 -0.05 -0.35 13684.00
-83.70 119.57 90.92 -0.24 -0.03 -0.17 13715.00
-85.36 115.70 91.97 -0.27 0.05 -0.01 13746.00
-87.59 110.49 92.64 -0.23 0.10 0.08 13776.00
-90.84 103.38 93.18 -0.13 0.08 0.26 13807.00
-94.27 99.53 93.38 -0.06 0.12 0.35 13838.00
-98.57 96.57 92.25 -0.30 0.08 0.55 13869.00
-101.63 94.00 90.62 -0.56 -0.00 0.59 13899.00
-102.82 90.47 89.33 -0.87 -0.06 0.81 13930.00
-102.32 87.92 88.17 -1.02 0.04 0.82 13961.00
-103.17 88.03 86.58 -1.17 0.23 0.70 13992.00
-104.32 88.63 84.17 -1.38 0.15 1.11 14023.00
-105.93 92.72 81.06 -1.73 0.19 0.79 14054.00
-109.21 96.52 77.03 -2.06 0.02 -0.10 14085.00
-109.90 96.81 74.49 -2.13 0.01 0.18 14116.00
-110.13 96.30 72.41 -2.33 0.09 0.20 14147.00
-110.96 95.45 72.63 -2.46 0.11 0.25 14178.00
-110.54 94.25 75.55 -2.34 0.09 0.29 14210.00
-109.17 93.22 79.57 -2.08 0.24 0.26 14240.00
-108.33 92.53 83.44 -1.72 0.29 0.43 14272.00
-107.62 92.43 86.75 -1.65 0.28 0.37 14303.00
-106.77 92.44 89.85 -1.44 0.33 0.24 14333.00
-105.84 91.73 92.26 -1.27 0.38 0.34 14364.00
-104.15 90.41 94.39 -1.11 0.34 0.52 14396.00
-101.21 88.81 96.11 -0.72 0.33 0.71 14427.00
-98.19 89.08 96.46 -0.34 0.46 0.76 14457.00
-96.46 90.94 95.14 -0.23 0.42 0.80 14487.00
-95.74 93.92 91.99 -0.20 0.16 0.83 14518.00
-94.57 97.70 88.20 -0.21 -0.02 0.63 14548.00
-93.68 102.07 84.05 -0.17 -0.16 0.48 14579.00
-93.26 107.43 80.49 -0.19 -0.29 0.27 14610.00
-91.73 112.62 77.66 -0.25 -0.39 0.10 14641.00
-89.10 116.61 75.87 -0.27 -0.36 0.00 14671.00
-86.31 120.47 74.72 -0.22 -0.31 -0.13 14702.00
-83.31 124.43 73.99 -0.27 -0.32 -0.27 14733.00
-80.13 128.10 73.76 -0.33 -0.31 -0.42 14764.00
-77.08 131.28 73.59 -0.33 -0.26 -0.63 14794.00
-74.54 134.63 73.10 -0.40 -0.26 -0.86 14825.00
-72.14 137.30 72.61 -0.46 -0.29 -1.08 14856.00
-69.68 139.28 72.10 -0.47 -0.35 -1.36 14886.00
-66.69 140.47 72.17 -0.51 -0.76 -1.59 14917.00
-62.63 141.35 72.46 -0.46 -0.89 -1.67 14948.00
-62.38 141.47 71.03 -0.45 -0.82 -1.72 14979.00
-65.49 141.40 69.25 -0.40 -1.04 -1.52 15008.00
-68.53 140.38 68.96 -0.45 -1.17 -1.24 15039.00
-69.47 138.05 70.89 -0.46 -0.95 -0.96 15070.00
-69.70 135.20 73.61 -0.31 -0.63 -0.80 15100.00
-71.78 132.93 76.17 -0.26 -0.39 -0.68 15131.00
-75.83 130.91 77.88 -0.31 -0.26 -0.48 15162.00
-80.46 128.34 79.19 -0.32 -0.23 -0.37 15193.00
-84.32 125.38 80.49 -0.33 -0.21 -0.23 15223.00
-87.68 122.21 82.11 -0.25 -0.14 -0.08 15254.00
-90.07 119.45 83.85 -0.29 -0.05 -0.14 15285.00
-92.36 115.74 85.38 -0.37 -0.02 -0.03 15315.00
-95.53 107.97 87.02 -0.21 0.02 0.22 15347.00
-99.54 103.74 88.31 -0.14 0.05 0.42 15378.00
-103.64 101.69 88.63 -0.35 0.08 0.53 15408.00
-107.89 99.44 88.11 -0.57 0.07 0.61 15438.00
-111.15 97.81 87.48 -0.66 0.03 0.63 15469.00
-113.66 97.45 86.29 -0.89 0.07 0.63 15500.00
-115.52 96.67 84.72 -1.18 0.10 0.56 15532.00
-116.97 96.68 82.88 -1.11 0.15 0.49 15562.00
-116.42 95.58 80.12 -1.33 -0.23 1.66 15593.00
-112.87 99.01 79.85 -1.92 0.35 0.06 15624.00
-113.58 101.14 77.11 -1.12 0.62 -0.45 15654.00
-118.03 100.71 70.57 -1.81 0.29 -0.06 15686.00
-121.79 96.69 66.38 -1.78 -0.23 0.59 15717.00
-122.15 94.96 64.72 -2.24 -0.38 0.65 15748.00
-121.55 94.46 65.48 -2.12 -0.22 0.47 15779.00
-120.95 93.70 68.12 -2.28 -0.15 0.45 15810.00
-119.71 93.20 72.22 -2.07 -0.11 0.47 15841.00
-117.97 93.06 77.16 -1.98 -0.00 0.50 15873.00
-115.26 92.73 82.50 -1.83 0.13 0.48 15903.00
-111.61 92.76 87.51 -1.46 0.39 0.42 15934.00
-108.44 92.84 90.96 -1.12 0.57 0.42 15965.00
-106.02 92.11 93.28 -0.84 0.46 0.75 15996.00
-102.74 93.41 94.52 -0.54 0.41 0.70 16026.00
-98.59 94.43 94.20 -0.45 0.48 0.69 16057.00
-95.83 96.01 91.85 -0.12 0.36 0.68 16088.00
-94.83 100.09 87.75 -0.17 0.19 0.56 16118.00
-94.94 102.77 82.84 -0.15 -0.04 0.58 16149.00
-95.51 107.40 78.03 -0.13 -0.26 0.39 16180.00
-94.88 112.31 74.26 -0.21 -0.38 0.25 16210.00
-93.85 116.85 71.46 -0.25 -0.36 0.14 16241.00
-93.30 120.97 69.69 -0.17 -0.35 0.03 16272.00
-91.24 126.20 68.80 -0.16 -0.35 -0.12 16303.00
-88.15 131.00 68.64 -0.24 -0.30 -0.38 16333.00
-85.00 135.21 69.24 -0.32 -0.30 -0.57 16364.00
-80.92 138.48 70.36 -0.31 -0.26 -0.74 16395.00
-77.50 141.24 70.50 -0.30 -0.19 -1.03 16425.00
-75.59 143.66 69.58 -0.37 -0.31 -1.15 16456.00
-74.46 146.25 68.71 -0.32 -0.50 -1.25 16487.00
-72.48 149.38 68.10 -0.27 -0.64 -1.59 16518.00
-70.21 152.05 67.69 -0.24 -0.76 -1.94 16548.00
-69.85 153.32 67.12 -0.18 -0.80 -1.94 16579.00
-71.39 153.41 66.99 -0.19 -0.84 -1.71 16610.00
-74.18 146.40 71.46 -0.16 -0.53 -1.02 16702.00
-76.00 143.16 73.36 -0.19 -0.37 -0.86 16733.00
-88.85 123.16 81.93 -0.36 -0.11 -0.01 16886.00
-91.02 118.51 83.57 -0.40 -0.06 0.07 16917.00
-93.84 112.41 84.93 -0.46 -0.03 0.34 16948.00
-97.20 109.80 86.29 -0.43 0.02 0.28 16978.00
-100.45 105.90 87.29 -0.53 0.05 0.43 17010.00
-102.88 103.31 87.71 -0.50 0.11 0.42 17041.00
-105.93 101.66 88.06 -0.60 0.19 0.39 17072.00
-109.09 99.58 88.29 -0.69 0.17 0.53 17102.00
-111.10 98.10 88.09 -0.69 0.19 0.52 17133.00
-113.05 97.64 87.66 -0.79 0.23 0.47 17165.00
-114.52 96.99 87.40 -0.95 0.17 0.55 17196.00
-114.87 97.33 87.09 -0.93 0.19 0.39 17226.00
-115.51 97.93 86.45 -1.05 0.29 0.25 17258.00
-117.88 97.86 84.72 -1.20 0.31 0.40 17289.00
-119.71 98.06 82.68 -1.35 0.11 0.72 17319.00
-119.67 99.56 81.97 -1.85 0.28 0.31 17350.00
-119.63 99.05 81.03 -1.62 0.58 0.19 17382.00
-121.92 99.32 78.81 -1.47 0.57 0.30 17413.00
-124.92 99.86 77.18 -1.81 0.31 0.42 17443.00
-125.88 99.63 77.54 -1.82 0.13 0.44 17474.00
-124.94 99.55 79.74 -1.84 0.24 0.34 17506.00
-124.06 99.52 82.64 -1.61 0.33 0.32 17537.00
-123.28 99.47 86.08 -1.53 0.27 0.38 17568.00
-121.35 99.43 89.85 -1.51 0.30 0.37 17599.00
-118.46 99.10 93.48 -1.36 0.46 0.31 17630.00
-116.16 98.91 95.92 -1.20 0.62 0.34 17660.00
-114.76 99.12 97.03 -1.10 0.56 0.37 17691.00
-113.97 99.39 96.74 -0.92 0.46 0.55 17722.00
-113.47 101.43 96.08 -0.88 0.28 0.54 17754.00
-111.09 102.85 95.69 -0.76 0.22 0.54 17784.00
-108.55 105.06 94.55 -0.50 0.27 0.46 17815.00
-107.84 108.51 92.66 -0.47 0.21 0.42 17846.00
-107.03 111.05 90.66 -0.43 0.06 0.44 17876.00
-106.03 114.28 88.41 -0.35 -0.00 0.35 17907.00
-105.67 118.95 86.13 -0.41 -0.03 0.22 17938.00
-105.25 122.82 84.46 -0.47 -0.10 0.15 17969.00
-103.86 125.83 83.49 -0.40 -0.13 0.11 18000.00
-101.87 129.56 82.84 -0.32 -0.12 -0.07 18031.00
-99.51 132.86 82.43 -0.39 -0.10 -0.26 18062.00
-97.18 135.99 82.34 -0.47 -0.09 -0.40 18094.00
-94.95 138.51 82.41 -0.49 -0.10 -0.54 18124.00
-92.33 140.73 82.74 -0.48 -0.16 -0.66 18155.00
-89.06 142.89 83.61 -0.46 -0.19 -0.85 18185.00
-85.33 144.71 84.45 -0.49 -0.15 -1.05 18215.00
-82.35 146.57 84.36 -0.50 -0.17 -1.21 18246.00
-81.00 148.72 83.34 -0.48 -0.29 -1.26 18278.00
-81.49 151.39 82.09 -0.40 -0.42 -1.44 18309.00
-81.33 153.09 82.07 -0.33 -0.59 -1.56 18339.00
-79.80 154.91 82.72 -0.20 -0.40 -1.70 18370.00
-80.58 155.15 82.72 -0.12 -0.29 -1.57 18401.00
-83.03 154.84 82.91 -0.10 -0.40 -1.31 18432.00
-84.09 153.50 83.83 -0.14 -0.37 -1.14 18462.00
-84.41 151.08 85.33 -0.11 -0.23 -1.05 18493.00
-84.93 148.41 86.93 -0.13 -0.11 -0.91 18524.00
-102.58 116.03 90.15 -0.23 -0.13 0.17 18739.00
-105.96 110.45 91.53 -0.27 -0.11 0.28 18769.00
-108.94 105.09 93.06 -0.43 -0.07 0.42 18800.00
-110.78 99.14 94.91 -0.47 0.08 0.64 18831.00
-112.66 95.67 96.15 -0.47 0.30 0.57 18862.00
-116.08 93.59 96.29 -0.63 0.38 0.65 18892.00
-119.19 91.21 95.97 -0.75 0.25 0.70 18923.00
-120.27 90.65 96.19 -0.66 0.34 0.61 18954.00
-121.92 90.45 95.32 -0.98 0.25 0.81 18984.00
-120.24 91.29 94.85 -0.81 0.27 0.52 19015.00
-121.11 94.25 92.78 -1.11 0.48 0.32 19046.00
-123.64 95.16 89.80 -1.60 0.36 0.33 19078.00
-124.65 95.31 87.09 -1.34 0.34 0.54 19108.00
-126.35 95.70 82.78 -1.52 0.39 0.73 19139.00
-129.77 96.08 78.73 -1.80 0.01 1.36 19170.00
-133.47 97.80 75.89 -2.30 -0.16 0.51 19202.00
-133.73 97.06 75.45 -1.77 -0.27 0.61 19232.00
-132.52 97.11 77.64 -1.76 -0.02 0.44 19263.00
-130.78 96.26 81.80 -1.90 0.15 0.47 19294.00
-128.97 95.68 86.55 -1.68 0.25 0.58 19325.00
-126.94 95.77 91.52 -1.73 0.40 0.54 19356.00
-124.38 95.04 96.62 -1.62 0.46 0.55 19387.00
-121.55 94.56 101.01 -1.26 0.47 0.52 19419.00
-119.57 94.85 103.52 -1.11 0.50 0.44 19449.00
-118.91 95.34 104.77 -0.94 0.46 0.48 19480.00
-118.03 95.73 105.79 -0.82 0.30 0.75 19511.00
-114.77 96.99 106.91 -0.66 0.32 0.64 19542.00
-110.89 98.91 106.96 -0.35 0.46 0.52 19572.00
-109.42 102.28 104.97 -0.24 0.47 0.51 19603.00
-109.35 106.08 101.97 -0.20 0.27 0.44 19634.00
-109.67 110.67 98.38 -0.15 0.12 0.37 19664.00
-109.85 115.88 94.81 -0.24 0.07 0.29 19695.00
-110.59 120.29 91.61 -0.20 -0.02 0.22 19726.00
-110.71 126.57 89.12 -0.23 -0.13 0.06 19757.00
-109.49 131.10 87.78 -0.34 -0.17 -0.02 19787.00
-107.36 135.24 87.08 -0.26 -0.09 -0.15 19818.00
-105.37 139.22 86.94 -0.31 -0.05 -0.30 19849.00
-102.89 142.44 86.98 -0.38 -0.01 -0.42 19880.00
-100.51 145.26 87.14 -0.34 -0.02 -0.56 19911.00
-97.65 148.59 87.82 -0.40 -0.05 -0.81 19942.00
-93.51 150.59 89.07 -0.62 -0.08 -1.05 19972.00
-88.80 150.59 90.30 -0.56 -0.08 -1.00 20002.00
-84.23 151.09 91.26 -0.42 -0.24 -1.19 20033.00
-79.72 152.89 91.93 -0.30 -0.46 -1.66 20064.00
-77.01 155.06 91.54 -0.24 -0.47 -2.02 20094.00
-77.67 155.89 89.62 -0.14 -0.65 -1.96 20125.00
-79.71 156.01 88.51 -0.21 -0.89 -1.79 20156.00
-80.92 154.44 88.98 -0.20 -0.82 -1.56 20187.00
-81.75 151.88 90.47 -0.20 -0.63 -1.32 20217.00
-83.09 148.89 92.44 -0.21 -0.42 -1.09 20248.00
-85.46 145.77 94.02 -0.25 -0.27 -0.85 20279.00
-88.90 142.36 95.12 -0.29 -0.20 -0.65 20310.00
-92.79 139.02 95.82 -0.33 -0.16 -0.46 20340.00
-96.20 135.42 96.57 -0.42 -0.13 -0.35 20371.00
-97.96 131.03 97.66 -0.42 -0.05 -0.14 20402.00
-98.99 125.89 98.70 -0.33 0.06 -0.01 20433.00
-101.60 120.99 99.38 -0.28 0.10 0.08 20464.00
-105.50 115.75 99.74 -0.28 0.06 0.27 20495.00
-109.04 111.36 100.00 -0.21 0.01 0.33 20526.00
-112.91 108.55 100.23 -0.23 -0.01 0.40 20556.00
-116.84 105.11 100.25 -0.33 -0.01 0.53 20587.00
-119.92 101.30 100.00 -0.31 -0.04 0.78 20618.00
-121.89 100.47 99.51 -0.34 0.06 0.57 20648.00
-125.03 100.13 98.94 -0.60 0.15 0.46 20679.00
-128.07 97.09 98.27 -0.50 0.01 1.49 20710.00
-130.71 104.07 97.01 -0.93 0.03 0.69 20742.00
-131.68 108.26 96.39 -2.03 0.05 -0.26 20772.00
-129.85 107.85 95.80 -1.40 0.16 0.08 20803.00
-128.85 107.98 93.03 -1.47 0.46 0.07 20835.00
-130.35 107.76 90.09 -2.09 0.43 0.27 20866.00
-131.71 106.98 87.92 -2.07 0.26 0.31 20896.00
-132.78 105.91 87.26 -2.19 0.22 0.33 20928.00
-133.21 104.85 88.37 -2.12 0.17 0.42 20959.00
-132.24 103.98 91.52 -1.91 0.30 0.34 20990.00
-131.18 103.30 95.47 -1.66 0.43 0.35 21021.00
-130.35 103.06 99.28 -1.56 0.45 0.37 21052.00
-129.06 102.79 103.16 -1.51 0.44 0.36 21084.00
-127.18 102.61 106.40 -1.31 0.50 0.29 21114.00
-125.59 102.92 108.84 -1.31 0.65 0.21 21145.00
-124.97 102.47 110.07 -1.09 0.54 0.28 21177.00
-124.19 101.30 110.37 -0.79 0.40 0.54 21208.00
-122.43 100.80 110.12 -0.52 0.35 0.70 21238.00
-120.57 101.48 109.30 -0.44 0.35 0.79 21269.00
-118.74 103.23 107.66 -0.18 0.25 0.75 21300.00
-117.29 107.79 104.96 -0.11 0.22 0.55 21330.00
-116.96 113.61 101.57 -0.37 0.12 0.40 21361.00
-116.62 117.49 98.88 -0.45 -0.02 0.39 21392.00
-114.87 122.61 96.73 -0.37 -0.10 0.21 21423.00
-112.80 128.50 94.80 -0.43 -0.05 -0.01 21453.00
-111.34 132.72 93.00 -0.47 -0.09 -0.16 21485.00
-109.52 136.26 91.85 -0.46 -0.12 -0.25 21516.00
-107.60 139.43 91.10 -0.38 -0.12 -0.36 21547.00
-104.90 142.48 90.88 -0.37 -0.10 -0.52 21577.00
-101.42 145.41 91.53 -0.43 -0.05 -0.69 21608.00
-97.33 147.12 92.03 -0.45 0.02 -0.74 21639.00
-94.11 148.84 91.85 -0.46 -0.05 -0.82 21669.00
-90.52 150.23 91.71 -0.54 -0.24 -0.99 21700.00
-86.75 151.13 90.82 -0.47 -0.34 -1.16 21731.00
-85.17 151.74 88.42 -0.34 -0.64 -1.38 21762.00
-84.42 151.62 87.34 -0.35 -1.14 -1.49 21792.00
-81.46 151.79 89.40 -0.29 -1.12 -1.40 21823.00
-76.85 151.31 91.62 -0.26 -0.88 -1.58 21854.00
-76.51 150.10 92.68 -0.24 -0.58 -1.48 21884.00
-81.98 148.31 92.63 -0.31 -0.62 -1.13 21915.00
-100.85 132.10 101.27 -0.42 -0.13 -0.07 22069.00
-102.88 127.82 104.16 -0.41 -0.01 0.08 22099.00
-105.34 123.37 106.70 -0.32 0.11 0.16 22130.00
-109.26 120.23 108.71 -0.39 0.20 0.19 22162.00
-113.51 116.61 110.20 -0.31 0.23 0.31 22193.00
-118.06 114.11 111.12 -0.36 0.24 0.38 22223.00
-122.25 111.65 111.50 -0.36 0.22 0.49 22253.00
-125.20 108.89 111.76 -0.47 0.27 0.57 22284.00
-127.20 106.97 111.52 -0.36 0.33 0.62 22315.00
-129.22 107.25 110.84 -0.60 0.27 0.40 22346.00
-130.64 105.61 110.46 -0.65 0.32 0.66 22377.00
-131.42 107.58 108.60 -0.62 0.25 1.10 22408.00
-131.81 111.80 105.95 -1.59 0.25 -0.08 22438.00
-131.71 110.57 102.55 -0.96 0.26 0.34 22470.00
-133.56 112.76 96.96 -1.16 0.28 0.11 22501.00
-136.25 113.15 90.77 -1.69 0.10 0.15 22533.00
-139.55 114.46 85.04 -1.97 -0.14 0.07 22563.00
-142.39 115.63 80.47 -2.61 -0.41 -0.13 22594.00
-143.40 114.62 79.81 -2.46 -0.51 0.33 22626.00
-142.19 113.98 82.50 -2.27 -0.33 0.28 22657.00
-140.66 113.36 87.32 -1.95 -0.05 0.29 22688.00
-139.11 113.02 93.24 -2.01 0.09 0.26 22719.00
-136.58 112.45 99.71 -1.84 0.28 0.23 22750.00
-133.50 111.32 105.85 -1.64 0.48 0.25 22781.00
-129.82 108.52 110.84 -1.41 0.60 0.41 22812.00
-126.63 105.64 113.91 -1.04 0.61 0.74 22843.00
-122.74 105.10 116.13 -0.70 0.50 0.63 22874.00
-119.42 105.76 116.42 -0.55 0.51 0.58 22904.00
-116.85 106.75 114.86 -0.47 0.35 0.52 22935.00
-114.91 109.46 112.10 -0.33 0.22 0.45 22966.00
-113.74 112.43 108.52 -0.45 0.13 0.39 22996.00
-113.62 114.46 104.23 -0.36 0.00 0.44 23027.00
-113.93 118.69 99.62 -0.24 -0.14 0.28 23058.00
-113.58 124.49 95.55 -0.35 -0.25 0.12 23089.00
-112.68 128.37 92.37 -0.45 -0.34 0.11 23120.00
-111.14 132.55 90.33 -0.26 -0.30 -0.04 23151.00
-108.05 137.71 88.94 -0.31 -0.28 -0.20 23182.00
-104.91 141.38 87.81 -0.40 -0.24 -0.30 23213.00
-102.78 144.26 86.80 -0.28 -0.23 -0.35 23243.00
-100.82 148.10 85.85 -0.28 -0.22 -0.50 23274.00
-99.67 151.71 85.02 -0.28 -0.24 -0.67 23305.00
-98.25 155.20 84.44 -0.27 -0.29 -0.88 23335.00
-95.98 158.29 84.17 -0.28 -0.32 -1.28 23366.00
-92.61 159.87 83.90 -0.29 -0.49 -1.48 23397.00
-90.92 159.99 83.48 -0.21 -0.66 -1.51 23428.00
-90.41 159.67 83.42 -0.10 -0.75 -1.52 23458.00
-90.31 159.77 83.58 -0.10 -0.76 -1.62 23488.00
-92.81 156.45 84.71 -0.30 -0.73 -1.31 23549.00
-99.49 146.89 90.39 -0.37 -0.51 -0.71 23642.00
-100.66 143.42 93.52 -0.37 -0.34 -0.61 23672.00
-102.13 139.48 96.69 -0.32 -0.17 -0.53 23703.00
-104.87 135.64 99.65 -0.32 -0.13 -0.33 23734.00
-108.11 132.44 102.31 -0.34 -0.07 -0.14 23764.00
-111.65 127.80 104.62 -0.39 -0.02 0.04 23796.00
-114.65 121.74 107.02 -0.44 0.07 0.11 23827.00
-117.91 113.71 109.79 -0.26 0.13 0.44 23858.00
-121.61 110.48 111.88 -0.15 0.24 0.47 23888.00
-125.50 107.73 113.49 -0.27 0.27 0.46 23919.00
-129.94 104.75 114.16 -0.33 0.23 0.61 23950.00
-133.66 102.01 114.20 -0.29 0.21 0.73 23981.00
-136.45 101.00 114.50 -0.45 0.14 0.79 24011.00
-137.36 99.70 115.21 -0.49 0.17 0.80 24043.00
-137.58 99.94 115.93 -0.58 0.11 0.84 24073.00
-134.90 101.56 117.76 -0.72 0.23 0.51 24103.00
-132.85 103.85 118.53 -0.72 0.39 0.59 24135.00
-132.67 107.59 118.21 -1.08 0.51 0.12 24166.00
-135.21 108.74 115.17 -1.18 0.76 0.44 24197.00
-141.04 109.77 109.66 -1.78 0.49 0.90 24227.00
-142.23 110.15 106.05 -1.69 0.36 0.20 24259.00
-143.67 109.81 102.12 -1.48 0.54 0.33 24290.00
-145.53 109.41 98.49 -1.91 0.45 0.51 24322.00
-146.12 108.27 96.53 -2.00 0.46 0.52 24352.00
-147.11 107.20 95.85 -1.97 0.30 0.62 24383.00
-146.94 106.76 97.37 -1.89 0.18 0.53 24415.00
-145.94 106.34 100.41 -1.80 0.21 0.57 24445.00
-144.02 105.83 104.77 -1.77 0.28 0.63 24476.00
-140.79 104.73 110.09 -1.75 0.46 0.64 24508.00
-137.26 102.52 114.33 -1.51 0.67 0.72 24539.00
-135.43 101.39 115.46 -1.04 0.68 0.61 24569.00
-136.47 100.60 113.77 -0.73 0.57 0.97 24600.00
-138.28 103.42 111.51 -0.74 0.20 0.84 24631.00
-136.56 106.13 109.81 -0.60 0.08 0.75 24662.00
-133.69 109.47 107.45 -0.47 0.17 0.63 24692.00
-131.67 113.38 104.55 -0.25 0.09 0.58 24723.00
-130.58 118.04 100.96 -0.08 0.05 0.35 24754.00
-131.54 123.00 96.33 0.05 -0.10 0.27 24784.00
-132.89 130.36 91.66 -0.03 -0.30 0.10 24816.00
-132.60 135.93 88.78 -0.18 -0.37 0.06 24847.00
-131.06 140.81 87.48 -0.19 -0.39 -0.03 24878.00
-127.46 145.94 87.27 -0.26 -0.31 -0.19 24908.00
-123.86 150.08 87.67 -0.31 -0.13 -0.33 24939.00
-121.76 153.96 87.87 -0.36 -0.05 -0.43 24970.00
-120.30 157.98 87.91 -0.46 -0.02 -0.55 25000.00
-118.81 161.15 87.39 -0.46 -0.00 -0.70 25031.00
-118.07 163.83 86.08 -0.35 -0.10 -0.77 25062.00
-117.84 167.47 84.75 -0.33 -0.27 -0.98 25093.00
-116.61 170.56 84.48 -0.30 -0.55 -1.37 25123.00
-113.30 172.82 84.84 -0.20 -0.64 -1.66 25154.00
-112.28 173.35 84.33 -0.08 -0.58 -1.79 25185.00
-113.17 173.78 84.40 -0.10 -0.78 -1.69 25216.00
-112.90 172.46 85.55 -0.21 -0.81 -1.48 25246.00
-112.25 169.80 87.04 -0.14 -0.65 -1.46 25277.00
-113.49 166.69 88.72 -0.16 -0.55 -1.12 25308.00
-115.75 163.24 90.29 -0.20 -0.49 -0.89 25338.00
-118.11 159.32 92.11 -0.25 -0.42 -0.67 25369.00
-120.00 155.23 94.41 -0.31 -0.33 -0.51 25400.00
-121.44 150.82 97.21 -0.36 -0.25 -0.37 25431.00
-122.63 146.35 100.12 -0.36 -0.16 -0.19 25461.00
-124.37 141.72 103.29 -0.36 -0.15 -0.07 25492.00
-126.20 135.94 107.07 -0.37 -0.17 0.10 25524.00
-126.70 130.42 111.21 -0.28 -0.14 0.22 25554.00
-127.20 124.58 116.06 -0.21 0.02 0.43 25585.00
-128.90 121.34 120.98 -0.04 0.21 0.55 25616.00
-131.44 119.90 124.62 -0.09 0.38 0.58 25647.00
-135.23 119.57 126.03 -0.18 0.54 0.51 25677.00
-141.09 119.21 125.64 -0.38 0.46 0.57 25708.00
-145.86 118.78 124.92 -0.49 0.38 0.68 25739.00
-148.15 118.22 123.44 -0.67 0.40 0.56 25769.00
-150.76 117.58 121.43 -0.59 0.48 0.88 25800.00
-151.81 119.97 119.38 -1.04 0.30 1.25 25831.00
-151.18 122.99 118.02 -1.98 0.59 0.35 25862.00
-152.19 123.79 114.80 -1.20 0.63 0.28 25892.00
-155.33 127.06 109.27 -1.41 0.49 -0.07 25924.00
-158.54 127.90 104.12 -2.03 0.26 0.11 25955.00
-160.11 126.60 101.52 -2.06 0.03 0.53 25987.00
-159.77 126.97 102.19 -2.38 0.15 0.31 26017.00
-159.34 126.62 104.88 -2.15 0.29 0.35 26049.00
-158.09 125.93 109.27 -1.86 0.36 0.34 26080.00
-156.57 125.71 114.38 -1.64 0.52 0.26 26110.00
-154.86 125.38 119.54 -1.51 0.63 0.21 26142.00
-152.64 124.19 123.52 -1.42 0.72 0.22 26173.00
-150.44 122.10 126.07 -1.10 0.71 0.43 26204.00
-149.03 121.27 127.04 -0.78 0.61 0.58 26234.00
-147.49 122.14 127.19 -0.84 0.55 0.51 26265.00
-144.70 122.45 127.30 -0.78 0.52 0.60 26296.00
-141.05 123.29 126.98 -0.73 0.52 0.59 26327.00
-137.41 123.91 125.65 -0.53 0.53 0.64 26357.00
-134.94 126.14 122.72 -0.37 0.49 0.54 26388.00
-133.91 128.48 118.13 -0.25 0.29 0.45 26419.00
-134.50 130.83 112.58 -0.02 0.09 0.28 26449.00
-136.59 134.94 106.37 0.05 -0.10 0.24 26480.00
-137.76 140.75 101.05 -0.07 -0.29 0.04 26512.00
-136.00 145.64 97.54 -0.31 -0.32 -0.06 26543.00
-134.38 148.56 95.26 -0.46 -0.33 -0.07 26573.00
-131.82 151.72 94.33 -0.45 -0.30 -0.15 26604.00
-128.43 155.43 94.03 -0.56 -0.24 -0.37 26636.00
-125.06 158.20 93.98 -0.76 -0.22 -0.57 26667.00
-122.34 159.77 93.98 -0.75 -0.27 -0.61 26697.00
-119.24 161.14 94.78 -0.65 -0.34 -0.64 26728.00
-114.87 162.45 95.96 -0.57 -0.36 -0.77 26759.00
-111.23 164.26 96.52 -0.50 -0.36 -1.00 26789.00
-109.83 166.81 95.94 -0.55 -0.53 -1.30 26820.00
-109.75 168.45 95.27 -0.60 -0.76 -1.28 26851.00
-109.34 169.35 94.89 -0.41 -0.79 -1.36 26882.00
-109.21 169.74 94.75 -0.39 -0.79 -1.47 26912.00
-110.54 168.71 95.08 -0.32 -0.73 -1.25 26943.00
-112.49 166.60 96.14 -0.28 -0.72 -1.02 26974.00
-118.07 156.42 103.59 -0.21 -0.31 -0.39 27066.00
-121.19 153.01 106.48 -0.24 -0.22 -0.25 27097.00
-125.22 149.63 109.42 -0.25 -0.20 -0.11 27127.00
-128.79 146.48 112.35 -0.30 -0.19 0.02 27158.00
-130.84 141.62 114.98 -0.31 -0.09 0.09 27190.00
-132.54 135.50 116.98 -0.22 0.10 0.23 27220.00
-137.53 132.27 118.24 -0.23 0.19 0.26 27251.00
-143.55 129.22 118.68 -0.39 0.11 0.38 27282.00
-147.82 125.26 118.68 -0.51 0.14 0.47 27313.00
-151.86 122.22 118.87 -0.63 0.16 0.62 27343.00
-154.80 118.77 119.08 -0.77 0.15 0.84 27375.00
-155.47 117.17 119.55 -0.76 0.29 0.82 27406.00
-156.06 116.30 119.48 -1.04 0.46 0.78 27437.00
-157.30 115.04 117.69 -1.14 0.54 0.82 27467.00
-159.90 115.22 115.01 -1.30 0.14 1.25 27498.00
-159.02 116.69 113.99 -1.71 0.32 1.22 27530.00
-160.37 118.19 111.01 -1.94 0.56 0.55 27560.00
-161.91 116.19 108.48 -1.52 0.41 0.88 27591.00
-163.86 115.76 106.45 -1.58 0.25 0.77 27623.00
-165.19 115.60 105.97 -1.75 0.08 0.78 27654.00
-163.52 113.90 108.50 -2.23 0.06 0.98 27684.00
-159.86 111.28 112.91 -2.06 0.43 1.10 27716.00
-155.76 109.26 117.16 -1.57 0.64 1.16 27747.00
-152.23 109.26 120.97 -1.32 0.69 0.98 27778.00
-148.98 110.31 124.08 -1.27 0.62 0.74 27809.00
-145.41 110.70 125.92 -1.09 0.66 0.80 27840.00
-142.30 112.10 126.19 -0.80 0.58 0.70 27871.00
-139.84 114.28 124.94 -0.54 0.51 0.65 27901.00
-138.22 116.84 121.80 -0.34 0.37 0.66 27932.00
-136.88 120.59 117.55 -0.09 0.24 0.52 27963.00
-136.45 125.25 112.56 -0.11 0.17 0.47 27994.00
-136.67 129.02 107.28 0.04 0.02 0.43 28024.00
-137.54 135.01 102.21 0.09 -0.13 0.27 28055.00
-137.97 141.81 98.00 -0.08 -0.24 0.15 28086.00
-137.63 147.07 94.87 -0.15 -0.32 0.04 28116.00
-135.56 152.84 92.63 -0.25 -0.37 -0.04 28147.00
-132.52 157.82 91.65 -0.30 -0.24 -0.22 28178.00
-129.89 162.14 91.01 -0.39 -0.20 -0.30 28210.00
-127.12 165.45 90.75 -0.40 -0.17 -0.34 28240.00
-124.56 168.98 90.31 -0.39 -0.13 -0.54 28271.00
-122.51 172.74 89.33 -0.50 -0.24 -0.72 28302.00
-120.18 174.96 88.69 -0.63 -0.37 -0.83 28333.00
-118.08 175.97 88.11 -0.46 -0.43 -0.93 28363.00
-116.23 176.91 87.52 -0.39 -0.61 -1.15 28394.00
-113.77 178.12 87.68 -0.30 -0.86 -1.41 28425.00
-110.72 179.95 88.40 -0.33 -0.96 -1.71 28455.00
-109.80 180.04 88.05 -0.39 -0.92 -1.65 28486.00
-112.31 178.87 87.29 -0.22 -1.04 -1.47 28517.00
-115.13 177.06 87.57 -0.19 -1.06 -1.17 28548.00
-117.06 174.40 89.11 -0.26 -0.90 -0.90 28578.00
-118.21 170.65 91.91 -0.23 -0.65 -0.71 28609.00
-119.86 166.78 94.74 -0.19 -0.42 -0.55 28640.00
-122.65 163.31 97.22 -0.21 -0.28 -0.33 28670.00
-125.97 160.31 99.57 -0.24 -0.18 -0.18 28701.00
-129.50 156.44 101.71 -0.33 -0.17 -0.15 28732.00
-132.70 152.25 103.77 -0.32 -0.17 -0.03 28763.00
-135.17 148.06 105.50 -0.29 -0.10 0.09 28794.00
-137.86 142.99 106.47 -0.32 -0.03 0.22 28825.00
-141.16 138.33 107.17 -0.40 0.03 0.33 28856.00
-145.48 133.95 107.71 -0.37 0.06 0.52 28887.00
-149.87 131.64 107.75 -0.57 -0.04 0.70 28917.00
-152.34 129.98 108.55 -0.66 0.01 0.59 28948.00
-154.78 128.56 109.25 -0.85 0.05 0.77 28980.00
-154.66 127.98 110.57 -1.02 0.03 0.68 29010.00
-153.23 128.76 112.88 -0.89 0.23 0.43 29041.00
-150.57 130.56 114.11 -0.82 0.49 0.97 29072.00
-149.76 135.00 113.81 -1.91 0.57 0.09 29104.00
-150.28 135.47 113.68 -1.45 0.63 -0.19 29134.00
-151.67 135.15 110.76 -1.39 0.68 0.13 29165.00
-152.65 134.98 107.93 -1.82 0.62 0.06 29197.00
-153.47 134.13 105.91 -1.91 0.70 0.12 29228.00
-154.68 133.35 105.28 -1.95 0.64 0.23 29259.00
-155.51 132.89 106.43 -1.88 0.55 0.22 29290.00
-155.36 132.22 109.31 -1.81 0.48 0.32 29322.00
-154.24 131.94 113.13 -1.70 0.58 0.25 29352.00
-152.57 131.46 117.50 -1.68 0.72 0.28 29383.00
-150.86 131.15 120.98 -1.57 0.94 0.20 29415.00
-150.73 130.77 121.10 -1.39 0.95 0.13 29446.00
-152.67 129.45 118.49 -1.07 0.69 0.20 29476.00
-156.82 126.15 114.58 -0.61 0.15 1.22 29507.00
-156.56 129.32 112.22 -0.47 -0.21 0.73 29538.00
-151.48 131.87 110.95 -0.41 0.04 0.68 29570.00
-149.84 136.19 109.02 -0.08 0.22 0.65 29600.00
-151.33 143.98 108.76 -0.30 0.03 0.69 29631.00
-149.41 149.07 108.30 -0.22 -0.21 0.56 29662.00
-144.33 155.69 105.78 -0.11 -0.26 0.15 29692.00
-141.12 160.41 102.64 -0.23 -0.13 -0.01 29723.00
-140.14 162.68 99.82 -0.24 -0.41 -0.01 29754.00
-135.92 166.34 98.23 -0.26 -0.48 -0.18 29786.00
-131.62 169.07 98.21 -0.39 -0.43 -0.40 29815.00
-127.03 171.33 99.40 -0.39 -0.49 -0.48 29846.00
-121.51 174.16 100.72 -0.34 -0.38 -0.68 29877.00
-118.10 177.29 100.97 -0.32 -0.25 -1.01 29907.00
-116.92 180.63 100.03 -0.43 -0.40 -1.17 29938.00
-116.09 182.27 98.91 -0.40 -0.60 -1.09 29969.00
-115.03 184.24 98.35 -0.29 -0.80 -1.29 30000.00
-113.32 186.20 98.72 -0.27 -0.96 -1.49 30030.00
-112.28 187.51 99.44 -0.26 -0.80 -1.59 30061.00
-113.10 187.67 99.69 -0.21 -0.73 -1.49 30092.00
-115.22 186.79 99.74 -0.25 -0.72 -1.31 30123.00
-117.61 184.56 100.26 -0.22 -0.71 -1.10 30154.00
-119.77 181.68 101.35 -0.21 -0.60 -0.91 30185.00
-121.87 178.23 102.86 -0.23 -0.49 -0.76 30216.00
-123.64 174.33 104.68 -0.24 -0.36 -0.63 30246.00
-125.75 169.60 106.58 -0.26 -0.23 -0.49 30277.00
-128.90 164.79 108.52 -0.27 -0.19 -0.30 30308.00
-132.76 160.75 110.14 -0.29 -0.12 -0.14 30339.00
-137.32 155.98 111.16 -0.43 -0.10 -0.05 30370.00
-141.76 149.00 111.97 -0.43 -0.13 0.27 30401.00
-145.10 144.03 113.21 -0.45 -0.08 0.41 30432.00
-146.89 140.01 114.48 -0.52 0.03 0.48 30462.00
-148.95 136.58 115.25 -0.49 0.21 0.50 30493.00
-153.13 134.90 115.49 -0.50 0.22 0.51 30524.00
-157.45 133.22 114.65 -0.54 0.09 0.62 30555.00
-160.35 132.40 113.24 -0.71 0.12 0.54 30585.00
-164.21 131.63 111.44 -0.76 0.05 0.59 30617.00
-166.38 131.43 110.48 -0.83 -0.07 0.50 30648.00
-168.09 131.96 109.01 -0.75 -0.00 0.45 30680.00
-169.81 132.43 107.43 -1.17 -0.12 0.60 30710.00
-169.37 133.01 106.41 -1.21 -0.12 0.41 30741.00
-169.50 134.39 104.24 -1.36 -0.03 0.53 30773.00
-170.90 135.30 101.41 -1.90 -0.01 0.54 30803.00
-171.98 136.71 97.92 -1.62 0.04 0.08 30835.00
-174.45 136.83 93.03 -1.57 0.00 0.11 30866.00
-178.01 136.11 88.87 -1.96 -0.42 0.41 30898.00
-178.90 135.89 87.61 -2.00 -0.62 0.36 30928.00
-178.45 135.60 88.58 -2.04 -0.43 0.45 30959.00
-177.86 135.15 92.19 -2.08 -0.30 0.49 30991.00
-176.08 134.48 97.43 -1.85 -0.17 0.51 31022.00
-173.91 134.24 103.39 -1.97 0.03 0.47 31053.00
-171.01 133.42 109.53 -1.92 0.16 0.50 31084.00
-167.23 132.84 115.19 -1.48 0.30 0.39 31115.00
-163.80 131.47 119.08 -1.22 0.42 0.55 31147.00
-162.59 131.97 120.51 -0.93 0.38 0.60 31177.00
-162.34 133.91 120.98 -1.08 0.18 0.68 31208.00
-160.13 135.45 121.90 -0.88 0.07 0.60 31240.00
-156.66 137.33 122.20 -0.62 0.18 0.50 31270.00
-153.54 139.66 121.00 -0.32 0.30 0.35 31301.00
-153.05 141.83 117.67 -0.23 0.19 0.40 31332.00
-151.68 143.90 114.62 -0.25 0.02 0.48 31363.00
-148.09 146.39 111.90 -0.28 -0.01 0.40 31393.00
-144.51 149.66 108.76 -0.17 0.04 0.20 31424.00
-143.71 153.89 104.99 -0.13 -0.08 0.07 31455.00
-142.23 157.83 101.28 -0.21 -0.25 -0.07 31485.00
-140.62 161.78 98.07 -0.26 -0.39 -0.14 31516.00
-138.36 166.42 96.00 -0.30 -0.40 -0.27 31547.00
-135.59 170.48 94.71 -0.31 -0.33 -0.40 31578.00
-132.77 174.44 93.90 -0.28 -0.27 -0.58 31608.00
-130.19 178.52 92.83 -0.41 -0.35 -0.86 31639.00
-128.19 180.56 91.60 -0.42 -0.42 -0.95 31670.00
-127.83 182.31 89.90 -0.32 -0.62 -1.12 31700.00
-127.71 183.89 88.81 -0.37 -0.91 -1.28 31731.00
-126.34 184.82 89.28 -0.39 -0.99 -1.24 31762.00
-124.25 185.11 90.47 -0.32 -0.90 -1.40 31793.00
-123.45 185.37 91.96 -0.28 -0.80 -1.53 31823.00
-124.65 184.50 92.88 -0.30 -0.72 -1.33 31854.00
-126.95 182.61 93.50 -0.32 -0.74 -1.13 31885.00
-129.65 179.85 94.21 -0.32 -0.69 -0.88 31916.00
-132.30 176.93 95.48 -0.31 -0.58 -0.71 31946.00
-135.38 173.78 97.11 -0.38 -0.43 -0.61 31977.00
-139.30 169.46 98.70 -0.33 -0.35 -0.41 32008.00
-143.42 165.50 100.13 -0.25 -0.30 -0.20 32038.00
-146.90 161.81 101.31 -0.28 -0.27 -0.06 32069.00
-149.58 157.69 103.06 -0.30 -0.24 -0.04 32100.00
-152.13 152.97 105.42 -0.43 -0.22 0.08 32131.00
-153.83 146.32 107.95 -0.33 -0.14 0.34 32162.00
-155.03 142.16 110.27 -0.28 0.03 0.36 32193.00
-157.53 138.17 111.97 -0.33 0.24 0.45 32224.00
-162.64 135.76 111.92 -0.33 0.28 0.55 32254.00
-168.70 134.67 111.26 -0.60 0.08 0.60 32285.00
-172.84 131.65 110.73 -0.84 0.03 0.79 32316.00
-174.86 130.13 110.16 -0.80 -0.06 0.86 32347.00
-175.24 130.83 110.91 -0.96 0.12 0.55 32377.00
-175.73 129.15 111.64 -1.10 0.14 1.01 32409.00
-171.57 131.78 111.11 -0.62 0.41 0.68 32440.00
-174.08 136.63 109.52 -1.96 0.64 0.14 32471.00
-178.26 136.08 106.52 -1.65 0.10 0.52 32502.00
-177.55 136.55 101.93 -1.69 0.21 0.12 32533.00
-178.69 135.03 97.93 -1.88 0.38 0.41 32565.00
-180.84 133.95 95.65 -1.93 0.02 0.58 32595.00
-180.74 132.88 95.46 -2.35 -0.06 0.50 32626.00
-179.92 131.22 97.48 -2.18 -0.01 0.68 32658.00
-178.01 130.64 101.49 -2.03 0.03 0.62 32689.00
-175.01 129.98 106.56 -2.02 0.22 0.63 32720.00
-170.92 128.35 112.00 -1.79 0.23 0.78 32751.00
-164.84 127.46 116.25 -1.25 0.31 0.64 32782.00
-160.04 127.68 118.61 -1.01 0.52 0.57 32814.00
-157.32 129.13 121.27 -0.86 0.35 0.69 32844.00
-152.43 130.98 123.42 -0.84 0.36 0.49 32875.00
-146.41 130.99 123.82 -0.57 0.52 0.40 32906.00
-142.98 131.05 121.59 -0.25 0.55 0.47 32937.00
-142.43 131.98 117.65 -0.12 0.42 0.48 32968.00
-143.37 133.98 112.93 0.01 0.20 0.45 32999.00
-144.52 139.06 107.74 -0.00 0.02 0.34 33030.00
-144.67 145.40 103.17 -0.31 -0.12 0.15 33060.00
-144.17 149.45 99.89 -0.42 -0.20 0.08 33091.00
-142.62 153.68 97.29 -0.34 -0.25 -0.02 33122.00
-139.98 158.28 95.13 -0.42 -0.21 -0.21 33153.00
-138.22 162.16 93.23 -0.49 -0.20 -0.33 33184.00
-136.05 165.40 91.62 -0.53 -0.21 -0.43 33215.00
-133.62 168.10 89.54 -0.47 -0.15 -0.49 33246.00
-132.31 170.94 86.89 -0.43 -0.18 -0.74 33276.00
-132.00 174.22 84.54 -0.54 -0.43 -0.88 33307.00
-130.96 176.21 83.44 -0.55 -0.62 -0.99 33338.00
-128.06 177.06 83.18 -0.38 -0.71 -1.14 33369.00
-125.03 178.03 83.30 -0.33 -0.73 -1.34 33399.00
-123.62 178.65 83.69 -0.31 -0.66 -1.32 33430.00
-124.11 178.88 83.52 -0.29 -0.63 -1.33 33461.00
-125.90 178.57 83.27 -0.31 -0.67 -1.27 33491.00
-127.87 177.41 83.49 -0.33 -0.67 -1.11 33522.00
-129.62 175.26 84.42 -0.30 -0.61 -0.98 33553.00
-131.43 172.66 85.90 -0.27 -0.50 -0.85 33584.00
-133.70 169.68 87.64 -0.30 -0.42 -0.72 33614.00
-136.39 165.80 89.90 -0.31 -0.37 -0.54 33645.00
-138.97 161.68 92.58 -0.28 -0.32 -0.28 33676.00
-141.21 157.14 95.50 -0.28 -0.25 -0.05 33707.00
-142.23 153.80 98.51 -0.19 -0.13 -0.03 33737.00
-143.94 149.96 101.29 -0.32 0.01 0.02 33769.00
-148.06 144.47 102.69 -0.33 0.14 0.08 33800.00
-155.61 140.43 102.80 -0.18 0.07 0.27 33830.00
-163.16 136.78 101.97 -0.50 -0.06 0.51 33862.00
-168.36 133.73 101.11 -0.51 -0.07 0.54 33893.00
-172.65 132.13 99.47 -0.74 -0.07 0.69 33924.00
-175.10 131.04 98.17 -0.94 -0.05 0.58 33954.00
-177.42 131.13 96.84 -1.04 -0.12 0.60 33985.00
-177.06 130.71 96.23 -1.23 -0.10 0.42 34017.00
-176.75 131.22 94.91 -0.86 -0.19 1.31 34048.00
-175.08 135.55 94.16 -2.43 -0.05 0.25 34078.00
-172.62 133.94 94.04 -1.83 0.32 0.12 34110.00
-173.45 134.02 91.34 -1.10 0.55 0.27 34141.00
-176.23 135.27 87.47 -1.96 0.29 0.11 34171.00
-178.27 133.44 85.37 -2.22 0.01 0.56 34203.00
-177.76 132.84 85.94 -2.46 -0.04 0.57 34234.00
-177.03 132.97 88.99 -2.52 0.22 0.45 34266.00
-175.90 132.97 93.95 -2.11 0.16 0.49 34296.00
-173.03 133.09 100.51 -1.84 0.33 0.33 34327.00
-170.08 132.31 106.97 -1.74 0.62 0.18 34359.00
-167.26 129.21 111.62 -1.28 0.63 0.46 34390.00
-163.61 125.95 114.32 -0.84 0.51 0.95 34420.00
-158.90 125.36 115.43 -0.63 0.56 0.70 34451.00
-155.64 126.07 113.62 -0.41 0.50 0.65 34482.00
-153.67 128.03 109.96 -0.39 0.33 0.50 34512.00
-153.66 130.46 105.15 -0.38 0.10 0.47 34543.00
-152.43 132.98 100.49 -0.55 -0.15 0.52 34574.00
-148.92 134.81 96.56 -0.51 -0.30 0.49 34605.00
-145.23 136.70 92.54 -0.25 -0.31 0.41 34635.00
-142.72 139.31 88.39 -0.15 -0.38 0.35 34666.00
-141.27 143.47 85.15 -0.12 -0.45 0.26 34697.00
-140.00 149.52 82.93 -0.16 -0.45 0.03 34728.00
-138.57 156.07 81.65 -0.24 -0.34 -0.22 34759.00
-138.16 162.17 81.25 -0.31 -0.22 -0.44 34790.00
-138.20 167.28 81.13 -0.42 -0.13 -0.61 34821.00
-138.18 170.79 80.91 -0.43 -0.04 -0.72 34851.00
-138.55 173.54 80.78 -0.45 -0.03 -0.80 34882.00
-139.40 175.71 80.05 -0.36 -0.06 -0.93 34913.00
-140.83 178.45 78.76 -0.40 -0.21 -1.19 34944.00
-141.60 180.29 78.02 -0.50 -0.44 -1.29 34974.00
-140.28 180.86 78.62 -0.33 -0.53 -1.34 35005.00
-137.65 181.52 80.03 -0.24 -0.48 -1.51 35036.00
-136.40 181.64 80.94 -0.18 -0.32 -1.59 35066.00
-138.32 181.28 80.66 -0.17 -0.29 -1.47 35097.00
-141.82 180.06 80.04 -0.22 -0.42 -1.27 35129.00
-144.66 177.76 80.06 -0.23 -0.43 -1.10 35160.00
-146.79 174.51 80.91 -0.21 -0.32 -0.89 35190.00
-148.61 170.47 82.21 -0.17 -0.21 -0.69 35221.00
-150.34 165.76 83.71 -0.17 -0.13 -0.51 35252.00
-152.70 160.70 85.42 -0.11 -0.11 -0.34 35282.00
-154.85 155.79 87.41 -0.07 -0.12 -0.14 35313.00
-153.45 149.99 89.19 -0.02 0.00 0.05 35344.00
-156.12 148.69 90.52 -0.16 0.10 -0.08 35375.00
-158.47 141.95 90.81 -0.26 0.21 0.19 35405.00
-165.04 138.72 89.82 -0.20 0.15 0.28 35436.00
-171.19 134.23 88.67 -0.40 0.02 0.46 35467.00
-176.97 130.09 86.24 -0.49 -0.10 0.68 35497.00
-181.43 127.39 84.39 -0.67 -0.18 0.66 35528.00
-185.13 125.32 82.73 -0.83 -0.18 0.83 35559.00
-185.62 124.22 81.49 -1.10 -0.26 0.76 35591.00
-183.72 123.02 80.22 -0.77 0.12 1.35 35621.00
-186.06 125.91 75.51 -1.61 0.13 1.83 35652.00
-189.54 129.49 71.66 -2.18 -0.21 0.11 35683.00
-189.59 128.89 68.14 -1.45 -0.15 0.32 35715.00
-191.66 129.67 63.05 -1.55 -0.23 0.15 35745.00
-194.99 128.56 58.03 -2.18 -0.54 0.53 35777.00
-196.23 128.16 56.02 -2.01 -0.88 0.43 35808.00
-195.29 128.56 57.33 -2.18 -0.68 0.37 35838.00
-193.69 128.25 61.13 -2.09 -0.43 0.41 35870.00
-191.90 127.90 66.27 -1.85 -0.27 0.47 35901.00
-189.56 127.73 71.83 -1.66 -0.10 0.41 35933.00
-187.65 127.83 76.13 -1.59 0.04 0.37 35963.00
-185.59 127.72 80.05 -1.61 0.13 0.39 35994.00
-183.06 126.63 83.29 -1.25 0.22 0.56 36026.00
-179.96 126.57 84.92 -0.82 0.23 0.78 36057.00
-177.29 129.41 85.62 -0.84 0.27 0.64 36087.00
-175.78 132.30 85.59 -0.76 0.14 0.66 36118.00
-173.39 135.19 85.42 -0.59 -0.01 0.68 36149.00
-169.98 139.13 85.25 -0.50 0.06 0.46 36179.00
-167.34 143.21 84.32 -0.62 0.07 0.38 36211.00
-165.61 144.04 82.96 -0.55 0.03 0.41 36242.00
-164.93 144.79 81.34 -0.20 -0.04 0.30 36273.00
-164.00 148.64 79.49 -0.13 -0.14 0.15 36303.00
-162.88 150.67 77.56 -0.28 -0.24 0.10 36334.00
-161.73 151.74 75.87 -0.15 -0.31 0.05 36365.00
-158.72 155.97 74.56 -0.15 -0.31 -0.16 36397.00
-155.99 160.07 74.00 -0.35 -0.32 -0.39 36427.00
-152.76 163.48 74.09 -0.57 -0.29 -0.64 36458.00
-149.30 166.01 74.30 -0.66 -0.23 -0.86 36489.00
-146.48 167.90 74.17 -0.73 -0.27 -0.95 36519.00
-144.71 170.77 73.96 -0.67 -0.32 -1.18 36550.00
-142.68 173.46 73.40 -0.68 -0.50 -1.49 36581.00
-141.86 175.35 72.41 -0.50 -0.58 -1.68 36612.00
-143.35 176.64 71.78 -0.40 -0.69 -1.49 36642.00
-147.97 173.19 77.59 -0.26 -0.07 -0.71 36765.00
-150.51 171.25 78.71 -0.29 -0.01 -0.66 36796.00
-153.88 168.71 79.63 -0.37 -0.06 -0.48 36827.00
-158.09 165.09 80.21 -0.30 -0.09 -0.25 36857.00
-162.52 161.71 80.44 -0.21 -0.16 -0.13 36888.00
-165.31 159.58 80.38 -0.27 -0.14 -0.17 36920.00
-169.01 156.30 80.05 -0.40 -0.18 -0.05 36951.00
-172.03 152.32 80.22 -0.42 -0.19 0.10 36981.00
-174.81 148.17 80.83 -0.47 -0.17 0.19 37013.00
-176.32 143.22 81.33 -0.56 -0.17 0.47 37044.00
-176.50 141.32 81.78 -0.57 0.01 0.28 37074.00
-179.12 139.44 82.22 -0.91 0.19 0.32 37106.00
-181.72 136.21 82.08 -1.00 0.08 0.64 37137.00
-181.52 135.74 81.38 -0.89 0.30 0.28 37168.00
-184.16 135.67 78.53 -1.37 0.53 0.26 37199.00
-186.98 132.33 75.83 -1.52 0.21 0.71 37230.00
-187.57 131.78 72.68 -1.24 0.19 0.44 37261.00
-189.91 129.57 69.12 -1.64 0.24 0.54 37293.00
-191.52 125.90 66.09 -1.23 -0.11 1.81 37323.00
-193.83 129.05 62.95 -1.77 -0.25 0.93 37354.00
-196.47 130.64 60.59 -1.79 -0.19 0.46 37386.00
-196.30 129.67 60.08 -1.78 -0.13 0.39 37416.00
-196.59 128.69 60.87 -1.73 -0.09 0.48 37447.00
-196.40 128.52 62.60 -1.83 -0.06 0.46 37479.00
-195.83 128.32 65.16 -1.89 -0.01 0.64 37510.00
-194.85 129.01 69.04 -2.06 0.05 0.56 37541.00
-193.09 129.04 73.91 -2.03 0.17 0.45 37572.00
-191.07 128.66 78.45 -1.71 0.30 0.47 37604.00
-189.25 127.75 81.85 -1.59 0.42 0.50 37635.00
-188.21 126.60 84.11 -1.25 0.32 0.76 37665.00
-186.93 126.97 85.07 -0.99 0.26 0.91 37697.00
-185.52 129.42 85.54 -0.77 0.19 0.75 37728.00
-183.45 132.98 85.78 -0.76 0.11 0.65 37758.00
-179.95 135.29 85.66 -0.61 0.07 0.64 37789.00
-176.67 138.98 84.94 -0.24 0.08 0.50 37820.00
-173.68 143.78 82.76 -0.31 0.08 0.40 37851.00
-172.38 148.05 79.63 -0.21 0.06 0.22 37881.00
-172.81 151.63 76.00 -0.24 -0.20 0.39 37912.00
-172.24 155.59 73.40 -0.16 -0.38 0.23 37943.00
-170.82 160.95 71.91 -0.08 -0.31 0.05 37974.00
-168.03 166.42 71.08 -0.17 -0.25 -0.10 38004.00
-165.92 170.85 70.82 -0.15 -0.20 -0.20 38035.00
-164.18 176.13 70.80 -0.18 -0.11 -0.37 38066.00
-163.13 181.35 71.20 -0.26 -0.01 -0.63 38096.00
-162.26 186.10 71.62 -0.37 0.04 -0.84 38127.00
-161.01 189.12 71.88 -0.40 -0.01 -0.99 38158.00
-159.25 190.89 72.41 -0.34 -0.16 -1.17 38189.00
-156.92 192.14 73.53 -0.19 -0.29 -1.30 38219.00
-154.39 193.86 74.36 -0.05 -0.31 -1.69 38251.00
-153.77 194.97 74.48 -0.10 -0.33 -1.80 38282.00
-154.23 194.86 74.37 -0.04 -0.40 -1.59 38312.00
-157.87 188.20 75.30 -0.08 -0.34 -1.03 38435.00
-159.21 184.60 76.46 -0.12 -0.27 -0.82 38466.00
-160.37 180.50 78.07 -0.13 -0.18 -0.69 38497.00
-161.94 175.99 79.68 -0.15 -0.12 -0.53 38529.00
-164.70 171.22 81.15 -0.18 -0.11 -0.39 38559.00
-167.97 166.43 82.97 -0.18 -0.15 -0.23 38590.00
-170.82 161.06 84.80 -0.20 -0.16 0.04 38621.00
-171.27 153.56 86.38 -0.02 -0.06 0.17 38651.00
-174.92 153.43 87.82 -0.29 0.04 0.05 38682.00
-177.93 144.35 89.09 -0.43 0.06 0.62 38713.00
-180.68 141.81 90.16 -0.16 0.10 0.42 38744.00
-184.55 139.64 90.60 -0.55 0.21 0.55 38774.00
-189.47 135.56 89.88 -0.62 0.04 0.88 38805.00
-192.27 134.46 89.65 -0.68 0.06 0.65 38836.00
-195.86 133.07 88.94 -0.92 0.24 0.71 38866.00
-198.82 131.54 87.42 -0.77 0.14 0.53 38898.00
-200.25 133.19 85.41 -0.50 0.24 0.53 38929.00
-202.85 134.83 82.24 -1.69 0.21 1.03 38960.00
-202.59 135.94 80.20 -1.74 0.08 0.49 38991.00
-203.87 136.41 75.79 -1.75 0.54 0.34 39022.00
-207.50 136.26 70.20 -1.94 0.22 0.69 39053.00
-209.16 136.37 66.10 -2.15 0.03 0.63 39085.00
-210.40 136.38 64.15 -2.45 0.03 0.57 39115.00
-210.84 135.61 64.63 -2.40 -0.15 0.66 39147.00
-209.25 135.59 67.65 -2.10 -0.12 0.54 39178.00
-207.63 135.97 71.30 -2.00 0.07 0.51 39208.00
-205.97 136.31 75.80 -2.08 0.11 0.47 39240.00
-203.22 135.49 80.35 -2.01 0.23 0.53 39271.00
-200.73 134.99 83.43 -1.41 0.36 0.49 39302.00
-199.94 135.34 84.30 -1.18 0.34 0.52 39333.00
-200.12 135.57 84.18 -0.92 0.15 0.83 39364.00
-199.04 137.66 83.55 -0.63 0.01 0.82 39395.00
-197.22 141.05 82.63 -0.46 -0.01 0.71 39426.00
-195.76 145.27 81.23 -0.43 -0.06 0.67 39456.00
-194.50 148.76 79.76 -0.24 -0.07 0.65 39487.00
-193.95 155.46 78.65 -0.11 -0.25 0.44 39518.00
-190.19 161.64 77.74 -0.34 -0.26 0.18 39548.00
-187.95 164.96 76.00 -0.24 -0.16 0.16 39579.00
-186.42 169.10 74.49 -0.24 -0.33 0.10 39610.00
-183.54 173.53 73.72 -0.29 -0.32 0.02 39641.00
-181.29 177.02 73.24 -0.21 -0.21 -0.13 39671.00
-179.10 181.39 72.99 -0.20 -0.23 -0.27 39702.00
-176.69 186.45 73.55 -0.30 -0.22 -0.52 39733.00
-173.11 190.29 74.81 -0.39 -0.18 -0.79 39763.00
-168.81 192.84 75.56 -0.35 -0.09 -0.96 39794.00
-165.95 195.11 74.99 -0.25 -0.11 -1.11 39825.00
-165.62 197.88 73.34 -0.18 -0.31 -1.30 39856.00
-165.90 200.12 71.63 -0.14 -0.66 -1.48 39886.00
-165.00 201.78 70.99 -0.19 -0.78 -1.53 39917.00
-164.14 202.00 71.41 -0.17 -0.74 -1.55 39948.00
-163.22 201.86 73.02 -0.11 -0.74 -1.65 39979.00
-162.88 200.67 74.72 -0.12 -0.62 -1.59 40010.00
-164.63 198.03 76.04 -0.19 -0.58 -1.32 40041.00
-167.49 194.02 77.64 -0.18 -0.61 -0.96 40072.00
-169.77 190.43 79.89 -0.19 -0.53 -0.71 40102.00
-171.24 186.85 82.67 -0.28 -0.33 -0.57 40133.00
-173.30 182.60 85.35 -0.31 -0.17 -0.48 40164.00
-176.01 178.45 87.95 -0.36 -0.09 -0.31 40195.00
-179.52 174.13 90.14 -0.36 -0.04 -0.15 40225.00
-183.22 169.17 92.05 -0.33 -0.03 0.10 40256.00
-186.68 163.95 93.95 -0.27 0.02 0.21 40287.00
-190.39 160.46 95.40 -0.36 0.07 0.22 40318.00
-194.45 155.69 96.36 -0.34 0.17 0.38 40349.00
-199.92 152.77 96.83 -0.33 0.16 0.44 40380.00
-203.97 149.23 97.00 -0.40 0.15 0.64 40411.00
-206.28 146.75 96.47 -0.44 0.22 0.69 40441.00
-209.02 145.69 95.72 -0.48 0.37 0.55 40472.00
-213.92 146.47 93.88 -0.54 0.26 0.52 40503.00
-216.86 147.03 91.83 -0.82 -0.03 0.40 40534.00
-217.03 145.79 90.75 -0.66 0.03 1.25 40564.00
-218.40 152.20 87.85 -1.35 0.26 0.43 40595.00
-221.63 153.79 84.42 -1.93 -0.10 -0.09 40627.00
-220.59 153.49 81.39 -1.44 -0.03 0.37 40657.00
-219.60 154.23 77.39 -1.90 0.25 0.01 40689.00
-222.45 152.61 73.49 -2.06 0.09 0.54 40720.00
-223.64 151.96 71.09 -2.29 -0.21 0.46 40751.00
-224.26 151.13 70.62 -2.42 -0.08 0.37 40782.00
-224.28 149.55 72.22 -2.19 -0.17 0.49 40813.00
-222.54 148.57 75.42 -1.98 0.02 0.46 40845.00
-220.50 146.88 79.59 -2.04 0.18 0.61 40876.00
-217.23 144.62 84.28 -1.74 0.23 0.74 40906.00
-212.23 142.29 88.29 -1.31 0.37 0.79 40938.00
-209.47 143.21 89.28 -0.86 0.43 0.69 40969.00
-209.55 146.08 89.36 -1.05 0.26 0.57 40999.00
-208.58 147.99 90.01 -0.94 0.03 0.62 41030.00
-204.70 149.59 90.88 -0.86 0.05 0.60 41062.00
-200.81 151.51 90.78 -0.46 0.21 0.48 41093.00
-198.75 155.38 88.98 -0.28 0.20 0.40 41123.00
-197.25 158.62 86.09 -0.29 0.15 0.37 41154.00
-197.08 161.84 82.39 -0.15 0.06 0.42 41185.00
-196.14 167.42 79.02 -0.24 -0.07 0.34 41216.00
-194.01 171.19 76.33 -0.22 -0.06 0.21 41246.00
-194.18 176.27 72.84 -0.17 -0.13 0.11 41277.00
-194.14 181.30 69.53 -0.22 -0.30 -0.03 41308.00
-193.04 186.32 67.47 -0.31 -0.42 -0.14 41338.00
-190.85 190.85 66.56 -0.33 -0.42 -0.36 41369.00
-187.99 195.06 66.38 -0.38 -0.44 -0.61 41400.00
-184.72 198.20 66.59 -0.38 -0.43 -0.84 41431.00
-182.25 201.28 66.02 -0.28 -0.35 -1.20 41461.00
-181.13 205.54 64.97 -0.31 -0.54 -1.74 41492.00
-180.09 208.46 64.13 -0.34 -0.69 -1.78 41523.00
-180.82 209.48 62.78 -0.26 -0.68 -1.70 41554.00
-182.39 209.20 61.92 -0.17 -0.84 -1.55 41585.00
-183.56 208.08 62.44 -0.18 -0.88 -1.29 41616.00
-183.71 205.75 64.35 -0.25 -0.72 -1.13 41647.00
-183.96 202.19 66.82 -0.20 -0.52 -0.92 41677.00
-185.06 198.46 69.61 -0.16 -0.34 -0.68 41708.00
-186.78 195.33 72.13 -0.23 -0.20 -0.51 41739.00
-188.66 191.90 74.23 -0.35 -0.14 -0.45 41769.00
-190.78 188.14 76.14 -0.42 -0.11 -0.36 41800.00
-192.98 183.98 78.25 -0.51 -0.08 -0.21 41832.00
-195.12 179.69 80.63 -0.52 -0.06 -0.03 41863.00
-195.98 174.82 82.78 -0.53 0.00 0.09 41893.00
-197.02 169.96 84.58 -0.54 0.14 0.16 41925.00
-200.60 167.20 86.02 -0.50 0.16 0.15 41956.00
-204.35 163.70 86.88 -0.56 0.07 0.33 41987.00
-206.52 160.69 87.66 -0.63 0.07 0.40 42018.00
-206.42 158.20 89.07 -0.65 0.21 0.37 42049.00
-206.55 156.12 90.33 -0.58 0.36 0.34 42080.00
-208.83 155.39 91.24 -0.60 0.34 0.35 42112.00
-210.49 154.43 91.88 -0.83 0.25 0.41 42142.00
-210.65 153.03 92.21 -0.70 0.31 0.33 42173.00
-212.28 153.07 92.05 -0.71 0.33 0.28 42205.00
-214.00 151.88 91.43 -1.03 0.25 0.45 42235.00
-214.33 150.57 90.40 -0.88 0.26 0.39 42266.00
-217.07 151.02 87.80 -0.87 0.31 0.31 42298.00
-220.37 151.11 85.14 -0.98 -0.05 1.31 42329.00
-221.66 154.63 82.85 -2.16 0.09 0.35 42359.00
-220.97 153.74 80.76 -1.59 0.30 0.41 42391.00
-222.78 155.59 77.88 -1.56 0.39 0.20 42422.00
-223.78 155.39 76.16 -1.96 0.34 0.43 42452.00
-224.11 155.05 75.38 -1.92 0.39 0.44 42484.00
-224.78 154.98 75.65 -1.90 0.33 0.43 42515.00
-225.00 154.75 77.59 -1.83 0.20 0.45 42547.00
-224.35 154.39 80.53 -1.72 0.19 0.44 42577.00
-222.89 154.17 84.27 -1.67 0.27 0.42 42608.00
-220.38 153.34 88.39 -1.70 0.41 0.45 42640.00
-217.86 152.53 91.28 -1.48 0.61 0.28 42671.00
-218.02 152.42 90.73 -1.16 0.58 0.23 42701.00
-220.00 151.30 89.15 -1.19 0.27 0.68 42733.00
-219.35 150.86 89.29 -0.89 -0.09 0.84 42764.00
-214.28 151.83 89.97 -0.77 0.06 0.77 42795.00
-209.87 152.77 89.42 -0.50 0.29 0.70 42825.00
-207.98 155.20 87.14 -0.07 0.30 0.69 42856.00
-209.05 159.55 82.60 0.01 0.22 0.47 42887.00
-213.06 165.82 77.00 0.06 -0.05 0.37 42917.00
-215.07 172.90 72.38 -0.17 -0.37 0.25 42948.00
-214.18 178.37 70.27 -0.27 -0.45 0.21 42979.00
-211.83 183.70 69.60 -0.20 -0.30 0.02 43010.00
-208.30 188.83 69.62 -0.26 -0.23 -0.10 43040.00
-204.45 193.00 69.80 -0.31 -0.19 -0.24 43072.00
-201.27 196.63 69.63 -0.38 -0.11 -0.34 43103.00
-199.83 199.76 69.08 -0.38 -0.11 -0.48 43133.00
-198.45 203.29 68.56 -0.43 -0.20 -0.67 43164.00
-195.80 206.06 68.39 -0.53 -0.33 -0.89 43195.00
-192.57 207.73 68.29 -0.46 -0.41 -1.05 43226.00
-190.25 209.55 67.81 -0.47 -0.62 -1.29 43256.00
-188.64 211.39 68.07 -0.53 -0.79 -1.43 43287.00
-186.78 212.04 68.44 -0.47 -0.81 -1.39 43318.00
-185.92 212.38 68.52 -0.36 -0.81 -1.47 43348.00
-187.01 212.50 68.63 -0.33 -0.86 -1.36 43380.00
-188.49 211.62 69.29 -0.38 -0.86 -1.20 43411.00
-189.83 209.73 70.65 -0.30 -0.73 -1.07 43442.00
-191.63 207.52 72.52 -0.26 -0.55 -0.89 43472.00
-193.77 204.74 74.51 -0.26 -0.38 -0.71 43503.00
-196.27 201.75 76.49 -0.29 -0.29 -0.59 43534.00
-198.57 198.52 78.71 -0.34 -0.22 -0.46 43565.00
-200.55 195.08 80.93 -0.43 -0.18 -0.34 43595.00
-202.67 190.99 83.62 -0.46 -0.18 -0.19 43626.00
-204.34 186.73 86.84 -0.45 -0.20 -0.02 43657.00
-204.64 182.74 90.89 -0.41 -0.19 0.05 43688.00
-203.20 178.57 95.40 -0.40 -0.02 0.12 43719.00
-202.37 173.19 99.48 -0.28 0.24 0.27 43750.00
-205.20 172.78 102.86 -0.21 0.38 0.14 43782.00
-209.70 171.23 104.64 -0.48 0.38 0.34 43812.00
-213.39 169.17 105.66 -0.39 0.37 0.40 43843.00
-217.00 168.29 106.10 -0.49 0.42 0.38 43873.00
-221.07 165.99 106.31 -0.69 0.44 0.62 43905.00
-224.40 165.48 105.97 -0.58 0.44 0.53 43935.00
-226.90 165.54 105.82 -0.80 0.43 0.57 43966.00
-227.01 164.41 105.56 -0.83 0.47 0.62 43997.00
-225.11 165.02 104.35 -0.60 0.57 0.36 44027.00
-225.58 166.43 102.06 -1.00 0.76 0.76 44058.00
-229.10 168.96 98.11 -1.77 0.57 0.34 44089.00
-231.57 168.11 93.84 -1.45 0.41 0.31 44121.00
-233.75 168.02 89.85 -1.42 0.34 0.19 44151.00
-236.16 167.23 85.97 -1.65 0.38 0.30 44183.00
-238.41 164.82 82.15 -1.78 0.24 0.69 44214.00
-239.92 163.91 80.14 -1.75 0.09 0.71 44244.00
-240.78 164.00 80.14 -2.00 0.11 0.58 44276.00
-241.28 164.50 81.79 -1.93 0.08 0.45 44307.00
-241.05 164.98 84.82 -1.85 0.07 0.40 44338.00
-239.55 164.52 88.86 -1.83 0.18 0.52 44369.00
-236.62 163.05 93.76 -1.61 0.42 0.61 44400.00
-234.29 162.07 98.11 -1.31 0.63 0.66 44431.00
-233.19 161.87 100.89 -1.39 0.57 0.86 44463.00
-232.37 162.69 102.21 -1.06 0.56 0.74 44493.00
-233.86 166.29 101.35 -0.94 0.42 0.62 44524.00
-234.03 169.95 100.59 -0.91 0.20 0.57 44555.00
-231.66 174.11 100.61 -0.67 0.09 0.46 44587.00
-227.07 177.35 100.17 -0.58 0.19 0.36 44617.00
-223.19 180.34 99.06 -0.30 0.24 0.30 44648.00
-220.88 183.32 96.77 -0.16 0.13 0.32 44679.00
-219.61 186.58 93.54 -0.16 -0.00 0.33 44709.00
-218.85 189.99 90.07 -0.15 -0.20 0.23 44740.00
-216.71 194.50 87.35 -0.25 -0.37 0.11 44771.00
-213.70 197.61 85.47 -0.42 -0.44 0.10 44802.00
-211.52 200.69 84.59 -0.30 -0.39 -0.02 44832.00
-208.79 205.66 84.28 -0.33 -0.34 -0.33 44863.00
-206.60 210.37 84.56 -0.53 -0.35 -0.68 44894.00
-204.12 213.00 85.90 -0.56 -0.30 -0.76 44924.00
-201.85 214.86 87.56 -0.41 -0.21 -0.85 44955.00
-199.57 217.16 89.09 -0.38 -0.22 -1.06 44986.00
-197.43 219.72 90.34 -0.39 -0.19 -1.31 45018.00
-196.53 221.39 90.74 -0.33 -0.18 -1.41 45048.00
-196.78 223.15 90.67 -0.31 -0.25 -1.41 45079.00
-197.31 223.74 90.59 -0.27 -0.31 -1.36 45110.00
-197.96 223.80 90.59 -0.22 -0.27 -1.29 45140.00
-199.45 223.08 90.65 -0.22 -0.24 -1.17 45171.00
-201.12 221.66 91.02 -0.28 -0.26 -1.02 45203.00
-202.61 219.32 91.93 -0.28 -0.19 -0.86 45234.00
-203.81 216.39 93.25 -0.30 -0.14 -0.72 45264.00
-205.23 212.90 94.74 -0.28 -0.07 -0.65 45295.00
-207.18 208.98 96.18 -0.30 -0.06 -0.54 45326.00
-209.49 204.63 97.77 -0.31 -0.03 -0.37 45357.00
-212.18 200.98 99.34 -0.37 -0.01 -0.24 45387.00
-214.48 196.59 100.89 -0.37 0.02 -0.04 45418.00
-216.62 191.36 102.16 -0.29 0.12 0.06 45450.00
-220.71 188.61 102.64 -0.44 0.17 0.01 45480.00
-225.22 183.23 102.81 -0.41 0.12 0.30 45512.00
-229.00 180.51 102.97 -0.42 0.14 0.26 45543.00
-233.19 176.88 102.65 -0.59 0.13 0.50 45574.00
-235.59 173.42 102.50 -0.59 0.13 0.62 45604.00
-238.22 172.37 102.45 -0.62 0.27 0.53 45636.00
-241.14 170.56 102.42 -0.91 0.14 0.77 45667.00
-241.48 170.20 102.32 -0.69 0.18 0.54 45698.00
-242.71 170.47 101.81 -1.17 0.29 0.56 45728.00
-243.80 169.06 100.96 -1.23 0.33 0.68 45760.00
-245.45 168.71 98.43 -1.06 0.28 1.19 45791.00
-246.56 172.99 96.06 -1.31 0.27 0.90 45821.00
-247.80 177.52 94.08 -1.98 0.35 0.14 45853.00
-247.57 176.33 90.85 -1.61 0.35 0.23 45884.00
-248.27 174.17 87.02 -1.47 0.37 0.55 45915.00
-249.26 173.16 84.49 -1.62 0.33 0.57 45946.00
-249.66 172.16 83.67 -1.76 0.31 0.57 45977.00
-249.84 171.45 84.44 -1.80 0.22 0.58 46009.00
-249.39 170.95 86.24 -1.70 0.18 0.52 46040.00
-248.95 170.80 88.44 -1.58 0.22 0.51 46070.00
-248.07 170.59 91.57 -1.58 0.21 0.55 46102.00
-245.47 169.66 95.74 -1.58 0.26 0.64 46133.00
-241.79 168.61 99.76 -1.32 0.40 0.62 46164.00
-239.24 168.42 102.02 -1.15 0.53 0.53 46195.00
-238.95 168.86 102.26 -0.94 0.52 0.70 46226.00
-239.63 171.37 102.00 -0.91 0.35 0.66 46257.00
-238.63 173.35 102.14 -0.87 0.16 0.79 46288.00
-234.57 175.15 102.17 -0.57 0.19 0.67 46319.00
-230.53 178.74 100.72 -0.34 0.33 0.42 46350.00
-229.23 182.32 97.62 -0.39 0.24 0.40 46381.00
-228.42 184.54 94.19 -0.22 -0.00 0.47 46411.00
-226.90 189.27 91.18 -0.19 -0.14 0.28 46442.00
-223.83 194.85 88.73 -0.26 -0.09 0.06 46473.00
-221.96 195.06 86.06 -0.17 -0.11 0.19 46503.00
-221.83 200.35 83.39 -0.06 -0.16 0.02 46534.00
-219.64 206.42 80.93 -0.31 -0.19 -0.20 46566.00
-218.54 210.81 78.96 -0.55 -0.21 -0.41 46597.00
-217.31 213.87 77.82 -0.64 -0.25 -0.37 46627.00
-215.44 216.72 77.10 -0.53 -0.22 -0.52 46658.00
-213.09 219.23 76.51 -0.53 -0.26 -0.71 46689.00
-210.73 221.90 75.69 -0.36 -0.20 -0.92 46721.00
-210.06 225.13 74.24 -0.18 -0.20 -1.38 46751.00
-211.63 229.21 71.97 -0.19 -0.43 -1.76 46782.00
-212.17 230.94 70.95 -0.38 -0.61 -1.52 46813.00
-211.02 230.17 70.63 -0.27 -0.59 -1.54 46843.00
-210.58 229.17 71.22 -0.23 -0.58 -1.38 46874.00
-210.87 227.30 72.15 -0.33 -0.52 -1.22 46905.00
-211.29 224.56 73.32 -0.35 -0.47 -1.01 46936.00
-212.12 221.56 74.62 -0.35 -0.39 -0.83 46966.00
-213.48 218.36 76.11 -0.39 -0.33 -0.67 46997.00
-215.01 214.88 77.87 -0.42 -0.27 -0.57 47028.00
-216.12 211.41 79.83 -0.44 -0.23 -0.46 47058.00
-216.89 207.46 82.23 -0.48 -0.17 -0.36 47090.00
-218.34 203.94 84.43 -0.49 -0.09 -0.27 47121.00
-220.65 200.43 86.31 -0.51 -0.07 -0.13 47152.00
-223.43 196.95 88.05 -0.55 -0.03 0.04 47183.00
-226.72 192.77 89.41 -0.54 -0.01 0.11 47214.00
-229.99 188.14 90.58 -0.54 -0.01 0.27 47246.00
-232.41 184.40 91.79 -0.51 0.03 0.34 47277.00
-234.51 180.74 92.73 -0.49 0.13 0.48 47307.00
-237.74 179.04 93.18 -0.35 0.22 0.45 47338.00
-241.24 178.46 92.62 -0.55 0.18 0.47 47369.00
-244.20 176.98 91.33 -0.62 0.10 0.43 47400.00
-245.85 175.68 90.55 -0.66 0.04 0.37 47431.00
-246.95 173.29 89.76 -0.61 0.17 0.58 47462.00
-247.48 176.25 88.73 -0.75 -0.25 0.84 47494.00
-248.06 178.43 88.70 -1.85 -0.02 0.02 47524.00
-245.01 175.44 88.03 -0.91 0.29 0.48 47555.00
-246.29 177.97 83.59 -1.16 0.39 0.08 47587.00
-250.55 178.91 78.34 -1.54 0.09 0.29 47618.00
-252.56 178.90 72.84 -1.94 -0.23 0.29 47648.00
-253.35 178.83 69.16 -2.19 -0.36 0.47 47680.00
-253.40 179.30 67.77 -2.12 -0.19 0.35 47711.00
-253.74 179.44 68.23 -2.38 -0.20 0.36 47742.00
-253.16 179.29 70.70 -2.23 -0.10 0.37 47773.00
-252.32 179.32 74.61 -1.97 0.02 0.35 47805.00
-250.95 179.49 79.13 -1.84 0.18 0.27 47836.00
-249.44 179.27 83.12 -1.47 0.32 0.22 47866.00
-248.55 179.52 86.12 -1.33 0.36 0.17 47898.00
-248.01 179.32 87.98 -1.33 0.34 0.20 47929.00
-247.16 178.18 89.09 -1.31 0.33 0.35 47961.00
-246.28 177.03 89.95 -1.28 0.23 0.54 47991.00
-244.17 175.55 90.16 -1.02 0.13 0.79 48022.00
-241.98 176.58 89.86 -1.01 0.09 0.82 48054.00
-240.44 178.24 89.61 -0.95 -0.00 0.87 48084.00
-238.15 181.24 89.03 -0.72 -0.06 0.70 48114.00
-235.18 184.67 87.38 -0.56 -0.00 0.60 48146.00
-233.12 187.44 84.78 -0.29 0.02 0.44 48176.00
-232.56 191.32 81.79 0.05 -0.01 0.16 48206.00
-232.19 199.31 78.06 -0.07 -0.14 0.04 48238.00
-232.35 202.70 74.42 -0.08 -0.22 -0.01 48269.00
-231.86 208.51 71.30 -0.14 -0.37 -0.12 48300.00
-231.71 214.11 69.20 -0.34 -0.45 -0.22 48331.00
-231.55 218.40 68.36 -0.38 -0.42 -0.31 48361.00
-231.03 222.83 68.42 -0.31 -0.32 -0.50 48392.00
-230.23 227.15 69.39 -0.40 -0.29 -0.80 48422.00
-227.78 229.53 71.48 -0.50 -0.24 -0.90 48453.00
-224.61 230.30 73.87 -0.49 -0.22 -1.12 48485.00
-220.85 230.44 76.51 -0.45 -0.23 -1.18 48516.00
-217.89 230.35 78.21 -0.36 -0.16 -1.23 48546.00
-217.04 230.52 78.17 -0.34 -0.23 -1.27 48577.00
-218.29 230.92 77.04 -0.40 -0.41 -1.28 48608.00
-219.72 230.61 76.05 -0.42 -0.57 -1.21 48638.00
-220.25 229.73 75.92 -0.39 -0.59 -1.18 48669.00
-220.86 228.22 76.56 -0.35 -0.47 -1.15 48700.00
-222.31 225.87 77.52 -0.34 -0.41 -0.94 48732.00
-223.96 223.25 78.63 -0.37 -0.34 -0.81 48762.00
-225.79 219.64 80.02 -0.37 -0.29 -0.63 48793.00
-227.50 215.89 81.71 -0.34 -0.22 -0.47 48824.00
-229.35 212.27 83.65 -0.38 -0.18 -0.40 48855.00
-230.70 208.25 85.70 -0.42 -0.13 -0.33 48885.00
-232.60 203.05 87.39 -0.39 -0.03 -0.19 48916.00
-235.35 197.58 89.19 -0.45 -0.02 -0.04 48948.00
-237.95 188.80 91.51 -0.41 0.02 0.32 48978.00
-240.66 182.77 93.26 -0.22 0.06 0.60 49009.00
-243.99 180.59 94.33 -0.41 0.09 0.55 49040.00
-247.37 178.26 95.04 -0.56 0.15 0.65 49071.00
-250.72 176.65 95.22 -0.58 0.11 0.68 49101.00
-252.59 174.99 95.32 -0.62 0.10 0.74 49132.00
-254.68 175.00 95.21 -0.57 0.18 0.56 49163.00
-256.73 175.71 94.79 -0.37 0.01 1.01 49193.00
-256.12 181.51 94.42 -0.88 0.11 0.54 49224.00
-258.64 183.80 91.50 -1.64 0.26 0.02 49256.00
-258.78 183.46 88.16 -0.78 0.09 0.52 49287.00
-259.88 186.37 83.25 -1.38 0.10 -0.01 49318.00
-262.08 186.22 77.92 -1.75 -0.06 0.29 49349.00
-263.86 186.67 72.36 -1.79 -0.34 0.19 49381.00
-265.15 186.86 67.65 -1.91 -0.40 0.14 49412.00
-266.71 185.52 64.82 -2.03 -0.57 0.39 49443.00
-267.06 184.72 65.11 -2.04 -0.63 0.43 49474.00
-266.20 184.06 68.25 -2.05 -0.41 0.48 49505.00
-264.26 183.63 73.82 -1.85 -0.15 0.42 49537.00
-262.32 183.52 79.39 -1.85 0.11 0.35 49567.00
-260.54 183.46 84.67 -1.73 0.29 0.33 49599.00
-259.27 184.21 89.11 -1.49 0.33 0.18 49630.00
-258.48 184.47 92.61 -1.54 0.35 0.14 49660.00
-257.59 183.53 95.35 -1.37 0.29 0.23 49692.00
-256.61 182.20 96.83 -1.20 0.31 0.27 49723.00
-256.58 180.63 96.56 -0.98 0.30 0.33 49755.00
-257.87 178.38 96.06 -0.86 0.18 0.56 49785.00
-257.76 176.23 95.97 -0.44 0.00 1.04 49816.00
-253.82 178.46 95.56 -0.44 0.05 0.89 49847.00
-249.40 180.48 94.13 -0.52 0.26 0.74 49878.00
-247.40 183.61 91.89 -0.23 0.25 0.66 49908.00
-246.49 187.79 88.47 -0.32 0.04 0.70 49939.00
-244.58 191.99 85.20 -0.30 -0.03 0.53 49970.00
-243.24 197.19 81.70 -0.26 -0.15 0.32 50000.00
-241.47 201.63 78.08 -0.26 -0.34 0.24 50031.00
-240.31 206.46 75.10 -0.22 -0.38 0.06 50063.00
-239.04 211.76 72.62 -0.20 -0.48 -0.11 50094.00
-237.59 216.72 71.06 -0.22 -0.44 -0.34 50124.00
-236.82 221.96 70.39 -0.24 -0.37 -0.54 50155.00
-235.81 226.30 70.58 -0.31 -0.32 -0.64 50186.00
-233.29 229.96 71.40 -0.37 -0.21 -0.80 50216.00
-229.46 232.53 72.42 -0.51 -0.19 -1.08 50247.00
-225.84 233.49 72.46 -0.46 -0.32 -1.24 50278.00
-223.98 234.89 71.67 -0.34 -0.43 -1.39 50310.00
-224.14 236.01 70.13 -0.30 -0.65 -1.43 50340.00
-224.70 237.11 68.63 -0.31 -0.87 -1.55 50371.00
-225.16 237.21 68.49 -0.33 -0.86 -1.49 50402.00
-225.90 235.92 69.11 -0.31 -0.81 -1.39 50433.00
-226.67 233.78 70.61 -0.30 -0.72 -1.18 50463.00
-227.55 230.42 72.75 -0.31 -0.57 -0.95 50494.00
-229.03 226.43 75.09 -0.25 -0.45 -0.74 50525.00
-230.80 222.82 77.67 -0.26 -0.37 -0.58 50555.00
-232.69 218.78 80.34 -0.32 -0.27 -0.43 50586.00
-234.98 213.69 83.24 -0.30 -0.26 -0.27 50617.00
-236.35 208.84 86.68 -0.32 -0.28 -0.05 50648.00
-236.70 203.21 90.54 -0.25 -0.19 0.08 50679.00
-236.84 198.53 94.41 -0.19 -0.10 0.16 50710.00
-238.32 194.95 97.91 -0.28 -0.01 0.25 50741.00
-240.54 189.86 100.05 -0.25 0.11 0.44 50771.00
-245.22 188.30 101.40 -0.23 0.19 0.37 50802.00
-252.54 185.85 101.94 -0.47 0.11 0.59 50834.00
-257.39 182.12 102.08 -0.49 -0.00 0.84 50865.00
-260.20 180.88 103.01 -0.56 0.16 0.74 50895.00
-263.01 178.92 104.30 -0.76 0.14 0.97 50926.00
-262.49 178.48 106.42 -0.54 0.17 0.74 50957.00
-261.36 181.58 107.54 -0.60 0.46 1.06 50988.00
-261.29 186.85 107.17 -1.86 0.72 0.93 51018.00
-262.96 187.74 105.84 -2.09 0.72 0.23 51050.00
-262.57 187.60 102.76 -0.87 0.70 0.50 51081.00
-265.86 190.80 98.19 -1.55 0.66 -0.02 51111.00
-269.17 190.55 95.31 -1.92 0.30 0.50 51142.00
-268.97 190.25 94.63 -1.81 0.26 0.40 51174.00
-268.57 190.27 96.07 -1.85 0.51 0.34 51205.00
-268.07 189.94 98.67 -1.69 0.47 0.40 51236.00
-266.70 189.81 101.91 -1.58 0.53 0.39 51267.00
-265.12 190.35 105.99 -1.69 0.59 0.39 51298.00
-261.12 190.17 111.52 -1.61 0.64 0.47 51330.00
-255.63 189.88 116.56 -1.27 0.99 0.18 51360.00
-252.65 189.74 118.20 -0.88 1.14 0.04 51391.00
-252.91 189.66 117.43 -0.85 0.66 0.65 51422.00
-251.27 191.04 117.48 -0.85 0.44 0.49 51453.00
-247.62 191.11 117.23 -0.70 0.46 0.56 51484.00
-244.34 191.92 116.08 -0.47 0.45 0.60 51515.00
-243.01 194.84 113.91 -0.33 0.34 0.64 51546.00
-241.96 200.17 111.65 -0.40 0.18 0.35 51576.00
-239.80 205.00 108.82 -0.54 0.06 0.17 51607.00
-235.47 206.55 105.74 -0.51 0.10 0.15 51638.00
-233.59 209.16 101.94 -0.35 0.08 0.14 51670.00
-233.34 211.28 97.94 -0.24 -0.06 0.09 51700.00
-232.72 214.78 93.74 -0.23 -0.19 -0.07 51731.00
-231.81 218.62 90.29 -0.36 -0.26 -0.20 51762.00
-230.57 221.80 88.20 -0.39 -0.26 -0.24 51793.00
-227.80 225.27 87.35 -0.25 -0.21 -0.42 51824.00
-224.76 230.69 87.02 -0.35 -0.17 -0.81 51855.00
-222.68 234.40 86.50 -0.63 -0.22 -1.17 51886.00
-221.49 234.65 85.78 -0.51 -0.29 -0.95 51916.00
-220.93 235.49 84.86 -0.37 -0.40 -1.03 51947.00
-219.99 235.53 84.33 -0.42 -0.53 -1.04 51978.00
-218.92 235.77 84.29 -0.39 -0.56 -1.07 52008.00
-218.10 236.17 84.51 -0.36 -0.56 -1.16 52039.00
-218.09 236.69 84.80 -0.26 -0.57 -1.29 52070.00
-218.98 236.96 85.05 -0.24 -0.53 -1.34 52101.00
-220.42 235.90 85.42 -0.28 -0.49 -1.21 52131.00
-222.35 233.32 86.22 -0.26 -0.47 -1.01 52162.00
-224.44 229.96 87.31 -0.27 -0.44 -0.80 52193.00
-227.09 225.88 88.87 -0.28 -0.38 -0.61 52224.00
-229.58 222.12 91.00 -0.28 -0.33 -0.50 52254.00
-231.70 217.75 93.42 -0.37 -0.24 -0.38 52285.00
-234.45 212.10 95.89 -0.32 -0.18 -0.20 52316.00
-237.23 208.01 98.24 -0.23 -0.14 0.06 52346.00
-239.94 203.98 100.63 -0.35 -0.09 0.12 52377.00
-242.90 199.28 103.13 -0.34 -0.00 0.20 52408.00
-246.81 195.33 105.02 -0.42 0.12 0.33 52440.00
-250.19 190.79 106.27 -0.48 0.26 0.51 52470.00
-254.60 188.51 107.00 -0.33 0.33 0.51 52501.00
-259.56 186.93 107.33 -0.66 0.23 0.62 52532.00
-261.68 184.20 108.86 -0.71 0.15 0.67 52562.00
-260.65 183.34 111.40 -0.16 0.38 1.12 52593.00
-260.28 189.51 112.41 -0.78 0.66 1.19 52624.00
-262.68 195.66 113.98 -1.73 0.87 -0.27 52656.00
-262.97 195.20 111.56 -1.13 0.88 -0.08 52686.00
-265.63 194.20 104.50 -1.21 0.71 0.45 52717.00
-268.67 195.64 97.24 -1.60 0.50 0.21 52748.00
-270.44 195.43 91.12 -1.85 0.36 0.33 52780.00
-271.81 194.90 87.01 -1.99 0.21 0.35 52810.00
-272.31 193.82 84.98 -2.08 0.14 0.45 52842.00
-271.95 192.92 85.72 -2.01 0.23 0.40 52873.00
-271.76 191.92 87.86 -1.80 0.24 0.43 52904.00
-270.71 191.07 90.78 -1.73 0.25 0.42 52935.00
-269.43 189.80 93.49 -1.63 0.39 0.40 52966.00
-270.11 188.62 94.73 -1.52 0.31 0.52 52998.00
-271.27 188.33 95.27 -1.33 0.04 0.47 53028.00
-270.45 188.52 95.05 -1.24 -0.01 0.45 53060.00
-269.40 189.34 93.39 -1.02 0.11 0.36 53091.00
-271.82 190.72 91.40 -0.97 0.04 0.49 53122.00
-273.32 191.65 90.67 -0.81 -0.29 0.67 53152.00
-270.78 194.51 91.40 -0.60 -0.24 0.56 53183.00
-267.67 197.07 92.07 -0.52 -0.08 0.52 53214.00
-264.87 200.51 92.50 -0.37 0.10 0.43 53244.00
-264.52 205.49 91.79 -0.32 0.12 0.42 53275.00
-263.61 211.84 90.67 -0.35 0.07 0.23 53306.00
-263.03 219.55 89.16 -0.43 0.02 0.03 53338.00
-261.61 223.81 88.12 -0.56 -0.07 0.05 53368.00
-259.52 228.15 87.46 -0.35 -0.07 -0.07 53399.00
-256.38 232.41 86.96 -0.41 -0.09 -0.29 53431.00
-252.71 235.58 86.54 -0.51 -0.13 -0.36 53462.00
-250.01 237.64 86.04 -0.37 -0.18 -0.40 53492.00
-247.21 240.90 85.68 -0.41 -0.36 -0.60 53523.00
-243.37 243.30 86.01 -0.39 -0.39 -0.81 53554.00
-240.66 246.01 85.14 -0.13 -0.34 -1.25 53584.00
-240.81 249.92 83.58 -0.13 -0.65 -1.78 53615.00
-240.60 251.83 84.52 -0.32 -0.75 -1.53 53646.00
-238.65 251.10 85.39 -0.23 -0.53 -1.61 53677.00
-239.05 249.44 85.70 -0.14 -0.44 -1.45 53707.00
-241.79 247.41 85.80 -0.22 -0.51 -1.09 53738.00
-243.83 244.41 86.35 -0.30 -0.53 -0.89 53769.00
-244.88 240.82 87.66 -0.33 -0.44 -0.77 53799.00
-245.74 236.53 89.65 -0.34 -0.33 -0.65 53830.00
-247.24 231.72 91.84 -0.37 -0.25 -0.46 53861.00
-249.38 227.06 94.17 -0.44 -0.25 -0.28 53892.00
-251.18 222.49 96.66 -0.54 -0.22 -0.09 53922.00
-252.18 217.17 99.70 -0.51 -0.15 0.03 53954.00
-252.72 211.95 102.43 -0.50 -0.04 0.13 53985.00
-253.94 206.42 104.72 -0.43 0.08 0.29 54017.00
-257.64 203.52 106.55 -0.38 0.16 0.25 54047.00
-262.08 200.03 107.97 -0.48 0.03 0.50 54078.00
-264.02 196.08 109.16 -0.43 0.06 0.55 54109.00
-265.87 194.13 110.20 -0.44 0.27 0.49 54139.00
-268.80 191.94 111.52 -0.48 0.35 0.52 54170.00
-271.09 189.76 111.80 -0.39 0.34 0.44 54201.00
-272.97 189.25 111.38 -0.08 0.32 1.33 54232.00
-273.80 196.31 111.80 -0.95 0.22 0.54 54262.00
-274.36 198.58 112.72 -1.34 0.21 0.31 54294.00
-272.97 199.29 112.06 -1.11 0.41 0.09 54325.00
-273.23 198.98 108.45 -1.17 0.60 0.30 54356.00
-276.22 200.13 103.03 -1.47 0.44 0.33 54387.00
-279.18 200.42 97.12 -1.81 0.16 0.41 54419.00
-280.58 200.27 92.75 -1.99 0.03 0.43 54450.00
-281.83 199.63 89.71 -2.29 0.05 0.48 54481.00
-282.78 198.61 88.57 -2.37 -0.08 0.59 54512.00
-282.29 197.72 90.24 -2.22 -0.06 0.53 54543.00
-280.79 196.36 94.00 -2.07 0.11 0.57 54575.00
-278.20 194.56 98.60 -1.89 0.25 0.63 54605.00
-274.87 192.86 103.24 -1.57 0.43 0.59 54636.00
-272.13 191.52 106.54 -1.39 0.50 0.56 54668.00
-270.42 190.52 108.13 -1.15 0.38 0.73 54699.00
-270.03 191.60 108.22 -0.97 0.29 0.68 54729.00
-270.22 193.63 107.44 -1.04 0.08 0.77 54761.00
-268.38 195.58 107.62 -0.88 -0.08 0.68 54792.00
-264.93 198.88 107.42 -0.57 0.01 0.50 54822.00
-261.60 201.80 106.01 -0.47 0.08 0.48 54853.00
-258.94 205.32 103.68 -0.24 0.08 0.36 54884.00
-258.04 209.65 100.09 -0.20 0.04 0.33 54915.00
-257.73 214.56 96.25 -0.17 -0.05 0.25 54945.00
-257.35 219.84 92.59 -0.23 -0.13 0.15 54976.00
-255.92 224.86 89.45 -0.33 -0.20 0.09 55007.00
-254.14 228.60 87.15 -0.33 -0.22 0.03 55038.00
-251.94 232.61 84.87 -0.32 -0.20 -0.06 55069.00
-250.41 236.23 82.77 -0.36 -0.25 -0.17 55100.00
-248.50 239.76 81.03 -0.39 -0.27 -0.22 55131.00
-246.89 242.85 79.28 -0.34 -0.26 -0.29 55161.00
-245.14 245.91 77.73 -0.35 -0.31 -0.40 55192.00
-242.61 248.39 76.61 -0.31 -0.37 -0.44 55223.00
-238.78 250.72 75.78 -0.30 -0.39 -0.54 55254.00
-235.46 252.20 74.28 -0.28 -0.46 -0.64 55284.00
-233.31 254.47 72.21 -0.27 -0.74 -0.79 55315.00
-231.37 257.16 70.76 -0.39 -1.03 -1.01 55346.00
-228.70 258.89 70.09 -0.45 -1.19 -1.18 55376.00
-225.80 260.18 69.84 -0.42 -1.34 -1.39 55407.00
-223.98 261.73 70.14 -0.39 -1.39 -1.53 55438.00
-224.26 262.70 70.31 -0.34 -1.40 -1.58 55469.00
-229.34 256.16 77.80 -0.22 -0.90 -0.85 55591.00
-231.48 253.49 80.06 -0.24 -0.72 -0.74 55622.00
-234.75 250.53 81.83 -0.23 -0.65 -0.64 55653.00
-238.29 246.99 83.82 -0.29 -0.62 -0.49 55684.00
-241.45 242.50 86.42 -0.25 -0.54 -0.24 55715.00
-243.60 238.33 89.42 -0.19 -0.43 -0.15 55746.00
-244.32 234.60 92.79 -0.29 -0.31 -0.10 55777.00
-245.56 230.40 96.49 -0.26 -0.17 0.01 55808.00
-247.28 226.50 100.04 -0.30 -0.13 0.09 55839.00
-248.87 221.50 103.06 -0.38 -0.07 0.22 55870.00
-251.04 216.27 105.65 -0.29 0.00 0.35 55901.00
-253.74 213.12 108.20 -0.28 0.09 0.43 55931.00
-257.93 210.58 110.33 -0.36 0.16 0.49 55962.00
-262.10 208.56 111.85 -0.38 0.06 0.62 55993.00
-264.56 206.44 113.30 -0.53 0.14 0.62 56024.00
-267.27 204.73 114.45 -0.45 0.25 0.68 56054.00
-269.71 204.35 115.09 -0.45 0.18 0.70 56085.00
-269.75 204.57 115.81 -0.48 0.27 0.43 56116.00
-271.42 206.62 115.52 -0.20 0.33 0.69 56146.00
-273.43 211.36 113.61 -1.11 0.20 0.51 56178.00
-274.77 213.52 112.13 -1.03 -0.01 -0.15 56209.00
-275.27 213.94 110.45 -1.05 0.01 0.25 56241.00
-276.01 215.01 107.15 -1.56 0.13 0.11 56271.00
-277.64 214.75 103.27 -1.97 0.13 0.26 56303.00
-279.67 214.36 99.37 -2.30 0.15 0.22 56334.00
-282.46 213.14 96.82 -2.41 0.04 0.41 56366.00
-283.78 210.98 96.87 -2.68 0.09 0.64 56396.00
-283.46 209.79 100.98 -2.37 0.15 0.56 56427.00
-280.66 208.52 107.50 -1.62 0.44 0.36 56459.00
-278.37 207.70 112.43 -1.26 0.76 0.39 56489.00
-277.79 207.87 115.66 -1.32 0.75 0.47 56520.00
-276.07 207.84 118.99 -1.37 0.61 0.48 56552.00
-272.75 207.60 122.22 -1.28 0.66 0.30 56583.00
-270.40 206.73 122.79 -1.21 0.76 0.35 56613.00
-269.72 205.15 121.52 -0.96 0.50 1.01 56644.00
-269.32 207.77 121.08 -0.99 0.22 0.81 56676.00
-266.21 209.76 120.68 -0.82 0.15 0.72 56707.00
-262.24 212.04 119.57 -0.67 0.25 0.56 56737.00
-259.30 214.65 117.30 -0.42 0.22 0.50 56768.00
-257.39 218.14 113.59 -0.43 0.05 0.46 56799.00
-255.35 222.14 109.37 -0.41 -0.04 0.27 56829.00
-254.27 225.97 104.40 -0.41 -0.13 0.18 56860.00
-254.26 228.67 99.26 -0.35 -0.34 0.12 56891.00
-254.00 231.58 94.91 -0.18 -0.50 0.09 56923.00
-253.21 235.27 91.95 0.02 -0.49 -0.06 56953.00
-251.96 242.33 89.60 -0.05 -0.47 -0.31 56985.00
-251.03 248.56 88.57 -0.27 -0.39 -0.52 57015.00
-249.65 253.42 88.48 -0.32 -0.28 -0.72 57046.00
-247.99 256.96 88.88 -0.36 -0.20 -0.86 57076.00
-246.25 259.43 89.22 -0.39 -0.23 -1.00 57108.00
-245.14 260.51 89.03 -0.32 -0.31 -1.14 57139.00
-245.09 261.61 88.97 -0.21 -0.46 -1.30 57169.00
-243.52 261.88 90.06 -0.24 -0.62 -1.37 57200.00
-241.34 260.99 91.60 -0.17 -0.47 -1.47 57231.00
-240.74 259.88 92.57 -0.14 -0.42 -1.50 57262.00
-242.16 258.17 92.90 -0.24 -0.44 -1.21 57292.00
-244.56 255.89 92.87 -0.26 -0.52 -1.05 57323.00
-247.00 253.53 93.20 -0.36 -0.50 -0.91 57354.00
-249.38 250.05 94.03 -0.42 -0.48 -0.69 57384.00
-251.26 245.93 95.51 -0.39 -0.42 -0.52 57415.00
-252.29 241.84 97.55 -0.37 -0.34 -0.40 57446.00
-252.80 238.05 99.88 -0.41 -0.22 -0.32 57477.00
-253.84 233.63 102.09 -0.49 -0.17 -0.17 57508.00
-255.35 229.62 104.15 -0.43 -0.14 -0.00 57539.00
-257.13 225.35 105.92 -0.54 -0.09 0.12 57570.00
-259.44 220.83 107.65 -0.52 -0.06 0.20 57602.00
-261.33 216.53 109.27 -0.51 -0.05 0.37 57632.00
-262.90 213.13 110.78 -0.47 0.08 0.38 57663.00
-266.21 210.26 112.22 -0.53 0.14 0.43 57695.00
-268.66 206.89 113.73 -0.55 0.08 0.65 57725.00
-269.82 204.29 115.12 -0.52 0.11 0.75 57756.00
-269.66 203.93 117.29 -0.66 0.20 0.62 57787.00
-269.27 202.59 119.50 -0.58 0.23 0.68 57818.00
-267.33 204.95 120.89 -0.22 0.54 1.50 57848.00
-270.88 214.22 118.98 -1.44 0.63 -0.46 57879.00
-271.58 214.05 115.48 -1.49 0.35 -0.40 57911.00
-273.51 209.96 110.72 -1.41 0.34 0.82 57942.00
-274.57 211.24 106.99 -1.65 0.29 0.16 57973.00
-274.07 209.76 103.26 -1.74 0.52 0.15 58004.00
-277.63 209.21 98.42 -1.61 0.26 0.29 58036.00
-280.23 207.92 95.13 -1.66 -0.17 0.37 58066.00
-280.22 206.91 94.50 -1.62 -0.22 0.34 58098.00
-280.03 206.37 95.27 -1.48 -0.06 0.31 58129.00
-279.50 205.69 96.78 -1.33 0.01 0.34 58160.00
-278.56 205.22 98.87 -1.19 0.11 0.31 58191.00
-278.00 205.20 100.85 -1.06 0.13 0.27 58222.00
-277.49 205.74 102.20 -1.00 0.14 0.24 58254.00
-277.28 206.33 102.78 -0.89 0.13 0.23 58285.00
-277.57 206.76 103.07 -0.83 0.04 0.27 58316.00
-277.23 207.76 103.34 -0.89 -0.02 0.18 58347.00
-277.01 208.44 103.38 -0.93 -0.01 0.15 58379.00
-277.41 208.58 103.27 -0.99 -0.05 0.21 58409.00
-277.30 208.74 103.35 -1.01 -0.06 0.22 58441.00
-277.27 209.06 103.57 -1.02 0.00 0.21 58472.00
-277.41 209.35 103.81 -1.08 0.04 0.22 58504.00
-277.52 209.44 104.07 -1.07 0.07 0.24 58534.00
-277.51 209.86 104.43 -1.07 0.10 0.22 58566.00
-277.35 210.18 104.85 -1.08 0.16 0.19 58597.00
-277.46 210.51 105.00 -0.97 0.20 0.16 58629.00
-277.98 210.70 104.83 -0.95 0.18 0.19 58659.00
-278.47 211.01 104.55 -0.95 0.13 0.19 58691.00
-278.82 211.26 104.25 -1.05 0.12 0.17 58722.00
-279.43 211.28 103.79 -1.06 0.10 0.19 58754.00
-280.07 211.30 103.33 -1.06 0.06 0.22 58784.00
-280.54 211.39 102.96 -1.06 0.04 0.22 58815.00
-280.86 211.59 102.72 -1.07 0.04 0.20 58847.00
-281.08 211.66 102.53 -1.07 0.06 0.20 58877.00
-281.32 211.78 102.36 -1.06 0.07 0.21 58909.00
-281.39 211.94 102.21 -1.07 0.07 0.21 58940.00
-281.40 212.07 102.12 -1.08 0.06 0.21 58972.00
-281.21 212.19 102.11 -1.07 0.06 0.20 59002.00
-281.07 212.33 102.05 -1.07 0.08 0.19 59034.00
-281.07 212.48 101.87 -1.07 0.08 0.19 59065.00
-281.11 212.63 101.66 -1.08 0.07 0.18 59096.00
-281.10 212.68 101.51 -1.08 0.06 0.18 59127.00
-280.95 212.58 101.34 -1.08 0.05 0.17 59158.00
-280.76 212.43 101.11 -1.07 0.01 0.15 59190.00
-280.64 212.39 101.17 -1.08 0.05 0.15 59222.00
-280.91 212.30 101.25 -1.09 0.05 0.19 59252.00
-281.19 212.15 101.21 -1.07 0.10 0.22 59284.00
-281.51 212.48 101.12 -1.07 0.06 0.18 59315.00
-281.57 212.68 101.12 -1.08 0.07 0.18 59346.00
-281.79 212.91 101.06 -1.09 0.07 0.18 59377.00
-281.89 213.22 100.98 -1.08 0.06 0.15 59409.00
-281.86 213.27 101.01 -1.06 0.06 0.15 59440.00
-282.07 213.36 101.07 -1.05 0.06 0.13 59471.00
-281.79 212.95 101.07 -1.05 0.09 0.17 59502.00
-282.47 212.68 100.84 -1.06 0.09 0.21 59534.00
-282.81 212.65 100.64 -1.08 0.07 0.21 59565.00
-283.33 212.57 100.41 -1.09 0.04 0.23 59596.00
-283.54 212.70 100.23 -1.08 0.07 0.18 59627.00
-283.91 213.14 100.08 -1.09 0.03 0.14 59659.00
-283.79 213.17 100.21 -1.07 0.06 0.16 59691.00
-283.94 213.12 100.31 -1.08 0.11 0.16 59721.00
-284.66 212.99 100.34 -1.08 0.12 0.19 59753.00
-285.61 213.06 100.53 -1.06 0.10 0.25 59784.00
