-26.02 6.92 47.94 -0.16 -0.39 0.43 
-17.69 20.11 78.39 -0.08 -1.10 1.35 
17.71 8.23 93.25 0.62 -0.40 0.37 
6.19 15.42 105.85 0.10 -0.63 0.65 
9.43 12.33 118.37 0.18 -0.64 0.63 
6.26 14.81 131.13 0.18 -0.68 0.65 
116.72 51.78 110.00 -0.31 -0.75 1.09 
37.27 27.81 126.94 0.05 -0.43 0.38 
-5.40 19.56 156.18 0.33 0.16 0.13 
-26.88 7.34 182.61 1.04 -0.79 0.73 
-5.33 21.75 181.63 0.36 -0.86 1.20 
12.47 16.45 192.17 0.13 -0.60 0.52 
8.37 13.43 205.03 0.33 -0.55 0.63 
7.94 14.22 217.55 0.25 -0.59 0.63 
16.36 10.76 235.44 -0.11 -0.95 1.17 
46.01 9.70 245.37 0.85 -0.32 0.76 
27.31 6.03 243.98 0.60 0.29 0.18 
-10.69 3.16 243.39 0.20 0.02 0.25 
-23.82 13.40 262.31 -0.22 -0.45 0.91 
7.98 12.69 293.64 0.45 -1.16 1.21 
10.92 12.64 309.33 0.37 -0.50 0.41 
6.17 9.95 321.49 0.24 -0.74 0.63 
8.54 16.27 -322.34 0.39 -0.59 0.55 
1.49 20.52 -317.05 0.72 -0.83 0.53 
62.63 67.15 -254.72 0.24 0.15 0.24 
-8.93 18.82 -229.70 0.50 0.33 0.48 
-20.99 11.41 -214.76 1.03 -0.49 1.40 
28.54 36.07 -180.07 0.39 -0.63 0.61 
7.72 14.02 -167.68 0.37 -0.58 0.63 
9.15 14.46 -155.99 0.39 -0.58 0.61 
16.25 18.48 -135.87 -0.27 -1.03 1.02 
46.94 15.23 -116.74 0.84 -0.52 0.86 
29.09 3.27 -120.12 0.30 0.28 0.25 
-4.10 3.81 -122.68 0.11 0.03 0.33 
-30.32 11.62 -103.42 -0.04 -0.50 0.81 
-12.24 8.43 -73.23 0.13 -1.38 1.00 
12.08 10.14 -54.76 0.42 -0.57 0.40 
7.64 13.88 -43.35 0.23 -0.69 0.65 
8.77 13.79 -30.61 0.23 -0.69 0.52 
9.75 17.85 -15.34 0.39 -0.62 0.58 
10.02 16.83 -21.59 0.61 -1.10 0.79 
47.81 24.88 -26.07 -0.08 -0.67 0.79 
32.28 26.57 -6.19 0.12 0.12 0.29 
2.53 16.96 21.27 0.36 0.39 0.34 
-27.11 5.00 44.93 0.88 -0.36 0.77 
-12.41 17.63 50.26 0.84 -0.74 1.25 
13.37 22.49 64.31 0.16 -0.64 0.46 
8.72 13.26 77.54 0.40 -0.53 0.61 
9.40 13.80 89.56 0.37 -0.59 0.62 
126.06 44.21 128.66 1.03 -0.73 0.90 
-23.78 18.59 139.78 0.05 0.12 0.46 
-25.12 11.89 164.65 0.02 -0.52 0.77 
-3.58 13.12 195.23 0.36 -1.14 1.09 
13.55 3.41 207.63 0.40 -0.51 0.45 
5.66 16.40 219.75 0.25 -0.60 0.59 
8.41 14.98 231.58 0.27 -0.75 0.59 
5.87 19.24 245.56 0.46 -0.60 0.45 
-15.02 18.60 244.42 0.49 -1.21 0.58 
39.50 18.01 238.42 -0.04 -1.05 0.80 
40.83 23.47 251.32 0.09 -0.37 0.41 
18.35 20.03 280.33 0.28 0.25 0.26 
-9.75 12.23 305.13 0.56 0.27 0.45 
-18.03 2.38 321.04 0.99 -0.78 0.71 
8.45 30.91 322.87 0.08 -1.39 0.86 
13.55 18.18 -317.77 0.33 -0.45 0.55 
9.76 11.98 -304.11 0.39 -0.71 0.61 
9.54 14.03 -291.28 0.37 -0.62 0.55 
8.29 13.54 -279.30 0.39 -0.59 0.56 
141.37 48.75 -282.52 0.70 -0.26 0.44 
16.39 5.64 -286.19 0.19 0.42 0.11 
-9.43 7.51 -284.33 0.14 0.00 0.45 
-36.04 9.62 -257.43 -0.12 -0.45 0.58 
11.38 15.64 -230.02 0.43 -1.49 1.10 
14.08 6.70 -216.65 0.44 -0.61 0.32 
5.53 13.80 -204.77 0.18 -0.74 0.58 
8.96 14.21 -193.36 0.26 -0.69 0.50 
7.42 14.54 -181.58 0.21 -0.79 0.53 
8.81 13.62 -168.00 0.27 -0.73 0.48 
-5.02 19.36 -165.89 1.02 -0.72 0.46 
41.34 23.41 -178.36 -0.10 -0.99 0.99 
46.53 34.19 -158.40 0.00 -0.12 0.36 
11.48 25.78 -128.22 0.31 0.41 0.35 
-19.27 5.88 -100.94 0.42 0.17 0.07 
-25.52 -0.95 -86.86 1.17 -0.67 1.08 
14.66 30.64 -87.04 -0.14 -0.89 0.71 
9.99 14.86 -73.98 0.39 -0.68 0.44 
24.59 37.32 -40.81 0.35 -0.63 0.54 
6.54 10.60 -18.07 -0.15 -1.01 0.70 
48.34 18.68 2.52 0.88 -0.74 1.16 
38.59 9.46 6.76 0.45 0.28 0.22 
9.96 1.99 0.68 0.27 0.28 0.23 
-18.11 4.35 7.45 0.05 -0.01 0.40 
-14.85 17.82 52.54 0.09 -1.67 1.02 
24.40 2.71 69.51 0.69 -0.52 0.37 
8.17 8.97 81.75 0.27 -0.79 0.49 
7.72 15.59 93.16 0.26 -0.73 0.63 
7.20 13.45 105.47 0.25 -0.66 0.48 
5.80 16.34 118.20 0.53 -0.64 0.53 
6.87 15.98 105.61 0.55 -1.66 0.89 
42.39 22.92 97.59 -0.09 -0.67 0.74 
25.83 26.77 121.00 0.20 -0.05 0.27 
-39.11 27.14 145.01 1.09 -0.84 0.93 
8.84 24.64 146.99 0.00 -0.97 0.58 
9.86 15.24 160.72 0.41 -0.71 0.48 
9.08 11.68 174.05 0.45 -0.60 0.53 
8.19 13.87 186.05 0.42 -0.61 0.49 
2.94 11.08 204.18 -0.08 -0.97 0.59 
42.98 18.35 226.21 0.85 -0.98 1.03 
39.51 7.91 227.16 0.55 0.00 0.20 
8.14 3.03 219.46 0.25 0.25 0.40 
-16.39 6.72 224.29 0.00 -0.07 0.41 
-27.95 16.60 260.01 -0.04 -1.08 0.93 
16.54 2.61 287.03 0.81 -1.10 0.90 
10.51 6.45 299.03 0.39 -0.57 0.37 
6.16 15.98 310.20 0.27 -0.78 0.60 
7.53 14.89 321.55 0.27 -0.72 0.48 
8.87 18.81 -316.85 0.43 -0.64 0.45 
5.23 19.31 -326.23 0.63 -1.46 0.65 
36.31 25.99 316.50 0.09 -0.98 0.82 
31.49 28.90 -318.84 0.17 -0.28 0.34 
10.08 19.64 -288.04 0.35 0.17 0.32 
-21.46 4.16 -258.64 0.48 -0.17 0.27 
-21.23 19.93 -251.59 1.14 -0.81 1.06 
14.61 25.89 -251.47 -0.08 -0.73 0.44 
8.74 11.60 -236.42 0.47 -0.69 0.51 
10.35 11.82 -221.75 0.45 -0.53 0.50 
7.51 12.64 -208.37 0.46 -0.62 0.52 
6.99 11.46 -195.72 0.41 -0.67 0.49 
19.05 17.81 -171.89 0.08 -1.15 1.18 
51.30 16.88 -159.56 0.73 -0.23 0.73 
30.49 5.42 -158.43 0.40 0.23 0.25 
-5.86 -1.12 -161.46 0.22 0.17 0.15 
-35.17 6.51 -144.51 0.01 -0.46 0.67 
-4.12 11.60 -105.38 0.31 -1.55 1.14 
21.07 7.16 -84.64 0.73 -0.35 0.34 
24.98 38.60 -49.43 0.32 -0.68 0.44 
-5.66 17.35 -45.15 0.71 -0.71 0.35 
48.68 36.98 -56.83 0.12 -1.33 0.75 
35.53 20.23 -44.79 -0.09 -0.61 0.63 
24.50 24.41 -14.38 0.20 0.32 0.21 
-3.88 14.83 12.66 0.56 0.30 0.40 
-17.65 -0.11 33.31 0.75 -0.52 0.67 
-3.99 26.82 37.21 0.07 -1.16 1.07 
10.09 17.46 49.72 0.34 -0.77 0.42 
25.71 41.53 81.18 0.42 -0.60 0.55 
2.79 11.12 98.82 -0.21 -0.92 0.45 
36.64 21.59 120.23 1.01 -1.11 1.27 
37.54 13.23 122.62 0.53 -0.15 0.34 
18.87 3.22 114.86 0.24 0.11 0.39 
-5.76 7.39 115.33 0.10 0.01 0.51 
-21.52 7.70 135.79 0.09 -0.56 0.77 
-7.90 3.60 174.23 0.55 -1.47 0.89 
9.97 0.60 189.32 0.46 -0.63 0.33 
7.54 16.26 202.40 0.35 -0.74 0.50 
2.52 15.95 209.10 0.86 -0.66 0.38 
28.57 25.57 192.41 0.47 -1.44 0.82 
38.40 25.64 190.58 -0.16 -0.52 0.62 
26.32 27.84 217.58 0.13 0.12 0.33 
4.53 19.11 248.12 0.31 0.27 0.39 
-17.97 7.51 274.28 0.72 -0.22 0.52 
-15.86 20.97 282.39 0.83 -0.96 0.95 
14.48 19.20 287.40 0.06 -0.76 0.59 
9.54 12.27 301.93 0.50 -0.67 0.49 
7.59 13.64 313.58 0.39 -0.67 0.47 
9.52 10.39 -319.83 0.00 -1.16 0.85 
49.34 13.63 -306.26 1.02 -0.56 0.74 
27.11 8.61 -305.10 0.48 0.19 0.28 
7.97 1.53 -315.32 0.34 0.19 0.47 
-17.27 8.97 -311.37 0.23 -0.16 0.54 
-21.76 27.15 -274.88 -0.11 -0.88 0.91 
6.80 -4.92 -244.93 0.57 -1.52 0.69 
11.95 4.41 -229.91 0.49 -0.59 0.34 
12.08 16.65 -218.36 0.26 -0.36 0.52 
-2.03 16.61 -206.24 0.59 -0.72 0.32 
5.08 20.70 -216.33 0.74 -1.69 0.68 
43.37 28.97 -229.73 0.00 -0.80 0.69 
34.98 28.08 -211.06 0.19 -0.07 0.35 
8.68 22.20 -176.46 0.28 0.20 0.32 
-14.85 12.52 -143.70 0.59 -0.14 0.66 
-8.82 -0.37 -130.39 1.03 -0.58 0.87 
-2.19 21.29 -125.91 0.34 -0.99 0.74 
10.72 18.88 -109.15 0.45 -0.72 0.43 
8.85 12.83 -98.00 0.43 -0.61 0.48 
6.89 13.81 -84.18 0.29 -0.73 0.49 
21.90 18.01 -61.05 0.42 -1.15 1.09 
47.87 20.43 -45.53 0.74 -0.63 0.57 
24.75 -0.78 -46.66 0.24 0.38 0.19 
-1.91 3.30 -51.76 0.42 0.08 0.65 
-18.67 6.08 -40.69 -0.07 -0.11 0.40 
-27.27 12.14 -8.64 0.17 -1.24 0.87 
16.53 5.77 14.50 0.64 -1.19 0.60 
10.61 8.93 26.04 0.38 -0.60 0.33 
5.97 16.20 37.83 0.23 -0.88 0.55 
5.27 14.02 49.61 0.46 -0.65 0.34 
8.11 23.88 43.10 0.64 -1.41 0.67 
42.81 28.21 31.68 0.07 -0.85 0.72 
30.46 27.18 48.92 0.01 -0.15 0.41 
12.35 20.62 82.36 0.34 0.17 0.43 
-9.04 9.79 115.96 0.39 0.04 0.33 
-19.07 -5.43 132.65 1.04 -0.37 0.70 
-9.54 30.19 139.90 0.45 -1.21 0.70 
9.25 15.71 151.11 0.28 -0.80 0.39 
9.06 12.34 163.85 0.47 -0.62 0.43 
8.52 12.29 176.33 0.48 -0.69 0.47 
4.17 12.89 189.67 0.27 -0.74 0.31 
25.91 13.49 211.11 0.40 -1.16 0.99 
45.66 11.85 218.72 0.76 -0.41 0.60 
92.33 130.26 -324.49 0.31 -0.80 0.39 
4.88 14.40 -311.78 0.50 -0.68 0.38 
0.28 24.16 -309.75 0.75 -1.13 0.48 
44.23 31.70 -324.06 0.09 -1.21 0.67 
36.08 26.18 -309.14 0.05 -0.20 0.50 
21.28 22.69 -277.38 0.23 0.15 0.44 
-3.78 11.84 -245.55 0.36 0.27 0.29 
-17.60 -6.18 -225.09 0.98 -0.39 0.61 
-8.61 22.80 -219.82 0.73 -0.95 0.82 
11.97 20.40 -211.84 0.20 -0.77 0.39 
9.87 9.50 -198.22 0.54 -0.86 0.48 
11.08 10.97 -185.85 0.46 -0.47 0.48 
7.83 13.86 -172.99 0.51 -0.66 0.49 
6.72 17.84 -156.73 0.13 -0.77 0.66 
37.92 20.49 -133.48 0.69 -0.95 1.08 
36.39 11.23 -129.48 0.59 0.06 0.32 
7.19 4.54 -139.86 0.30 0.21 0.49 
-15.81 10.10 -133.68 -0.06 -0.21 0.42 
-23.75 6.78 -105.86 0.11 -0.96 0.77 
6.78 -1.66 -76.52 0.68 -1.30 0.74 
9.39 4.37 -63.93 0.50 -0.67 0.31 
4.26 17.02 -52.33 0.36 -0.81 0.51 
5.92 17.13 -42.03 0.35 -0.81 0.36 
-3.44 18.33 -31.56 0.71 -0.95 0.39 
25.02 28.87 -41.14 0.46 -1.19 0.56 
49.72 29.64 -42.89 -0.03 -0.65 0.69 
35.25 30.00 -19.17 0.06 -0.19 0.45 
9.98 15.62 11.32 0.17 0.35 0.32 
-11.82 4.15 36.80 0.39 0.19 0.33 
-26.58 -8.23 54.71 1.18 -0.84 0.54 
-0.86 37.11 61.74 0.30 -1.53 0.71 
6.64 13.56 75.26 0.35 -0.71 0.32 
9.52 11.69 90.48 0.55 -0.50 0.47 
9.30 9.82 104.06 0.50 -0.66 0.42 
6.83 13.20 116.24 0.49 -0.69 0.44 
27.77 23.23 144.11 0.19 -1.32 0.97 
-0.63 0.86 145.50 0.23 -1.37 0.96 
47.70 23.30 162.77 0.95 -0.73 0.69 
21.31 5.49 166.69 0.57 -0.08 0.22 
15.53 -0.05 163.65 0.32 0.07 0.32 
6.75 1.27 161.02 0.25 0.12 0.55 
-12.36 -0.40 164.28 0.17 -0.01 0.47 
-11.20 2.43 170.92 0.13 -0.33 0.64 
-14.63 11.80 191.56 0.05 -0.82 0.90 
-6.13 6.93 206.79 0.13 -1.24 0.93 
15.75 0.60 218.95 0.99 -1.00 0.45 
4.15 0.94 224.94 0.47 -0.48 0.51 
5.98 10.98 232.66 0.34 -0.72 0.46 
1.03 8.64 238.43 0.38 -0.66 0.45 
5.02 10.72 245.97 0.42 -0.80 0.42 
2.36 6.38 252.11 0.41 -0.74 0.41 
-233.62 -312.49 -295.01 0.12 -1.40 0.87 
34.55 26.65 -281.98 0.02 -0.44 0.63 
20.86 22.79 -247.90 0.20 0.21 0.22 
-7.47 8.81 -216.82 0.51 0.20 0.31 
32.75 61.32 -196.93 0.08 -0.72 0.28 
17.88 20.62 -176.41 0.52 -0.65 0.45 
7.81 12.22 -162.30 0.47 -0.75 0.40 
3.80 12.16 -142.18 -0.02 -1.02 0.50 
49.44 19.80 -119.14 1.07 -0.99 1.03 
40.88 13.64 -117.26 0.44 0.08 0.32 
13.71 4.12 -125.50 0.13 0.17 0.21 
-11.91 5.08 -123.26 0.00 -0.21 0.40 
-30.74 6.63 -92.58 -0.19 -1.05 0.67 
13.08 -2.00 -63.37 0.79 -1.63 0.53 
15.06 7.18 -51.76 0.41 -0.74 0.21 
3.76 16.10 -40.35 0.29 -0.78 0.46 
7.44 14.68 -26.92 0.26 -0.75 0.34 
-4.85 21.99 -24.25 0.99 -0.81 0.19 
36.58 28.65 -39.75 0.33 -1.44 0.86 
37.47 24.36 -35.06 -0.07 -0.70 0.45 
27.13 26.83 -5.43 0.22 -0.03 0.33 
-2.26 13.94 26.91 0.36 0.11 0.23 
-27.99 -9.49 46.69 0.94 -0.56 0.41 
-15.76 28.15 53.67 0.73 -1.40 0.82 
9.00 17.87 63.73 0.25 -0.88 0.24 
6.16 10.57 78.50 0.48 -0.72 0.39 
4.79 7.34 95.53 0.17 -0.90 0.30 
29.44 15.68 119.51 0.63 -1.37 0.92 
45.74 20.92 123.36 0.56 -0.47 0.57 
20.54 3.31 118.30 0.31 0.20 0.09 
-1.24 6.39 114.36 0.16 0.24 0.61 
-18.83 5.94 133.05 0.07 -0.43 0.57 
-23.17 2.56 179.00 0.26 -1.49 0.81 
21.32 3.89 192.89 0.77 -0.35 0.40 
7.12 12.91 203.71 0.30 -0.77 0.36 
8.49 15.15 217.24 0.34 -0.84 0.43 
5.64 16.55 229.27 0.50 -0.67 0.40 
1.78 28.79 231.67 0.77 -1.02 0.29 
39.93 29.36 224.88 -0.13 -1.02 0.71 
45.89 29.65 246.73 0.03 -0.24 0.59 
21.62 20.03 277.30 0.17 0.22 0.35 
1.12 15.00 305.68 0.41 0.31 0.31 
-34.47 -1.67 325.43 0.80 -0.52 0.56 
-31.06 11.42 -323.20 1.14 -1.22 0.68 
17.66 22.06 -319.05 -0.01 -0.81 0.32 
5.92 12.18 -302.98 0.48 -0.81 0.29 
8.26 12.91 -291.93 0.45 -0.82 0.34 
6.10 12.30 -276.42 0.06 -0.98 0.35 
68.05 22.66 -250.49 1.04 -0.71 0.83 
31.16 6.41 -256.47 0.70 -0.03 0.35 
7.33 7.89 -264.01 0.24 0.08 0.57 
-11.62 7.82 -260.09 0.04 -0.10 0.52 
-17.18 6.08 -238.08 -0.01 -0.43 0.79 
-2.04 2.11 -202.25 0.51 -1.49 0.85 
25.74 6.45 -185.93 0.69 -0.40 0.25 
1.08 13.13 -175.21 0.30 -0.79 0.54 
5.14 17.52 -163.22 0.37 -0.76 0.38 
-10.38 20.52 -160.73 0.90 -0.95 0.27 
51.72 38.72 -171.76 -0.07 -0.64 0.65 
34.50 21.62 -155.61 0.05 -0.59 0.63 
19.01 24.65 -120.29 0.27 0.03 0.46 
-6.04 1.31 -82.50 0.65 0.06 0.36 
-28.78 3.99 -68.10 1.34 -0.51 0.91 
5.96 36.28 -62.74 0.16 -1.28 0.49 
12.39 14.47 -52.05 0.28 -0.64 0.30 
10.42 14.96 -35.95 0.47 -0.68 0.45 
9.23 20.61 -14.95 0.13 -0.83 0.43 
29.35 15.59 11.08 0.42 -1.42 0.92 
42.63 17.99 19.88 0.67 -0.33 0.43 
19.99 3.25 13.82 0.31 0.18 0.47 
-1.15 6.74 7.73 0.20 0.02 0.56 
-18.29 7.63 21.11 -0.08 -0.44 0.55 
-21.25 6.09 55.73 -0.09 -1.29 0.90 
26.13 5.72 78.39 0.84 -0.50 0.33 
6.96 14.58 87.74 0.21 -0.79 0.46 
11.84 18.84 102.05 0.26 -0.81 0.45 
-18.54 7.05 -3.48 -0.39 -0.80 1.34 
2.02 -7.23 -2.75 0.30 -0.14 0.73 
-1.13 0.84 -5.14 0.06 -0.36 0.84 
-5.46 5.55 -9.38 0.49 -0.58 0.95 
25.26 -4.52 -17.99 -0.38 -0.69 1.10 
32.87 8.11 -10.57 -0.22 0.06 0.74 
3.89 4.87 4.84 0.10 0.34 0.23 
-40.01 -3.80 13.57 0.78 0.14 0.36 
-32.29 1.10 6.04 0.63 -0.59 1.65 
2.70 3.52 7.25 -0.02 -0.22 0.67 
-0.14 -2.26 10.32 0.21 -0.39 0.76 
-0.77 -0.63 11.65 0.08 -0.46 0.73 
22.57 12.46 29.10 0.13 -0.29 1.47 
37.51 1.14 37.88 0.38 0.00 0.70 
10.29 -18.12 31.22 0.31 0.49 0.23 
-33.34 -4.01 22.93 -0.16 0.01 0.71 
-25.64 2.96 32.79 -0.37 -0.77 1.36 
5.67 -5.50 41.93 0.63 -0.27 0.95 
2.24 -0.57 40.04 -0.02 -0.50 0.80 
-2.48 0.82 40.86 0.22 -0.33 0.72 
-2.54 -4.11 20.77 -0.13 -1.50 1.21 
35.45 2.56 15.20 -0.22 -0.82 1.01 
28.47 15.19 28.54 0.19 -0.11 0.49 
-9.47 8.47 43.37 0.38 0.51 0.19 
-38.63 -15.91 53.09 0.90 -0.28 0.67 
-17.91 11.48 36.35 -0.06 -1.42 1.15 
7.81 5.87 35.52 0.05 -0.28 0.54 
1.14 -3.74 37.61 0.35 -0.38 0.75 
-1.31 -1.35 38.50 0.16 -0.48 0.67 
2.58 -1.21 55.11 -0.13 -0.85 1.13 
34.07 1.90 63.83 0.72 -0.45 1.02 
26.71 -10.60 52.36 0.22 0.40 0.37 
-1.21 -13.77 41.47 0.10 0.36 0.41 
-32.13 -11.40 39.60 -0.18 -0.09 0.52 
-27.07 3.46 54.03 -0.16 -0.95 1.43 
8.07 -10.92 63.51 0.66 -0.30 0.84 
-0.77 -1.24 63.24 0.08 -0.58 0.77 
-3.62 0.72 59.35 0.41 -0.42 0.71 
5.78 -3.52 42.73 0.27 -0.93 1.21 
34.98 3.96 30.95 -0.05 -0.47 0.79 
26.27 12.96 37.57 0.00 0.30 0.64 
4.75 11.95 52.22 0.08 0.40 0.24 
-36.00 -6.01 72.65 0.48 0.14 0.54 
-28.86 2.05 70.85 0.70 -0.49 1.22 
13.29 4.37 62.19 -0.16 -0.57 0.68 
1.01 -2.47 65.01 0.27 -0.49 0.69 
2.52 -1.25 65.51 0.21 -0.48 0.74 
-0.34 1.04 69.29 -0.18 -0.59 0.81 
30.72 3.92 89.50 0.29 -0.58 1.26 
32.16 0.31 94.39 0.33 0.12 0.52 
14.12 -22.86 82.12 0.16 0.66 0.35 
-7.51 -13.48 70.52 0.04 0.38 0.50 
-19.40 -8.65 72.09 -0.04 0.13 0.77 
-35.80 1.94 87.54 -0.09 -0.40 1.13 
4.94 -8.10 107.67 0.52 -0.82 1.04 
5.18 -6.07 108.96 0.30 -0.50 0.66 
-0.04 -0.04 108.54 0.05 -0.58 0.73 
-0.04 -2.90 110.40 0.14 -0.53 0.69 
-4.17 -1.10 110.61 0.12 -0.50 0.75 
-4.89 4.49 94.07 0.65 -0.52 0.79 
14.87 -4.40 72.73 0.00 -0.95 1.24 
33.13 9.34 70.23 -0.03 -0.43 0.81 
14.06 13.49 87.03 0.09 0.24 0.20 
-15.60 3.54 103.99 0.25 0.35 0.34 
-29.39 -11.68 109.29 0.74 -0.32 0.87 
-14.63 9.20 97.20 0.25 -0.79 1.01 
2.59 0.62 92.58 -0.13 -0.57 0.64 
-0.02 -1.61 97.39 0.27 -0.57 0.67 
8.87 -0.34 96.95 -0.05 -0.80 1.13 
25.40 5.77 114.70 0.57 -0.90 0.95 
34.08 -6.46 120.66 0.41 0.34 0.38 
5.98 -16.64 108.52 0.37 0.46 0.43 
-15.04 -13.14 97.75 0.12 0.35 0.44 
-35.60 -4.46 102.51 -0.06 -0.16 0.66 
-14.55 3.40 123.21 0.06 -1.41 1.25 
7.58 -4.17 125.79 0.36 -0.31 0.53 
-4.78 1.47 124.94 0.25 -0.49 0.72 
-7.30 0.23 108.16 0.44 -0.94 0.82 
22.07 3.51 87.73 0.12 -1.11 0.96 
31.30 8.14 89.02 -0.17 -0.31 0.62 
17.34 12.30 106.87 0.19 0.10 0.59 
-8.33 4.39 124.91 0.22 0.36 0.28 
-28.78 -16.60 136.73 0.70 0.14 0.70 
-25.51 -1.35 130.73 0.83 -0.63 1.15 
3.65 11.18 119.80 -0.22 -0.97 0.78 
-1.25 -1.86 122.57 0.18 -0.59 0.61 
1.43 -1.08 129.59 -0.11 -0.89 0.93 
26.48 1.91 144.75 0.68 -0.79 1.08 
36.34 1.59 149.90 0.49 0.23 0.40 
11.97 -20.35 136.94 0.27 0.58 0.47 
-9.22 -10.31 124.34 0.15 0.27 0.56 
-21.47 -4.18 123.77 0.03 -0.06 0.53 
-23.87 2.76 135.81 -0.26 -0.70 0.88 
0.19 -12.87 157.96 0.82 -1.18 1.25 
-3.76 -0.65 157.14 0.27 -0.69 0.71 
-1.98 1.21 157.35 0.18 -0.54 0.69 
-9.79 2.72 141.31 0.74 -0.70 0.59 
22.04 3.96 116.84 0.24 -1.33 1.00 
34.74 13.39 111.14 0.00 -0.30 0.76 
24.35 16.64 124.62 0.19 0.19 0.47 
-1.46 8.58 141.94 0.13 0.45 0.33 
-24.98 -14.10 153.31 0.34 0.08 0.28 
-32.98 -8.58 155.14 0.99 -0.44 1.10 
12.20 -11.94 166.41 0.40 -0.48 0.61 
4.04 0.53 170.05 -0.04 -0.75 1.00 
21.53 7.98 189.34 0.44 -0.78 1.08 
31.23 -3.30 195.76 0.40 0.28 0.36 
10.31 -15.03 184.34 0.30 0.44 0.51 
-10.37 -11.42 174.12 0.06 0.39 0.56 
-24.89 -6.98 176.06 -0.10 -0.29 0.54 
-37.04 -4.27 191.58 -0.11 -0.83 1.01 
2.81 -9.02 203.03 0.61 -0.65 0.88 
-3.00 -1.45 202.03 0.23 -0.59 0.49 
-15.66 2.45 196.81 0.79 -0.61 0.60 
21.88 11.36 178.52 -0.04 -0.81 0.78 
38.06 8.65 169.46 0.00 -0.46 0.55 
16.54 7.95 183.59 0.11 0.16 0.51 
0.08 4.39 200.87 0.19 0.22 0.39 
-24.65 -12.64 214.94 0.32 0.05 0.25 
-31.56 -15.04 219.22 1.00 -0.91 0.85 
-2.56 3.37 210.22 0.18 -1.48 0.70 
1.15 0.70 212.37 0.33 -0.67 0.35 
-0.65 -3.46 214.60 0.44 -0.73 0.46 
12.41 0.93 227.70 0.08 -1.04 0.86 
33.07 2.39 236.45 0.71 -0.51 0.90 
28.22 -2.32 229.19 0.37 -0.02 0.34 
8.19 -14.58 213.98 0.30 0.47 0.45 
-15.96 -13.64 204.25 0.13 0.26 0.42 
-24.42 -2.95 208.83 0.10 -0.28 0.80 
-21.62 -2.60 226.06 -0.02 -1.01 0.94 
1.07 -12.07 240.88 0.72 -0.76 0.93 
6.26 -1.02 241.91 0.26 -0.32 0.46 
1.27 0.19 241.33 0.25 -0.56 0.66 
-3.75 -0.63 238.89 0.52 -0.61 0.53 
8.69 -1.29 217.32 0.53 -1.30 1.16 
25.47 10.30 201.57 0.13 -0.61 0.71 
21.44 9.49 209.39 -0.02 0.13 0.51 
6.01 6.54 227.43 0.13 0.22 0.39 
-19.19 -3.00 245.16 0.28 0.20 0.41 
-33.95 -20.61 248.51 0.96 -0.35 0.78 
-4.78 11.79 235.88 0.11 -1.44 0.98 
2.40 0.21 235.97 0.30 -0.56 0.51 
-3.49 -5.38 239.41 0.25 -0.57 0.57 
4.90 0.30 250.29 0.08 -0.96 1.15 
39.81 4.75 256.90 0.62 -0.37 0.64 
17.72 -11.23 248.44 0.30 0.43 0.34 
6.00 -15.33 231.73 0.33 0.33 0.50 
-17.79 -10.14 229.86 0.04 -0.10 0.58 
-21.11 1.05 241.02 -0.15 -0.55 1.02 
-7.61 -2.07 261.41 0.54 -0.87 1.30 
2.83 -3.93 264.28 0.37 -0.30 0.64 
-1.53 -0.97 264.93 0.17 -0.51 0.73 
-12.63 -2.74 258.51 0.66 -0.51 0.63 
7.81 2.76 234.41 0.46 -1.19 1.08 
41.52 12.10 227.59 -0.11 -0.56 0.71 
25.64 16.73 239.67 0.12 0.20 0.33 
-4.31 8.56 255.06 0.13 0.51 0.30 
-32.10 -4.65 268.37 0.48 0.00 0.53 
-15.29 -10.22 268.50 0.83 -0.45 1.19 
-8.15 8.61 255.90 0.06 -1.04 0.85 
2.07 0.31 256.73 0.21 -0.58 0.64 
-0.15 -2.76 259.59 0.32 -0.54 0.59 
-2.36 -1.90 271.27 -0.02 -0.80 0.83 
28.99 2.78 285.36 0.67 -0.90 1.16 
35.06 -1.38 286.85 0.46 -0.19 0.47 
15.99 -17.30 274.04 0.36 0.46 0.41 
-3.24 -13.31 260.90 0.32 0.30 0.62 
-25.13 -6.24 258.97 -0.04 0.11 0.53 
-32.83 3.93 270.76 -0.27 -0.56 0.87 
-5.99 -11.49 291.76 0.51 -1.42 1.20 
4.67 -7.65 302.79 0.53 -0.40 0.49 
0.34 1.22 301.29 0.27 -0.55 0.63 
-11.43 2.86 287.20 0.62 -0.75 0.52 
16.35 6.61 261.09 0.28 -1.46 0.91 
39.94 11.43 254.36 -0.01 -0.50 0.62 
21.51 18.12 272.36 0.11 0.18 0.42 
-12.31 3.10 289.20 0.24 0.32 0.33 
-25.05 -10.37 298.97 0.82 -0.10 0.72 
-19.92 8.55 278.60 0.17 -1.26 1.13 
2.42 1.99 279.23 0.30 -0.68 0.45 
-0.59 -4.75 281.50 0.39 -0.56 0.60 
-0.49 -1.89 286.75 0.16 -0.67 0.65 
20.81 2.32 303.63 0.29 -1.00 1.16 
-17.52 -41.39 273.38 0.26 0.53 0.43 
-22.14 -8.47 270.20 0.03 0.25 0.68 
-31.12 2.89 279.43 -0.29 -0.82 0.87 
-2.05 -10.39 303.87 0.77 -1.20 1.23 
3.39 -7.39 309.13 0.43 -0.35 0.50 
-3.41 -0.34 308.10 0.30 -0.69 0.61 
-11.40 2.21 295.93 0.71 -0.65 0.54 
-4.73 12.70 275.98 0.36 -1.30 0.72 
41.58 18.31 266.19 -0.07 -0.44 0.86 
20.55 13.03 280.45 -0.01 0.00 0.69 
7.86 8.32 299.66 0.14 0.34 0.31 
-20.61 -6.09 317.28 0.30 0.22 0.28 
-34.64 -17.29 -324.95 0.91 -0.39 0.77 
-15.93 1.81 321.54 0.23 -0.90 1.27 
1.61 2.46 318.06 0.06 -0.65 0.54 
-1.86 -4.44 323.73 0.09 -0.71 0.64 
21.50 7.23 -317.86 0.08 -0.90 1.21 
2.08 -54.52 291.23 0.33 0.23 0.38 
-25.52 -8.61 286.17 -0.01 0.10 0.40 
25.48 -26.49 306.09 0.54 -0.35 0.46 
-3.71 1.00 306.65 0.38 -0.54 0.55 
-8.26 3.48 293.23 0.83 -0.92 0.77 
27.41 14.00 272.13 0.18 -1.19 0.76 
31.80 10.22 270.12 -0.30 -0.29 0.75 
18.22 16.20 288.28 0.07 0.22 0.54 
-5.67 4.69 306.41 0.16 0.33 0.23 
-27.66 -13.37 319.24 0.45 0.22 0.30 
-35.46 -8.78 317.53 1.03 -0.92 1.14 
2.33 10.84 308.11 0.06 -0.86 0.71 
2.68 1.07 310.50 0.38 -0.70 0.46 
-2.30 -5.68 314.94 0.18 -0.65 0.58 
12.38 -2.18 -323.97 0.38 -0.98 1.11 
36.11 3.96 -320.22 0.71 -0.35 0.96 
29.60 2.63 326.96 0.31 0.16 0.33 
6.92 -21.55 313.01 0.22 0.42 0.33 
-26.53 -11.52 308.88 0.00 0.00 0.45 
-54.70 -12.94 323.60 0.15 -1.45 1.13 
15.49 -8.55 -315.41 0.74 -0.68 0.85 
0.67 -7.48 -312.54 0.41 -0.50 0.37 
-6.04 0.80 -314.65 0.41 -0.72 0.67 
111.62 39.17 326.53 -0.02 -0.72 0.58 
21.86 11.55 -316.18 -0.02 0.15 0.40 
-8.42 6.16 -293.70 0.15 0.35 0.38 
-20.53 -2.74 -274.15 0.50 -0.07 0.60 
-19.95 -19.62 -274.25 0.84 -0.08 0.87 
-14.55 11.24 -287.26 0.36 -1.20 0.92 
1.59 0.17 -283.97 0.31 -0.64 0.52 
1.76 -5.26 -279.50 0.40 -0.51 0.62 
1.12 -2.50 -276.47 0.19 -0.57 0.57 
20.33 5.77 -262.46 0.37 -1.00 1.24 
37.15 6.83 -257.57 0.70 -0.27 0.67 
27.48 -10.68 -265.81 0.22 0.46 0.26 
0.17 -14.81 -277.04 0.22 0.55 0.54 
-26.11 -5.78 -281.04 -0.09 0.00 0.49 
-35.64 -9.41 -272.14 -0.32 -0.63 1.01 
1.86 -13.51 -244.92 0.99 -1.28 1.38 
-1.96 -4.98 -243.23 0.31 -0.34 0.47 
-1.76 -0.26 -245.54 0.23 -0.54 0.69 
-12.31 -3.50 -248.64 0.60 -0.36 0.46 
3.65 11.67 -275.12 0.52 -1.66 1.13 
33.62 11.76 -280.85 0.05 -0.68 0.65 
18.58 12.34 -267.08 0.03 0.07 0.52 
5.07 10.05 -246.63 0.21 0.28 0.15 
-53.36 -26.37 -224.21 0.83 -0.46 1.10 
-2.90 -2.44 -223.30 0.86 -0.55 1.03 
-6.28 -3.76 -229.62 0.52 -0.66 1.41 
1.57 2.37 -232.41 0.27 -0.58 0.79 
-0.73 1.51 -233.50 0.28 -0.50 0.52 
-16.91 -32.21 -258.39 0.12 0.38 0.20 
-24.31 -3.28 -263.45 -0.09 -0.16 0.28 
-46.55 -10.12 -250.44 0.02 -0.82 1.21 
26.37 -8.23 -231.35 0.83 -0.95 0.87 
-1.50 -10.92 -227.38 0.37 -0.50 0.49 
-1.61 -0.82 -228.66 0.22 -0.70 0.77 
-1.70 -3.45 -230.16 0.44 -0.53 0.55 
-8.34 1.44 -246.98 0.71 -1.03 0.77 
32.84 17.39 -274.28 0.06 -1.07 0.64 
28.03 16.15 -257.21 0.11 -0.23 0.48 
-7.08 -2.78 -224.80 0.33 0.24 0.24 
-26.72 -17.82 -205.32 0.98 -0.30 0.49 
-22.69 17.46 -220.51 0.63 -1.09 0.86 
2.96 2.25 -223.59 0.17 -0.60 0.38 
0.77 -3.73 -220.58 0.49 -0.59 0.53 
1.93 -1.97 -215.22 0.11 -0.84 0.68 
22.58 2.48 -198.20 0.54 -0.96 1.06 
31.06 -1.19 -198.01 0.60 -0.01 0.33 
12.43 -19.26 -223.61 0.42 0.46 0.62 
-12.91 -8.51 -235.48 0.09 -0.04 0.43 
-36.24 -3.32 -228.13 -0.29 -0.31 0.79 
-6.88 -11.11 -201.89 0.36 -1.40 1.11 
8.78 -8.40 -193.89 0.74 -0.24 0.41 
-3.63 -1.86 -195.48 0.28 -0.72 0.69 
-20.52 12.12 -225.69 0.81 -0.65 0.58 
14.13 9.98 -247.92 0.27 -1.52 0.99 
32.87 13.13 -251.00 -0.07 -0.60 0.66 
14.32 9.55 -232.28 0.12 0.05 0.46 
-4.54 1.25 -207.59 0.33 0.25 0.36 
-19.12 -13.99 -191.15 0.62 -0.06 0.59 
-20.82 4.00 -202.05 0.73 -0.76 0.99 
0.27 6.76 -208.17 0.19 -0.77 0.50 
0.85 -2.00 -206.16 0.44 -0.61 0.48 
0.04 -3.89 -202.98 0.34 -0.68 0.55 
1.49 -5.15 -195.32 0.23 -0.95 0.75 
30.44 2.53 -183.25 0.90 -0.71 0.97 
26.01 -6.57 -194.13 0.54 0.20 0.33 
3.40 -11.04 -214.21 0.42 0.31 0.58 
-8.86 -5.55 -226.80 0.06 -0.04 0.47 
-32.76 -7.46 -222.25 -0.14 -0.25 0.70 
-13.31 -10.69 -203.34 0.16 -1.26 1.01 
9.58 -6.51 -194.04 0.68 -0.42 0.37 
-4.12 -3.80 -194.72 0.28 -0.74 0.60 
-3.71 3.67 -197.71 0.54 -0.62 0.48 
-3.79 4.43 -214.71 0.83 -1.05 0.61 
30.52 18.65 -232.25 0.00 -0.90 0.80 
25.09 14.48 -223.17 0.00 -0.18 0.48 
6.22 5.39 -200.07 0.14 0.25 0.35 
-12.60 -11.49 -181.01 0.48 0.24 0.38 
8.02 15.09 -193.79 0.24 -0.72 0.45 
2.15 -2.10 -191.28 0.51 -0.67 0.38 
-0.33 -4.25 -188.45 0.52 -0.69 0.47 
-0.52 -1.35 -186.96 0.38 -0.81 0.53 
18.92 6.00 -175.47 0.44 -1.05 0.96 
35.71 6.25 -173.41 0.72 -0.32 0.50 
20.89 -8.93 -188.34 0.34 0.31 0.35 
-8.78 -14.77 -202.01 0.22 0.19 0.48 
-30.12 -9.37 -201.94 0.09 -0.13 0.65 
-22.54 -4.55 -185.49 0.00 -1.05 0.97 
4.72 -10.86 -168.54 0.92 -0.68 0.75 
0.90 -4.88 -168.13 0.45 -0.61 0.45 
-1.30 0.91 -167.43 0.27 -0.78 0.54 
2.23 -1.57 -164.63 0.31 -0.70 0.45 
-7.84 1.33 -177.89 1.08 -0.66 0.53 
19.37 11.09 -202.39 0.34 -1.42 0.89 
30.55 17.91 -199.10 0.15 -0.41 0.67 
-86.22 -43.22 -160.04 0.68 -0.15 0.53 
-20.88 -6.00 -163.76 0.81 -0.95 0.90 
2.45 4.76 -168.91 0.24 -0.83 0.60 
1.70 -1.67 -166.68 0.49 -0.65 0.40 
-1.45 -4.47 -161.26 0.19 -0.84 0.58 
23.25 0.45 -144.08 0.56 -1.06 1.09 
38.52 2.00 -153.05 0.71 -0.27 0.32 
13.45 -9.78 -172.68 0.36 0.43 0.43 
-13.94 -12.19 -189.18 0.23 0.14 0.43 
-36.10 -8.44 -188.86 -0.05 -0.32 0.55 
-29.53 -10.43 -170.93 0.16 -1.59 0.99 
11.43 -16.49 -158.27 0.82 -0.67 0.45 
-1.02 -7.96 -156.95 0.46 -0.72 0.36 
-1.95 1.06 -157.68 0.39 -0.77 0.49 
1.69 -2.43 -155.92 0.30 -0.87 0.38 
-0.37 -1.45 -154.68 0.56 -0.57 0.41 
-4.24 9.27 -172.72 0.85 -0.89 0.43 
32.28 15.56 -192.22 0.10 -1.18 0.81 
28.08 17.23 -185.37 0.23 -0.41 0.54 
9.46 4.84 -164.94 0.22 0.23 0.15 
-17.86 -10.53 -143.18 0.60 0.18 0.44 
-25.42 -13.57 -137.88 1.18 -0.48 0.66 
-5.13 15.07 -149.59 0.24 -1.26 0.73 
-0.92 -0.42 -148.16 0.32 -0.81 0.30 
0.04 -5.70 -145.16 0.56 -0.67 0.52 
3.12 -2.05 -142.64 0.31 -0.67 0.42 
73.22 -0.54 -144.72 0.58 0.03 0.27 
16.65 -11.20 -161.93 0.32 0.50 0.53 
-17.93 -13.23 -177.27 0.24 0.12 0.54 
-34.40 -12.83 -176.43 0.03 -0.48 0.58 
-21.09 -9.63 -159.01 0.34 -1.42 0.97 
13.51 -10.54 -148.63 0.85 -0.64 0.51 
-4.22 -3.64 -148.97 0.37 -0.72 0.36 
-2.39 1.15 -148.47 0.39 -0.76 0.50 
2.94 1.44 -146.50 0.34 -0.85 0.44 
-3.94 -1.49 -146.95 0.29 -0.78 0.45 
-4.02 -1.42 -146.42 0.73 -0.51 0.44 
12.74 3.15 -170.08 0.67 -1.62 1.01 
33.39 18.39 -177.44 0.16 -0.69 0.54 
16.27 12.01 -164.16 0.06 0.14 0.29 
-36.34 -23.67 -132.94 0.66 -0.01 0.38 
-28.80 -17.99 -129.29 1.35 -0.65 0.76 
-10.71 18.68 -138.08 0.34 -1.53 0.60 
1.72 0.64 -137.55 0.39 -0.75 0.29 
-0.24 -6.14 -134.89 0.55 -0.64 0.40 
-3.02 -5.99 -128.69 0.27 -0.76 0.38 
15.15 -8.80 -115.20 0.69 -1.41 0.85 
39.65 9.35 -116.93 0.94 -0.54 0.41 
24.06 -0.34 -134.85 0.44 0.00 0.30 
-0.83 -9.57 -153.51 0.38 0.34 0.50 
-19.71 -13.07 -164.14 0.20 -0.10 0.48 
-36.42 -7.30 -154.77 -0.08 -0.73 0.66 
-5.05 -13.17 -131.41 0.72 -1.47 0.90 
8.67 -10.28 -123.96 0.72 -0.46 0.29 
-2.53 -5.65 -123.72 0.41 -0.82 0.45 
1.95 0.09 -121.73 0.39 -0.73 0.39 
-2.63 0.19 -121.66 0.56 -0.61 0.38 
-9.64 5.80 -126.76 0.71 -0.86 0.35 
12.37 14.37 -140.12 0.58 -1.32 0.51 
33.73 12.81 -148.61 -0.05 -0.85 0.68 
21.33 14.95 -130.52 0.15 -0.14 0.40 
-0.25 -0.94 -108.97 0.20 0.05 0.21 
-31.15 -24.26 -84.46 0.72 0.00 0.40 
-17.23 -5.19 -79.26 0.94 -0.77 1.17 
2.96 3.95 -80.42 0.50 -0.74 0.41 
-2.46 0.30 -81.79 0.49 -0.73 0.39 
-0.52 -2.20 -81.12 0.49 -0.72 0.46 
-2.60 -3.33 -79.24 0.43 -0.62 0.39 
14.69 1.76 -67.88 0.38 -1.26 0.98 
44.18 8.20 -69.30 0.91 -0.24 0.45 
20.38 -7.43 -89.27 0.41 0.18 0.40 
-1.86 -6.85 -106.53 0.20 0.35 0.48 
-35.97 -19.04 -105.70 -0.04 -0.14 0.54 
6.99 -14.23 -109.56 0.24 -0.80 0.50 
-0.48 0.80 -110.17 0.32 -0.73 0.55 
-10.87 0.98 -126.61 0.80 -0.65 0.45 
8.79 13.31 -146.71 0.33 -1.45 0.89 
-19.09 1.90 -80.61 0.16 0.19 0.42 
-35.47 -27.77 -63.09 0.79 -0.12 0.46 
-26.58 1.82 -69.39 1.03 -1.06 1.02 
37.38 19.28 98.47 -0.02 -0.31 0.81 
23.74 27.64 120.33 0.29 0.14 0.40 
-12.66 15.02 145.73 0.32 0.19 0.18 
32.76 48.27 175.75 0.17 -0.53 0.62 
4.55 11.74 190.98 -0.09 -0.69 0.70 
27.23 16.33 212.37 0.22 -0.52 1.21 
38.55 12.78 223.42 0.57 -0.04 0.47 
24.96 4.07 223.71 0.35 0.54 0.35 
1.18 3.32 224.73 0.18 0.22 0.49 
-18.50 11.44 242.12 0.08 -0.10 0.76 
-20.68 10.52 268.20 -0.28 -0.83 1.06 
14.85 11.29 289.31 0.77 -0.27 0.90 
2.09 19.02 296.71 0.46 -0.41 0.65 
30.59 18.04 285.12 0.02 -0.88 1.00 
33.80 14.14 290.68 0.08 -0.27 0.87 
29.65 26.27 309.34 0.16 0.19 0.60 
2.52 23.61 -323.38 0.32 0.36 0.39 
-15.93 6.78 -302.60 0.63 -0.06 0.53 
-9.71 14.06 -298.19 0.60 -0.54 1.30 
14.52 18.04 -291.62 -0.09 -0.35 0.73 
7.85 12.66 -276.51 0.30 -0.49 0.65 
10.59 15.77 -256.87 -0.05 -0.74 1.01 
35.07 16.48 -237.26 0.48 -0.51 0.98 
38.19 11.92 -229.56 0.44 0.22 0.45 
9.17 1.68 -232.00 0.27 0.36 0.57 
-17.32 9.31 -222.80 -0.02 -0.07 0.43 
-27.57 17.85 -205.00 -0.25 -0.61 1.16 
14.03 6.28 -177.38 0.42 -0.79 0.98 
8.32 9.29 -164.43 0.32 -0.35 0.58 
-6.94 14.61 -160.13 0.67 -0.47 0.60 
18.26 20.53 -166.90 0.19 -1.37 0.85 
31.76 21.24 -163.79 0.07 -0.80 0.76 
29.80 22.69 -142.69 0.16 -0.16 0.62 
16.63 22.20 -113.76 0.22 0.24 0.47 
-13.78 19.99 -85.34 0.62 0.02 0.57 
-31.45 14.22 -78.22 0.86 -0.98 0.77 
3.98 27.00 -77.72 0.13 -1.42 0.53 
8.76 14.24 -63.43 0.26 -0.70 0.46 
13.90 14.09 -42.84 0.17 -1.05 1.02 
48.91 16.93 -16.17 0.65 -0.60 0.70 
31.12 9.98 -13.05 0.47 0.26 0.45 
-17.59 30.74 31.67 0.05 -0.42 0.95 
-0.60 16.50 59.90 0.01 -0.88 1.09 
19.19 5.73 78.31 0.70 -0.36 0.61 
0.89 12.66 85.69 0.38 -0.50 0.60 
-5.96 22.85 84.61 0.70 -1.01 0.64 
32.72 19.53 80.81 0.10 -0.80 0.85 
39.48 20.84 89.54 0.11 -0.37 0.75 
26.92 19.38 108.23 0.28 0.20 0.51 
5.07 24.70 137.21 0.32 0.31 0.56 
-5.45 7.23 158.36 0.44 0.23 0.41 
-9.46 7.01 171.43 0.84 -0.30 0.92 
-6.83 23.46 173.78 0.37 -1.21 0.77 
8.98 12.77 188.57 0.18 -0.60 0.56 
24.64 11.40 213.29 0.42 -1.17 1.21 
49.48 21.25 228.71 0.67 -0.28 0.57 
32.50 7.41 232.72 0.32 0.49 0.42 
9.38 -4.76 226.82 0.45 0.41 0.42 
-13.33 -0.35 232.50 0.21 -0.03 0.50 
-21.09 20.35 257.47 0.11 -0.66 1.18 
13.17 11.25 287.98 0.49 -1.14 1.19 
13.76 9.51 303.30 0.71 -0.19 0.45 
-10.38 14.88 301.13 0.79 -0.75 0.74 
26.29 22.70 288.73 0.18 -1.07 0.89 
41.81 26.49 296.55 -0.11 -0.45 0.90 
29.76 33.78 325.70 0.12 0.15 0.24 
-6.76 21.62 -295.27 0.46 0.07 0.73 
-5.17 -0.19 -275.90 0.70 -0.11 0.60 
-11.41 24.37 -279.59 0.30 -0.99 1.24 
6.52 14.77 -267.26 0.09 -0.47 0.62 
27.01 21.24 -247.68 0.29 -0.57 1.43 
36.07 21.85 -232.38 0.76 -0.01 0.84 
22.33 5.71 -228.05 0.28 0.59 0.33 
9.55 1.81 -232.69 0.17 0.29 0.42 
-16.14 2.69 -223.48 -0.02 0.17 0.58 
-24.25 12.25 -197.29 -0.05 -0.51 1.33 
18.91 8.89 -164.05 0.75 -0.52 1.08 
8.95 12.29 -150.52 0.48 -0.20 0.44 
-1.86 20.49 -150.27 0.84 -0.57 1.00 
43.75 19.51 -165.27 -0.05 -0.67 1.07 
38.88 26.03 -156.24 -0.01 0.00 0.89 
29.40 34.64 -132.53 0.05 0.28 0.33 
0.00 20.70 -108.50 0.14 0.56 0.36 
-25.51 -4.70 -87.39 0.73 0.09 0.80 
-9.24 21.85 -88.99 0.45 -0.91 1.35 
14.03 15.11 -79.36 -0.09 -0.42 0.57 
10.67 12.45 -54.91 0.00 -0.78 1.15 
35.66 19.27 -31.13 0.81 -0.79 0.95 
36.25 11.41 -21.14 0.29 0.52 0.37 
11.92 -2.57 -21.61 0.24 0.41 0.34 
-10.01 0.24 -16.91 0.14 -0.05 0.55 
-35.45 26.32 24.06 -0.05 -0.53 1.18 
-28.86 41.07 33.17 0.64 -0.33 0.68 
12.53 19.70 22.76 0.13 -1.20 1.04 
40.62 72.38 100.56 0.23 0.25 0.46 
-8.81 18.67 126.85 0.47 0.33 0.39 
-23.18 4.29 140.39 0.83 -0.26 0.78 
-6.28 23.24 134.86 0.30 -1.41 1.16 
13.55 19.14 146.58 0.10 -0.57 0.51 
6.53 9.20 164.33 0.00 -0.62 0.48 
19.35 18.23 188.96 0.32 -0.89 1.36 
71.13 17.57 189.61 0.46 0.03 0.13 
12.96 -1.40 186.95 0.18 0.48 0.35 
-20.21 7.91 196.48 -0.06 -0.14 0.43 
-24.06 13.77 221.99 -0.08 -0.90 1.09 
16.62 9.47 247.37 0.56 -0.76 0.84 
7.81 11.64 258.11 0.23 -0.58 0.49 
4.46 18.81 272.97 0.48 -0.50 0.55 
0.78 12.55 266.14 0.49 -1.07 0.94 
32.78 22.70 260.15 0.01 -0.81 0.77 
33.42 26.59 275.74 0.20 -0.17 0.59 
20.10 27.31 303.47 0.17 0.29 0.45 
-0.38 18.91 327.10 0.25 0.26 0.50 
-19.90 -1.06 -311.67 0.48 0.00 0.48 
-17.65 10.14 -305.57 0.80 -0.85 0.88 
13.79 18.29 -303.89 -0.05 -0.91 0.76 
10.30 14.43 -288.13 0.29 -0.70 0.52 
11.08 16.93 -263.91 0.13 -1.02 0.96 
38.24 16.52 -237.53 0.61 -0.71 0.91 
35.59 8.37 -230.50 0.35 0.07 0.51 
18.97 6.61 -230.92 0.31 0.23 0.59 
0.07 7.20 -231.75 0.23 0.23 0.51 
-19.57 10.43 -225.14 0.06 -0.11 0.64 
-16.44 18.66 -203.92 -0.21 -0.95 1.01 
6.70 6.29 -174.12 0.09 -0.82 0.98 
9.07 8.80 -160.89 0.45 -0.45 0.59 
19.98 16.07 -154.40 0.59 -0.03 0.51 
24.42 11.48 -155.80 0.28 -0.65 1.11 
41.84 9.28 -157.20 0.07 -0.57 1.00 
25.47 29.27 -142.44 0.20 0.11 0.40 
1.91 21.56 -119.80 0.18 0.47 0.28 
-22.30 12.19 -100.44 0.39 -0.02 0.54 
-23.03 11.18 -91.81 0.91 -0.79 1.17 
8.92 23.82 -86.66 -0.29 -1.00 0.69 
10.58 13.10 -73.00 0.26 -0.63 0.57 
17.57 12.12 -53.34 0.08 -0.80 0.95 
62.63 -8.14 -56.67 0.37 0.24 0.48 
-1.00 0.00 -60.89 0.41 0.17 0.52 
-16.66 8.03 -52.43 0.15 -0.20 0.54 
-11.92 16.20 -3.88 0.00 -1.32 0.92 
23.97 5.11 17.31 0.71 -0.54 0.57 
1.00 8.29 25.98 0.36 -0.63 0.44 
3.83 17.50 33.59 0.28 -0.67 0.68 
10.04 20.50 39.06 0.64 -0.64 0.65 
21.84 13.73 29.66 0.44 -0.80 0.94 
47.57 34.01 40.69 0.03 -0.45 0.46 
29.10 32.13 72.16 0.15 0.33 0.51 
-2.27 13.33 95.68 0.37 0.40 0.37 
-37.22 7.37 115.91 1.04 -0.48 1.00 
13.85 28.88 116.95 0.18 -1.09 0.74 
9.86 13.02 133.50 0.18 -0.71 0.42 
12.40 7.48 159.75 0.33 -1.04 0.97 
49.25 25.97 178.63 0.73 -0.37 0.78 
28.32 6.20 173.49 0.29 0.25 0.41 
3.03 5.18 167.54 0.27 0.39 0.54 
-9.03 6.62 171.86 0.03 -0.22 0.56 
-14.82 6.44 198.18 0.11 -0.53 0.83 
3.33 8.19 228.66 0.39 -1.30 0.80 
15.94 7.20 244.42 0.59 -0.26 0.43 
5.67 14.63 255.20 0.27 -0.68 0.61 
1.41 17.22 257.51 0.73 -0.55 0.46 
19.35 20.87 253.09 0.43 -1.10 0.94 
33.85 28.45 252.41 0.04 -0.42 0.52 
26.62 25.23 271.15 0.00 -0.04 0.67 
19.94 18.69 297.62 0.07 0.23 0.55 
1.91 16.12 323.92 0.27 0.26 0.54 
-14.78 1.81 -312.77 0.42 -0.04 0.46 
-16.46 3.85 -304.59 0.94 -0.62 0.93 
9.44 26.29 -303.25 0.10 -1.00 0.62 
10.46 13.33 -288.48 0.32 -0.69 0.43 
6.18 10.35 -270.50 0.20 -0.75 0.51 
18.32 14.62 -245.02 0.52 -1.28 0.90 
54.92 19.26 -234.59 0.49 0.01 0.43 
14.60 6.53 -242.33 0.38 0.20 0.58 
-0.03 8.92 -241.87 0.15 0.03 0.49 
-24.31 1.63 -221.87 0.20 -0.28 0.50 
-31.59 10.33 -189.68 0.50 -1.56 0.70 
18.16 9.50 -176.38 0.58 -0.63 0.23 
7.57 12.70 -161.90 0.31 -0.86 0.27 
5.88 14.94 -162.60 1.20 -1.23 0.51 
35.35 26.12 -169.33 0.03 -1.01 0.63 
32.33 26.13 -154.14 0.22 -0.31 0.36 
18.38 19.62 -127.11 0.26 0.22 0.49 
-3.46 12.69 -102.46 0.36 0.25 0.45 
-13.67 -4.12 -87.59 0.77 -0.27 0.56 
-18.20 22.86 -73.14 0.90 -1.28 0.70 
12.62 20.91 -64.47 0.15 -0.69 0.37 
8.28 11.72 -48.87 0.47 -0.70 0.34 
11.70 12.00 -25.72 0.24 -1.19 0.74 
35.50 17.02 -6.11 0.72 -0.78 0.70 
33.21 12.29 -2.48 0.51 0.03 0.42 
13.24 5.09 -10.34 0.37 0.07 0.46 
-3.22 10.73 -9.06 0.18 0.03 0.59 
-17.55 4.78 13.33 0.06 -0.52 0.41 
-17.12 6.25 43.96 0.29 -1.41 0.95 
22.45 6.70 60.69 0.70 -0.65 0.39 
3.98 13.50 72.33 0.40 -0.66 0.25 
-2.11 17.40 78.22 0.86 -0.96 0.44 
27.88 23.37 69.10 0.23 -1.34 0.56 
43.58 28.23 73.53 0.01 -0.44 0.67 
27.24 24.37 99.90 0.18 -0.02 0.27 
-9.06 24.01 138.25 0.40 0.16 0.32 
-31.00 -1.20 151.73 0.91 -0.47 1.17 
10.75 25.44 155.25 0.00 -1.02 0.68 
8.79 12.94 170.28 0.18 -0.77 0.40 
14.88 8.50 194.16 0.28 -1.05 0.86 
43.13 17.24 211.03 0.77 -0.50 0.77 
28.22 4.47 209.27 0.48 0.13 0.38 
7.84 5.10 205.25 0.41 0.21 0.52 
-18.51 7.13 217.98 0.12 -0.14 0.43 
-18.34 15.39 244.67 0.07 -0.97 0.94 
18.80 9.14 271.67 0.75 -0.96 0.57 
3.12 10.88 281.94 0.36 -0.54 0.38 
0.10 18.41 287.05 0.57 -0.80 0.51 
19.70 23.98 278.96 0.27 -1.15 0.59 
37.60 22.83 284.36 -0.03 -0.48 0.85 
25.13 24.34 307.07 0.14 -0.13 0.49 
7.56 16.21 -319.90 0.27 0.27 0.42 
-20.26 0.19 -296.73 0.49 0.06 0.41 
-11.37 3.41 -286.01 1.07 -0.75 1.01 
9.97 21.52 -282.63 0.12 -1.28 0.72 
11.67 14.91 -269.33 0.41 -0.64 0.47 
7.67 11.95 -256.16 0.37 -0.63 0.50 
14.27 16.37 -232.24 0.15 -0.99 0.97 
40.00 15.58 -214.94 0.90 -0.46 0.71 
-31.50 25.98 -197.29 0.16 -0.02 0.54 
-24.47 13.29 -173.32 -0.14 -0.57 0.63 
-0.76 4.77 -145.28 0.47 -1.49 0.89 
18.54 7.19 -132.75 0.59 -0.48 0.34 
1.76 11.29 -121.68 0.24 -0.77 0.50 
7.91 16.43 -109.28 0.39 -0.68 0.42 
-8.23 7.61 -111.25 0.80 -1.05 0.39 
30.96 27.18 -120.44 0.24 -1.14 0.66 
33.80 23.99 -116.45 0.28 -0.49 0.62 
31.33 27.71 -93.84 0.24 0.09 0.41 
13.58 14.77 -65.62 0.32 0.28 0.45 
-12.96 9.37 -39.31 0.58 0.02 0.54 
-19.20 4.83 -22.91 0.76 -0.51 0.58 
-4.08 23.62 -12.73 0.63 -1.50 0.45 
13.75 18.14 -4.75 0.18 -0.82 0.19 
6.37 10.69 11.72 0.23 -0.89 0.32 
25.98 12.03 27.92 0.67 -1.07 0.65 
43.53 23.19 34.54 0.81 -0.58 0.49 
33.08 11.42 25.37 0.45 0.29 0.37 
-0.56 4.78 23.77 0.21 0.11 0.44 
-15.94 8.52 40.04 0.21 -0.23 0.58 
-17.59 8.82 70.89 0.15 -1.07 0.81 
13.90 6.46 97.35 0.64 -1.08 0.87 
14.10 8.99 109.69 0.58 -0.45 0.33 
-0.73 24.57 123.09 0.58 -0.57 0.43 
-1.58 -0.33 123.72 0.59 -0.57 0.41 
4.10 20.23 117.44 0.74 -1.34 0.79 
12.42 12.71 111.19 0.21 -1.08 0.73 
26.52 18.98 111.08 0.15 -0.72 0.82 
15.74 13.61 116.29 0.10 -0.59 0.54 
20.18 19.32 136.99 0.16 0.15 0.47 
10.19 10.41 151.14 0.25 0.12 0.51 
4.09 10.81 171.25 0.41 0.28 0.45 
-4.41 3.35 183.47 0.51 0.15 0.43 
-12.12 6.13 202.81 1.11 -0.91 0.73 
12.35 23.46 211.36 0.16 -0.75 0.45 
12.35 23.46 211.36 0.16 -0.75 0.45 
12.28 14.93 234.70 0.25 -0.75 0.47 
20.73 16.51 264.92 0.73 -1.04 0.90 
9.71 8.71 268.02 0.31 0.10 0.63 
9.71 8.71 268.02 0.31 0.10 0.63 
-5.03 4.57 272.76 0.11 0.04 0.48 
-6.89 0.89 279.41 0.23 -0.14 0.59 
-14.66 5.62 299.33 0.30 -0.83 0.87 
-4.68 7.53 315.46 0.32 -1.02 0.93 
10.60 8.05 -320.46 0.64 -1.10 0.80 
9.01 2.96 -310.76 0.73 -0.51 0.53 
7.15 8.15 -302.26 0.41 -0.52 0.50 
52.45 51.49 -310.00 0.33 -1.31 0.85 
52.45 51.49 -310.00 0.33 -1.31 0.85 
23.96 21.87 -308.17 0.02 -0.44 0.70 
15.55 13.86 -300.64 0.05 -0.12 0.61 
18.93 17.06 -280.89 0.22 -0.06 0.49 
10.02 9.14 -266.97 0.25 0.13 0.44 
-9.58 0.14 -229.49 0.53 0.07 0.43 
20.45 26.70 -200.24 0.33 -0.46 0.58 
20.45 26.70 -200.24 0.33 -0.46 0.58 
4.14 9.05 -185.45 0.29 -0.64 0.59 
4.23 6.75 -173.09 0.30 -0.77 0.90 
24.97 15.36 -157.31 0.64 -0.78 1.14 
20.39 9.63 -150.50 0.79 -0.10 1.00 
26.28 10.16 -149.86 0.51 0.16 0.35 
11.93 1.53 -151.85 0.33 0.06 0.35 
6.66 2.44 -154.67 0.24 0.39 0.58 
0.13 2.62 -154.24 0.11 0.17 0.54 
-8.47 2.86 -145.22 0.09 0.02 0.66 
-6.48 3.03 -136.19 0.14 -0.31 0.81 
-10.65 9.27 -116.47 0.30 -0.68 1.07 
-2.58 6.00 -103.32 0.32 -1.01 0.98 
9.77 7.02 -87.87 0.70 -0.69 0.72 
7.14 4.17 -80.09 0.55 -0.45 0.53 
3.97 8.16 -70.42 0.41 -0.55 0.52 
0.21 5.44 -63.56 0.47 -0.52 0.53 
-4.78 9.87 -59.10 0.95 -0.76 0.63 
3.34 11.87 -62.36 0.75 -1.19 0.62 
34.68 21.44 -70.61 -0.07 -0.93 0.68 
23.71 15.13 -63.18 0.06 -0.27 0.93 
-254.32 311.67 300.42 0.16 -0.12 0.48 
12.21 18.23 -326.61 0.27 0.20 0.46 
-4.01 10.34 -299.88 0.43 0.15 0.49 
-12.34 -1.20 -283.82 0.88 -0.41 0.74 
-8.14 22.69 -279.34 0.71 -0.89 0.79 
13.68 18.62 -271.86 0.20 -0.63 0.46 
9.95 12.34 -257.13 0.58 -0.61 0.52 
11.11 17.96 -242.19 0.49 -0.61 0.51 
8.00 14.84 -230.25 0.45 -0.58 0.53 
12.68 20.07 -204.62 -0.03 -1.03 0.97 
45.00 17.20 -187.01 0.92 -0.53 0.88 
27.05 8.01 -185.11 0.39 0.19 0.47 
9.07 1.48 -189.87 0.22 0.20 0.38 
-16.40 1.34 -183.05 0.14 -0.14 0.44 
-29.07 10.95 -154.42 0.02 -0.71 0.95 
15.09 5.82 -124.75 0.74 -1.28 0.98 
15.38 9.22 -111.68 0.54 -0.32 0.32 
0.97 16.34 -100.18 0.47 -0.53 0.46 
-5.47 19.60 -103.15 0.74 -0.92 0.49 
35.99 30.73 -110.71 0.22 -1.16 0.79 
34.34 23.58 -99.33 0.02 -0.33 0.68 
18.26 22.19 -70.15 0.29 0.11 0.40 
0.79 12.76 -42.15 0.39 0.16 0.38 
-16.64 3.81 -20.71 0.86 -0.37 0.72 
-4.09 21.77 -21.04 0.54 -1.09 0.69 
9.36 16.35 -10.13 0.23 -0.57 0.43 
8.29 11.75 5.57 0.41 -0.67 0.43 
20.84 18.71 27.23 0.41 -0.95 0.97 
38.92 21.90 44.64 0.79 -0.49 0.80 
27.14 6.92 42.37 0.31 0.16 0.38 
0.06 6.32 41.77 0.26 0.19 0.59 
-7.38 6.34 49.80 0.13 -0.24 0.63 
-14.27 9.05 77.36 0.06 -0.56 0.77 
11.59 4.65 105.62 0.58 -1.34 0.87 
15.94 9.64 120.24 0.68 -0.39 0.36 
6.40 14.07 130.04 0.28 -0.66 0.60 
4.86 15.33 141.07 0.50 -0.56 0.44 
0.24 14.56 137.71 0.69 -0.91 0.59 
31.15 28.08 129.07 0.22 -0.90 0.79 
33.13 26.12 137.17 0.14 -0.39 0.65 
23.28 19.78 160.52 0.17 -0.02 0.49 
6.01 17.09 188.93 0.36 0.22 0.50 
-17.95 2.97 212.25 0.59 -0.02 0.50 
-13.18 2.53 223.39 0.96 -0.51 0.90 
6.39 25.99 225.40 0.31 -1.01 0.69 
10.40 15.75 238.79 0.38 -0.55 0.45 
9.04 11.67 252.29 0.44 -0.59 0.52 
17.44 18.19 275.44 0.34 -0.93 0.93 
36.95 23.06 293.69 0.59 -0.28 0.77 
28.85 12.08 299.01 0.39 0.07 0.66 
17.78 5.53 298.72 0.24 0.31 0.52 
-0.46 7.04 301.97 0.10 0.23 0.61 
-13.97 4.74 318.26 0.09 -0.26 0.56 
-14.24 12.13 -294.76 0.28 -1.19 1.07 
18.00 5.52 -273.39 0.80 -0.59 0.45 
