5.38 4.96 56.92 -0.18 0.00 0.21 
-0.12 0.26 80.17 -0.75 -0.02 0.50 
1.97 7.07 91.02 -0.57 -0.30 0.64 
1.97 7.07 91.02 -0.57 -0.30 0.64 
-31.72 -32.35 73.37 -1.11 -0.16 0.26 
-39.97 41.88 -2.96 0.86 -0.88 -0.54 
-39.97 41.88 -2.96 0.86 -0.88 -0.54 
-17.68 7.25 -25.63 1.47 -0.90 -0.65 
-4.58 5.54 -42.41 1.70 -0.61 -0.37 
3.69 -5.38 -52.20 1.13 -0.30 -0.29 
3.58 -4.70 -50.60 0.96 -0.10 -0.21 
5.90 -2.80 -49.70 1.01 -0.05 -0.15 
3.17 -2.45 -48.71 1.03 -0.05 -0.14 
-5.86 -1.63 -31.62 1.21 -0.56 -0.23 
0.17 -2.82 -13.88 1.27 -0.77 -0.39 
7.42 -12.22 22.20 1.11 -1.20 -0.75 
9.79 -10.50 47.69 0.89 -1.00 -0.65 
96.68 7.56 167.61 -0.67 -1.06 0.37 
-5.95 12.65 164.71 0.01 -0.32 0.79 
-24.94 29.40 137.17 -0.03 -0.62 -0.21 
-14.30 22.30 113.51 0.78 -0.61 -0.70 
7.82 17.31 83.18 1.27 -0.51 -0.35 
10.04 -5.84 73.32 1.02 -0.25 -0.29 
4.01 -3.07 77.16 1.05 -0.02 -0.06 
4.71 -2.38 76.83 0.96 -0.07 -0.14 
-5.34 -0.74 91.12 1.29 -0.46 -0.11 
9.86 -21.11 139.63 1.32 -1.04 -1.00 
24.51 -30.42 190.37 0.86 -0.87 -0.76 
14.09 -13.68 227.10 -0.11 -0.08 0.30 
40.26 31.60 229.96 -0.61 0.06 0.91 
1.80 -6.47 224.55 -0.63 -0.10 0.75 
-24.99 -14.93 215.06 -0.94 -0.28 -0.09 
-79.39 99.85 131.05 0.03 -0.18 0.07 
-26.15 24.55 93.74 0.87 -0.52 -0.76 
-2.32 5.54 65.51 1.27 -0.37 -0.40 
8.74 -6.50 64.97 1.12 -0.20 -0.11 
9.64 0.86 65.35 0.87 0.25 -0.35 
4.30 -2.48 66.72 0.98 0.10 -0.28 
-3.18 1.82 76.21 0.97 0.06 -0.28 
3.77 4.59 111.01 1.50 -0.85 -0.41 
23.00 -8.51 162.26 1.29 -0.97 -0.47 
23.86 0.15 213.00 0.45 -0.59 -0.04 
-4.11 -10.05 242.92 -0.28 0.16 0.41 
-3.10 2.97 242.00 -0.79 0.09 0.54 
-4.96 4.47 230.18 -0.63 -0.01 0.50 
-22.42 -35.06 229.91 -0.82 -0.46 0.51 
-97.84 100.30 144.54 0.00 -0.36 -0.04 
-28.53 24.42 116.06 0.45 -0.63 -0.64 
-5.61 14.69 98.88 1.02 -0.47 -0.37 
19.35 -3.61 75.10 1.27 -0.68 -0.13 
12.60 -5.53 75.27 1.00 0.10 -0.14 
5.11 -2.19 75.74 0.99 0.10 -0.22 
3.93 -1.98 77.23 1.00 0.00 -0.20 
5.25 -1.77 78.92 0.98 0.04 -0.21 
-12.07 -2.47 96.35 1.13 -0.38 -0.13 
2.12 -18.90 144.08 1.28 -1.00 -0.81 
17.82 -21.55 195.08 0.84 -0.77 -0.60 
28.25 -16.80 239.36 -0.05 -0.18 -0.02 
10.85 -1.01 253.87 -0.60 0.28 0.49 
3.31 1.46 255.07 -0.87 -0.16 0.41 
36.57 -41.14 229.32 -0.39 -0.74 1.34 
3.35 0.31 231.91 -0.33 -0.65 0.75 
-15.91 45.93 190.79 0.18 -0.03 0.07 
-30.95 18.73 149.10 0.90 -0.86 -0.74 
-6.08 10.89 119.37 1.26 -0.32 -0.53 
10.86 -16.88 107.56 1.14 -0.31 -0.30 
9.40 -0.19 112.96 0.92 0.15 -0.28 
4.77 -2.25 114.61 0.91 0.31 -0.36 
-9.66 0.54 124.05 1.13 -0.11 -0.09 
-12.60 -11.31 170.25 1.22 -0.84 -0.77 
20.85 -30.67 212.26 0.95 -1.00 -0.84 
20.09 -28.57 254.62 0.22 -0.51 -0.11 
9.15 -6.32 274.71 -0.42 0.05 0.58 
7.53 5.75 270.24 -0.56 -0.24 0.83 
-15.71 4.02 268.12 -0.80 -0.35 0.15 
-19.89 -44.87 264.42 -0.89 -0.34 0.37 
0.46 33.29 265.48 0.21 -1.53 2.15 
0.36 3.37 262.70 -0.24 -0.50 0.79 
-15.38 47.35 213.88 0.20 -0.31 -0.19 
-28.52 -1.87 164.58 1.18 -0.65 -0.53 
-2.44 -3.71 136.18 1.64 -0.34 -0.61 
10.68 -1.70 135.39 1.06 -0.02 -0.24 
0.01 -0.73 142.03 0.95 0.34 -0.22 
2.53 -1.56 143.68 0.98 0.12 -0.16 
-17.63 0.19 180.27 1.40 -0.52 -0.17 
5.77 -9.37 230.89 1.31 -1.03 -0.55 
30.68 -10.67 281.88 0.69 -0.79 -0.40 
8.28 -3.18 320.15 -0.35 0.18 0.31 
12.14 -0.01 -326.20 -0.68 0.37 0.48 
4.74 -0.76 -327.42 -0.80 -0.09 0.67 
-37.86 -14.66 312.61 -0.58 -0.12 0.02 
5.52 -20.18 297.35 1.36 -0.14 2.86 
-1.64 3.08 291.30 -0.04 -0.42 0.94 
-32.77 40.98 256.06 0.10 -0.36 -0.14 
-39.68 19.73 215.61 0.92 -0.60 -0.97 
-12.44 6.32 186.74 1.47 -0.34 -0.63 
7.52 -2.63 178.07 1.07 -0.30 -0.09 
4.06 0.98 183.94 0.98 -0.03 -0.26 
5.53 -2.07 187.39 0.94 0.09 -0.23 
3.50 -2.11 190.83 1.07 -0.15 -0.20 
-4.21 -5.50 223.34 1.22 -0.68 -0.61 
24.24 -12.68 274.13 1.22 -1.18 -0.93 
17.37 -12.81 325.12 0.47 -0.65 -0.17 
10.32 -15.34 -293.95 -0.17 0.17 0.34 
22.93 18.46 -292.39 -0.69 0.23 0.76 
-4.49 8.12 -297.69 -0.38 0.20 0.75 
-31.71 -37.32 -302.80 -0.90 -0.31 0.21 
18.34 34.03 -281.37 -0.35 -0.51 0.90 
-11.71 9.53 -285.82 0.01 -0.15 0.97 
-41.34 24.87 -311.87 0.01 -0.28 -0.03 
-33.15 33.56 310.52 1.04 -0.75 -0.69 
10.54 16.34 270.27 1.65 -0.56 -0.37 
-13.09 -13.13 266.28 1.32 -0.13 0.01 
4.66 -2.31 272.38 1.03 0.10 -0.17 
1.09 -2.68 274.97 0.97 0.05 -0.17 
-14.39 -5.67 297.07 1.23 -0.33 -0.10 
3.97 -12.79 -309.81 1.32 -1.00 -0.75 
20.15 -19.12 -258.81 0.78 -0.96 -0.66 
12.66 -16.43 -214.55 -0.08 -0.29 0.11 
3.14 -3.43 -195.29 -0.52 0.34 0.67 
0.55 -0.38 -197.34 -0.81 0.00 0.50 
2.33 7.65 -206.27 -0.61 0.01 0.55 
-25.29 -25.27 -212.14 -0.89 -0.61 0.19 
-21.73 -45.50 -219.75 0.82 -0.22 1.95 
-7.77 10.84 -228.69 0.06 -0.33 0.93 
-28.37 31.42 -260.26 0.05 -0.54 -0.07 
-23.22 29.95 -279.85 0.56 -0.38 -0.67 
-16.77 18.33 -312.51 1.56 -0.50 -0.58 
12.89 -4.98 327.28 1.14 -0.33 -0.18 
13.15 1.65 -323.02 0.95 0.08 -0.23 
7.71 -1.56 -322.36 0.98 0.03 -0.23 
6.84 -1.40 -319.16 1.08 -0.14 -0.24 
1.45 -3.20 -286.71 1.30 -0.62 -0.36 
18.58 -7.62 -242.17 0.97 -1.00 -0.67 
26.68 -15.84 -191.17 0.43 -0.72 -0.41 
12.62 -12.39 -155.04 -0.22 0.01 0.35 
1.09 -1.73 -161.25 -0.13 0.26 1.45 
6.18 2.01 -164.74 -0.57 -0.18 0.68 
-21.51 -3.92 -160.53 -0.99 -0.20 0.13 
-5.43 -41.26 -170.73 -0.35 -0.63 0.90 
-0.03 -3.68 -174.81 -0.20 -0.58 0.99 
-17.60 24.80 -194.58 -0.04 -0.18 0.54 
-40.37 22.85 -219.94 0.17 -0.54 -0.10 
-14.85 31.85 -246.40 1.29 -1.03 -0.81 
18.54 7.67 -294.89 1.58 -0.61 -0.49 
6.56 0.28 -293.42 1.11 -0.33 -0.10 
5.73 0.91 -287.00 0.98 0.07 -0.22 
5.87 -1.75 -286.70 0.99 0.05 -0.20 
-18.48 4.24 -259.44 1.29 -0.53 -0.11 
4.37 -13.59 -213.13 1.19 -1.06 -0.68 
34.43 -19.77 -164.53 0.73 -0.88 -0.68 
6.91 -15.23 -126.81 -0.18 -0.14 0.27 
5.36 -3.36 -111.74 -0.55 0.02 0.57 
16.80 2.20 -114.40 -0.49 -0.29 0.82 
-13.25 -20.77 -125.34 -0.80 -0.45 -0.10 
2.17 -42.82 -133.51 -0.03 -0.82 1.14 
-2.81 6.00 -137.02 -0.02 -0.49 0.96 
-38.76 22.78 -158.39 0.02 -0.30 0.16 
-19.13 17.82 -204.34 0.52 -0.54 -0.62 
-23.44 -1.46 -224.82 1.32 -0.07 -0.35 
12.28 1.26 -243.56 1.32 -0.29 -0.25 
11.63 2.59 -240.43 0.98 0.14 -0.20 
5.66 -1.10 -240.57 0.90 0.24 -0.27 
5.20 1.73 -232.42 1.10 -0.05 -0.15 
15.81 3.60 -199.73 1.50 -0.57 -0.36 
16.12 -4.96 -150.80 1.24 -0.93 -0.37 
18.15 -8.91 -99.55 0.27 -0.53 -0.05 
20.18 0.92 -62.30 -0.33 -0.18 0.38 
-6.21 29.28 -67.05 -0.36 0.22 1.56 
5.37 3.96 -70.03 -0.51 -0.09 0.79 
-20.41 -2.66 -84.68 -0.85 -0.58 0.08 
-4.57 -44.42 -75.97 -0.48 -0.63 0.79 
-1.56 -1.03 -83.51 -0.21 -0.58 0.96 
-25.29 27.94 -115.45 0.02 -0.34 0.23 
-40.22 14.56 -142.93 0.69 -0.84 -0.55 
-21.18 7.54 -165.08 1.26 -0.39 -0.47 
0.82 -9.86 -175.39 1.14 -0.16 -0.29 
9.58 -1.24 -173.26 1.03 0.13 -0.17 
5.65 0.26 -171.91 0.95 0.15 -0.29 
6.10 -1.79 -168.15 0.94 0.06 -0.22 
3.96 -2.19 -164.42 1.00 0.02 -0.20 
-27.79 11.31 -113.43 1.48 -0.35 -0.15 
1.84 -17.68 -73.62 0.94 -1.08 -0.63 
21.33 -18.79 -30.45 0.61 -1.09 -0.40 
13.95 -12.44 8.06 -0.26 -0.18 0.14 
6.31 -8.67 22.74 -0.57 0.08 0.59 
5.11 6.17 24.95 -0.83 -0.04 0.48 
16.64 1.69 23.25 -0.62 -0.11 0.78 
-8.08 3.22 13.45 -0.13 -0.69 1.00 
-41.08 31.73 0.17 -0.08 -0.40 0.42 
-30.34 30.09 -42.29 0.52 -0.84 -0.56 
-11.69 7.52 -60.95 1.13 -0.46 -0.70 
5.40 8.80 -93.21 1.48 -0.17 -0.40 
12.65 1.12 -88.77 0.95 0.17 -0.20 
5.32 -2.40 -87.11 0.94 0.19 -0.18 
3.68 -1.81 -85.82 1.00 0.15 -0.15 
3.63 -2.79 -84.88 1.00 0.08 -0.17 
2.78 -1.05 -80.67 1.03 0.08 -0.14 
-3.63 2.49 -45.41 1.44 -0.47 -0.39 
22.66 -8.38 5.59 1.29 -0.93 -0.73 
23.51 -21.78 56.84 0.36 -0.56 -0.40 
6.83 -6.40 86.03 -0.26 -0.03 0.52 
6.62 -3.71 86.50 -0.97 0.22 0.43 
21.15 5.07 86.27 -0.60 -0.44 0.72 
-25.86 -18.89 91.97 -1.01 0.40 -0.03 
-30.97 19.86 73.09 0.05 -0.24 0.86 
-36.98 26.79 52.17 -0.04 -0.40 0.14 
-29.82 12.89 2.86 0.60 -0.63 -0.47 
-26.03 -0.09 -15.67 1.36 -0.13 -0.55 
-6.60 -3.32 -24.54 1.35 -0.37 -0.43 
15.95 6.62 -22.83 1.04 0.09 -0.29 
4.38 -2.51 -19.98 0.98 0.12 -0.22 
4.39 -1.29 -17.04 1.03 -0.04 -0.17 
4.04 -3.96 -17.23 0.87 0.06 -0.16 
0.72 -0.11 -0.88 1.30 -0.41 -0.18 
11.21 -12.40 49.81 1.30 -1.01 -0.69 
36.47 -16.19 100.80 0.59 -0.66 -0.38 
5.43 -3.94 134.67 -0.42 -0.07 0.32 
24.04 -1.37 141.31 -0.73 -0.01 0.37 
6.51 -2.97 140.87 -0.75 -0.12 0.67 
-12.20 8.04 126.33 -0.72 -0.39 0.55 
-16.04 -32.86 120.52 -0.76 -0.80 0.44 
10.43 -14.36 117.70 -0.41 -0.60 0.75 
0.25 1.34 118.66 -0.15 -0.56 0.88 
-28.84 21.36 105.08 -0.03 -0.28 0.41 
-40.62 21.00 82.92 0.42 -0.76 -0.45 
0.42 25.21 49.51 1.22 -0.50 -0.35 
5.89 -2.05 23.81 1.35 -0.42 -0.40 
14.21 1.53 27.07 0.94 0.00 -0.19 
6.48 -1.82 25.90 1.00 -0.01 -0.22 
3.03 -3.55 27.72 0.97 0.01 -0.16 
6.65 -0.70 27.76 0.99 0.02 -0.16 
-8.52 2.54 49.27 1.39 -0.49 -0.06 
2.23 5.79 98.00 1.40 -1.03 -0.28 
22.71 6.56 149.25 0.69 -0.71 -0.28 
3.90 -6.52 192.66 -0.25 -0.07 0.31 
0.50 -3.73 206.56 -0.59 0.06 0.63 
5.91 -0.54 204.56 -0.84 -0.19 0.64 
4.88 -5.36 202.64 -0.62 -0.13 0.75 
-21.82 -25.73 207.82 -0.64 -0.20 0.52 
2.50 -6.58 197.30 -0.20 -0.55 1.15 
1.04 2.03 195.23 -0.12 -0.50 0.94 
-20.11 36.02 170.65 0.20 -0.32 0.57 
-22.25 33.76 127.65 0.33 -0.86 -0.46 
-6.99 6.90 102.52 1.05 -0.38 -0.30 
4.12 1.99 78.73 1.34 -0.48 -0.06 
16.04 -5.40 81.13 0.97 -0.08 -0.06 
8.62 0.22 81.01 1.01 0.04 -0.16 
8.12 -2.83 80.90 0.97 0.01 -0.12 
6.47 -2.77 80.63 1.08 0.10 -0.11 
-11.58 -2.22 95.01 1.33 -0.18 -0.05 
4.39 -5.29 137.40 1.24 -0.80 -0.51 
16.81 -21.97 181.60 0.89 -1.04 -0.51 
25.04 -4.13 231.12 -0.02 -0.28 0.08 
7.70 -3.10 254.69 -0.46 -0.02 0.42 
-2.65 -3.33 260.34 -0.57 0.00 1.10 
14.44 2.41 258.88 -0.64 -0.18 0.75 
-7.26 -3.50 253.01 -0.78 -0.14 0.30 
-20.92 -39.94 245.56 -0.60 -0.55 0.64 
0.31 3.09 245.91 -0.36 -0.75 0.75 
-18.00 6.70 245.13 -0.09 -0.02 0.85 
-35.82 26.58 220.84 0.07 -0.55 -0.30 
-37.93 32.48 205.25 0.94 -0.88 -1.24 
13.35 27.38 175.96 1.32 -0.57 -0.61 
13.34 -7.81 167.47 1.06 -0.16 -0.20 
5.27 -3.22 170.79 0.98 0.08 -0.18 
2.94 -2.53 170.90 1.00 0.07 -0.21 
4.42 -1.51 172.90 0.98 0.02 -0.23 
3.56 -2.35 173.79 0.96 0.04 -0.24 
4.04 -1.46 174.02 1.01 -0.06 -0.21 
31.29 -32.25 266.38 1.07 -1.07 -0.80 
31.29 -32.25 266.38 1.07 -1.07 -0.80 
9.39 -15.72 305.40 0.48 -0.61 -0.42 
9.85 -7.89 -326.51 0.11 -0.41 -0.13 
9.70 -8.11 -306.38 -0.32 -0.03 0.39 
5.67 -1.94 -297.72 -0.46 0.09 0.62 
-7.75 0.43 -296.96 -1.02 0.00 0.37 
4.41 1.62 -296.64 -0.93 -0.15 0.51 
5.74 2.59 -299.74 -0.59 -0.15 0.76 
-0.49 2.50 -303.22 -0.58 -0.29 0.50 
-130.75 122.28 252.85 0.07 -0.34 0.16 
-16.04 13.01 216.22 0.43 -0.45 -0.30 
-12.04 -3.53 188.00 1.20 -0.32 -0.34 
-0.14 -2.40 171.00 1.32 -0.52 -0.55 
12.57 -0.31 172.51 0.97 0.13 -0.27 
5.81 -2.06 173.88 0.97 0.10 -0.25 
-7.60 -1.56 194.88 1.19 -0.35 -0.20 
-9.50 -9.22 245.87 1.29 -0.87 -0.61 
22.65 -16.99 293.33 0.76 -0.96 -0.54 
18.36 -11.89 -314.99 -0.11 -0.22 0.06 
8.91 -5.24 -298.05 -0.58 0.08 0.49 
15.13 6.74 -296.84 -0.95 0.03 0.51 
10.45 6.75 -299.85 -0.67 -0.09 0.59 
-22.56 -23.98 -313.63 -0.87 -0.05 0.16 
10.68 -23.14 -323.52 -0.26 -0.94 1.00 
-0.35 -0.69 -324.38 -0.19 -0.62 1.00 
-31.08 31.18 315.16 0.03 -0.21 0.43 
-42.80 18.65 255.66 0.87 -0.72 -0.58 
-12.49 3.27 213.79 1.82 -0.63 -0.41 
14.84 -15.58 216.38 1.29 -0.41 -0.05 
4.92 -3.06 219.12 0.95 0.12 -0.26 
5.73 -2.50 220.14 0.98 0.16 -0.13 
2.78 -3.27 221.17 1.02 0.06 -0.17 
3.49 -1.44 223.80 1.05 0.04 -0.14 
-29.57 -1.15 274.80 1.50 -0.80 -0.26 
18.57 -11.47 325.79 0.94 -0.97 -0.56 
7.52 -7.58 -278.57 0.18 -0.60 0.06 
6.36 -5.27 -248.55 -0.39 0.06 0.48 
7.17 11.06 -246.22 -0.74 0.32 1.04 
11.62 4.35 -248.38 -0.61 -0.17 0.83 
-28.03 -24.49 -261.71 -0.85 -0.28 -0.02 
-0.67 -33.15 -266.29 -0.30 -0.63 0.97 
-1.51 -1.50 -268.78 -0.20 -0.59 1.06 
-19.15 27.56 -285.08 -0.04 -0.21 0.67 
-32.11 31.73 -324.34 0.17 -0.59 -0.18 
-20.31 4.85 296.77 1.17 -0.59 -0.60 
14.45 1.24 254.81 1.60 -0.61 -0.46 
-13.83 -0.38 259.29 1.22 -0.38 0.36 
6.19 1.11 261.81 0.97 0.11 -0.26 
6.56 -0.83 260.89 1.01 0.02 -0.19 
3.73 -0.75 263.29 0.96 0.03 -0.17 
-8.28 -26.06 -264.58 1.14 -0.81 -0.45 
25.30 -18.56 -219.77 0.66 -0.94 -0.62 
6.18 -12.31 -176.31 -0.06 -0.36 0.13 
9.86 -0.02 -153.43 -0.52 -0.20 0.57 
-8.52 5.32 -151.88 -0.97 0.11 0.35 
3.83 5.80 -158.47 -0.70 -0.05 0.63 
-30.08 -32.74 -159.21 -0.91 -0.40 -0.04 
-35.64 36.04 -188.79 -0.05 -0.15 0.87 
-27.32 28.55 -225.15 0.05 -0.59 -0.08 
-19.30 7.16 -263.84 0.86 -0.64 -0.52 
-15.35 3.91 -289.72 1.29 -0.30 -0.25 
-0.92 -11.98 -293.72 1.19 -0.31 -0.24 
11.67 2.25 -290.00 0.93 0.05 -0.28 
6.55 -0.51 -288.93 0.98 0.12 -0.21 
3.65 -1.61 -286.99 1.03 0.04 -0.17 
3.46 -1.87 -284.61 0.97 0.01 -0.17 
-18.72 -3.06 -266.18 1.18 -0.40 -0.18 
4.19 -7.09 -214.92 1.25 -0.88 -0.64 
19.63 -19.04 -164.98 0.61 -0.69 -0.52 
17.59 -11.64 -121.46 -0.14 -0.23 0.23 
3.90 -1.36 -101.55 -0.65 0.17 0.43 
7.05 10.14 -100.12 -0.87 -0.07 0.74 
0.24 4.21 -105.42 -0.67 0.06 0.69 
-36.47 -50.27 -111.49 -0.87 -0.49 0.23 
0.15 22.43 -108.50 -0.19 -0.97 1.09 
-4.62 5.33 -115.68 0.05 -0.23 0.92 
-28.35 31.66 -141.32 -0.17 -0.52 0.18 
-16.08 16.69 -179.88 0.53 -0.86 -0.26 
-24.45 14.20 -212.00 1.43 -0.76 -0.27 
-7.15 -2.08 -223.97 1.07 -0.38 -0.22 
16.82 -4.53 -225.89 1.09 -0.05 -0.07 
7.36 -2.70 -225.08 0.94 0.13 -0.18 
3.93 -2.54 -224.27 1.01 0.04 -0.16 
5.92 -2.46 -223.94 1.01 -0.02 -0.17 
4.82 -2.40 -222.45 0.98 0.05 -0.16 
-37.95 -9.07 -183.94 1.33 -0.65 -0.07 
6.55 -19.66 -141.89 1.08 -0.81 -0.72 
21.71 -18.02 -102.26 0.52 -0.84 -0.63 
27.59 -16.74 -63.07 -0.10 -0.44 -0.07 
14.91 -4.89 -41.85 -0.55 0.06 0.47 
2.43 9.76 -40.78 -0.65 -0.10 1.11 
3.29 0.08 -48.13 -0.62 -0.02 0.64 
-23.19 -17.30 -62.42 -0.86 -0.42 0.26 
2.92 -38.87 -66.58 -0.28 -0.80 1.17 
2.20 3.03 -66.75 -0.18 -0.61 0.95 
-15.75 23.36 -82.67 -0.07 -0.05 0.69 
-25.10 27.35 -131.72 0.39 -0.67 -0.25 
-41.55 -9.26 -155.33 1.33 -0.29 -0.58 
-0.63 6.50 -181.30 1.28 -0.17 -0.20 
-17.52 -7.93 -184.78 1.13 -0.16 -0.10 
5.62 -3.06 -181.88 0.98 0.08 -0.20 
5.09 -1.67 -180.77 0.96 0.08 -0.23 
3.21 -2.47 -179.08 0.98 0.05 -0.21 
-2.59 0.03 -168.70 1.11 -0.22 -0.19 
-10.55 -4.75 -121.64 1.40 -0.89 -0.43 
25.95 -17.10 -71.72 0.87 -0.96 -0.62 
14.99 -11.04 -22.97 0.09 -0.58 -0.14 
9.89 -6.30 3.03 -0.47 0.00 0.43 
3.88 -4.04 7.62 -0.69 0.06 0.63 
10.54 13.70 5.10 -0.52 -0.15 0.68 
-27.01 -21.65 -3.92 -0.91 -0.11 0.05 
0.53 -12.64 -1.54 -0.18 -0.55 1.21 
-2.16 1.25 -5.00 -0.19 -0.43 0.89 
-25.11 28.91 -37.68 0.13 -0.34 0.30 
-21.87 15.22 -86.74 0.79 -0.65 -0.36 
-8.42 7.48 -107.50 1.27 -0.62 -0.41 
-0.93 -5.08 -127.02 1.31 -0.22 -0.23 
4.28 -2.69 -122.31 1.10 0.09 -0.09 
5.12 -1.29 -120.94 0.96 0.17 -0.28 
-0.53 1.01 -117.62 1.03 0.04 -0.17 
-9.75 1.11 -87.91 1.28 -0.43 -0.14 
0.29 -9.03 -39.97 1.15 -1.00 -0.48 
39.52 -17.22 23.52 0.46 -0.64 -0.22 
8.60 -9.30 59.44 -0.32 -0.04 0.44 
6.28 -0.23 64.60 -0.55 0.19 0.80 
9.70 2.34 60.49 -0.56 -0.10 0.85 
-27.17 -23.39 43.72 -0.79 -0.15 -0.11 
6.38 -24.29 37.98 -0.56 -0.68 1.13 
-4.65 4.52 32.79 -0.05 -0.44 1.09 
-25.16 33.42 -6.07 0.18 -0.54 0.18 
-29.91 20.36 -45.54 0.61 -0.93 -0.47 
-21.09 8.41 -77.54 1.34 -0.55 -0.54 
-5.38 -1.69 -96.17 1.27 -0.29 -0.37 
9.76 2.66 -94.81 0.99 0.12 -0.22 
5.68 -1.69 -93.53 0.95 0.13 -0.30 
1.14 -2.88 -91.14 1.01 0.05 -0.17 
-1.34 -2.78 -86.22 1.07 0.07 -0.13 
-8.81 -3.81 -38.13 1.34 -0.97 -0.53 
26.78 -23.53 12.61 1.04 -1.07 -0.88 
8.52 -20.94 61.03 0.15 -0.30 -0.07 
10.07 -4.99 81.84 -0.48 0.05 0.54 
8.96 -1.72 77.54 -0.81 -0.07 0.61 
0.60 -9.92 65.62 -0.85 -0.27 -0.06 
-6.70 -35.01 66.83 -0.63 -0.51 0.85 
-7.70 -2.69 63.08 -0.46 -0.54 0.92 
-19.91 29.49 37.75 0.15 -0.15 0.62 
-29.32 28.19 -11.31 0.38 -0.67 -0.28 
-12.80 -9.88 -40.58 1.10 -0.22 -0.35 
3.28 4.01 -74.62 1.62 -0.40 -0.35 
0.98 -1.86 -71.00 1.10 -0.01 -0.12 
9.75 1.36 -68.71 0.94 0.11 -0.23 
1.85 -3.18 -67.28 1.03 0.01 -0.20 
-14.35 -1.55 -29.57 1.40 -0.75 -0.36 
10.37 -29.16 21.03 1.15 -1.08 -1.09 
26.43 -35.61 72.03 0.55 -0.33 -0.06 
35.67 4.96 95.94 -0.50 0.43 0.31 
4.53 1.46 94.15 -0.80 -0.19 0.48 
-4.71 -5.01 86.92 -0.74 -0.26 0.10 
-43.99 65.10 25.03 0.07 -0.20 0.74 
-33.55 27.04 -17.51 0.31 -0.93 -0.26 
-8.16 19.61 -50.02 0.97 -0.80 -0.57 
2.77 9.09 -95.99 1.68 -0.56 -0.35 
17.81 3.20 -91.27 1.02 -0.05 -0.18 
9.23 -0.85 -90.21 0.95 0.14 -0.27 
3.79 -3.40 -90.08 1.03 0.02 -0.21 
-5.00 -0.52 -81.84 1.22 -0.19 -0.08 
0.15 -1.75 309.17 1.01 -0.10 -0.13 
-3.34 -2.14 323.92 1.05 -0.55 -0.39 
0.17 -17.04 -288.93 1.18 -1.10 -0.86 
25.21 -22.24 -245.86 0.49 -1.01 -0.58 
10.69 -18.14 -210.93 -0.12 -0.34 -0.09 
6.75 -14.76 -195.89 -0.44 0.15 0.63 
-1.26 7.80 -196.00 -0.60 -0.03 0.83 
-4.95 6.33 -211.20 -0.55 -0.46 0.23 
-15.41 -22.88 -225.11 -0.95 -0.45 0.46 
-6.20 18.81 -217.78 0.30 -1.87 1.76 
-14.33 22.12 -232.15 0.04 -0.38 0.58 
-28.92 36.42 -263.13 0.26 -0.56 -0.66 
-31.84 48.74 -263.96 1.39 -0.50 -0.73 
14.92 7.80 -290.26 1.14 -0.72 -0.36 
3.19 -3.42 -289.46 0.99 -0.30 -0.11 
0.45 -1.63 -288.62 1.02 -0.07 -0.06 
0.17 -0.03 -287.76 1.00 -0.14 -0.12 
-24.82 -5.40 -258.65 1.17 -1.04 -0.39 
11.14 -22.97 -211.76 1.19 -1.26 -0.83 
14.60 -25.99 -164.83 0.49 -0.66 -0.33 
10.54 -15.56 -128.94 -0.22 -0.06 0.24 
25.91 15.26 -126.86 -0.77 0.09 1.18 
-6.36 9.39 -141.03 -0.46 0.04 0.59 
-19.55 -18.39 -149.79 -0.79 -0.84 0.21 
5.94 -11.25 -169.61 -0.54 -0.76 0.80 
-8.34 8.72 -168.65 0.08 -0.36 0.86 
-35.16 47.69 -209.06 0.14 -0.35 -0.38 
4.65 35.00 -249.26 1.15 -0.85 -0.89 
-1.30 17.12 -289.64 1.72 -0.89 -0.93 
5.55 0.02 -286.02 1.01 0.07 -0.23 
-0.70 -0.25 -285.98 0.99 -0.01 -0.24 
33.17 -43.55 -182.72 -0.26 0.21 0.88 
-0.13 7.75 -188.27 -0.46 -0.31 0.82 
-14.33 0.62 -214.95 -0.45 -0.33 0.10 
-26.94 -34.13 -218.65 -0.47 -0.52 0.59 
-10.36 -2.31 -219.22 -0.35 -0.57 0.44 
-17.11 21.93 -232.67 0.17 -0.16 0.65 
-43.39 22.69 -268.13 0.26 -0.48 -0.60 
-44.11 16.09 -285.14 1.12 -0.27 -0.84 
16.08 7.94 -292.42 0.92 0.09 -0.39 
-1.08 0.00 -291.67 0.98 0.01 -0.32 
-1.61 1.94 -287.82 0.95 -0.05 -0.35 
4.91 -6.70 -243.43 1.43 -1.08 -0.81 
33.00 -15.03 -193.53 1.07 -1.01 -0.92 
24.70 -14.83 -145.29 0.15 -0.20 -0.04 
11.63 -6.59 -126.63 -0.37 0.23 0.51 
-10.47 6.03 -126.59 -0.65 -0.09 0.69 
-28.72 2.12 -137.97 -0.70 -0.73 -0.03 
-3.95 -18.29 -135.03 -0.71 -0.84 0.98 
1.29 3.70 -134.91 -0.15 -0.65 0.74 
-28.22 49.26 -168.03 0.24 0.03 0.30 
-35.43 29.07 -217.67 1.00 -0.57 -0.90 
-20.16 13.22 -260.23 1.99 -0.53 -0.82 
12.80 3.43 -259.41 1.02 0.12 -0.30 
7.80 3.29 -258.23 0.94 0.17 -0.38 
-0.36 0.77 -256.57 0.95 0.08 -0.27 
-2.30 3.25 -251.60 0.95 0.07 -0.27 
-14.43 -3.90 -229.33 1.16 -0.61 -0.40 
18.07 -15.10 -180.83 1.22 -1.13 -0.90 
17.45 -18.58 -130.17 0.72 -0.70 -0.64 
2.13 -20.09 -88.32 0.00 0.08 0.41 
-21.83 1.71 -89.97 -0.63 -0.27 0.78 
1.64 15.90 -99.99 -0.32 -0.17 0.85 
-12.05 -22.77 -98.66 -0.98 -0.87 -0.06 
-26.46 -38.16 -110.54 1.34 -1.27 2.94 
-8.44 6.43 -114.15 0.00 -0.41 0.89 
-40.28 41.95 -147.29 0.24 -0.23 -0.15 
-47.53 10.46 -171.45 1.04 -0.47 -1.06 
5.33 27.10 -202.20 1.39 -0.75 -0.78 
4.50 -1.66 -200.34 0.97 -0.25 -0.23 
2.08 -0.99 -196.42 0.99 0.10 -0.24 
-0.73 -0.85 -197.09 0.97 0.05 -0.22 
1.01 0.11 -196.03 0.97 -0.05 -0.24 
-11.40 -7.46 -162.10 1.29 -0.85 -0.59 
26.01 -15.59 -117.32 1.22 -0.84 -0.82 
17.66 -16.84 -70.18 0.51 -0.86 -0.55 
17.11 -16.32 -37.03 -0.07 0.16 0.50 
4.84 9.66 -40.02 -0.45 -0.30 0.97 
-12.91 -7.79 -44.80 -1.03 -0.34 -0.28 
4.85 -29.70 -47.47 -0.08 -0.79 1.09 
-10.78 3.59 -49.78 -0.03 -0.94 1.19 
-18.88 37.75 -73.02 0.09 -0.13 0.43 
-10.94 16.18 -158.82 1.20 -0.56 -0.75 
8.99 0.92 -155.45 0.95 -0.11 -0.28 
6.30 2.52 -153.81 0.90 0.09 -0.30 
0.77 0.27 -154.60 0.95 0.00 -0.28 
0.59 -0.82 -153.04 0.97 -0.05 -0.27 
-3.61 -4.68 -122.87 1.12 -0.70 -0.54 
15.90 -15.97 -76.33 1.20 -1.12 -0.90 
19.48 -21.72 -28.39 0.41 -0.67 -0.41 
11.16 -11.37 6.41 -0.23 0.03 0.44 
-2.72 8.49 1.35 -0.58 -0.12 0.86 
-16.80 3.45 6.13 -0.82 -0.59 0.22 
-28.21 -45.04 0.84 -0.25 -0.71 1.03 
-15.68 1.35 4.30 -0.43 -0.93 0.96 
-10.05 9.56 1.75 0.17 -0.26 1.07 
-37.68 42.85 -37.22 0.00 -0.18 -0.20 
-36.17 22.56 -86.87 1.38 -0.72 -1.11 
5.81 22.43 -128.49 1.56 -0.83 -0.91 
3.45 -2.68 -124.65 0.96 0.06 -0.23 
2.45 -0.36 -122.19 0.97 0.00 -0.23 
2.41 -2.94 -106.30 1.23 -0.58 -0.34 
8.77 -5.57 -67.83 1.28 -1.08 -0.54 
23.22 -7.91 -21.30 0.75 -0.88 -0.54 
22.43 -9.73 20.85 0.10 -0.36 0.00 
14.94 -0.50 43.60 -0.46 0.52 0.74 
-1.46 2.77 42.22 -0.67 -0.28 0.75 
-21.86 -1.54 21.66 -0.58 -0.30 0.47 
-27.63 -43.69 9.05 -0.66 -0.95 0.32 
-3.52 17.87 15.87 -0.67 -0.70 0.64 
-7.89 4.19 16.25 0.00 -0.41 0.81 
-42.43 48.25 -1.95 0.12 -0.21 -0.28 
-30.18 36.12 -29.99 0.96 -0.61 -0.81 
-0.63 14.99 -74.39 1.55 -0.60 -0.93 
-0.03 1.04 -73.54 1.05 -0.14 -0.24 
1.46 -0.65 -71.76 0.86 0.17 -0.36 
0.05 -1.31 -71.51 1.02 -0.11 -0.26 
-2.15 -2.67 -34.93 1.39 -0.87 -0.65 
23.78 -14.85 14.65 1.40 -1.21 -0.74 
29.52 -16.52 65.31 0.54 -0.31 -0.35 
25.66 -3.81 91.75 -0.32 0.76 0.46 
-10.27 3.91 86.63 -0.54 -0.07 0.88 
-39.14 -13.51 39.95 -0.63 -0.46 -0.10 
-2.02 -15.37 46.76 -0.45 -1.31 0.50 
-12.83 -13.71 44.72 -0.14 -0.93 0.64 
-43.96 38.08 36.91 0.08 -0.07 0.25 
-30.71 36.11 -2.78 0.72 -0.34 -1.10 
-9.27 1.20 -32.61 1.19 -0.54 -0.76 
7.10 3.83 -27.34 0.95 0.06 -0.35 
1.22 0.25 -26.68 0.90 0.20 -0.39 
-1.77 -0.67 -25.67 0.98 0.04 -0.32 
-7.34 -4.08 9.08 1.32 -0.83 -0.62 
24.45 -19.67 54.89 1.26 -1.06 -1.23 
32.01 -26.18 105.55 0.63 -0.53 -0.50 
16.08 -5.37 135.68 -0.13 0.14 0.46 
-14.04 6.46 135.12 -0.63 0.11 0.96 
-25.49 1.94 115.52 -0.36 -0.47 0.28 
-23.88 -44.12 115.30 -0.38 -0.81 0.88 
-7.42 -4.12 115.18 0.13 -1.03 1.17 
-29.02 35.95 93.60 0.03 -0.21 0.38 
-36.21 37.75 53.27 0.63 -0.58 -0.62 
-18.69 18.50 18.51 1.50 -0.62 -0.64 
4.67 3.49 3.25 1.25 -0.47 -0.28 
5.95 6.04 8.10 1.07 -0.23 -0.17 
1.91 0.09 9.06 0.91 0.10 -0.29 
1.61 -0.16 8.46 1.07 -0.19 -0.14 
-13.40 2.55 55.54 1.29 -0.85 -0.53 
22.12 -8.85 102.06 0.98 -1.01 -0.61 
19.07 -10.66 152.72 0.42 -0.58 -0.24 
8.96 -8.15 178.63 -0.27 0.06 0.61 
-6.75 4.57 172.01 -0.52 -0.17 0.77 
-39.15 -11.85 146.64 -0.46 -0.44 0.31 
-8.12 -25.02 146.80 -0.44 -0.93 0.70 
-4.09 -2.19 145.27 -0.24 -0.93 0.81 
-30.72 33.26 124.73 0.08 -0.16 0.41 
-42.23 27.95 88.81 0.51 -0.63 -0.59 
-33.22 13.30 67.46 1.28 -0.42 -0.67 
7.30 8.35 71.26 0.94 0.20 -0.26 
-64.30 -18.35 179.74 1.27 -0.60 -0.41 
14.86 -18.53 217.12 1.03 -0.91 -0.92 
9.09 -27.52 262.14 0.38 -0.70 -0.43 
13.29 -16.47 291.36 -0.21 0.00 0.35 
31.22 20.03 293.38 -0.69 -0.34 1.23 
-8.17 9.50 287.97 -0.30 -0.23 0.77 
-24.07 -20.44 279.82 -0.75 -0.57 0.23 
12.90 -21.09 273.65 -0.35 -0.65 1.10 
-5.03 2.43 270.92 0.03 -0.40 0.82 
-36.84 33.41 244.38 0.03 -0.27 0.12 
-32.04 22.90 205.73 0.91 -0.67 -0.78 
-22.26 10.39 176.50 1.32 -0.14 -0.45 
-4.62 -11.58 173.97 1.13 -0.21 -0.23 
9.39 4.23 176.49 1.00 0.02 -0.25 
0.63 -0.36 178.44 0.91 0.24 -0.22 
-0.94 -0.64 177.66 1.02 0.04 -0.21 
-4.65 -0.77 181.90 1.09 -0.06 -0.11 
-16.95 -10.06 219.11 1.32 -0.75 -0.52 
25.18 -20.23 264.41 1.01 -0.98 -0.90 
18.61 -16.92 314.95 0.01 -0.48 -0.02 
8.19 -1.36 -316.72 -0.49 0.07 0.49 
-0.44 2.03 -317.88 -0.73 -0.01 0.77 
-6.84 10.42 -320.80 -0.39 -0.20 0.72 
-24.13 -16.51 -322.41 -0.78 -0.47 0.13 
-2.78 -17.95 327.46 -0.59 -0.45 1.07 
-3.67 7.21 323.18 -0.20 -0.50 0.80 
-45.37 37.86 301.71 0.08 -0.30 0.10 
-29.86 31.40 272.27 0.87 -0.75 -0.58 
2.08 15.89 222.63 1.90 -0.59 -0.46 
-1.94 -3.01 215.56 1.06 -0.38 -0.19 
9.44 5.68 221.17 0.98 0.14 -0.19 
0.46 -1.97 220.68 0.94 0.14 -0.27 
4.11 0.24 219.88 1.04 -0.04 -0.12 
-13.30 -0.97 268.40 1.38 -0.76 -0.51 
32.45 -6.65 319.05 1.18 -0.53 -0.71 
16.05 -6.18 -285.90 0.09 -0.48 0.18 
2.58 -5.23 -260.62 -0.40 -0.15 0.42 
7.73 24.93 -266.18 -0.53 -0.34 1.35 
2.33 6.28 -272.65 -0.50 -0.17 0.81 
-30.62 -12.83 -292.40 -0.60 -1.08 0.12 
-3.43 -19.74 -301.25 -0.50 -0.81 1.01 
0.35 3.71 -302.71 -0.08 -0.83 0.80 
-33.02 35.58 -326.38 0.06 -0.21 0.24 
-43.99 24.11 290.40 0.77 -0.53 -0.70 
-23.21 19.34 262.22 1.47 -0.35 -0.58 
3.08 -6.04 241.69 1.17 -0.19 -0.20 
3.85 3.92 245.94 0.98 -0.01 -0.29 
6.02 1.17 247.04 0.82 0.20 -0.33 
-0.03 0.53 248.36 1.01 0.03 -0.19 
-7.39 -0.17 259.87 1.23 -0.22 -0.14 
7.46 5.93 298.66 1.26 -0.70 -0.63 
11.50 -15.10 -318.67 0.86 -0.86 -0.69 
20.04 -9.66 -274.15 0.14 -0.61 -0.18 
4.44 -14.15 -242.33 -0.37 -0.08 0.60 
0.20 -3.99 -238.10 -0.93 0.12 0.62 
-5.95 8.02 -240.91 -0.44 -0.24 0.79 
-26.35 -24.38 -259.69 -0.64 -0.74 0.35 
4.15 -4.27 -259.52 -0.36 -0.80 0.96 
-4.71 0.33 -262.61 0.06 -0.43 0.89 
-37.84 30.26 -287.60 0.04 -0.27 0.03 
-33.25 27.27 -310.71 0.61 -0.66 -0.77 
-30.17 11.38 318.53 1.23 -0.21 -0.71 
24.12 5.79 295.59 1.14 -0.22 -0.32 
11.67 8.43 296.70 0.97 0.17 -0.26 
2.16 -1.37 299.95 0.88 0.24 -0.22 
-1.40 -1.20 301.58 1.03 0.13 -0.14 
1.19 1.06 301.80 0.97 0.07 -0.23 
-0.53 -1.40 303.16 0.99 0.06 -0.19 
-15.82 -3.93 -321.90 1.36 -0.52 -0.23 
2.50 -12.31 -271.50 1.21 -0.93 -0.69 
25.84 -17.87 -222.83 0.52 -0.75 -0.40 
9.95 -15.09 -182.78 -0.18 -0.31 0.22 
9.16 -2.95 -168.31 -0.59 0.29 0.71 
-3.38 1.46 -173.36 -0.68 -0.07 0.76 
-9.95 11.04 -192.42 -0.70 -0.24 0.32 
-19.92 -13.30 -202.00 -0.88 -0.97 0.34 
-12.72 -24.24 -207.32 -0.30 -0.37 1.13 
-18.77 12.67 -214.97 0.20 -0.22 0.84 
-39.04 30.67 -245.21 0.04 -0.48 -0.40 
-30.13 21.97 -265.87 0.77 -0.37 -0.88 
-0.46 -2.64 -311.13 1.26 -0.65 -0.70 
5.47 -2.13 -308.83 0.99 0.02 -0.35 
2.83 1.28 -308.65 1.01 0.08 -0.38 
6.71 1.27 -307.81 0.92 -0.01 -0.33 
-6.79 1.76 -304.63 0.99 -0.01 -0.24 
-23.36 -3.49 -278.12 1.23 -0.65 -0.46 
50.39 -48.03 -206.60 0.96 -0.95 -1.11 
1.87 -1.08 -203.54 0.88 -0.86 -1.12 
23.11 -20.90 -168.68 0.02 -0.11 0.14 
4.36 -7.67 -157.44 -0.19 0.08 0.44 
11.60 4.39 -159.47 -0.31 0.07 1.00 
-4.11 3.08 -160.36 -0.68 -0.10 0.72 
-4.73 9.98 -163.75 -0.40 -0.04 0.68 
-6.38 5.04 -172.76 -0.87 -0.38 0.21 
-12.49 -31.79 -173.89 -0.65 -0.70 0.39 
0.72 -14.03 -172.85 -0.08 -0.91 1.27 
-6.62 -2.87 -173.98 -0.12 -0.97 1.12 
-6.56 3.76 -176.89 0.16 -0.25 0.92 
-27.21 35.06 -186.28 0.04 -0.06 -0.05 
-19.03 25.29 -200.30 0.35 -0.21 -0.53 
-12.39 22.78 -237.79 1.46 -0.72 -1.11 
-10.71 12.50 -259.13 1.95 -0.62 -0.90 
-4.24 -12.91 -268.20 1.34 -0.22 -0.13 
7.20 2.11 -268.23 1.01 -0.04 -0.26 
2.48 0.31 -266.89 0.84 0.23 -0.35 
1.82 0.71 -266.96 0.90 0.25 -0.32 
2.39 0.79 -266.65 0.93 0.10 -0.34 
1.32 -0.17 -266.37 0.89 0.19 -0.37 
2.00 0.59 -265.71 0.93 0.11 -0.31 
0.94 1.12 -264.24 0.94 0.12 -0.30 
-2.68 -0.06 -258.29 1.14 -0.16 -0.32 
-7.39 0.08 -242.00 1.32 -0.46 -0.31 
-1.58 -8.05 -203.95 1.28 -0.92 -0.87 
10.95 -4.69 -179.00 1.09 -1.17 -0.83 
22.70 -6.14 -140.94 0.61 -0.72 -0.35 
11.78 -1.80 -115.99 0.07 -0.21 -0.02 
21.83 27.37 -89.48 -0.70 0.31 0.65 
39.24 -22.76 -112.56 -0.35 -0.75 1.38 
39.24 -22.76 -112.56 -0.35 -0.75 1.38 
-7.05 3.50 -109.31 -0.07 -1.19 1.09 
-2.60 1.42 -110.43 -0.12 -0.53 0.89 
-24.60 29.03 -129.20 0.20 -0.30 0.35 
-24.85 25.08 -152.95 0.32 -0.37 -0.21 
16.50 20.23 -190.19 1.00 -0.43 -0.72 
-5.83 -6.64 -208.42 1.65 -0.17 -0.19 
-15.94 -21.52 -234.21 1.62 -0.21 -0.25 
12.31 0.92 -231.57 1.42 -0.01 0.04 
5.49 1.43 -228.33 0.81 0.20 -0.39 
0.03 -0.80 -226.68 0.94 0.34 -0.33 
-0.84 -1.57 -225.79 0.95 0.23 -0.24 
0.65 0.50 -225.18 0.94 0.24 -0.28 
0.69 -0.66 -221.29 0.95 0.15 -0.25 
0.55 -14.49 -66.71 -0.60 0.34 0.56 
-56.32 -32.08 -103.99 -0.91 -0.36 0.13 
-14.64 -39.59 -108.65 -0.41 -0.85 0.78 
-19.36 8.57 -114.58 -0.21 -0.49 0.53 
-46.26 34.74 -140.12 0.18 -0.56 0.20 
-30.04 24.42 -190.01 0.96 -0.47 -0.83 
-33.85 -5.86 -218.77 1.76 0.11 -0.75 
11.81 0.60 -208.31 1.07 0.06 -0.20 
0.61 0.46 -204.18 0.79 0.35 -0.42 
0.61 0.46 -204.59 1.03 0.10 -0.24 
-2.92 3.17 -195.15 1.03 0.03 -0.33 
15.66 2.90 -131.89 1.52 -0.97 -0.79 
50.16 16.83 -68.88 0.85 -0.65 -0.25 
0.80 5.06 -22.41 -0.27 0.05 0.46 
21.79 12.04 -24.12 -0.78 0.39 1.08 
-14.75 0.87 -38.09 -0.61 0.00 0.46 
-23.54 -43.63 -31.85 -0.63 -1.15 0.75 
-5.53 1.30 -34.42 -0.10 -0.88 1.06 
-31.14 33.95 -61.11 -0.01 -0.13 0.20 
-30.88 30.39 -110.76 0.78 -0.62 -0.85 
-22.11 13.49 -157.68 1.82 -0.12 -0.82 
0.59 -8.04 -144.11 1.11 -0.21 -0.34 
5.25 4.34 -146.43 0.92 0.40 -0.32 
-1.63 -1.71 -145.61 0.86 0.19 -0.43 
1.09 2.48 -143.95 0.88 0.24 -0.37 
-7.46 -0.04 -126.19 1.11 -0.15 -0.44 
19.81 -9.92 -75.79 1.54 -1.10 -1.06 
22.28 -18.81 -25.64 0.63 -0.49 -0.67 
13.47 -4.41 14.62 -0.03 0.21 0.45 
4.47 9.63 18.64 -0.88 0.66 0.58 
-16.66 -0.26 -2.19 -0.46 0.03 0.35 
-20.56 -49.40 4.46 0.33 0.01 2.15 
-16.94 11.03 0.73 0.14 -0.23 0.99 
-35.21 49.64 -48.92 0.51 -0.45 -0.83 
-35.50 16.71 -81.20 1.61 -0.42 -0.67 
6.29 -27.42 -101.50 1.23 -0.20 -0.13 
8.74 3.23 -101.56 0.95 0.07 -0.34 
-0.40 -2.24 -103.09 0.96 0.10 -0.33 
-2.68 -1.25 -100.35 1.13 -0.07 -0.14 
-3.51 -1.13 -49.95 1.54 -0.84 -0.57 
26.23 -4.82 0.46 1.02 -1.01 -0.76 
17.57 -17.26 50.61 0.23 -0.34 -0.11 
9.33 -4.49 76.90 -0.27 0.23 0.71 
3.66 6.54 69.49 -0.58 0.18 0.82 
-38.21 -5.65 61.47 -0.64 -0.62 0.04 
13.23 -36.87 52.91 -0.54 -1.14 1.49 
-7.94 2.41 46.41 0.04 -0.19 0.85 
-41.92 49.40 8.92 0.38 -0.02 -0.71 
26.21 14.02 11.01 1.02 -0.03 -0.55 
5.19 2.46 10.37 0.91 0.29 -0.36 
-2.79 0.83 15.09 0.98 0.04 -0.32 
-1.35 8.63 65.24 1.85 -0.81 -0.86 
15.04 -17.20 114.11 1.08 -1.02 -0.83 
23.02 -18.78 166.20 0.07 -0.33 -0.01 
14.51 -10.00 185.37 -0.35 0.01 0.70 
5.10 5.01 175.96 -0.49 -0.07 0.99 
-19.64 15.63 156.89 -0.56 -0.05 0.13 
-31.62 -29.70 151.56 -0.97 -0.57 -0.02 
33.24 47.21 169.35 -0.40 -1.27 0.07 
-22.35 12.68 157.94 0.07 -0.19 0.85 
-31.34 24.88 138.43 0.04 -0.38 -0.39 
-38.75 25.45 120.07 0.96 -0.12 -0.82 
2.82 -1.46 94.43 1.07 -0.58 -0.75 
8.28 2.07 92.94 0.96 0.09 -0.43 
-0.50 -0.37 93.79 0.86 0.19 -0.39 
-0.85 1.69 96.06 0.95 -0.07 -0.30 
0.97 1.06 97.48 0.92 0.03 -0.37 
-19.37 -4.02 109.03 1.17 -0.43 -0.31 
-7.95 -38.09 -181.80 -0.82 -0.82 0.91 
-4.15 3.84 -175.42 -0.19 -0.68 1.01 
-32.19 40.69 -193.11 -0.02 -0.12 0.14 
-35.25 22.76 -224.57 0.73 -0.24 -0.51 
-21.82 24.40 -237.16 1.55 -0.41 -0.37 
7.66 2.99 -224.65 1.19 -0.36 -0.04 
10.29 11.00 -204.60 0.93 0.15 -0.09 
2.10 6.92 -189.43 1.00 0.12 -0.11 
2.73 6.36 -175.25 1.05 -0.05 -0.03 
-19.50 -0.21 -129.15 1.37 -0.88 -0.39 
13.60 -5.88 -64.82 1.37 -1.07 -0.69 
28.64 -9.13 -0.16 0.59 -0.53 -0.22 
13.57 0.12 43.69 -0.35 0.18 0.29 
13.49 23.60 62.23 -0.88 -0.05 0.58 
-10.22 22.55 64.57 -0.43 -0.31 0.52 
-57.51 -59.29 73.12 1.61 0.22 1.83 
-6.12 14.26 78.23 -0.06 -0.19 0.82 
-0.03 86.01 26.68 1.37 -0.67 -0.79 
19.82 -4.73 21.51 1.15 -0.38 -0.11 
6.08 11.64 43.53 1.06 0.05 -0.10 
4.71 8.02 59.76 0.96 0.07 -0.15 
2.33 5.90 73.27 1.00 -0.01 -0.15 
3.00 6.56 88.17 1.03 -0.11 -0.12 
-3.99 -4.20 147.11 1.33 -1.06 -0.62 
26.57 -17.80 212.10 1.14 -1.04 -1.00 
15.72 -13.63 274.69 0.17 -0.16 0.07 
14.63 10.94 289.21 -0.20 -0.04 1.52 
13.22 19.43 299.14 -0.49 -0.21 0.78 
-25.61 -20.87 305.49 -1.15 -0.24 -0.06 
6.11 42.13 -323.99 -0.53 -1.75 1.41 
-8.72 19.12 -316.33 -0.01 -0.38 0.91 
-32.50 45.15 327.31 0.00 -0.13 -0.11 
-34.98 48.69 310.82 0.95 -0.59 -0.98 
-26.00 25.99 287.28 1.65 -0.67 -0.45 
0.82 5.69 300.37 1.12 -0.19 -0.02 
3.45 10.83 318.29 0.97 0.07 -0.18 
1.67 7.25 -321.50 0.96 0.01 -0.14 
1.13 7.60 -306.50 1.03 -0.16 -0.06 
-9.29 1.63 -228.99 1.33 -1.09 -0.60 
32.38 -15.05 -164.65 1.23 -1.17 -0.76 
14.33 -10.90 -103.41 0.09 -0.07 0.24 
5.10 1.78 -79.37 -0.46 0.24 0.49 
6.65 10.07 -71.02 -0.64 -0.09 0.79 
-21.13 -4.16 -66.86 -0.75 -0.14 -0.09 
15.32 -17.06 -66.53 -0.16 -0.79 1.51 
-6.26 14.72 -59.28 -0.07 -0.26 0.96 
-35.89 36.12 -82.34 0.08 -0.15 0.08 
-31.60 23.70 -117.73 1.12 -0.47 -0.80 
-4.71 26.78 -153.12 2.12 -0.52 -0.71 
4.56 8.01 -138.28 1.14 -0.05 -0.01 
4.75 12.34 -119.95 0.98 0.15 -0.29 
5.58 6.02 -106.40 0.99 0.11 -0.11 
-1.13 7.94 -88.82 1.11 -0.07 -0.01 
-17.44 -15.97 -23.83 1.56 -1.50 -0.74 
17.59 -15.33 40.83 1.06 -0.78 -0.80 
16.53 -5.68 97.75 0.08 -0.24 -0.12 
21.28 4.84 135.25 -0.56 0.41 0.47 
-0.20 19.52 141.45 -0.35 0.28 0.90 
-46.02 -19.14 124.43 -0.75 -0.70 -0.31 
3.57 -24.19 128.05 -0.62 -0.88 1.01 
-1.93 4.04 139.20 -0.25 -0.68 0.88 
-26.86 45.82 115.54 0.15 -0.32 0.04 
-30.91 25.28 80.15 0.70 -0.27 -0.51 
-12.88 23.34 73.07 1.59 0.18 -0.44 
12.47 11.72 95.64 0.99 -0.12 -0.08 
4.62 7.62 112.25 0.91 0.28 -0.23 
2.39 7.37 128.38 0.92 0.18 -0.15 
-15.24 5.43 162.20 1.18 -0.33 -0.17 
27.79 7.55 225.05 1.41 -0.87 -0.58 
31.03 0.70 290.03 0.98 -0.87 -0.46 
2.78 -0.28 -306.35 -0.07 -0.01 0.27 
6.15 0.87 -287.98 -0.60 0.62 0.88 
-4.71 14.54 -284.42 -0.39 -0.14 0.60 
-41.30 -35.60 -258.33 -1.00 -0.68 0.25 
-13.21 12.30 -249.14 -0.79 -0.46 0.58 
-28.27 48.01 -255.87 0.05 -0.29 0.16 
-15.36 54.32 -282.57 0.31 -0.49 -0.66 
33.59 34.46 -304.86 1.13 -0.57 -0.93 
-17.65 6.30 -286.32 1.29 -0.81 -0.10 
-1.12 9.03 -265.85 0.94 0.13 -0.29 
4.14 7.88 -249.53 0.97 0.06 -0.13 
-13.57 5.85 -223.73 1.18 -0.25 -0.19 
1.00 -2.86 -158.75 1.38 -1.18 -0.80 
25.08 -9.10 -94.41 0.88 -0.74 -0.64 
19.31 -1.57 -43.25 -0.19 0.05 0.30 
9.91 3.65 -26.50 -0.51 0.32 0.87 
-4.67 12.16 -14.57 -0.83 -0.15 0.25 
-23.36 -36.12 -17.54 -0.51 -0.53 0.67 
-12.70 7.49 -16.87 -0.31 -0.20 0.81 
-41.89 49.67 -43.67 0.31 -0.20 0.10 
-12.69 5.36 -78.89 1.12 -0.38 -0.73 
-1.90 23.07 -90.57 1.42 -0.54 -0.33 
21.94 20.52 -75.39 0.93 0.19 -0.20 
4.95 10.34 -58.45 0.99 0.21 -0.19 
0.60 6.60 -43.50 1.01 0.11 -0.12 
4.38 6.89 -29.85 1.00 0.04 -0.13 
-27.02 -11.88 34.81 1.59 -0.92 -0.68 
11.60 -27.55 99.15 0.92 -0.81 -1.01 
39.50 -16.57 150.90 0.10 -0.23 0.06 
10.01 2.64 181.70 -0.50 0.13 0.66 
10.82 21.12 193.22 -0.52 0.04 0.82 
-37.26 -12.13 197.86 -0.69 -0.25 0.01 
5.15 -33.34 191.99 -0.13 -0.52 1.22 
-8.43 14.69 201.10 0.04 0.00 0.94 
-45.68 35.47 171.82 0.28 -0.21 -0.18 
-37.79 9.38 136.25 1.39 -0.53 -0.67 
14.19 26.21 107.95 2.05 -0.48 -0.56 
12.12 14.16 119.96 0.92 0.17 -0.12 
0.21 7.94 134.86 1.00 0.11 -0.16 
-2.94 5.22 153.69 1.05 -0.01 -0.10 
-57.12 4.51 234.52 1.51 -1.07 -0.45 
19.22 -23.45 293.56 1.09 -1.07 -1.00 
24.29 -10.82 -297.88 0.27 -0.06 -0.11 
8.56 1.11 -265.78 -0.45 0.16 0.53 
2.72 9.59 -255.25 -0.65 -0.18 0.64 
-8.90 14.84 -248.82 -0.66 -0.28 0.35 
2.11 -30.48 -257.15 -0.23 -0.53 1.42 
-5.65 9.29 -247.94 0.13 -0.04 1.00 
-32.05 43.53 -283.16 0.40 -0.37 -0.12 
-21.65 -9.86 -301.97 1.09 -0.62 -0.29 
-11.04 13.58 -324.30 1.97 -0.37 -0.30 
5.17 12.38 -297.05 1.21 0.05 0.20 
2.38 10.51 -277.60 0.98 0.24 -0.15 
2.74 5.20 -263.03 0.98 0.07 -0.07 
-12.98 3.39 -237.08 1.19 -0.05 -0.01 
-5.66 -5.14 -172.75 1.34 -1.17 -0.78 
34.70 -13.01 -107.76 0.93 -0.97 -0.75 
16.27 0.00 -53.08 -0.04 -0.14 0.10 
5.76 3.83 -26.36 -0.68 0.21 0.64 
4.89 29.71 -11.08 -0.52 -0.03 0.63 
-22.02 -23.81 -5.20 -1.11 -0.49 0.05 
1.07 14.38 16.84 0.47 -0.76 2.04 
-17.05 24.22 13.48 -0.13 -0.23 0.67 
-15.93 32.55 -21.91 0.30 -0.91 -0.46 
-50.39 2.76 -40.15 1.55 -0.26 -0.48 
-12.30 12.61 -39.28 1.17 -0.62 -0.37 
-2.30 9.78 -19.53 0.98 0.22 -0.20 
4.68 0.12 -3.92 0.97 0.27 -0.17 
-8.44 4.35 20.25 1.26 -0.08 0.00 
-7.95 3.02 83.23 1.34 -0.99 -0.39 
17.27 -6.66 147.89 0.76 -0.89 -0.69 
15.08 -0.75 204.74 -0.11 -0.26 0.06 
15.37 8.03 239.42 -0.57 -0.02 0.55 
16.33 13.98 257.21 -0.85 -0.17 0.63 
-33.14 0.38 258.53 -0.95 0.08 -0.15 
5.85 -35.71 268.23 -0.77 -0.47 0.74 
-0.18 11.33 276.82 -0.04 -0.66 1.00 
-34.28 34.31 263.90 -0.19 -0.13 0.18 
-15.82 20.25 228.50 0.68 -0.50 -0.57 
-32.62 8.61 225.25 1.22 0.19 -0.56 
1.78 -1.54 248.71 1.06 0.00 -0.07 
7.16 8.93 265.98 0.97 0.20 -0.28 
1.45 7.97 281.02 1.02 0.20 -0.12 
-26.92 -2.80 -320.25 1.31 -0.54 -0.38 
10.48 -10.01 -258.84 1.11 -0.95 -0.90 
27.65 -13.47 -196.02 0.56 -0.71 -0.65 
24.75 3.48 -142.73 -0.23 -0.22 0.09 
4.44 4.56 -121.55 -0.74 0.26 0.69 
-4.58 6.09 -114.18 -0.33 -0.32 1.04 
-9.32 -14.93 -98.48 -1.01 0.00 0.26 
3.80 95.77 -147.99 1.38 -0.67 -0.68 
-12.40 19.66 -156.80 1.48 -0.40 -0.39 
-2.65 9.67 -133.48 0.96 0.03 -0.13 
4.04 8.11 -116.89 1.01 0.04 -0.14 
-9.18 3.66 -92.47 1.16 -0.20 -0.06 
-10.53 -4.66 -33.11 1.16 -1.08 -0.53 
17.66 -10.32 27.08 0.84 -0.95 -0.73 
21.72 -4.37 84.98 0.06 -0.49 0.00 
8.09 4.72 121.42 -0.58 0.09 0.44 
-0.48 19.93 135.26 -0.36 0.27 1.30 
-7.13 15.22 141.30 -0.72 -0.04 0.64 
-15.11 -15.55 148.44 -0.72 0.21 0.17 
-6.15 -27.42 170.73 0.16 -0.15 1.75 
-6.64 13.15 177.20 -0.17 -0.37 0.81 
-44.04 29.59 154.90 0.17 -0.40 0.02 
-36.59 12.15 119.50 0.97 -0.52 -0.67 
-17.46 26.93 107.52 1.75 0.07 -0.36 
6.03 8.96 147.17 1.21 0.08 0.05 
6.64 12.22 166.27 0.99 0.21 -0.20 
2.95 8.07 179.80 0.98 0.16 -0.10 
-25.69 4.12 223.85 1.45 -0.63 -0.11 
12.49 -3.29 287.65 1.31 -1.00 -0.58 
19.61 2.75 -304.70 0.64 -0.89 -0.32 
8.16 10.35 -247.53 -0.31 -0.12 0.23 
8.64 7.25 -218.62 -0.67 0.14 0.53 
7.90 10.80 -206.93 -0.64 -0.23 0.62 
-12.43 13.98 -191.90 -0.90 0.00 0.20 
-5.18 -36.01 -185.42 -0.68 -0.54 0.65 
-3.63 11.74 -174.33 -0.14 -0.73 1.32 
-20.31 22.46 -173.79 -0.21 -0.11 0.70 
-37.29 28.59 -209.18 0.59 -0.81 -0.28 
-7.32 6.65 -229.74 1.26 -0.44 -0.45 
-10.20 11.24 -236.33 1.64 -0.43 -0.43 
9.32 9.72 -224.81 0.91 -0.01 -0.19 
0.15 25.76 -176.44 1.03 -0.04 -0.16 
-16.89 7.31 -135.28 1.26 -0.47 -0.19 
-2.27 -5.17 -72.70 1.17 -1.03 -0.75 
22.66 -6.93 -8.48 0.45 -0.91 -0.57 
28.62 4.56 45.36 -0.27 -0.11 0.14 
0.18 5.70 69.37 -0.63 0.12 0.53 
6.54 9.24 81.17 -0.70 -0.17 0.73 
-12.93 0.58 90.70 -0.82 0.08 0.08 
-3.54 -37.20 94.79 -0.48 -0.54 1.23 
-0.96 12.53 103.00 -0.13 -0.44 1.01 
-31.47 36.57 86.91 -0.11 -0.13 0.39 
-35.60 16.44 59.87 0.45 -0.68 -0.37 
-11.65 16.62 55.40 0.86 -0.25 -0.67 
-4.40 20.04 49.51 1.27 -0.44 -0.64 
2.97 12.80 68.73 1.03 0.09 -0.15 
91.73 74.93 186.79 -0.52 0.53 0.83 
3.00 24.24 177.25 -0.35 0.56 0.53 
-42.15 -4.10 170.66 -0.78 -0.30 0.29 
-11.01 35.42 198.01 -0.36 -0.85 0.63 
-16.70 28.29 196.54 0.00 -0.15 0.63 
-28.60 29.24 163.67 0.51 -0.56 -0.43 
-10.98 12.71 150.06 1.13 -0.21 -0.54 
-7.86 13.65 145.56 1.45 -0.48 -0.37 
2.96 6.45 163.69 1.03 -0.12 -0.07 
4.01 8.61 179.89 0.97 0.12 -0.14 
3.42 7.55 193.49 0.97 0.01 -0.16 
0.68 6.86 209.03 0.99 0.00 -0.04 
-18.79 5.42 247.05 1.27 -0.70 -0.24 
1.10 -7.87 310.68 1.06 -1.06 -0.66 
33.19 -15.28 -279.69 0.75 -1.03 -0.71 
21.15 -2.23 -224.51 -0.15 0.13 0.27 
22.92 2.13 -203.85 -0.45 0.41 0.70 
-7.99 15.25 -202.42 -0.31 0.26 0.56 
-22.07 -0.89 -202.43 -1.05 -0.41 0.12 
-15.84 -22.64 -183.74 -0.75 -0.59 0.84 
-5.71 10.00 -178.59 -0.17 -0.35 0.76 
-33.13 47.90 -213.16 0.10 -0.46 0.00 
5.40 8.94 -248.55 1.25 -0.63 -0.22 
-34.19 0.13 -269.94 1.97 -0.22 -0.35 
-2.43 12.21 -249.30 1.00 0.15 -0.13 
5.06 21.19 -207.26 1.04 -0.04 -0.04 
-26.21 5.23 -153.06 1.35 -0.87 -0.22 
14.91 -19.91 -88.40 1.17 -1.26 -0.79 
35.77 -21.18 -23.42 0.64 -0.52 -0.31 
8.69 -4.56 14.15 -0.23 0.30 0.51 
-3.94 13.72 24.27 -0.60 0.02 0.81 
-16.28 5.31 23.70 -0.78 0.00 0.05 
8.95 -40.34 37.17 -0.35 -0.73 1.07 
-15.05 13.90 39.65 -0.07 -0.21 0.86 
-38.96 35.99 -4.59 0.72 -0.64 -0.61 
7.85 21.98 -16.96 1.28 -0.52 -0.32 
-4.86 -3.38 -14.70 1.21 -0.67 -0.30 
9.44 9.40 -2.39 1.01 0.14 -0.24 
-1.82 12.34 20.60 1.01 0.06 -0.13 
0.29 0.02 21.63 1.00 0.06 -0.16 
2.08 8.20 38.33 1.03 0.00 -0.10 
-0.35 3.13 48.17 1.12 -0.15 -0.17 
-28.04 -12.46 96.99 1.58 -1.15 -1.06 
5.65 -12.03 125.55 1.22 -0.90 -1.01 
13.93 -14.57 165.95 0.60 -0.74 -0.91 
7.77 -8.39 194.03 0.33 -0.69 -0.47 
24.90 -4.89 227.75 -0.16 -0.01 0.21 
7.48 4.47 246.67 -0.37 0.09 0.55 
10.09 9.35 253.72 -0.48 0.35 1.33 
1.14 7.08 261.64 -0.70 -0.04 0.69 
-11.57 9.09 264.33 -0.82 -0.15 0.27 
-13.46 1.49 274.32 -0.85 0.06 0.09 
-5.12 -10.04 271.44 -0.73 -0.38 0.80 
-1.12 -1.86 276.37 -0.34 -0.77 1.34 
-5.33 6.62 280.75 -0.22 -0.35 0.77 
-9.79 12.30 278.18 -0.04 -0.01 0.66 
1.36 3.44 225.09 1.14 -0.63 -0.24 
14.39 18.63 233.34 0.91 0.30 -0.21 
14.39 18.63 233.34 0.91 0.30 -0.21 
3.97 6.38 245.17 0.92 0.19 -0.14 
-0.37 3.08 253.13 0.95 0.23 -0.18 
-0.13 5.21 265.13 1.02 0.14 -0.12 
-0.01 2.98 273.49 1.08 0.05 -0.09 
-2.84 7.27 311.76 1.44 -0.40 -0.13 
-4.49 2.01 -311.27 1.47 -0.97 -0.42 
10.97 -5.34 -263.10 1.04 -1.16 -0.63 
14.89 -3.65 -230.45 0.54 -0.66 -0.42 
10.82 -1.35 -190.16 -0.13 -0.15 0.12 
2.18 2.73 -168.17 -0.26 0.04 0.41 
2.55 1.95 -153.26 -0.50 0.25 0.59 
-10.60 6.34 -148.51 -0.88 -0.01 0.72 
-3.37 16.84 -143.43 -0.44 -0.25 0.59 
-9.38 1.68 -144.27 -0.77 -0.17 0.01 
-18.14 -23.22 -133.22 -0.83 -0.57 0.54 
8.63 -9.98 -131.36 -0.22 -0.55 1.47 
1.82 3.39 -126.81 -0.30 -0.54 0.78 
-5.96 9.94 -122.17 0.04 -0.11 0.86 
-27.57 36.93 -137.82 0.15 -0.23 0.09 
-18.18 20.91 -155.52 0.49 -0.62 -0.43 
-23.98 6.65 -171.24 1.08 -0.55 -0.59 
-10.46 15.96 -175.46 1.43 -0.15 -0.59 
-0.59 4.69 -183.44 1.38 -0.75 -0.57 
3.07 3.80 -171.14 1.12 -0.13 -0.02 
4.00 8.80 -156.91 1.08 -0.07 -0.21 
2.78 5.41 -145.79 0.99 0.17 -0.20 
1.49 5.61 -134.40 0.94 0.08 -0.22 
0.93 2.69 -128.29 1.02 0.00 -0.18 
3.16 4.39 -118.26 1.03 -0.07 -0.15 
-10.23 5.47 -88.30 1.28 -0.52 -0.20 
28.87 -7.52 73.16 -0.19 0.03 0.31 
108.88 99.38 103.91 -0.03 -0.67 1.89 
-9.32 22.18 109.52 0.04 -0.24 0.88 
-42.09 36.36 86.72 0.08 -0.23 0.02 
-17.84 19.62 51.32 1.29 -0.41 -0.58 
-20.77 -13.18 29.36 2.32 -0.24 -0.54 
12.35 22.22 48.19 1.02 0.25 -0.19 
-0.92 4.85 67.52 0.88 0.23 -0.23 
3.93 6.97 81.38 1.02 0.14 -0.13 
2.66 8.45 96.03 1.06 0.04 -0.11 
-19.33 0.56 135.31 1.21 -0.29 -0.25 
5.39 -11.72 200.29 1.18 -1.08 -0.88 
34.03 -21.68 264.95 0.61 -0.51 -0.71 
17.00 5.49 305.39 -0.32 0.12 0.43 
1.68 10.49 320.17 -0.70 0.01 0.64 
7.08 12.82 -321.93 -0.83 -0.23 0.51 
-0.90 18.63 -312.26 -0.98 -0.18 0.19 
-20.16 48.39 -291.61 0.04 -0.16 0.88 
-31.73 39.99 -326.07 0.11 -0.56 -0.01 
-19.04 10.63 297.44 0.77 -0.54 -0.25 
-17.01 7.16 281.70 1.70 -0.19 -0.43 
-4.37 5.27 310.26 1.19 -0.04 0.01 
5.31 16.12 -327.14 1.03 0.03 -0.14 
2.50 8.88 -311.19 0.95 0.12 -0.14 
0.75 5.27 -298.08 1.01 0.07 -0.12 
-4.38 3.94 -278.59 1.15 -0.10 -0.03 
-11.35 -2.06 -213.93 1.24 -1.18 -0.71 
34.67 -21.60 -150.23 0.90 -0.99 -1.04 
23.58 -9.59 -88.80 0.09 -0.14 0.23 
8.83 4.78 -64.94 -0.61 0.51 0.50 
0.38 12.64 -52.30 -0.72 0.00 0.55 
-29.37 -27.86 -51.67 -0.95 -0.24 0.17 
-40.02 30.38 -19.36 -0.17 -0.19 0.84 
-36.81 34.81 -40.05 0.39 -0.40 -0.37 
-45.64 13.85 -60.77 1.35 -0.54 -0.57 
2.34 18.47 -86.38 1.74 -0.24 -0.54 
3.02 2.45 -63.86 1.00 0.10 -0.14 
3.52 10.12 -47.53 0.88 0.20 -0.33 
-0.71 6.07 -31.99 0.97 0.01 -0.27 
4.79 7.58 -16.23 1.03 0.00 -0.22 
-10.33 0.12 48.43 1.42 -0.64 -0.56 
27.81 -2.24 113.09 1.04 -1.04 -0.92 
24.41 2.98 177.75 0.04 -0.17 0.02 
9.64 8.76 206.35 -0.60 0.03 0.45 
5.70 17.84 218.85 -0.79 -0.21 0.62 
-17.32 8.74 224.24 -0.82 -0.37 0.06 
-21.34 -36.05 227.63 -0.55 -0.16 0.70 
7.73 19.65 249.09 -0.28 -0.31 0.76 
-9.74 26.92 241.67 0.03 -0.09 0.86 
-36.37 22.23 206.28 0.19 -0.41 -0.02 
-10.18 -1.75 170.88 1.19 -0.34 -0.31 
-0.25 10.05 144.51 1.85 -0.15 -0.35 
1.62 13.12 174.29 1.21 -0.07 -0.03 
3.13 12.43 195.64 0.95 0.17 -0.17 
1.56 7.85 209.81 0.97 0.11 -0.06 
2.64 6.17 222.99 0.99 0.08 -0.03 
-11.91 2.43 246.79 1.08 -0.09 -0.06 
-18.77 -7.39 311.45 1.25 -0.93 -0.73 
21.00 3.51 -254.61 -0.43 0.23 0.41 
2.74 11.77 -244.60 -0.69 0.12 0.69 
11.25 17.73 -239.46 -0.62 0.00 0.62 
-38.66 -21.36 -230.69 -0.88 -0.25 0.02 
13.68 3.31 -220.53 -0.13 -0.31 1.36 
-7.69 10.79 -212.38 -0.12 -0.24 0.88 
-38.08 44.56 -225.68 -0.03 -0.34 -0.28 
-24.94 33.32 -250.70 0.94 -0.57 -0.51 
-13.12 24.57 -269.90 1.57 -0.34 -0.37 
14.33 6.10 -255.21 1.13 -0.20 -0.08 
5.52 9.00 -237.47 0.93 0.13 -0.22 
7.20 7.88 -223.40 1.05 0.03 -0.13 
2.28 7.20 -207.85 0.97 0.08 -0.15 
3.29 7.70 -192.45 1.00 0.01 -0.16 
-0.04 6.68 -177.05 1.00 0.00 -0.13 
-33.43 3.16 -112.39 1.36 -0.91 -0.49 
11.25 -19.04 -56.74 0.92 -1.08 -1.00 
15.51 -16.53 6.14 0.35 -0.61 -0.38 
13.06 -3.29 50.83 -0.25 0.14 0.46 
6.05 19.60 66.18 -0.90 0.81 0.76 
28.66 -14.11 68.77 -0.24 -0.66 1.33 
-8.92 14.87 72.05 -0.05 -0.23 0.83 
-32.14 37.58 40.49 0.17 -0.34 -0.19 
-18.38 13.18 12.31 1.22 -0.54 -0.58 
9.23 10.57 -17.99 1.80 -0.67 -0.51 
5.45 12.57 -2.24 1.01 0.01 -0.17 
2.82 6.10 14.15 0.96 0.14 -0.19 
5.63 7.50 27.51 0.98 0.09 -0.21 
5.03 6.78 41.63 0.95 0.08 -0.27 
2.97 8.25 56.48 1.00 0.05 -0.25 
1.53 6.71 71.99 0.98 0.02 -0.24 
1.25 8.16 87.64 0.98 0.05 -0.23 
0.93 8.01 101.85 1.01 0.03 -0.22 
-13.24 8.54 139.19 1.40 -0.69 -0.21 
5.38 -9.12 203.53 1.46 -1.23 -1.00 
37.45 -16.45 268.19 0.62 -0.21 -0.38 
22.41 6.15 306.42 -0.29 0.14 0.43 
11.36 5.14 315.12 -0.59 -0.28 0.80 
-18.16 -4.47 321.88 -0.91 -0.08 0.02 
2.63 -14.22 327.03 -0.70 -0.50 0.95 
-7.13 4.34 -322.74 0.00 -0.50 1.00 
-45.38 33.79 309.04 0.05 -0.15 -0.32 
-23.35 23.58 273.65 1.60 -0.92 -0.72 
-14.63 16.23 256.05 1.77 -0.22 -0.55 
-0.70 6.73 278.51 0.92 0.12 -0.32 
8.13 8.98 294.30 0.93 0.22 -0.23 
4.05 9.77 308.51 1.01 0.11 -0.21 
0.24 9.27 325.42 0.98 0.08 -0.18 
-31.45 2.11 -265.60 1.37 -0.75 -0.35 
6.43 -23.11 -206.58 1.04 -1.03 -1.09 
23.85 -18.33 -144.58 0.39 -0.69 -0.39 
12.07 9.46 -99.84 -0.51 0.47 0.31 
3.88 12.08 -85.33 -0.90 0.69 0.57 
-28.02 8.39 -89.51 -0.64 -0.33 0.23 
0.58 -28.54 -80.98 -0.69 -1.21 1.21 
-8.10 8.77 -77.10 -0.05 -0.32 0.91 
-39.66 36.46 -112.67 0.20 -0.24 -0.24 
-27.32 11.88 -147.88 1.44 -0.18 -0.82 
13.75 14.95 -177.89 1.96 -0.75 -0.61 
7.80 7.55 -168.71 0.86 0.07 -0.32 
1.55 6.93 -148.77 0.91 0.22 -0.27 
4.39 11.85 -131.28 0.93 0.12 -0.22 
2.29 4.73 -118.27 0.96 -0.03 -0.24 
6.06 7.71 -105.43 0.92 0.12 -0.22 
-5.81 8.92 -79.73 1.49 -0.61 -0.13 
13.34 -2.53 -14.75 1.38 -1.12 -0.91 
20.17 -8.29 49.91 0.66 -0.42 -0.28 
15.72 5.49 89.09 -0.35 0.37 0.48 
-2.87 12.48 102.18 -0.85 -0.12 0.40 
-11.97 15.97 109.45 -0.72 -0.15 0.49 
-33.50 -35.55 118.86 -0.86 -0.73 0.45 
-7.49 13.11 123.67 -0.13 -0.39 0.89 
-36.42 39.60 88.43 0.22 -0.12 -0.29 
-11.41 25.42 53.03 1.38 -0.16 -0.63 
7.07 5.47 29.25 1.59 -0.65 -0.39 
1.87 11.17 38.79 0.99 -0.01 -0.35 
5.60 9.91 53.54 0.93 0.17 -0.23 
2.41 7.85 69.76 1.01 0.11 -0.15 
2.72 9.59 87.62 0.97 0.09 -0.14 
-27.92 -4.08 152.60 1.50 -0.79 -0.35 
15.28 -9.21 216.94 1.13 -1.15 -0.97 
43.59 -5.59 281.92 0.29 -0.10 -0.10 
14.71 9.23 315.95 -0.65 0.24 0.44 
6.81 12.47 321.35 -0.71 -0.20 0.73 
-20.61 16.46 -323.25 -0.23 -0.57 0.73 
-37.44 41.82 316.11 0.15 -0.15 0.17 
-27.11 30.76 280.54 0.80 -0.62 -0.65 
-25.87 20.98 262.25 1.97 -0.33 -0.64 
5.11 0.90 285.40 1.23 -0.15 0.03 
17.40 15.41 300.96 0.89 0.22 -0.37 
0.70 8.62 314.64 1.01 0.08 -0.17 
