50.79 -48.56 -40.96 0.03 0.40 0.25 
45.59 23.09 -15.07 -0.35 -0.84 -0.06 
-1.16 2.79 -11.33 -0.56 0.35 0.73 
-48.20 -49.06 15.57 0.75 -0.36 -1.78 
-4.63 -29.03 35.03 -1.25 0.23 1.46 
-0.92 -1.75 34.90 -0.81 -0.56 -0.35 
2.42 9.81 30.39 -1.03 -0.25 -0.20 
49.12 32.08 45.73 -1.25 0.75 -1.49 
49.04 -49.63 59.74 1.57 0.86 1.90 
-36.17 -36.14 50.25 -0.32 0.61 0.95 
-10.06 -0.29 51.84 -0.53 0.34 0.85 
-49.50 -48.12 94.01 -0.04 -2.34 -2.49 
13.21 -8.72 90.95 -0.79 0.50 1.73 
-0.80 1.66 91.06 -0.86 -0.18 -0.17 
2.66 5.55 88.44 -0.96 -0.23 -0.21 
48.87 24.83 103.62 -1.47 0.63 -1.84 
49.27 -49.30 106.98 0.70 0.62 1.12 
-21.28 -31.63 100.64 -0.88 1.25 0.66 
-134.56 -114.59 233.64 0.42 -2.47 -0.60 
9.58 12.16 226.10 -0.82 -0.31 -0.09 
0.96 5.85 222.78 -0.88 -0.26 -0.17 
43.36 13.39 208.90 -1.00 -0.56 -0.22 
19.78 -39.71 208.00 -1.32 1.56 -0.23 
-45.83 4.86 158.25 -0.11 1.85 1.61 
5.95 -8.76 161.09 -0.49 0.11 0.68 
-46.92 -13.12 150.50 -0.26 0.44 0.80 
21.49 -26.98 192.01 -1.48 -0.05 0.00 
-2.19 10.21 185.62 -0.52 0.08 0.83 
-1.22 2.70 185.01 -0.90 -0.15 0.08 
48.25 46.10 190.65 -1.34 -0.01 -1.23 
41.75 -5.81 195.61 -0.46 -0.03 0.32 
-51.24 2.82 190.56 0.01 -2.17 0.12 
1.35 3.93 193.11 -0.59 0.21 0.67 
-46.18 -27.51 168.02 -0.41 0.62 0.62 
13.71 -46.68 196.83 -0.83 -0.96 -0.56 
-10.99 20.44 189.88 -0.96 -0.19 -0.37 
0.40 3.83 187.43 -0.87 -0.23 0.10 
46.24 47.56 190.39 -0.82 -1.04 -0.23 
-6.37 -46.09 174.17 -0.42 0.29 -0.15 
33.22 -28.71 173.90 0.07 0.37 2.17 
-7.19 -0.49 164.33 -0.74 0.05 0.71 
-41.07 1.32 152.48 -0.51 0.42 0.97 
31.17 -53.11 189.59 0.12 -0.25 -0.32 
0.43 1.56 179.87 -0.85 0.33 0.65 
1.01 6.92 179.70 -0.96 -0.14 -0.05 
47.42 20.51 172.19 -1.00 -0.52 -0.19 
-0.59 -14.23 168.89 -1.00 0.39 -0.41 
42.64 -38.25 173.86 0.57 1.03 1.95 
-15.40 1.55 160.41 -0.68 0.27 0.66 
-14.07 6.24 158.24 -0.50 0.26 0.84 
-50.12 10.57 189.42 -0.09 -1.52 -0.92 
-13.54 -29.11 192.83 -1.28 0.60 1.01 
-1.12 2.55 194.84 -0.93 -0.03 -0.19 
32.34 18.94 190.22 -0.97 -0.57 -0.04 
49.59 -7.60 219.91 -1.35 1.16 -1.14 
48.75 -49.25 234.68 0.63 0.28 1.19 
-11.97 -42.74 234.65 -0.72 0.79 0.50 
-58.69 -5.74 226.03 -0.58 0.55 0.99 
-49.07 -33.66 248.54 -1.33 -1.21 -1.36 
8.56 -7.45 239.89 -1.04 0.00 0.52 
8.88 5.65 236.61 -0.93 -0.15 -0.20 
6.44 3.58 234.29 -0.93 -0.28 -0.20 
47.99 28.10 224.75 -1.11 -0.14 -0.43 
47.38 -18.99 233.11 0.20 -0.22 0.52 
46.67 27.39 264.50 -0.30 -0.27 0.11 
-5.13 -0.85 262.12 -0.57 0.22 0.72 
-48.55 -29.19 281.10 0.40 -0.73 -1.49 
-8.27 -27.76 288.66 -1.25 0.22 1.13 
3.03 0.33 291.49 -0.89 -0.17 -0.29 
7.74 16.91 288.52 -0.83 -0.35 -0.14 
49.43 16.32 325.81 -0.98 1.12 -1.74 
48.92 -50.18 -321.23 1.26 0.46 0.93 
-46.05 -40.98 302.03 -0.20 0.94 0.98 
-0.40 2.49 301.71 -0.42 0.29 0.80 
-47.98 -22.03 280.19 0.62 0.02 -1.16 
-27.41 -45.88 278.44 -1.09 -0.40 0.79 
-0.21 -9.08 282.41 -0.88 0.40 0.02 
5.90 4.01 281.40 -1.00 -0.05 -0.15 
48.34 41.76 288.09 -1.21 -0.11 -1.01 
44.83 -33.44 281.45 -0.68 -0.19 -0.04 
44.45 22.15 310.19 -0.17 -1.62 0.39 
-2.29 5.39 310.24 -0.58 0.28 0.77 
-49.60 -13.56 -320.55 0.38 -1.13 -0.82 
-16.41 -46.62 -311.06 -1.12 0.42 1.06 
-1.34 -5.94 -307.55 -0.93 0.11 0.05 
7.31 8.13 -310.64 -1.01 -0.30 -0.12 
46.73 34.33 -324.05 -0.69 -0.63 0.40 
21.07 -48.04 313.01 -0.03 0.55 0.55 
-51.19 2.75 279.30 -0.07 -1.69 0.11 
-1.28 2.45 282.27 -0.46 0.35 0.72 
-49.19 -39.49 -322.79 0.57 -2.00 -2.76 
17.44 45.04 302.25 0.66 0.45 3.40 
5.68 8.50 299.30 -0.79 -0.10 0.40 
10.95 7.71 299.33 -0.87 -0.42 0.08 
14.59 -47.29 267.12 -0.67 1.13 -0.61 
0.09 -7.35 257.73 0.33 0.46 2.09 
-7.75 -3.78 255.36 -0.33 0.12 0.91 
-47.16 -20.02 247.32 0.14 0.20 0.51 
-32.78 -46.03 251.14 -0.55 -0.25 -0.45 
6.22 19.08 246.09 -0.90 -0.53 -0.52 
4.19 7.26 240.32 -0.97 -0.33 0.00 
49.89 24.00 290.62 -1.20 1.72 -1.62 
48.30 -50.13 289.15 1.21 0.17 0.81 
-21.89 -0.63 294.83 -1.38 1.15 0.06 
-28.88 2.74 289.14 -0.49 0.22 0.84 
-49.84 -47.58 -319.93 -0.52 -3.02 -1.84 
14.39 -18.18 -327.46 -0.89 -0.02 1.65 
-5.37 0.96 -325.92 -0.85 -0.44 -0.18 
47.84 11.13 -308.47 -1.43 -0.12 -0.69 
49.62 -47.38 324.53 -0.24 0.41 -0.56 
-51.13 -11.45 302.21 -0.06 -1.81 -0.38 
-54.05 2.05 297.95 -0.36 0.50 1.14 
-31.25 -47.31 -311.52 0.27 -1.32 -0.39 
12.38 48.93 325.64 -0.55 -0.79 0.82 
2.82 -0.43 -327.37 -0.60 -0.46 0.20 
48.58 25.39 313.36 -1.60 0.41 -0.53 
48.79 -31.60 311.59 1.83 0.23 0.64 
-8.42 18.12 325.85 -1.17 2.47 0.21 
-47.20 6.24 326.90 0.00 0.12 1.14 
-44.87 -48.39 -277.91 0.00 -1.62 -0.43 
9.52 10.42 -301.95 -1.76 -1.04 -1.86 
15.88 12.27 -310.47 -0.75 -0.35 0.24 
50.20 16.31 -281.32 -1.54 2.19 -1.84 
43.12 -48.93 -272.28 0.14 0.15 0.37 
50.46 35.79 -234.58 -0.81 1.27 -0.36 
-2.83 -1.47 -231.52 -0.55 0.29 0.61 
-50.44 -29.24 -180.97 0.08 -0.15 0.03 
-47.04 -28.46 -219.48 1.86 1.46 3.99 
-5.63 -0.41 -206.11 -0.70 -0.38 0.09 
46.91 40.42 -221.36 -0.95 -0.79 0.02 
44.77 8.09 -220.35 -1.14 0.73 -0.63 
49.40 -35.82 -231.20 1.16 2.02 2.72 
-134.20 -132.26 -124.89 -0.19 -2.41 -0.85 
-10.50 -22.32 -102.89 -0.86 0.43 1.71 
-5.54 -3.97 -97.37 -0.56 -0.55 0.33 
31.64 19.86 -126.71 -1.12 -0.10 0.56 
47.71 12.22 -176.46 -0.65 -0.17 -0.21 
-51.03 8.30 -171.33 -0.24 -2.74 0.33 
-7.22 0.80 -175.69 -0.55 0.25 0.71 
-48.00 -8.61 -163.13 -0.20 0.00 0.44 
-34.84 -32.13 -122.17 -0.70 -0.31 0.04 
10.10 39.81 -136.70 -0.69 -0.29 0.11 
-0.33 8.16 -136.59 -0.82 -0.28 0.27 
48.61 22.92 -160.75 -1.26 0.19 0.13 
39.81 -41.81 -176.86 -0.72 0.44 0.01 
-50.53 5.30 -200.89 -0.22 -1.63 0.58 
-146.04 -144.80 -49.73 0.10 -2.45 -1.32 
15.60 -20.02 -50.52 -1.46 0.48 1.74 
-1.85 5.73 -43.92 -0.77 -0.27 0.00 
9.17 7.39 -49.45 -0.94 -0.45 0.01 
49.67 35.01 -57.93 -1.10 0.70 -0.60 
-19.09 -5.63 -66.48 -0.35 0.29 0.89 
-58.35 -0.05 -76.37 0.18 0.60 0.87 
-6.06 -46.30 -39.29 -0.78 -0.84 -0.37 
6.31 29.51 -50.73 -0.71 0.14 0.26 
-5.14 4.70 -53.10 -0.89 -0.27 0.06 
11.70 7.27 -55.40 -0.94 -0.20 -0.10 
49.93 0.85 -11.72 -1.17 1.69 -1.49 
48.80 -50.78 -16.33 1.33 0.19 0.75 
6.45 3.18 0.12 -1.16 1.42 0.06 
-3.20 3.38 0.11 -0.51 0.28 0.78 
-47.97 -26.19 8.15 0.31 0.00 -0.21 
-16.54 -36.15 37.92 -0.82 0.27 0.57 
-0.68 3.03 34.02 -0.88 -0.78 -0.81 
-2.31 5.86 30.38 -0.99 -0.29 0.00 
6.16 20.45 36.33 -1.09 0.13 0.30 
50.55 -47.08 59.40 -0.94 1.74 -0.61 
-49.76 3.07 56.41 -0.24 -1.11 0.91 
-6.93 5.51 56.07 -0.40 0.45 0.77 
-46.33 -2.94 49.90 -0.29 0.67 1.12 
-4.72 -38.44 92.13 0.35 -1.31 -0.33 
23.97 6.71 68.69 -0.46 0.47 1.32 
-2.38 7.04 69.75 -0.94 -0.15 -0.02 
38.56 12.64 61.12 -0.97 -0.39 0.22 
50.13 -46.44 54.42 -1.09 1.28 -0.52 
59.63 30.51 84.49 -0.42 -0.20 0.51 
-5.29 7.87 85.43 -0.39 0.18 0.69 
-49.13 -47.62 128.22 -0.46 -1.11 -1.60 
-7.02 -17.78 146.43 -1.34 0.25 0.71 
-0.30 6.32 144.51 -0.73 -0.46 -0.09 
38.27 26.65 137.30 -0.99 -0.77 0.08 
49.75 -0.84 139.53 -1.32 0.91 -0.75 
49.39 -49.58 153.43 1.73 1.40 1.96 
-15.87 -26.95 153.69 -0.67 0.21 0.65 
-46.96 6.84 145.04 -0.24 0.47 0.92 
-50.67 -48.03 188.16 -0.12 -2.22 -0.69 
-7.79 -23.33 198.40 -0.07 1.89 3.20 
0.67 -1.17 198.72 -0.86 -0.22 0.05 
46.87 28.22 183.28 -1.09 -0.76 0.07 
30.75 -25.84 167.50 -0.71 0.07 0.20 
-22.99 0.84 153.95 -0.55 0.18 0.58 
-48.85 17.84 163.72 0.16 -0.46 0.91 
-49.05 -10.67 205.43 -1.32 -0.82 -0.07 
-1.96 14.51 196.79 -0.79 0.07 0.24 
12.91 7.32 185.24 -0.78 -0.53 0.20 
47.96 28.27 206.23 -1.20 -0.21 -1.01 
38.12 -46.70 195.54 -0.49 0.44 -0.50 
-46.43 4.00 145.79 0.00 0.92 1.38 
-10.19 -1.70 138.44 -0.44 0.35 0.80 
-13.54 12.54 140.08 -0.56 0.48 0.91 
-48.23 -15.44 113.36 0.12 -0.33 -1.66 
-19.49 -33.01 120.93 -1.16 0.29 1.04 
8.65 3.63 120.86 -0.99 -0.41 -0.41 
5.43 7.55 118.07 -0.99 -0.18 -0.07 
48.91 36.65 148.08 -0.83 0.44 -1.30 
41.15 -48.44 146.38 0.00 0.30 0.28 
5.37 12.10 167.69 -0.47 -0.80 0.44 
-2.39 5.64 167.53 -0.44 0.08 0.72 
-60.92 -52.51 162.16 0.36 -0.30 -0.39 
-1.33 -31.25 192.19 -0.69 0.36 0.86 
-10.62 -9.53 189.56 -0.98 -0.82 -0.38 
13.72 14.96 177.31 -0.72 -0.43 0.29 
49.28 -11.33 171.13 -1.56 0.66 -1.07 
49.43 -32.09 189.36 0.96 1.01 1.07 
17.61 1.57 193.59 -0.72 0.39 0.30 
-17.44 4.68 189.69 -0.57 0.64 0.81 
-49.40 -39.28 198.48 -0.40 -1.26 -1.12 
21.65 -21.16 200.26 -0.85 0.90 1.91 
-5.90 1.04 204.34 -0.91 -0.14 -0.03 
46.10 49.03 198.33 -0.76 -1.72 -0.63 
43.93 -31.19 183.20 0.15 0.47 0.41 
45.70 35.36 229.22 -0.27 -0.74 -0.23 
-6.24 3.37 226.71 -0.56 0.22 0.57 
-46.37 -6.04 202.94 -0.07 0.66 0.94 
36.97 -27.92 235.63 -0.96 0.56 0.20 
-5.98 19.43 239.11 -0.89 -0.25 -0.27 
2.98 4.31 236.48 -1.02 -0.13 -0.08 
47.13 40.95 226.26 -0.97 -0.52 -0.14 
14.55 -45.19 218.39 -0.42 0.04 0.05 
-50.72 22.45 233.36 0.04 -2.26 -0.41 
4.97 5.39 235.66 -0.62 0.38 0.72 
-46.77 2.70 231.96 -0.32 0.54 1.19 
-49.27 -47.15 263.58 -0.76 -1.61 -1.52 
17.77 46.94 242.93 -0.61 -0.16 0.74 
1.64 7.40 245.76 -0.77 -0.15 0.00 
8.89 8.59 245.45 -0.93 -0.46 -0.18 
48.72 32.81 265.93 -1.37 0.71 -1.81 
50.59 -47.68 255.28 -0.12 0.52 0.30 
62.43 60.52 312.49 -0.32 0.91 -0.61 
3.47 3.72 314.49 -0.55 0.01 0.53 
-46.92 6.60 304.28 -0.35 0.46 1.12 
-24.74 -57.91 -315.38 -0.87 -0.45 -0.32 
6.62 36.92 -324.84 -0.89 -0.01 -0.16 
44.32 19.94 325.77 -0.87 -0.56 -0.11 
49.49 40.66 -284.29 -0.35 0.69 -1.10 
37.58 -49.08 -296.88 0.36 0.14 0.84 
-33.73 5.52 -313.92 -0.55 0.45 0.72 
-48.89 -15.77 -297.96 0.16 -1.52 -2.26 
-11.53 -32.65 -294.81 -1.13 0.29 0.83 
2.76 6.92 -293.45 -0.97 -0.34 -0.36 
12.42 12.25 -298.45 -0.91 -0.35 -0.02 
48.07 32.95 -303.39 -1.28 -0.11 -0.58 
49.46 -43.98 -299.17 -0.14 0.11 0.14 
39.42 48.50 -279.16 -0.37 -0.04 0.19 
-8.82 0.74 -287.52 -0.55 0.57 0.54 
-35.84 2.17 -295.98 -0.54 0.47 1.17 
-31.28 -37.78 -247.89 -0.84 -0.40 0.16 
12.49 20.26 -257.21 -1.54 -0.29 -0.86 
4.53 9.80 -259.79 -0.76 -0.30 0.06 
49.26 7.93 -282.53 -1.64 0.56 -0.16 
49.18 -49.40 -294.64 1.09 0.87 1.15 
50.43 30.76 -274.36 -0.99 1.37 -0.05 
-0.70 5.97 -271.07 -0.46 0.24 0.68 
-46.38 9.69 -275.86 0.01 0.79 1.13 
-49.45 -36.47 -225.56 -0.86 -0.88 -0.47 
4.77 26.35 -231.18 -0.85 -0.11 0.19 
4.44 11.96 -237.34 -0.92 -0.40 -0.09 
-0.59 2.98 -237.61 -0.95 -0.45 -0.15 
45.10 41.30 -238.17 -1.31 0.12 -0.31 
24.85 -2.91 -233.47 -1.22 0.46 -0.73 
32.84 -29.12 -231.00 0.06 0.37 0.92 
-9.17 -1.40 -241.77 -0.08 0.80 1.67 
-5.93 -8.40 -244.38 -0.53 0.43 0.59 
0.42 -0.12 -244.58 -0.55 0.08 0.62 
-7.81 0.64 -246.45 -0.60 0.38 0.74 
-23.58 -7.62 -246.47 0.25 0.16 0.63 
-37.90 -34.29 -226.42 -0.39 -1.59 -0.92 
-1.62 -6.92 -214.11 -1.48 -0.27 -0.27 
8.92 -4.10 -218.54 -0.80 0.28 0.46 
1.62 1.32 -219.19 -0.79 -0.36 -0.33 
2.76 5.55 -220.96 -0.82 -0.47 0.08 
1.30 5.00 -222.80 -0.91 -0.55 -0.10 
35.13 38.45 -238.19 -1.01 -0.64 0.00 
24.33 10.72 -231.72 -1.49 0.14 -0.80 
36.56 -21.79 -227.48 0.13 0.17 0.63 
2.34 4.23 -239.20 0.42 3.15 2.02 
-5.20 -20.70 -236.33 -0.72 0.44 0.31 
-2.14 1.90 -237.52 -0.64 0.26 0.56 
-16.69 -1.38 -243.51 -0.61 0.53 0.88 
-26.33 -4.28 -248.96 0.19 -0.37 0.17 
-38.12 -35.92 -223.06 0.02 -1.31 -0.66 
-0.18 -21.98 -215.45 -1.01 -0.26 0.72 
7.61 16.17 -223.95 -1.44 -0.57 -1.11 
-3.92 -1.00 -219.85 -0.89 -0.24 0.00 
-0.99 6.63 -222.78 -0.87 -0.43 0.03 
0.41 3.32 -223.25 -0.90 -0.38 -0.04 
21.94 9.49 -236.87 -1.05 -0.43 0.14 
23.78 7.71 -255.17 -1.46 -0.06 0.09 
37.46 7.63 -262.95 -0.62 0.31 0.17 
24.86 -23.01 -257.85 0.86 0.45 1.07 
33.52 33.45 -240.90 -0.17 -0.32 0.01 
6.50 -1.33 -241.20 -0.40 0.33 0.63 
-3.43 0.76 -241.80 -0.64 0.14 0.54 
-6.86 1.27 -243.94 -0.52 0.43 0.89 
-37.68 -21.36 -241.29 0.30 -0.58 -0.47 
-26.42 -23.98 -216.39 0.10 -1.58 -0.58 
-1.37 -19.60 -212.66 -1.38 1.15 1.97 
6.53 10.73 -219.41 -1.28 -0.62 -0.73 
-1.44 -0.32 -218.05 -0.70 -0.40 0.09 
-2.11 3.72 -219.70 -0.84 -0.47 0.07 
2.43 3.01 -219.82 -0.94 -0.44 0.00 
17.71 14.97 -223.35 -0.48 -0.66 0.48 
38.11 -34.64 -215.51 -1.61 1.58 -0.70 
24.37 -11.59 -209.46 -0.63 0.07 0.23 
-21.48 6.04 252.28 -0.40 0.49 0.82 
-50.40 0.38 263.36 0.12 -0.76 -0.43 
-8.47 -5.26 276.67 -2.09 1.05 0.39 
0.78 -1.04 275.21 -0.76 -0.31 -0.36 
47.30 21.37 266.35 -1.10 -0.49 0.05 
30.12 -34.14 267.28 -0.82 0.94 -0.09 
18.33 -6.13 270.35 -0.18 0.79 1.41 
-46.06 11.88 250.39 -0.44 0.84 1.03 
-49.83 -28.91 284.84 -0.30 -0.86 -0.79 
-20.47 46.49 272.45 -1.33 0.22 0.57 
20.89 7.03 0.29 -0.85 1.24 0.20 
-24.47 3.31 -4.62 -0.67 0.39 0.64 
-61.36 -16.12 -14.11 -0.49 -0.81 -0.57 
-18.17 -13.67 -0.68 -1.03 0.02 -0.41 
1.28 -5.18 -10.93 -0.97 0.44 0.56 
2.34 1.94 -11.35 -0.96 -0.08 -0.21 
37.38 8.46 -16.92 -1.00 -0.33 -0.30 
49.57 -0.41 -10.16 -0.93 0.60 -0.06 
19.39 -31.64 -25.85 -0.76 -0.29 0.30 
43.00 -20.40 -16.79 -0.25 0.83 1.28 
-2.91 -2.11 -17.11 -0.64 0.68 0.51 
-0.63 0.92 -17.19 -0.61 0.26 0.64 
-46.93 -23.56 -27.68 -0.35 0.21 0.71 
-49.43 -11.58 -11.29 -0.75 -0.96 -0.79 
-9.78 -24.66 -4.61 -0.76 -0.19 -0.60 
11.32 -18.11 -9.79 -0.86 0.01 0.75 
-0.57 3.15 -9.19 -0.93 -0.21 -0.17 
30.86 3.85 -14.06 -0.97 -0.41 -0.19 
48.98 32.22 21.03 -0.87 0.61 -1.07 
18.39 -18.24 11.44 -0.94 0.12 0.05 
35.64 -36.34 19.81 -0.20 0.12 0.54 
3.37 -11.26 19.77 -0.85 1.14 0.57 
-1.82 3.73 20.94 -0.59 0.34 0.65 
-49.39 11.04 11.63 -0.23 -0.31 0.40 
-49.20 -27.95 24.57 -0.98 -0.97 -0.94 
21.35 -8.81 13.72 -0.92 0.18 0.98 
1.36 1.97 13.71 -0.86 0.00 -0.26 
34.10 9.39 11.17 -1.11 -0.22 -0.37 
48.91 29.27 45.56 -0.98 0.62 -1.15 
16.10 -12.47 36.84 -0.36 0.09 0.36 
30.52 -25.71 39.57 -0.23 0.93 1.27 
-6.93 0.57 31.54 -0.57 0.36 0.66 
-2.67 3.76 30.14 -0.56 0.42 0.64 
-47.21 -1.20 5.32 -0.51 0.28 0.56 
-50.01 -11.18 15.59 -0.13 -1.55 -0.82 
-7.50 -24.73 21.42 -0.89 -0.24 -0.10 
1.08 11.97 18.80 -1.05 -0.17 -0.54 
6.50 4.31 14.80 -0.88 -0.24 -0.17 
6.81 12.76 10.85 -0.79 -0.41 -0.21 
48.21 26.05 35.17 -1.19 -0.22 -1.25 
30.62 -3.29 35.23 -0.78 0.14 0.14 
48.29 -11.18 44.65 0.02 0.32 1.48 
4.17 2.64 48.51 -0.54 0.17 0.78 
-1.98 1.68 50.94 -0.55 0.19 0.68 
-49.38 25.85 30.87 -0.38 -0.40 0.03 
-43.56 -42.97 34.77 -0.87 -0.56 -0.72 
4.43 -10.95 35.86 -1.00 -0.01 0.45 
0.89 1.56 34.52 -0.92 -0.28 -0.40 
6.00 5.99 32.70 -0.89 -0.22 -0.30 
47.61 18.53 29.98 -1.05 -0.51 -0.64 
29.70 -5.62 26.67 -0.58 -0.04 0.33 
48.25 -43.15 37.64 0.01 0.08 0.89 
-3.20 1.51 34.19 -0.57 0.30 0.64 
-4.08 6.27 34.76 -0.47 0.33 0.67 
-46.67 18.04 8.49 -0.34 0.37 0.61 
-49.11 -19.31 -8.81 -0.82 -0.77 -0.48 
-26.15 -18.34 2.83 -1.10 -0.29 -0.25 
-10.82 -5.22 2.82 -0.98 -0.06 0.12 
1.16 2.86 3.63 -0.90 -0.25 -0.24 
4.82 7.02 3.99 -0.90 -0.30 -0.20 
47.37 20.04 2.57 -0.85 -0.37 -0.35 
48.75 8.88 5.93 -0.82 0.26 0.02 
49.37 -28.94 38.08 -0.10 0.45 0.85 
0.85 -6.04 42.47 -0.63 0.69 0.58 
-0.47 2.39 46.42 -0.54 0.41 0.61 
-8.38 2.50 42.89 -0.54 0.30 0.64 
-61.33 -2.20 -10.52 0.06 -0.79 -1.15 
-14.85 -29.55 -1.53 -0.72 -0.30 -0.96 
16.31 -15.10 -2.66 -0.79 0.13 0.90 
2.40 1.92 -3.65 -1.03 -0.06 -0.35 
2.39 4.08 -4.41 -0.96 -0.06 -0.22 
1.50 5.10 -7.56 -0.94 -0.14 -0.14 
47.99 47.93 30.08 -1.02 -0.23 -1.68 
34.62 -5.54 36.64 -0.97 -0.07 0.05 
28.26 -31.75 46.05 -0.45 0.10 0.46 
-5.22 0.56 31.22 -0.62 -0.01 0.41 
-2.70 -0.34 31.16 -0.56 0.31 0.67 
-43.55 0.87 23.07 -0.11 0.77 1.05 
-49.71 -24.67 34.33 -0.38 -1.23 -1.02 
-4.67 -30.52 50.42 -0.75 -0.20 -0.04 
3.41 9.41 42.71 -0.88 -0.09 -0.14 
1.65 2.55 39.99 -0.92 -0.37 -0.25 
0.37 4.53 40.29 -0.88 -0.29 -0.32 
12.63 3.71 40.40 -0.93 -0.47 -0.33 
47.16 26.35 50.28 -1.07 -0.47 -0.51 
10.82 -34.69 34.95 -1.07 0.00 -0.23 
-16.26 1.19 21.11 -0.46 0.06 0.74 
-4.13 3.83 20.17 -0.48 0.20 0.72 
-35.40 9.00 20.11 -0.32 0.27 0.87 
-50.00 -1.25 12.55 -0.24 -0.99 -0.81 
6.49 -35.10 14.55 -0.72 -0.49 -0.71 
5.21 -7.50 11.10 -0.94 0.07 0.62 
1.12 4.68 10.62 -0.89 -0.41 -0.32 
-1.58 4.61 10.94 -0.93 -0.30 -0.23 
17.18 14.23 10.30 -0.89 -0.53 -0.17 
50.53 29.94 41.22 -1.00 1.45 -0.64 
18.06 -25.78 43.34 -0.38 0.15 0.47 
-24.88 0.89 28.76 -0.45 0.81 1.04 
-2.04 1.52 28.97 -0.51 0.51 0.51 
-1.29 -0.07 28.35 -0.58 0.46 0.49 
-19.81 10.32 32.76 -0.45 0.39 0.66 
-16.02 -81.67 43.31 -0.98 0.02 0.23 
-1.67 9.38 42.89 -1.00 -0.19 -0.54 
5.36 5.23 40.48 -0.95 -0.18 -0.09 
3.73 3.40 39.15 -0.95 -0.20 -0.15 
48.13 36.56 83.32 -0.95 -0.07 -0.99 
33.29 -33.15 91.86 -0.97 0.44 -0.54 
35.85 -38.80 94.56 -0.23 0.15 0.70 
14.13 7.48 104.04 -0.65 0.41 0.50 
2.42 5.62 109.11 -0.60 0.41 0.65 
-13.15 10.41 110.56 -0.48 0.43 0.66 
-49.39 9.96 77.58 -0.30 -0.71 -0.61 
-26.47 -37.44 89.59 -0.85 -0.39 -1.02 
-14.89 -1.09 85.69 -0.80 0.32 0.92 
-1.12 0.21 82.77 -0.86 -0.18 -0.13 
47.26 -1.66 77.63 -1.11 -0.39 -0.28 
49.63 5.63 83.59 -1.24 0.67 -0.27 
48.48 -19.26 83.28 -0.87 0.40 0.48 
-19.14 -8.18 57.66 -0.17 0.68 0.97 
-5.00 0.00 53.93 -0.50 0.37 0.58 
-1.85 1.93 52.65 -0.55 0.31 0.63 
-47.08 9.72 41.53 -0.20 0.30 0.94 
-60.32 -32.50 77.41 -0.92 -0.75 -0.58 
1.09 -11.36 82.18 -0.95 0.02 0.64 
0.03 4.67 80.13 -0.98 -0.20 -0.28 
1.66 4.62 78.59 -0.99 -0.13 -0.15 
16.90 6.63 76.35 -0.99 -0.29 0.02 
49.90 -10.34 106.57 -1.01 0.97 -0.96 
24.10 -12.43 106.59 -0.67 0.24 0.44 
16.41 -32.16 97.89 -0.35 0.38 0.87 
1.32 1.91 102.35 -0.68 0.58 0.45 
-2.17 1.49 101.15 -0.56 0.41 0.57 
-48.63 27.87 90.63 -0.41 -0.16 0.11 
-34.28 -13.69 105.08 -0.72 -0.85 -0.62 
-10.01 -20.63 106.70 -1.03 0.03 0.26 
0.51 2.76 106.05 -1.10 -0.20 -0.52 
4.72 5.54 104.08 -0.92 -0.14 -0.11 
47.55 17.41 97.40 -1.01 -0.32 -0.03 
49.04 -12.38 107.08 -1.21 0.46 -0.47 
22.25 -27.56 110.32 -0.41 0.17 0.48 
-25.90 9.79 94.67 -0.58 0.16 0.40 
-3.51 0.13 90.87 -0.62 0.41 0.57 
-24.92 6.44 80.69 -0.58 0.45 0.67 
-49.63 22.38 41.34 -0.43 -0.48 -0.15 
-34.55 -33.90 45.61 -0.51 -0.40 -0.61 
16.72 -0.80 42.61 -1.06 -0.02 0.78 
5.75 0.10 43.24 -0.91 -0.15 -0.38 
-1.28 4.43 41.63 -0.98 -0.26 -0.30 
47.30 7.80 40.41 -0.95 -0.43 -0.19 
49.36 -12.52 62.77 -1.17 0.63 -0.32 
18.78 -5.32 68.20 -0.64 -0.09 0.35 
-45.58 6.86 24.97 -0.09 1.53 1.07 
0.27 -1.28 23.87 -0.62 0.31 0.68 
0.34 2.73 25.85 -0.62 0.22 0.66 
-3.00 3.93 26.06 -0.64 0.10 0.60 
-49.83 24.15 8.54 -0.35 -0.44 -0.03 
-34.13 -31.06 10.80 -0.75 -0.53 -0.85 
-7.16 -25.67 13.64 -1.20 0.13 0.43 
-0.57 5.62 9.83 -0.91 -0.26 -0.47 
-1.83 7.39 7.96 -0.96 -0.29 -0.18 
14.18 1.19 3.78 -1.05 -0.34 -0.12 
47.25 26.01 -0.05 -0.92 -0.57 -0.14 
37.58 -36.64 -16.15 -0.82 -0.01 0.31 
49.17 -32.35 -4.54 -0.09 0.50 1.20 
2.51 -3.48 2.18 -0.44 0.26 0.73 
1.69 3.28 6.11 -0.55 0.23 0.68 
-0.14 0.20 6.22 -0.54 0.21 0.67 
-47.93 -11.22 -9.33 0.00 -0.02 0.35 
-47.56 -15.39 14.46 -0.94 -0.68 -0.86 
10.09 -15.99 10.61 -0.95 0.12 0.59 
-3.03 5.13 7.76 -0.97 -0.31 -0.39 
1.59 3.42 6.87 -0.95 -0.21 -0.25 
39.71 8.71 7.45 -1.02 -0.51 -0.12 
48.32 4.88 -1.79 -0.96 0.02 -0.08 
47.10 -23.36 -15.41 -0.16 0.12 0.62 
-49.56 8.07 -32.29 -0.27 -0.79 0.75 
-6.04 4.61 -38.17 -0.50 0.46 0.65 
-3.12 3.90 -39.63 -0.57 0.22 0.59 
-34.14 7.82 -45.65 -0.35 0.40 0.92 
-49.76 -33.16 -51.74 -0.36 -1.42 -1.16 
-1.67 -16.75 -50.86 -1.04 -0.17 0.26 
-2.70 5.68 -51.49 -1.26 -0.34 -0.82 
2.00 2.26 -53.42 -0.78 -0.38 -0.23 
47.51 18.49 -58.92 -1.00 -0.35 -0.26 
29.96 -45.57 -76.52 -1.16 0.40 0.04 
8.49 -23.83 -105.07 0.54 0.81 2.48 
16.47 6.75 -100.99 -0.49 -0.14 0.64 
-4.13 0.88 -99.63 -0.38 0.22 0.71 
-48.76 -12.98 -112.26 0.98 -0.58 0.11 
-14.94 -30.52 -93.90 -0.84 -0.69 -0.92 
-5.54 6.95 -95.66 -0.84 0.10 0.27 
-5.03 -2.72 -96.70 -0.64 -0.34 -0.20 
23.37 19.77 -101.25 -0.71 -0.71 -0.13 
49.87 -5.20 -69.54 -1.40 1.21 -0.36 
19.25 -14.41 -72.18 -0.84 -0.06 0.20 
-30.12 10.06 -83.44 -0.13 -0.02 1.20 
7.79 0.75 -78.72 -0.58 0.19 0.69 
-4.69 0.39 -78.43 -0.52 0.23 0.74 
-49.71 14.42 -102.87 -0.36 -0.79 -0.60 
13.80 -59.05 -113.63 -0.88 -0.92 1.34 
-9.16 0.25 -110.40 -0.81 -0.17 0.30 
-2.62 7.44 -110.12 -0.93 -0.26 -0.16 
-2.74 4.45 -109.05 -0.95 -0.16 -0.12 
47.92 28.86 -135.13 -1.18 -0.33 -0.40 
27.10 -43.04 -146.06 -1.35 -0.06 0.36 
-20.21 -3.40 -176.19 -0.02 0.94 1.43 
-2.46 -1.42 -176.51 -0.70 0.54 0.39 
2.52 2.78 -174.25 -0.69 0.37 0.47 
-30.91 7.23 -184.36 -0.53 0.56 0.82 
-48.69 -48.01 -201.30 -0.17 -1.07 -2.56 
44.72 -47.86 -228.75 -0.76 -1.19 2.99 
-5.05 -1.14 -227.04 -0.84 -0.10 0.11 
4.85 5.92 -227.77 -0.95 -0.16 -0.12 
6.62 9.05 -229.90 -0.99 -0.31 -0.11 
48.73 14.20 -204.94 -1.29 0.57 -1.27 
44.08 -40.43 -204.95 -0.23 0.01 0.66 
25.48 -4.71 -192.62 -0.91 1.87 0.14 
2.86 -1.89 -191.45 -0.61 0.34 0.66 
-23.94 -2.47 -200.90 -0.65 0.56 0.92 
-49.54 -47.92 -191.28 -0.43 -1.28 -1.58 
-3.37 -46.34 -191.93 -1.01 0.08 1.23 
-18.53 -3.81 -187.99 -0.96 -0.14 0.04 
4.01 10.56 -192.36 -0.90 -0.13 -0.12 
47.10 15.47 -206.66 -1.00 -0.56 0.11 
32.99 -31.85 -214.33 -1.32 0.84 0.20 
42.47 -16.48 -221.98 0.25 1.04 2.45 
-2.00 -6.95 -230.06 -0.64 0.55 0.61 
3.09 1.07 -231.24 -0.66 0.37 0.58 
-49.30 2.04 -253.91 0.02 -0.09 -0.11 
-19.55 -46.26 -231.87 -0.89 0.14 -0.64 
-28.11 20.25 -225.28 -1.51 -0.58 -1.57 
10.43 3.21 -232.35 -0.92 -0.35 -0.08 
15.41 12.49 -240.44 -0.93 -0.28 -0.16 
48.73 -44.33 -262.61 -0.94 0.30 0.00 
49.14 -49.09 -269.07 0.87 0.82 1.85 
-9.88 -0.50 -271.36 -0.57 0.20 0.60 
0.85 5.01 -266.02 -0.62 0.37 0.56 
-48.03 11.34 -284.18 -0.34 0.00 0.88 
-49.28 -40.65 -261.86 -0.42 -0.76 -0.88 
1.04 11.24 -275.67 -0.39 0.78 1.91 
-3.26 -1.54 -274.78 -0.74 -0.38 -0.02 
32.48 11.09 -281.72 -1.11 -0.24 -0.23 
48.07 19.97 -263.60 -0.87 -0.09 -0.70 
50.38 -36.67 -247.65 -0.24 0.97 0.53 
29.32 15.40 -227.29 -0.88 0.68 0.20 
-3.89 1.81 -228.41 -0.70 0.38 0.54 
-11.63 5.93 -230.34 -0.56 0.32 0.55 
-47.49 6.09 -242.40 -0.59 0.22 0.73 
-49.48 -26.05 -212.46 -1.01 -1.03 -0.46 
19.43 15.27 -232.32 -0.87 0.44 0.81 
5.92 8.45 -235.90 -0.84 -0.35 -0.04 
14.95 7.74 -236.25 -0.91 -0.41 -0.25 
47.51 16.16 -242.08 -1.32 -0.45 -0.09 
42.12 -26.52 -238.79 -0.21 -0.22 0.51 
38.48 27.72 -217.41 -0.46 -0.58 -0.01 
-1.15 1.62 -215.60 -0.59 0.26 0.60 
-17.23 0.66 -219.79 -0.46 0.37 0.86 
-49.93 -36.42 -214.27 0.20 -0.58 -0.37 
0.90 -31.81 -182.02 -0.86 0.20 0.06 
-3.98 23.01 -187.30 -1.22 -0.45 -0.45 
2.72 4.69 -189.20 -0.88 -0.26 0.00 
195.55 35.81 -250.62 -0.89 -0.45 -0.31 
34.73 17.74 -246.28 -0.68 -0.63 -0.10 
27.02 8.09 -251.92 -0.58 0.05 0.41 
22.73 -28.62 -254.50 -0.11 0.28 0.69 
39.24 18.44 -228.47 -0.46 0.00 0.17 
-0.62 2.43 -227.98 -0.65 0.30 0.62 
-5.23 3.34 -229.32 -0.66 0.22 0.66 
-49.09 3.86 -245.68 -0.11 -0.26 0.31 
-37.88 -34.11 -224.97 -1.08 -0.67 -0.61 
-0.11 -2.56 -229.69 -0.72 -0.42 1.05 
-0.11 -0.63 -230.12 -0.90 -0.22 -0.22 
1.57 5.89 -229.68 -0.93 -0.42 -0.19 
47.35 40.31 -233.00 -1.12 -0.51 -0.44 
41.96 -1.39 -230.90 -0.84 -0.03 0.24 
14.97 -7.91 -236.79 0.00 0.80 1.72 
-6.17 4.16 -235.03 -0.69 0.33 0.55 
0.41 1.89 -234.99 -0.71 0.31 0.61 
-15.69 7.72 -238.63 -0.49 0.32 0.85 
-49.72 -16.16 -248.20 -0.81 -1.14 -0.94 
-29.47 9.66 -248.34 -0.83 -0.13 -0.39 
0.66 2.18 -249.50 -0.89 -0.06 -0.34 
1.84 3.13 -250.25 -0.95 -0.19 -0.19 
2.08 4.17 -250.76 -0.96 -0.11 -0.27 
11.71 6.96 -252.07 -0.85 -0.48 -0.04 
48.70 27.79 -196.14 -0.32 0.50 0.27 
-1.55 3.93 -194.54 -0.50 0.17 0.59 
-21.10 8.51 -198.30 -0.59 0.28 0.73 
-50.30 11.16 -210.47 -0.28 -0.55 0.00 
-38.66 -46.67 -195.22 -0.58 -0.30 -0.70 
-5.52 25.23 -203.18 -0.91 0.17 0.72 
3.14 2.59 -205.52 -0.79 -0.21 -0.06 
23.82 6.00 -208.95 -0.91 -0.28 -0.15 
47.57 39.38 -198.60 -0.96 -0.22 -0.57 
48.04 4.13 -196.22 -0.57 -0.06 0.33 
-47.81 5.39 -229.93 -0.39 -0.01 1.06 
-2.54 -1.57 -231.93 -0.59 0.29 0.70 
-14.91 4.00 -235.53 -0.62 0.06 0.71 
-48.92 22.09 -256.88 -0.39 -0.17 0.10 
-48.36 -23.99 -248.72 -0.57 -0.42 -0.65 
-4.69 -4.00 -253.77 -1.18 0.34 0.91 
5.84 -1.53 -255.08 -0.85 -0.08 -0.34 
6.38 9.41 -260.71 -0.89 -0.40 -0.45 
47.17 15.22 -265.87 -0.95 -0.52 -0.29 
20.97 21.77 -261.19 -0.77 0.17 0.49 
21.19 -14.10 -258.13 -0.27 0.37 0.52 
21.71 10.74 -246.02 -0.49 0.68 0.33 
-4.96 5.75 -243.56 -0.57 0.35 0.64 
-49.19 23.11 -269.28 -0.36 -0.20 0.00 
-33.53 -40.57 -265.99 -0.76 -0.55 -0.69 
11.96 9.93 -271.72 -1.01 -0.08 0.71 
1.22 2.33 -269.68 -0.71 -0.40 0.00 
29.76 22.22 -273.27 -0.94 -0.49 -0.08 
48.28 2.02 -240.47 -1.22 0.00 -1.04 
22.96 -19.04 -238.96 -0.58 0.24 0.31 
-40.36 11.27 -256.06 -0.40 -0.06 0.94 
-0.31 2.29 -256.79 -0.52 0.34 0.84 
-8.70 5.09 -260.86 -0.63 0.20 0.49 
-48.34 26.70 -277.81 -0.32 -0.17 0.35 
-39.27 -16.32 -269.38 -0.68 -0.46 -0.58 
9.63 -6.71 -276.70 -1.30 0.25 0.85 
6.38 -0.64 -274.95 -0.85 -0.23 -0.39 
1.35 6.09 -276.78 -0.90 -0.36 -0.21 
15.21 14.82 -282.11 -1.02 -0.29 -0.03 
49.23 -21.80 -263.15 -1.32 0.72 -0.93 
33.09 -0.41 -255.28 -0.48 -0.03 0.45 
25.26 12.50 -236.99 -0.57 0.00 0.27 
0.67 1.12 -237.23 -0.51 0.36 0.61 
-1.28 2.51 -236.35 -0.53 0.30 0.71 
-49.30 22.95 -252.84 -0.37 -0.41 0.37 
-49.19 -31.42 -243.66 -0.94 -0.79 -1.04 
4.01 9.15 -251.02 -1.00 0.41 0.93 
-1.32 -1.30 -250.64 -0.83 -0.27 -0.30 
2.17 3.26 -252.42 -0.90 -0.29 -0.31 
46.82 25.14 -255.49 -0.85 -0.49 0.00 
49.44 -45.80 -262.62 -1.17 0.66 0.22 
49.37 -35.29 -257.39 0.05 0.52 1.32 
-10.03 -1.51 -266.50 -0.28 0.34 0.65 
-1.89 1.10 -269.33 -0.62 0.48 0.62 
-38.15 13.18 -272.10 -0.42 0.40 0.87 
-49.20 -7.78 -314.69 -0.25 -0.64 -1.09 
-2.39 -34.72 -310.79 -1.11 -0.26 -0.38 
-0.03 9.78 -312.03 -0.96 -0.28 -0.67 
2.32 3.46 -313.76 -0.88 -0.28 -0.28 
46.86 16.03 -316.09 -0.96 -0.56 -0.32 
49.22 -35.67 -304.56 -1.88 0.61 -0.39 
34.04 -39.55 -303.34 0.00 0.01 0.71 
-10.82 -8.70 -309.97 -0.48 0.59 0.67 
-0.53 4.61 -308.30 -0.56 0.47 0.64 
-48.12 14.85 318.31 -0.26 -0.01 0.10 
-47.61 -42.38 321.78 -1.04 -0.04 -0.99 
0.43 7.86 315.75 -0.97 -0.24 0.49 
0.22 1.09 314.68 -0.81 -0.43 -0.24 
19.53 7.86 308.20 -0.89 -0.41 -0.12 
47.65 2.19 316.40 -1.32 -0.25 -0.75 
41.68 -32.27 324.40 -0.37 0.40 0.49 
21.54 5.80 -314.92 -0.75 0.98 0.15 
-9.66 5.70 -317.71 -0.51 0.24 0.65 
-47.17 16.38 312.46 -0.30 0.27 0.62 
-46.29 -33.50 323.58 -0.57 -0.67 -0.81 
5.23 -12.92 321.43 -0.93 0.50 1.83 
3.31 5.67 321.30 -0.86 -0.16 -0.04 
37.59 12.54 320.66 -1.08 -0.33 -0.16 
49.86 -35.20 325.01 -1.06 0.98 -0.53 
32.53 -8.67 -323.72 -0.60 0.15 0.33 
24.63 19.70 -301.97 -0.25 -0.69 0.00 
-7.95 3.46 -303.04 -0.55 0.43 0.64 
-48.88 23.55 306.03 0.06 -0.14 -0.21 
-44.81 -46.32 308.21 -0.82 -0.63 -1.09 
-8.81 30.28 305.42 -1.02 0.42 -0.06 
1.62 0.82 303.00 -0.85 -0.29 -0.12 
10.45 6.82 299.81 -0.91 -0.39 -0.27 
47.35 18.28 299.32 -1.07 -0.60 -0.17 
1.90 -2.67 289.80 -1.08 0.02 -0.12 
23.22 -10.70 199.95 -0.57 0.62 2.56 
-2.45 -0.07 198.59 -0.94 -0.21 0.16 
-1.13 4.25 198.51 -0.88 -0.29 0.06 
1.81 3.18 198.22 -0.88 -0.35 0.05 
47.20 44.63 183.67 -1.26 -0.81 0.05 
31.49 14.23 189.77 -0.17 -0.65 0.64 
15.38 19.66 205.98 -0.60 -0.12 0.43 
-1.15 1.62 206.64 -0.50 0.28 0.68 
-0.01 1.61 207.50 -0.50 0.35 0.71 
-39.95 15.76 201.88 -0.21 0.43 1.08 
-50.47 -48.16 233.96 0.00 -2.68 -1.12 
24.04 -0.13 211.40 -0.32 0.59 1.92 
-0.35 3.51 212.73 -0.92 -0.30 0.00 
-3.74 12.76 217.98 -0.98 -0.11 -0.15 
4.04 6.63 217.06 -0.90 -0.28 -0.11 
48.79 14.54 258.24 -1.15 0.74 -1.81 
32.62 -49.15 258.06 0.42 0.06 0.91 
3.13 -6.43 261.01 -0.92 1.98 0.16 
1.47 2.77 263.94 -0.63 0.20 0.62 
-17.20 -1.10 261.71 -0.69 0.44 0.73 
-49.55 -6.77 293.35 -0.20 -1.04 -1.30 
-8.64 -18.49 304.34 -1.36 0.34 0.75 
-0.75 -0.21 306.71 -0.82 -0.34 -0.40 
-2.93 6.77 307.66 -0.94 -0.44 -0.42 
2.84 12.03 308.38 -0.90 -0.19 -0.26 
45.99 32.80 322.91 -0.91 -1.20 -0.35 
3.72 10.60 301.58 -1.22 -0.89 -0.14 
-36.43 2.06 264.66 -0.08 2.36 1.92 
-4.15 -6.22 262.01 -0.63 0.42 0.59 
-0.47 3.17 261.45 -0.58 0.33 0.64 
-46.58 -2.18 256.20 -0.50 0.60 0.91 
-49.19 -23.31 281.52 -1.13 -1.09 -0.50 
-4.38 13.43 266.46 -1.22 -0.76 -0.85 
0.30 4.77 264.06 -0.83 -0.27 0.00 
-2.78 2.47 263.24 -0.89 -0.43 -0.04 
5.23 7.60 264.20 -0.83 -0.32 -0.01 
48.69 10.28 284.88 -1.45 0.16 -1.36 
40.02 -44.47 283.70 -0.26 0.33 0.32 
44.98 28.81 315.25 -0.30 -0.49 0.06 
-3.30 1.11 313.72 -0.60 0.23 0.61 
-4.08 -1.54 311.73 -0.60 0.15 0.61 
-45.90 -7.64 283.53 -0.24 1.03 1.16 
26.21 -27.76 315.96 -1.03 0.30 -0.69 
-0.49 20.50 309.80 -0.85 0.19 0.46 
8.17 1.02 303.50 -0.78 -0.42 0.07 
-2.63 -1.41 303.36 -0.95 -0.27 -0.09 
7.78 12.30 299.83 -0.94 -0.41 -0.05 
48.16 45.33 302.03 -1.27 -0.07 -0.89 
48.67 -47.52 310.09 -0.11 0.18 0.61 
8.80 2.14 323.52 -1.00 1.09 0.15 
1.19 2.17 324.31 -0.52 0.18 0.60 
-1.39 1.21 322.70 -0.54 0.24 0.72 
-50.79 9.27 312.35 0.14 -0.46 0.09 
-27.39 -26.98 -327.19 -1.41 -0.72 -1.03 
0.76 9.51 323.44 -0.76 0.13 0.18 
-0.17 3.51 319.58 -0.85 -0.38 -0.02 
0.87 2.65 320.37 -0.85 -0.39 -0.23 
15.05 36.87 -326.73 -0.79 -0.57 0.06 
50.28 -20.31 -296.94 -1.01 1.52 -0.75 
51.47 -21.97 -297.23 0.27 1.27 1.81 
0.26 -1.09 -301.34 -0.60 0.45 0.63 
4.00 1.42 -298.02 -0.65 0.28 0.62 
-45.91 8.10 -302.25 -0.19 0.31 0.93 
-50.15 -2.56 -270.47 -0.48 -1.66 -0.85 
4.07 3.79 -289.59 -0.21 0.51 2.50 
-0.68 1.97 -287.94 -0.75 -0.25 0.01 
4.81 4.44 -289.88 -0.90 -0.42 -0.14 
7.86 4.57 -292.25 -0.86 -0.46 -0.10 
48.57 24.61 -292.93 -1.60 0.05 -0.95 
36.67 -35.10 -289.13 0.09 0.53 0.67 
-4.03 -25.30 -288.75 -0.64 0.84 0.56 
3.51 2.00 -285.46 -0.58 0.33 0.65 
-46.56 -17.06 -302.81 -0.61 0.57 0.49 
-50.03 -30.78 -275.26 0.34 -1.47 -0.91 
16.99 -22.86 -260.23 -1.02 0.30 0.68 
0.94 -0.15 -255.91 -0.96 -0.41 -0.45 
-0.70 4.50 -257.92 -0.92 -0.30 -0.07 
-2.77 3.84 -258.72 -0.91 -0.31 -0.09 
7.59 7.84 -262.67 -0.98 -0.23 0.14 
47.80 23.27 -277.79 -1.19 -0.29 -0.75 
49.47 -40.96 -267.17 0.35 0.91 1.54 
-5.99 0.70 -270.55 -0.59 0.23 0.50 
-2.90 0.19 -272.74 -0.59 0.39 0.61 
-43.76 -5.50 -276.38 -0.28 0.21 0.87 
-50.18 -22.25 -237.69 -0.54 -1.07 -0.28 
-12.30 -19.72 -229.67 -0.93 -0.02 0.65 
2.92 1.20 -236.44 -0.94 -0.40 -0.08 
-0.98 1.96 -237.23 -0.83 -0.47 0.05 
18.73 14.44 -241.14 -0.81 -0.52 0.24 
20.86 -6.07 -241.95 -1.24 1.33 0.01 
14.18 -2.57 -239.64 -0.76 0.12 0.25 
-37.56 24.34 -256.76 -0.42 0.10 0.45 
-1.67 -1.36 -261.50 -0.63 0.47 0.43 
-0.69 2.64 -262.55 -0.67 0.39 0.58 
-48.82 14.44 -296.95 -0.81 -0.44 -0.40 
-24.17 -37.55 -279.54 -0.47 -0.55 -0.36 
11.94 31.51 -285.08 -0.62 0.43 1.47 
-2.92 2.40 -284.02 -0.92 -0.27 -0.26 
-1.61 4.56 -284.12 -0.92 -0.39 -0.25 
47.58 19.69 -259.64 -1.04 -0.36 -0.53 
40.24 -10.45 -262.52 -0.50 0.05 0.18 
49.48 -37.05 -251.33 0.59 1.27 2.09 
2.15 7.38 -260.15 -0.56 0.56 0.57 
1.16 0.33 -260.66 -0.66 0.43 0.59 
-25.33 19.52 -255.84 -0.62 0.45 0.69 
-50.25 12.65 -274.05 -0.28 -1.14 -0.54 
8.91 -45.60 -258.32 -0.84 -0.40 0.06 
-1.05 8.60 -263.61 -1.09 -0.86 -0.91 
-3.78 3.51 -266.31 -0.90 -0.23 -0.09 
-1.28 4.05 -267.74 -0.88 -0.24 -0.10 
47.32 48.94 -257.25 -1.18 -0.64 -0.88 
42.99 5.86 -251.23 -0.55 -0.19 0.30 
-48.06 17.85 -286.41 0.18 -0.11 0.89 
-0.67 -2.75 -291.05 -0.59 0.42 0.57 
-3.27 -0.91 -294.37 -0.57 0.39 0.62 
-31.61 1.28 -301.11 -0.47 0.56 0.92 
-49.60 -33.09 -288.98 -0.56 -0.91 -0.69 
9.93 -17.79 -272.80 -1.34 0.60 1.13 
-3.24 -1.55 -272.77 -0.89 -0.37 -0.28 
1.33 7.19 -274.92 -0.95 -0.19 -0.18 
10.83 8.46 -275.90 -0.87 -0.43 -0.18 
60.49 -14.08 -257.85 -1.22 0.09 -0.61 
49.24 -49.23 -240.08 0.50 0.45 0.87 
-18.30 -29.25 -235.42 -1.12 1.03 0.13 
1.25 1.67 -232.60 -0.66 0.30 0.61 
-4.59 0.66 -231.70 -0.65 0.49 0.57 
-50.40 -4.33 -213.27 -0.05 -1.48 -0.67 
16.17 -30.69 -187.30 -0.93 0.63 0.76 
2.15 -1.29 -188.20 -0.95 -0.69 -0.47 
-0.83 5.06 -193.28 -0.96 -0.33 -0.12 
-0.46 3.89 -194.76 -0.91 -0.33 -0.04 
-0.64 6.51 -202.06 -0.85 -0.41 0.00 
48.61 23.08 -209.71 -1.66 0.28 -0.95 
44.72 29.51 -187.91 -0.85 -0.29 0.30 
-25.48 18.35 -189.53 -0.37 -1.11 0.32 
-7.14 0.55 -194.60 -0.63 0.28 0.50 
-2.85 1.67 -196.24 -0.60 0.40 0.58 
-40.12 29.76 -202.07 -0.32 0.72 0.76 
-50.21 -47.84 -184.93 -0.30 -1.95 -1.04 
-0.58 -8.70 -177.29 -1.09 0.37 0.98 
1.40 -2.52 -176.77 -0.88 -0.49 -0.07 
0.76 7.09 -179.38 -0.92 -0.40 -0.16 
6.21 11.46 -177.22 -0.93 -0.47 -0.20 
48.68 7.09 -170.26 -1.31 0.32 -1.14 
30.61 -28.18 -171.81 -0.20 0.39 0.40 
-48.40 8.19 -182.10 -0.15 -1.20 0.49 
-0.24 3.04 -183.57 -0.58 0.36 0.72 
-0.94 2.91 -183.13 -0.55 0.33 0.63 
-47.36 32.40 -197.73 -0.12 0.19 1.05 
-24.41 -58.68 -153.99 -0.62 -0.74 -0.31 
-13.02 21.93 -169.73 -1.20 -0.31 -1.00 
-1.97 6.49 -176.37 -0.93 -0.27 -0.18 
0.55 1.15 -175.79 -1.01 -0.18 -0.26 
1.57 4.19 -177.18 -0.88 -0.36 -0.20 
46.30 40.93 -172.39 -0.81 -0.76 -0.08 
30.79 0.43 -171.15 0.31 -0.19 0.59 
-47.73 15.68 -181.06 -0.20 -0.71 0.82 
0.11 4.30 -180.89 -0.45 0.39 0.61 
0.16 -0.97 -181.69 -0.68 0.27 0.58 
-8.54 3.99 -182.40 -0.44 0.49 0.71 
-49.16 16.69 -219.81 -0.22 -0.26 -0.31 
-30.43 -32.50 -201.38 -1.05 -0.18 0.20 
0.29 2.50 -206.56 -1.17 -0.61 -0.98 
-0.86 4.11 -210.40 -0.89 -0.23 -0.11 
1.13 3.78 -214.64 -0.85 -0.25 -0.05 
-7.01 1.34 -211.16 -0.92 -0.35 -0.17 
15.95 16.30 -212.96 -0.89 -0.45 0.00 
47.06 8.23 -218.02 -1.15 -0.66 -0.93 
23.52 -46.40 -224.07 0.12 0.98 1.61 
8.58 -2.81 -217.90 -0.58 0.58 0.38 
1.95 -1.11 -216.67 -0.53 0.39 0.70 
-14.83 6.99 -218.33 -0.51 0.38 0.80 
-48.93 9.50 -256.78 -0.77 -0.80 -1.25 
11.12 -27.20 -248.59 -1.09 0.01 0.99 
6.54 -0.32 -249.03 -1.00 -0.21 -0.48 
0.96 5.67 -250.41 -0.94 -0.25 -0.22 
-0.93 3.04 -251.75 -0.90 -0.33 -0.12 
47.00 12.67 -252.06 -0.90 -0.57 -0.20 
20.53 -46.38 -266.06 -1.06 0.82 -0.32 
42.25 -33.35 -252.83 0.14 -0.01 0.79 
13.54 -6.71 -246.77 -0.88 0.76 0.14 
-0.21 2.04 -246.55 -0.61 0.44 0.50 
-0.74 2.37 -247.29 -0.58 0.49 0.48 
-45.97 38.76 -258.73 0.00 0.72 0.89 
-49.88 -47.88 -242.39 -0.29 -1.91 -1.43 
-6.50 43.23 -251.82 -1.02 0.14 -0.16 
1.02 3.67 -252.35 -0.90 -0.14 0.00 
-0.17 3.38 -253.26 -0.91 -0.27 -0.10 
18.03 9.45 -267.02 -0.97 -0.40 -0.10 
49.63 -46.00 -272.55 -1.39 1.30 -0.67 
49.16 -40.49 -258.97 0.63 0.82 1.87 
-5.43 2.02 -261.47 -0.48 0.23 0.66 
-3.85 5.69 -262.13 -0.56 0.50 0.72 
-49.62 -15.33 -257.27 0.47 -0.55 0.23 
240.59 241.69 -244.68 -1.37 -0.75 -0.87 
48.33 -13.33 -243.26 -0.23 0.08 0.54 
32.02 19.33 -231.26 -0.82 0.36 -0.04 
-1.37 5.00 -228.67 -0.62 0.28 0.58 
-47.96 32.05 -236.66 0.07 -0.18 1.01 
-30.53 -26.97 -197.48 -0.84 -0.63 -0.01 
-3.38 20.70 -216.17 -1.28 -0.40 -0.79 
-0.56 3.77 -216.40 -0.84 -0.15 -0.04 
1.99 2.28 -216.80 -0.92 -0.44 -0.17 
47.77 15.19 -220.85 -1.15 -0.38 0.08 
7.71 -46.22 -242.74 -0.59 0.47 0.45 
-48.90 16.35 -263.40 -0.17 -0.53 0.98 
-3.89 1.75 -265.31 -0.52 0.56 0.58 
-4.68 1.92 -267.17 -0.60 0.41 0.63 
-47.10 10.12 -301.56 -0.15 0.20 1.04 
-44.99 -48.34 -270.20 -0.04 -1.83 -0.75 
8.90 22.80 -284.58 -0.51 1.34 2.14 
3.35 -0.82 -285.57 -0.75 -0.28 0.00 
-1.79 4.53 -286.92 -0.97 -0.41 -0.19 
21.32 10.90 -295.96 -0.88 -0.46 -0.06 
50.19 -44.16 -305.69 -1.00 1.55 0.48 
48.85 -48.94 -306.83 0.59 0.44 1.59 
-7.52 -11.25 -310.43 -0.42 0.49 0.53 
1.98 0.46 -310.71 -0.63 0.43 0.61 
-46.72 41.54 -321.63 -0.07 0.36 0.73 
-49.72 -32.99 -316.27 -0.85 -1.20 -0.99 
23.97 16.38 324.23 -1.06 0.35 0.62 
-8.69 -5.44 -327.47 -0.81 -0.38 -0.26 
3.15 2.67 325.42 -0.87 -0.45 -0.32 
22.71 6.22 322.30 -0.98 -0.29 -0.40 
47.62 15.18 -320.47 -1.35 -0.26 -0.69 
49.16 4.65 -313.71 -0.28 0.15 0.44 
-14.81 19.94 -312.13 -0.36 -1.06 0.22 
-1.58 0.34 -311.83 -0.55 0.33 0.66 
-46.79 9.35 -309.73 -0.52 0.48 0.91 
-50.82 -40.86 -259.17 -0.42 -1.53 -0.35 
-5.16 -11.46 -251.72 -0.93 0.44 1.32 
-5.85 -0.54 -250.38 -0.91 -0.62 -0.31 
-1.58 4.13 -252.09 -0.89 -0.41 -0.15 
4.95 2.81 -258.20 -0.92 -0.37 -0.02 
45.98 49.17 -282.88 -0.89 -1.12 0.16 
48.29 6.92 -265.22 -0.39 -0.07 0.63 
33.90 5.41 -252.55 -0.53 0.85 0.30 
1.97 1.72 -252.09 -0.51 0.37 0.55 
-47.02 19.71 -245.89 -0.29 0.59 1.23 
-50.44 -25.09 -221.15 -0.50 -1.24 -0.17 
-10.84 -11.57 -211.84 -0.80 0.34 1.34 
-3.10 -2.64 -210.01 -0.77 -0.41 0.27 
-0.01 6.66 -211.61 -0.82 -0.46 0.11 
14.58 9.13 -215.12 -0.75 -0.70 0.13 
48.64 42.13 -210.50 -1.48 0.10 -0.99 
43.33 -12.58 -205.73 -0.84 0.43 0.23 
-49.74 26.15 -215.70 -0.28 -0.63 0.47 
-0.71 1.67 -218.77 -0.47 0.45 0.45 
-22.31 2.93 -223.64 -0.46 0.59 0.77 
-48.11 -23.20 -270.34 -0.28 -0.22 -1.49 
-13.09 -15.57 -256.18 -1.50 0.61 1.04 
1.24 -4.51 -257.58 -0.94 -0.22 -0.36 
0.80 4.01 -261.59 -0.85 -0.61 -0.11 
57.81 24.34 -262.33 -0.56 -0.88 -0.06 
-11.70 22.31 -268.99 -1.39 -0.21 -0.27 
47.95 -48.26 -243.39 0.49 -0.16 1.06 
1.10 -0.19 -241.14 -0.62 0.26 0.57 
-2.69 2.83 -242.50 -0.61 0.47 0.56 
-47.28 21.23 -246.16 -0.19 0.34 1.01 
-48.71 -23.67 -220.78 -1.16 -0.52 -0.35 
5.92 11.88 -234.10 -0.71 0.12 0.80 
-3.85 4.22 -230.10 -0.80 -0.32 0.07 
3.55 6.65 -235.21 -0.87 -0.37 -0.13 
47.42 32.90 -245.24 -1.16 -0.45 -0.12 
48.54 -11.02 -251.52 -0.61 0.08 -0.25 
24.54 -5.97 -243.18 -0.73 0.21 0.34 
11.62 6.96 -238.39 -0.37 -0.34 0.33 
-1.01 2.20 -238.77 -0.60 0.46 0.52 
-30.69 8.38 -245.21 -0.39 0.69 0.86 
-49.16 -47.52 -278.32 -0.58 -1.21 -1.66 
6.71 -29.53 -265.65 -0.54 -0.03 0.64 
-0.65 24.47 -273.11 -1.36 -0.78 -0.82 
-0.28 -0.78 -274.76 -0.66 -0.57 0.01 
0.34 5.73 -277.86 -0.73 -0.65 -0.01 
6.30 2.59 -282.07 -0.69 -0.69 0.14 
74.31 42.67 -276.26 -0.90 0.64 -0.03 
5.10 3.35 -275.57 -1.00 0.83 0.10 
20.11 -23.11 -269.27 -0.78 0.09 0.41 
12.24 -19.32 -270.29 -0.46 0.32 0.66 
25.84 11.56 -252.89 -0.54 0.44 0.14 
-3.26 1.55 -255.17 -0.77 0.22 0.36 
1.00 2.87 -254.71 -0.72 0.44 0.52 
-0.35 0.82 -255.68 -0.72 0.33 0.53 
-8.11 12.70 -254.13 -0.50 0.33 0.81 
-23.10 18.51 -263.14 -0.79 0.26 0.78 
-36.89 -17.77 -281.25 -0.65 -0.61 -1.05 
-24.73 -18.01 -275.14 -0.58 -0.63 -0.30 
-63.18 -98.32 155.99 -1.63 1.09 -1.27 
48.18 -35.29 161.94 0.89 0.46 1.45 
-27.69 -30.15 148.81 -0.33 0.79 0.48 
-55.72 5.90 142.89 -0.29 0.71 1.05 
4.71 -41.96 171.31 0.05 -1.65 -0.46 
-14.07 17.69 161.69 -0.62 0.60 1.70 
-1.05 -5.04 162.60 -0.56 -0.42 -0.17 
7.95 3.95 154.48 -0.85 -0.69 -0.32 
47.71 2.68 150.81 -1.59 -0.45 -0.97 
39.57 1.38 154.63 -0.76 0.52 0.35 
50.84 44.16 196.17 -0.08 0.66 -0.30 
-0.53 0.14 196.35 -0.41 0.41 0.64 
-47.11 -15.79 191.07 0.59 0.21 0.40 
-7.79 -42.29 205.42 -1.16 -0.68 0.03 
8.64 -2.76 207.28 -1.28 -0.87 -1.21 
-2.65 1.75 203.40 -0.82 -0.59 -0.22 
4.78 5.59 203.05 -0.73 -0.35 -0.22 
47.16 28.21 244.79 -1.05 -0.58 -1.01 
48.59 -41.27 243.04 -1.08 0.15 0.11 
-49.27 22.77 210.89 0.13 -0.47 0.61 
2.35 -0.83 210.52 -0.26 0.31 0.85 
-6.10 1.62 209.02 -0.41 0.45 0.79 
-50.11 -45.23 238.48 0.17 -2.42 -1.85 
23.66 -45.09 228.01 -0.64 0.53 3.13 
-3.27 -1.48 231.66 -0.82 -0.27 0.08 
8.37 6.82 220.60 -0.86 -0.35 -0.15 
48.43 -45.46 221.02 -1.70 0.34 -0.87 
18.38 2.10 236.45 -0.32 0.89 0.56 
-19.78 12.85 239.25 -0.28 0.70 0.98 
-49.64 -11.12 248.78 -0.15 -1.73 -1.31 
16.54 -7.61 255.80 -1.27 0.55 1.67 
-0.59 -7.82 256.67 -0.66 -0.43 -0.25 
11.36 8.22 252.88 -0.96 -0.65 -0.43 
49.19 -12.92 256.82 -1.53 0.75 -0.89 
37.42 -48.49 252.00 0.61 0.23 1.06 
-25.60 -22.41 244.57 -0.67 0.96 0.27 
-1.02 4.41 246.14 -0.42 0.42 0.72 
-48.63 16.16 228.90 -0.46 -0.18 -0.09 
11.92 -42.42 244.66 -0.56 -0.73 -0.25 
16.30 24.46 226.79 -1.24 -0.56 -0.49 
0.03 6.32 229.47 -0.69 -0.42 0.12 
47.12 20.97 211.50 -1.18 -0.82 0.06 
12.40 -16.01 200.01 -0.08 1.24 0.63 
-16.50 19.78 222.27 -0.06 -1.63 0.34 
-1.64 6.68 222.48 -0.35 0.29 0.78 
-46.58 7.03 212.20 0.07 0.47 1.07 
-46.46 -59.29 263.33 -0.46 -0.89 -0.64 
15.79 2.94 243.27 -1.65 -1.08 -1.46 
1.87 4.73 234.55 -0.77 -0.41 0.10 
48.32 -1.00 210.10 -1.27 0.18 -0.63 
33.06 -43.97 212.68 -0.10 0.80 0.36 
-2.11 -6.90 214.81 -1.41 1.86 -0.19 
-0.63 -0.08 214.58 -0.31 0.53 0.86 
-50.32 29.33 219.03 0.14 -1.27 -0.61 
-6.64 -30.03 234.87 -1.12 0.41 0.82 
4.97 -7.81 238.70 -1.02 -0.34 -0.39 
6.68 2.96 232.75 -0.91 -0.34 -0.06 
49.34 -26.77 225.75 -1.65 0.68 -0.70 
48.71 -48.80 229.70 0.53 0.41 1.24 
-39.27 -24.89 217.55 -0.39 0.61 0.58 
-2.13 2.95 219.38 -0.43 0.62 0.78 
-49.04 -16.99 216.92 0.21 -0.27 0.39 
29.64 -39.63 263.85 -0.44 -0.72 0.07 
-5.98 2.08 253.56 -1.28 -1.23 -1.26 
-2.66 3.38 248.78 -0.84 -0.34 0.04 
47.38 12.61 238.52 -1.08 -0.33 0.34 
13.62 -47.67 214.13 -0.38 1.18 -0.02 
-51.27 17.08 209.23 -0.05 -1.52 0.03 
-0.59 1.39 208.00 -0.51 0.54 0.69 
-0.21 -0.10 207.84 -0.37 0.30 0.71 
-50.39 -18.07 236.25 0.70 -1.20 -0.10 
19.72 -32.31 274.86 -0.46 0.84 0.87 
-0.81 -4.52 279.93 -1.00 -0.67 -0.12 
-1.28 8.29 277.03 -0.86 -0.35 0.11 
47.32 50.51 255.61 -1.19 -0.37 0.12 
1.41 -5.88 252.30 -0.41 0.24 0.70 
-48.10 23.16 245.95 0.09 -0.13 0.96 
-50.41 -47.35 296.50 -0.34 -1.21 -0.61 
9.81 -9.83 280.92 -1.36 -0.96 -1.07 
-0.35 4.31 278.88 -0.78 -0.34 0.13 
2.00 1.98 277.46 -0.90 -0.40 0.07 
45.99 32.06 260.58 -0.56 -0.86 0.03 
43.39 10.34 259.48 -1.33 -0.37 0.18 
-37.21 20.92 238.74 -0.26 0.00 1.00 
3.53 0.95 239.99 -0.56 0.39 0.53 
-2.65 2.91 239.08 -0.57 0.46 0.52 
-73.99 -71.59 305.11 -0.62 -1.92 -1.02 
3.23 27.90 289.65 -1.36 -0.16 -0.89 
0.34 4.92 288.76 -0.85 -0.28 -0.03 
1.35 4.88 287.98 -0.88 -0.36 0.06 
45.86 35.94 294.60 -0.62 -0.90 0.18 
-0.04 -44.48 275.75 -0.48 0.56 0.60 
-48.41 25.56 244.40 0.15 -0.19 1.11 
4.09 0.25 246.93 -0.47 0.82 0.52 
3.84 0.84 248.32 -0.52 0.47 0.58 
4.03 9.66 256.61 -0.49 0.59 0.74 
-49.19 -10.76 232.42 -0.23 -0.25 -0.26 
-4.23 -31.41 244.48 -0.94 1.07 2.89 
3.15 -0.26 246.57 -0.71 -0.41 0.21 
1.35 3.32 245.54 -0.91 -0.46 0.00 
15.46 6.06 236.32 -0.91 -0.30 0.11 
50.89 -47.27 217.45 -0.94 1.72 -0.36 
-47.31 21.21 204.16 -0.23 0.19 0.89 
2.02 -0.35 204.78 -0.44 0.55 0.60 
