-2.33 -2.02 -283.79 -0.76 -0.32 -0.29 
-10.44 -11.22 -272.92 -0.77 -0.30 -0.34 
-6.52 -13.35 -271.36 -0.89 -0.19 0.02 
-9.63 -3.70 -270.86 -0.70 -0.05 0.40 
6.22 2.28 -273.48 -0.75 -0.39 0.53 
-9.28 16.39 -292.47 -1.24 -0.60 0.59 
2.58 4.34 -292.12 -0.83 -0.24 0.17 
2.32 2.79 -292.01 -1.04 -0.31 0.30 
11.61 4.63 -278.41 -0.98 -0.30 0.57 
16.32 7.20 -271.33 -0.93 -0.05 0.35 
17.27 6.37 -276.85 -0.79 0.10 0.38 
16.81 12.71 -283.24 -0.74 -0.11 0.14 
29.44 13.91 -294.32 -0.62 -0.76 -0.21 
1.63 -2.29 -291.50 -0.88 -0.55 -0.27 
-8.96 -5.81 -281.55 -0.71 -0.23 -0.25 
-15.60 -7.25 -275.41 -0.74 0.16 -0.03 
-5.88 -9.16 -275.40 -1.03 -0.10 0.13 
-14.42 9.10 -280.42 -0.59 0.06 0.56 
-17.46 7.05 -298.17 -1.06 -0.86 0.75 
3.72 5.90 -299.93 -1.00 -0.50 0.46 
4.54 0.98 -298.61 -0.96 -0.40 0.35 
11.50 7.92 -281.93 -0.93 -0.25 0.61 
15.77 10.93 -277.77 -0.80 0.06 0.35 
10.17 8.77 -281.85 -0.80 0.06 0.25 
8.67 15.96 -289.09 -0.70 -0.02 0.07 
25.26 3.97 -294.77 -0.61 -0.51 -0.33 
-7.28 -3.02 -286.63 -0.84 -0.53 -0.34 
-11.66 -7.56 -279.34 -0.94 -0.03 -0.16 
-15.23 -10.26 -276.11 -0.61 0.00 0.19 
-6.83 -2.07 -282.98 -0.85 0.12 0.48 
23.12 4.44 -285.96 -1.01 -0.29 0.87 
4.66 3.43 -298.09 -1.13 -0.41 0.42 
-1.09 8.47 -294.27 -0.83 -0.45 0.40 
6.60 1.00 -280.07 -1.07 -0.21 0.61 
19.04 13.33 -270.25 -0.80 -0.19 0.44 
13.58 10.32 -269.74 -0.69 -0.08 0.34 
13.43 14.22 -275.31 -0.71 -0.05 0.15 
10.64 16.53 -287.64 -0.78 -0.27 -0.43 
-6.05 -3.19 -283.12 -0.79 -0.44 -0.25 
-0.63 -10.92 -274.25 -0.90 -0.19 -0.11 
-4.98 -9.05 -271.68 -0.78 -0.06 0.24 
-4.67 -5.53 -268.17 -0.73 -0.02 0.42 
-23.34 2.60 -274.06 -0.95 -0.54 0.61 
25.81 18.62 -284.35 -1.36 -1.11 0.74 
0.61 3.38 -283.31 -0.92 -0.42 0.27 
-3.65 -4.90 -288.24 -1.23 -0.22 0.45 
15.90 4.35 -279.74 -0.81 -0.34 0.55 
18.21 8.27 -277.26 -0.76 -0.14 0.43 
12.35 7.81 -280.18 -0.81 -0.06 0.23 
7.45 14.15 -283.53 -0.75 -0.19 0.13 
2.55 15.60 -298.32 -0.66 -0.61 -0.38 
-6.23 -7.38 -287.06 -0.66 -0.73 -0.33 
-5.99 -11.33 -275.77 -0.75 -0.09 0.11 
-6.47 -5.99 -268.14 -0.81 -0.02 0.34 
-0.38 1.50 -271.61 -0.80 -0.04 0.39 
4.01 9.80 -270.76 -0.94 -0.12 0.34 
-7.99 8.85 -290.25 -1.26 -0.53 0.47 
3.75 1.34 -286.87 -0.84 -0.52 0.36 
4.30 -2.37 -283.40 -1.01 -0.33 0.58 
13.46 13.86 -273.76 -0.90 -0.23 0.25 
9.68 12.71 -271.50 -0.76 -0.14 0.26 
9.58 7.35 -275.87 -0.86 -0.06 0.12 
6.37 10.00 -280.58 -0.88 -0.06 -0.04 
6.21 15.65 -292.71 -0.70 -0.44 -0.30 
3.85 -7.68 -284.18 -0.80 -0.53 -0.32 
-2.99 -8.60 -273.49 -0.80 -0.21 0.06 
-4.28 -5.20 -266.52 -0.69 -0.15 0.33 
-5.83 -0.01 -268.79 -0.74 0.05 0.55 
-3.16 -1.76 -273.43 -0.73 -0.22 0.75 
-4.28 4.25 -285.88 -0.66 -0.15 0.38 
0.74 1.64 -285.78 -0.85 -0.63 0.45 
1.17 -6.21 -288.22 -1.09 -0.42 0.52 
13.25 6.64 -281.33 -0.86 -0.52 0.48 
37.48 27.87 -285.50 -0.89 -0.19 0.30 
5.98 15.15 -292.82 -0.77 -0.13 0.22 
7.11 14.44 -307.16 -0.65 -0.40 -0.22 
-2.45 -5.40 -300.64 -0.70 -0.84 -0.42 
-5.52 -12.15 -285.41 -0.72 -0.25 -0.02 
-2.28 -15.10 -277.97 -0.67 -0.13 0.41 
-8.28 -16.99 -278.22 -0.73 -0.03 0.63 
-12.49 0.17 -282.15 -0.81 -0.48 0.64 
6.94 20.10 -283.64 -0.99 -0.27 0.35 
5.41 5.07 -285.35 -0.99 -0.34 0.47 
14.90 -1.13 -285.31 -1.14 -0.39 0.60 
11.92 6.00 -281.17 -0.82 -0.38 0.61 
19.64 10.25 -277.03 -0.85 -0.26 0.44 
12.97 11.72 -280.42 -0.87 -0.08 0.26 
4.67 11.40 -287.17 -0.77 -0.27 0.23 
5.33 14.48 -295.33 -0.72 -0.34 0.07 
5.69 2.46 -290.62 -0.60 -1.06 -0.59 
-2.43 -11.48 -278.69 -0.68 -0.33 -0.03 
0.46 -9.22 -271.86 -0.78 -0.20 0.27 
-3.45 -8.45 -270.05 -0.97 -0.30 0.38 
-7.81 -0.55 -265.42 -0.76 0.00 0.53 
-22.83 18.53 -278.76 -1.13 0.15 0.34 
4.45 -1.01 -282.87 -1.05 -0.49 0.42 
18.16 0.89 -276.88 -1.13 -0.32 0.64 
15.07 13.19 -272.23 -0.82 -0.28 0.45 
15.82 12.91 -274.23 -0.84 0.05 0.31 
5.10 15.23 -284.14 -0.78 -0.22 0.09 
7.53 15.76 -292.16 -0.68 -0.35 -0.16 
7.48 -1.82 -290.16 -0.88 -0.74 -0.32 
0.88 -1.59 -284.53 -0.76 -0.71 -0.22 
-1.74 -9.35 -272.18 -0.75 -0.29 -0.04 
1.93 -9.40 -269.28 -0.71 -0.07 0.26 
-11.09 -12.11 -266.82 -0.83 -0.18 0.59 
11.56 1.46 -257.38 -0.57 -0.34 0.88 
-10.64 13.03 -265.85 -1.12 -0.36 0.83 
4.81 5.17 -263.72 -0.92 -0.41 0.39 
-0.31 -7.85 -261.24 -1.12 -0.44 0.77 
9.02 12.51 -256.13 -0.82 -0.31 0.53 
18.50 10.76 -251.78 -0.82 -0.22 0.21 
7.10 8.91 -256.11 -0.82 -0.07 0.18 
8.44 17.12 -269.66 -0.88 -0.22 -0.09 
2.64 7.03 -276.29 -0.59 -0.76 -0.49 
-7.13 -4.99 -267.20 -0.72 -0.66 -0.32 
-1.43 -7.13 -256.40 -0.68 -0.14 0.12 
-6.36 -13.79 -253.57 -0.89 -0.13 0.31 
-1.03 -7.87 -253.50 -0.77 -0.36 0.60 
-1.36 4.79 -253.83 -0.76 -0.13 0.53 
5.06 6.87 -253.83 -0.84 -0.49 0.43 
2.15 2.42 -253.88 -0.80 -0.53 0.42 
9.01 5.76 -244.27 -0.93 -0.49 0.58 
36.82 17.78 -233.13 -0.80 -0.07 0.13 
11.54 6.93 -235.51 -0.83 -0.05 0.18 
5.52 8.73 -242.17 -0.84 -0.09 0.08 
5.04 10.59 -250.25 -0.78 -0.24 -0.01 
-7.68 -39.20 -236.87 -0.89 -0.17 -0.01 
-2.73 -6.28 -233.53 -0.84 -0.18 0.23 
-4.74 -7.81 -231.30 -0.89 -0.22 0.35 
0.19 -8.15 -231.52 -0.77 -0.27 0.67 
-1.94 4.04 -230.94 -0.42 -0.20 0.83 
4.01 16.72 -231.85 -1.31 -0.46 0.37 
6.19 4.51 -230.38 -1.09 -0.43 0.43 
2.72 -10.47 -225.84 -1.12 -0.16 0.62 
2.98 11.79 -215.84 -1.00 -0.17 0.47 
18.66 23.67 -241.02 -0.81 -0.09 0.11 
6.70 14.10 -256.42 -0.51 -0.39 -0.24 
-3.89 -9.57 -245.09 -0.72 -0.87 -0.79 
-4.39 -13.97 -229.60 -0.69 -0.07 0.15 
-4.47 -11.92 -222.17 -0.78 -0.08 0.33 
-5.56 -14.40 -218.16 -0.86 -0.13 0.65 
-22.66 -3.26 -229.28 -0.86 0.75 0.87 
9.91 15.34 -232.56 -1.08 0.16 0.77 
5.66 6.12 -230.61 -0.91 -0.09 0.50 
12.64 -0.97 -230.91 -1.26 0.09 0.68 
16.71 17.62 -227.01 -0.84 -0.03 0.54 
12.77 12.31 -229.76 -0.79 0.12 0.28 
17.23 15.14 -238.83 -0.81 0.09 0.07 
2.09 18.07 -256.53 -0.75 -0.15 -0.10 
6.86 0.97 -253.45 -0.52 -0.97 -0.86 
-1.00 -14.43 -235.76 -0.69 -0.23 -0.11 
-2.45 -13.33 -225.69 -0.78 -0.08 0.23 
-4.70 -13.89 -218.25 -0.87 0.03 0.41 
-14.36 -11.64 -214.91 -0.71 0.00 0.75 
-10.58 7.16 -229.98 -0.74 -0.20 0.66 
5.51 8.40 -229.26 -1.09 -0.42 0.67 
13.21 -1.62 -228.70 -1.06 -0.79 0.82 
8.22 16.41 -218.77 -0.89 -0.09 0.74 
10.01 13.65 -208.90 -0.77 -0.14 0.41 
15.90 10.43 -209.14 -0.86 -0.05 0.26 
6.01 16.56 -218.77 -0.68 0.00 0.28 
-1.50 18.21 -234.02 -0.42 -0.56 -0.21 
0.34 -8.25 -224.06 -0.65 -0.89 -0.78 
-6.17 -12.92 -210.00 -0.71 -0.08 0.00 
-4.18 -13.50 -202.41 -0.70 -0.10 0.42 
-10.78 -4.26 -197.07 -0.56 0.10 0.72 
-27.20 2.19 -210.53 -0.89 -0.18 0.78 
0.44 9.96 -218.81 -1.37 -0.54 0.65 
9.22 -0.87 -215.10 -1.18 -0.39 0.65 
15.73 18.48 -199.73 -1.00 -0.17 0.46 
8.80 17.73 -200.84 -0.87 -0.13 0.31 
15.57 13.72 -205.91 -0.83 -0.02 0.14 
7.42 13.93 -216.19 -0.80 -0.15 -0.06 
-9.66 7.72 -230.28 -0.56 -0.70 -0.55 
-8.82 -14.23 -216.68 -0.69 -0.51 -0.21 
-2.74 -12.07 -205.60 -0.78 -0.24 0.09 
-5.49 -15.36 -201.32 -0.75 -0.17 0.46 
1.90 2.66 -197.09 -0.78 -0.14 0.58 
-6.62 8.29 -200.14 -0.56 -0.56 0.69 
5.53 5.48 -204.91 -0.78 -0.83 0.47 
7.91 -0.96 -201.26 -1.11 -0.16 0.58 
22.17 18.04 -192.20 -1.01 -0.26 0.65 
18.15 26.97 -182.39 -0.88 -0.18 0.29 
5.42 12.51 -185.19 -0.75 0.05 0.01 
8.64 16.14 -192.19 -0.82 -0.08 -0.08 
0.11 10.86 -205.27 -0.66 -0.21 -0.36 
-5.43 -2.94 -199.90 -0.73 -0.59 -0.77 
0.32 -13.22 -190.12 -0.72 -0.23 -0.12 
-1.08 -9.17 -185.41 -0.81 -0.21 0.02 
3.73 -13.55 -181.90 -0.89 -0.14 0.17 
-13.00 -11.11 -181.78 -0.93 -0.15 0.63 
-30.05 12.54 -195.36 -0.91 -0.21 0.37 
3.17 0.27 -205.11 -1.41 -0.50 0.51 
2.31 3.53 -206.67 -0.90 -0.39 0.45 
8.75 7.17 -200.96 -1.28 -0.47 0.66 
17.65 15.12 -189.60 -0.86 -0.35 0.45 
8.99 6.14 -197.24 -0.60 -0.06 0.31 
16.87 9.91 -204.29 -0.72 -0.18 0.09 
0.27 16.74 -218.03 -0.61 -0.43 -0.08 
14.26 6.67 -212.91 -0.68 -1.22 -0.87 
-3.27 -16.39 -197.74 -0.63 -0.48 -0.22 
-1.82 -13.01 -188.07 -0.66 -0.06 0.33 
-14.73 -11.50 -182.01 -0.63 -0.12 0.56 
1.81 -5.73 -182.78 -0.87 -0.38 0.83 
1.43 6.97 -182.50 -0.73 -0.11 0.38 
-6.93 4.11 -191.82 -1.21 -0.64 0.55 
4.17 5.87 -192.44 -1.03 -0.30 0.46 
19.38 9.70 -171.82 -0.92 -0.88 0.47 
23.66 14.87 -160.24 -0.84 -0.10 0.30 
18.06 7.56 -160.23 -0.82 0.02 0.21 
13.09 10.48 -170.00 -0.87 -0.04 0.12 
3.94 13.00 -185.24 -0.69 -0.24 0.00 
-0.41 3.75 -192.42 -0.55 -0.85 -0.45 
5.55 -12.90 -178.90 -0.66 -0.56 -0.32 
1.77 -15.18 -170.55 -0.76 -0.17 0.26 
-4.00 -12.36 -162.38 -0.85 -0.10 0.57 
-7.68 2.13 -156.99 -0.69 -0.09 0.51 
5.79 7.64 -160.44 -0.85 -0.30 0.24 
1.01 10.65 -165.82 -0.92 -0.29 0.55 
9.35 -0.84 -164.13 -1.11 -0.49 0.54 
8.84 5.86 -150.65 -0.72 -0.46 0.65 
16.98 11.11 -146.27 -0.79 -0.23 0.45 
20.02 10.41 -148.01 -0.83 -0.19 0.29 
5.44 13.75 -153.59 -0.76 -0.11 0.26 
-1.47 13.11 -162.17 -0.78 -0.21 0.00 
9.06 5.31 -166.44 -0.62 -0.71 -0.64 
-0.23 -9.74 -155.98 -0.77 -0.45 -0.20 
-2.77 -12.52 -148.93 -0.80 -0.28 0.07 
-5.18 -11.94 -143.27 -0.87 -0.25 0.33 
-8.73 -2.42 -140.93 -0.63 -0.17 0.54 
-22.78 2.50 -156.32 -0.67 -0.10 1.32 
3.85 11.59 -160.34 -1.04 -0.39 0.56 
4.86 4.12 -161.20 -1.00 -0.41 0.44 
8.00 6.04 -149.16 -0.98 -0.60 0.38 
20.00 10.58 -144.08 -0.82 -0.51 0.46 
22.55 11.84 -141.10 -0.79 -0.21 0.45 
12.81 14.93 -145.01 -0.77 -0.21 0.23 
11.66 16.10 -155.87 -0.75 -0.32 -0.02 
1.33 12.15 -158.31 -0.67 -0.55 -0.35 
2.63 -2.53 -150.68 -0.67 -0.71 -0.40 
-2.65 -10.34 -138.79 -0.73 -0.48 -0.21 
-4.18 -13.68 -127.90 -0.83 -0.10 0.23 
-13.06 -13.17 -126.15 -0.86 -0.18 0.66 
-1.13 -5.28 -128.15 -0.56 -0.30 0.52 
7.18 7.81 -137.77 -1.04 -0.48 0.63 
3.35 4.54 -138.50 -1.29 -0.72 0.44 
6.77 -1.77 -137.32 -1.07 -0.60 0.74 
19.58 8.99 -122.79 -0.54 -0.46 0.73 
12.89 9.77 -116.53 -0.85 -0.13 0.34 
10.66 9.23 -122.10 -0.75 -0.01 0.27 
9.26 10.14 -129.96 -0.84 -0.21 0.09 
3.58 12.69 -142.64 -0.77 -0.39 -0.14 
-2.79 1.90 -136.84 -0.61 -1.00 -0.49 
-7.05 -9.77 -121.31 -0.73 -0.16 0.08 
-5.27 -7.46 -112.52 -0.83 -0.09 0.27 
-1.96 -14.00 -106.70 -0.74 -0.08 0.46 
-25.38 13.86 -124.02 -0.87 0.14 0.28 
1.09 2.72 -124.90 -0.89 -0.33 0.53 
-4.78 12.01 -133.31 -1.18 -0.10 0.54 
5.54 4.63 -136.91 -0.93 -0.23 0.48 
2.66 3.93 -136.04 -0.93 -0.49 0.59 
2.94 3.99 -133.50 -0.91 -0.43 0.48 
6.17 5.84 -127.80 -0.86 -0.51 0.47 
19.37 17.16 -125.48 -0.85 -0.07 0.23 
4.01 20.05 -154.79 -0.58 -0.80 -0.34 
-8.12 -17.95 -125.07 -0.73 -0.10 0.21 
-8.12 -17.95 -125.07 -0.73 -0.10 0.21 
-3.21 -7.78 -121.02 -0.77 -0.14 0.41 
-0.13 -4.39 -120.03 -0.81 -0.07 0.48 
1.29 -3.36 -121.85 -0.77 -0.08 0.72 
-4.87 6.86 -127.78 -0.95 -0.19 0.63 
-3.73 -7.91 -126.75 -0.73 -0.81 -0.32 
-9.09 -39.00 -117.65 -0.83 -0.15 0.46 
-5.30 -2.44 -114.66 -0.88 0.00 0.63 
-0.02 4.34 -117.56 -0.73 -0.17 0.44 
10.20 4.41 -119.58 -0.95 -0.22 0.49 
3.23 5.14 -118.19 -0.99 -0.50 0.59 
6.88 -2.90 -116.33 -0.94 -0.35 0.71 
8.35 12.09 -111.38 -0.72 -0.30 0.64 
10.84 13.03 -106.75 -0.86 -0.26 0.41 
11.52 9.85 -105.86 -0.90 -0.17 0.26 
8.17 9.78 -108.52 -0.90 -0.02 0.16 
6.36 9.01 -114.86 -0.88 -0.15 0.13 
5.41 11.53 -123.76 -0.85 -0.32 0.00 
2.85 15.29 -132.55 -0.55 -1.05 -0.47 
-6.69 -7.11 -124.67 -0.65 -0.78 -0.34 
2.19 -9.62 -113.97 -0.74 -0.31 -0.04 
3.24 -6.48 -106.30 -0.82 -0.16 0.15 
-2.37 -9.16 -99.22 -0.78 -0.06 0.27 
6.77 -13.06 -86.28 -0.86 -0.22 0.61 
-4.62 6.23 -90.94 -0.69 -0.25 0.52 
-4.85 10.23 -97.19 -1.22 -0.21 0.55 
5.92 6.16 -93.45 -1.00 -0.35 0.59 
7.74 0.03 -86.51 -1.09 -0.15 0.63 
13.43 15.91 -86.53 -0.87 0.27 0.26 
-2.22 14.38 -96.08 -0.86 0.16 0.06 
0.70 15.33 -103.83 -0.74 -0.30 -0.12 
7.61 15.21 -116.95 -0.50 -0.49 -0.40 
-2.31 -6.56 -110.70 -0.61 -0.58 -0.71 
-4.79 -12.33 -101.52 -0.63 -0.35 -0.23 
-0.83 -10.83 -93.77 -0.81 -0.12 0.00 
1.10 -5.29 -93.00 -0.80 -0.14 0.27 
-1.33 -7.93 -94.24 -0.83 -0.18 0.44 
-4.97 -3.49 -93.68 -0.88 -0.19 0.43 
-19.31 9.58 -100.73 -0.73 -0.52 0.68 
6.88 0.02 -102.61 -1.06 -0.20 0.49 
24.37 30.18 -76.11 -0.96 -0.24 0.44 
11.89 10.74 -71.34 -0.86 -0.05 0.24 
12.04 10.96 -74.53 -0.88 0.01 0.13 
14.41 16.87 -82.31 -0.90 -0.12 -0.01 
12.06 17.25 -91.44 -0.76 -0.23 -0.15 
3.82 -5.30 -87.67 -0.59 -0.99 -0.97 
-7.44 -17.44 -77.72 -0.70 -0.17 0.06 
-1.62 -5.60 -76.84 -0.81 -0.16 0.14 
-1.30 -4.07 -75.18 -0.82 -0.19 0.13 
1.47 -8.76 -76.38 -0.83 -0.35 0.50 
-9.25 -2.89 -77.22 -0.88 -0.30 0.48 
1.43 6.94 -78.24 -0.67 -0.32 0.64 
12.29 8.65 -80.24 -1.19 0.27 0.22 
2.81 3.96 -82.91 -1.13 -0.35 0.49 
16.98 9.87 -73.59 -0.94 -0.46 0.58 
6.11 9.36 -70.37 -0.82 -0.31 0.49 
8.28 11.28 -74.83 -0.83 -0.02 0.26 
13.61 19.35 -84.77 -0.79 -0.26 0.11 
13.61 19.35 -84.77 -0.79 -0.26 0.11 
5.05 1.26 -85.91 -0.56 -0.93 -0.98 
0.00 -3.89 -82.99 -0.61 -0.73 -0.62 
3.75 -14.67 -65.18 -0.81 -0.22 0.26 
3.75 -14.67 -65.18 -0.81 -0.22 0.26 
-2.45 -5.48 -63.67 -0.82 -0.31 0.39 
-0.83 -1.12 -64.09 -0.76 -0.17 0.50 
-1.93 -0.09 -66.03 -0.53 -0.35 0.59 
-7.07 6.33 -71.65 -0.64 -0.17 0.73 
8.06 5.47 -76.53 -0.96 -0.30 0.61 
-0.20 2.34 -81.67 -0.91 -0.41 0.70 
4.93 4.11 -79.46 -1.05 -0.51 0.72 
9.87 5.79 -75.03 -0.78 -0.59 0.76 
11.90 10.24 -67.23 -0.87 -0.51 0.63 
7.40 8.84 -61.47 -0.82 -0.27 0.48 
6.73 11.39 -57.77 -0.86 -0.07 0.33 
10.55 8.62 -56.56 -0.85 -0.07 0.31 
7.81 10.02 -65.02 -0.72 -0.09 0.13 
-0.98 -24.34 -50.11 -0.74 -0.27 -0.01 
-0.98 -24.34 -50.11 -0.74 -0.27 -0.01 
-3.90 -6.64 -44.10 -0.81 -0.05 0.35 
-4.96 -5.47 -41.13 -0.75 -0.01 0.45 
21.12 -7.46 -48.23 -1.16 -0.49 0.60 
21.12 -7.46 -48.23 -1.16 -0.49 0.60 
4.70 3.97 -41.89 -1.08 -0.28 0.62 
8.27 6.81 -35.76 -0.83 -0.37 0.45 
9.80 9.26 -31.30 -0.85 -0.13 0.39 
7.92 8.94 -29.78 -0.92 0.06 0.28 
7.58 10.89 -29.66 -0.82 -0.03 0.19 
7.06 6.64 -30.39 -0.88 -0.12 0.11 
10.32 9.26 -34.61 -0.84 0.01 0.05 
5.06 6.15 -40.17 -0.80 -0.10 -0.07 
9.71 7.54 -46.90 -0.73 -0.46 -0.27 
-2.55 1.57 -47.08 -0.71 -0.65 -0.44 
-7.93 -4.31 -38.62 -0.78 -0.39 -0.17 
-0.55 -2.04 -32.93 -0.68 -0.17 0.14 
-9.58 -4.71 -30.03 -0.88 -0.04 0.18 
-1.20 -0.46 -27.72 -0.94 -0.13 0.17 
-1.67 -4.92 -24.30 -0.98 -0.14 0.34 
8.68 -0.54 -21.02 -0.84 -0.20 0.65 
11.72 10.36 -19.80 -0.71 -0.23 0.41 
-10.46 -1.55 -2.72 -0.83 0.07 0.52 
1.51 -0.65 -14.84 -0.93 -0.24 0.47 
5.65 2.82 -13.43 -1.00 -0.43 0.52 
12.40 7.51 -7.42 -0.82 -0.42 0.60 
9.05 8.20 -2.15 -0.80 -0.26 0.48 
12.28 8.90 0.03 -0.92 -0.24 0.38 
11.91 9.05 0.12 -0.85 -0.10 0.27 
6.82 8.20 -6.25 -0.86 -0.11 0.16 
10.73 7.80 -13.37 -0.87 -0.29 0.17 
11.33 12.09 -19.68 -0.90 -0.37 0.11 
0.00 3.93 -19.88 -0.69 -0.67 -0.14 
-3.39 -1.24 -9.54 -0.77 -0.45 -0.05 
-3.61 -5.45 -0.12 -0.89 -0.26 0.13 
-3.34 -6.48 6.43 -0.88 -0.18 0.30 
-1.47 -3.24 9.87 -0.87 -0.04 0.47 
-6.41 -2.03 6.63 -0.84 -0.03 0.45 
-5.86 -5.44 3.49 -0.81 -0.45 0.70 
25.80 12.97 6.61 -0.67 -0.53 0.30 
1.16 2.63 6.16 -0.99 -0.40 0.54 
13.63 1.26 7.46 -0.95 -0.45 0.64 
-0.51 4.36 10.63 -0.90 -0.37 0.65 
11.81 12.02 16.37 -0.77 -0.33 0.45 
13.69 10.80 18.57 -0.88 -0.12 0.31 
12.39 8.59 18.45 -0.91 -0.04 0.22 
7.00 8.65 13.01 -0.89 -0.01 0.15 
5.93 11.59 -0.71 -0.81 -0.22 0.06 
3.04 10.10 -13.76 -0.64 -0.52 -0.06 
-14.56 -23.08 0.13 -0.88 -0.17 0.17 
1.56 -7.84 12.44 -0.85 -0.05 0.49 
-4.97 -0.61 11.67 -0.87 -0.16 0.51 
4.03 -2.05 12.45 -0.72 -0.33 0.73 
1.63 28.68 7.67 -1.07 0.10 0.52 
9.73 0.45 6.97 -1.15 -0.18 0.54 
13.19 9.33 13.13 -0.70 -0.29 0.76 
9.76 7.24 14.29 -0.86 -0.08 0.45 
8.53 11.86 13.90 -0.83 -0.14 0.35 
8.73 9.98 10.81 -0.88 -0.10 0.23 
4.65 9.58 7.24 -0.90 -0.11 0.13 
10.38 13.13 -0.13 -0.88 -0.23 0.05 
2.94 14.87 -11.74 -0.62 -0.46 -0.14 
-2.86 -5.85 -8.05 -0.74 -0.66 -0.53 
-13.62 -27.68 2.55 -0.84 -0.24 0.23 
0.21 -9.34 3.98 -0.80 -0.37 0.44 
-6.11 -7.01 1.03 -0.87 -0.39 0.67 
13.37 -1.36 4.49 -0.80 -0.35 0.65 
9.70 12.21 15.39 -0.86 -0.32 0.62 
11.43 8.81 21.31 -0.90 -0.18 0.40 
16.96 6.57 23.93 -0.96 -0.27 0.38 
9.93 7.01 23.58 -0.89 -0.08 0.28 
15.88 15.24 20.84 -0.86 -0.14 0.20 
5.90 16.29 18.41 -0.83 -0.35 -0.02 
1.28 5.98 19.52 -0.69 -0.68 -0.54 
-6.32 -6.26 26.02 -0.81 -0.31 -0.16 
-0.01 -4.62 27.02 -0.89 -0.17 0.19 
-0.53 -9.03 27.97 -0.90 -0.29 0.27 
-5.31 -7.30 26.72 -0.85 -0.33 0.48 
-0.56 -2.14 25.80 -0.78 -0.34 0.44 
-1.30 -6.12 25.27 -0.87 -0.64 0.46 
-1.19 1.46 21.03 -1.05 -0.55 0.81 
9.80 0.63 26.01 -0.97 -0.46 0.55 
13.27 10.95 30.47 -0.77 -0.27 0.44 
16.56 10.93 33.56 -0.87 -0.14 0.32 
3.68 9.01 31.97 -0.91 -0.09 0.27 
14.64 12.14 28.19 -0.94 -0.12 0.13 
6.98 14.95 23.19 -0.89 -0.15 0.05 
3.32 4.76 25.53 -0.55 -0.80 -0.73 
-8.32 -9.23 33.58 -0.77 -0.19 0.06 
-1.17 -5.25 36.43 -0.88 -0.31 0.23 
2.91 -5.66 37.86 -0.83 -0.16 0.28 
-5.32 -5.52 40.04 -0.95 -0.30 0.41 
-2.19 0.21 40.36 -0.74 -0.25 0.53 
9.52 8.65 165.90 -1.12 -0.40 0.46 
14.08 9.36 169.53 -0.91 -0.06 0.28 
10.64 13.68 169.55 -0.88 -0.07 0.27 
10.11 16.33 167.21 -0.90 0.01 0.01 
0.82 15.48 164.02 -0.81 -0.20 -0.01 
-7.07 14.41 157.09 -0.59 -0.55 -0.52 
-6.98 -2.04 159.93 -0.80 -0.47 -0.45 
-8.12 -3.76 165.18 -0.85 -0.11 -0.05 
-7.52 -2.95 170.46 -0.79 0.02 0.18 
-9.35 -0.88 172.49 -0.86 0.02 0.25 
-11.99 -1.79 170.15 -0.95 -0.17 0.54 
0.73 7.02 167.39 -0.81 -0.19 0.71 
40.07 28.10 163.10 -0.92 -0.33 1.62 
2.05 7.12 165.01 -0.98 -0.26 0.28 
-0.56 5.74 164.95 -0.94 -0.38 0.29 
7.49 6.09 170.34 -1.13 -0.21 0.59 
9.75 8.93 174.99 -0.89 -0.13 0.27 
6.68 9.26 174.97 -0.88 -0.03 0.25 
10.61 14.55 169.68 -0.90 0.02 0.15 
-6.17 15.64 159.38 -0.83 -0.11 0.00 
-13.89 -31.21 178.81 -0.79 -0.35 -0.38 
-9.67 -7.50 183.30 -0.85 -0.12 0.02 
-8.14 0.45 184.22 -0.99 0.06 0.17 
-5.20 -1.44 182.27 -0.96 -0.16 0.23 
-9.14 2.18 178.02 -0.91 -0.21 0.31 
-5.28 4.46 173.87 -0.81 -0.38 0.36 
-21.11 17.64 168.67 -1.20 0.28 0.33 
-1.89 5.64 169.61 -0.86 -0.35 0.27 
-0.30 5.55 169.80 -0.96 -0.38 0.29 
12.42 5.98 178.24 -1.06 -0.20 0.58 
13.45 8.68 182.50 -0.87 -0.06 0.38 
11.67 13.29 184.23 -0.84 0.00 0.26 
8.51 13.49 179.80 -0.95 0.10 0.12 
4.38 13.68 171.28 -0.87 -0.01 0.02 
9.77 9.21 160.19 -0.73 -0.24 -0.12 
-1.28 3.49 161.83 -0.90 -0.39 -0.34 
-5.58 -2.97 168.79 -0.75 -0.37 -0.10 
-8.11 -3.92 174.90 -0.80 -0.28 0.06 
-9.42 -0.91 180.71 -0.88 -0.12 0.15 
-9.25 0.04 184.33 -1.02 -0.08 0.34 
-10.33 1.88 184.27 -0.86 0.11 0.37 
-15.92 6.11 179.15 -0.98 -0.17 0.33 
7.46 -5.64 183.30 -0.69 -0.09 0.36 
-1.55 5.89 183.96 -0.91 -0.37 0.28 
1.30 8.23 184.60 -0.87 -0.40 0.25 
2.10 4.76 188.15 -1.07 -0.22 0.41 
13.64 2.82 193.58 -0.98 -0.36 0.66 
10.86 11.40 196.81 -0.87 -0.09 0.28 
7.97 13.09 195.40 -0.82 0.05 0.22 
6.18 13.71 190.01 -0.87 0.07 0.09 
7.98 14.26 179.92 -0.79 -0.08 0.01 
9.44 4.92 176.93 -0.98 -0.69 -0.79 
-11.19 1.54 183.43 -0.91 -0.50 -0.27 
-8.93 -2.28 188.76 -0.76 -0.28 0.01 
-13.41 -2.17 191.70 -0.96 -0.06 -0.03 
-7.69 -0.16 190.99 -0.87 -0.05 0.29 
-6.25 1.28 188.19 -0.94 -0.26 0.39 
-16.70 6.29 181.80 -0.88 -0.25 0.30 
-14.42 9.58 174.45 -0.84 -0.46 0.20 
2.04 8.07 171.87 -1.07 -0.54 0.29 
-3.05 7.11 172.47 -0.88 -0.34 0.18 
1.41 4.21 173.03 -0.91 -0.47 0.18 
5.81 5.74 176.15 -0.87 -0.51 0.59 
17.31 8.96 185.40 -0.93 -0.37 0.38 
9.25 11.83 188.44 -0.91 -0.25 0.22 
9.00 10.48 186.59 -0.86 -0.15 0.16 
17.92 8.27 183.87 -0.90 -0.09 0.10 
0.78 12.59 179.24 -0.83 -0.28 0.11 
-8.50 2.83 181.16 -0.86 -0.44 -0.27 
-9.43 0.91 188.06 -0.76 -0.31 -0.09 
-9.10 -4.40 191.55 -0.82 -0.10 0.08 
-11.69 -3.21 191.14 -0.99 -0.10 0.19 
-12.18 -1.99 190.56 -0.85 -0.21 0.50 
-10.81 5.92 188.81 -0.85 -0.22 0.41 
-10.60 8.74 188.66 -0.84 -0.27 0.36 
-1.82 14.42 188.25 -1.22 -0.50 0.29 
0.91 4.58 187.04 -0.88 -0.31 0.24 
3.07 3.99 187.42 -0.91 -0.37 0.29 
4.44 -2.31 188.57 -0.94 -0.51 0.48 
13.43 11.05 197.28 -0.85 -0.21 0.47 
7.36 10.26 198.13 -0.86 -0.05 0.30 
10.46 7.71 196.46 -0.84 0.00 0.37 
4.28 9.72 188.40 -0.90 -0.03 0.28 
2.47 11.39 177.81 -0.85 -0.29 0.22 
6.09 15.57 170.17 -0.74 -0.28 0.14 
-0.29 -2.09 173.20 -0.88 -0.35 -0.16 
-8.73 -0.10 178.93 -0.82 -0.45 -0.09 
-11.61 -4.49 183.73 -0.89 -0.21 0.07 
-5.49 2.00 186.64 -0.93 -0.18 0.22 
-6.89 -0.25 187.26 -0.91 -0.24 0.24 
-17.07 0.44 187.93 -0.94 -0.26 0.35 
-18.74 4.64 187.67 -0.92 -0.32 0.26 
0.91 26.54 184.13 -0.82 -0.66 0.89 
0.75 6.44 185.36 -1.04 -0.42 0.26 
2.01 3.41 185.77 -0.85 -0.48 0.18 
1.37 5.12 187.68 -1.02 -0.52 0.27 
11.56 5.61 196.79 -0.99 -0.31 0.44 
10.60 8.54 202.82 -0.91 -0.29 0.35 
7.59 8.45 202.57 -0.89 -0.24 0.33 
7.92 12.48 200.87 -0.88 -0.11 0.20 
-0.29 19.56 192.11 -0.85 -0.01 0.01 
7.32 15.19 185.18 -0.72 -0.35 -0.22 
-8.16 0.45 185.98 -0.87 -0.36 -0.27 
-11.01 -4.35 192.66 -0.77 -0.27 -0.21 
-20.00 -14.11 190.20 -0.92 -0.07 0.13 
-8.17 -4.60 187.93 -0.88 -0.25 0.37 
-3.61 2.13 189.76 -0.84 -0.44 0.51 
2.11 13.79 191.67 -0.77 -0.01 0.41 
1.51 11.89 191.42 -1.08 -0.42 0.45 
0.92 4.82 192.92 -0.87 -0.32 0.22 
2.89 4.76 192.45 -0.96 -0.27 0.27 
16.97 3.11 199.38 -1.07 -0.44 0.55 
22.93 9.39 205.66 -0.90 -0.19 0.28 
5.59 8.68 203.56 -0.88 0.05 0.25 
8.28 9.38 201.76 -0.90 -0.11 0.19 
3.02 12.01 198.94 -0.93 0.06 0.13 
1.20 12.67 194.61 -0.88 -0.07 0.09 
2.96 16.79 184.91 -0.83 -0.12 -0.06 
0.34 0.45 185.59 -0.91 -0.25 -0.17 
-5.76 -0.95 191.56 -0.74 -0.23 -0.23 
-8.55 -2.37 198.48 -0.69 -0.04 0.05 
-8.75 1.65 200.09 -0.97 0.07 -0.03 
-5.69 1.30 199.05 -0.88 0.04 0.33 
-16.18 -0.98 192.62 -0.88 -0.23 0.47 
-2.47 0.35 185.91 -0.86 -0.23 0.46 
-17.84 7.44 176.67 -1.01 -0.41 0.52 
0.45 6.35 176.39 -0.97 -0.59 0.32 
1.13 4.02 176.98 -0.81 -0.40 0.32 
12.14 0.41 183.06 -0.95 -0.68 0.50 
9.70 10.52 193.94 -0.89 -0.29 0.51 
5.37 12.47 200.83 -0.89 0.06 0.34 
12.41 9.46 203.29 -0.84 0.06 0.24 
2.91 24.38 177.88 -0.77 -0.10 -0.06 
3.76 7.80 178.10 -0.74 -0.56 -0.40 
-7.81 2.41 185.43 -0.81 -0.23 -0.11 
-5.38 1.26 188.43 -0.88 -0.18 -0.04 
-8.06 -0.33 190.12 -0.87 -0.12 0.06 
-5.49 -1.74 190.21 -0.88 -0.14 0.19 
-8.15 1.03 188.37 -0.84 -0.23 0.36 
-6.34 4.16 188.16 -0.85 -0.43 0.38 
0.61 3.83 186.06 -0.85 -0.27 0.46 
5.87 7.63 176.51 -1.03 -0.29 0.33 
0.36 4.85 178.33 -0.80 -0.58 0.32 
1.26 5.27 179.25 -0.90 -0.45 0.34 
7.44 3.53 189.10 -0.91 -0.57 0.40 
8.87 11.32 199.49 -0.83 -0.26 0.53 
8.55 13.18 204.46 -0.80 -0.20 0.36 
12.01 12.15 205.08 -0.91 -0.08 0.20 
9.85 10.60 200.69 -0.89 -0.12 0.14 
3.77 12.18 192.68 -0.89 -0.07 0.04 
1.43 10.31 187.03 -0.79 -0.26 -0.01 
-1.82 11.11 187.41 -0.65 -0.48 -0.44 
-1.12 -1.01 190.31 -0.88 -0.48 -0.19 
-2.25 -2.85 194.03 -0.84 -0.33 -0.09 
-5.61 -0.49 198.91 -0.86 -0.26 0.00 
-7.76 0.08 200.86 -0.86 -0.16 0.09 
-6.63 -4.21 200.19 -0.89 -0.21 0.19 
-11.63 -1.40 198.15 -0.81 -0.27 0.27 
-11.33 -4.67 194.55 -0.84 -0.64 0.45 
8.98 7.78 193.58 -0.84 -0.10 0.79 
2.77 6.17 188.22 -0.94 -0.50 0.37 
1.55 9.26 190.05 -0.88 -0.61 0.35 
4.76 5.27 191.49 -1.11 -0.52 0.29 
3.02 11.38 199.94 -0.93 -0.24 0.52 
4.47 13.26 203.73 -0.86 -0.12 0.29 
5.95 10.88 206.91 -0.90 -0.11 0.15 
6.44 11.25 206.37 -0.92 -0.03 0.16 
5.44 10.81 202.48 -0.90 -0.11 0.05 
11.19 7.68 199.28 -0.91 -0.13 -0.02 
-0.60 12.48 191.86 -0.80 -0.27 0.07 
7.75 1.18 192.87 -0.80 -0.61 -0.37 
-10.14 -1.20 201.58 -0.79 -0.30 -0.05 
-6.04 -2.76 205.33 -0.96 -0.20 0.08 
-4.80 -2.17 205.88 -0.90 -0.20 0.23 
-9.08 0.42 207.74 -0.81 -0.26 0.27 
-9.00 -2.04 209.05 -0.90 -0.23 0.36 
-9.89 -1.81 208.14 -0.82 -0.18 0.48 
-8.74 1.49 205.83 -0.70 -0.49 0.54 
6.77 2.05 208.86 -0.89 -0.40 0.33 
5.12 1.82 211.43 -1.04 -0.49 0.54 
8.43 10.23 218.55 -0.93 -0.37 0.36 
8.95 10.90 221.88 -0.79 -0.12 0.27 
7.70 7.13 222.28 -0.90 -0.11 0.25 
5.18 9.67 221.12 -0.92 0.00 0.28 
7.91 12.77 215.93 -0.90 -0.08 0.12 
4.43 16.30 205.35 -0.79 -0.29 0.02 
-2.66 7.03 201.69 -0.79 -0.57 -0.40 
-6.90 -0.69 207.17 -0.79 -0.40 -0.16 
-18.61 -10.10 211.79 -0.88 -0.11 0.30 
-5.04 0.44 213.46 -0.92 -0.28 0.21 
-7.20 0.24 214.88 -0.86 -0.22 0.39 
-11.05 0.43 217.06 -0.80 -0.20 0.40 
-2.93 4.80 218.47 -0.77 -0.26 0.30 
1.15 8.93 217.76 -1.25 -0.19 0.47 
0.63 5.09 218.34 -0.97 -0.21 0.35 
-5.85 -0.08 213.41 -1.00 -0.08 0.38 
1.97 5.17 213.76 -0.90 -0.36 0.44 
3.03 9.96 219.01 -0.84 -0.18 0.36 
9.05 8.69 220.23 -0.91 -0.03 0.28 
3.59 7.10 217.68 -0.93 -0.12 0.25 
3.46 11.55 213.34 -0.86 -0.08 0.23 
2.87 12.56 209.29 -0.90 -0.24 0.11 
1.35 11.74 206.17 -0.85 -0.29 0.00 
4.01 6.89 201.30 -0.79 -0.67 -0.32 
-4.17 -0.25 204.87 -0.80 -0.46 -0.22 
-3.23 -4.83 210.81 -0.83 -0.29 0.03 
-10.23 0.06 215.93 -0.87 -0.20 0.14 
-6.51 -0.98 216.33 -0.90 -0.16 0.20 
-1.09 -3.05 214.32 -0.90 -0.29 0.38 
-9.41 1.77 211.48 -0.84 -0.31 0.38 
-7.66 4.47 208.87 -0.88 -0.49 0.33 
-1.36 2.14 206.57 -0.77 -0.45 0.48 
-3.62 6.47 201.43 -0.79 -0.50 0.62 
-2.34 6.34 201.83 -0.89 -0.55 0.45 
1.42 3.77 202.58 -0.85 -0.34 0.39 
3.39 7.32 207.23 -0.94 -0.43 0.46 
7.10 5.82 211.33 -0.83 -0.35 0.40 
8.54 8.91 216.85 -0.83 -0.31 0.38 
7.83 8.84 219.15 -0.89 -0.16 0.31 
4.92 9.30 218.45 -0.92 -0.01 0.27 
6.12 11.56 212.74 -0.89 -0.12 0.15 
3.28 12.69 205.48 -0.89 -0.14 0.06 
4.79 14.21 201.41 -0.87 -0.41 0.01 
-3.32 9.02 200.14 -0.75 -0.79 -0.64 
-9.49 -5.87 205.84 -0.76 -0.39 -0.19 
-5.45 -4.69 210.78 -0.72 -0.27 0.15 
-3.11 0.81 214.04 -0.98 -0.22 0.11 
-8.54 0.96 214.80 -0.98 -0.24 0.22 
-9.25 1.88 213.76 -0.93 -0.29 0.31 
-4.42 0.95 210.07 -0.83 -0.35 0.25 
-1.58 1.86 208.74 -0.86 -0.20 0.33 
-6.57 2.98 207.88 -0.96 -0.43 0.49 
6.95 5.97 209.88 -0.90 -0.38 0.41 
0.42 7.36 212.31 -0.96 -0.46 0.43 
10.60 4.87 218.84 -0.96 -0.47 0.57 
8.37 8.07 221.93 -0.87 -0.19 0.44 
10.36 11.21 224.18 -0.85 -0.21 0.38 
11.14 11.18 225.39 -0.81 -0.11 0.30 
3.44 11.45 221.57 -0.86 -0.06 0.21 
3.05 12.70 215.30 -0.82 -0.21 0.14 
-1.72 11.65 203.74 -0.75 -0.37 0.00 
-5.61 -0.07 207.88 -0.87 -0.51 -0.29 
-8.65 -1.89 216.88 -0.85 -0.25 -0.09 
-12.94 -1.33 221.23 -0.95 -0.15 0.07 
-9.14 -0.10 222.04 -0.86 -0.19 0.28 
-4.44 -2.15 220.68 -0.91 -0.24 0.40 
-11.39 4.78 218.49 -0.85 -0.34 0.39 
-0.70 4.72 218.35 -0.86 -0.31 0.37 
-9.48 7.54 215.35 -0.91 -0.16 0.32 
-4.61 3.40 213.53 -0.90 -0.30 0.34 
5.20 7.70 212.33 -0.82 -0.11 0.69 
0.05 3.97 212.08 -0.88 -0.44 0.39 
0.86 4.98 211.72 -0.74 -0.51 0.38 
0.27 5.03 211.72 -0.86 -0.50 0.36 
3.14 6.36 214.16 -0.95 -0.44 0.62 
3.76 5.08 217.64 -0.90 -0.52 0.52 
10.04 8.20 220.67 -0.83 -0.36 0.47 
5.22 8.04 221.49 -0.76 -0.20 0.35 
7.30 7.62 223.65 -0.82 -0.22 0.38 
5.62 7.63 224.80 -0.80 -0.18 0.40 
2.41 10.32 224.23 -0.89 0.01 0.27 
2.41 7.98 222.58 -0.94 0.04 0.23 
2.92 10.03 217.23 -0.87 -0.10 0.21 
1.97 9.08 213.29 -0.85 -0.23 0.12 
-0.14 10.78 208.74 -0.80 -0.39 0.05 
-0.14 9.33 205.69 -0.78 -0.33 0.00 
-3.14 5.12 206.75 -0.77 -0.59 -0.38 
-1.00 3.43 209.08 -0.91 -0.38 -0.25 
-4.51 -0.39 214.15 -0.75 -0.42 -0.07 
-3.26 1.61 217.23 -0.85 -0.34 -0.03 
-6.74 1.21 223.10 -0.90 -0.17 -0.01 
-4.92 1.51 226.81 -0.86 -0.14 0.09 
-3.18 -0.61 231.28 -0.85 -0.07 0.27 
-1.55 1.07 233.36 -0.90 -0.01 0.43 
-9.13 -0.60 233.44 -0.90 -0.03 0.33 
-4.36 1.79 232.83 -0.85 -0.03 0.55 
-0.34 4.17 230.64 -0.73 -0.13 0.66 
0.84 6.77 229.78 -0.78 -0.28 0.61 
20.02 8.59 244.15 -0.90 -0.19 0.39 
15.07 10.93 247.04 -0.83 -0.03 0.35 
9.54 8.94 248.23 -0.89 0.00 0.29 
4.82 10.29 246.35 -0.93 -0.03 0.24 
3.95 11.08 239.78 -0.87 -0.10 0.14 
2.54 12.23 235.56 -0.88 -0.21 0.12 
0.42 11.51 230.00 -0.91 -0.28 -0.01 
1.65 10.85 225.03 -0.85 -0.34 -0.18 
0.81 1.04 227.36 -0.79 -0.55 -0.30 
-8.40 -4.15 238.32 -0.74 -0.34 -0.13 
-9.96 -1.72 244.47 -0.98 -0.02 0.10 
-6.36 -1.85 244.02 -0.89 -0.13 0.25 
-5.90 -1.97 243.81 -0.92 -0.16 0.35 
-3.30 1.77 244.87 -0.87 -0.27 0.44 
-5.21 2.65 245.87 -0.80 -0.19 0.48 
-4.81 3.13 247.05 -0.90 -0.29 0.43 
-1.59 4.77 248.70 -0.89 -0.30 0.50 
2.95 15.27 245.75 -0.91 -0.17 0.53 
1.24 7.61 243.94 -0.90 -0.26 0.39 
1.46 4.48 245.07 -0.98 -0.26 0.41 
2.73 5.01 249.11 -0.97 -0.27 0.47 
4.67 10.00 253.48 -0.87 -0.21 0.42 
5.21 7.89 253.45 -0.90 -0.15 0.32 
3.20 7.88 253.36 -0.91 -0.08 0.33 
5.71 9.74 250.81 -0.91 -0.13 0.25 
2.80 9.30 246.12 -0.89 -0.07 0.12 
3.73 10.73 241.87 -0.86 -0.30 0.14 
3.32 10.60 237.21 -0.90 -0.31 0.09 
0.24 11.11 231.25 -0.84 -0.39 -0.01 
0.70 -0.50 235.18 -0.77 -0.59 -0.40 
-5.61 -2.68 242.58 -0.81 -0.39 0.02 
-6.71 -1.62 247.33 -0.92 -0.24 0.08 
-4.38 -0.18 250.16 -0.93 -0.15 0.14 
-4.12 0.31 251.73 -0.92 -0.13 0.22 
-5.52 0.33 254.22 -0.98 -0.18 0.33 
-6.16 3.25 256.27 -0.89 -0.16 0.40 
-7.43 1.92 255.33 -0.91 -0.22 0.45 
5.15 4.91 257.06 -0.87 -0.19 0.39 
3.67 0.82 259.03 -0.85 -0.44 0.40 
-0.58 9.85 257.72 -0.97 -0.22 0.40 
0.56 4.45 257.83 -0.94 -0.32 0.36 
4.94 5.09 256.58 -0.93 -0.02 0.43 
5.16 4.31 257.75 -0.97 -0.28 0.28 
4.50 6.51 258.83 -0.98 -0.14 0.35 
8.83 7.27 262.65 -0.92 -0.16 0.34 
7.47 7.01 262.54 -0.92 -0.02 0.28 
4.53 9.73 260.65 -0.91 -0.07 0.26 
5.88 10.43 256.02 -0.89 -0.06 0.19 
0.90 11.88 251.69 -0.89 -0.15 0.11 
0.70 11.57 244.50 -0.89 -0.22 0.03 
2.82 11.92 235.07 -0.76 -0.44 -0.10 
-10.71 -4.31 242.27 -0.74 -0.57 -0.31 
-10.54 -2.02 247.02 -0.76 -0.21 0.05 
-7.39 -0.51 250.82 -0.93 -0.23 0.03 
-2.29 -3.22 250.30 -0.91 -0.11 0.05 
-4.32 -1.48 251.01 -1.00 -0.22 0.26 
-3.21 3.40 252.09 -0.93 -0.07 0.38 
1.47 0.07 252.61 -0.83 -0.18 0.33 
-0.03 3.76 253.07 -0.89 -0.19 0.36 
-1.71 18.08 245.00 -0.88 0.15 0.66 
-1.23 7.13 244.66 -0.94 -0.21 0.40 
-4.75 3.14 244.89 -1.09 -0.12 0.45 
5.61 7.67 248.03 -0.96 -0.19 0.37 
4.60 9.91 250.83 -0.84 -0.19 0.35 
7.25 9.56 250.68 -0.93 0.02 0.26 
7.27 9.35 249.46 -0.95 0.03 0.24 
4.70 12.18 243.30 -0.89 -0.07 0.18 
3.02 13.60 236.22 -0.86 -0.23 0.05 
3.79 12.11 232.97 -0.81 -0.97 -0.78 
-8.13 -4.57 240.84 -0.76 -0.36 -0.20 
-3.27 -5.39 243.79 -0.88 -0.21 0.08 
-6.09 -3.36 243.77 -0.96 -0.17 0.14 
-5.86 -1.46 244.24 -0.86 -0.16 0.30 
-5.25 0.26 245.96 -0.90 -0.11 0.45 
-8.17 1.84 246.39 -0.83 -0.13 0.40 
-9.22 2.99 246.55 -0.84 -0.26 0.41 
2.03 8.89 246.84 -0.91 -0.07 0.66 
-4.69 5.55 243.76 -0.86 -0.24 0.48 
-0.38 3.74 244.35 -0.98 -0.29 0.64 
8.64 10.59 247.46 -0.88 -0.14 0.49 
3.67 5.85 247.71 -0.80 -0.17 0.32 
7.45 8.57 247.37 -0.88 -0.06 0.37 
5.58 9.28 245.01 -0.95 -0.11 0.24 
7.24 12.23 242.34 -0.88 -0.13 0.28 
1.97 11.60 235.71 -0.90 -0.16 0.07 
3.10 10.49 226.50 -0.88 -0.34 0.03 
-6.72 7.39 223.51 -0.68 -0.56 -0.34 
-11.06 -4.01 233.72 -0.75 -0.36 -0.01 
-6.59 -3.49 241.04 -0.92 -0.12 0.11 
17.82 -40.27 178.87 -0.83 -0.13 0.40 
51.93 -2.61 188.41 -0.82 -0.31 0.36 
12.71 3.68 185.85 -1.06 -0.40 0.45 
20.55 4.29 192.88 -0.91 -0.33 0.51 
19.06 11.20 196.77 -0.89 0.11 0.41 
21.33 12.16 193.01 -0.88 0.04 0.22 
11.07 14.79 183.83 -0.82 0.01 0.08 
14.94 16.08 178.43 -0.77 -0.03 -0.23 
3.46 -1.72 180.95 -0.84 -0.54 -0.55 
11.08 -14.29 190.17 -0.75 -0.19 -0.03 
-0.88 -4.79 192.78 -0.77 0.00 0.27 
3.95 -2.44 194.71 -0.83 0.03 0.51 
0.89 6.19 185.56 -0.70 0.10 0.54 
17.29 3.83 182.42 -0.80 -0.37 0.68 
2.93 10.17 172.59 -1.20 -0.28 0.67 
10.40 3.92 173.90 -0.81 -0.39 0.39 
9.99 2.55 174.37 -1.12 -0.35 0.53 
28.50 6.24 181.12 -1.12 -0.44 0.64 
26.89 8.50 186.77 -0.82 -0.08 0.46 
19.85 10.19 182.04 -0.74 -0.02 0.29 
16.75 12.57 174.29 -0.82 -0.12 0.12 
13.97 9.18 168.60 -0.81 -0.39 -0.23 
7.10 1.46 168.80 -0.95 -0.26 -0.05 
2.97 -1.74 176.01 -0.84 -0.30 0.00 
4.20 -7.32 183.00 -0.68 -0.02 0.21 
1.81 -12.38 184.91 -0.86 -0.07 0.59 
1.84 -0.86 181.38 -0.89 -0.01 0.51 
58.89 -14.74 192.73 -0.84 -0.40 -0.15 
65.68 -14.13 184.68 -0.85 -0.37 0.57 
41.79 14.78 148.89 -0.74 -0.04 0.39 
9.89 10.33 138.76 -0.80 -0.24 0.17 
3.56 10.69 128.30 -0.81 -0.22 -0.02 
14.42 2.00 128.52 -0.93 -0.45 -0.06 
8.37 0.66 130.28 -0.80 -0.46 0.05 
6.02 -3.52 138.87 -0.75 -0.39 0.00 
5.27 -6.48 145.69 -0.80 -0.16 0.16 
6.52 -1.90 149.16 -0.85 -0.04 0.52 
-2.85 0.32 144.83 -0.77 -0.20 0.49 
-0.29 -0.17 147.25 -0.78 -0.50 0.62 
7.89 5.89 146.15 -0.78 -0.37 0.38 
10.24 2.87 145.56 -0.78 -0.45 0.43 
10.77 3.31 144.64 -0.83 -0.43 0.41 
9.69 3.94 144.05 -0.89 -0.43 0.46 
10.14 3.65 150.20 -0.92 -0.38 0.59 
21.27 10.69 154.97 -0.82 -0.22 0.46 
20.71 11.20 155.00 -0.87 -0.10 0.31 
15.53 11.84 149.71 -0.90 0.00 0.20 
7.32 10.67 139.52 -0.79 -0.15 0.08 
10.40 12.06 128.40 -0.79 -0.34 -0.15 
13.32 3.68 130.33 -0.68 -0.66 -0.39 
25.74 -30.51 132.58 -0.87 -0.21 0.49 
11.93 32.80 126.72 -0.78 -0.16 0.18 
34.54 -7.91 124.29 -1.05 -0.26 0.49 
54.26 26.82 93.57 -0.88 -0.19 0.13 
8.73 11.02 85.32 -0.72 -0.33 -0.01 
1.20 3.68 82.88 -0.83 -0.62 -0.21 
6.62 0.55 83.38 -0.84 -0.46 0.02 
7.40 -7.05 94.62 -0.73 -0.38 -0.12 
-2.79 -7.99 100.01 -0.82 -0.20 0.02 
-14.97 -9.95 98.76 -0.89 -0.17 0.48 
7.26 -1.55 98.39 -0.80 -0.50 0.55 
30.27 0.30 95.53 -0.69 -0.07 0.79 
12.20 6.16 91.46 -1.00 -0.17 0.43 
10.78 3.93 90.80 -0.88 -0.47 0.32 
5.56 6.27 94.51 -0.92 -0.54 0.57 
20.74 7.84 97.20 -0.92 -0.35 0.84 
50.20 21.45 82.77 -0.83 -0.17 0.21 
7.36 13.54 72.65 -0.72 -0.22 0.05 
7.42 3.49 73.37 -0.81 -0.42 -0.19 
2.38 -1.11 78.58 -0.75 -0.46 -0.04 
-6.13 -4.97 87.93 -0.82 -0.12 0.07 
2.21 -3.77 90.30 -0.90 0.01 0.35 
3.12 -0.87 89.13 -0.93 -0.09 0.37 
-8.26 -8.04 82.62 -0.94 -0.30 0.46 
-10.84 12.86 71.09 -0.87 -0.22 0.55 
14.94 2.06 69.49 -1.01 -0.15 0.39 
8.54 1.69 69.16 -0.89 -0.34 0.34 
10.33 3.07 70.25 -0.97 -0.37 0.49 
11.78 9.40 70.65 -1.06 -0.26 0.58 
17.84 8.07 73.95 -0.92 -0.12 0.25 
24.78 8.94 72.65 -0.85 -0.11 0.41 
-0.64 12.65 65.46 -0.85 -0.08 0.18 
17.54 15.31 56.26 -0.70 -0.30 -0.02 
8.00 2.27 54.80 -0.81 -0.49 -0.24 
8.53 0.12 55.90 -0.83 -0.47 -0.11 
0.89 0.23 58.12 -0.76 -0.52 -0.18 
5.79 -8.53 62.51 -0.71 -0.28 0.04 
6.42 -9.96 67.37 -0.87 -0.20 0.37 
-15.41 -6.90 59.59 -0.88 -0.40 0.51 
10.00 -0.89 59.54 -0.66 -0.33 0.74 
4.71 7.74 56.62 -1.21 -0.45 0.57 
11.31 3.65 53.83 -0.83 -0.41 0.44 
9.88 3.99 53.38 -0.82 -0.35 0.42 
11.98 2.57 53.62 -1.18 -0.34 0.58 
54.11 3.25 44.81 -0.83 -0.14 0.33 
12.00 9.06 40.03 -0.83 -0.15 0.22 
8.44 11.26 33.86 -0.79 -0.17 0.09 
16.83 11.40 27.73 -0.82 -0.34 -0.12 
9.11 1.88 27.11 -0.88 -0.41 -0.25 
6.05 -0.76 28.36 -0.80 -0.43 -0.07 
5.36 -10.04 38.70 -0.91 -0.14 -0.08 
-0.14 -12.05 39.66 -0.84 -0.40 0.17 
-3.52 -6.72 40.30 -0.83 -0.26 0.71 
10.21 -5.72 37.06 -0.59 -0.31 0.65 
13.20 14.69 33.23 -0.92 -0.20 0.94 
7.02 2.25 35.62 -0.86 -0.34 0.47 
9.19 4.80 35.18 -0.85 -0.44 0.28 
9.68 3.33 32.84 -0.84 -0.44 0.33 
17.06 2.99 30.01 -1.07 -0.28 0.48 
27.35 4.28 33.34 -0.90 -0.48 0.76 
56.60 18.18 16.28 -0.78 -0.07 0.16 
11.51 16.35 5.75 -0.72 -0.26 -0.01 
4.67 4.36 6.39 -0.84 -0.53 -0.41 
4.28 0.91 6.65 -0.86 -0.30 0.05 
1.69 -0.67 11.26 -0.74 -0.22 -0.11 
-0.75 -6.05 11.89 -0.85 -0.14 0.00 
7.34 -3.96 14.21 -1.00 0.00 0.27 
-6.27 -2.94 12.34 -0.77 -0.17 0.59 
-1.16 1.79 4.41 -0.73 -0.44 0.51 
29.17 2.41 8.49 -0.82 -0.25 0.36 
11.74 4.98 6.60 -0.86 -0.45 0.36 
10.81 2.04 5.51 -0.83 -0.40 0.37 
10.88 2.40 5.64 -0.83 -0.45 0.42 
25.94 1.33 10.99 -0.93 -0.37 0.72 
23.61 6.58 13.97 -0.87 -0.15 0.54 
23.92 10.85 14.39 -0.81 -0.19 0.36 
19.80 12.49 15.85 -0.88 -0.13 0.19 
15.03 11.60 12.83 -0.90 -0.08 0.08 
7.67 13.43 4.79 -0.75 -0.27 -0.15 
11.89 -2.36 4.72 -0.87 -0.15 -0.20 
5.26 -3.37 6.57 -0.83 -0.30 -0.16 
0.82 -8.59 9.45 -0.78 -0.09 -0.07 
-4.10 -3.98 8.67 -0.88 -0.09 0.15 
-6.12 -3.78 3.82 -0.96 -0.19 0.52 
-3.86 1.12 -0.60 -0.79 -0.30 0.44 
-11.02 18.36 -6.44 -0.93 -0.50 0.28 
13.53 0.44 -7.06 -0.96 -0.29 0.40 
11.20 2.70 -5.79 -0.81 -0.45 0.33 
8.27 4.71 -7.52 -0.86 -0.41 0.34 
21.45 -1.06 -2.05 -0.87 -0.64 0.54 
49.07 21.72 0.29 -0.82 -0.26 0.16 
19.35 13.00 -6.26 -0.74 -0.04 0.07 
14.23 7.26 -10.27 -0.71 -0.48 -0.27 
10.66 -1.87 -8.77 -0.92 -0.28 -0.26 
3.90 -5.09 -4.63 -0.85 -0.31 -0.23 
5.27 -6.95 -2.05 -0.85 -0.16 0.05 
-1.07 -3.26 0.03 -0.96 -0.10 0.14 
3.76 -5.61 -3.06 -0.98 -0.44 0.50 
18.27 4.18 -10.48 -0.75 -0.57 0.45 
8.44 3.37 -10.76 -0.79 -0.46 0.40 
9.97 3.93 -11.33 -0.83 -0.37 0.39 
10.27 5.93 -9.66 -0.88 -0.41 0.34 
17.57 2.10 -5.63 -0.85 -0.50 0.69 
34.16 11.48 3.66 -0.85 -0.26 0.41 
21.08 11.36 3.22 -0.94 -0.05 0.27 
13.11 10.70 -1.68 -0.89 -0.02 0.22 
11.61 13.27 -9.15 -0.80 0.06 0.17 
8.63 4.89 -13.83 -0.76 -0.46 -0.42 
5.32 2.34 -13.32 -0.82 -0.34 -0.04 
3.81 -0.89 -11.38 -0.84 -0.31 -0.18 
2.66 -10.37 -7.39 -0.83 -0.32 -0.11 
-1.81 -4.59 -3.04 -0.83 -0.30 0.34 
1.65 -5.63 -2.78 -0.84 -0.06 0.40 
22.77 26.59 -14.45 -1.04 -0.56 0.60 
7.79 4.87 -15.92 -0.80 -0.32 0.39 
9.34 5.01 -17.64 -0.88 -0.40 0.36 
9.17 4.36 -18.22 -0.86 -0.39 0.41 
11.62 4.90 -15.04 -0.90 -0.42 0.69 
20.46 13.29 -11.51 -0.83 -0.20 0.37 
18.08 7.91 -14.89 -0.75 -0.20 0.34 
12.25 12.85 -19.92 -0.78 -0.16 0.24 
9.19 14.60 -29.54 -0.75 -0.11 -0.05 
11.42 2.52 -30.05 -0.82 -0.45 -0.45 
12.80 -33.99 -18.41 -0.82 -0.16 0.19 
2.74 -4.97 -18.00 -0.88 -0.12 0.34 
3.06 -5.88 -16.89 -0.88 -0.34 0.53 
-1.24 -1.38 -20.16 -0.86 -0.57 0.44 
14.22 17.74 -21.19 -0.95 -0.32 0.38 
11.00 3.57 -21.74 -0.78 -0.40 0.40 
9.80 2.75 -22.59 -0.81 -0.30 0.33 
14.98 1.53 -23.06 -0.99 -0.47 0.39 
18.71 7.54 -19.59 -0.98 -0.30 0.77 
22.77 13.33 -13.71 -0.82 -0.32 0.44 
11.55 16.88 -20.33 -0.82 -0.02 0.32 
3.82 21.54 -33.90 -0.53 -0.33 0.03 
0.03 14.03 -36.71 -0.60 -0.98 -0.70 
5.93 2.44 -35.13 -0.78 -0.58 -0.37 
-4.46 -2.54 -27.98 -0.66 -0.53 -0.35 
-7.50 -10.26 -20.47 -0.76 -0.22 -0.09 
-3.05 -11.39 -15.59 -0.79 -0.44 0.13 
-10.17 -7.93 -11.64 -0.84 -0.24 0.50 
-23.43 -4.51 -27.80 -1.10 0.03 0.32 
5.88 15.80 -34.94 -0.76 0.00 0.99 
9.11 6.77 -35.80 -0.92 -0.35 0.45 
8.97 4.92 -35.83 -0.86 -0.27 0.34 
16.10 5.61 -35.12 -0.96 -0.22 0.50 
28.93 9.83 -27.07 -1.15 -0.03 0.77 
18.52 6.35 -31.85 -0.88 -0.04 0.38 
12.57 12.39 -40.49 -0.68 -0.23 0.26 
18.02 17.90 -43.45 -0.77 -0.05 -0.07 
20.16 11.70 -52.72 -0.73 -0.38 -0.11 
13.26 -2.53 -52.74 -0.73 -0.44 -0.55 
9.73 -4.72 -47.28 -0.70 -0.20 -0.22 
0.27 -8.31 -35.54 -0.85 0.08 -0.19 
-3.45 -7.86 -29.97 -0.90 0.02 0.11 
-7.55 -1.38 -27.54 -0.85 0.00 0.40 
-12.72 -1.75 -33.22 -1.01 0.19 0.37 
-8.54 -10.96 -42.08 -1.07 -0.74 0.45 
12.19 7.59 -39.87 -1.03 0.07 0.68 
10.14 4.98 -42.17 -0.94 -0.13 0.29 
9.86 5.05 -43.47 -1.00 -0.18 0.31 
10.62 2.63 -42.38 -0.91 -0.21 0.43 
24.58 28.49 -70.00 -0.83 0.11 0.06 
0.02 6.71 -70.71 -0.82 -0.03 0.08 
9.62 11.04 -79.89 -0.72 -0.24 -0.13 
6.77 7.68 -85.07 -0.63 -0.48 -0.18 
3.57 3.35 -85.47 -0.91 -0.42 -0.63 
1.62 1.19 -84.52 -0.87 -0.40 -0.31 
0.37 -0.36 -79.00 -0.88 -0.36 -0.24 
3.16 -1.88 -74.33 -0.67 -0.24 -0.23 
-1.26 -4.62 -67.32 -0.74 0.16 0.32 
28.33 4.99 -79.01 -0.84 0.19 0.62 
28.33 4.99 -79.01 -0.84 0.19 0.62 
-1.42 4.66 -85.29 -0.99 -0.05 0.54 
5.00 7.12 -87.26 -0.86 -0.07 0.48 
4.46 5.09 -89.69 -0.78 -0.32 0.46 
4.45 4.64 -89.96 -0.86 -0.27 0.38 
6.24 3.50 -90.00 -1.06 -0.16 0.54 
32.85 10.06 -84.14 -0.89 0.03 0.38 
10.70 3.23 -91.40 -0.82 0.03 0.32 
16.94 15.86 -96.41 -0.76 -0.20 0.13 
18.24 15.96 -103.19 -0.81 -0.15 -0.05 
9.69 7.97 -112.32 -0.70 -0.45 -0.38 
7.27 1.29 -112.81 -0.84 -0.46 -0.31 
3.90 -2.59 -108.34 -0.79 -0.33 -0.23 
2.34 -5.47 -103.55 -0.78 -0.20 -0.03 
3.55 -7.97 -99.26 -0.81 -0.11 0.25 
10.02 -6.06 -97.72 -0.85 -0.16 0.34 
-13.56 -6.14 -107.44 -0.94 -0.36 0.55 
14.37 3.40 -101.02 -0.81 -0.61 0.40 
3.83 9.42 -102.78 -1.04 -0.02 0.55 
8.72 2.56 -102.99 -0.95 -0.34 0.35 
10.91 3.38 -103.39 -0.88 -0.36 0.32 
23.38 -1.12 -101.44 -1.13 -0.31 0.40 
21.73 8.78 -94.16 -0.96 -0.23 0.65 
24.35 7.94 -91.95 -0.82 0.00 0.22 
21.59 5.23 -95.80 -0.87 0.00 0.12 
15.09 10.87 -105.02 -0.87 -0.05 0.08 
13.68 12.71 -113.26 -0.79 -0.25 -0.04 
12.51 6.88 -115.33 -0.73 -0.59 -0.41 
4.49 -4.47 -112.07 -0.76 -0.43 -0.19 
5.29 -6.45 -105.60 -0.69 -0.24 -0.05 
5.40 -5.95 -104.04 -0.92 -0.04 0.16 
-2.39 -4.51 -107.01 -0.93 -0.16 0.30 
-0.77 -4.44 -111.89 -0.84 -0.27 0.44 
0.39 -2.66 -114.63 -0.56 -0.45 0.54 
13.42 19.93 -110.12 -1.31 -0.05 0.81 
11.48 2.35 -108.82 -0.77 -0.57 0.42 
6.39 4.41 -112.53 -0.77 -0.37 0.42 
10.83 2.58 -113.51 -0.82 -0.46 0.46 
24.54 2.37 -101.09 -0.72 -0.57 0.97 
24.69 11.42 -97.79 -0.78 -0.42 0.41 
22.65 9.74 -97.89 -0.88 -0.08 0.29 
11.26 13.21 -100.87 -0.96 -0.03 0.16 
8.58 13.96 -109.88 -0.84 -0.21 -0.01 
6.05 6.31 -110.14 -0.61 -0.53 -0.31 
5.84 1.92 -111.05 -0.87 -0.25 -0.06 
5.65 1.77 -111.30 -0.84 -0.39 -0.09 
8.52 -3.19 -103.10 -0.81 -0.28 -0.13 
6.76 -6.65 -100.28 -0.84 -0.13 0.23 
5.03 -4.54 -102.66 -0.89 -0.06 0.28 
-10.61 -5.95 -106.39 -0.86 -0.25 0.52 
13.72 -12.79 -110.20 -0.72 -0.91 0.33 
18.05 -3.66 -107.71 -1.06 -0.66 0.34 
8.10 3.77 -108.96 -0.80 -0.48 0.33 
9.09 3.77 -111.11 -0.82 -0.52 0.32 
9.40 3.18 -111.21 -0.82 -0.51 0.31 
9.97 -12.04 -110.29 -0.95 -0.55 0.70 
23.06 7.65 -105.16 -0.92 -0.38 0.56 
17.59 8.73 -106.88 -0.70 -0.26 0.46 
10.64 16.40 -113.52 -0.67 -0.27 0.32 
11.65 14.95 -125.30 -0.89 -0.20 -0.06 
16.74 -10.73 -120.35 -0.77 -0.48 -0.06 
-19.36 -30.32 -115.98 -0.96 -0.06 0.30 
5.46 -0.99 -120.55 -0.87 -0.31 0.42 
-2.03 -0.61 -123.32 -0.96 -0.27 0.26 
25.97 5.96 -129.16 -1.00 -0.01 0.88 
10.13 2.18 -129.58 -0.90 -0.50 0.33 
7.48 1.91 -131.99 -0.84 -0.34 0.37 
8.38 4.11 -132.36 -0.86 -0.45 0.31 
8.75 -1.44 -131.10 -1.12 -0.32 0.38 
21.98 7.12 -127.96 -0.94 -0.37 0.56 
29.35 11.45 -126.36 -0.94 -0.18 0.38 
19.84 6.70 -129.38 -0.86 -0.07 0.23 
11.64 11.63 -137.40 -0.80 -0.20 0.20 
3.26 11.42 -148.24 -0.73 -0.35 0.05 
9.44 2.67 -151.47 -0.85 -0.59 -0.29 
6.43 1.56 -148.75 -0.84 -0.43 -0.14 
4.65 -2.43 -138.80 -0.75 -0.43 -0.10 
-1.24 -4.05 -131.31 -0.77 -0.13 0.14 
8.75 -5.62 -129.17 -0.92 -0.09 0.23 
5.40 -6.67 -129.48 -0.88 -0.10 0.58 
12.98 -15.87 -143.04 -0.78 -0.31 1.52 
11.55 4.05 -145.96 -0.98 -0.35 0.37 
11.32 5.50 -148.00 -0.85 -0.26 0.37 
8.70 4.05 -150.42 -0.86 -0.32 0.33 
9.64 5.23 -149.60 -0.79 -0.36 0.30 
5.60 -0.68 -155.07 -0.98 -0.13 0.55 
20.82 11.61 -149.38 -0.97 -0.47 0.59 
30.26 9.82 -145.99 -0.95 -0.16 0.19 
19.72 9.60 -151.23 -0.82 -0.05 0.19 
7.89 8.67 -159.50 -0.88 -0.14 0.09 
-3.96 15.95 -172.36 -0.69 -0.64 0.05 
8.46 -0.87 -170.23 -0.76 -0.39 -0.19 
5.57 1.05 -168.09 -0.87 -0.43 -0.03 
3.81 -0.92 -164.10 -0.76 -0.51 -0.11 
6.15 -6.90 -155.17 -0.77 -0.30 0.13 
8.12 -6.29 -151.67 -0.88 -0.24 0.31 
-19.84 -5.91 -148.96 -0.95 0.21 0.32 
-0.46 0.33 -151.37 -0.84 -0.18 0.53 
12.94 11.41 -150.61 -1.20 -0.27 1.23 
9.98 1.65 -150.59 -0.99 -0.27 0.31 
8.67 3.98 -152.79 -0.83 -0.38 0.26 
8.30 4.51 -153.35 -0.84 -0.35 0.25 
14.35 -0.55 -156.05 -0.92 -0.33 0.38 
8.36 -4.36 -151.27 -1.04 -0.34 0.47 
19.30 5.56 -148.82 -0.86 -0.16 0.45 
22.07 8.07 -152.30 -0.83 -0.19 0.24 
21.01 6.27 -155.20 -0.79 -0.24 0.22 
13.42 9.16 -160.64 -0.93 -0.11 0.08 
13.69 8.65 -164.08 -0.86 -0.31 0.10 
10.13 6.49 -164.96 -0.79 -0.41 -0.16 
6.01 -0.74 -163.00 -0.84 -0.45 0.00 
2.62 0.83 -161.28 -0.89 -0.36 -0.05 
2.12 -0.92 -154.85 -0.81 -0.28 -0.04 
3.72 -8.92 -151.71 -0.87 -0.04 0.00 
-14.48 -8.12 -155.32 -0.96 -0.04 0.56 
12.20 3.16 -152.90 -0.68 -0.14 0.65 
11.50 22.92 -160.44 -0.91 0.49 1.25 
10.82 2.34 -166.96 -0.98 -0.35 0.38 
8.33 4.30 -167.04 -0.84 -0.29 0.36 
9.32 3.89 -168.42 -0.83 -0.37 0.33 
12.56 2.57 -168.39 -0.86 -0.33 0.27 
9.35 2.44 -169.59 -0.92 -0.41 0.38 
-3.11 -2.58 -168.25 -0.73 -0.47 0.69 
6.45 6.28 -172.65 -0.89 -0.32 0.33 
3.63 10.60 -180.48 -0.81 -0.41 0.22 
13.35 9.36 -184.37 -0.93 -0.17 0.06 
-1.07 10.77 -200.65 -0.72 -0.47 -0.14 
33.16 -6.70 -197.50 -0.81 -0.44 -0.06 
8.05 1.73 -195.59 -0.76 -0.50 -0.12 
5.09 -8.68 -185.81 -0.76 -0.39 -0.11 
5.49 -7.43 -179.69 -0.89 -0.27 0.17 
3.50 -1.31 -176.94 -0.89 -0.07 0.33 
2.94 -2.39 -179.57 -0.81 0.01 0.40 
-10.46 3.52 -204.19 -1.26 -0.79 1.01 
4.02 4.05 -205.41 -0.96 -0.30 0.38 
8.32 3.76 -204.93 -0.89 -0.33 0.28 
11.87 2.46 -205.60 -0.87 -0.36 0.30 
9.86 2.64 -207.19 -0.90 -0.35 0.30 
13.34 1.19 -206.36 -1.02 -0.35 0.34 
16.42 4.74 -204.91 -0.83 -0.34 0.85 
30.20 5.39 -210.32 -0.79 -0.21 0.42 
17.05 8.55 -213.88 -0.88 -0.13 0.24 
10.99 10.17 -223.82 -0.84 -0.22 0.17 
14.40 12.00 -233.07 -0.79 -0.42 0.06 
0.02 7.17 -236.51 -0.69 -0.68 -0.24 
9.97 1.59 -234.96 -0.82 -0.44 -0.02 
9.87 1.71 -234.38 -0.87 -0.46 0.07 
5.14 -0.57 -227.65 -0.69 -0.60 -0.09 
4.18 -5.03 -221.20 -0.76 -0.23 0.06 
9.76 -5.51 -217.84 -0.83 -0.15 0.14 
12.69 -3.76 -217.25 -0.74 -0.10 0.64 
1.40 -8.33 -222.68 -0.97 -0.53 0.57 
13.08 -2.50 -218.31 -0.76 -0.41 0.52 
10.98 3.76 -222.28 -0.93 -0.38 0.37 
10.72 2.58 -223.08 -0.89 -0.39 0.38 
9.97 1.57 -223.93 -0.81 -0.40 0.36 
9.91 2.00 -224.01 -0.87 -0.40 0.37 
16.10 2.94 -215.67 -0.82 -0.26 0.69 
31.49 18.51 -233.95 -0.83 -0.18 0.18 
13.60 12.02 -240.31 -0.83 -0.22 0.05 
7.35 14.25 -249.12 -0.80 -0.20 -0.15 
4.15 5.62 -252.56 -0.79 -0.59 -0.45 
4.97 -0.87 -251.99 -0.82 -0.47 -0.17 
7.41 0.16 -251.26 -0.81 -0.44 -0.16 
0.68 -3.59 -247.55 -0.75 -0.45 -0.22 
10.07 -4.78 -238.94 -0.78 -0.03 0.00 
1.91 -6.18 -237.26 -0.92 -0.12 0.24 
9.25 -3.50 -241.03 -0.89 -0.26 0.46 
7.82 -1.84 -243.09 -0.89 -0.41 0.41 
18.09 -0.54 -236.99 -0.73 -0.33 0.65 
8.10 2.27 -241.27 -0.98 -0.24 0.36 
11.00 2.34 -243.31 -0.94 -0.36 0.34 
9.31 4.10 -244.84 -0.80 -0.32 0.27 
10.17 3.02 -247.72 -0.87 -0.35 0.29 
19.86 -0.04 -246.81 -1.17 -0.18 0.53 
17.49 11.12 -240.64 -0.94 -0.14 0.63 
21.64 9.69 -241.42 -0.85 -0.27 0.34 
15.61 13.29 -244.11 -0.81 -0.19 0.20 
11.58 19.40 -250.30 -0.82 -0.25 -0.11 
6.78 7.61 -255.81 -0.64 -0.39 -0.43 
5.95 0.01 -256.06 -0.91 -0.38 -0.30 
7.64 -1.56 -255.78 -0.85 -0.39 -0.20 
5.05 -5.52 -250.87 -0.83 -0.36 -0.27 
20.16 -13.35 -244.66 -0.80 -0.11 0.27 
1.38 -1.53 -250.21 -0.90 -0.14 0.35 
5.81 -5.03 -254.27 -0.83 -0.47 0.56 
-15.92 7.44 -262.40 -0.88 -0.31 0.91 
11.98 5.03 -266.45 -0.91 -0.14 0.33 
9.90 3.90 -266.55 -0.83 -0.37 0.32 
9.90 2.50 -267.13 -0.88 -0.33 0.32 
15.32 -0.50 -265.02 -1.12 -0.40 0.56 
28.75 8.51 -262.48 -0.95 -0.16 0.60 
24.15 12.67 -267.68 -0.81 -0.14 0.34 
17.67 10.73 -274.81 -0.87 -0.29 0.13 
16.84 12.43 -281.05 -0.82 -0.12 0.05 
