2.14 -11.20 103.85 -0.90 0.04 -0.72 
-2.90 1.47 104.38 -0.88 -0.11 -0.40 
0.50 1.20 105.42 -0.95 0.01 -0.36 
-1.91 -1.23 106.07 -0.93 -0.05 -0.36 
10.10 -46.03 98.00 -0.80 0.02 -0.60 
17.19 -51.38 71.62 1.59 0.04 -0.25 
2.83 -39.94 54.44 2.20 0.32 -0.51 
0.72 -6.89 54.32 1.24 0.15 -0.31 
2.96 3.74 55.19 0.78 0.33 -0.70 
-1.14 -2.66 56.44 0.87 0.26 -0.55 
-1.35 -1.97 58.56 0.96 0.25 -0.50 
-18.04 26.62 87.25 2.13 0.04 -0.01 
2.17 44.96 127.43 1.49 -0.03 -0.27 
17.88 48.59 148.34 -0.20 0.18 -0.45 
3.93 -12.54 145.35 -0.91 -0.04 -0.96 
1.24 6.75 146.08 -0.87 -0.07 -0.20 
2.22 -1.94 148.36 -0.86 -0.12 -0.39 
-15.45 -4.16 145.63 -1.07 -0.19 -0.74 
-13.16 -49.22 124.16 0.26 -0.13 -0.49 
15.79 -50.84 87.98 2.00 0.26 -0.79 
-6.72 -12.90 88.45 1.57 0.09 -0.50 
0.22 1.71 89.55 1.02 0.15 -0.60 
1.98 -0.19 91.33 0.76 0.23 -0.62 
-1.52 -4.40 92.71 1.02 0.24 -0.58 
0.15 1.39 93.32 0.87 0.17 -0.56 
-18.10 6.23 108.65 1.58 0.22 0.00 
2.57 44.85 148.73 2.13 -0.29 -0.03 
13.39 44.95 181.43 0.59 0.15 -0.18 
2.77 24.56 176.41 -0.50 0.24 -1.65 
-5.80 -3.49 170.28 -0.91 -0.04 -0.32 
0.12 -0.33 170.60 -0.91 -0.05 -0.53 
-1.41 -1.93 171.09 -0.96 -0.05 -0.39 
-1.35 2.32 170.54 -0.92 -0.11 -0.34 
-1.98 -21.05 169.26 -0.77 0.19 -0.90 
7.06 -50.56 127.18 0.76 -0.07 -0.42 
23.37 -50.72 80.09 2.84 1.02 -0.90 
-2.31 -0.37 77.61 1.26 0.14 -0.30 
3.23 16.21 79.81 0.79 0.27 -0.71 
-0.28 -3.97 80.47 0.81 0.30 -0.48 
-0.86 -0.03 81.08 1.07 0.32 -0.33 
-1.46 -2.27 81.95 0.88 0.29 -0.39 
-0.16 -2.69 81.44 0.98 0.30 -0.27 
4.11 -2.80 82.22 0.95 0.27 -0.22 
-6.87 44.08 121.82 2.56 -0.01 0.01 
-1.67 45.03 150.65 0.71 -0.23 0.00 
0.79 49.02 166.44 -0.30 0.21 -0.71 
-2.02 -8.14 157.32 -0.86 -0.03 -0.70 
2.50 -4.74 153.51 -0.91 -0.16 -0.27 
3.66 -0.42 155.62 -0.93 0.00 -0.22 
-0.63 4.23 154.50 -0.99 -0.03 -0.24 
-1.54 -1.79 152.80 -0.84 -0.15 -0.23 
16.37 -48.88 128.72 0.14 0.03 -0.65 
3.84 -50.67 82.27 3.42 0.91 -0.92 
-8.14 4.74 88.18 1.21 0.05 -0.33 
4.78 16.04 101.20 0.78 0.46 -0.63 
1.59 -1.81 101.15 0.88 0.30 -0.36 
-2.64 7.54 108.53 1.13 0.29 -0.30 
-0.37 -1.03 108.81 0.99 0.19 -0.26 
1.96 -9.55 107.95 1.32 0.18 0.01 
-17.00 44.27 138.92 2.59 0.22 0.07 
-9.71 46.47 156.22 0.09 0.06 -0.11 
-3.34 -7.91 153.45 -0.88 -0.02 -1.13 
-9.70 -1.08 146.25 -0.77 0.00 -0.44 
5.60 1.80 150.46 -0.99 -0.12 -0.30 
0.09 2.02 152.13 -0.92 0.00 -0.37 
-0.11 1.31 151.71 -0.90 -0.06 -0.31 
-3.44 -4.28 148.23 -0.87 -0.02 -0.48 
12.04 -46.17 137.48 -0.46 -0.01 -0.39 
21.80 -51.38 124.49 2.02 0.23 -0.49 
-5.71 -9.72 130.34 1.70 0.31 0.09 
3.71 11.67 133.93 1.00 0.21 -0.49 
-1.46 -3.96 135.12 0.85 0.26 -0.37 
-0.90 -5.03 134.57 1.02 0.22 -0.28 
-0.16 -0.75 134.88 0.97 0.24 -0.32 
0.49 -2.06 135.11 0.99 0.20 -0.30 
0.26 -2.05 135.95 0.98 0.21 -0.32 
-13.43 17.74 149.65 1.96 0.09 0.34 
0.74 44.48 185.51 1.55 -0.09 0.07 
-2.99 47.41 207.41 0.05 0.24 -0.44 
3.73 -12.16 205.58 -0.90 -0.11 -0.88 
-1.66 1.80 200.71 -0.89 0.00 -0.33 
1.67 -0.59 200.64 -0.81 -0.12 -0.28 
0.48 1.80 200.40 -0.94 -0.07 -0.26 
1.05 2.68 200.41 -0.97 -0.08 -0.30 
-0.04 1.82 199.56 -0.92 -0.09 -0.29 
0.25 1.60 199.22 -0.93 -0.11 -0.27 
-0.13 2.54 199.89 -0.93 -0.11 -0.25 
0.51 1.58 199.70 -0.92 -0.11 -0.22 
-0.17 -0.40 199.41 -0.92 -0.06 -0.29 
5.98 -46.18 192.46 -0.55 0.12 -0.45 
43.24 -63.58 158.00 2.34 0.28 -0.35 
0.55 5.99 167.92 1.50 0.22 -0.02 
3.68 4.07 168.40 0.87 0.31 -0.55 
1.55 -2.82 169.64 0.93 0.22 -0.36 
0.44 -3.27 170.29 1.01 0.23 -0.29 
0.84 -1.21 170.41 0.96 0.21 -0.35 
0.79 -1.79 170.07 0.99 0.20 -0.28 
0.31 -3.20 170.18 0.99 0.19 -0.30 
-0.25 -1.23 171.27 0.98 0.20 -0.30 
-0.39 -1.02 172.02 1.01 0.18 -0.25 
-10.47 -0.65 178.23 1.44 0.25 0.09 
-0.73 44.43 208.72 1.77 -0.15 0.24 
0.54 45.29 232.67 0.12 -0.01 0.05 
-7.82 22.97 224.25 -0.82 0.22 -1.47 
1.53 -7.15 220.88 -0.99 0.02 -0.18 
-1.61 0.34 220.21 -0.94 -0.20 -0.35 
4.01 2.54 222.74 -0.86 -0.15 -0.20 
-0.22 -0.43 219.44 -0.96 -0.09 -0.30 
1.08 1.86 219.06 -0.99 -0.23 -0.19 
-6.09 7.47 221.13 -0.88 -0.07 -0.25 
1.78 1.54 222.67 -1.00 -0.10 -0.22 
-7.11 -3.26 218.99 -0.91 -0.09 -0.57 
4.04 -49.88 205.21 0.93 0.41 -0.89 
-2.93 -51.30 193.32 2.80 0.60 -0.61 
3.32 8.77 198.14 1.30 0.11 -0.11 
2.06 9.28 199.70 0.86 0.18 -0.60 
-1.01 -6.80 196.41 0.96 0.17 -0.34 
-0.68 -4.67 195.72 1.03 0.22 -0.21 
-10.42 0.94 207.57 1.64 0.12 0.13 
6.04 44.66 257.88 2.39 -0.38 -0.02 
28.74 46.31 286.82 0.66 0.15 -0.78 
1.11 -9.18 283.22 -0.71 0.08 -0.99 
-2.24 6.65 285.98 -0.88 -0.06 -0.46 
0.11 2.32 286.41 -0.87 -0.02 -0.59 
-1.23 -2.82 283.94 -0.86 -0.04 -0.65 
3.94 -0.60 285.15 -0.89 -0.01 -0.36 
6.89 -2.76 286.84 -0.90 -0.03 -0.33 
13.29 -47.39 268.01 -0.24 0.15 -1.08 
36.03 -62.90 205.82 3.14 1.03 -0.73 
-7.78 1.78 213.72 1.00 0.42 -0.27 
2.99 8.11 210.02 1.07 0.23 -0.51 
0.83 -2.80 211.90 0.89 0.28 -0.43 
6.16 1.87 206.29 1.03 0.27 -0.32 
-25.85 16.55 224.75 2.00 0.16 0.25 
5.71 44.61 260.16 1.60 -0.21 0.01 
16.72 49.32 277.10 -0.38 0.05 -0.53 
-3.61 -8.44 273.23 -0.75 -0.17 -1.40 
-5.71 -2.07 273.97 -0.84 -0.17 -0.48 
-8.99 0.15 270.83 -0.87 0.02 -0.53 
-0.10 -3.43 271.24 -0.90 -0.11 -0.60 
-17.73 -22.27 267.24 -0.99 0.01 -0.87 
3.89 -48.89 238.88 0.21 0.21 -0.58 
24.18 -50.85 194.96 3.16 0.60 -1.14 
-1.62 13.41 198.85 1.06 0.21 -0.45 
2.64 2.78 199.61 0.82 0.19 -0.69 
-0.40 -2.91 200.47 0.96 0.25 -0.52 
-0.07 0.07 199.46 0.96 0.20 -0.38 
-9.16 44.47 239.00 2.26 0.04 0.16 
12.87 45.15 272.34 1.16 -0.31 0.32 
23.18 48.82 293.53 -0.18 0.15 -0.40 
0.39 -6.86 286.70 -0.85 0.04 -0.89 
1.21 1.26 284.87 -0.89 -0.05 -0.30 
1.22 1.94 283.75 -0.96 -0.17 -0.39 
0.18 2.77 283.73 -0.89 -0.05 -0.35 
-1.92 -3.75 283.37 -0.98 -0.09 -0.42 
-20.33 -45.85 264.65 -0.72 -0.17 -0.43 
46.05 -74.97 224.52 2.07 0.16 -0.78 
-0.33 17.47 234.69 1.47 0.18 -0.19 
3.28 0.99 231.17 0.96 0.30 -0.53 
0.74 -5.07 227.63 0.93 0.21 -0.41 
-5.65 -7.84 225.82 0.97 0.37 -0.56 
3.32 3.64 225.76 0.86 0.10 -0.26 
0.86 -1.85 227.66 1.03 0.34 -0.42 
-7.56 44.78 261.37 2.42 0.24 -0.08 
-2.93 44.38 284.74 0.94 0.03 -0.12 
-2.31 18.86 287.60 -0.71 0.33 -1.76 
0.25 0.04 283.59 -0.90 0.05 -0.35 
0.42 2.04 282.42 -0.94 -0.10 -0.46 
-2.57 -1.09 282.44 -0.91 -0.05 -0.43 
-2.26 1.43 280.45 -1.04 -0.01 -0.41 
-10.61 -46.62 258.99 -0.66 -0.04 -0.84 
14.48 -50.90 231.85 1.27 0.03 -0.49 
2.79 -51.25 222.09 2.47 0.52 -0.15 
-0.58 6.46 221.21 1.09 0.04 -0.29 
-1.31 -3.72 222.88 0.89 0.27 -0.49 
0.84 -3.36 224.65 0.99 0.11 -0.33 
0.97 1.09 223.43 0.98 0.13 -0.40 
-1.02 -3.91 224.21 0.96 0.16 -0.32 
-11.85 28.50 240.65 2.10 -0.02 0.23 
12.96 45.07 278.02 1.55 -0.09 -0.35 
15.64 48.17 300.01 -0.29 0.37 -1.25 
4.55 -9.06 298.92 -0.92 0.17 -0.64 
-0.87 0.20 292.46 -0.77 0.07 -0.56 
0.63 -0.21 291.41 -0.93 0.00 -0.48 
-0.52 1.85 290.19 -0.85 0.04 -0.54 
4.65 -11.37 287.29 -0.75 -0.01 -0.64 
16.31 -46.98 276.72 -0.25 0.00 -0.59 
6.39 -50.73 265.74 2.10 0.41 -0.90 
-1.10 -12.23 276.01 1.76 0.47 -0.32 
-1.89 5.61 273.59 0.92 0.08 -0.53 
3.15 -0.75 273.35 0.88 0.24 -0.59 
-1.48 -0.98 275.63 0.91 0.25 -0.52 
1.34 -2.00 274.84 0.98 0.26 -0.45 
-6.03 44.16 301.86 2.19 0.08 -0.04 
4.39 44.60 -308.41 1.54 -0.16 -0.12 
23.08 48.64 -283.93 -0.31 0.20 -1.39 
3.77 -14.21 -287.03 -0.85 0.07 -0.44 
-1.60 4.05 -288.08 -0.83 -0.01 -0.44 
0.32 0.95 -288.56 -0.88 -0.03 -0.53 
1.00 2.99 -287.52 -0.91 0.04 -0.51 
-12.72 -26.83 -294.25 -0.81 0.01 -1.51 
-10.41 -50.26 -323.87 0.82 0.12 -0.60 
18.06 -50.55 294.37 2.77 0.84 -1.34 
-3.28 2.40 293.49 1.08 0.13 -0.37 
1.68 4.93 294.92 0.78 0.15 -0.76 
-0.39 -2.23 293.60 0.94 0.18 -0.50 
1.66 -6.60 290.83 0.89 0.24 -0.57 
-13.35 6.42 303.35 1.83 0.26 -0.10 
1.75 45.30 -301.45 2.43 0.04 -0.84 
15.89 46.43 -260.43 0.50 0.33 -0.77 
9.98 -11.54 -274.16 -0.66 0.53 -1.14 
0.10 -0.71 -278.12 -0.72 -0.01 -0.58 
6.26 2.39 -279.79 -0.85 0.02 -0.52 
-17.02 -34.08 -301.90 -0.82 0.23 -1.87 
-7.49 -51.14 303.46 2.38 0.09 -0.90 
2.56 -42.77 308.61 2.87 0.26 -0.48 
0.18 -0.15 303.32 0.90 0.00 -0.26 
0.57 -4.20 302.80 0.85 0.16 -0.67 
0.02 -2.21 301.04 1.01 0.20 -0.58 
-1.58 -3.80 300.40 0.82 0.15 -0.57 
1.41 1.27 300.17 0.89 0.18 -0.69 
-7.36 40.76 -322.34 2.53 -0.39 -0.12 
9.74 44.53 -278.88 1.87 0.00 -0.39 
15.45 48.39 -270.48 -0.09 0.40 -0.81 
-1.30 -3.54 -275.27 -1.15 -0.30 -0.48 
-1.13 4.98 -276.46 -0.89 -0.12 -0.22 
-0.55 2.00 -277.32 -0.95 -0.15 -0.09 
-1.12 1.38 -278.04 -1.02 -0.20 -0.24 
-15.46 -43.65 -283.61 -0.83 0.00 -1.06 
19.20 -50.71 -318.33 1.79 -0.10 -0.86 
-27.56 -49.13 -316.82 2.98 0.73 -0.11 
-3.10 6.56 -317.88 0.79 0.24 -0.51 
1.57 -3.46 -318.50 0.79 0.20 -0.50 
-2.17 -1.15 -316.01 1.03 0.30 -0.36 
-2.63 -3.40 -315.32 0.99 0.12 -0.36 
-0.59 -3.01 -314.38 0.99 0.23 -0.33 
-8.80 44.65 -285.79 2.50 0.09 0.07 
-0.37 58.33 -248.12 0.42 0.31 -0.42 
0.22 5.14 -254.72 -0.99 0.15 -1.33 
-1.56 -1.30 -259.06 -1.02 -0.16 -0.17 
2.08 1.40 -259.59 -0.97 -0.13 -0.32 
5.56 -1.35 -260.78 -0.89 -0.15 -0.20 
39.43 -134.82 306.75 1.54 0.42 -0.76 
-10.59 -43.28 291.00 2.95 0.59 0.13 
3.44 7.46 292.49 1.11 0.03 -0.31 
2.93 3.98 296.40 0.79 0.25 -0.53 
6.04 0.90 290.37 0.94 0.27 -0.33 
0.91 -2.59 288.23 1.04 0.20 -0.21 
-4.64 -3.03 291.26 1.13 0.35 -0.12 
-13.82 45.00 305.15 2.13 0.27 0.61 
-9.35 45.14 323.28 0.91 0.19 0.14 
-7.91 26.46 321.64 -0.60 0.12 -1.58 
-0.18 -1.85 317.73 -0.87 0.12 -0.21 
-1.98 3.74 315.53 -0.87 0.00 -0.51 
3.15 -2.19 314.09 -0.93 -0.06 -0.35 
-2.28 3.59 311.62 -0.89 -0.03 -0.34 
2.24 -0.14 313.28 -0.94 0.06 -0.27 
1.17 -6.54 312.09 -0.89 0.00 -0.43 
2.79 -47.77 292.77 -0.10 0.18 -0.59 
42.58 -51.00 262.46 3.42 0.18 -0.73 
-5.14 7.70 267.38 1.34 0.19 -0.10 
1.91 7.15 266.22 0.97 0.25 -0.49 
0.80 2.51 266.16 0.84 0.21 -0.40 
-7.63 -1.14 269.04 1.11 0.17 -0.08 
-2.29 31.65 284.15 2.51 -0.22 0.36 
11.42 45.18 -326.88 1.25 0.12 -0.65 
-3.04 49.29 -316.17 -0.77 0.21 -1.38 
7.25 -3.34 -313.52 -1.02 0.00 -0.18 
0.99 5.06 -313.69 -0.91 0.01 -0.18 
0.83 5.69 -314.56 -1.00 -0.03 -0.36 
-0.16 -0.12 -317.55 -0.92 0.02 -0.49 
-15.13 9.70 -316.57 -0.80 -0.10 -0.22 
12.04 -14.25 -311.03 -0.85 0.13 -0.82 
-6.57 -50.14 324.03 1.90 0.47 -1.91 
-5.57 14.75 -324.27 1.06 0.15 -0.33 
0.15 -2.25 -324.12 1.09 0.13 -0.27 
2.64 0.53 -326.24 0.84 0.14 -0.50 
-0.69 -3.25 -325.90 0.98 0.11 -0.36 
0.75 -3.19 -326.15 1.06 0.11 -0.31 
1.28 -1.48 -325.27 1.05 0.11 -0.32 
7.36 69.05 -261.15 2.43 0.23 -0.84 
7.37 -21.20 -257.38 -1.05 -0.07 -0.07 
1.70 2.42 -260.14 -0.90 -0.10 -0.29 
-1.28 2.01 -263.02 -0.97 -0.25 -0.27 
7.97 -1.86 -262.87 -0.96 -0.06 -0.10 
8.72 -20.85 -268.05 -0.88 0.43 -1.22 
12.86 -50.48 -303.01 2.76 0.66 -1.56 
10.85 9.40 -287.86 1.74 0.12 0.21 
7.18 9.77 -285.64 1.12 0.23 -0.48 
-2.18 4.53 -284.16 0.80 0.11 -0.41 
-5.00 -4.66 -280.22 1.14 0.11 -0.04 
-21.27 14.74 -261.54 2.49 0.06 0.64 
39.44 45.97 -211.52 1.07 0.34 -0.69 
10.49 6.85 -211.25 -0.62 0.48 -1.59 
-0.57 2.80 -213.16 -0.95 -0.15 -0.22 
2.01 -0.41 -211.87 -0.89 -0.06 -0.44 
-3.06 2.26 -213.20 -0.87 -0.06 -0.47 
-1.10 3.56 -212.31 -0.95 -0.04 -0.38 
30.76 -47.69 -228.59 -0.27 0.22 -1.33 
25.10 -50.82 -278.33 2.90 0.25 -1.20 
-13.61 16.67 -269.57 1.07 0.05 -0.07 
7.91 11.85 -271.07 0.99 0.16 -0.63 
1.01 -3.67 -271.93 0.94 0.19 -0.33 
0.36 -2.45 -273.27 1.03 0.17 -0.23 
-6.91 0.26 -270.35 1.79 0.17 0.07 
10.46 45.21 -220.04 2.43 0.09 -1.01 
3.46 0.93 -215.68 -0.88 -0.12 -0.36 
1.69 1.66 -216.92 -0.94 0.00 -0.41 
-14.93 -27.79 -225.93 -1.24 -0.09 -0.91 
20.45 -49.90 -259.45 1.50 0.60 -1.43 
7.41 -51.15 -270.81 2.69 0.67 -0.35 
-4.41 -2.86 -271.31 1.26 0.24 -0.15 
3.75 8.80 -270.08 0.92 0.21 -0.59 
-3.36 -3.09 -270.84 1.01 0.21 -0.25 
3.31 5.35 -267.35 1.17 0.21 -0.17 
-7.41 44.50 -244.57 2.20 0.01 0.42 
2.32 46.09 -224.58 0.17 0.09 -0.10 
-7.15 49.13 -213.25 -0.77 0.27 -1.27 
12.06 -14.23 -212.89 -0.83 0.01 -0.34 
-1.42 2.05 -216.99 -1.00 -0.11 -0.33 
-0.08 -5.67 -217.00 -0.99 -0.02 -0.59 
30.29 -48.68 -224.66 0.23 0.06 -0.99 
4.67 38.94 -213.07 0.94 0.19 -0.35 
-2.30 -0.38 -209.56 0.88 0.24 -0.43 
-8.61 -2.48 -202.76 0.98 0.23 -0.15 
-8.55 7.72 -195.12 1.46 0.14 0.19 
0.41 44.50 -159.85 1.63 -0.12 -0.06 
-0.32 47.92 -139.08 0.00 0.19 -0.70 
8.68 -16.61 -141.40 -1.08 -0.05 -0.39 
-1.70 4.42 -140.13 -0.86 -0.35 -0.15 
-1.83 -1.81 -139.30 -1.04 -0.18 0.15 
5.00 -10.36 -140.97 -0.81 0.07 -0.48 
13.35 -49.81 -165.95 0.69 0.01 -0.78 
5.09 -50.94 -178.18 2.98 1.06 -0.19 
-1.89 5.13 -180.98 0.91 0.23 -0.33 
0.19 1.65 -180.27 0.87 0.23 -0.46 
-4.90 -1.56 -177.28 1.14 0.22 -0.09 
-5.96 44.64 -147.80 2.30 -0.24 0.23 
6.92 45.24 -115.79 0.81 0.22 -0.27 
-8.77 20.84 -118.89 -0.80 0.11 -0.97 
0.83 -0.29 -120.09 -0.98 -0.28 0.02 
0.91 3.04 -117.65 -0.90 -0.17 -0.08 
0.90 -0.33 -116.87 -0.94 -0.13 -0.12 
0.05 3.52 -117.44 -0.92 -0.21 0.00 
-0.28 3.33 -117.89 -0.98 0.00 -0.42 
15.44 -49.09 -157.89 0.44 0.34 -0.94 
25.47 -51.01 -204.60 3.45 0.79 -0.81 
-4.64 6.59 -197.39 1.01 0.23 -0.13 
3.57 7.15 -195.95 0.93 0.19 -0.62 
-2.47 -6.20 -194.88 0.97 0.23 -0.29 
-13.32 7.28 -180.60 1.94 -0.10 0.10 
13.57 44.50 -150.75 2.21 0.11 -0.16 
-1.98 47.53 -134.08 0.16 0.13 -0.99 
4.35 -14.27 -132.33 -1.00 0.07 -0.54 
-1.41 0.45 -134.21 -0.98 -0.17 -0.21 
1.06 -0.93 -133.33 -1.01 -0.08 -0.10 
-0.23 2.21 -129.45 -0.84 -0.08 -0.10 
-3.12 -9.46 -131.15 -0.95 0.25 -0.78 
4.64 -50.28 -154.96 1.03 0.20 -0.74 
15.23 -51.28 -175.39 3.02 0.91 -0.29 
-4.05 15.13 -169.12 1.08 0.22 -0.26 
-2.88 1.88 -167.17 0.96 0.25 -0.46 
-0.31 -3.66 -165.19 0.94 0.24 -0.24 
0.92 -4.65 -163.76 1.03 0.27 -0.23 
-10.72 0.23 -157.83 1.55 0.27 0.08 
6.64 44.58 -132.47 1.79 -0.22 -0.01 
2.88 47.54 -112.31 0.01 0.06 -0.09 
-3.67 12.88 -109.29 -1.14 0.04 -0.73 
-4.82 1.76 -112.93 -1.01 -0.08 -0.14 
7.16 -4.63 -115.60 -0.95 -0.03 -0.07 
-8.45 -3.42 -119.26 -0.95 0.02 -0.51 
-8.69 -49.20 -137.61 0.40 0.12 -0.62 
13.53 -51.16 -169.99 3.28 0.71 -0.47 
-4.29 -4.32 -176.03 1.08 0.09 -0.05 
9.79 9.47 -176.31 0.91 0.15 -0.62 
1.75 -5.51 -175.90 0.90 0.25 -0.30 
0.13 -3.71 -175.01 1.08 0.27 -0.22 
-3.18 44.23 -153.14 2.29 -0.02 0.17 
9.97 44.96 -137.46 0.87 0.09 -0.24 
0.30 49.47 -129.75 -0.72 0.10 -0.87 
6.96 -8.12 -130.38 -1.05 0.07 -0.11 
-3.53 4.66 -133.77 -0.84 -0.07 -0.17 
3.00 -1.17 -132.99 -1.00 0.02 0.04 
0.37 0.42 -132.30 -0.96 -0.01 -0.09 
-13.19 -46.39 -144.62 -0.87 0.00 -0.91 
8.85 -50.90 -174.80 2.41 0.24 -1.20 
-17.77 -9.87 -154.74 2.10 0.39 0.37 
4.19 9.03 -152.74 1.07 0.16 -0.37 
-1.30 3.54 -146.35 0.83 0.19 -0.40 
-4.07 15.47 -137.29 1.76 0.12 0.39 
-1.53 44.31 -112.07 2.00 -0.20 0.08 
-6.92 61.27 -98.40 -0.57 0.17 -0.80 
3.48 -8.21 -98.78 -0.97 0.06 -0.27 
-0.65 2.48 -100.37 -0.84 -0.06 -0.16 
-1.55 -2.81 -101.44 -0.90 -0.08 -0.13 
-3.21 -8.53 -27.37 -1.13 -0.28 0.01 
-0.93 1.50 -25.39 -1.01 0.06 -0.31 
15.90 -85.65 -95.74 2.42 0.11 -1.82 
15.90 -85.65 -95.74 2.42 0.11 -1.82 
-4.40 11.27 -104.85 0.85 0.37 -0.35 
-1.83 0.48 -98.92 1.03 0.17 -0.33 
-1.83 0.48 -98.92 1.03 0.17 -0.33 
-1.91 20.60 -64.47 2.15 -0.22 0.08 
-12.33 -0.61 -39.53 -0.92 -0.19 -0.14 
-12.33 -0.61 -39.53 -0.92 -0.19 -0.14 
0.47 1.73 -38.45 -0.90 -0.04 -0.17 
-0.62 2.61 -39.04 -0.97 -0.03 -0.18 
-0.17 3.05 -39.36 -0.98 -0.11 -0.21 
-2.21 2.41 -39.35 -1.00 -0.07 -0.45 
1.62 -35.13 -46.25 -0.40 0.12 -0.87 
-7.11 -26.11 -57.21 0.92 0.19 -0.71 
25.23 -38.76 -87.35 2.38 0.42 -0.95 
-1.82 -27.16 -96.61 3.18 0.69 -0.19 
-8.41 7.73 -87.19 1.04 0.17 -0.24 
0.67 1.63 -88.21 1.00 0.13 -0.33 
4.57 2.35 -92.56 0.97 0.30 -0.35 
-0.34 -2.32 -92.66 0.87 0.24 -0.31 
1.89 -3.52 -93.70 1.03 0.23 -0.28 
-0.08 -3.42 -92.69 0.96 0.23 -0.17 
-11.61 -3.07 -85.35 1.54 0.42 0.13 
-2.03 20.99 -80.67 2.55 0.30 0.33 
-4.32 32.44 -67.24 1.55 0.05 0.24 
-1.76 21.34 -63.52 0.93 0.18 -0.39 
-5.77 13.29 -67.25 -0.57 -0.27 -1.68 
2.28 -6.63 -66.29 -1.00 -0.01 -0.95 
-3.22 -0.20 -68.68 -0.84 -0.15 -0.34 
0.58 1.94 -68.38 -0.84 -0.12 -0.48 
-0.43 0.29 -67.79 -0.95 -0.07 -0.40 
-1.64 1.68 -67.95 -0.93 -0.22 -0.37 
0.94 0.05 -66.82 -0.88 -0.05 -0.41 
1.17 -0.22 -66.70 -0.92 0.00 -0.45 
-0.54 -20.52 -67.49 -1.05 -0.24 -0.91 
5.41 -23.66 -65.57 -0.27 0.03 -0.94 
-2.33 -37.91 -72.52 2.28 0.53 -1.75 
12.01 -27.02 -89.06 3.50 0.95 -1.07 
1.49 32.97 -67.30 1.26 0.36 -0.36 
1.29 0.51 -65.94 0.92 0.23 -0.40 
-3.24 0.69 -65.10 1.05 0.13 -0.25 
-0.26 -0.78 -65.55 0.99 0.13 -0.35 
-0.14 -2.46 -65.25 0.95 0.15 -0.26 
-12.04 -0.72 -60.08 2.25 0.17 0.33 
1.63 21.00 -34.68 2.96 0.12 -0.52 
-6.00 -22.93 -14.19 -0.89 0.23 -1.20 
13.73 -49.45 -21.29 0.97 0.41 -1.14 
2.31 -51.54 -38.49 2.97 0.55 -0.18 
-2.16 7.65 -37.91 1.07 0.17 -0.15 
-0.01 2.41 -35.48 0.89 0.24 -0.42 
-1.31 -6.52 -34.82 1.08 0.13 -0.12 
-2.20 -2.88 -31.86 1.26 0.14 0.00 
10.58 44.61 -2.66 2.17 -0.27 0.10 
13.52 47.22 15.46 0.19 0.19 -0.97 
10.76 -13.07 14.42 -1.27 -0.04 -0.37 
-15.67 11.03 15.92 -0.89 -0.08 -0.24 
2.26 3.40 18.03 -0.96 0.08 -0.18 
-3.81 -0.07 21.54 -1.05 0.10 -0.38 
-5.79 -40.86 5.75 -0.83 0.04 -0.71 
1.94 -49.95 -25.41 0.99 0.21 -0.77 
-12.69 -51.23 -39.03 3.23 0.70 0.18 
0.87 14.86 -40.11 0.72 0.20 -0.52 
-0.71 -14.28 -40.07 0.87 0.13 -0.29 
0.31 -2.17 -39.88 1.19 0.13 -0.11 
-9.42 44.59 -6.06 3.47 -0.23 0.38 
11.04 45.96 21.18 1.00 0.18 -0.87 
13.54 -11.93 27.02 -1.24 0.01 -1.88 
-5.34 12.66 23.80 -0.89 -0.05 -0.13 
1.16 0.21 24.22 -0.93 0.04 -0.41 
-5.26 -46.98 15.80 -0.65 0.18 -1.52 
18.71 -50.69 -16.15 3.29 0.54 -2.01 
-0.36 8.46 5.50 1.97 0.18 0.15 
11.28 10.36 -0.83 0.94 0.26 -0.68 
-1.76 -2.94 0.83 0.86 0.26 -0.40 
1.47 0.61 1.61 1.06 0.22 -0.31 
-19.61 24.79 8.84 1.76 0.40 0.31 
12.54 44.11 20.12 1.85 0.14 -0.18 
10.96 48.36 14.38 -0.14 0.10 -1.47 
-0.67 -15.86 18.32 -1.09 -0.08 -0.20 
1.29 2.72 17.86 -0.96 -0.04 -0.50 
-0.66 0.94 16.39 -0.92 -0.07 -0.36 
-2.59 2.18 17.68 -0.95 -0.03 -0.35 
0.41 1.45 18.47 -0.90 -0.03 -0.46 
-1.61 -45.63 9.08 -0.67 0.20 -1.38 
53.36 -63.14 -10.87 3.29 0.80 -1.06 
-2.61 32.93 8.79 1.44 0.32 -0.20 
-0.18 3.01 8.33 0.95 0.22 -0.28 
-2.77 -4.57 10.31 1.00 0.21 -0.15 
2.25 -2.77 9.40 0.99 0.16 -0.09 
-7.56 -11.67 10.97 1.54 0.33 0.27 
18.20 44.85 44.00 2.24 0.07 -0.80 
2.77 48.80 52.09 -0.39 0.17 -1.32 
3.81 -7.59 53.79 -1.19 -0.18 -0.31 
-5.76 -1.07 52.21 -0.90 -0.08 -0.39 
0.44 1.70 52.34 -0.96 -0.03 -0.19 
1.08 2.41 52.24 -0.94 -0.10 -0.23 
3.19 1.20 53.32 -0.97 -0.10 -0.18 
-0.69 4.16 54.71 -0.98 -0.11 -0.29 
2.89 -47.57 46.99 -0.25 0.01 -1.01 
25.88 -50.81 11.10 2.84 0.41 -1.14 
-5.25 7.02 22.85 1.47 0.37 -0.06 
1.55 10.84 20.01 0.94 0.18 -0.48 
-1.66 -5.59 22.34 0.87 0.23 -0.35 
1.65 -3.62 24.14 1.13 0.21 -0.20 
1.69 -1.29 21.97 0.93 0.21 -0.33 
-11.23 39.28 36.21 2.32 0.26 0.31 
1.10 45.09 40.70 1.14 0.04 -0.41 
-7.73 49.11 51.88 -0.53 0.08 -0.72 
1.92 -3.99 53.73 -0.99 0.18 -0.62 
-5.63 3.57 48.17 -0.89 -0.08 -0.27 
3.36 -1.19 48.13 -1.02 0.00 -0.29 
3.67 -0.66 49.08 -1.02 -0.08 -0.29 
-1.86 3.42 48.78 -0.95 0.00 -0.26 
8.87 0.54 50.32 -0.96 -0.05 -0.37 
-2.81 -47.10 38.68 -0.45 0.09 -0.92 
38.05 -50.82 41.46 3.58 0.78 -1.30 
0.19 14.52 59.17 1.56 0.40 0.18 
5.84 15.01 53.95 0.91 0.31 -0.69 
-5.63 -9.79 55.63 0.96 0.34 -0.27 
2.04 -3.86 55.73 0.97 0.31 -0.19 
-14.23 4.03 65.57 1.62 0.67 0.22 
-17.76 45.25 104.97 2.23 0.02 -0.71 
-8.56 48.44 118.07 -0.28 -0.05 -1.18 
1.43 -10.64 123.83 -0.99 -0.04 -0.60 
-6.31 3.15 119.74 -0.89 -0.06 -0.49 
-0.17 0.77 122.48 -0.91 0.10 -0.40 
5.67 -2.27 126.79 -1.17 -0.10 -0.52 
-11.22 -38.28 137.35 -0.76 -0.22 -0.83 
18.84 -49.73 124.43 2.17 -0.05 -2.61 
0.18 45.36 151.31 1.73 0.53 -0.67 
0.37 8.34 154.09 0.89 0.20 -0.58 
0.22 -3.05 158.20 0.92 0.32 -0.52 
-2.69 -4.44 158.28 0.95 0.29 -0.48 
-7.18 3.40 164.16 1.23 0.27 -0.21 
-7.10 44.61 188.76 2.49 0.30 -0.15 
-4.30 46.24 201.12 0.60 0.31 -0.60 
-4.81 -8.04 197.35 -1.00 0.02 -1.19 
-4.33 4.38 194.38 -0.88 0.09 -0.09 
1.38 1.99 194.79 -0.93 0.03 -0.21 
-3.18 3.59 194.00 -0.80 -0.01 -0.20 
6.39 -7.70 191.94 -1.06 0.06 -0.45 
10.23 -49.37 180.18 1.72 0.53 -2.85 
-29.06 -19.12 188.57 3.28 0.26 0.22 
1.11 5.36 183.51 0.85 0.22 -0.36 
-1.00 -1.71 187.00 0.83 0.25 -0.53 
-1.03 -2.77 189.90 1.05 0.35 -0.32 
1.16 -1.11 189.46 0.92 0.21 -0.35 
-5.96 -0.33 193.56 1.39 0.31 0.00 
-10.67 44.65 231.17 2.49 -0.05 -0.11 
2.73 46.73 256.43 0.33 0.26 -0.74 
3.28 2.52 255.79 -1.12 0.19 -0.94 
-6.48 2.80 250.75 -0.88 0.00 -0.28 
2.10 1.73 251.49 -0.96 0.07 -0.24 
1.04 4.00 251.94 -0.90 0.01 -0.32 
-2.17 -0.95 251.70 -0.91 0.03 -0.26 
-1.85 3.00 251.40 -0.94 0.00 -0.25 
3.11 -47.19 236.45 -0.59 0.11 -1.35 
60.12 -62.76 187.76 3.06 0.79 -1.21 
-2.07 -1.60 197.51 0.93 0.50 -0.25 
3.32 6.73 195.14 1.00 0.21 -0.65 
3.48 0.09 195.62 0.86 0.27 -0.49 
-0.15 -1.75 196.91 0.88 0.28 -0.46 
-2.17 -2.11 197.78 1.03 0.25 -0.40 
-8.18 44.56 209.52 2.30 0.26 0.01 
-1.21 45.39 213.98 0.73 0.27 -0.25 
-1.20 30.14 215.59 -0.84 0.21 -1.33 
5.99 -9.59 214.80 -0.82 0.05 -0.23 
-5.37 2.99 212.92 -0.98 0.02 -0.47 
-2.79 1.96 214.35 -0.84 -0.15 -0.32 
-1.31 0.48 215.67 -0.98 -0.03 -0.28 
1.08 0.89 217.12 -0.87 -0.11 -0.17 
1.09 5.39 218.35 -0.92 -0.05 -0.29 
0.14 -46.65 205.52 -1.03 0.32 -1.32 
8.26 -50.52 155.77 3.99 0.58 -2.29 
-6.15 21.83 170.82 0.94 0.50 -0.63 
5.40 10.70 168.71 0.76 0.31 -0.87 
1.11 2.44 170.25 0.79 0.27 -0.57 
1.22 -1.06 171.79 1.07 0.29 -0.59 
-14.83 6.91 182.11 1.90 0.20 -0.05 
31.91 45.64 200.41 1.70 -0.15 -1.11 
-11.23 11.22 192.85 -0.93 -0.08 -0.25 
-1.75 -3.84 194.52 -1.01 -0.05 -0.28 
-1.17 2.95 195.68 -0.97 -0.05 -0.13 
2.75 -4.82 196.31 -0.99 0.06 -0.27 
20.97 -49.54 169.62 0.69 0.00 -0.98 
26.61 -51.15 127.60 3.63 0.17 -0.95 
-3.32 10.64 123.12 1.09 0.17 -0.29 
-2.32 3.66 124.06 0.76 0.19 -0.72 
-3.86 -6.25 124.90 0.94 0.26 -0.43 
-3.26 -1.19 128.05 0.92 0.18 -0.47 
-7.34 -1.86 134.73 1.64 0.30 -0.23 
-10.07 44.68 166.35 2.21 0.14 -0.34 
-9.46 46.67 179.31 0.31 0.25 -0.62 
12.99 -10.09 182.07 -0.99 0.04 -0.79 
6.07 8.83 181.19 -0.90 -0.26 -0.02 
-1.66 -0.07 182.82 -0.91 -0.06 -0.24 
-2.27 3.75 183.01 -0.97 -0.16 -0.12 
4.32 -1.53 186.13 -0.91 -0.08 -0.23 
12.10 -48.79 189.13 0.68 0.42 -1.61 
-26.30 -51.20 179.26 3.12 0.71 0.23 
2.24 2.15 178.79 0.93 0.09 -0.47 
0.92 -0.17 181.28 0.88 0.28 -0.51 
-1.20 0.12 181.37 1.01 0.16 -0.41 
-3.40 24.97 190.71 2.45 0.12 0.22 
25.29 44.80 210.20 1.80 -0.09 -0.39 
-5.11 48.65 200.85 -0.49 0.26 -1.03 
-5.43 -13.10 193.93 -0.94 -0.27 0.37 
-2.28 5.80 196.40 -0.93 -0.07 0.02 
-3.80 0.70 195.67 -0.90 -0.10 0.08 
-0.86 5.33 195.84 -0.94 -0.10 0.04 
-11.16 -43.41 184.41 -1.09 0.20 -1.12 
3.10 -50.58 134.91 2.03 0.05 -0.86 
-23.86 -13.24 136.36 2.42 0.23 0.16 
1.55 13.03 136.90 0.92 0.01 -0.42 
0.49 -4.35 141.17 0.83 0.14 -0.40 
-5.59 -7.23 141.15 1.15 0.08 -0.29 
0.42 44.84 164.71 2.54 -0.25 0.21 
7.09 45.01 193.59 1.24 0.12 -0.53 
0.74 48.25 191.18 -0.35 0.78 -2.12 
6.70 -1.23 194.91 -0.95 -0.08 0.03 
1.72 -1.07 194.11 -1.00 0.01 -0.45 
-5.98 -10.10 194.25 -0.92 0.27 -1.15 
-7.06 -50.17 175.55 1.12 0.26 -1.11 
-3.72 -51.26 157.22 2.88 0.26 -0.55 
0.27 7.22 161.24 1.02 0.33 -0.17 
-3.58 -12.43 160.21 1.00 0.42 -0.14 
-6.98 44.86 182.14 2.16 0.04 -0.30 
5.19 45.29 203.28 0.67 0.08 -0.39 
-1.57 48.69 209.41 -0.47 0.91 -1.68 
9.59 0.69 213.74 -0.80 -0.17 -0.07 
5.28 3.14 218.85 -1.10 0.14 -0.48 
-19.42 -47.75 197.74 -0.07 0.11 -1.03 
7.77 -51.13 173.87 1.76 0.03 -0.69 
2.45 -33.90 179.60 2.20 0.70 -0.34 
0.00 15.16 180.24 0.83 0.16 -0.61 
-11.73 16.26 195.74 2.42 0.07 -0.17 
16.61 45.07 221.53 1.85 0.03 -0.64 
9.01 46.92 244.55 0.30 0.43 -0.81 
1.28 -29.36 230.25 -0.65 -0.12 -0.84 
2.03 0.33 231.46 -0.88 -0.09 -0.35 
-16.86 -30.17 229.09 -0.84 0.00 -1.31 
-11.69 -62.18 194.94 1.98 0.05 -1.66 
-0.39 1.32 213.74 1.99 0.58 -0.08 
-1.21 4.06 215.39 1.01 0.12 -0.47 
-5.37 56.68 254.58 2.30 -0.02 -0.41 
-0.18 46.58 282.83 0.34 0.22 -0.63 
5.20 -24.63 277.21 -0.86 -0.21 -1.18 
-6.72 -36.89 270.50 -0.56 -0.07 -0.82 
14.86 -49.11 254.81 0.68 0.43 -1.08 
5.30 -51.17 232.06 2.89 1.03 -0.27 
-1.94 -1.32 230.75 1.02 0.23 -0.27 
-2.48 2.22 235.42 1.53 0.40 -0.21 
-9.51 44.81 278.74 2.29 0.06 -0.26 
4.48 46.27 304.16 0.50 0.22 -0.53 
3.47 -0.43 299.21 -1.19 0.22 -1.70 
-14.25 1.01 297.23 -0.83 0.02 -0.31 
-6.68 -47.76 274.16 -0.15 0.36 -0.83 
20.61 -50.72 224.66 3.21 0.09 -1.12 
0.54 3.46 248.17 1.79 0.58 0.05 
-9.09 33.12 259.84 2.05 0.24 -0.32 
16.86 45.22 301.17 1.75 -0.07 -0.73 
8.68 60.43 304.79 -0.41 0.49 -1.02 
-1.26 -12.38 311.02 -0.85 0.10 -0.35 
-16.74 -48.33 287.77 0.07 0.00 -0.85 
1.46 -50.79 248.99 2.29 0.20 -0.70 
13.98 0.82 259.10 1.94 0.34 -0.14 
-2.19 10.22 258.99 1.81 0.30 -0.22 
4.89 45.15 287.21 2.24 0.31 -0.81 
7.37 46.82 304.53 0.23 0.26 -0.55 
-2.16 -0.02 305.44 -1.50 0.35 -1.44 
5.39 -7.15 301.70 -0.73 0.37 -0.80 
-15.16 -50.77 272.94 0.70 -0.07 -0.30 
18.08 -50.93 240.94 2.15 0.43 -0.67 
-1.34 11.10 260.12 1.74 0.32 -0.01 
-6.86 44.60 290.29 2.60 0.17 -0.30 
27.38 45.13 313.88 0.95 0.21 -0.29 
12.70 49.28 320.71 -0.83 0.27 -1.17 
-2.75 3.77 317.27 -0.83 -0.53 0.00 
-17.25 -47.47 291.01 -0.44 0.53 -0.89 
20.37 -50.71 241.26 1.35 0.16 -0.63 
8.28 -48.64 241.41 2.03 0.86 -0.15 
-1.09 15.98 242.31 1.04 0.15 -0.39 
-3.94 34.41 260.97 2.18 0.11 -0.08 
5.32 45.00 293.22 1.56 -0.06 -0.48 
18.41 47.87 312.19 -0.07 0.29 -0.73 
-30.22 -13.00 300.05 -0.41 -0.42 -0.02 
-4.08 -5.13 293.94 -0.82 0.28 -0.67 
-3.63 -49.88 272.12 0.65 0.15 -0.67 
13.83 -51.15 236.15 2.21 0.19 -0.55 
1.40 8.21 242.07 1.27 0.25 -0.14 
-0.54 2.47 242.76 0.89 0.20 -0.51 
-1.91 44.59 251.35 2.88 0.01 0.06 
-6.52 45.52 261.85 0.89 0.19 -0.48 
11.05 20.88 264.00 -0.87 0.57 -2.18 
0.09 10.36 269.66 -0.85 0.04 0.04 
-1.42 -3.22 268.86 -1.01 0.09 -0.31 
-7.19 -38.23 266.99 -1.15 0.12 -1.22 
-16.28 -50.67 233.53 1.96 0.03 -1.26 
-11.75 -51.34 232.87 2.69 0.45 -0.16 
3.39 14.20 234.88 0.88 0.21 -0.58 
-0.58 -6.31 234.80 0.92 0.23 -0.51 
-5.43 17.56 245.36 2.15 0.06 0.11 
1.28 45.06 277.03 2.16 -0.03 -0.74 
7.76 47.15 296.29 0.38 0.33 -1.09 
-0.59 -24.14 290.61 -0.74 0.23 -0.76 
0.62 -1.48 288.41 -0.96 0.20 -0.53 
-3.70 -4.88 285.07 -0.83 0.22 -0.66 
-13.51 -48.63 259.39 0.19 0.11 -0.90 
0.90 -51.07 209.64 3.41 -0.20 -1.00 
-9.26 6.60 220.79 1.26 0.30 0.05 
4.66 4.15 219.12 0.83 0.12 -0.62 
-6.85 25.96 228.34 2.24 -0.14 0.20 
20.13 44.91 244.56 1.53 -0.03 -0.41 
8.80 48.61 245.35 -0.58 0.77 -1.64 
2.48 -1.06 242.86 -1.01 -0.18 0.01 
0.95 2.71 242.28 -0.97 0.14 -0.38 
-23.58 -47.28 222.52 -0.43 0.28 -1.06 
7.48 -50.72 175.21 2.70 0.11 -1.28 
-1.15 -1.67 194.59 1.83 0.23 -0.10 
3.83 12.54 196.06 0.88 0.13 -0.59 
-0.11 -4.25 199.00 1.06 0.24 -0.29 
2.62 44.34 221.79 2.42 -0.03 -0.01 
23.85 45.41 240.20 0.96 0.11 -0.49 
8.88 24.79 248.50 -0.74 0.41 -1.47 
-1.61 -11.02 251.04 -0.93 0.09 -0.18 
3.63 0.25 247.99 -0.95 0.33 -0.22 
-16.41 -47.49 238.75 -0.36 0.01 -1.24 
22.66 -50.47 194.70 2.99 0.37 -1.82 
-1.68 10.14 207.75 1.32 0.37 -0.59 
-0.73 3.45 211.31 0.81 0.23 -0.66 
-4.82 -4.67 213.31 1.02 0.13 -0.48 
-1.17 -7.90 211.85 0.95 0.12 -0.43 
5.07 56.42 239.15 3.16 0.17 -0.51 
-4.24 46.64 248.92 0.40 0.24 -0.61 
2.17 -6.36 251.56 -1.16 0.18 -1.17 
-1.41 7.39 251.52 -0.96 0.10 -0.16 
-0.82 -10.78 247.36 -0.94 0.28 -0.84 
-3.28 -50.58 229.01 1.65 -0.07 -0.91 
-6.75 -51.35 198.18 3.65 0.26 -0.99 
0.88 6.87 198.83 0.93 0.05 -0.43 
-1.18 -2.38 202.43 1.32 0.38 -0.37 
33.38 82.93 229.02 0.47 0.34 -0.43 
1.89 1.80 230.03 0.37 0.32 -0.48 
10.44 1.78 224.85 -1.21 0.11 -1.39 
0.14 -2.56 226.14 -0.93 -0.22 0.03 
-8.57 -3.91 225.12 -1.02 0.00 -0.77 
-7.79 -22.67 218.97 -0.44 0.15 -0.78 
-2.74 -38.47 192.37 1.06 0.23 -0.59 
10.44 -26.86 169.22 2.71 0.24 -0.97 
-12.91 -18.10 172.57 2.29 0.44 0.15 
-2.23 4.71 174.01 0.95 0.02 -0.38 
3.64 4.40 176.19 0.79 0.20 -0.76 
-1.21 1.17 180.37 1.51 0.43 -0.09 
-7.40 32.21 213.94 2.66 0.06 -0.13 
6.59 21.05 235.96 1.73 -0.29 -0.46 
-8.17 -84.26 204.40 2.12 0.27 -1.50 
-22.69 -39.84 215.93 2.48 0.40 0.10 
4.33 7.64 210.56 0.95 0.20 -0.58 
-9.43 44.37 223.95 2.66 -0.07 0.03 
3.81 45.15 240.99 0.89 0.07 -0.45 
-4.80 23.69 240.58 -0.86 0.14 -0.94 
-0.61 6.48 241.91 -0.98 0.08 0.17 
2.47 2.35 242.59 -0.93 0.06 -0.14 
-10.41 -46.61 226.88 -0.60 0.19 -0.74 
4.36 -51.05 190.24 1.70 0.11 -0.73 
-10.18 -30.42 190.64 2.19 0.30 -0.01 
0.98 18.83 193.61 0.81 0.10 -0.61 
-11.91 15.98 206.73 1.90 0.23 -0.15 
6.30 44.91 254.98 1.88 -0.10 -0.72 
14.55 60.57 264.97 -0.42 0.71 -1.16 
2.28 -12.84 262.59 -0.91 -0.01 -0.12 
-11.18 -7.88 259.18 -1.05 -0.06 -0.65 
-20.50 -48.46 240.84 0.28 0.39 -1.08 
-14.16 -51.42 208.70 3.13 0.04 -0.44 
-0.90 -0.19 204.45 1.23 -0.02 -0.37 
-8.96 37.78 223.77 2.32 0.13 0.09 
8.31 45.32 250.46 1.38 -0.09 -0.65 
4.09 43.78 249.81 -1.01 0.28 -1.18 
2.64 -4.41 250.36 -0.81 0.07 0.07 
-4.13 -23.03 244.31 -0.95 0.06 -0.85 
-5.16 -49.92 208.85 0.90 0.21 -0.89 
-2.70 -51.61 178.43 3.39 0.55 -0.03 
7.08 11.63 177.88 0.97 0.03 -0.27 
-10.61 44.68 202.94 2.84 0.12 -0.11 
0.18 46.04 225.87 0.71 0.27 -0.61 
6.30 13.55 223.93 -1.28 0.29 -1.59 
-2.92 -4.69 223.46 -1.02 0.14 -0.23 
-14.18 -48.52 200.08 0.09 0.00 -0.59 
19.38 -50.61 160.03 2.55 0.35 -0.98 
-1.46 5.73 170.06 1.60 0.37 -0.08 
1.16 3.60 168.30 0.75 0.17 -0.63 
-10.87 9.45 179.97 1.86 0.22 0.04 
3.91 44.60 195.14 1.82 0.07 -0.22 
11.96 48.73 206.49 -0.19 0.12 -0.72 
-0.18 -12.39 204.57 -0.99 0.12 -0.43 
0.19 5.02 203.22 -0.93 0.09 -0.21 
-0.45 1.39 203.25 -1.00 0.14 -0.14 
-0.37 -0.44 202.80 -0.94 0.17 -0.32 
-11.46 -48.67 188.99 0.38 0.04 -1.09 
30.75 -51.23 152.45 3.05 0.61 -0.83 
0.11 8.99 158.12 1.01 0.21 -0.28 
0.70 1.80 160.29 0.82 0.23 -0.57 
-14.57 13.73 167.77 2.12 0.35 0.10 
-4.90 44.92 183.95 1.89 0.01 -0.52 
-1.98 47.90 200.88 -0.08 0.22 -0.75 
-0.52 -26.29 192.69 -0.80 0.05 -0.42 
-2.24 -19.57 43.60 -1.13 -0.13 -0.70 
-3.06 1.54 44.13 -0.97 -0.04 -0.30 
-1.20 -35.49 44.60 -0.43 0.10 -1.10 
-4.22 -26.47 38.48 1.04 0.27 -0.53 
25.04 -38.76 15.50 2.56 0.63 -0.92 
-11.32 -22.21 14.39 3.00 0.39 0.49 
-4.27 0.04 13.60 1.10 0.00 -0.06 
-0.43 1.02 14.72 1.61 0.15 0.20 
-4.60 32.74 41.30 2.79 0.07 -0.20 
20.21 49.21 56.81 -0.52 0.35 -1.34 
-7.84 -12.63 57.42 -0.86 0.05 -0.38 
-3.96 -3.55 55.72 -1.00 0.15 -0.93 
2.71 -24.36 46.64 0.02 0.07 -1.02 
7.38 -38.42 15.99 2.48 0.49 -1.11 
9.67 -27.11 1.51 2.88 0.49 -0.52 
-107.57 292.92 -1.92 -0.99 0.07 -0.58 
19.81 -62.75 -52.02 2.02 0.20 -0.94 
-20.82 -17.38 -43.52 2.21 0.05 0.35 
8.66 11.52 -40.90 1.10 0.18 -0.44 
-22.44 41.73 -4.80 2.93 -0.29 0.46 
4.64 46.10 23.16 0.95 0.15 -0.76 
-4.13 28.59 25.30 -1.33 0.20 -1.40 
3.78 -12.65 15.93 -1.04 0.24 0.09 
0.81 6.34 16.62 -0.97 0.00 -0.20 
-9.01 -31.40 8.04 -0.88 0.08 -0.85 
1.50 -50.33 -24.07 1.46 0.13 -0.81 
-13.35 -40.18 -28.62 2.58 0.42 -0.10 
-0.96 15.22 -22.48 1.08 0.16 -0.29 
-1.18 0.42 -20.33 0.83 0.17 -0.46 
-2.51 -4.44 -19.45 0.97 0.15 -0.33 
-2.25 -2.06 -19.53 1.72 0.08 0.09 
-4.21 44.57 8.18 2.50 0.18 -0.53 
-6.99 46.87 32.92 0.38 0.22 -0.76 
5.27 -10.21 35.34 -1.26 0.00 -0.75 
3.39 9.39 35.78 -0.94 0.02 -0.22 
-11.58 -46.85 27.83 -0.54 -0.05 -0.85 
0.79 -50.76 0.90 1.64 0.22 -0.94 
-14.17 -37.57 -0.29 2.58 0.35 0.05 
1.70 14.59 3.20 1.04 0.11 -0.38 
4.38 44.79 18.16 2.55 0.06 -0.27 
-30.15 -16.66 3.76 -0.94 0.00 0.03 
3.03 5.90 3.98 -0.94 0.15 0.01 
-15.10 -27.65 0.17 -1.03 0.08 -0.92 
-7.31 -51.14 -35.27 1.28 -0.11 -0.47 
-8.10 -51.00 -53.20 2.83 0.39 -0.49 
5.56 14.53 -50.62 0.86 0.23 -0.51 
-11.40 14.51 -42.86 1.85 0.33 -0.07 
-2.71 44.73 -18.05 2.21 0.03 -0.41 
3.21 47.62 -3.47 0.02 0.25 -1.14 
-0.28 -27.66 -15.61 -1.01 0.00 -0.16 
-2.23 4.38 -14.52 -0.97 0.02 -0.33 
-15.32 -17.93 -23.04 -0.75 0.12 -0.78 
15.09 -50.22 -49.07 0.62 0.10 -0.47 
8.69 -50.40 -75.96 2.96 0.17 -0.32 
0.05 12.82 -75.40 1.05 0.06 -0.12 
1.26 2.75 -72.04 0.89 0.15 -0.27 
-3.93 16.74 -65.33 2.13 0.01 0.32 
0.49 44.60 -54.58 1.44 0.18 0.01 
8.80 48.80 -56.01 -0.60 -0.01 -1.11 
0.92 -15.45 -58.33 -1.13 -0.08 -0.30 
-0.93 4.15 -55.54 -0.99 -0.08 -0.12 
0.04 2.89 -56.36 -0.97 -0.03 -0.22 
-1.21 -19.01 -55.26 -0.97 0.05 -0.36 
-24.37 -47.71 -75.44 -0.06 -0.07 -0.30 
18.01 -50.88 -99.19 1.77 0.08 -0.48 
0.04 3.75 -92.38 0.85 0.20 -0.37 
-2.80 -5.36 -91.24 0.94 0.18 -0.24 
-12.85 3.74 -84.80 2.06 0.09 0.40 
0.42 44.50 -59.97 1.88 -0.12 -0.34 
0.64 49.35 -39.28 -0.22 0.26 -0.28 
-5.18 -4.75 -44.19 -1.05 0.21 -0.74 
-7.53 -0.93 -51.82 -0.90 0.02 -0.19 
1.52 1.09 -52.10 -0.91 0.00 -0.06 
-1.92 1.05 -53.29 -0.89 -0.03 -0.07 
-2.91 -48.05 -75.83 0.04 0.24 -0.62 
22.78 -50.95 -125.58 3.02 0.40 -1.01 
-3.96 17.95 -103.57 1.27 0.37 -0.09 
6.37 10.70 -102.77 0.95 0.26 -0.57 
0.66 -3.19 -101.55 0.95 0.29 -0.29 
-13.06 -4.37 -95.81 1.52 0.29 0.23 
0.80 44.36 -73.82 2.27 0.04 -0.04 
-4.19 46.72 -51.93 0.30 0.30 -0.63 
2.48 -0.19 -57.78 -1.50 0.05 -1.07 
-2.09 6.69 -59.34 -0.86 -0.25 0.08 
-1.67 1.01 -58.94 -0.95 -0.11 -0.09 
-9.11 -4.97 -59.14 -0.92 0.00 -0.47 
7.89 -50.08 -84.37 0.43 0.10 -0.37 
17.89 -50.81 -131.28 3.19 0.47 -0.88 
-9.41 19.08 -118.76 1.21 0.10 -0.16 
3.66 5.08 -117.33 0.89 0.19 -0.45 
0.16 -4.92 -115.91 1.00 0.21 -0.20 
-1.19 -4.04 -117.09 1.01 0.13 -0.13 
-10.91 0.92 -110.36 2.16 0.08 0.39 
-1.64 44.98 -78.68 1.89 0.01 -0.57 
-11.87 48.07 -55.52 -0.08 0.43 -1.07 
1.14 -17.93 -62.74 -0.97 -0.10 -0.37 
1.04 4.37 -59.72 -1.00 -0.18 -0.17 
-2.56 2.76 -59.84 -0.96 -0.05 -0.25 
-0.60 1.41 -60.21 -1.00 -0.07 -0.23 
-17.31 -46.97 -83.19 -0.59 0.27 -1.02 
2.16 -50.64 -132.93 2.35 0.35 -1.17 
-15.84 -15.45 -124.18 2.10 0.03 0.10 
4.25 18.91 -115.96 1.04 0.16 -0.55 
-0.37 -4.20 -115.15 0.83 0.22 -0.29 
-0.87 -2.53 -114.89 1.09 0.03 -0.15 
0.36 -1.88 -115.70 1.01 0.05 -0.20 
-4.97 20.78 -103.91 2.36 -0.27 0.39 
9.12 45.64 -76.37 1.48 0.06 -0.77 
-9.74 37.25 -72.87 -0.83 0.34 -1.03 
-2.70 -2.81 -77.71 -0.79 -0.09 0.26 
-4.31 6.29 -76.62 -0.99 -0.02 -0.15 
-0.50 -4.24 -76.50 -1.00 -0.05 0.01 
-1.28 0.28 -79.05 -0.91 0.01 0.16 
-4.32 -46.95 -96.03 -0.38 0.08 -0.67 
35.23 -63.17 -158.21 3.27 0.55 -0.69 
-14.23 1.16 -151.85 1.06 0.20 0.17 
4.81 17.51 -147.79 1.01 0.33 -0.31 
2.49 -8.32 -150.76 0.99 0.30 -0.04 
-13.41 -5.26 -141.48 1.96 0.32 0.64 
-1.39 44.72 -115.10 2.18 0.23 -0.33 
-1.84 48.96 -120.81 -0.49 0.20 -0.97 
-0.90 -12.05 -117.73 -1.01 -0.32 0.10 
-3.96 2.60 -115.77 -0.92 -0.14 -0.08 
-1.08 -0.90 -118.75 -0.90 -0.05 0.06 
-0.61 -46.70 -129.35 -0.71 0.06 -0.79 
-2.83 -50.79 -157.88 2.23 0.00 -0.99 
-15.23 -4.42 -146.22 1.94 0.46 0.15 
0.83 9.60 -147.31 0.86 0.25 -0.39 
-0.50 -9.10 -146.68 0.99 0.25 -0.14 
-12.60 44.67 -106.59 2.49 0.41 0.00 
1.38 46.23 -86.16 0.48 0.26 -0.47 
-10.52 11.48 -85.92 -1.27 0.17 -1.07 
3.17 6.18 -84.51 -0.89 -0.22 0.16 
-10.43 -8.84 -90.67 -0.96 -0.20 -0.10 
-11.84 -47.17 -128.83 -0.38 0.30 -0.79 
28.22 -50.63 -178.58 2.84 0.87 -1.22 
-2.55 15.20 -150.53 1.54 0.34 -0.03 
6.28 11.65 -149.89 1.02 0.25 -0.42 
-8.31 44.55 -100.04 2.84 0.31 0.02 
8.84 47.62 -78.09 0.07 0.19 -0.53 
-9.68 -5.06 -81.86 -1.10 0.13 -0.79 
-7.28 8.31 -76.83 -0.82 -0.40 0.33 
9.69 -48.18 -100.31 0.01 0.29 -0.72 
27.06 -50.94 -137.67 2.92 0.64 -0.85 
-2.64 35.82 -118.33 1.50 0.35 -0.13 
-14.46 0.82 -110.65 1.34 0.52 0.15 
-4.50 44.39 -81.11 1.70 0.04 0.04 
-10.85 48.25 -60.24 -0.04 0.10 -0.26 
-8.60 2.56 -59.29 -1.20 0.08 -0.57 
-3.14 -3.08 -60.12 -0.95 -0.02 -0.05 
3.06 -35.50 -76.35 -0.65 -0.01 -0.37 
20.97 -50.96 -123.79 1.93 0.19 -0.90 
-7.77 -16.54 -123.72 2.33 0.32 0.11 
0.98 20.31 -123.16 1.01 0.15 -0.32 
3.03 -5.96 -123.05 0.77 0.32 -0.27 
-9.92 -2.45 -113.68 1.81 0.44 0.19 
2.15 45.10 -81.14 1.64 -0.09 -0.59 
-1.86 49.08 -68.77 -0.48 0.14 -0.83 
-0.71 -8.59 -70.32 -1.00 0.18 -0.53 
-4.33 5.07 -74.67 -0.93 -0.10 -0.20 
-0.31 -4.69 -78.80 -0.96 0.04 -0.29 
9.45 -46.24 -104.55 -0.52 0.14 -0.45 
-1.17 38.63 -87.72 1.25 0.32 -0.13 
-0.09 -0.07 -90.02 0.82 0.27 -0.43 
-10.61 44.52 -47.82 2.94 -0.08 0.26 
-2.77 45.85 -9.67 1.00 0.41 -0.69 
-0.16 -1.75 -9.76 -0.94 0.34 -1.20 
-5.09 -6.42 -17.45 -0.90 0.09 -0.08 
-12.56 -12.20 -23.48 -1.06 -0.02 -0.50 
16.91 -50.01 -56.51 1.66 0.58 -1.46 
7.33 -42.62 -69.73 2.85 0.38 -0.37 
-2.67 -0.09 -72.79 0.96 0.11 -0.49 
-1.85 -1.01 -70.63 1.09 0.21 -0.55 
-9.59 44.49 -43.68 3.14 0.00 -0.26 
-4.16 46.66 -20.41 0.43 0.34 -0.64 
2.42 1.20 -20.46 -1.27 0.27 -0.73 
-1.52 3.49 -23.50 -0.94 0.03 -0.03 
1.42 -7.39 -26.18 -1.04 0.09 -0.36 
-16.45 -49.97 -51.78 1.49 0.31 -1.13 
1.09 -14.05 -25.31 2.63 0.25 -0.32 
1.18 5.55 -26.53 0.85 0.08 -0.74 
-1.04 -6.91 -25.48 0.99 0.13 -0.61 
-4.16 44.51 7.68 3.11 0.21 -0.57 
3.01 46.55 26.09 0.64 0.24 -0.92 
1.06 -13.77 22.28 -1.05 0.00 -0.60 
-5.68 3.07 22.99 -1.03 -0.25 0.00 
-6.24 -45.89 10.84 -0.71 0.02 -0.47 
11.99 -50.60 -25.92 1.51 0.05 -1.04 
-18.92 -19.44 -17.09 2.62 0.20 -0.04 
-1.30 4.07 -17.45 0.83 0.10 -0.52 
-0.89 44.74 7.59 2.53 0.11 -0.18 
-3.09 45.19 26.85 0.44 0.15 -0.18 
-7.76 22.10 21.76 -1.01 0.06 -1.04 
1.46 -1.60 20.33 -0.95 -0.15 0.09 
-2.57 -6.41 18.03 -0.98 0.00 -0.24 
-23.62 -48.52 -2.54 0.21 0.18 -0.74 
5.74 35.78 -2.65 0.85 0.01 -0.74 
-0.86 -11.53 -2.58 1.05 0.14 -0.27 
-2.46 44.63 11.53 2.27 -0.08 -0.31 
-5.92 45.70 34.63 0.67 0.16 -0.43 
21.33 49.80 36.12 -1.25 0.16 -1.41 
2.72 -8.10 33.73 -0.94 -0.09 -0.10 
-1.24 -0.52 32.62 -0.94 -0.07 -0.26 
3.67 -6.88 32.45 -1.00 -0.03 -0.15 
9.78 -46.08 21.91 -0.79 -0.15 -0.60 
7.27 -50.21 17.25 1.71 0.21 -1.06 
-12.03 6.40 36.56 2.03 0.27 -0.29 
-3.93 4.14 36.95 0.79 0.13 -0.63 
-0.42 -10.91 38.27 1.05 0.26 -0.37 
-9.09 44.33 47.68 2.17 0.02 0.01 
5.16 44.61 70.97 1.07 -0.01 0.02 
10.76 48.98 72.58 -0.75 0.26 -1.13 
-9.01 -13.95 73.30 -0.67 -0.17 0.34 
-1.48 1.50 73.23 -0.94 0.00 -0.22 
-6.88 -10.75 68.42 -0.88 0.03 -0.39 
-7.68 -62.53 15.98 1.18 0.00 -0.71 
18.56 -51.22 -7.37 3.23 0.52 -0.53 
0.00 32.20 -1.90 0.93 0.15 -0.53 
-2.15 -3.00 2.42 0.80 0.07 -0.54 
-1.36 -3.63 3.09 1.09 0.03 -0.32 
-4.75 -1.61 2.63 1.67 0.04 0.00 
1.50 44.42 17.54 1.99 0.04 -0.31 
3.74 47.64 35.19 0.05 0.18 -0.44 
-1.22 -4.19 29.94 -1.20 0.32 -0.79 
-2.96 7.37 31.39 -0.93 0.00 0.02 
-1.24 0.54 30.28 -0.98 0.07 -0.03 
-1.36 2.13 29.69 -0.98 0.04 0.00 
-2.11 -45.75 17.23 -0.89 0.10 -0.51 
-3.23 -50.36 -4.42 1.58 0.10 -0.86 
-5.00 -35.69 -9.73 2.54 0.32 -0.11 
1.25 19.81 -11.04 0.92 0.09 -0.40 
-0.27 -5.75 -7.95 0.85 0.14 -0.37 
0.59 -4.97 -9.09 1.07 0.14 -0.17 
-5.25 -3.65 -5.63 1.28 0.21 -0.08 
-2.64 44.20 1.43 1.98 -0.05 0.10 
11.28 44.93 19.99 0.77 -0.01 -0.13 
0.01 20.01 14.29 -0.89 0.37 -0.98 
-1.43 -1.50 12.21 -0.85 0.13 0.21 
-2.92 3.99 12.88 -0.92 0.03 -0.10 
-1.55 1.90 12.62 -0.91 0.10 0.02 
0.90 -2.25 10.53 -0.98 0.02 0.03 
5.18 2.80 5.50 -0.96 0.30 -0.52 
12.34 -50.27 -19.85 0.97 0.06 -0.90 
18.08 -51.35 -43.04 2.57 0.34 -0.29 
-8.21 13.29 -38.74 1.12 0.32 -0.20 
-1.54 1.92 -37.92 0.84 0.12 -0.37 
1.56 -5.08 -38.19 1.04 0.26 -0.16 
0.03 -5.10 -37.75 1.08 0.26 -0.06 
-10.44 27.23 -24.17 2.26 0.14 0.25 
14.32 45.27 -8.73 1.07 0.02 -0.48 
2.64 40.33 -13.79 -1.10 0.10 -0.96 
-1.62 -6.25 -16.02 -0.86 0.04 0.05 
-2.61 1.08 -15.20 -0.97 0.00 -0.15 
-0.83 2.68 -15.63 -0.90 -0.03 0.03 
3.03 -2.84 -17.51 -0.97 0.10 -0.19 
16.34 -48.71 -26.18 0.16 0.16 -1.15 
10.38 -50.86 -46.84 2.70 0.50 -0.97 
-4.40 13.31 -39.09 1.20 0.22 -0.32 
1.46 3.33 -39.42 0.80 0.14 -0.67 
0.79 -3.67 -39.63 0.99 0.21 -0.36 
0.00 -1.79 -39.25 1.02 0.19 -0.37 
-0.82 -2.23 -39.29 0.94 0.19 -0.41 
-10.22 23.57 -26.61 1.88 0.16 0.06 
3.68 44.40 -6.83 1.82 -0.21 -0.17 
-4.34 48.52 12.83 -0.12 0.29 -0.67 
0.34 -14.22 4.69 -1.06 0.05 -0.37 
-1.18 3.94 5.39 -0.94 -0.01 -0.01 
0.95 -0.18 5.80 -0.96 0.00 0.05 
0.76 2.00 5.79 -0.93 0.00 -0.03 
-9.77 -47.04 -21.28 -0.30 0.27 -0.70 
29.63 -50.85 -65.62 3.23 0.46 -1.68 
-3.56 20.32 -45.03 1.47 0.38 -0.25 
3.25 8.54 -49.08 0.83 0.23 -0.72 
0.30 -4.98 -47.66 0.96 0.26 -0.37 
-5.44 -6.47 -43.46 1.47 0.31 -0.19 
-0.26 44.74 -11.02 2.84 0.33 -0.44 
-5.65 47.45 6.62 0.20 0.40 -0.94 
-2.18 -16.67 -1.46 -1.13 -0.25 -0.29 
-4.55 11.56 1.58 -0.93 -0.06 -0.07 
-0.80 0.96 2.70 -0.93 -0.06 -0.13 
-4.51 -14.14 -4.66 -0.95 0.27 -0.81 
7.81 -50.43 -40.86 1.72 0.23 -1.08 
1.80 -46.63 -43.46 2.83 0.75 0.00 
0.02 13.76 -49.82 0.94 0.17 -0.32 
-1.17 -9.58 -47.14 0.87 0.23 -0.39 
-0.46 -3.38 -48.07 1.07 0.16 -0.22 
-4.45 30.90 -36.33 2.59 0.11 0.12 
-0.53 45.59 -13.25 1.22 0.10 -0.76 
3.10 42.22 -16.47 -1.29 0.38 -1.26 
0.88 -7.13 -16.94 -0.71 -0.14 0.12 
-1.93 0.65 -16.23 -0.95 0.01 -0.18 
2.70 -11.55 -22.98 -0.95 0.11 -0.53 
-2.17 -49.45 -50.44 0.78 0.28 -0.93 
-10.87 -19.15 -35.59 2.34 0.49 -0.05 
-7.23 17.76 -29.44 0.96 0.10 -0.32 
-7.05 -3.71 -23.25 1.18 0.33 -0.02 
0.95 44.46 1.16 2.05 -0.10 0.10 
7.70 45.12 26.40 0.79 -0.14 0.25 
-1.33 49.32 48.11 -0.24 0.24 -0.23 
11.14 -7.53 46.94 -1.02 0.69 -1.22 
3.05 -13.66 40.74 -0.77 0.04 -0.42 
17.77 -47.39 16.63 -0.27 0.29 -0.73 
28.95 -50.57 -8.66 1.85 0.27 -1.00 
-0.09 -23.51 -5.82 1.87 0.50 -0.17 
-4.50 9.19 -4.81 1.10 0.25 -0.51 
1.62 0.60 -4.59 0.68 0.29 -0.61 
-0.91 -1.66 -1.98 1.00 0.29 -0.39 
0.47 -2.46 -1.80 1.02 0.30 -0.36 
-10.67 30.99 21.54 2.37 -0.08 0.21 
-0.04 -20.30 64.63 -0.79 -0.06 -0.04 
-0.04 -20.30 64.63 -0.79 -0.06 -0.04 
-1.69 4.19 64.01 -0.99 -0.03 -0.05 
-0.67 2.21 63.28 -1.06 -0.06 -0.12 
-1.56 1.22 63.43 -0.96 -0.02 -0.06 
0.09 0.61 63.29 -0.99 0.03 -0.12 
-6.62 -15.92 58.41 -1.00 0.14 -0.55 
3.88 -23.38 51.55 -0.12 0.22 -0.57 
-3.51 -39.09 21.32 2.33 0.14 -0.90 
1.30 -26.87 2.13 3.04 0.71 -0.85 
-3.88 6.23 13.05 1.27 0.34 -0.48 
1.12 -0.86 13.23 1.09 0.11 -0.31 
4.97 7.74 18.21 0.81 0.37 -0.73 
4.08 -1.31 18.95 0.84 0.30 -0.60 
4.24 -1.35 19.83 0.80 0.20 -0.45 
4.02 -2.97 18.25 1.02 0.18 -0.54 
-1.18 2.38 19.70 0.96 0.21 -0.55 
-0.63 -3.04 19.07 0.89 0.07 -0.41 
-6.93 -0.65 21.28 1.00 0.23 -0.55 
-0.41 -3.77 21.67 0.96 0.18 -0.47 
0.40 -1.52 21.22 1.04 0.26 -0.41 
0.26 -1.55 21.15 0.81 0.26 -0.53 
0.71 -4.02 20.99 0.88 0.27 -0.48 
0.31 -5.29 19.86 0.95 0.23 -0.46 
-3.57 31.71 36.46 3.29 0.00 0.26 
-6.15 21.39 61.61 3.51 0.45 -1.66 
11.14 34.89 91.81 0.48 0.48 -0.88 
2.14 24.87 96.32 -0.71 0.59 -1.56 
-3.46 -9.29 89.47 -0.87 -0.20 -0.35 
-2.14 2.01 88.73 -1.00 -0.19 0.03 
-1.18 -8.79 85.14 -0.82 0.25 -0.98 
6.37 -24.07 73.46 -0.13 0.29 -1.23 
9.94 -38.16 37.28 2.63 0.36 -1.65 
2.13 -26.94 16.62 3.94 0.59 -0.61 
-5.44 6.36 27.73 1.26 0.19 -0.05 
-0.45 6.83 28.54 1.65 0.29 0.07 
-12.64 32.71 66.27 3.41 0.08 -0.57 
13.77 21.58 85.93 1.40 0.13 -0.82 
7.99 36.49 90.73 -0.30 0.39 -1.13 
-0.12 -3.74 89.04 -1.29 0.15 -1.26 
0.40 0.81 88.81 -0.76 -0.08 0.23 
0.96 0.62 86.87 -0.85 0.37 -0.57 
2.63 -37.07 60.42 0.57 0.33 -0.93 
0.96 -26.78 35.30 2.08 0.15 -1.11 
-1.09 -31.43 24.24 3.11 0.38 0.09 
-0.73 5.58 31.45 1.35 0.21 -0.15 
-5.60 13.32 41.32 2.07 0.37 -0.11 
-1.41 20.39 57.51 2.58 0.02 -0.03 
13.23 33.31 78.80 1.31 0.13 -0.59 
2.46 23.72 85.93 0.07 0.35 -0.67 
-1.09 7.00 79.21 -1.46 0.14 -1.29 
-1.65 -4.74 79.20 -1.11 0.00 -0.39 
-3.00 -32.32 69.17 -0.75 0.27 -1.12 
-0.55 -1.98 114.98 1.54 0.32 -0.06 
3.50 35.99 179.85 0.22 0.17 -1.24 
-25.67 -122.32 98.63 2.50 -0.18 -1.74 
-5.84 -51.38 80.53 3.32 0.22 -0.47 
-0.26 4.84 80.03 1.57 0.13 -0.07 
-16.26 45.21 130.33 3.21 0.19 -1.33 
18.90 48.31 157.19 -0.18 0.47 -0.91 
-0.23 -17.14 142.55 -0.96 -0.14 -0.54 
-12.95 -49.44 113.22 0.61 0.17 -0.95 
1.31 -51.48 69.70 3.54 0.27 -0.29 
6.53 4.14 67.17 0.93 0.01 -0.22 
-6.49 44.23 113.34 3.23 -0.24 0.04 
42.27 46.61 147.23 0.63 0.56 -0.82 
3.30 -19.57 140.51 -0.91 0.29 -0.75 
-4.77 -47.88 116.90 -0.01 0.15 -1.30 
19.11 -51.16 67.15 3.09 0.38 -0.69 
-10.02 8.96 76.49 1.63 -0.12 0.03 
7.06 4.64 79.66 1.32 0.15 -0.31 
43.36 26.89 88.72 -0.78 0.30 -1.21 
-9.35 -5.52 82.35 -0.85 -0.04 -0.05 
-9.13 -47.18 65.80 -0.17 0.13 -0.52 
4.08 -63.03 12.35 3.32 0.31 -1.07 
0.30 3.09 17.69 1.15 0.00 -0.12 
-15.43 17.18 31.57 2.09 0.02 0.00 
13.35 44.58 74.40 1.91 -0.20 -0.39 
4.28 13.89 77.97 -0.90 0.27 -1.04 
-6.68 -11.58 75.20 -0.98 0.34 -0.39 
-12.40 -49.55 47.19 0.65 0.39 -0.84 
4.96 -51.04 -0.01 3.74 0.28 -0.71 
2.27 9.87 -1.09 1.01 -0.03 -0.18 
6.03 45.10 49.46 3.29 0.12 -0.80 
5.22 47.36 81.71 0.12 0.27 -0.95 
-0.13 -12.79 76.36 -1.08 0.10 -0.55 
4.84 -46.99 54.94 -0.61 0.40 -0.79 
18.49 -50.37 8.54 2.88 0.20 -1.54 
12.30 7.53 36.87 1.88 0.52 -0.01 
-14.82 44.76 60.02 2.50 0.21 -0.11 
8.53 44.86 98.04 1.48 -0.10 -0.53 
3.66 43.28 99.59 -0.76 0.76 -1.38 
7.50 -6.53 95.02 -0.82 0.12 -0.03 
-10.05 -50.01 60.27 1.31 0.25 -1.21 
17.97 -48.07 30.93 2.82 0.54 -0.48 
-0.94 10.42 29.65 1.53 0.15 -0.14 
4.73 45.03 75.74 2.84 0.24 -0.91 
0.78 47.11 99.69 0.20 0.27 -0.77 
-6.72 -17.40 96.86 -1.07 0.13 -0.54 
-8.11 -47.53 73.74 -0.23 0.41 -0.73 
9.48 -50.37 34.69 2.23 0.10 -1.19 
-7.75 0.50 55.31 1.41 0.41 -0.24 
-1.96 4.73 54.82 0.89 0.27 -0.62 
-7.20 6.57 65.39 1.72 0.35 -0.07 
-1.59 44.67 97.08 2.11 -0.08 -0.33 
6.85 47.87 115.05 0.11 0.38 -0.90 
0.16 -7.40 114.61 -1.13 0.15 -0.59 
-8.26 -17.68 108.03 -0.84 0.15 -0.39 
-5.21 -48.72 81.15 0.07 0.06 -0.47 
23.41 -50.81 38.06 2.57 0.61 -0.92 
-5.94 0.44 52.60 1.28 0.33 -0.25 
-10.52 18.74 71.74 1.62 0.42 -0.35 
7.95 44.61 110.75 1.87 -0.09 -0.23 
10.93 46.00 136.82 0.26 0.21 -0.20 
8.08 37.03 139.58 -0.75 0.42 -1.12 
-8.22 -46.47 124.66 -0.76 0.24 -0.64 
-1.80 -50.59 90.18 0.40 0.10 -0.13 
14.13 -50.99 52.16 1.99 0.32 -0.86 
-2.23 -2.14 67.15 1.55 0.30 -0.26 
-1.48 5.85 66.23 1.14 0.21 -0.53 
-0.95 45.00 102.66 2.15 -0.13 -0.42 
22.18 44.60 133.22 1.10 -0.14 -0.02 
22.58 48.96 155.02 -0.48 0.19 -0.74 
-8.35 -16.22 144.31 -0.63 0.08 -0.60 
-3.77 -48.87 124.37 0.32 0.16 -0.97 
22.09 -50.97 92.66 2.61 0.42 -0.81 
2.25 -1.56 93.25 1.34 0.28 -0.33 
-9.30 44.93 127.92 3.06 0.21 -0.48 
20.23 46.11 158.07 0.65 0.21 -0.63 
2.23 -10.89 150.13 -0.71 0.36 -1.49 
-13.37 -49.46 126.42 0.70 0.10 -1.38 
10.95 -50.80 93.82 3.27 0.98 -1.03 
-4.20 4.70 91.69 0.96 0.01 -0.57 
2.47 57.16 137.34 2.56 -0.01 -0.74 
20.61 47.55 150.10 0.11 0.54 -0.49 
-4.32 -25.01 144.18 -0.82 0.42 -1.00 
-8.07 -49.46 116.74 1.12 0.18 -1.37 
-1.00 -51.24 106.57 2.92 0.51 -0.84 
-1.87 12.56 108.89 1.50 0.24 -0.38 
-6.42 44.82 129.70 2.69 0.37 -0.85 
4.46 49.48 140.64 -0.38 0.18 -0.54 
-4.72 -4.93 145.34 -1.22 0.10 -0.49 
-18.81 -47.32 159.75 -0.41 -0.18 -1.61 
-6.58 -51.15 170.81 1.92 -0.07 -0.73 
-12.35 -30.19 184.26 2.38 0.58 -0.36 
-5.82 57.10 247.14 3.36 -0.43 -1.18 
44.74 48.50 263.78 -0.26 0.16 -0.66 
-12.05 -25.88 256.83 -0.98 0.39 -0.90 
-7.46 -48.85 234.83 0.22 -0.03 -0.69 
18.27 -50.43 194.20 2.96 0.53 -1.40 
-2.94 1.80 199.80 1.23 0.12 -0.66 
-1.89 7.75 204.28 1.40 0.21 -0.47 
-2.98 44.75 242.32 2.33 0.06 -0.72 
9.29 48.10 253.16 0.00 0.15 -0.30 
-2.58 -27.75 249.27 -0.92 0.08 -0.17 
