2.58 -17.26 252.30 0.24 0.04 0.35 
-15.82 18.01 276.76 2.37 1.12 -0.72 
-25.34 13.49 279.02 0.17 0.05 0.25 
1.50 13.50 289.89 1.99 0.38 -0.47 
-6.12 21.86 304.30 1.20 0.20 -0.13 
1.84 4.18 311.41 1.10 0.20 -0.16 
-6.60 -0.56 323.26 0.93 0.00 -0.12 
-6.10 10.18 -312.85 0.81 0.21 -0.10 
3.84 5.21 -309.21 1.61 0.30 -0.28 
-1.35 5.64 -300.64 1.10 0.26 -0.13 
-0.08 1.77 -296.75 1.11 0.21 -0.10 
-5.55 -1.14 -289.15 0.34 -0.07 0.24 
4.71 12.86 -274.79 2.38 0.88 -0.51 
1.77 12.08 -264.91 0.15 -0.02 0.43 
-10.83 16.77 -272.81 1.88 0.52 -0.47 
9.01 6.06 -275.61 1.06 0.27 -0.03 
3.11 1.85 -272.14 1.06 0.09 -0.11 
5.35 5.27 -269.74 1.32 0.15 -0.26 
-4.19 -0.01 -261.33 0.70 0.05 -0.08 
10.81 -0.19 -259.05 1.03 0.12 -0.11 
-7.98 0.70 -252.01 1.23 0.15 -0.24 
0.31 6.76 -239.46 0.92 0.26 -0.10 
-0.40 1.87 -235.07 0.96 0.09 -0.15 
-3.72 0.91 -230.89 1.02 0.09 -0.16 
-7.16 -10.71 -243.68 0.62 0.05 -0.06 
-7.88 28.27 -214.54 1.32 0.43 -0.36 
48.80 3.63 -208.01 0.76 0.51 0.49 
-1.89 18.65 -194.65 1.33 0.51 -0.43 
21.80 -13.34 -194.49 1.27 0.16 0.22 
5.72 -3.79 -193.66 1.08 0.08 -0.04 
2.22 0.57 -188.39 1.02 0.13 -0.15 
4.99 4.64 -189.33 1.03 0.35 -0.02 
16.68 3.33 -189.44 1.18 0.16 -0.31 
5.14 12.53 -174.22 0.87 0.19 -0.12 
-7.07 2.86 -169.52 1.05 0.16 -0.20 
-4.86 3.31 -162.88 1.08 0.16 -0.16 
2.22 2.86 -158.79 1.00 0.13 -0.09 
-14.01 1.57 -151.95 1.35 0.26 -0.31 
-20.61 5.68 -138.34 0.28 0.29 0.38 
18.89 33.63 -115.97 1.18 0.04 -0.11 
3.34 1.14 -112.09 0.97 0.05 -0.11 
17.42 2.45 -113.06 1.07 0.07 -0.08 
5.83 4.08 -112.09 1.00 0.20 -0.14 
4.20 4.59 -101.69 1.04 0.09 -0.04 
-1.65 -1.41 -96.20 1.19 0.13 -0.11 
9.68 -2.56 -95.39 0.31 0.00 0.22 
-12.01 3.20 -99.72 1.39 0.38 -0.50 
-1.29 3.35 -92.13 0.04 0.33 -0.01 
-12.25 1.97 -86.48 1.52 0.06 -0.41 
-1.35 2.29 -81.60 0.97 0.07 -0.28 
-0.36 2.64 -75.70 1.07 0.08 -0.14 
-0.37 7.01 -73.55 0.99 0.16 -0.18 
0.17 2.03 -67.80 0.98 0.09 -0.24 
-2.97 10.45 -61.72 0.97 0.22 -0.26 
-5.05 3.79 -52.87 1.22 0.17 -0.29 
2.64 4.24 -48.69 0.98 0.11 -0.19 
-0.43 1.05 -43.33 1.00 0.04 -0.15 
0.37 1.99 -38.36 1.02 0.13 -0.13 
-2.65 4.55 -33.99 1.30 0.04 -0.36 
-5.86 8.21 -35.81 0.09 -0.19 -0.37 
10.91 -1.57 -5.52 1.60 0.42 -0.12 
-11.24 17.45 4.55 0.70 -0.03 -0.35 
0.23 11.39 7.14 1.24 0.24 -0.36 
0.98 3.94 10.66 0.89 0.16 -0.30 
-5.44 1.57 16.43 1.19 -0.08 -0.01 
4.47 0.90 19.68 1.10 0.28 -0.11 
3.68 4.15 22.21 1.27 0.12 -0.26 
-12.62 -5.35 25.83 1.02 0.03 -0.30 
21.41 23.57 28.34 0.99 -0.13 -0.31 
-3.93 4.26 41.28 1.10 0.16 -0.30 
15.88 11.18 52.76 0.99 0.35 -0.22 
-0.59 2.10 58.16 1.03 0.13 -0.21 
-10.99 -3.60 53.20 1.55 0.14 -0.50 
-7.56 7.77 68.63 0.02 0.60 -0.13 
-16.58 3.21 58.66 1.94 -0.11 -0.67 
7.10 1.13 66.31 0.44 0.26 -0.12 
-11.46 10.49 79.18 1.63 0.66 -0.41 
1.12 5.39 85.29 1.14 0.12 -0.02 
7.46 7.25 88.65 1.06 0.16 -0.25 
2.08 4.21 93.40 1.16 0.20 -0.22 
-3.35 3.68 104.61 0.80 0.09 -0.23 
5.11 5.08 102.35 1.41 -0.17 -0.08 
-8.12 3.79 117.69 0.89 0.12 -0.22 
-0.34 3.75 127.97 1.02 0.13 -0.06 
-2.24 1.05 133.55 1.00 0.09 -0.23 
-5.41 0.40 138.66 1.05 0.14 -0.23 
0.18 1.61 144.47 1.01 0.14 -0.14 
-18.00 1.35 143.61 1.06 -0.05 -0.01 
1.38 -1.57 140.73 0.55 -0.05 -0.32 
10.29 0.33 150.61 1.33 -0.22 -0.24 
5.85 0.85 153.94 0.37 0.24 -0.06 
-0.03 1.25 156.11 1.17 0.00 -0.39 
3.20 4.84 160.11 1.00 0.10 -0.20 
-0.79 2.87 166.58 0.99 0.15 -0.20 
-1.09 0.39 170.05 1.00 0.13 -0.19 
1.72 2.99 174.08 1.24 0.18 -0.26 
-1.30 -0.27 187.28 0.67 0.01 -0.16 
8.04 8.40 181.03 1.49 0.15 -0.27 
6.31 5.15 186.19 0.97 0.06 -0.14 
-7.65 -4.30 194.34 0.88 -0.07 -0.07 
-10.81 -0.43 200.00 0.98 0.01 -0.19 
-5.15 1.17 204.76 1.04 0.06 -0.18 
22.09 6.08 189.36 0.98 -0.23 -0.21 
2.79 15.80 186.84 0.71 -0.05 -0.52 
42.91 -11.41 192.91 1.29 -0.34 0.00 
-3.02 9.09 194.24 0.81 0.07 -0.43 
12.06 -9.11 189.27 1.25 -0.16 -0.18 
1.79 2.18 194.23 0.97 0.02 -0.31 
5.71 4.34 198.39 1.16 0.15 -0.29 
-2.87 -3.96 203.15 0.81 0.09 -0.19 
6.59 9.95 203.17 1.18 0.02 -0.22 
2.23 4.51 212.30 0.82 0.19 -0.35 
10.83 2.31 217.08 0.94 0.08 -0.26 
-6.78 -0.43 222.90 0.99 0.09 -0.26 
-0.68 3.76 228.69 1.04 0.11 -0.26 
-3.66 1.97 233.68 0.95 0.12 -0.24 
-0.51 1.98 235.04 1.27 0.09 -0.24 
14.61 4.39 225.53 -0.14 -0.45 0.09 
6.62 1.33 221.94 1.29 0.49 -0.30 
11.77 14.09 242.13 1.13 0.16 -0.17 
9.31 -2.40 238.34 0.77 0.13 -0.43 
20.99 21.58 260.65 1.09 0.23 -0.19 
6.49 4.56 260.97 0.98 0.10 -0.35 
0.12 5.13 262.15 1.20 0.19 -0.20 
3.52 -0.65 266.07 0.75 0.14 -0.34 
9.28 14.62 274.14 1.26 0.20 -0.36 
-1.85 -1.11 279.02 0.96 0.23 -0.28 
4.41 5.69 290.20 0.95 0.16 -0.15 
-7.37 0.73 297.79 0.95 0.06 -0.32 
-4.52 1.77 305.45 1.04 0.10 -0.26 
-0.82 2.05 308.73 1.17 0.20 -0.29 
14.32 -4.63 312.06 0.07 -0.02 0.23 
-5.44 -0.86 325.19 1.99 1.03 -0.50 
11.67 21.56 -318.29 0.11 0.37 0.11 
-0.39 5.64 -314.62 1.42 0.51 -0.35 
14.67 0.18 -309.92 1.08 0.17 0.09 
5.18 2.59 -308.20 1.04 0.08 -0.20 
2.85 4.63 -305.56 1.23 0.23 -0.27 
5.83 1.60 -300.09 0.72 0.12 -0.16 
0.64 8.23 -291.05 1.16 0.06 -0.22 
-3.93 4.16 -282.55 0.74 0.23 -0.23 
1.58 0.18 -282.64 1.14 0.09 -0.11 
-2.87 0.81 -277.91 0.93 0.10 -0.22 
-0.86 1.86 -273.76 1.05 0.12 -0.19 
-2.98 2.63 -265.91 1.29 0.32 -0.26 
-7.92 -1.23 -247.57 -0.10 0.46 0.42 
-11.84 -3.74 -244.77 2.60 0.74 -0.71 
12.41 18.52 -231.22 0.34 0.15 0.01 
2.34 5.77 -232.99 1.27 0.46 -0.32 
10.90 -2.57 -224.72 1.13 0.08 -0.03 
1.12 2.36 -222.69 1.08 0.07 -0.15 
2.24 4.51 -220.27 0.98 0.13 -0.20 
4.51 -1.88 -222.63 0.99 0.14 -0.19 
3.76 8.91 -207.91 1.06 0.16 -0.18 
-0.58 3.40 -208.83 1.07 0.30 -0.29 
-3.11 5.43 -199.84 1.05 0.22 -0.18 
-2.40 2.95 -194.18 1.04 0.18 -0.17 
-2.17 -0.43 -195.33 0.29 -0.05 -0.03 
11.59 7.74 -182.61 1.50 0.43 -0.62 
18.77 3.05 -182.53 0.73 -0.11 0.18 
-7.12 15.94 -178.74 1.16 0.32 -0.43 
-3.67 -8.66 -175.27 1.07 0.15 -0.01 
3.70 11.47 -169.33 0.99 0.16 -0.20 
-9.02 -0.57 -162.91 0.68 0.03 0.00 
5.30 10.16 -148.48 1.53 0.48 -0.41 
13.32 7.48 -147.54 0.61 0.18 -0.03 
-7.47 9.79 -144.63 1.35 0.36 -0.25 
-17.18 -10.28 -135.01 0.68 0.41 -0.17 
-0.75 -1.64 -127.50 1.23 0.04 -0.18 
11.09 8.11 -125.82 0.85 0.37 -0.23 
-20.12 0.12 -119.56 1.11 0.43 -0.34 
-0.46 8.23 -116.79 0.46 -0.22 -0.28 
-1.21 -0.18 -101.45 1.48 -0.32 -0.40 
3.52 8.22 -101.95 0.63 0.16 -0.23 
11.81 7.57 -93.63 1.25 -0.49 -0.06 
-5.72 1.45 -87.91 0.98 0.16 -0.25 
6.38 8.92 -82.20 1.22 0.29 -0.10 
7.64 -0.08 -75.94 0.64 0.01 -0.09 
-6.14 -0.05 -84.59 1.47 0.02 -0.22 
-7.81 0.23 -71.61 0.84 0.32 -0.20 
4.19 1.53 -66.77 1.07 -0.01 -0.09 
1.27 -2.78 -62.96 0.96 0.02 -0.12 
4.46 1.50 -56.30 1.34 0.20 -0.12 
17.44 -4.85 -55.14 0.10 -0.13 -0.20 
3.82 2.04 -63.19 1.15 0.39 -0.71 
47.69 1.96 -71.69 0.27 0.00 0.12 
11.65 3.97 -66.65 0.87 0.31 -0.55 
4.95 -3.40 -66.14 1.08 0.34 -0.31 
0.84 3.39 -61.36 0.93 0.12 -0.41 
1.11 7.27 -57.20 1.21 0.22 -0.38 
-8.02 -5.91 -51.70 1.07 0.16 -0.17 
16.79 10.51 -53.54 0.80 -0.12 -0.32 
-12.19 4.71 -43.47 1.00 0.37 -0.57 
8.63 2.07 -41.60 0.89 0.27 -0.42 
0.51 2.91 -37.01 1.05 0.12 -0.24 
-1.24 1.87 -35.37 1.08 0.14 -0.38 
14.43 8.66 -32.57 0.74 -0.47 -0.09 
3.57 -5.26 -41.04 0.37 0.16 -0.39 
-4.22 0.65 -27.00 1.65 -0.21 -0.47 
-7.91 8.58 -21.15 0.43 -0.09 -0.22 
-13.10 4.78 -6.09 1.43 0.15 -0.53 
8.22 8.73 1.12 1.02 0.15 -0.08 
1.14 4.37 6.78 0.98 0.13 -0.32 
0.08 2.95 9.73 1.26 0.26 -0.31 
11.18 -0.18 7.98 0.82 0.10 -0.16 
2.35 3.02 6.58 1.43 0.05 -0.39 
7.21 4.34 14.52 0.68 0.08 -0.17 
-10.52 -4.19 12.84 1.13 -0.03 -0.32 
-6.25 1.05 21.05 0.96 0.15 -0.24 
1.32 2.76 23.88 1.05 0.12 -0.21 
-0.61 1.15 28.35 1.02 0.09 -0.22 
5.71 7.30 32.12 1.86 0.39 -0.41 
-13.31 -8.23 37.79 0.09 -0.02 0.27 
-14.21 14.61 43.61 2.80 0.07 -1.11 
14.43 -2.34 41.61 -0.35 0.26 0.41 
-11.99 3.99 50.27 1.60 0.21 -0.43 
11.71 5.04 57.31 1.04 0.10 -0.03 
6.02 3.38 58.55 0.99 0.07 -0.28 
1.03 2.42 63.27 1.02 0.10 -0.20 
0.67 3.45 64.81 1.03 0.14 -0.30 
11.29 -2.55 58.33 1.09 0.12 -0.15 
2.14 5.24 70.77 0.90 -0.01 -0.22 
-4.51 1.97 69.52 1.28 0.22 -0.24 
7.11 7.05 76.51 0.97 0.06 -0.15 
2.37 1.91 81.05 0.98 0.02 -0.24 
2.06 1.56 84.89 1.10 0.09 -0.19 
12.33 -4.49 90.68 0.69 -0.37 0.00 
-4.44 -4.88 87.28 1.17 0.50 -0.38 
27.10 -1.52 77.44 0.33 -0.69 0.29 
-3.45 -3.25 83.70 1.14 -0.07 -0.24 
-1.40 -2.68 86.58 1.08 0.07 -0.17 
-4.64 3.74 91.15 1.08 0.07 -0.22 
-8.14 3.02 104.19 0.64 -0.01 -0.18 
0.39 0.99 103.00 1.73 0.23 -0.32 
-0.91 2.16 117.73 0.60 0.09 -0.18 
-2.51 -0.19 122.42 1.09 -0.02 -0.22 
-10.84 1.88 129.49 0.97 0.15 -0.24 
-1.46 2.97 133.79 1.03 0.11 -0.20 
1.40 1.38 118.60 1.42 -0.09 -0.31 
7.85 12.78 123.65 0.64 -0.27 -0.36 
-30.16 -7.42 123.57 1.67 -0.17 -0.50 
-23.09 -0.53 135.10 0.36 0.22 0.04 
-19.52 3.93 154.12 1.51 0.40 -0.49 
12.11 8.75 158.97 1.06 0.14 -0.07 
0.40 2.77 164.52 1.00 0.13 -0.26 
2.15 3.77 166.59 1.22 0.18 -0.28 
11.72 2.20 167.58 0.88 0.09 -0.23 
8.07 8.09 176.73 1.11 0.02 -0.26 
-3.33 -0.86 180.72 0.88 0.18 -0.30 
7.85 8.42 184.66 1.04 0.17 -0.17 
-0.10 2.04 187.42 0.98 0.11 -0.22 
-2.42 2.36 192.65 1.04 0.08 -0.19 
-3.33 1.88 198.44 1.13 0.20 -0.23 
26.48 -5.57 200.40 0.09 -0.01 0.29 
-19.38 5.42 219.60 0.92 0.21 -0.50 
4.62 -1.20 231.52 1.06 0.08 -0.09 
2.12 3.15 233.89 1.07 0.10 -0.22 
4.41 0.20 231.05 0.86 0.11 -0.15 
9.08 -1.03 224.85 1.14 0.19 -0.16 
0.97 4.28 233.40 0.76 0.16 -0.12 
3.48 6.07 228.90 1.38 0.26 -0.28 
2.00 5.60 233.78 0.97 0.24 -0.18 
-3.77 -0.96 241.73 1.01 0.03 -0.18 
1.15 2.82 247.73 1.26 0.20 -0.27 
-20.26 -1.34 241.57 -0.03 -0.03 -0.03 
23.14 12.62 263.01 1.19 0.32 -0.46 
14.83 19.81 275.29 0.51 0.35 -0.56 
-25.90 4.62 288.27 1.32 0.31 -0.45 
5.24 5.73 290.57 0.99 0.07 -0.14 
1.31 2.76 296.10 0.99 0.04 -0.25 
-1.34 0.03 299.42 1.06 0.08 -0.19 
-1.73 1.98 307.49 0.69 -0.03 -0.23 
0.34 1.44 300.15 1.31 0.07 -0.10 
0.00 2.08 303.61 0.66 0.00 -0.28 
3.01 -2.07 311.28 1.01 0.07 0.04 
-0.27 4.66 316.00 1.09 0.12 -0.16 
0.19 -2.79 316.25 1.08 0.13 -0.16 
-5.83 6.40 -200.98 1.84 0.24 -0.43 
-7.73 -1.19 -201.25 0.33 -0.07 -0.28 
7.70 15.05 -180.27 1.28 0.15 -0.25 
3.88 10.04 -178.00 0.73 0.12 -0.51 
-8.83 -11.29 -174.84 1.24 -0.06 0.00 
-1.63 4.26 -169.96 1.02 0.02 -0.27 
2.21 2.05 -164.66 1.02 0.09 -0.22 
-8.49 -1.65 -154.57 0.75 0.06 -0.17 
5.19 9.82 -157.22 1.63 0.24 -0.50 
5.89 3.22 -150.44 0.84 0.26 -0.24 
-0.35 -0.64 -144.91 0.97 0.00 -0.18 
-8.84 1.93 -136.59 0.98 0.09 -0.25 
-1.76 2.18 -131.69 1.02 0.06 -0.21 
-20.04 10.47 -124.44 1.72 0.47 -0.55 
-0.17 5.77 -123.12 0.89 0.10 -0.43 
43.25 23.90 -112.90 0.51 -0.21 -0.19 
-23.27 -6.90 -110.20 1.34 0.25 -0.23 
0.80 6.36 -100.03 0.83 0.20 -0.12 
2.74 3.32 -98.07 1.02 0.07 -0.28 
6.04 1.87 -93.24 1.03 0.14 -0.11 
-0.86 1.88 -89.00 1.02 0.08 -0.21 
-4.65 2.73 -83.60 1.20 0.21 -0.33 
5.49 -0.85 -83.15 1.00 0.02 -0.18 
-3.26 2.84 -81.49 0.93 -0.07 -0.13 
-0.44 3.73 -78.77 1.28 0.27 -0.20 
6.74 4.53 -71.74 1.06 0.05 -0.17 
-2.31 0.26 -66.24 1.01 0.01 -0.23 
-0.79 2.33 -61.27 1.01 0.10 -0.18 
-0.59 1.83 -57.06 1.02 0.09 -0.16 
1.38 2.12 -53.12 1.02 0.09 -0.20 
-0.53 1.74 -47.54 1.05 0.11 -0.19 
-5.43 -0.83 -43.66 0.16 -0.07 0.55 
-11.63 -3.10 -38.69 1.29 0.34 -0.27 
40.66 17.46 -38.68 0.54 0.13 0.10 
-10.17 1.21 -36.29 1.05 0.39 -0.30 
23.81 3.51 -25.70 1.37 -0.02 0.06 
4.39 5.05 -23.05 1.03 0.04 -0.17 
1.65 2.06 -15.49 0.97 0.13 -0.15 
1.19 0.56 -12.06 1.04 0.13 -0.13 
-1.49 3.02 -6.98 1.10 0.17 -0.16 
-11.29 -3.86 4.93 0.49 -0.15 -0.09 
4.68 7.74 -2.43 1.25 0.00 -0.15 
-0.09 3.24 4.69 0.78 0.21 -0.14 
-0.49 0.06 14.50 1.02 -0.07 -0.14 
-10.27 1.65 21.39 0.98 0.07 -0.23 
1.23 0.98 27.22 1.00 0.11 -0.15 
-1.22 2.49 34.08 1.26 0.14 -0.27 
15.52 -10.24 41.10 0.02 -0.01 0.61 
-8.43 7.43 20.60 2.74 0.02 -0.68 
-20.80 -3.56 28.23 -0.08 0.52 0.26 
-23.61 1.65 27.77 1.43 0.12 -0.49 
-1.71 4.44 34.81 0.91 0.20 -0.12 
2.47 2.64 39.34 1.04 0.07 -0.21 
1.47 2.48 46.32 0.97 0.14 -0.16 
1.88 2.83 44.58 1.15 0.24 -0.17 
13.99 -0.55 44.69 0.92 0.06 -0.11 
-5.61 3.10 61.16 0.78 0.08 -0.14 
2.40 5.61 66.73 1.56 0.42 -0.29 
4.52 9.00 76.69 1.02 0.19 -0.12 
1.97 1.30 78.78 1.05 0.08 -0.14 
0.40 1.23 81.60 1.05 0.08 -0.14 
1.31 2.65 87.76 1.17 0.15 -0.17 
-19.50 -1.59 88.95 0.11 0.28 0.42 
-7.63 3.61 103.39 1.59 -0.26 -0.42 
-5.19 6.46 103.29 0.68 -0.18 -0.36 
-1.32 -4.95 115.79 0.94 0.01 -0.17 
1.19 1.30 116.90 1.06 0.08 -0.18 
0.64 2.10 120.86 0.98 0.16 -0.26 
-0.01 1.42 125.70 1.02 0.13 -0.27 
3.90 2.49 125.46 0.97 0.13 -0.23 
-3.44 0.51 131.08 1.57 0.46 -0.41 
-1.18 7.54 150.17 0.65 0.29 -0.22 
0.42 5.89 154.86 1.00 0.04 -0.20 
-4.56 2.13 158.75 0.93 0.10 -0.28 
-1.13 0.20 163.75 1.04 0.12 -0.19 
25.96 -4.71 166.77 -0.09 0.25 0.53 
-20.66 -3.57 175.62 2.55 0.81 -0.86 
-39.52 7.43 204.35 -0.06 0.52 -0.05 
-10.56 1.61 204.43 1.19 0.25 -0.42 
-2.65 3.45 207.32 0.98 0.07 -0.03 
-2.84 6.19 218.88 1.03 0.05 -0.12 
10.31 -2.88 216.06 1.02 0.05 -0.15 
9.65 -2.52 212.80 1.15 0.11 -0.06 
0.95 7.72 234.36 0.71 0.02 -0.14 
-11.49 -0.55 241.56 1.04 0.00 -0.17 
-10.40 1.97 247.40 0.95 0.12 -0.22 
-4.83 -1.15 259.65 1.64 0.40 -0.40 
-22.92 15.87 269.42 0.37 -0.27 -0.40 
2.86 8.03 279.43 1.03 -0.17 0.02 
-1.87 2.83 276.79 0.78 0.01 -0.14 
28.50 0.65 287.72 1.23 0.13 0.00 
-0.75 4.92 -309.05 0.93 0.16 -0.19 
6.46 0.59 326.10 0.87 -0.47 -0.21 
-0.16 18.26 319.55 0.40 0.02 -0.27 
21.68 0.16 308.61 1.89 -0.82 -0.27 
-16.19 11.01 290.04 0.54 -0.05 0.00 
-25.57 -7.38 269.89 1.16 -0.28 -0.30 
-4.87 -1.87 260.79 0.88 0.17 -0.04 
29.46 9.23 235.59 1.05 0.03 -0.11 
-5.10 -0.70 228.83 1.09 0.34 -0.15 
15.57 11.03 219.92 1.15 0.29 -0.15 
-1.95 1.10 210.43 0.92 0.14 -0.13 
4.86 5.94 199.81 0.88 0.06 -0.04 
5.03 2.04 186.10 0.92 0.01 -0.20 
-2.36 4.72 169.76 1.06 0.41 -0.28 
-4.02 -1.06 156.44 0.47 -0.26 -0.21 
15.78 9.00 144.19 1.89 -0.51 -0.24 
3.40 4.07 110.20 0.65 -0.20 -0.29 
-42.15 -11.05 97.99 1.39 0.00 -0.38 
3.76 6.23 83.48 0.91 0.16 -0.21 
9.41 6.97 63.86 1.21 0.13 -0.14 
7.20 0.83 48.56 0.98 0.11 -0.20 
15.35 10.83 33.68 1.18 0.11 -0.12 
1.81 0.20 25.61 0.77 0.09 -0.17 
11.15 4.92 11.46 1.11 -0.05 -0.17 
-1.31 2.76 -2.58 0.99 0.15 -0.20 
5.88 4.75 -15.92 0.98 0.13 -0.23 
15.22 12.82 -29.26 0.66 0.17 -0.16 
10.86 -0.47 -44.37 0.61 0.00 -0.41 
6.96 9.86 -49.26 1.59 0.25 -0.30 
-3.27 6.60 -65.17 0.56 -0.21 -0.34 
-24.13 -4.99 -79.27 1.17 0.08 -0.38 
1.08 5.78 -90.69 0.96 0.09 -0.21 
11.21 5.55 -106.85 1.15 0.14 -0.18 
6.63 1.72 -125.90 0.97 0.10 -0.15 
10.13 10.32 -141.74 1.29 0.14 -0.19 
10.66 2.34 -157.85 0.98 0.30 -0.20 
7.25 6.35 -167.13 1.00 0.13 -0.15 
0.50 2.89 -177.95 1.01 0.07 -0.17 
3.32 3.21 -192.72 1.03 0.07 -0.17 
17.55 13.66 -219.09 0.96 -0.32 -0.30 
22.98 11.90 -243.07 0.35 0.09 -0.34 
10.26 1.29 -253.63 1.46 -0.76 -0.36 
0.54 3.20 -265.98 0.60 -0.11 -0.04 
-15.22 -0.70 -282.54 1.37 0.04 -0.31 
6.84 1.91 -297.58 1.01 0.10 -0.25 
0.71 7.17 -312.16 1.26 0.38 -0.14 
16.90 -6.85 324.26 0.67 -0.20 -0.27 
18.87 20.00 309.19 0.96 -0.03 -0.27 
0.38 -3.81 298.05 1.24 0.11 -0.32 
-2.76 4.37 285.81 0.92 0.20 -0.28 
-0.30 5.09 272.08 1.03 0.09 -0.41 
-3.17 6.68 262.18 1.48 0.51 -0.44 
22.48 6.41 251.54 0.31 0.36 0.21 
-21.39 1.10 249.92 1.44 0.58 -0.52 
28.37 -4.36 231.92 0.20 0.03 0.23 
-9.66 14.29 219.83 1.43 0.47 -0.49 
19.71 8.54 189.10 0.73 0.16 -0.25 
8.53 9.99 176.13 1.54 0.28 -0.30 
1.84 3.01 166.30 0.61 0.01 -0.18 
-0.40 -2.97 148.98 0.94 0.03 -0.05 
-4.53 3.35 137.43 0.97 0.14 -0.29 
-0.79 4.88 125.40 1.03 0.19 -0.25 
16.50 -13.73 106.56 0.11 -0.33 0.07 
7.87 5.29 96.44 1.13 0.31 -0.26 
49.77 -19.25 35.48 1.21 0.15 -0.21 
7.19 3.63 21.88 0.99 0.23 -0.41 
1.30 6.68 6.20 1.09 0.29 -0.40 
9.85 -0.51 -7.91 0.99 0.19 -0.31 
2.51 10.06 -24.74 1.20 0.41 -0.21 
0.19 -1.54 -36.81 0.98 0.23 -0.44 
5.53 5.49 -49.19 0.85 0.27 -0.28 
-1.40 7.05 -56.67 1.04 0.26 -0.35 
2.01 4.73 -68.46 1.01 0.27 -0.27 
-11.62 6.62 -78.61 0.74 -0.29 -0.03 
21.16 6.53 -105.24 0.58 0.10 -0.37 
2.57 3.89 -97.26 1.71 0.08 -0.49 
8.15 -2.38 -115.65 0.10 0.10 0.17 
-3.34 15.61 -125.73 1.48 0.51 -0.51 
8.22 6.77 -136.92 1.07 0.25 -0.10 
4.95 12.01 -150.21 1.21 0.26 -0.35 
11.19 5.12 -162.51 0.87 0.29 -0.35 
1.77 4.06 -168.35 0.84 -0.08 -0.20 
2.25 4.61 -188.43 1.14 0.40 -0.28 
8.87 8.62 -191.05 1.09 0.28 -0.21 
1.66 3.94 -201.89 1.12 0.31 -0.26 
-36.98 -24.32 -204.44 0.29 -0.87 0.36 
-9.58 -8.25 -205.09 2.47 0.74 -0.77 
9.93 21.06 -215.56 0.56 -0.01 -0.14 
16.27 4.43 -236.63 0.80 0.34 -0.49 
18.21 12.71 -244.14 1.03 0.15 -0.21 
6.43 5.87 -264.30 1.09 0.21 -0.32 
3.29 6.32 -278.03 0.75 0.13 -0.35 
8.39 6.12 -289.27 1.09 0.31 -0.44 
1.49 7.71 -301.22 0.76 0.24 -0.39 
-7.34 -4.96 -312.79 0.91 0.40 -0.27 
1.41 4.17 -324.78 1.01 0.26 -0.26 
2.04 5.05 319.42 1.00 0.27 -0.28 
14.74 8.91 296.89 1.02 -0.17 -0.25 
8.37 -5.21 272.76 0.60 0.05 -0.39 
-4.45 -11.49 259.12 1.51 -0.75 -0.49 
-5.34 10.63 242.20 0.76 0.01 -0.37 
3.50 6.67 235.24 1.60 0.53 -0.67 
7.15 9.21 224.23 0.99 0.40 -0.25 
-1.10 5.07 211.06 0.88 0.29 -0.33 
4.48 3.01 195.77 1.02 0.26 -0.26 
7.49 15.99 188.68 1.12 0.39 -0.42 
12.41 4.70 175.25 0.85 0.10 -0.25 
5.40 6.70 161.98 1.01 0.11 -0.22 
1.03 1.89 150.56 0.93 0.24 -0.24 
-0.89 4.31 140.44 1.14 0.36 -0.28 
39.40 4.44 129.21 0.31 0.53 0.24 
-2.57 -0.66 127.06 1.59 0.64 -0.43 
32.70 18.53 132.39 0.41 0.53 0.32 
6.42 19.60 99.14 0.86 0.34 -0.30 
-3.51 2.99 84.29 0.93 0.32 -0.25 
13.81 4.01 60.44 1.12 0.28 -0.30 
14.72 14.58 49.51 0.83 0.35 -0.26 
5.36 6.70 46.52 1.00 0.38 -0.22 
-3.13 2.14 39.37 1.05 -0.04 -0.26 
3.52 4.29 27.23 0.97 0.20 -0.20 
46.88 12.27 10.96 -0.13 -0.19 -0.05 
-18.52 -8.52 -3.71 0.96 0.27 -0.27 
50.93 26.65 -21.45 0.89 -0.15 -0.10 
7.30 3.09 -38.99 0.85 0.32 -0.47 
-15.07 -23.98 -56.50 1.52 0.28 0.34 
8.77 0.68 -71.90 0.92 0.24 -0.35 
12.29 7.45 -88.45 0.60 0.10 -0.29 
-9.25 -4.83 -101.36 1.60 0.31 -0.33 
15.98 4.19 -117.38 0.44 0.12 -0.25 
-14.71 -9.64 -128.40 1.43 0.18 -0.17 
5.58 12.78 -146.34 0.92 0.26 -0.33 
3.40 6.18 -157.17 1.03 0.27 -0.26 
49.66 -16.48 -176.42 0.05 -0.18 0.20 
-0.03 -6.36 -175.36 1.85 0.94 -0.66 
26.77 27.90 -184.01 -0.07 0.56 0.12 
-4.21 -7.06 -192.21 1.20 0.48 -0.33 
1.98 -0.35 -206.09 1.00 0.19 -0.18 
5.88 3.87 -219.79 1.16 0.32 -0.36 
0.79 2.23 -229.51 0.73 0.14 -0.22 
7.25 4.26 -244.12 1.25 0.15 -0.29 
5.13 4.01 -257.29 0.79 0.28 -0.27 
7.01 8.16 -267.28 1.07 0.15 -0.27 
1.65 2.73 -282.56 0.97 0.22 -0.23 
-4.57 2.44 -289.09 1.39 0.42 -0.34 
10.50 2.26 -309.11 0.16 -0.20 -0.07 
-9.05 5.06 -298.67 2.41 0.82 -0.61 
14.96 12.90 -306.33 0.07 0.24 0.04 
6.82 6.43 317.68 1.14 0.21 -0.49 
21.94 -2.37 301.11 1.17 0.31 -0.02 
10.90 2.64 282.75 0.97 0.23 -0.34 
4.52 6.96 267.89 1.22 0.26 -0.32 
13.26 3.02 249.08 1.00 0.15 -0.34 
6.02 3.66 228.18 1.03 0.29 -0.25 
4.16 1.24 213.36 0.86 0.13 -0.27 
8.68 3.57 198.90 0.99 0.09 -0.21 
-6.01 2.55 188.35 1.04 0.26 -0.36 
39.61 -4.58 155.36 0.23 -0.28 0.25 
0.21 -9.29 150.59 1.11 0.27 -0.45 
33.90 23.53 135.91 0.99 -0.04 -0.09 
11.60 0.29 107.01 0.63 0.22 -0.50 
13.37 -6.74 84.75 1.20 0.06 -0.19 
9.39 4.17 66.73 1.01 0.16 -0.36 
-6.79 3.01 45.37 0.82 0.28 -0.31 
10.31 2.62 38.87 1.12 0.27 -0.31 
17.55 9.37 24.33 0.92 0.17 -0.32 
0.32 -3.71 10.81 0.89 0.11 -0.24 
5.10 5.13 -4.10 0.92 0.20 -0.27 
4.07 6.99 -17.78 1.02 0.20 -0.39 
-9.83 2.26 -36.75 0.96 0.08 -0.36 
2.95 13.87 -43.03 0.58 0.18 -0.50 
28.15 3.15 -74.27 2.27 0.17 -0.64 
12.82 12.85 -85.42 0.78 -0.20 -0.37 
-32.79 -22.34 -86.76 0.97 0.41 -0.33 
12.58 6.15 -95.72 1.06 0.20 -0.27 
7.74 4.74 -111.31 0.96 0.40 -0.47 
0.63 -3.92 -127.96 1.17 0.27 -0.34 
13.62 15.90 -140.50 1.11 0.35 -0.41 
11.83 10.26 -149.69 0.71 0.41 -0.36 
5.81 5.83 -163.62 1.00 0.16 -0.39 
0.17 5.92 -176.79 0.96 0.34 -0.40 
-8.85 17.80 -189.77 1.27 0.02 -0.68 
-8.01 2.77 -197.29 0.38 -0.03 -0.38 
12.68 2.29 -220.95 1.66 -0.05 -0.64 
8.18 6.91 -231.55 0.33 0.23 -0.34 
-17.53 -3.77 -246.95 1.47 0.13 -0.31 
4.57 6.02 -256.95 0.88 0.21 -0.41 
1.26 5.53 -269.18 1.06 0.23 -0.36 
6.32 4.94 -283.42 0.65 -0.01 -0.27 
3.17 1.03 -303.95 1.29 0.17 -0.42 
-5.15 1.80 -316.13 0.74 0.18 -0.36 
3.52 2.60 323.17 0.95 0.11 -0.19 
-4.58 1.99 311.68 0.96 0.16 -0.34 
33.11 32.47 274.04 1.03 -0.61 -0.37 
15.16 10.31 261.38 1.04 0.34 -0.41 
52.12 47.18 259.94 1.44 0.39 -0.69 
-15.63 -11.03 235.03 1.01 0.01 -0.40 
18.90 8.60 222.05 1.02 0.27 -0.24 
13.40 10.57 198.44 1.04 0.13 -0.32 
2.44 4.26 188.03 0.59 0.09 -0.24 
11.98 11.65 169.04 1.48 0.30 -0.33 
-4.12 3.79 160.25 0.73 0.24 -0.34 
10.16 4.66 143.68 1.14 0.19 -0.23 
-2.74 2.63 127.78 0.97 0.25 -0.32 
2.72 4.60 115.26 1.02 0.20 -0.24 
2.62 3.20 103.42 1.07 0.27 -0.31 
23.95 -1.33 99.14 0.47 0.26 0.11 
-18.63 -9.53 98.22 1.33 0.38 -0.47 
21.05 23.97 102.91 0.90 -0.07 -0.48 
-3.57 -10.67 80.02 0.85 0.02 -0.25 
7.02 0.37 69.52 0.92 0.22 -0.22 
8.93 7.00 55.86 1.12 0.24 -0.33 
8.36 3.63 43.16 0.61 0.14 -0.38 
8.88 5.94 27.88 1.36 0.41 -0.38 
1.97 2.25 14.29 0.59 -0.11 -0.43 
-16.14 50.77 -10.06 1.80 0.67 -0.40 
0.88 14.17 -13.79 0.55 -0.22 -0.36 
-28.54 -6.47 -29.49 1.77 0.30 -0.75 
-12.04 -13.11 -54.45 0.55 0.18 0.00 
-6.05 9.56 -35.11 1.20 0.72 -0.60 
7.20 7.92 -42.24 0.93 0.30 -0.32 
4.55 4.88 -54.69 0.96 0.26 -0.36 
-2.56 6.12 -63.17 0.68 0.12 -0.28 
4.22 0.58 -83.05 1.21 0.27 -0.31 
3.16 1.69 -88.91 0.59 0.11 -0.24 
0.30 9.58 -108.48 1.37 0.27 -0.45 
4.48 7.04 -123.89 0.96 0.29 -0.30 
-1.61 0.27 -133.65 1.29 0.51 -0.41 
-5.25 -8.85 -151.57 0.27 0.49 0.34 
-11.21 15.12 -132.91 2.45 1.14 -1.17 
32.55 3.25 -155.24 0.18 0.23 0.10 
-6.92 -2.69 -168.47 0.70 0.11 -0.52 
21.26 1.73 -186.34 1.19 0.25 0.06 
8.66 3.76 -202.31 0.98 0.21 -0.36 
6.00 8.05 -216.38 1.01 0.27 -0.47 
2.11 -0.81 -232.87 0.92 0.10 -0.24 
7.82 8.07 -243.43 0.89 0.09 -0.32 
-0.63 -1.85 -261.84 1.08 0.31 -0.36 
6.82 8.05 -271.55 0.91 0.26 -0.33 
2.70 3.61 -285.89 1.02 0.16 -0.29 
1.77 3.90 -298.90 0.97 0.17 -0.29 
-3.69 5.66 -313.08 1.45 0.39 -0.40 
-1.88 1.21 -324.75 0.62 0.03 -0.12 
-6.68 -3.12 296.93 1.82 -0.08 -0.37 
15.99 12.36 293.67 0.16 0.26 -0.29 
-10.29 -1.69 285.99 1.19 0.49 -0.33 
8.55 2.90 270.15 1.03 0.21 -0.15 
10.62 5.20 253.13 1.02 0.12 -0.31 
5.88 5.84 242.67 0.58 0.09 -0.14 
1.58 8.25 231.95 1.55 0.42 -0.42 
21.87 14.28 219.39 0.86 0.30 -0.29 
-5.99 -4.88 203.25 1.20 0.08 -0.13 
3.27 3.98 191.62 0.90 0.31 -0.38 
5.12 2.83 176.97 1.03 0.13 -0.30 
-11.58 11.60 175.92 2.04 0.66 -0.66 
-39.02 -7.11 172.70 0.21 -0.16 -0.28 
-10.16 -6.52 160.23 1.57 -0.01 -0.53 
11.30 19.08 150.06 0.41 0.10 -0.43 
-9.13 3.12 137.31 1.18 0.27 -0.45 
10.67 12.88 127.13 1.14 0.14 -0.17 
11.59 7.92 112.90 0.91 0.16 -0.38 
5.32 1.82 101.52 1.01 0.15 -0.26 
6.48 5.79 92.82 0.81 0.07 -0.21 
11.46 4.21 68.53 1.24 0.19 -0.23 
-4.00 1.31 59.89 0.59 0.39 -0.25 
-5.36 2.68 50.41 1.29 0.32 -0.23 
14.16 11.13 42.33 1.00 0.33 -0.23 
0.98 3.84 28.61 1.00 0.19 -0.25 
-5.89 2.31 14.67 1.59 0.48 -0.32 
-32.38 0.19 11.37 0.23 0.31 0.13 
1.81 8.49 -20.49 1.75 -0.43 -0.41 
13.20 12.49 -25.50 0.12 0.61 0.00 
-11.34 -19.58 -52.21 1.25 0.13 -0.24 
14.79 13.29 -64.40 0.99 0.18 -0.33 
2.68 6.68 -83.55 1.00 0.19 -0.25 
0.47 -2.50 -84.33 1.00 0.18 -0.25 
-1.74 5.56 -97.31 0.97 0.22 -0.20 
0.25 -1.47 -103.11 0.73 0.20 -0.28 
14.79 6.55 -114.62 1.22 -0.14 -0.28 
4.41 2.10 -124.61 1.19 0.13 -0.09 
11.86 9.63 -137.46 0.62 0.43 -0.35 
-8.44 -10.62 -142.14 0.86 0.25 -0.21 
1.60 3.90 -151.48 1.11 0.23 -0.27 
7.81 4.47 -157.52 0.98 0.18 -0.28 
1.44 0.77 -167.38 0.91 0.28 -0.26 
0.15 -1.42 -173.65 1.02 0.16 -0.25 
4.11 32.90 -203.91 0.42 -0.18 -0.47 
-24.16 -13.55 -267.69 1.81 0.28 -0.38 
-24.16 -13.55 -267.69 1.81 0.28 -0.38 
4.78 2.52 -276.43 0.99 0.19 -0.17 
4.73 3.87 -282.37 1.00 0.10 -0.37 
-1.94 1.21 86.80 0.97 0.15 -0.29 
2.72 4.05 73.09 1.00 0.15 -0.25 
4.06 3.99 60.98 1.03 0.17 -0.22 
4.44 9.68 45.44 1.35 0.42 -0.37 
-15.36 -0.06 43.33 0.79 0.03 -0.04 
-21.15 -12.36 14.15 1.81 -0.05 -0.45 
6.93 6.09 9.10 0.27 0.53 0.16 
-20.49 12.35 12.06 1.32 0.50 -0.46 
0.83 0.96 -0.49 0.95 0.06 -0.14 
2.04 1.34 -12.70 1.05 0.19 -0.22 
7.15 4.02 -25.23 0.71 0.13 -0.20 
-6.49 -2.37 -36.53 1.41 0.37 -0.37 
18.74 15.89 -46.91 0.59 0.34 -0.25 
12.43 7.62 -64.10 1.09 -0.01 -0.33 
1.61 8.61 -73.59 0.96 0.25 -0.33 
0.15 2.85 -86.05 0.98 0.20 -0.23 
2.66 3.94 -99.22 1.01 0.14 -0.25 
-23.47 10.94 -115.94 1.53 0.52 -0.44 
19.95 12.11 -125.28 0.51 0.20 -0.18 
8.74 0.50 -150.97 1.72 -0.54 -0.47 
1.70 13.91 -161.82 0.47 0.11 -0.23 
6.00 6.19 -175.62 0.83 -0.09 -0.26 
-5.08 -3.35 -186.93 1.15 0.18 -0.25 
5.70 6.50 -202.57 0.78 0.15 -0.45 
-1.54 -4.25 -211.74 1.18 0.05 -0.24 
24.32 9.20 -231.03 0.76 0.06 -0.42 
-13.18 -3.52 -241.10 1.34 0.02 -0.21 
4.39 6.52 -255.05 0.96 0.23 -0.23 
0.97 0.01 -270.30 1.10 0.00 -0.36 
4.87 4.42 -282.48 0.97 0.24 -0.32 
-15.89 14.21 -279.32 1.58 0.56 -0.56 
14.22 -2.17 -298.58 0.52 -0.11 -0.29 
18.93 15.60 -324.81 1.34 0.26 -0.72 
-11.76 -4.38 323.15 0.21 0.01 0.19 
5.96 6.81 300.54 1.51 -0.20 -0.45 
4.27 3.56 289.14 1.15 0.17 -0.18 
2.95 3.78 277.14 1.02 0.21 -0.33 
7.56 11.38 263.28 0.75 0.10 -0.38 
4.34 1.12 249.89 1.08 0.10 -0.56 
17.92 14.67 231.84 0.69 0.20 -0.29 
9.31 26.84 188.49 0.93 0.23 -0.37 
3.29 3.41 175.17 1.01 0.18 -0.31 
1.96 5.95 166.17 1.10 0.29 -0.32 
42.59 -7.40 159.02 0.09 0.28 0.19 
-17.71 -6.93 156.83 1.54 0.59 -0.47 
51.55 15.35 131.82 0.53 0.05 -0.14 
-16.31 1.43 123.81 0.75 0.34 -0.59 
20.19 15.25 111.49 1.06 0.21 -0.40 
9.50 5.71 96.66 0.95 0.27 -0.49 
0.24 8.75 81.07 0.72 0.19 -0.27 
3.71 3.55 66.70 1.29 0.42 -0.55 
9.87 13.96 48.70 0.73 0.62 -0.23 
-0.85 -2.85 41.50 1.15 0.21 -0.30 
5.43 18.17 10.38 0.97 0.25 -0.29 
4.97 3.98 -1.72 0.98 0.15 -0.26 
-1.92 0.95 -9.94 1.36 0.39 -0.34 
13.03 2.82 -35.70 -0.25 -0.37 -0.15 
-7.01 0.79 -35.36 2.22 0.90 -0.88 
30.07 7.94 -56.86 0.36 -0.02 0.17 
0.12 19.23 -51.57 1.15 0.63 -0.62 
6.60 7.02 -66.35 1.08 0.35 -0.10 
4.31 3.18 -81.13 1.04 0.16 -0.26 
10.32 5.56 -99.22 1.28 0.21 -0.28 
1.43 3.91 -103.43 0.78 0.24 -0.29 
22.16 21.41 -121.18 1.18 0.23 -0.36 
-4.72 2.77 -127.27 0.83 0.25 -0.25 
1.97 1.31 -144.86 1.01 0.03 -0.17 
-7.77 1.26 -152.66 0.88 0.14 -0.33 
40.83 6.85 -193.23 1.02 -0.11 -0.40 
7.26 9.69 -210.18 0.53 0.08 -0.42 
29.01 1.52 -231.70 1.31 0.18 0.00 
4.67 3.31 -256.32 0.60 0.08 -0.23 
-10.45 -24.00 -278.46 1.69 -0.25 -0.18 
0.66 4.41 -290.39 0.92 0.17 -0.38 
21.03 13.44 -305.38 0.67 0.17 -0.30 
4.29 1.58 226.70 1.08 0.28 -0.28 
7.91 0.50 216.39 0.84 0.02 -0.24 
4.84 1.22 211.35 1.22 0.20 -0.31 
13.31 13.52 199.86 1.04 0.20 -0.26 
7.04 2.00 194.46 0.63 0.16 -0.21 
-4.16 -3.66 188.34 1.20 0.35 -0.24 
1.61 -1.30 178.76 0.98 0.02 -0.09 
3.98 5.28 166.43 0.97 0.25 -0.29 
-1.59 -0.90 161.65 1.01 0.07 -0.28 
2.81 1.55 152.27 1.02 0.16 -0.23 
0.94 0.04 146.77 1.02 0.16 -0.21 
-0.14 1.45 138.45 1.09 0.25 -0.25 
-0.16 5.08 130.13 1.67 0.21 -0.30 
-14.50 4.92 126.43 0.10 0.48 0.34 
6.98 3.59 118.18 0.56 0.16 -0.37 
-11.47 0.16 93.23 2.30 -0.43 -0.69 
16.36 10.13 87.45 0.30 -0.22 -0.02 
1.21 7.08 71.30 0.54 -0.03 -0.39 
-9.20 -5.08 68.74 1.22 0.27 -0.30 
16.21 0.72 54.91 1.10 -0.05 -0.20 
29.29 9.57 -2.77 0.46 -0.29 -0.13 
29.29 9.57 -2.77 0.46 -0.29 -0.13 
-0.14 -3.67 -10.22 1.04 0.46 -0.34 
3.45 -1.54 -22.80 1.11 0.04 -0.32 
20.31 13.31 -30.44 0.93 0.28 -0.28 
0.47 0.45 -34.13 0.73 0.41 -0.37 
7.66 1.61 -49.75 1.09 0.13 -0.24 
2.99 3.38 -53.63 1.07 0.25 -0.21 
-3.86 0.95 -60.12 0.94 0.17 -0.27 
0.84 0.48 -66.36 0.98 0.17 -0.26 
0.19 1.68 -74.65 0.99 0.12 -0.21 
-0.08 -0.24 -80.60 1.00 0.17 -0.27 
6.91 -0.84 -100.58 1.49 -0.04 -0.28 
7.39 7.44 -99.67 0.43 0.47 0.22 
-4.72 -3.99 -111.94 0.44 0.05 -0.23 
-21.94 -9.54 -119.10 2.31 0.20 -0.70 
8.09 17.53 -111.85 1.08 -0.02 -0.25 
2.91 -1.90 -118.10 0.20 0.16 0.08 
-3.93 -7.78 -129.63 1.01 0.16 -0.13 
-9.94 0.00 -139.92 1.48 0.04 -0.52 
15.18 1.58 -151.52 1.02 0.20 -0.16 
1.93 0.78 -157.90 0.93 0.11 -0.29 
7.67 2.73 -169.26 1.08 0.10 -0.26 
2.91 1.34 -175.63 1.00 0.15 -0.26 
1.98 1.56 -187.04 0.90 0.12 -0.30 
0.84 -2.20 -196.36 0.82 0.11 -0.28 
11.23 4.77 -205.85 1.10 0.07 -0.35 
7.25 3.05 -213.17 1.22 0.34 -0.25 
7.57 6.82 -225.03 0.88 0.14 -0.33 
-0.01 -0.87 -229.87 0.73 0.20 -0.32 
2.92 3.15 -239.13 1.04 0.03 -0.30 
1.52 -2.27 -246.78 1.18 0.04 -0.20 
3.75 5.90 -256.64 0.98 0.23 -0.33 
-0.36 0.53 -261.86 0.99 0.10 -0.33 
1.91 1.55 -272.35 1.00 0.13 -0.22 
0.97 0.47 -278.95 1.03 0.11 -0.26 
2.28 1.85 -288.92 1.04 0.19 -0.27 
0.66 -0.88 -296.86 0.99 0.26 -0.21 
-3.36 7.26 -298.11 1.61 0.46 -0.46 
0.17 5.70 -303.66 0.84 -0.26 -0.39 
5.42 1.73 -317.50 0.42 -0.19 -0.14 
-10.92 -4.61 -322.54 1.66 0.59 -0.42 
11.76 7.90 -320.88 1.64 0.35 -0.35 
6.21 4.61 -326.26 0.43 0.14 -0.18 
11.84 1.98 301.61 0.58 -0.23 -0.31 
3.23 3.14 296.87 1.57 0.33 -0.60 
5.22 -3.51 291.55 1.10 0.07 -0.08 
2.40 1.33 287.42 1.04 0.24 -0.15 
3.19 0.67 276.44 0.95 0.19 -0.36 
2.45 0.32 269.36 1.20 0.20 -0.29 
4.65 3.44 256.51 0.77 0.16 -0.32 
0.46 -2.50 251.04 1.00 0.00 -0.27 
10.17 4.05 242.82 1.02 0.45 -0.38 
-0.32 -0.18 233.67 1.09 -0.01 -0.25 
-4.50 3.06 224.50 0.94 0.13 -0.32 
0.21 -1.31 218.38 0.95 0.00 -0.25 
9.33 1.68 209.58 0.94 0.28 -0.33 
0.73 1.04 202.58 1.10 0.39 -0.34 
1.65 4.43 193.75 0.95 0.20 -0.33 
1.03 0.38 186.40 0.98 0.14 -0.37 
-0.24 3.82 178.45 1.19 0.34 -0.35 
-5.06 -0.59 174.09 1.38 0.40 -0.39 
9.45 3.18 160.47 -0.13 0.61 0.17 
5.50 -0.04 150.32 0.54 0.05 -0.27 
-15.39 0.02 145.51 1.68 0.20 -0.59 
9.92 0.99 141.99 1.44 0.23 -0.33 
3.54 7.98 136.83 0.73 -0.05 -0.44 
1.53 -2.85 123.75 0.21 0.11 0.07 
-10.46 -7.65 109.54 1.22 0.07 -0.41 
-3.15 1.80 106.32 1.33 0.11 -0.55 
9.33 5.98 97.62 0.98 0.27 -0.22 
2.03 2.57 93.10 1.01 0.23 -0.29 
8.54 2.85 80.97 1.12 0.22 -0.25 
3.89 2.96 75.16 0.95 0.10 -0.29 
0.86 -1.21 66.58 0.86 0.17 -0.26 
-1.46 -1.21 59.96 1.06 0.02 -0.28 
6.52 8.33 46.33 1.33 0.19 -0.25 
6.84 5.06 39.28 0.77 0.21 -0.32 
-4.03 -4.40 30.07 0.96 0.22 -0.27 
-2.61 -2.32 24.82 1.14 0.05 -0.28 
9.24 5.19 15.03 0.97 0.03 -0.27 
5.79 3.02 8.29 1.01 0.23 -0.34 
4.72 1.18 -2.28 0.95 0.23 -0.30 
1.35 -0.30 -9.75 0.99 0.13 -0.26 
-1.23 2.22 -20.70 1.08 0.13 -0.26 
-4.53 0.82 -21.31 1.21 0.26 -0.37 
-9.58 7.88 -23.04 1.43 0.41 -0.45 
10.87 5.94 -34.86 0.33 -0.47 -0.15 
8.98 -0.13 -48.43 0.56 -0.08 -0.23 
-8.78 17.10 -44.89 1.04 0.35 -0.40 
-15.53 6.36 -52.83 1.71 0.54 -0.32 
-12.24 -4.15 -56.64 1.18 -0.30 -0.46 
7.73 5.38 -63.00 1.00 0.33 0.18 
4.52 0.80 -74.10 1.12 0.27 -0.21 
-1.34 0.76 -80.64 1.08 0.22 -0.22 
10.53 4.22 -86.66 0.71 0.08 -0.23 
0.80 -4.05 -93.98 1.04 0.12 -0.18 
5.76 1.89 -108.15 1.13 0.19 -0.20 
3.41 4.79 -114.66 0.99 0.31 -0.26 
-4.55 -1.03 -120.82 0.74 0.00 -0.20 
2.12 -2.87 -126.94 1.11 0.05 -0.16 
4.31 2.34 -139.44 1.19 0.36 -0.16 
0.56 1.71 -144.95 0.95 0.19 -0.23 
-2.11 2.24 -152.59 1.10 0.08 -0.18 
-1.53 3.42 -157.42 1.64 0.38 -0.22 
14.65 2.22 -154.84 0.19 0.10 0.08 
-4.43 -0.22 -168.32 0.39 -0.15 -0.21 
-15.75 3.18 -160.93 2.12 0.87 -0.59 
5.13 0.86 -165.82 1.43 0.27 -0.39 
22.31 5.33 -172.10 -0.22 -0.02 0.14 
-3.55 -0.80 -182.08 0.58 -0.14 -0.14 
-14.53 8.19 -184.48 1.84 0.39 -0.50 
9.20 -2.63 -193.06 0.98 0.23 -0.18 
2.34 3.74 -203.90 1.01 0.10 -0.28 
3.18 -0.25 -212.13 1.12 0.24 -0.12 
9.14 7.98 -221.65 0.79 0.14 -0.22 
-0.93 -5.22 -229.31 0.91 0.13 -0.16 
9.94 6.62 -239.38 1.32 0.36 -0.23 
5.72 4.53 -246.84 1.04 0.24 -0.19 
-0.38 1.78 -251.74 0.68 0.08 -0.19 
-1.17 -1.40 -258.57 1.01 0.30 -0.09 
8.63 5.18 -268.52 1.14 0.11 -0.30 
4.38 1.88 -275.37 0.95 0.14 -0.12 
1.24 0.67 -284.99 0.98 0.12 -0.26 
0.42 -1.23 -290.78 1.27 0.36 -0.19 
-4.54 8.03 -297.53 0.98 0.02 -0.40 
2.56 -1.45 -303.47 0.05 0.48 0.50 
3.36 -7.61 -308.72 1.29 0.41 -0.10 
3.62 1.18 -324.42 1.47 0.21 -0.43 
22.09 23.89 320.11 0.41 0.00 -0.21 
-2.67 -1.58 309.84 0.31 -0.01 -0.01 
0.96 -0.93 306.22 1.79 0.16 -0.22 
2.95 0.73 295.75 1.04 -0.07 -0.29 
4.21 5.02 289.08 1.10 0.23 -0.23 
1.96 2.14 280.83 1.05 0.13 -0.08 
10.91 4.54 259.53 1.12 0.18 -0.35 
9.99 18.44 221.35 1.01 0.16 -0.19 
0.94 1.77 215.73 1.07 0.24 -0.28 
11.78 9.00 204.47 0.40 -0.29 0.24 
-9.51 -8.40 198.35 1.22 0.31 -0.21 
24.77 22.05 202.35 1.46 0.08 -0.36 
-0.82 -7.28 177.72 0.62 -0.15 0.00 
22.99 2.21 158.63 1.08 -0.21 -0.27 
6.93 4.64 141.62 0.96 0.12 -0.27 
3.89 1.01 130.96 0.77 0.09 -0.02 
14.28 11.95 115.29 1.32 0.21 -0.36 
3.40 6.16 108.24 0.89 0.40 -0.30 
5.56 -5.54 89.31 1.17 0.21 -0.20 
9.24 9.28 80.69 0.92 0.28 -0.32 
-2.69 2.17 67.37 0.97 0.15 -0.30 
-6.27 4.44 57.12 0.97 0.13 -0.33 
-1.89 2.84 45.43 0.98 0.10 -0.30 
24.24 13.07 11.73 0.80 -0.43 -0.22 
9.15 5.08 -4.20 0.67 0.20 -0.31 
15.09 1.67 -16.08 1.80 -0.04 -0.27 
9.26 -1.51 -32.22 0.07 0.34 0.08 
-8.62 1.32 -42.07 1.56 0.59 -0.41 
23.15 7.46 -53.43 1.10 0.23 -0.07 
1.08 5.89 -66.02 0.96 0.11 -0.27 
0.12 3.91 -76.00 0.80 0.12 -0.19 
7.69 2.44 -96.89 1.13 0.14 -0.23 
7.61 8.73 -103.38 1.17 0.29 -0.36 
7.76 5.09 -115.82 0.67 0.09 -0.18 
3.54 5.64 -138.00 1.19 0.09 -0.24 
-0.27 4.88 -145.91 0.88 0.21 -0.26 
3.14 1.87 -158.03 1.19 0.24 -0.29 
1.39 3.44 -159.87 0.95 0.23 -0.21 
10.00 -5.48 -189.33 0.50 0.00 -0.19 
0.39 -3.80 -180.08 1.52 -0.13 -0.39 
-12.22 -6.94 -194.67 0.18 0.03 -0.12 
-5.16 9.36 -217.26 1.47 -0.09 -0.58 
1.21 6.46 -222.31 1.01 0.19 -0.32 
4.08 2.19 -237.06 0.97 0.22 -0.30 
1.03 8.61 -251.65 1.09 0.13 -0.31 
-0.66 -4.27 -261.12 1.08 0.21 -0.33 
15.06 10.89 -276.87 1.13 0.07 -0.30 
3.52 1.19 -288.82 0.78 0.18 -0.37 
2.01 1.80 -302.00 1.17 0.07 -0.35 
4.45 7.57 -315.00 0.92 0.28 -0.38 
-1.74 3.65 -327.25 0.97 0.27 -0.30 
-2.43 -0.31 312.81 1.01 0.07 -0.25 
0.99 4.22 301.65 1.04 0.15 -0.33 
-24.06 12.93 299.39 0.55 -0.11 -0.43 
13.46 1.94 274.85 0.58 0.04 -0.18 
20.34 4.36 276.76 1.56 0.08 -0.27 
-7.96 9.17 259.47 0.72 -0.10 -0.49 
8.37 8.19 254.80 1.19 0.20 -0.32 
7.15 6.60 245.20 1.02 0.22 -0.19 
4.60 4.32 231.46 1.00 0.14 -0.24 
5.47 3.91 214.26 0.81 0.11 -0.16 
8.31 5.80 196.96 1.18 0.27 -0.28 
8.71 11.52 191.94 0.96 0.17 -0.20 
6.12 7.04 178.88 1.24 0.22 -0.26 
1.35 6.07 169.90 0.90 0.18 -0.18 
-2.41 -0.72 157.37 1.00 0.12 -0.28 
3.44 2.73 145.35 1.02 0.12 -0.25 
4.34 4.15 133.31 1.00 0.17 -0.25 
9.28 2.94 109.24 1.56 0.29 -0.36 
-8.76 4.09 98.69 0.53 -0.16 -0.21 
-16.71 -1.92 77.13 1.56 0.08 -0.58 
-3.98 6.27 67.49 0.10 0.25 0.08 
-14.20 -0.02 64.98 1.73 0.53 -0.46 
8.71 12.50 57.09 0.93 0.20 -0.12 
7.85 3.02 41.55 1.03 0.14 -0.32 
3.68 6.47 29.19 1.13 0.24 -0.24 
11.42 4.42 15.57 0.72 0.07 -0.24 
3.40 1.97 2.68 1.38 0.30 -0.27 
7.16 6.13 -17.11 0.75 0.33 -0.29 
4.50 4.70 -26.74 1.08 0.30 -0.29 
4.55 7.93 -40.54 1.00 0.23 -0.34 
1.99 3.71 -52.65 0.99 0.18 -0.26 
4.38 1.29 -68.09 0.95 0.12 -0.21 
0.31 3.84 -81.20 1.00 0.25 -0.33 
1.80 1.54 -95.43 1.65 0.48 -0.23 
-2.84 1.15 -113.67 0.30 -0.16 -0.10 
-10.18 7.08 -129.96 1.70 0.33 -0.57 
4.91 9.24 -146.69 -0.33 0.64 -0.11 
1.05 20.53 -141.79 1.49 0.36 -0.73 
-5.17 3.49 -147.39 1.13 0.25 0.00 
-1.31 1.30 -155.67 0.98 0.20 -0.28 
4.54 4.30 -168.68 1.02 0.24 -0.16 
4.79 4.30 -185.71 0.87 0.16 -0.24 
5.56 0.31 -198.95 1.22 0.19 -0.21 
22.05 17.42 -212.58 0.76 0.19 -0.31 
-1.33 -3.98 -230.78 1.36 0.01 -0.08 
1.96 7.14 -244.43 1.02 0.15 -0.25 
2.02 2.53 -258.58 1.01 0.17 -0.23 
1.87 3.32 -272.47 1.02 0.14 -0.26 
6.43 6.14 -285.63 1.00 0.14 -0.26 
5.46 3.23 -298.45 1.00 0.19 -0.22 
3.57 3.92 -310.64 1.01 0.18 -0.22 
-0.31 13.29 -327.35 -0.35 -0.33 0.04 
-3.43 -1.32 325.67 1.77 0.94 -0.51 
40.31 18.94 310.87 -0.14 0.41 0.01 
2.12 2.15 299.48 1.28 0.42 -0.56 
9.36 4.04 287.74 0.79 0.36 -0.40 
8.78 8.28 274.60 0.97 0.35 -0.30 
5.52 3.77 259.61 0.98 0.20 -0.41 
6.76 6.84 247.45 1.03 0.31 -0.37 
3.59 -1.12 232.95 0.70 0.17 -0.28 
6.71 6.68 221.90 1.15 0.23 -0.29 
2.92 1.85 208.89 0.79 -0.12 -0.31 
8.94 12.04 199.97 1.03 0.64 -0.50 
1.61 4.89 187.58 0.96 0.39 -0.39 
3.27 4.05 174.70 0.96 0.24 -0.32 
-8.56 -0.26 164.56 1.07 0.20 -0.42 
5.57 5.07 151.72 0.93 0.29 -0.36 
12.66 8.43 138.19 0.95 -0.24 -0.31 
22.12 13.52 109.40 0.52 -0.05 -0.43 
7.91 -1.73 105.00 1.36 -0.21 -0.20 
5.48 11.12 86.63 0.48 -0.09 -0.18 
10.30 -0.36 76.11 1.12 -0.17 -0.32 
-0.68 4.78 61.84 0.92 0.19 -0.32 
3.12 5.91 50.62 0.98 0.19 -0.26 
3.68 5.12 39.82 1.00 0.21 -0.27 
-2.21 -6.38 21.20 0.63 -0.18 -0.12 
-7.70 -2.85 16.77 1.58 0.48 -0.50 
-5.18 10.39 13.22 0.79 0.36 -0.45 
7.08 8.69 -3.40 1.11 0.18 -0.31 
-1.42 7.95 -11.97 0.93 0.20 -0.37 
5.65 4.66 -25.77 1.00 0.19 -0.24 
5.63 4.22 -38.33 1.04 0.23 -0.26 
3.59 3.83 -51.66 0.98 0.18 -0.23 
4.98 7.70 -63.72 1.38 0.33 -0.41 
16.79 -14.24 -79.35 0.38 -0.11 0.29 
0.91 12.44 -87.25 2.05 0.36 -0.66 
-18.07 -9.50 -100.61 -0.34 0.69 0.01 
-8.55 7.42 -113.85 1.63 0.43 -0.48 
3.87 7.59 -123.78 0.87 0.26 -0.09 
5.84 4.71 -136.57 1.05 0.25 -0.25 
3.62 2.64 -150.24 1.14 0.22 -0.23 
6.51 2.00 -162.23 0.76 0.23 -0.21 
12.45 -3.03 -187.42 1.04 0.19 -0.26 
-2.21 -0.52 -202.66 0.88 0.27 -0.26 
2.90 7.54 -209.15 0.94 0.25 -0.17 
0.94 5.21 -222.29 0.97 0.16 -0.28 
1.21 3.04 -234.98 0.98 0.21 -0.25 
4.08 13.60 -250.54 1.08 0.07 -0.03 
-3.27 -4.65 -261.52 0.77 0.28 -0.16 
11.34 8.09 -282.15 1.43 0.11 -0.13 
4.77 5.91 -290.56 1.03 0.29 -0.32 
6.04 2.04 -301.32 1.04 0.21 -0.18 
3.61 7.45 -313.34 1.06 0.16 -0.33 
0.08 6.79 315.53 0.92 -0.03 -0.18 
9.19 0.00 301.56 0.66 0.17 -0.22 
0.95 8.86 283.71 1.56 0.21 -0.12 
3.47 -3.55 264.87 0.30 0.44 -0.34 
-6.88 4.46 265.15 1.13 0.58 -0.64 
3.69 11.08 258.20 0.90 0.35 -0.38 
7.03 4.40 244.37 1.03 0.17 -0.27 
5.30 7.14 231.90 1.05 0.34 -0.32 
4.78 -0.45 217.20 0.81 0.22 -0.20 
10.27 7.75 205.11 1.04 0.29 -0.22 
-2.46 1.83 193.62 1.02 0.14 -0.18 
8.91 5.87 180.43 1.04 0.35 -0.29 
4.46 7.17 165.96 1.01 0.16 -0.31 
1.23 9.34 155.25 0.90 0.31 -0.27 
2.66 1.75 141.53 1.08 0.21 -0.24 
3.07 2.83 129.13 0.98 0.17 -0.28 
-9.01 6.63 105.48 0.98 0.08 -0.48 
5.87 -3.08 90.41 0.56 0.02 -0.25 
0.51 19.97 81.66 1.46 -0.14 -0.24 
0.92 -0.84 59.07 0.29 0.12 -0.29 
17.53 6.82 45.24 0.95 0.31 -0.46 
7.61 11.77 37.72 0.83 0.29 -0.32 
8.92 5.42 23.10 1.01 0.16 -0.31 
2.17 4.15 12.32 1.05 0.16 -0.25 
1.49 8.48 -3.86 0.91 0.14 -0.21 
3.55 1.60 -14.73 1.11 0.07 -0.24 
14.42 10.54 -30.45 0.89 0.25 -0.39 
11.98 1.28 -43.33 1.03 0.16 -0.22 
-3.68 -0.57 -58.21 0.94 0.14 -0.08 
-5.57 1.92 -68.56 1.06 0.10 -0.23 
0.73 4.27 -81.33 1.05 0.18 -0.19 
-4.26 -2.36 -108.11 1.69 0.25 -0.08 
-12.10 -10.85 -125.56 0.31 0.05 -0.33 
-29.72 -4.13 -144.58 1.48 -0.04 -0.20 
1.69 0.44 -147.60 1.12 0.63 -0.48 
0.69 -1.86 -147.59 1.43 0.79 -0.62 
8.42 10.83 -153.87 0.80 0.36 -0.29 
-0.66 -0.24 -162.20 0.83 0.24 -0.30 
-0.27 4.04 -170.82 1.29 0.06 -0.06 
3.53 0.89 -175.99 0.91 0.32 -0.23 
4.94 2.31 -186.72 1.12 0.33 -0.32 
-3.57 2.08 -193.83 1.01 0.25 -0.11 
8.98 -1.77 -202.82 0.79 0.25 -0.13 
2.98 0.26 -206.77 1.25 0.43 -0.32 
12.21 8.82 -217.02 0.84 0.22 -0.32 
1.31 -1.30 -224.10 0.70 0.26 -0.05 
8.86 4.83 -232.34 1.19 0.42 -0.36 
5.03 4.02 -17.84 0.97 0.22 -0.26 
5.57 8.21 -31.65 1.47 0.38 -0.27 
10.32 2.88 -45.48 0.20 0.45 -0.25 
-23.14 12.40 -54.76 1.68 0.23 -0.56 
3.65 3.14 -62.88 -0.15 0.98 0.14 
-11.50 2.52 -56.99 1.26 0.59 -0.36 
3.84 3.93 -68.08 1.23 0.41 0.29 
0.95 3.67 -79.63 1.00 0.16 -0.28 
3.14 0.08 -93.02 1.00 0.19 -0.20 
9.46 2.35 -110.86 0.77 0.17 -0.27 
3.14 5.06 -120.21 1.11 0.26 -0.28 
6.06 6.56 -132.94 0.84 0.30 -0.24 
12.46 5.86 -147.77 1.08 0.31 -0.39 
-1.40 2.21 -158.83 0.93 0.21 -0.23 
-4.38 2.56 -169.31 0.95 0.15 -0.24 
5.55 2.85 -182.42 1.04 0.20 -0.26 
18.80 13.03 -205.34 1.01 -0.26 -0.17 
10.30 0.32 -223.65 0.66 0.05 -0.15 
31.51 -4.88 -238.14 1.20 -0.40 -0.38 
6.94 3.12 -253.00 0.60 0.11 -0.27 
-23.08 -15.75 -257.29 1.10 0.03 0.10 
7.15 6.39 -270.43 0.85 0.22 -0.43 
11.89 9.10 -285.42 1.01 0.40 -0.13 
5.86 8.29 -298.65 1.23 0.33 -0.47 
5.45 -2.70 -309.40 0.82 0.15 -0.29 
11.83 8.96 -324.32 1.05 0.07 -0.19 
-13.45 -8.50 320.27 0.88 0.04 -0.21 
-0.65 4.32 307.16 0.76 0.12 -0.22 
-3.34 3.62 299.15 0.97 0.13 -0.28 
3.42 3.69 286.51 1.01 0.14 -0.28 
9.91 3.69 270.02 1.05 0.22 -0.25 
2.37 -4.60 247.73 1.75 0.43 -0.73 
-6.20 2.11 238.54 0.44 0.00 -0.20 
-36.02 -21.28 209.39 1.77 0.22 -0.67 
-10.60 2.73 203.77 0.26 0.10 -0.05 
-20.32 4.21 192.58 1.44 0.14 -0.49 
10.34 8.75 178.37 0.93 0.18 -0.41 
7.31 6.48 166.37 1.13 0.30 -0.40 
16.79 3.87 152.89 0.62 0.10 -0.23 
-4.59 1.20 136.35 1.24 0.00 -0.10 
9.55 9.38 116.82 0.67 0.03 -0.50 
-7.90 -3.96 109.45 0.99 0.27 -0.56 
3.81 8.38 98.45 0.86 0.23 -0.32 
-3.07 -0.61 90.96 0.99 0.32 -0.23 
6.07 3.13 76.41 1.02 0.13 -0.28 
0.42 4.09 64.50 1.26 0.37 -0.46 
-18.00 -6.65 71.57 0.37 0.27 0.06 
-24.65 -31.73 51.03 1.68 -0.07 -0.54 
20.33 2.44 33.93 0.55 0.35 -0.31 
-24.36 -7.99 34.14 0.83 0.29 -0.35 
20.82 14.72 14.86 0.93 0.16 -0.27 
7.55 1.97 1.50 1.00 0.20 -0.32 
1.73 9.69 -15.95 1.19 0.36 -0.07 
3.90 -2.95 -25.39 0.95 0.17 -0.31 
11.69 11.10 -35.90 0.92 0.05 -0.15 
-1.98 -5.22 -46.45 1.01 0.13 -0.33 
0.07 6.41 -57.60 0.86 0.22 -0.28 
-7.75 -1.35 -66.87 0.99 0.18 -0.25 
3.53 4.29 -80.57 0.97 0.20 -0.25 
5.80 1.05 -98.28 1.82 0.61 -0.24 
-33.94 -14.02 -100.33 0.35 0.15 -0.35 
2.98 1.74 -118.34 1.53 -0.18 -0.45 
15.97 11.89 -141.58 0.65 -0.24 -0.43 
-25.41 -17.62 -162.73 0.77 -0.06 -0.36 
-1.45 1.42 -171.59 1.01 0.13 -0.25 
4.52 7.16 -186.34 0.90 0.28 -0.22 
-0.26 0.33 -196.79 1.16 0.14 -0.25 
14.67 13.66 -213.49 0.57 0.28 -0.23 
1.37 4.88 -219.91 1.24 0.54 -0.42 
13.38 7.15 -236.19 0.93 0.22 -0.34 
5.18 -1.69 -247.13 0.98 0.23 -0.23 
-0.88 2.65 -256.82 1.32 0.43 -0.46 
26.05 12.21 -272.45 0.15 0.15 0.08 
-3.72 10.07 -264.44 1.93 0.61 -0.87 
38.49 36.26 -274.25 0.49 0.28 -0.31 
-0.98 0.06 -285.14 0.91 0.37 -0.25 
-16.17 -21.04 -282.49 1.22 -0.25 -0.04 
3.32 1.54 -294.95 0.99 0.22 -0.31 
10.98 10.18 -305.66 0.68 0.12 -0.25 
7.02 7.00 -316.57 1.35 0.40 -0.45 
10.33 8.03 323.19 0.77 0.37 -0.30 
3.71 1.66 313.41 1.09 0.21 -0.29 
3.17 4.44 299.22 0.91 0.24 -0.27 
4.49 4.44 286.23 0.98 0.14 -0.27 
2.65 3.74 273.51 1.25 0.42 -0.35 
24.14 8.31 255.59 0.40 0.40 0.10 
-7.85 7.09 261.02 1.69 0.54 -0.78 
17.40 15.84 258.45 1.37 -0.18 -0.24 
9.20 -4.54 233.68 0.53 0.19 -0.32 
20.30 10.82 228.38 1.35 0.27 -0.35 
8.49 3.73 212.04 0.90 0.25 -0.33 
3.75 5.52 200.38 1.11 0.28 -0.32 
14.58 5.16 181.82 0.82 -0.02 -0.36 
22.75 13.02 162.88 1.03 0.17 -0.22 
-4.01 -0.56 153.79 0.87 0.09 -0.22 
4.46 4.59 141.58 1.17 0.46 -0.44 
2.89 5.52 126.40 1.01 0.26 -0.39 
14.33 9.04 92.82 1.44 -0.49 -0.87 
1.62 2.23 68.80 0.39 0.14 -0.60 
9.68 6.86 69.78 2.06 0.23 -0.35 
3.90 11.20 45.71 0.37 0.06 -0.42 
-23.55 -7.78 28.58 0.99 -0.14 -0.26 
5.98 1.36 9.41 0.94 0.19 -0.38 
-4.36 4.40 -3.93 0.61 -0.02 -0.38 
6.20 3.15 -13.20 1.13 0.16 -0.44 
-3.54 4.35 -30.36 0.81 0.20 -0.34 
11.61 5.12 -40.93 1.26 0.30 -0.37 
-3.49 1.93 -58.01 0.99 0.17 -0.39 
