-18.78 -24.02 -141.59 -0.48 -1.35 1.04 
12.84 20.37 -107.97 -0.16 -0.12 1.67 
20.13 27.75 -116.82 -0.04 -0.08 0.03 
4.83 3.68 -109.34 -0.89 -0.17 0.32 
24.74 10.01 -112.79 -1.48 0.39 0.65 
16.79 9.16 -134.54 -0.65 -0.32 0.18 
-12.34 -6.15 -123.80 -0.07 -0.93 -0.22 
-21.65 -19.00 -110.04 -0.87 -0.42 0.08 
-19.55 -2.54 -115.03 -1.00 0.13 1.14 
8.32 3.82 -114.04 -0.67 -0.05 0.39 
14.69 -6.90 -137.28 -0.44 -0.26 0.32 
-18.78 -29.98 -115.70 -0.35 -1.16 0.96 
3.71 16.61 -156.88 -0.80 -1.08 -0.84 
-5.32 4.10 -157.73 -0.88 0.05 0.31 
-15.58 2.15 -111.99 -0.03 -1.12 -0.22 
29.56 24.52 -108.26 -0.63 0.01 0.66 
11.88 -2.18 -130.82 -0.50 -0.12 0.00 
-11.62 -27.13 -132.47 -0.67 -1.40 0.50 
-19.34 -4.90 -99.75 -0.72 -0.83 1.22 
15.63 31.71 -92.09 -0.19 0.37 1.10 
7.65 4.54 -103.12 -0.56 -1.08 -0.55 
36.82 25.79 -105.49 -1.80 1.01 0.63 
17.06 4.28 -134.63 -0.13 -0.65 0.11 
-13.53 -3.10 -114.05 -0.02 -0.84 -0.10 
-30.78 -24.48 -106.61 -0.86 -0.05 0.02 
-21.29 -11.40 -110.83 -0.89 -0.62 0.57 
0.63 2.15 -114.36 -0.68 0.00 0.37 
20.96 -8.44 -134.39 -0.50 -0.29 0.30 
-6.29 -22.17 -135.73 -0.42 -0.81 0.67 
-20.71 -14.00 -108.52 -0.51 -1.02 0.97 
8.39 33.45 -96.57 0.04 0.32 1.52 
16.89 12.08 -92.65 -0.37 -0.67 -0.37 
28.26 30.50 -100.89 -1.29 -0.05 0.49 
-5.51 -6.22 -121.97 0.22 -1.12 0.18 
-1.88 -1.03 -116.34 -1.01 -0.22 0.00 
-29.02 -13.29 -99.66 -0.66 -0.17 -0.14 
-13.88 -16.55 -106.03 -1.31 0.04 1.27 
6.30 5.04 -101.37 -0.69 -0.61 0.24 
8.84 0.84 -123.34 -0.57 0.13 0.34 
6.34 -20.67 -138.10 -0.34 -0.77 0.44 
-12.97 -20.28 -121.46 -0.36 -1.20 0.85 
4.36 12.27 -90.04 -0.32 -0.31 1.54 
13.23 28.55 -88.81 -0.12 -0.08 0.58 
2.46 3.55 -89.88 -0.72 -0.75 -0.22 
8.05 9.63 -90.76 -1.20 0.12 0.80 
9.32 19.89 -94.46 -1.05 -0.18 0.12 
2.14 -0.48 -116.45 -0.07 -0.82 -0.17 
-11.93 -11.25 -96.26 -0.06 -0.54 -0.08 
-23.15 -23.07 -92.92 -1.41 0.22 0.89 
5.24 6.38 -89.79 -0.69 -0.26 0.38 
10.05 9.00 -94.82 -0.62 0.17 0.60 
10.39 -23.74 -109.30 -0.24 -0.56 0.38 
-17.09 -25.39 -100.81 -0.37 -1.25 0.92 
-4.27 3.00 -64.80 -0.21 -0.49 1.63 
13.86 36.53 -71.75 -0.10 0.04 0.58 
2.88 -2.19 -64.21 -0.70 -0.48 -0.02 
-16.50 11.95 -117.04 -0.03 -0.50 0.03 
-1.94 -5.71 -101.02 -0.12 -0.78 -0.21 
-23.28 -21.94 -85.10 -0.97 -0.02 0.04 
-14.51 -4.97 -87.72 -1.46 0.32 1.27 
4.67 1.62 -85.07 -0.64 -0.29 0.22 
15.16 4.79 -98.60 -0.57 0.33 0.51 
0.84 -20.51 -124.91 0.00 -0.87 0.41 
-11.89 -24.73 -109.99 -0.43 -1.19 0.93 
4.13 6.60 -70.46 -0.07 -0.48 1.45 
11.18 36.73 -69.21 0.04 -0.02 0.64 
7.14 2.65 -66.18 -0.74 -0.75 -0.29 
-2.93 1.50 -68.82 -0.77 -0.34 0.33 
26.92 12.79 -59.26 -1.44 0.14 1.15 
19.39 21.84 -75.49 -0.70 -0.09 -0.04 
5.56 -2.57 -74.84 0.10 -1.25 -0.18 
-20.90 -12.67 -60.62 -0.23 -0.63 0.02 
-25.84 -23.97 -62.64 -1.47 0.03 1.15 
3.88 5.16 -59.93 -0.72 -0.42 0.42 
-4.33 -1.41 -59.30 -0.66 -0.32 0.35 
12.95 1.79 -66.59 -0.53 0.03 0.55 
2.37 -19.66 -80.57 -0.39 -0.68 0.21 
-8.36 -19.40 -54.57 -0.51 -1.20 1.13 
5.65 30.95 -46.98 0.07 0.43 1.46 
7.81 7.82 -62.23 -0.32 -1.01 -0.58 
9.42 21.85 -60.24 -1.11 -0.16 1.73 
16.02 31.55 -70.42 -0.70 -0.38 -0.08 
-6.34 -3.46 -76.55 0.40 -1.05 -0.07 
-11.37 -23.97 -55.04 -0.22 -0.40 -0.03 
-21.68 -20.08 -58.60 -1.78 0.13 1.12 
2.59 1.71 -55.15 -0.55 -0.48 0.46 
2.90 3.29 -54.80 -0.69 -0.28 0.68 
8.58 5.13 -72.88 -0.25 -0.20 0.36 
-9.98 -25.54 -84.43 -0.29 -0.83 0.40 
-10.30 -21.39 -52.94 -0.35 -1.09 1.08 
5.91 25.74 -42.43 0.13 0.21 1.46 
5.36 11.56 -60.36 -0.34 -0.77 -0.28 
14.83 27.87 -62.64 -1.46 -0.06 1.18 
1.29 19.16 -75.79 -0.28 -0.39 -0.19 
-5.49 -9.62 -71.48 -0.27 -0.41 -0.35 
-20.98 -44.49 -70.21 -0.69 -0.49 0.54 
1.58 3.40 -66.38 -0.63 -0.45 0.93 
-0.62 1.82 -66.09 -0.44 -0.47 0.44 
0.98 -0.08 -65.64 -0.58 -0.46 0.61 
9.81 7.46 -79.73 -0.31 -0.09 0.51 
-0.39 -24.10 -89.60 -0.04 -0.78 0.42 
-10.78 -19.78 -66.14 -0.18 -1.21 1.09 
9.90 26.00 -44.58 0.13 0.02 1.56 
7.82 31.57 -62.49 0.13 -0.19 0.18 
-2.71 -0.45 -59.32 -0.86 -0.49 0.37 
7.38 4.26 -60.20 -1.09 -0.29 0.80 
9.88 31.11 -73.43 -0.50 -0.32 0.13 
-0.74 -0.06 -68.95 0.10 -0.78 -0.37 
-21.05 -38.03 -57.84 -0.57 -0.42 0.14 
-3.16 1.56 -57.58 -0.81 -0.39 1.13 
-5.90 -0.75 -57.46 -0.47 -0.46 0.29 
6.11 4.57 -57.82 -0.59 -0.08 0.80 
8.86 -7.33 -71.74 -0.23 -0.56 0.30 
-5.13 -24.68 -73.68 -0.21 -1.03 0.72 
-6.39 -6.07 -41.98 -0.14 -0.73 1.38 
6.73 30.22 -34.42 0.21 0.05 1.16 
7.85 21.02 -47.30 -0.18 -0.49 -0.08 
-5.11 0.24 -40.23 -0.73 -0.29 0.48 
-0.71 0.28 -40.99 -0.66 -0.42 0.44 
24.33 19.64 -49.12 -1.53 0.15 1.44 
-2.60 13.42 -72.55 0.28 -0.67 -0.03 
-6.21 -11.82 -57.77 -0.06 -0.86 -0.34 
-21.46 -31.54 -49.63 -1.02 -0.37 0.75 
-2.01 2.77 -44.36 -0.67 -0.44 0.60 
-0.43 1.02 -42.60 -0.63 -0.29 0.53 
10.52 0.32 -56.42 -0.38 -0.19 0.54 
-15.42 -27.57 -75.13 0.02 -1.04 0.31 
-2.27 -20.40 -50.60 -0.16 -1.18 1.10 
6.45 -6.95 -57.95 -0.72 -0.95 0.03 
7.21 10.10 -59.39 -1.22 -0.16 1.36 
5.68 24.55 -70.75 -0.24 -0.36 0.09 
-2.07 -5.57 -61.42 0.00 -0.67 -0.38 
-16.69 -34.46 -54.78 -0.67 -0.36 0.26 
-2.90 1.38 -48.77 -0.56 -0.53 1.12 
0.76 2.78 -46.98 -0.38 -0.44 0.44 
-3.58 -2.16 -45.82 -0.56 -0.47 0.66 
5.12 4.79 -50.53 -0.49 -0.17 0.86 
7.67 -6.74 -70.20 -0.17 -0.46 0.16 
-8.89 -28.57 -64.86 -0.26 -1.23 0.60 
6.30 6.09 -22.55 0.17 -0.60 1.98 
9.86 40.62 -31.46 0.32 0.07 0.65 
6.83 -8.03 -33.33 -0.77 -1.01 -0.13 
-2.23 2.94 -33.86 -0.61 -0.41 0.23 
14.99 34.22 -38.48 -1.37 -0.12 0.88 
6.37 1.61 -57.56 0.36 -0.70 -0.13 
-13.83 -9.97 -45.41 0.00 -0.64 -0.33 
-21.05 -45.61 -48.40 -0.87 -0.29 0.47 
-4.52 11.66 -43.66 -0.70 -0.26 1.02 
-1.17 0.75 -41.68 -0.59 -0.38 0.43 
18.56 4.53 -57.98 -0.34 -0.02 0.64 
2.76 -24.30 -76.41 -0.14 -0.70 0.27 
-11.62 -22.32 -50.50 -0.21 -1.44 1.33 
5.31 33.82 -26.53 0.17 -0.01 1.65 
19.17 22.99 -38.35 0.10 -0.07 -0.12 
-4.71 -1.36 -40.62 -1.09 -0.11 0.41 
1.34 -2.06 -40.88 -0.83 -0.23 0.25 
14.13 33.22 -69.84 -1.11 0.11 0.49 
-8.48 6.84 -69.25 0.80 -1.28 -0.03 
-13.27 -21.79 -48.55 -0.51 -0.29 -0.14 
-21.79 -17.31 -53.47 -1.53 -0.23 1.17 
1.27 -1.55 -50.34 -0.60 -0.33 0.28 
-0.71 -2.13 -50.98 -0.81 -0.41 0.54 
10.51 8.19 -64.71 -0.48 0.04 0.51 
3.45 -22.86 -78.62 -0.17 -0.77 0.07 
-13.17 -29.26 -54.44 -0.27 -1.50 1.25 
3.44 29.57 -36.51 0.15 0.30 1.58 
12.31 26.27 -53.78 -0.07 -0.39 -0.14 
-1.09 0.81 -53.62 -0.78 -0.41 0.45 
18.99 43.81 -70.62 -0.93 -0.26 0.79 
-3.81 0.72 -73.50 0.51 -0.99 -0.05 
-13.56 -19.69 -54.77 -0.29 -0.20 -0.23 
-27.06 -12.13 -68.98 -1.92 -0.10 1.21 
-2.21 4.41 -64.95 -0.47 -0.53 0.18 
-5.69 -5.45 -65.05 -0.69 -0.49 0.57 
7.90 2.72 -61.07 -0.71 -0.16 0.79 
10.48 2.19 -76.48 -0.34 -0.29 0.21 
-7.97 -22.57 -86.30 -0.28 -1.13 0.40 
-2.80 -6.52 -48.71 -0.46 -0.85 1.57 
14.33 31.11 -43.91 -0.04 0.01 0.98 
12.55 14.83 -56.98 -0.32 -0.50 -0.36 
-2.81 3.62 -53.68 -0.78 -0.14 0.26 
0.35 -0.18 -61.16 -0.73 -0.28 0.42 
12.65 37.23 -67.64 -1.26 -0.35 0.63 
-6.65 -2.91 -73.77 0.73 -0.93 0.06 
-10.18 -18.25 -51.69 -0.53 -0.25 -0.14 
-18.47 -1.31 -64.21 -1.76 -0.05 1.36 
-6.98 -1.24 -61.71 -0.35 -0.59 0.16 
4.40 5.39 -57.05 -0.79 -0.26 0.76 
11.13 -0.12 -73.53 -0.35 -0.29 0.24 
-0.30 -32.08 -85.36 0.01 -1.08 0.36 
0.23 -12.55 -43.51 -0.18 -1.02 1.44 
8.70 35.61 -35.91 0.29 0.04 1.15 
11.95 18.27 -50.46 -0.16 -0.24 -0.20 
-4.83 0.20 -46.98 -0.89 -0.42 0.43 
2.43 -1.29 -47.91 -0.77 -0.36 0.31 
20.89 4.61 -53.99 -1.38 -0.26 1.29 
12.68 36.82 -69.49 -0.40 -0.23 0.06 
8.22 1.80 -59.87 0.25 -0.81 -0.27 
-17.60 -31.56 -42.96 -0.82 -0.29 -0.06 
-13.58 0.96 -45.22 -1.00 -0.08 1.46 
-2.84 -3.04 -47.43 -0.45 -0.36 0.24 
0.19 -0.12 -47.91 -0.67 -0.47 0.60 
-5.09 -3.73 -39.94 -0.59 -0.66 0.29 
6.48 1.48 -48.55 -0.36 0.22 0.87 
0.30 -10.65 -70.98 -0.16 -0.57 0.34 
6.36 -28.30 -55.72 -0.38 -1.53 0.95 
2.91 26.14 -31.38 -0.08 0.01 1.79 
11.09 23.35 -45.19 -0.01 -0.28 -0.19 
-3.79 3.05 -43.99 -0.90 -0.21 0.54 
6.08 -3.60 -45.47 -1.03 -0.36 0.53 
19.29 33.98 -66.15 -0.87 -0.41 0.43 
-3.05 5.72 -60.35 0.42 -1.01 -0.33 
-26.87 -48.32 -49.28 -0.96 -0.26 0.50 
-8.11 7.70 -50.09 -0.92 -0.14 0.76 
-1.62 -0.30 -50.35 -0.58 -0.37 0.34 
-6.20 -2.89 -49.71 -0.68 -0.55 0.60 
10.23 5.83 -50.26 -0.54 0.01 0.96 
11.44 -2.10 -63.85 -0.27 -0.44 0.15 
-13.80 -28.36 -65.86 -0.56 -1.35 0.52 
0.06 5.90 -26.38 -0.30 -0.53 2.14 
21.00 33.68 -35.61 0.13 0.06 0.49 
0.29 -2.07 -35.75 -0.72 -1.30 -0.19 
-5.00 -1.64 -42.35 -0.54 -0.12 0.12 
8.00 -16.78 -53.93 -1.48 -0.64 1.09 
25.77 43.03 -47.72 -0.92 -0.40 0.32 
-4.64 -5.32 -52.29 0.65 -1.00 0.01 
-25.13 -30.64 -38.66 -0.72 -0.11 0.04 
-1.52 2.06 -31.93 -0.87 -0.55 1.00 
6.35 2.72 -36.63 -0.54 0.26 0.47 
9.26 -23.65 -56.34 -0.14 -0.52 0.24 
-10.42 -24.97 -34.77 -0.43 -1.46 1.13 
5.92 26.25 -4.27 -0.01 0.00 1.94 
11.65 34.38 -13.72 0.20 -0.10 0.17 
14.47 1.59 0.32 -0.83 -0.76 0.19 
5.53 2.13 -7.68 -1.58 -0.50 0.55 
13.33 35.68 -18.77 -0.71 -0.32 -0.09 
5.04 4.16 -17.28 0.35 -1.18 0.03 
-21.82 -22.16 4.08 -0.14 -0.19 -0.05 
-12.11 -7.29 5.79 -1.40 0.05 1.83 
9.04 3.46 7.58 -0.55 0.09 0.27 
4.14 -16.00 -17.84 -0.30 -0.38 0.10 
-6.47 -31.15 -9.95 -0.30 -1.42 0.99 
-0.77 21.50 25.97 -0.25 -0.13 1.89 
9.90 41.14 17.17 0.29 0.11 0.42 
8.63 -1.05 29.83 -0.78 -0.80 0.29 
-2.01 -4.05 29.84 -0.96 -0.41 0.45 
19.61 44.28 12.15 -0.88 -0.14 -0.02 
-13.68 -11.29 -7.98 0.85 -1.25 -0.07 
-13.80 -24.59 19.48 -0.17 -0.30 -0.15 
-8.49 -15.48 16.16 -1.02 -0.43 1.35 
-0.79 1.30 19.02 -0.56 -0.18 0.41 
6.76 4.31 4.09 -0.57 -0.03 0.40 
0.22 -26.04 -12.16 -0.06 -0.82 0.25 
-7.91 -25.66 20.48 -0.41 -1.47 1.33 
8.70 37.61 37.69 0.12 0.31 1.58 
14.71 19.15 18.39 -0.15 -0.46 -0.41 
-6.98 3.76 23.76 -0.73 -0.32 0.29 
1.20 -2.82 23.82 -0.91 -0.29 0.32 
24.48 37.19 -4.43 -1.16 0.06 0.15 
-9.44 -3.78 -9.08 0.51 -1.13 0.30 
-8.10 -15.34 10.35 0.04 -0.74 0.01 
-17.19 -27.29 29.00 -1.51 0.49 1.09 
30.65 19.97 10.85 -0.56 0.25 0.48 
5.71 -38.89 -0.05 -0.08 -0.68 0.08 
-4.32 -13.79 42.07 -0.19 -0.68 1.89 
8.34 42.76 26.50 0.17 -0.10 0.41 
4.77 1.69 30.78 -0.90 -0.48 0.04 
3.10 -0.99 29.50 -0.76 -0.36 0.41 
17.27 39.95 17.35 -0.98 -0.19 0.60 
0.06 -1.11 35.23 0.11 -0.70 -0.34 
-10.00 -51.10 42.52 -1.35 -0.25 1.46 
6.38 3.62 47.97 -0.66 -0.19 0.54 
2.44 1.85 48.62 -0.65 0.04 0.85 
5.32 5.70 40.45 -0.49 0.22 0.67 
5.92 -8.30 25.72 -0.21 -0.51 -0.02 
-4.58 -14.23 18.54 -0.14 -0.89 0.27 
1.68 -0.04 -187.70 -0.39 -0.47 0.18 
7.87 3.78 -201.45 -0.46 -0.11 0.54 
2.88 -28.35 -215.39 -0.11 -0.68 0.27 
-9.41 -26.52 -195.46 -0.15 -1.25 1.29 
5.96 27.07 -170.38 0.18 -0.04 1.65 
8.05 32.33 -177.42 0.04 -0.09 0.17 
-11.46 -8.69 -181.99 -0.90 -0.50 0.34 
9.14 -4.69 -187.50 -1.37 -0.56 1.36 
8.85 37.71 -197.77 -0.32 -0.33 -0.07 
0.85 -0.01 -191.62 -0.34 -0.77 -0.34 
-33.12 -34.09 -181.10 -0.60 0.16 -0.01 
-3.44 3.32 -172.24 -0.64 -0.80 0.95 
11.66 5.58 -184.24 -0.36 0.28 0.54 
4.87 -24.45 -209.62 -0.02 -0.73 0.31 
-7.91 -30.33 -195.57 -0.24 -1.30 1.09 
6.15 7.11 -158.00 0.22 -0.44 1.52 
10.53 36.05 -164.91 0.27 0.13 0.90 
-3.20 -3.83 -175.55 -0.51 -1.28 -0.31 
4.40 -5.81 -182.42 -1.35 -0.42 0.97 
13.66 48.77 -188.95 -0.73 -0.40 0.22 
5.81 1.18 -187.93 0.27 -1.07 -0.21 
-12.83 -22.11 -169.39 -0.18 -0.17 -0.15 
-21.90 -21.60 -184.25 -1.56 0.03 1.32 
4.70 2.38 -183.43 -0.54 -0.46 0.27 
12.44 -10.71 -206.33 -0.37 -0.18 0.38 
-2.13 -25.81 -209.07 -0.16 -1.04 0.53 
-1.32 -19.67 -175.20 -0.10 -0.97 1.25 
8.48 33.99 -162.68 0.33 0.05 1.47 
17.37 19.67 -184.90 0.05 -0.16 -0.19 
-5.92 -1.46 -186.55 -1.09 -0.56 0.67 
23.62 -2.93 -185.45 -1.38 -0.26 1.26 
6.01 35.61 -193.79 -0.29 -0.59 0.06 
-6.42 0.72 -188.98 0.04 -0.67 -0.31 
-23.69 -29.73 -176.16 -0.67 -0.18 0.00 
-14.28 -13.04 -178.47 -1.12 -0.62 1.24 
3.63 -2.97 -175.75 -0.56 -0.05 0.47 
11.56 -5.24 -194.74 -0.30 -0.21 0.35 
-4.19 -29.90 -203.24 -0.21 -0.94 0.57 
-4.15 -12.35 -173.45 0.00 -0.94 1.32 
4.17 33.28 -161.59 0.23 0.04 1.36 
9.27 23.80 -182.94 -0.09 -0.54 -0.18 
10.81 -0.91 -181.31 -1.32 -0.47 0.61 
1.36 -41.23 -114.45 0.00 -0.46 -0.21 
-24.17 -33.29 -119.72 -1.96 -0.13 0.86 
7.15 1.84 -108.48 -0.54 -0.31 0.51 
-5.70 0.89 -112.10 -0.51 -0.47 0.45 
8.64 2.03 -109.16 -0.55 -0.21 0.70 
4.02 -1.12 -124.00 -0.29 -0.04 0.22 
-5.09 -39.73 -108.02 0.05 -1.59 0.80 
6.89 11.24 -76.28 0.29 -0.31 1.81 
9.57 41.00 -78.95 0.22 -0.09 0.33 
-0.49 0.09 -84.24 -0.58 -1.19 -0.06 
-7.21 -7.25 -95.25 -0.57 -0.43 0.23 
21.23 44.18 -86.80 -0.96 -0.61 0.99 
3.32 3.50 -108.74 0.72 -0.83 -0.05 
-8.39 -20.08 -86.33 -0.18 -0.50 -0.19 
20.94 8.37 -125.71 -0.49 0.15 0.39 
10.67 -24.10 -152.44 0.09 -1.00 0.21 
7.14 -36.04 -123.18 0.28 -1.62 1.19 
4.88 22.39 -100.50 0.48 -0.18 1.67 
10.02 40.39 -109.63 -0.04 -0.04 0.02 
-1.07 0.45 -110.81 -0.55 -0.68 0.39 
17.36 42.47 -104.66 -0.96 -0.14 1.48 
-1.38 -3.61 -131.66 0.44 -0.58 -0.15 
-8.93 -11.07 -104.46 -0.13 -0.43 -0.06 
-12.91 -29.56 -109.00 -1.66 -0.12 1.01 
2.55 5.59 -107.13 -0.45 -0.15 0.47 
2.16 -8.17 -128.80 -0.20 -0.30 0.38 
-10.85 -31.62 -134.26 -0.22 -1.13 0.57 
2.54 -9.88 -100.11 -0.05 -0.81 1.44 
7.21 32.46 -95.91 0.25 0.01 1.13 
4.00 18.69 -115.27 -0.33 -0.68 -0.29 
-3.54 1.22 -115.54 -0.63 -0.35 0.33 
18.16 38.04 -112.69 -1.40 -0.11 1.60 
-5.82 11.37 -134.90 0.07 -0.46 -0.29 
-3.16 -17.54 -115.92 0.12 -0.67 -0.09 
-20.68 -29.59 -121.93 -1.32 -0.34 0.64 
1.90 7.05 -114.92 -0.44 -0.48 0.28 
12.27 6.22 -121.81 -0.54 0.10 0.79 
10.05 -19.49 -141.46 0.03 -0.70 0.18 
-5.14 -29.49 -124.24 -0.12 -1.21 1.24 
2.49 18.13 -94.68 0.24 0.02 1.73 
8.37 39.79 -103.84 0.17 -0.03 0.31 
7.33 -1.03 -107.51 -0.88 -0.69 0.34 
8.66 -5.83 -106.29 -1.28 -0.50 0.82 
19.74 35.81 -118.00 -0.80 -0.09 -0.06 
-2.88 1.47 -111.11 0.61 -1.10 0.08 
-4.18 -17.47 -89.03 -1.27 -0.17 0.14 
0.42 9.06 -86.97 -0.67 -0.29 0.68 
11.66 3.41 -95.45 -0.67 0.11 0.74 
6.45 -9.33 -116.70 -0.23 -0.35 0.20 
-5.84 -28.44 -108.84 -0.26 -1.33 0.84 
4.23 19.49 -18.54 0.38 0.29 0.80 
-4.89 0.60 -27.33 -0.44 -1.09 -0.67 
3.04 4.90 -25.87 -1.66 0.08 0.54 
16.66 29.57 -33.95 -1.33 -0.03 0.75 
5.70 10.73 -40.76 -0.23 -0.19 -0.36 
-5.02 -0.69 -37.16 0.65 -1.22 -0.27 
-7.86 -11.09 -25.08 0.12 -0.53 -0.34 
-9.35 -16.18 -17.13 -2.18 0.80 1.20 
-5.80 0.92 -17.68 -1.00 -0.01 1.00 
5.47 1.90 -14.57 -0.75 -0.23 0.20 
8.56 4.54 -16.03 -0.79 0.39 0.69 
10.00 -3.19 -33.54 -0.28 -0.13 0.07 
-20.75 -33.56 -17.61 -0.49 -1.58 1.19 
21.05 58.62 -34.39 0.38 0.04 0.56 
6.83 11.29 -43.86 -0.11 -0.65 -0.42 
5.95 2.88 -37.79 -0.98 -0.99 0.06 
-9.16 -17.61 17.93 0.02 -0.43 -0.01 
-13.69 -26.38 20.80 -2.44 1.01 1.81 
-7.14 6.35 23.22 -0.34 -0.39 0.22 
12.55 3.65 3.69 -0.43 0.35 0.27 
0.28 -31.78 -13.88 -0.17 -0.75 0.45 
-8.26 -21.61 23.41 -0.24 -1.18 1.51 
15.35 33.67 43.54 0.18 0.34 1.63 
11.51 22.14 27.44 -0.09 -0.21 -0.28 
-5.13 1.56 24.68 -1.06 -0.06 0.26 
-0.03 -5.40 22.04 -0.86 -0.42 0.20 
40.51 53.30 15.97 -1.18 0.35 0.21 
-1.26 -8.05 -4.85 0.34 -0.73 0.12 
-11.57 -13.57 17.07 -0.09 -0.54 -0.17 
-3.57 -23.24 29.92 -1.71 0.52 1.45 
-7.14 1.53 29.47 -0.56 -0.18 0.26 
11.43 4.36 29.39 -0.88 0.11 0.68 
9.79 -1.19 12.35 -0.29 -0.16 0.18 
-17.32 -39.57 1.00 -0.34 -1.35 0.51 
1.21 -8.85 51.05 -0.30 -0.59 1.70 
14.21 37.37 47.10 0.33 0.30 0.88 
6.36 15.04 21.54 -0.96 -0.84 -0.57 
-4.19 5.62 24.25 -0.74 -0.11 0.26 
-1.83 -10.95 18.04 -0.76 -0.32 0.12 
26.67 34.43 -0.31 -1.62 0.41 0.90 
-4.70 -12.76 -30.91 0.86 -0.77 0.26 
-21.28 -26.88 9.71 -0.39 -0.21 -0.32 
-25.25 -20.63 -5.01 -1.43 0.11 1.17 
-3.13 -0.55 -4.73 -0.61 -0.37 0.21 
11.20 8.06 -14.23 -0.71 0.30 0.69 
9.09 -12.71 -36.34 -0.09 -0.42 -0.05 
-14.48 -51.38 -0.33 -0.14 -1.63 1.36 
19.32 23.30 29.41 0.27 0.30 1.81 
27.26 27.05 -4.73 0.13 -0.39 -0.40 
10.31 1.28 -3.69 -0.95 -0.34 1.04 
22.41 -5.22 9.10 -1.29 -0.23 0.97 
4.06 23.35 -31.87 0.28 -0.26 0.22 
-1.31 -6.79 -12.24 0.23 -0.89 -0.46 
-31.34 -44.83 8.23 -0.98 0.09 0.07 
6.24 16.59 10.88 -0.67 -0.46 0.85 
-4.52 -4.28 11.12 -0.55 -0.32 0.38 
1.74 1.51 15.36 -0.61 -0.62 0.60 
18.48 0.25 -1.70 -0.31 -0.15 0.30 
2.76 -35.47 -20.08 0.19 -0.89 0.53 
5.89 -21.25 19.17 0.44 -1.15 1.23 
11.19 25.31 41.29 0.39 0.21 1.50 
-3.44 35.96 19.08 0.11 -0.15 -0.12 
0.94 2.88 24.02 -0.69 -0.59 0.62 
17.20 47.43 1.35 -0.75 -0.17 0.95 
-9.55 14.18 0.55 0.48 -1.26 -0.46 
-18.34 -36.28 22.82 -0.18 -0.31 0.02 
-10.72 -0.78 16.73 -0.98 -0.61 1.44 
-3.74 -3.53 21.41 -0.36 -0.42 0.05 
0.02 0.56 19.31 -0.64 -0.37 0.76 
15.74 -3.22 5.87 -0.24 -0.28 0.41 
-0.13 -28.10 -6.07 -0.03 -0.85 0.43 
1.21 -25.26 26.98 0.29 -1.19 1.33 
13.96 31.78 50.46 0.55 0.23 1.56 
3.90 36.70 36.62 0.20 -0.04 0.08 
10.64 -0.93 38.55 -0.90 -0.69 0.48 
20.22 -14.32 36.26 -1.40 -0.67 1.54 
-11.24 47.88 41.58 0.08 -0.78 -0.10 
-1.28 2.41 44.91 -0.51 -0.27 -0.29 
-18.22 -27.83 59.01 -0.50 -0.57 0.09 
1.99 4.36 65.10 -0.59 -0.92 0.97 
16.41 -1.12 63.64 -0.43 -0.07 0.37 
16.91 -20.71 28.76 0.44 -0.90 0.52 
-4.11 -26.15 42.74 0.12 -1.22 0.93 
8.98 -0.01 88.03 0.23 -0.63 1.50 
1.78 44.21 86.98 0.55 0.21 0.99 
-7.03 -4.36 69.71 -0.56 -0.91 -0.46 
-1.23 1.99 68.01 -0.60 -0.33 0.26 
22.75 22.41 78.29 -1.06 -0.05 1.77 
3.01 21.19 53.74 -0.27 -0.47 -0.13 
-0.52 1.52 60.65 -0.66 -0.35 -0.27 
-11.07 -22.15 75.64 -0.18 -0.57 -0.34 
12.11 14.06 87.78 -0.62 -0.67 1.03 
-5.06 -5.78 85.52 -0.55 -0.42 0.41 
12.00 5.16 88.99 -0.69 -0.23 0.72 
10.20 -1.89 69.48 -0.18 -0.17 0.19 
-6.89 -35.86 59.71 0.01 -1.34 0.71 
5.35 -2.75 104.33 0.08 -0.60 1.68 
5.31 45.07 104.38 0.50 0.23 0.97 
15.19 -6.56 88.21 -0.71 -0.95 -0.41 
-6.13 4.73 90.42 -0.50 -0.38 0.22 
14.65 11.39 95.37 -1.37 -0.39 1.91 
-12.75 22.49 78.35 -0.03 -0.21 -0.09 
-2.12 -15.46 89.82 -0.05 -0.66 -0.24 
-7.93 -30.16 87.77 -1.53 -0.15 0.82 
5.62 5.88 94.51 -0.47 -0.43 0.39 
-2.43 -1.47 93.89 -0.66 -0.47 0.53 
-1.59 0.66 95.90 -0.65 -0.48 0.42 
18.15 1.77 81.71 -0.35 0.07 0.63 
1.23 -32.01 58.03 0.18 -1.01 0.34 
-5.22 -27.34 86.44 0.15 -1.29 1.22 
14.56 20.68 122.33 0.56 0.03 1.81 
6.41 40.11 117.22 0.21 -0.14 0.32 
5.82 5.35 121.48 -0.90 -0.75 0.24 
-1.92 -3.27 118.64 -0.57 -0.38 0.32 
21.04 30.44 117.10 -1.51 0.06 1.66 
-3.47 7.21 85.74 0.15 -0.20 -0.23 
9.53 14.36 96.36 -0.67 -0.27 0.17 
-0.60 -2.57 94.19 -0.77 -0.46 0.46 
-37.63 -90.40 80.07 -0.54 -1.12 0.68 
2.16 -2.07 117.68 -0.05 -0.53 1.75 
11.98 38.68 121.91 0.13 0.10 1.07 
17.14 18.39 100.92 -0.20 -0.58 -0.45 
-3.79 1.07 101.99 -0.79 -0.40 0.21 
22.01 8.29 116.09 -1.68 -0.18 1.26 
13.20 23.28 97.58 -0.67 -0.09 -0.05 
-3.51 1.53 107.05 0.19 -1.12 -0.20 
-20.42 -24.20 127.44 -0.40 -0.12 -0.10 
-17.69 -10.65 118.56 -1.39 -0.04 1.28 
1.01 2.66 120.07 -0.54 -0.29 0.25 
10.21 7.92 120.95 -0.80 0.07 0.82 
8.24 -42.04 101.94 -0.02 -0.46 0.18 
-21.42 -31.73 111.05 -0.19 -1.41 1.15 
4.80 18.76 148.50 0.26 -0.10 1.98 
21.21 32.74 142.96 0.19 0.10 0.14 
4.07 -5.53 143.28 -0.73 -1.16 0.19 
-3.35 -0.89 141.34 -0.76 -0.20 0.35 
20.75 -1.18 144.78 -1.56 -0.25 1.21 
18.10 32.80 126.86 -0.76 0.01 0.02 
-6.50 2.12 127.32 0.37 -1.09 0.14 
-18.30 -14.15 148.90 -0.40 -0.12 -0.16 
-16.78 -25.66 138.23 -1.44 -0.50 1.58 
2.55 7.25 142.08 -0.58 -0.36 0.17 
11.24 9.29 141.15 -0.85 -0.01 0.90 
12.46 -5.25 125.84 -0.23 -0.35 0.02 
32.99 75.13 209.09 0.17 0.13 1.68 
9.54 34.85 202.35 0.07 -0.09 -0.02 
4.44 12.71 212.05 -1.03 -0.39 0.19 
67.47 74.00 161.64 -1.23 0.22 0.00 
-12.40 3.49 159.54 0.87 -1.42 0.00 
-26.12 -38.45 183.51 -1.51 -0.21 0.36 
3.38 9.76 188.87 -0.89 -0.10 0.22 
-86.71 -116.43 248.32 -1.09 -1.57 1.14 
12.48 36.07 266.55 -0.11 0.51 1.56 
10.30 14.11 248.37 -0.51 -0.59 -0.60 
-13.68 5.27 246.37 -0.73 -0.21 0.20 
36.05 13.71 248.55 -2.01 0.53 1.04 
9.71 7.26 228.01 -0.45 -0.22 -0.10 
-7.21 -3.96 244.15 0.10 -0.82 -0.22 
-6.84 2.84 247.79 -0.57 -0.20 0.19 
-6.66 -1.29 250.05 -0.83 -0.23 0.56 
7.25 3.22 243.48 -0.60 0.04 0.35 
0.05 -16.82 223.28 -0.23 -0.65 0.19 
-13.90 -36.06 232.71 -0.46 -1.44 0.86 
8.60 17.53 273.11 -0.13 -0.23 1.79 
13.49 34.94 270.17 0.10 0.01 0.49 
146.68 32.81 284.73 -1.59 0.48 1.38 
0.67 5.95 253.19 -0.13 -0.03 -0.13 
-10.08 -6.75 267.33 -0.27 -0.79 -0.19 
-27.41 -16.72 280.63 -0.98 -0.11 0.21 
-16.00 -4.11 282.98 -0.64 -0.86 0.60 
2.43 2.18 281.88 -0.68 -0.29 0.37 
7.79 4.03 282.32 -0.83 -0.27 0.50 
37.69 25.18 238.76 -0.45 -0.05 0.17 
-7.62 -39.99 219.69 -0.11 -0.83 0.26 
-1.62 -27.41 259.22 -0.25 -1.34 1.39 
5.46 33.57 270.57 0.18 0.28 1.45 
9.18 34.46 256.45 -0.04 -0.28 -0.13 
5.14 -7.63 257.81 -0.98 -0.35 0.40 
22.73 24.94 231.40 -1.48 0.03 -0.08 
-23.62 15.11 235.72 0.53 -1.56 -0.01 
-14.98 -16.77 257.53 -0.69 -0.20 -0.17 
-28.67 -12.43 244.76 -1.04 -0.17 0.62 
0.04 -0.30 246.12 -0.59 -0.30 0.32 
-1.57 1.93 248.53 -0.83 -0.31 0.45 
15.98 9.84 236.46 -0.40 -0.02 0.29 
1.42 -31.64 220.33 -0.29 -0.62 0.22 
-21.53 -33.67 244.30 -0.61 -1.76 1.24 
12.66 32.28 270.42 0.15 0.24 1.40 
16.85 21.02 252.62 -0.17 -0.18 -0.30 
-1.21 5.04 258.53 -0.93 -0.35 0.22 
0.64 -0.98 256.10 -0.79 -0.45 0.18 
27.48 5.35 263.77 -1.66 0.16 1.22 
6.68 16.03 240.48 -0.51 -0.04 -0.10 
-19.87 9.35 256.36 0.43 -1.01 -0.07 
-13.45 -19.44 273.04 -1.38 -0.36 0.07 
-2.66 3.55 274.68 -0.69 -0.35 0.77 
-4.15 0.76 275.58 -0.74 -0.16 0.39 
-2.70 -0.23 278.77 -0.80 -0.47 0.23 
9.93 8.49 278.98 -0.73 0.30 0.79 
7.04 -8.24 262.86 -0.26 -0.29 0.15 
-15.60 -32.16 258.21 -0.70 -1.43 0.83 
12.82 21.62 294.80 -0.05 0.15 2.18 
12.85 28.00 277.19 0.12 -0.02 -0.14 
6.10 8.99 286.26 -0.92 -0.28 0.36 
-0.78 0.43 286.00 -0.70 -0.35 0.28 
0.61 0.00 287.31 -0.86 -0.38 0.51 
18.72 26.10 271.94 -1.34 0.21 0.57 
-48.75 -63.10 305.58 -1.58 0.03 0.07 
-1.15 6.30 306.37 -0.67 -0.37 0.51 
0.97 -1.70 307.14 -0.79 -0.36 0.50 
12.14 13.15 300.64 -0.65 0.16 0.50 
6.88 0.13 288.14 -0.47 -0.60 0.06 
-17.70 -38.39 283.45 -0.30 -1.40 0.58 
7.84 3.65 -327.50 -0.18 -0.43 2.08 
13.49 43.02 -325.00 0.12 -0.09 0.60 
2.92 -4.84 325.75 -0.83 -0.80 -0.29 
60.05 46.22 258.77 -0.99 -0.10 0.39 
-8.04 11.07 264.94 0.46 -1.10 -0.01 
-27.16 -20.96 284.17 -0.49 -0.37 -0.22 
-19.59 -0.12 282.91 -1.23 -0.08 1.17 
0.26 -0.51 284.82 -0.63 -0.35 0.17 
7.44 10.47 284.58 -0.83 0.07 0.68 
10.20 -4.39 269.28 -0.31 -0.21 0.02 
-17.11 -25.02 -324.88 -0.67 -1.01 1.46 
8.18 32.05 -317.91 0.04 0.15 1.09 
10.33 12.96 319.79 -0.63 -0.53 -0.45 
-8.60 -0.84 320.45 -0.74 -0.32 0.19 
-0.31 -3.60 319.96 -0.91 -0.39 0.43 
25.96 30.38 316.57 -1.35 0.19 0.41 
-26.87 -17.82 288.97 0.46 -0.59 -0.03 
-21.43 -23.16 309.51 -0.11 -0.61 -0.14 
-22.14 -1.99 308.92 -0.70 -0.37 0.27 
16.32 -26.46 250.90 -0.24 -0.48 0.22 
-25.09 -37.35 285.79 -0.58 -1.45 0.99 
8.14 -27.13 254.13 -0.91 -0.99 -0.12 
-1.86 2.99 255.58 -0.79 -0.23 0.09 
7.21 -2.05 260.64 -1.06 -0.32 0.58 
23.45 24.92 243.78 -1.28 -0.01 0.06 
4.08 2.56 251.28 0.39 -0.94 -0.11 
22.25 -3.49 252.57 -0.83 -0.23 0.58 
15.72 2.31 242.28 -0.47 0.04 0.27 
-4.57 -14.57 223.35 -0.48 -0.86 0.20 
-16.02 -25.37 246.64 -0.71 -1.38 1.21 
12.72 30.70 265.82 -0.21 0.31 1.23 
8.48 16.43 254.91 -0.15 -0.25 -0.17 
-7.94 4.39 256.39 -1.02 -0.10 0.27 
15.30 -36.17 165.26 0.97 -1.03 0.57 
-12.38 -12.11 190.93 -0.07 -0.57 -0.35 
-25.06 -11.34 189.87 -1.94 0.47 0.99 
-6.39 -1.54 190.22 -0.63 -0.39 0.21 
1.96 -0.44 194.32 -0.81 -0.19 0.60 
-25.81 -26.51 316.66 -0.82 -1.11 1.49 
12.98 34.59 321.85 0.02 0.19 0.75 
-9.59 -4.18 311.98 -0.89 -0.82 -0.04 
4.22 1.14 309.03 -0.74 -0.18 0.09 
21.81 30.98 294.71 -1.79 0.18 0.67 
12.66 -8.99 272.65 0.73 -0.91 0.34 
-14.82 -18.33 288.71 -0.29 -0.60 -0.17 
-19.52 -26.71 291.67 -1.97 -0.14 1.16 
-1.18 6.45 299.02 -0.71 -0.17 0.21 
27.53 4.81 268.14 -0.43 -0.11 0.37 
-5.11 -27.14 251.43 -0.26 -1.19 0.19 
-9.09 -8.59 291.44 -0.54 -1.11 1.44 
13.68 31.98 300.34 -0.10 0.22 0.98 
13.09 9.14 283.89 -0.58 -0.58 -0.47 
-2.62 3.90 283.76 -0.94 -0.28 0.32 
-1.05 -6.63 286.71 -1.01 -0.39 0.41 
25.45 29.31 279.83 -1.46 0.12 0.36 
-9.13 8.68 274.26 0.74 -1.19 0.21 
-23.00 -24.15 296.37 -0.48 -0.35 -0.24 
-20.56 -2.71 290.92 -1.37 0.20 1.25 
-2.00 1.40 289.30 -0.63 -0.39 0.18 
3.53 1.25 292.85 -0.84 -0.30 0.52 
13.90 10.72 287.23 -0.49 -0.04 0.36 
-2.59 -14.86 269.32 -0.27 -0.86 0.03 
-14.19 -26.44 295.70 -1.06 -1.73 1.13 
15.24 32.17 306.45 0.13 0.29 1.39 
1.43 -7.87 302.41 -0.90 -0.32 0.30 
23.87 30.12 296.89 -1.61 0.13 0.54 
-7.71 15.80 315.55 0.28 -1.09 -0.16 
-2.84 0.00 316.48 0.16 -0.92 -0.27 
-15.04 -25.89 -323.60 -0.82 -0.25 0.14 
-8.73 -4.78 324.69 -1.65 -0.04 1.61 
-0.45 7.32 -327.14 -0.58 -0.61 0.33 
5.55 -0.55 -323.11 -0.69 -0.17 0.55 
2.19 4.36 327.59 -0.57 0.13 0.72 
4.75 -6.14 317.48 -0.19 -0.48 0.07 
-12.46 -15.49 -305.74 -0.76 -1.23 1.46 
-12.46 -15.49 -305.74 -0.76 -1.23 1.46 
11.67 37.25 -303.07 0.08 0.47 1.01 
5.27 13.13 -308.93 0.00 -0.06 -0.06 
2.80 -0.27 -312.17 -0.70 -1.10 -0.12 
-2.90 0.62 -312.10 -0.89 -0.31 0.37 
-0.17 -1.35 -313.94 -0.84 -0.34 0.31 
11.54 3.58 -308.58 -1.38 -0.14 0.99 
17.55 20.08 -321.19 -1.30 0.34 0.11 
5.09 -1.23 318.00 0.02 -0.53 -0.07 
-7.29 3.51 325.52 0.25 -0.95 -0.09 
-7.63 -5.94 -321.29 -0.24 -0.40 -0.19 
-5.61 -16.83 -309.95 -1.99 0.43 0.92 
-8.14 -2.43 -312.59 -0.98 -0.13 1.06 
-2.16 -0.65 -311.69 -0.61 -0.26 0.22 
14.35 -3.03 -326.22 -0.28 -0.15 0.25 
14.35 -3.03 -326.22 -0.28 -0.15 0.25 
-12.74 -31.81 317.33 -0.49 -1.26 0.39 
-10.84 -14.23 326.08 -0.81 -1.59 1.11 
3.15 13.50 -300.92 -0.23 -0.04 2.00 
7.69 17.25 -298.26 0.16 0.37 1.09 
0.55 1.37 -310.13 -0.86 -0.55 0.43 
40.19 11.95 -295.94 -1.72 0.00 1.43 
1.65 -20.87 316.84 0.65 -0.64 0.20 
-15.24 -12.79 -311.31 -0.36 -0.34 -0.27 
-20.15 -53.94 144.99 -0.77 -1.62 0.37 
10.11 -4.09 121.51 -0.80 -0.72 -0.01 
33.55 24.26 128.65 -1.33 -0.16 1.19 
1.24 8.93 99.40 0.10 -0.26 -0.23 
0.98 -15.46 111.41 -0.63 -0.65 -0.15 
-27.37 -32.11 125.18 -1.36 -0.05 0.73 
-7.53 1.55 127.76 -0.55 -0.29 0.26 
20.43 4.64 99.76 -0.70 -0.44 0.39 
5.64 2.24 106.80 -1.01 -0.01 0.66 
16.56 3.28 92.01 -0.25 0.14 0.12 
-10.47 -36.01 68.98 -0.26 -1.04 0.45 
-20.85 -34.43 104.13 -0.73 -1.55 1.14 
17.53 35.69 110.50 0.20 0.62 1.32 
9.02 4.48 89.29 -0.40 -0.54 -0.66 
7.04 2.13 93.10 -1.66 -0.38 1.12 
16.33 16.07 75.21 -0.58 0.14 -0.24 
-6.12 8.86 83.50 0.33 -1.47 0.40 
-16.62 -4.29 105.29 -0.31 -0.06 -0.29 
-28.95 -15.25 98.77 -1.62 -0.32 1.58 
55.54 -44.27 76.90 -0.15 -0.35 -0.02 
-34.18 -38.31 68.25 -0.79 -1.46 0.60 
9.44 17.91 118.53 -0.26 -0.05 2.46 
18.77 25.00 116.61 0.31 -0.02 -0.12 
19.96 11.86 123.64 -1.44 -0.62 0.15 
38.43 18.32 131.71 -2.09 0.63 0.76 
5.06 -19.27 108.76 1.07 -0.50 0.48 
-26.69 -10.95 123.14 0.20 -0.36 0.08 
9.56 -13.27 131.42 -2.53 0.85 0.94 
-9.63 0.29 134.55 -0.58 -0.51 0.19 
23.34 -24.90 110.46 -0.17 -0.64 -0.06 
-26.59 -38.55 117.51 -1.08 -1.79 1.05 
14.00 30.29 158.84 -0.21 0.20 2.04 
39.00 17.58 128.95 0.00 -0.68 -0.71 
-5.40 23.02 53.45 -0.41 -0.67 -0.05 
-2.10 -0.96 57.35 -0.09 -1.10 -0.15 
-19.43 -17.85 78.10 -0.70 -0.24 -0.07 
-23.08 -3.84 74.08 -1.09 0.11 1.03 
9.78 -0.90 81.23 -0.81 0.04 0.56 
4.34 -15.65 61.73 -0.33 0.06 0.07 
-26.60 -43.74 66.13 -0.81 -1.77 0.72 
26.33 34.51 109.62 0.52 0.25 2.24 
21.48 25.62 84.26 0.02 -0.19 -0.62 
-25.16 7.04 82.87 -0.50 0.16 0.28 
39.80 29.42 83.00 -1.78 0.57 1.15 
10.90 -7.73 61.94 0.13 -0.19 -0.14 
-3.60 -8.27 81.01 -0.17 -0.63 -0.06 
-7.49 -16.55 98.89 -1.70 0.27 0.29 
-6.13 1.36 101.31 -0.58 -0.24 0.52 
-1.29 0.16 99.50 -0.79 0.10 0.35 
13.01 6.06 85.87 -0.52 0.55 0.40 
7.78 -31.17 74.77 -0.11 -0.55 0.10 
-32.79 -25.28 81.45 -0.85 -1.83 1.16 
8.42 22.64 119.02 -0.19 0.21 1.87 
24.19 17.77 105.97 0.07 0.01 0.05 
11.84 4.44 113.94 -0.98 -0.25 0.14 
3.93 -2.48 113.32 -0.95 -0.23 0.52 
18.35 29.88 99.88 -1.04 -0.08 0.05 
-5.81 1.67 83.17 0.19 -1.03 0.07 
-15.37 -19.21 105.59 -0.17 -0.47 -0.10 
-12.69 -9.18 108.07 -1.77 1.08 1.70 
3.42 1.55 113.32 -0.59 -0.19 0.21 
13.88 12.45 102.91 -0.61 0.35 0.79 
14.24 -22.59 80.81 -0.19 -0.43 -0.13 
-18.77 -36.54 97.53 -0.59 -1.75 1.24 
14.42 21.31 144.78 0.13 0.10 1.94 
16.83 27.44 129.92 0.00 0.06 -0.17 
0.35 5.75 129.82 -1.10 -0.01 0.44 
31.31 4.12 132.34 -1.57 0.37 1.35 
6.83 18.34 115.47 -0.48 -0.03 -0.17 
-9.20 8.34 126.82 -0.01 -1.00 -0.24 
-28.84 -20.39 136.46 -0.57 -0.20 -0.15 
-12.17 -0.37 134.52 -0.93 -0.04 1.32 
-0.10 1.37 138.18 -0.72 -0.28 0.20 
24.21 11.05 126.75 -0.44 0.19 0.55 
2.87 -21.62 107.68 -0.31 -0.50 0.05 
-21.79 -40.75 118.98 -0.56 -1.64 1.01 
20.89 26.42 165.65 0.35 0.21 1.85 
16.70 22.67 148.79 0.15 -0.07 -0.11 
0.35 3.97 147.45 -0.87 -0.42 0.43 
4.28 -2.46 150.86 -0.81 -0.29 0.31 
23.88 27.98 131.80 -1.35 0.15 0.75 
0.58 3.09 116.08 0.93 -1.26 0.51 
-21.29 -6.42 132.60 -0.50 -0.33 -0.20 
-8.36 -26.61 136.40 -1.75 0.38 1.40 
-1.75 -0.07 140.83 -0.64 -0.35 0.26 
7.28 3.40 142.99 -0.81 -0.04 0.91 
18.73 9.85 122.77 -0.23 -0.04 0.07 
-7.92 -33.59 106.60 -0.23 -1.16 0.40 
-1.99 -27.48 156.88 -0.21 -1.29 1.80 
19.43 37.11 164.33 0.28 0.55 1.05 
11.97 12.92 137.50 -0.56 -0.82 -0.59 
-5.15 1.39 134.91 -0.82 -0.12 0.31 
46.14 14.72 137.06 -1.69 0.92 1.43 
-3.68 -26.33 100.91 0.87 -1.06 0.57 
-24.45 -10.46 123.44 -0.11 -0.24 -0.08 
-1.81 -24.86 135.23 -1.72 0.38 1.09 
0.99 1.24 137.51 -0.63 -0.01 0.67 
17.08 3.01 118.42 -0.47 0.52 0.39 
-6.68 -33.76 98.83 -0.06 -1.12 0.27 
-10.65 -25.87 149.10 -0.27 -1.45 1.53 
12.20 34.04 159.77 0.27 0.30 1.31 
14.01 17.87 136.86 -0.42 -0.39 -0.44 
-3.90 -0.72 135.39 -0.83 -0.23 0.40 
2.18 -4.54 139.06 -0.95 -0.30 0.50 
33.85 40.30 132.94 -1.21 0.10 0.54 
-1.87 -15.99 110.19 0.18 -0.53 0.06 
-15.87 -12.26 133.61 0.00 -0.70 0.02 
-12.73 -18.76 142.90 -1.20 0.19 0.98 
-6.29 2.88 142.23 -0.50 -0.28 0.58 
21.90 -80.06 77.17 -0.05 -0.63 0.16 
-11.75 -37.56 107.44 -0.28 -1.76 1.25 
19.82 32.70 143.65 0.19 0.40 1.75 
12.04 26.09 126.96 0.00 -0.03 -0.05 
10.10 1.79 131.35 -0.69 -0.76 0.36 
29.33 -12.14 141.03 -1.33 -0.11 1.60 
16.27 6.42 112.62 -0.37 0.10 -0.10 
-1.90 8.19 132.33 0.10 -0.91 -0.19 
-30.50 -25.65 150.55 -1.17 0.04 -0.09 
-2.55 9.67 151.79 -0.67 -0.37 0.85 
-1.31 -1.73 153.56 -0.72 -0.11 0.60 
18.03 16.40 144.04 -0.63 0.34 0.56 
8.54 -16.77 122.72 -0.17 -0.29 -0.09 
-13.90 -45.38 122.81 -0.23 -1.72 1.10 
14.12 8.20 172.83 0.49 -0.34 2.02 
12.62 40.56 164.18 0.47 0.28 0.44 
-3.28 -6.48 155.90 -0.96 -1.05 -0.05 
6.26 -3.20 156.25 -1.15 -0.27 0.48 
17.76 20.09 150.26 -1.27 0.07 0.09 
3.50 6.26 130.20 0.50 -0.88 0.72 
10.43 16.88 146.12 -0.70 -0.23 0.36 
17.81 3.19 146.89 -0.67 0.35 0.81 
7.68 -26.84 117.78 -0.13 -0.43 0.11 
-17.22 -38.12 120.76 -0.27 -1.62 1.12 
12.17 8.82 169.80 0.40 -0.11 1.96 
14.51 37.45 160.61 0.32 0.06 0.48 
3.26 -2.43 151.43 -0.76 -0.71 -0.01 
28.88 13.56 160.11 -1.49 0.15 1.59 
6.03 -4.89 126.86 0.03 -0.07 -0.18 
-23.12 -20.85 149.46 -0.01 -0.36 -0.22 
-5.85 -19.33 154.29 -1.89 0.44 1.66 
-0.39 0.33 158.94 -0.52 -0.22 0.48 
17.37 4.91 155.62 -0.64 0.18 0.87 
12.49 -4.09 127.63 -0.13 -0.30 0.04 
-3.53 -41.99 118.46 -0.04 -1.67 0.79 
6.91 -12.54 168.48 0.34 -0.69 1.78 
9.90 37.76 168.66 0.39 0.10 0.90 
11.53 9.80 144.35 -0.74 -0.63 -0.50 
-6.94 0.03 146.90 -0.84 -0.34 0.37 
27.14 42.27 138.26 -1.36 0.23 0.98 
-8.51 -17.88 113.08 0.49 -0.97 0.13 
-15.37 -8.90 125.26 -0.10 -0.33 -0.16 
-27.22 -26.72 130.59 -1.37 -0.08 0.59 
-1.66 9.70 137.82 -0.73 -0.20 0.52 
11.91 0.04 143.12 -0.83 -0.04 0.76 
13.52 1.73 120.52 -0.21 -0.04 0.19 
-3.98 -37.58 99.64 -0.14 -1.18 0.39 
-2.70 -31.03 143.30 0.14 -1.31 1.55 
8.44 33.02 145.48 0.49 0.43 1.44 
0.59 -8.16 117.99 -0.63 -1.05 -0.32 
2.56 -2.52 123.82 -0.89 -0.46 0.73 
37.44 50.50 121.57 -1.21 0.44 0.35 
-11.35 0.46 98.01 0.43 -1.09 0.13 
-20.16 -16.02 121.58 -0.29 -0.07 -0.19 
-32.17 -27.42 101.76 -1.95 -0.12 1.29 
-3.67 -0.81 104.01 -0.57 -0.34 0.27 
15.60 3.97 100.31 -0.60 0.12 0.79 
12.41 -8.68 78.61 -0.35 -0.36 0.11 
-14.04 -34.50 79.44 -0.50 -1.37 0.76 
6.29 5.79 129.71 -0.04 -0.40 1.86 
10.47 34.26 119.02 0.34 0.16 0.39 
-0.26 -3.40 110.93 -0.80 -0.91 0.07 
25.67 0.43 124.17 -1.37 0.00 1.21 
19.29 2.67 95.38 -0.34 0.21 0.03 
2.96 8.10 114.16 0.05 -1.22 -0.09 
-30.91 -10.18 142.39 -0.76 -0.09 0.00 
-22.06 -4.73 137.64 -1.10 0.20 0.90 
-2.12 -1.27 137.23 -0.70 -0.10 0.36 
18.59 6.92 123.66 -0.58 0.25 0.61 
6.98 -13.60 101.84 -0.23 -0.58 0.01 
-17.86 -43.58 105.56 -0.21 -1.46 0.94 
15.20 4.84 155.58 0.54 -0.52 1.86 
13.04 38.69 148.86 0.35 0.15 0.60 
2.45 0.20 146.03 -0.69 -0.89 0.17 
27.80 -5.41 153.82 -1.25 -0.12 1.34 
22.32 13.50 126.48 -0.59 0.42 0.07 
-61.82 -34.23 128.03 -2.09 0.92 0.79 
-1.91 3.99 128.31 -0.61 -0.09 0.46 
7.51 7.65 125.11 -0.64 -0.01 0.79 
16.83 -18.76 99.79 -0.15 -0.63 0.17 
-15.45 -35.30 104.36 -0.46 -1.18 0.87 
12.13 -1.16 149.68 0.19 -0.36 1.73 
14.99 36.91 137.86 0.27 0.11 0.62 
8.36 -0.29 128.62 -0.60 -1.00 -0.05 
19.27 15.12 132.25 -1.47 0.13 1.28 
-9.03 -26.69 103.61 0.59 -0.76 0.43 
-8.95 -9.17 130.61 -0.26 -0.32 0.07 
-19.86 -27.14 134.59 -1.60 0.24 1.45 
-2.38 5.91 135.63 -0.47 -0.25 0.42 
10.91 3.82 136.60 -0.71 0.15 0.92 
9.62 1.63 115.60 -0.24 -0.19 0.11 
-9.36 -35.36 107.95 -0.18 -1.29 0.58 
-0.86 -9.18 157.16 -0.06 -0.71 1.77 
10.75 36.67 153.64 0.35 0.24 1.02 
5.18 -7.16 143.52 -0.66 -1.05 0.07 
1.48 1.21 150.28 -0.53 -0.42 0.27 
8.71 8.71 142.25 -0.63 0.18 0.63 
5.61 -14.30 127.42 -0.13 -0.56 0.31 
-15.72 -33.44 130.56 -0.53 -1.37 0.66 
16.19 10.57 172.57 0.14 -0.29 2.01 
20.86 35.53 164.57 0.29 0.12 0.50 
-3.12 -6.04 154.43 -0.79 -0.86 -0.26 
21.27 -1.20 160.42 -1.32 0.16 1.17 
19.01 1.73 132.12 -0.40 0.03 -0.03 
3.01 9.14 149.40 0.12 -0.73 0.05 
-26.68 -29.28 164.65 -1.56 0.14 0.47 
2.47 4.35 171.35 -0.52 -0.36 0.83 
10.93 7.09 171.16 -0.62 0.21 0.63 
6.61 -23.65 134.15 -0.08 -0.66 0.12 
-4.05 -39.53 155.71 -0.17 -1.83 1.07 
17.96 21.21 202.69 0.34 0.14 1.87 
11.34 33.05 193.84 0.16 0.03 0.40 
2.25 -8.49 171.54 -0.91 -0.88 -0.25 
-2.89 1.85 173.06 -0.74 -0.13 0.29 
33.53 32.54 167.89 -1.41 0.66 0.93 
8.16 -32.10 147.89 0.92 -1.13 0.91 
-30.10 5.17 174.77 -0.17 -0.18 -0.14 
-20.99 -16.76 172.23 -2.04 0.68 1.11 
-3.69 4.34 175.41 -0.54 -0.31 0.40 
13.22 9.35 171.01 -0.61 0.38 0.76 
11.14 -22.54 144.98 0.06 -0.49 0.14 
-15.44 -33.05 155.70 -0.28 -1.59 0.98 
11.61 11.00 202.67 0.43 -0.40 2.05 
16.49 37.79 200.41 0.35 0.01 0.67 
11.46 2.62 185.11 -0.87 -0.75 -0.54 
15.94 -0.33 190.23 -1.21 0.11 1.16 
22.77 -4.65 148.37 -0.51 0.18 -0.08 
3.12 2.44 168.41 0.49 -0.79 -0.23 
-29.50 -27.02 181.02 -1.51 0.07 0.60 
5.74 9.57 188.30 -0.58 -0.37 0.69 
-1.82 -0.64 191.32 -0.75 -0.26 0.49 
14.59 2.35 171.37 -0.36 0.00 0.35 
-0.16 -30.14 157.56 -0.26 -1.06 0.35 
-1.87 -26.70 190.74 -0.29 -1.36 1.21 
13.22 34.87 207.71 0.40 0.24 1.53 
15.44 33.17 195.75 0.15 -0.25 -0.22 
-2.84 -3.06 194.97 -1.19 -0.23 0.30 
42.89 19.42 196.50 -1.66 0.75 0.92 
-2.13 -19.08 163.26 0.52 -0.28 0.19 
-10.53 10.01 195.31 -0.10 0.06 0.07 
-20.77 -10.38 202.13 -1.82 0.20 0.86 
2.10 1.61 204.97 -0.74 -0.05 0.47 
17.53 4.19 174.45 -0.39 -0.21 0.33 
-9.42 -39.10 166.56 -0.62 -1.72 0.39 
8.55 2.95 216.58 -0.44 -0.46 1.78 
17.04 35.59 214.71 0.39 0.16 0.60 
0.83 -15.62 195.94 -0.79 -0.83 -0.39 
40.23 6.42 209.70 -1.61 -0.02 0.92 
5.01 -1.83 175.58 -0.11 0.09 0.18 
-0.62 2.25 200.34 0.25 -0.55 -0.06 
-32.41 -34.66 214.82 -1.58 0.10 0.11 
40.04 5.91 139.05 -0.30 -0.06 0.22 
-9.84 -33.64 129.28 0.00 -1.49 0.58 
-9.72 -19.55 178.97 -0.17 -1.12 1.44 
15.66 27.99 189.86 0.13 0.30 1.38 
18.57 18.01 168.28 -0.18 -0.47 -0.38 
-2.05 -1.68 171.33 -0.96 -0.19 0.54 
37.86 11.77 138.17 -1.25 0.16 -0.02 
-8.79 17.46 145.09 0.19 -1.18 -0.13 
-19.43 -17.74 161.40 -0.88 -0.31 -0.13 
-8.61 -12.21 160.03 -1.28 -0.03 1.84 
13.23 3.06 158.16 -0.72 -0.11 0.55 
0.71 2.18 158.00 -0.77 0.05 0.56 
13.16 0.94 138.97 -0.29 0.04 0.31 
-0.12 -7.04 129.72 -0.11 -0.70 0.17 
-11.16 -26.04 131.38 -0.66 -1.39 0.57 
-4.95 -9.63 150.78 -0.68 -1.26 1.33 
11.21 16.23 168.90 0.17 0.38 1.75 
7.65 18.67 167.05 0.40 0.35 0.84 
5.25 8.27 151.54 -0.45 -0.65 -0.43 
5.98 1.65 155.05 -1.07 -0.46 0.48 
25.73 15.81 164.35 -1.23 0.15 1.25 
-54.68 -25.12 119.33 -1.65 0.39 1.00 
-3.53 2.48 119.26 -0.50 -0.05 0.48 
15.89 7.33 103.30 -0.52 0.29 0.26 
-8.70 -23.36 86.70 -0.23 -1.07 0.22 
-7.37 -26.28 125.99 -0.50 -1.13 1.54 
20.32 41.66 119.75 0.27 0.13 0.86 
-3.16 -7.79 101.92 -0.83 -0.75 -0.48 
37.75 23.12 99.11 -1.55 0.52 1.14 
-1.36 -18.94 72.64 0.31 -0.21 0.27 
-21.25 -5.24 92.38 0.18 -0.70 -0.03 
-24.20 -25.01 101.98 -1.64 0.10 0.54 
-4.10 0.10 106.35 -0.63 -0.30 0.53 
11.11 1.25 107.77 -0.79 -0.16 0.77 
13.89 -4.73 88.60 -0.22 -0.15 0.04 
-15.32 -38.76 93.46 -0.59 -1.81 0.69 
12.65 24.69 135.67 0.00 0.31 2.24 
20.51 26.34 122.37 0.11 -0.09 -0.03 
9.16 -1.36 131.76 -1.20 -0.38 0.42 
35.76 28.85 120.27 -1.85 0.86 -0.04 
-13.54 -10.99 107.79 0.62 -1.44 0.56 
-18.19 -9.31 131.14 -0.50 -0.31 -0.18 
-24.88 -14.51 133.06 -1.33 0.23 1.35 
14.62 9.71 133.19 -0.52 0.21 0.47 
-5.78 -23.42 104.73 -0.18 -0.78 -0.05 
-14.92 -29.32 131.88 -0.73 -1.38 1.17 
10.12 34.09 135.30 0.04 0.44 1.35 
12.22 6.62 114.03 -0.28 -0.74 -0.69 
20.52 33.87 112.52 -1.74 0.49 0.73 
-6.02 -7.06 90.28 0.67 -0.85 0.54 
-18.65 -8.05 116.67 -0.11 -0.26 -0.18 
-28.75 -27.35 109.62 -1.94 0.33 1.26 
0.47 0.40 114.25 -0.68 -0.36 0.32 
1.84 -1.39 115.06 -0.80 -0.22 0.55 
15.45 6.27 102.42 -0.43 0.02 0.27 
0.11 -32.30 89.46 -0.21 -1.08 0.25 
-2.66 -15.82 130.13 -0.48 -1.04 1.78 
7.57 33.89 139.83 0.09 0.13 1.12 
1.67 8.69 123.82 -0.35 -0.46 -0.38 
24.54 18.93 135.53 -1.45 0.24 1.25 
11.23 1.71 101.16 -0.40 -0.23 -0.31 
-10.79 3.25 113.59 0.09 -1.02 -0.24 
-30.34 -40.77 135.28 -0.79 -0.21 0.04 
-0.56 10.43 138.16 -0.79 -0.35 0.73 
3.15 -2.47 137.36 -0.77 -0.29 0.45 
0.61 -13.32 273.63 -0.77 -0.80 1.90 
14.13 42.46 269.45 0.11 0.27 0.65 
1.29 -11.13 253.04 -0.89 -1.25 -0.46 
0.66 4.92 251.67 -0.74 -0.23 0.00 
25.36 48.08 247.04 -1.58 0.36 0.84 
17.90 -11.99 224.42 0.40 -0.40 0.03 
-11.97 -13.17 240.70 0.30 -0.56 -0.06 
-5.71 -31.37 253.63 -2.28 -0.05 1.23 
-14.44 6.66 256.21 -0.55 -0.14 0.37 
5.28 1.79 259.27 -0.81 -0.04 0.56 
11.66 -4.77 245.70 -0.33 -0.13 0.23 
-13.42 -36.78 238.47 -0.59 -1.35 0.39 
7.29 19.23 276.38 -0.28 -0.02 2.11 
14.74 36.07 260.67 0.21 0.10 0.13 
9.96 2.19 267.64 -0.95 -0.48 0.16 
5.90 -6.38 274.68 -1.16 -0.16 0.64 
23.98 23.02 238.76 -0.93 0.24 0.06 
-11.35 10.94 242.85 0.47 -1.11 -0.20 
-27.07 -24.94 267.33 -0.69 -0.55 -0.09 
-23.41 -14.16 265.50 -0.95 -0.13 1.40 
1.22 2.87 264.20 -0.62 -0.36 0.38 
-0.61 5.21 265.84 -0.82 -0.32 0.43 
2.01 -1.85 269.73 -0.77 -0.22 0.45 
21.46 9.00 247.93 -0.20 0.11 0.13 
-9.59 -42.32 246.03 -0.69 -1.56 0.61 
10.89 14.33 282.08 -0.06 0.07 2.32 
6.86 17.99 267.40 0.13 -0.36 -0.37 
40.33 12.52 273.06 -1.81 0.56 1.95 
0.95 4.25 240.73 0.08 -0.07 -0.01 
-13.59 3.96 258.95 0.33 -0.60 -0.15 
-19.57 -40.33 281.72 -1.44 0.24 0.76 
-5.69 10.66 286.11 -0.78 0.05 0.40 
-5.15 -98.87 247.72 -0.20 -0.91 0.20 
3.71 -15.34 286.72 -0.34 -0.88 1.97 
6.80 52.43 277.52 0.33 0.07 0.48 
1.39 -6.53 270.08 -0.76 -0.83 0.05 
29.59 10.50 280.50 -1.20 -0.02 1.35 
16.89 -3.38 240.29 -0.21 -0.02 0.03 
-2.45 13.78 255.65 0.03 -0.95 -0.02 
-29.23 -21.16 278.50 -0.58 -0.29 -0.23 
-21.89 -18.23 276.35 -0.96 -0.28 1.65 
1.47 1.53 277.36 -0.48 -0.39 0.46 
1.89 0.13 276.75 -0.66 -0.38 0.62 
0.64 1.02 277.26 -0.67 -0.35 0.48 
14.74 24.25 270.75 -0.30 0.14 0.57 
8.93 -32.32 250.06 0.01 -1.17 0.09 
-0.24 -16.77 295.74 -0.27 -1.05 1.77 
0.86 36.96 285.94 0.39 0.09 0.58 
48.10 4.11 302.54 -1.48 -0.18 1.42 
26.24 27.42 276.11 -0.51 -0.05 -0.28 
-23.09 2.64 304.15 0.28 -0.67 -0.15 
-36.07 -35.97 314.36 -1.24 -0.23 -0.04 
-2.66 1.42 320.62 -0.39 -0.28 1.36 
-3.34 -0.62 318.12 -0.38 -0.43 0.46 
-1.93 0.44 317.61 -0.50 -0.48 0.65 
20.21 33.44 321.78 -0.45 0.20 1.01 
14.24 2.99 -195.07 0.06 -0.04 2.18 
13.06 25.12 -202.35 0.18 -0.13 0.24 
-1.05 0.54 -218.49 -0.74 -0.86 0.28 
35.45 50.12 -218.29 -0.96 0.01 0.82 
-5.09 -5.24 -235.72 0.45 -0.60 -0.11 
-11.68 -12.59 -212.01 0.01 -0.53 -0.38 
-18.23 -17.18 -210.08 -1.79 0.75 1.67 
-3.53 0.17 -210.24 -0.50 -0.41 0.31 
-1.46 2.64 -209.67 -0.88 -0.12 0.68 
13.35 2.89 -225.03 -0.18 -0.12 0.25 
-19.38 -41.41 -235.68 -0.83 -1.51 0.27 
26.88 -16.88 -222.15 -1.18 -0.62 0.33 
34.22 26.30 -240.03 -1.38 0.42 0.25 
-22.92 10.69 -239.82 0.92 -1.33 0.00 
-30.94 -25.90 -215.32 -1.23 -0.22 0.02 
1.62 9.87 -211.43 -0.53 -0.45 1.13 
-2.92 2.26 -211.27 -0.64 -0.31 0.42 
-0.25 4.29 -210.45 -0.73 -0.33 0.54 
0.84 1.21 -209.85 -0.68 -0.26 0.53 
