-6.19 24.10 106.28 -0.18 -0.19 0.47 
0.59 4.76 105.96 -0.23 -0.55 1.07 
3.12 6.71 78.19 -0.71 -0.41 0.44 
-8.30 12.78 99.46 -0.35 -0.36 0.80 
-0.90 3.68 84.60 -1.30 -0.10 0.58 
-13.55 -6.13 85.24 1.67 -0.73 1.24 
1.28 8.70 99.67 -0.68 -0.41 0.90 
0.64 -1.17 97.58 -0.17 -0.46 0.92 
10.59 -3.79 93.89 -0.23 -0.31 0.48 
4.54 -4.14 94.83 0.20 -0.36 0.87 
8.32 -15.96 76.72 0.65 -0.39 1.26 
1.10 5.09 77.51 0.42 -0.64 1.15 
2.87 4.99 67.75 0.07 0.09 0.83 
5.19 0.77 88.95 0.94 0.06 0.79 
-0.85 14.61 78.92 -0.17 0.20 0.96 
-4.14 3.87 90.30 1.40 -0.71 0.54 
-7.48 -2.14 91.07 -0.08 -0.09 0.89 
-1.01 4.19 93.28 0.72 -0.33 0.96 
10.30 23.62 112.24 0.93 -0.29 1.06 
-4.63 32.72 132.74 0.41 -0.09 0.66 
-1.83 13.18 137.38 -0.39 -0.23 0.45 
1.02 2.93 139.43 -0.42 -0.32 1.09 
-8.95 -9.35 131.05 0.03 -0.43 0.69 
-3.09 9.86 142.62 -0.52 -0.21 0.72 
4.68 -1.26 118.84 -1.16 0.04 0.53 
4.02 26.82 138.07 0.16 -0.87 0.75 
-2.00 5.57 139.46 -0.57 -0.34 0.80 
3.41 4.26 138.07 -0.16 -0.27 0.66 
2.15 -17.40 129.75 0.10 -0.22 0.75 
4.19 -2.67 125.52 0.35 -0.35 0.85 
4.87 -11.17 114.11 0.85 -0.55 1.46 
5.11 11.80 117.59 0.55 -0.22 1.04 
-27.24 -33.88 97.96 1.43 -0.02 0.65 
-1.33 9.61 107.04 -0.39 -0.27 1.25 
8.48 -13.73 82.07 0.67 0.04 0.43 
-8.51 -3.69 93.08 0.25 -0.04 0.71 
-3.85 -0.65 94.30 0.50 -0.37 0.95 
-8.21 12.79 109.61 1.01 -0.74 1.49 
-3.84 21.23 125.84 0.49 -0.04 0.75 
-8.37 25.12 143.45 -0.20 -0.19 0.63 
5.47 -1.77 136.62 -0.34 -0.52 0.84 
6.22 12.73 112.53 -1.12 0.06 0.53 
7.98 23.95 133.91 -0.11 -0.50 0.54 
-7.20 -3.15 157.85 -0.77 -0.32 0.92 
2.36 1.52 156.51 -0.17 -0.47 0.84 
4.53 -3.82 151.99 -0.03 -0.39 0.73 
1.36 -12.06 141.47 0.26 -0.45 0.87 
-2.97 -5.37 140.54 0.37 -0.37 0.99 
1.75 -1.50 135.71 0.70 -0.72 1.31 
7.27 16.34 135.45 -0.01 -0.15 1.17 
-4.58 -14.27 129.78 2.31 -0.81 0.79 
-4.37 8.84 126.65 -0.51 -0.04 1.45 
9.93 17.18 147.20 0.88 -0.05 0.43 
-2.10 -1.96 146.17 0.73 -0.39 0.94 
-0.73 1.16 145.41 0.69 -0.27 0.80 
-8.90 -17.98 143.93 1.01 -0.48 0.91 
5.28 20.71 167.48 0.83 -0.36 0.67 
8.23 22.53 185.15 0.36 -0.28 0.73 
1.53 14.73 191.25 -0.25 -0.26 0.53 
-1.87 24.79 181.65 -1.56 0.05 1.20 
-19.87 6.52 202.02 1.09 -0.91 0.84 
-1.69 6.67 201.90 -1.58 -0.19 1.21 
-2.41 3.65 205.95 2.23 -0.80 1.19 
7.57 5.02 207.76 -0.39 -0.50 0.99 
-3.43 -4.81 206.20 -0.10 -0.24 0.73 
3.77 -6.69 195.76 0.14 -0.35 0.74 
0.21 -12.73 180.94 0.37 -0.19 0.89 
-5.69 -9.62 171.44 0.96 -0.49 1.19 
-4.16 6.98 174.13 0.58 -0.28 1.26 
18.44 47.38 149.69 -0.30 0.19 0.97 
-2.24 1.21 168.51 0.18 0.36 0.60 
3.36 0.08 169.61 0.80 -0.16 1.03 
-2.15 0.37 172.96 0.68 -0.04 0.75 
-14.92 2.50 189.93 1.21 -0.58 1.37 
9.92 45.29 220.29 0.48 -0.35 0.82 
-2.65 30.08 233.75 -0.17 -0.21 0.55 
-2.85 6.42 238.62 -0.36 -0.30 0.54 
12.20 13.59 223.01 -1.75 0.47 0.09 
-1.29 19.61 243.41 -0.16 -0.59 0.69 
1.84 14.74 236.94 -1.49 0.09 0.60 
-10.28 10.99 240.92 2.20 -1.56 1.88 
-0.16 8.72 248.01 -0.95 -0.08 0.74 
1.67 -0.49 244.23 -0.12 -0.43 0.93 
12.42 -9.96 235.48 -0.26 -0.15 0.42 
9.02 -33.23 208.53 0.51 -0.06 0.91 
-1.37 -2.96 198.38 1.37 -0.60 1.68 
-3.42 13.92 201.48 0.22 -0.31 1.15 
12.82 -22.85 185.09 2.05 -0.67 0.79 
4.79 10.75 195.27 -0.47 -0.04 1.34 
13.79 -18.33 166.86 1.36 -0.07 0.55 
-7.60 -2.06 172.68 0.07 -0.04 0.86 
-6.21 2.71 173.11 0.70 -0.21 0.93 
-6.45 3.24 177.56 0.86 -0.45 1.05 
-1.26 16.92 194.12 0.73 -0.33 1.30 
-9.94 28.07 211.38 0.28 -0.23 0.79 
-7.42 26.56 228.18 -0.40 -0.11 0.42 
0.82 -3.75 228.72 -0.57 -0.39 0.70 
14.19 15.06 207.61 -1.46 0.43 0.16 
6.85 38.23 236.42 0.14 -0.61 0.51 
0.92 5.33 215.63 -1.65 0.24 0.46 
10.40 37.78 243.59 0.34 -0.97 0.69 
-1.85 8.24 244.03 -0.55 -0.39 0.75 
1.51 4.17 242.01 -0.35 -0.19 0.55 
3.68 -12.91 232.29 0.04 -0.29 0.79 
-3.76 -16.61 217.99 0.48 -0.41 1.08 
0.17 -10.32 210.23 0.65 -0.36 1.11 
40.28 28.52 266.35 1.01 0.03 0.40 
6.97 9.32 251.82 -0.32 0.25 0.50 
20.51 21.49 273.98 0.81 -0.11 0.28 
0.71 0.14 277.40 0.82 -0.23 0.96 
1.69 8.37 285.96 0.77 -0.48 0.90 
13.34 10.40 286.68 0.71 -0.32 1.12 
-9.25 27.54 306.90 0.40 -0.23 0.78 
-6.81 15.86 316.24 -0.41 -0.22 0.37 
-0.89 2.37 317.78 -0.38 -0.36 0.96 
-18.52 -36.41 303.34 3.18 -1.48 1.27 
-3.27 13.75 309.04 -1.56 -0.22 1.12 
4.55 -18.47 304.38 2.50 -0.72 1.25 
-3.74 -0.32 314.58 -0.69 -0.29 0.80 
-2.03 -4.64 312.01 -0.20 -0.52 0.83 
5.34 -4.38 307.37 -0.19 -0.43 0.57 
7.29 -22.34 297.54 0.04 -0.21 0.96 
6.54 -6.65 284.24 0.65 -0.37 0.94 
-5.54 -0.29 281.93 0.79 -0.64 1.17 
-4.06 23.11 282.40 -0.16 0.00 1.42 
11.83 9.50 291.91 2.06 -1.07 0.83 
-5.00 6.32 291.23 -0.54 -0.26 1.33 
0.57 -43.18 267.33 1.94 -0.56 0.91 
0.46 -2.79 268.30 0.23 -0.36 0.99 
1.06 5.23 269.67 0.64 -0.41 0.91 
0.59 5.90 274.86 0.84 -0.70 1.27 
-3.32 23.17 294.51 0.40 -0.52 0.92 
-0.51 17.60 309.39 0.03 -0.31 0.70 
-1.23 8.92 314.55 -0.49 -0.27 0.42 
3.20 9.91 312.23 -0.97 -0.25 0.98 
-7.98 -28.57 304.26 2.27 -1.05 1.39 
0.75 5.10 315.59 -1.10 -0.17 1.03 
-9.63 -19.60 294.58 0.36 -0.74 0.56 
-4.87 2.19 307.70 -0.81 -0.36 0.58 
0.73 1.18 305.50 -0.59 -0.40 0.72 
6.56 -7.76 298.76 -0.22 -0.18 0.56 
16.80 -19.01 269.73 0.70 -0.50 1.06 
-2.54 -1.44 268.03 0.87 -0.48 1.33 
-8.53 36.79 274.85 -0.25 0.30 0.56 
-13.64 -28.84 191.20 0.70 -0.03 0.26 
7.20 1.57 216.27 0.82 0.04 0.55 
12.18 6.49 221.02 0.32 0.00 0.88 
2.66 19.65 234.61 0.94 -0.63 1.47 
-8.78 26.90 255.87 0.65 -0.17 0.77 
-3.53 15.90 263.19 -0.13 -0.13 0.46 
2.59 7.27 263.40 -0.66 -0.39 0.83 
-5.02 -33.04 246.53 1.91 -0.74 0.72 
0.06 1.04 264.88 -0.88 -0.35 0.71 
5.23 -7.11 226.57 -0.58 -0.11 0.70 
3.13 31.28 255.37 0.05 -0.34 0.57 
1.27 8.54 261.81 -0.66 -0.34 0.61 
41.28 -40.31 213.19 1.10 -0.62 1.02 
-0.83 6.61 217.80 0.76 -0.37 0.99 
-2.41 14.43 217.18 0.35 -0.38 1.23 
24.05 -5.24 219.32 2.25 -0.66 0.68 
-0.50 5.49 229.53 -0.21 -0.18 1.33 
5.38 -16.14 211.00 0.85 0.10 0.36 
13.96 2.07 230.39 0.78 -0.14 0.77 
2.35 -0.45 231.41 0.58 -0.44 1.06 
0.91 -0.56 231.59 0.73 -0.51 0.89 
5.82 17.20 251.83 0.78 -0.60 1.33 
1.46 19.00 272.85 0.39 -0.43 0.79 
-5.89 23.90 285.68 -0.44 -0.09 0.30 
6.95 2.97 287.24 -0.56 -0.37 0.68 
4.06 16.24 286.86 -0.96 -0.19 0.87 
24.43 -0.91 272.96 3.27 -1.27 1.84 
-3.79 16.30 285.34 -1.55 -0.02 0.82 
-0.05 0.65 284.61 -0.78 -0.29 0.61 
-0.81 -1.45 281.75 -0.18 -0.41 0.73 
-1.78 -30.25 262.09 0.08 -0.09 0.68 
0.93 -18.47 240.39 0.94 -0.50 0.90 
-1.67 11.66 244.60 0.74 -0.62 1.40 
-5.37 33.86 235.21 -0.05 0.25 0.29 
18.05 10.45 257.41 1.17 -0.43 0.15 
0.39 1.96 255.80 -0.38 -0.14 1.71 
13.81 -34.92 229.34 1.72 -0.03 0.47 
-1.75 2.73 248.49 0.11 0.10 0.94 
5.01 -1.59 247.24 0.84 -0.14 1.22 
0.10 2.68 250.04 0.80 -0.42 1.06 
-5.32 14.23 263.25 0.98 -0.53 1.26 
-8.51 23.24 283.59 0.29 -0.19 0.57 
-3.15 15.96 290.54 -0.46 -0.22 0.45 
3.05 3.20 287.48 -0.56 -0.27 1.02 
4.98 -29.60 271.16 1.76 -0.53 0.90 
-3.23 2.21 287.53 -1.10 -0.33 0.88 
-16.63 -52.47 277.74 2.13 -0.67 0.79 
-17.06 -40.93 240.97 0.07 -0.21 0.70 
1.12 -6.49 224.25 0.97 -0.64 1.07 
-9.30 2.94 223.60 0.86 -0.66 1.44 
2.46 11.46 226.25 0.19 -0.28 1.31 
-12.80 9.82 205.53 2.13 -0.72 0.68 
-2.94 9.83 218.95 -0.32 -0.58 1.34 
-8.93 -9.60 196.32 0.98 -0.47 0.43 
-0.84 5.09 213.05 0.71 0.40 0.61 
30.40 80.80 275.23 0.75 -0.53 1.12 
-6.49 18.76 293.25 0.21 -0.18 0.51 
-3.07 2.27 294.63 -0.41 -0.20 0.44 
-3.22 7.40 292.18 -0.86 -0.33 1.18 
6.03 18.91 297.57 1.77 -0.88 1.29 
-1.67 18.96 308.54 -1.72 -0.09 0.86 
4.79 -29.76 299.52 1.30 -0.59 0.80 
8.80 14.93 316.20 -0.65 -0.44 0.80 
1.75 -4.15 315.13 -0.24 -0.44 0.84 
9.98 -0.57 313.39 -0.25 -0.32 0.32 
0.48 -18.21 306.09 0.11 0.02 0.93 
5.98 -14.73 296.03 0.72 -0.64 1.29 
-7.81 10.97 293.26 0.02 -0.36 1.71 
14.33 -18.57 268.45 2.21 -0.23 1.11 
3.44 0.43 278.41 -0.45 -0.13 1.14 
14.98 -8.33 260.25 0.55 0.18 0.61 
14.52 9.71 286.16 1.15 0.21 0.67 
8.21 -4.57 286.81 0.34 -0.07 1.38 
-3.30 7.24 291.80 0.73 -0.29 1.30 
13.35 12.49 299.45 1.11 -0.41 1.02 
-13.27 28.52 322.49 0.29 -0.17 0.66 
-4.68 15.45 -324.80 -0.35 -0.32 0.44 
3.72 6.80 325.68 -0.88 -0.30 1.19 
21.18 -46.94 306.21 2.00 -0.45 0.50 
-2.26 -0.82 322.05 -0.95 -0.61 0.78 
-11.73 6.16 -308.84 -0.61 -0.57 1.12 
1.52 3.02 -313.07 0.04 -0.51 0.80 
17.22 -7.34 -325.70 0.12 -0.50 0.68 
5.10 -17.64 314.24 0.27 -0.12 0.82 
3.12 -9.37 304.96 0.88 -0.10 1.27 
-8.63 4.56 306.37 0.54 -0.53 1.20 
-5.75 33.49 307.74 -0.20 0.05 1.18 
12.83 2.87 -326.11 1.14 -0.29 0.43 
3.73 3.03 -317.77 -0.54 -0.58 1.36 
20.87 -26.66 312.07 1.30 0.01 0.62 
4.54 7.45 -326.32 0.53 0.33 0.88 
1.18 0.29 -321.48 0.70 -0.46 0.95 
0.01 1.73 -321.17 0.83 -0.46 0.95 
-5.33 8.65 -309.56 0.71 -0.64 1.22 
-1.56 6.94 -301.02 0.81 -0.29 0.97 
-7.11 19.90 -273.73 -0.20 -0.11 0.47 
-4.45 8.83 -267.73 0.68 -0.70 1.42 
-7.55 -13.86 -268.67 -0.55 -0.39 0.88 
-2.16 -14.93 -293.28 0.01 -0.30 0.40 
-4.34 8.36 -270.30 -0.63 -0.16 0.65 
9.18 5.20 -303.46 -1.20 0.07 0.44 
-9.22 19.43 -281.28 0.16 -1.17 0.58 
3.32 9.56 -274.33 -0.59 -0.43 0.74 
2.08 0.52 -276.46 -0.23 -0.46 0.54 
5.85 -15.77 -293.40 0.08 -0.43 0.85 
3.82 -13.61 -308.28 0.48 -0.34 0.85 
-0.62 34.58 -303.60 0.17 -0.12 1.22 
-27.96 -9.12 321.50 2.49 -0.25 0.89 
-11.10 0.85 -315.87 -0.01 -0.44 1.19 
6.43 -2.98 318.78 0.60 0.16 0.38 
16.25 2.10 -308.02 1.14 0.11 0.49 
2.68 -4.83 -303.20 -0.03 -0.35 0.99 
9.97 4.73 -298.93 0.69 -0.38 1.14 
-1.79 14.55 -283.65 0.68 -0.40 1.19 
-3.29 26.77 -264.50 0.21 -0.06 0.66 
-6.64 20.06 -251.90 -0.11 -0.25 0.54 
5.26 3.58 -253.56 -0.68 -0.38 0.93 
-16.49 -22.99 -278.99 0.45 -0.76 0.33 
-8.82 12.34 -254.19 -0.46 -0.48 0.69 
1.93 -20.09 -293.17 -1.01 0.06 0.36 
16.13 32.89 -265.85 0.47 -0.78 0.62 
-1.63 10.93 -257.69 -0.97 -0.42 0.63 
1.97 7.12 -260.08 -0.03 -0.61 0.87 
11.28 -12.91 -271.62 -0.06 -0.16 0.79 
-5.80 -16.31 -286.33 0.43 -0.35 0.85 
6.72 -6.97 -292.15 0.63 -0.30 0.89 
-3.94 11.22 -288.49 0.59 -0.01 1.11 
-8.03 22.31 -281.14 1.28 -1.17 -0.01 
1.46 7.32 -269.34 -0.05 -0.07 1.46 
12.48 -3.47 -286.25 1.12 0.04 0.40 
-22.19 -11.89 -270.31 0.31 0.10 0.67 
3.09 -3.04 -272.21 0.49 -0.09 1.13 
1.23 1.64 -270.49 0.76 -0.29 0.85 
-7.93 23.34 -248.47 0.87 -0.30 1.30 
-0.63 24.30 -234.57 0.29 -0.27 0.65 
-2.28 21.44 -224.91 -0.20 -0.29 0.77 
-1.05 1.78 -224.37 -0.48 -0.33 0.48 
4.36 6.07 -227.44 -0.75 -0.26 1.17 
9.09 -46.41 -255.80 1.97 -0.98 1.16 
8.54 6.19 -235.28 -0.61 -0.47 0.93 
6.23 7.46 -267.97 -1.06 -0.01 0.53 
-1.18 29.23 -245.93 -0.58 -0.06 0.37 
1.89 7.48 -246.55 -0.76 -0.37 0.56 
-0.18 3.07 -246.75 -0.36 -0.51 0.72 
1.19 -1.15 -246.85 -0.24 -0.31 0.65 
0.94 -24.91 -261.03 0.13 -0.16 0.66 
4.25 -21.48 -270.88 1.18 -0.20 1.24 
-7.77 22.47 -266.44 0.60 -0.43 1.29 
-6.77 -8.87 -297.39 0.73 0.02 0.35 
-0.61 -0.12 -276.60 0.87 -0.16 0.59 
-6.91 13.51 -281.14 -0.68 -0.10 1.60 
10.93 28.89 -250.42 1.36 -0.69 0.65 
-8.26 -0.34 -251.87 -0.32 -0.28 0.89 
1.06 1.78 -247.88 0.62 -0.37 1.03 
-3.60 14.32 -238.87 0.50 -0.47 1.20 
-15.00 12.99 -227.49 0.32 -0.37 0.87 
-10.41 16.18 -216.19 -0.22 -0.37 0.61 
-0.37 -1.11 -216.38 -0.38 -0.50 0.64 
13.43 6.92 -248.80 -0.55 -0.28 0.56 
-1.21 5.50 -223.69 -0.77 -0.55 0.72 
3.04 -1.22 -253.54 -0.77 -0.27 0.61 
7.74 23.60 -223.99 0.30 -0.63 0.72 
0.48 11.64 -220.11 -0.67 -0.37 0.74 
0.31 5.50 -223.34 -0.04 -0.36 0.69 
4.23 -14.71 -230.86 0.12 -0.24 0.92 
6.18 -24.94 -247.91 0.52 -0.11 1.00 
5.13 -4.90 -252.11 0.79 -0.35 1.02 
-0.44 4.32 -249.00 0.78 -0.27 1.05 
2.98 36.67 -248.56 -0.39 0.38 0.96 
7.60 10.01 -223.78 1.38 -0.23 0.38 
7.43 9.19 -145.91 0.93 0.40 0.53 
5.85 -2.69 -145.72 0.42 -0.25 1.16 
-2.18 1.74 -143.39 0.72 -0.23 1.05 
-11.44 14.05 -130.36 0.73 -0.48 1.15 
-7.73 18.05 -114.37 0.46 -0.31 0.86 
-5.42 13.41 -103.47 -0.09 -0.26 0.80 
2.48 7.21 -104.74 -0.45 -0.35 0.47 
-6.66 -7.04 -147.13 0.04 -0.31 0.67 
-1.60 2.02 -126.97 -0.53 -0.45 0.70 
-0.05 2.97 -155.70 -0.89 -0.36 0.75 
7.40 25.57 -130.47 -0.01 -0.52 0.54 
-1.34 5.82 -125.56 -0.57 -0.38 0.79 
1.56 4.01 -128.30 0.09 -0.60 0.89 
0.63 -1.05 -129.80 -0.11 -0.45 0.70 
-1.80 -14.00 -144.39 0.31 -0.42 0.87 
-3.28 -7.69 -161.16 0.53 -0.35 0.85 
6.79 0.82 -170.30 1.17 -0.46 1.26 
-3.75 33.09 -172.52 -0.29 0.23 0.61 
48.61 19.28 -142.44 1.25 0.04 0.32 
-3.59 10.48 -148.53 -0.36 -0.02 1.67 
-15.49 -12.51 -156.48 2.08 -0.75 0.63 
-0.43 -2.71 -154.13 0.26 -0.25 1.04 
0.00 3.82 -154.06 0.72 -0.17 0.98 
4.63 5.45 -151.82 0.96 -0.38 1.20 
-10.05 21.01 -127.60 -0.05 -0.40 0.68 
3.10 12.44 -46.46 -0.76 -0.33 0.66 
-2.82 -1.19 -46.02 -0.41 -0.46 0.85 
2.93 -6.74 -54.81 -0.14 -0.24 0.70 
4.15 -8.64 -70.28 0.41 -0.56 0.86 
-5.82 -0.30 -75.53 0.50 -0.44 0.94 
8.69 0.66 -79.84 0.53 -0.45 0.91 
5.31 -2.18 -84.19 0.84 -0.32 1.10 
7.79 36.50 -87.57 -0.31 0.00 0.80 
17.20 5.91 -58.17 0.88 0.37 0.61 
12.48 18.23 -74.33 -0.07 0.26 0.75 
12.31 11.53 -46.73 1.16 -0.12 0.45 
-1.85 0.17 -41.06 0.42 -0.07 0.94 
-0.78 4.47 -38.84 0.72 -0.14 0.87 
-3.05 6.56 -40.01 0.95 -0.25 1.13 
1.11 17.24 -21.50 0.60 -0.18 0.71 
-2.38 12.14 -7.16 0.42 -0.27 0.84 
-3.55 13.98 5.15 0.04 -0.30 0.73 
1.45 10.96 -15.71 -1.05 -0.44 1.18 
-23.54 6.66 6.29 1.14 -0.87 0.85 
3.37 15.60 14.62 -1.02 -0.22 1.23 
-7.11 -2.20 -12.44 0.72 -0.51 0.75 
7.55 14.44 7.91 -0.22 -0.39 0.57 
-0.38 -24.52 -18.04 -0.08 -0.29 0.57 
2.15 -11.07 -36.33 0.39 -0.10 0.72 
17.48 -0.94 -50.92 1.02 -0.64 1.09 
2.80 13.74 -46.70 0.55 -0.48 1.14 
7.16 25.43 -49.21 0.19 0.00 0.74 
-2.48 -3.02 -32.00 1.21 -0.06 0.55 
15.20 23.33 -52.69 -0.41 0.15 0.98 
10.57 10.62 -22.83 1.30 -0.47 0.31 
0.17 -4.25 -17.97 0.00 -0.28 1.02 
2.17 7.23 -18.88 0.65 -0.29 0.94 
-10.47 8.45 -9.36 0.58 -0.48 1.22 
-2.66 20.66 6.38 0.40 -0.41 1.15 
-6.96 17.01 14.87 0.10 -0.47 0.79 
-5.70 15.67 21.72 -0.35 -0.34 0.50 
2.86 8.54 -23.62 -0.53 -0.13 0.38 
2.97 -13.47 -4.44 -0.99 -0.26 1.23 
-12.25 -15.48 -27.45 0.51 -0.43 0.50 
-2.84 3.99 -7.98 -0.54 -0.20 0.77 
-5.48 -0.60 -8.64 -0.57 -0.42 0.71 
2.99 -36.37 -27.01 0.03 0.06 0.62 
2.19 -4.08 -50.29 0.88 -0.38 0.73 
13.19 -7.83 -60.81 1.33 -0.31 1.57 
-1.80 10.71 -56.78 0.53 -0.08 1.19 
-15.29 3.70 -73.39 1.83 0.02 0.59 
1.00 5.54 -64.25 0.39 -0.05 1.07 
14.19 10.49 -84.91 -0.18 0.30 0.30 
17.37 13.30 0.69 1.01 -0.17 0.37 
5.04 0.94 15.92 0.57 -0.36 1.30 
-2.31 29.81 35.11 0.21 -0.22 0.61 
-1.38 8.16 29.83 -0.99 -0.14 0.83 
0.47 -16.83 14.53 3.98 -0.21 1.07 
-3.49 9.78 21.19 -3.12 -0.04 0.44 
-1.29 -14.73 10.92 2.65 -0.73 1.00 
7.66 -5.65 29.69 -0.31 -0.09 0.80 
-6.16 -19.30 15.50 -0.11 -0.03 0.66 
11.87 -27.79 -12.08 0.86 -0.41 1.06 
-15.84 21.77 -11.65 -0.40 -0.15 1.77 
-1.12 -10.09 -31.78 2.88 -0.17 0.96 
18.56 -7.90 49.04 -0.51 -0.15 0.37 
-3.06 -12.67 -14.83 0.48 0.31 0.27 
-13.32 -9.58 0.35 -0.16 -0.09 1.15 
5.45 -16.69 -27.82 1.06 0.24 0.53 
-7.97 -12.32 -9.99 0.92 0.10 0.93 
-0.91 -6.85 10.21 0.60 -0.09 1.33 
1.01 39.51 32.26 0.44 -0.24 0.76 
-3.25 1.39 35.19 -0.31 -0.20 0.43 
1.65 19.22 -3.05 -1.58 -0.31 1.02 
3.94 35.32 1.87 2.00 -0.85 0.97 
4.52 3.46 14.89 -0.46 -0.25 0.66 
1.71 -23.46 -3.96 -0.08 -0.07 0.64 
10.96 -25.34 -29.12 0.85 -0.36 1.04 
0.71 1.29 -30.32 0.99 -0.43 1.24 
-14.90 1.62 -44.62 0.31 0.30 0.54 
16.23 7.71 -19.73 0.69 1.06 0.14 
6.90 17.78 -30.10 -0.46 0.04 1.56 
-15.87 8.09 -11.23 1.85 -0.67 0.37 
9.95 -9.64 -0.06 0.52 -0.55 1.26 
-8.52 19.28 28.74 0.33 -0.29 0.93 
-0.13 34.81 38.48 -0.27 -0.26 0.14 
-5.28 12.72 23.13 -1.19 -0.24 1.47 
5.01 -6.96 6.07 3.80 -0.37 0.84 
-15.66 20.47 18.21 -2.23 -0.27 0.96 
-2.65 -35.27 8.93 2.81 -0.40 1.15 
4.45 -0.77 12.15 -0.30 -0.46 0.38 
-2.41 -34.94 -17.89 0.19 -0.08 1.04 
5.63 -14.84 -30.92 1.10 -0.41 1.29 
-6.00 4.60 -28.44 0.27 0.08 1.03 
-19.17 -42.83 -39.07 2.70 -0.07 0.92 
-8.31 -5.22 -28.21 -0.36 -0.07 1.57 
30.92 2.70 -64.71 1.64 0.29 0.63 
-30.76 -12.32 -50.37 1.11 -0.39 1.31 
-1.38 13.23 -24.51 0.05 0.01 0.85 
1.79 3.44 -23.37 0.42 -0.48 0.93 
-2.57 16.68 -9.72 0.46 -0.68 1.25 
-0.53 4.20 -15.18 -0.89 -0.08 0.21 
-4.58 -6.37 -29.28 3.24 -0.23 0.79 
-6.15 -0.22 -56.95 -1.41 -0.28 1.01 
-6.19 13.04 -32.47 0.76 -0.76 0.55 
-5.61 -12.70 -33.85 -0.76 -0.05 0.65 
-1.89 -19.40 -62.30 0.13 -0.36 0.55 
3.09 -2.27 -73.24 1.48 -0.76 1.45 
-1.59 6.33 -74.83 0.43 -0.34 1.02 
7.48 -10.72 -93.28 2.05 0.35 0.55 
42.74 -10.10 -34.62 0.85 0.34 0.72 
-0.98 -2.55 -14.53 0.51 -0.29 1.41 
-3.23 29.53 7.69 0.08 -0.36 0.45 
-1.36 -6.05 1.58 -0.29 -0.45 0.70 
-1.43 21.74 -39.17 -0.73 -0.16 0.52 
4.94 14.13 -19.50 0.21 -0.50 0.56 
-2.65 -0.44 -50.81 -1.09 -0.26 0.72 
14.61 25.08 -37.04 0.30 -0.53 0.53 
-1.58 -13.09 -40.03 -0.36 -0.20 0.54 
9.60 -14.03 -60.63 0.25 -0.73 1.13 
-5.78 -3.30 -63.29 0.73 -0.25 0.97 
6.24 24.16 -82.47 -0.15 0.18 0.28 
27.37 10.15 -55.62 0.89 0.24 0.26 
6.25 13.58 4.15 -0.12 -0.56 1.01 
-12.59 7.92 28.12 0.16 -0.43 0.81 
-2.46 -6.62 30.85 -0.07 -0.54 0.81 
-6.17 11.00 9.90 -0.66 -0.53 0.69 
7.20 16.87 29.61 0.11 -0.22 0.52 
3.87 18.77 7.63 -0.68 -0.46 0.55 
-1.70 3.01 29.32 0.00 -0.28 0.58 
3.24 1.33 27.99 -0.45 -0.29 0.83 
-2.88 -23.29 0.82 0.33 -0.14 0.70 
11.58 -11.98 -23.40 1.62 -0.27 1.20 
-2.03 4.43 -18.21 0.60 -0.22 1.01 
-7.87 7.36 -6.08 0.52 -0.08 0.68 
16.86 1.49 20.21 0.52 0.53 0.75 
13.65 16.23 7.94 -0.31 0.17 0.97 
1.73 1.64 26.79 0.35 -0.15 0.96 
-6.84 23.54 48.93 0.41 -0.20 1.00 
-2.46 20.75 55.59 -0.23 -0.19 0.23 
6.48 14.11 42.10 -1.40 -0.44 1.13 
-1.12 -12.83 39.43 2.77 -0.84 1.22 
-2.78 2.33 33.40 -2.15 -0.23 1.21 
-13.68 -7.25 37.83 2.07 -0.77 1.21 
-1.21 -2.54 50.32 -0.13 -0.30 0.92 
-1.60 -5.27 46.69 -0.34 -0.46 1.00 
-1.50 3.66 45.51 0.02 -0.48 0.73 
-2.21 -25.10 21.07 0.11 0.04 0.43 
14.60 26.19 8.96 1.15 0.25 1.25 
-10.80 -9.79 36.89 0.12 0.38 1.07 
3.04 -30.01 25.52 1.58 0.25 0.42 
0.23 -4.09 23.52 0.57 -0.40 0.82 
4.82 7.45 32.83 0.87 -0.47 0.95 
-1.03 20.68 55.79 0.64 -0.34 1.17 
-6.68 -14.77 43.16 0.28 -0.17 0.27 
-21.30 -0.80 45.60 -2.28 -0.07 0.95 
-11.92 -26.09 51.82 -0.74 -0.58 0.86 
-0.72 7.01 52.08 -0.06 -0.40 0.83 
8.44 -33.16 19.82 -0.06 0.10 0.23 
12.78 -7.79 -0.07 1.54 -0.43 1.83 
-1.88 -28.95 -25.13 1.64 0.15 0.27 
-34.38 -38.18 6.34 1.02 0.01 0.90 
8.59 -9.06 4.84 0.11 -0.09 0.97 
0.98 0.55 3.21 0.80 -0.13 0.86 
-2.86 13.98 20.27 1.33 -0.57 1.69 
-2.32 30.99 32.40 0.07 0.02 -0.13 
0.03 5.29 13.51 -0.87 -0.06 1.50 
2.75 -18.30 1.30 3.73 -0.50 1.14 
6.73 8.41 -39.81 -1.28 -0.19 0.88 
5.41 24.70 -19.28 0.36 -0.41 0.43 
1.03 2.61 -17.99 -0.28 -0.36 1.01 
-3.67 -6.03 -18.64 0.19 -0.56 0.97 
8.13 -16.51 -38.38 -0.26 0.09 0.02 
3.88 -22.09 -62.91 1.50 -0.18 1.05 
-10.61 11.41 -58.34 0.53 -0.15 1.59 
1.92 9.10 -62.68 -0.59 -0.16 1.76 
-11.53 -23.37 -81.58 2.42 -0.34 0.86 
-0.20 -0.68 -75.90 0.24 -0.07 0.83 
6.21 3.59 -78.92 0.48 -0.24 0.99 
-0.22 -5.53 -67.64 1.46 -0.46 1.37 
2.36 35.12 -47.85 0.45 0.00 0.28 
0.03 0.37 -47.71 -0.22 -0.15 0.65 
-7.00 0.90 -76.15 -0.24 -0.29 0.54 
-1.70 11.00 -62.53 -0.32 -0.16 0.85 
-2.43 1.87 -92.47 -0.52 -0.30 0.65 
18.67 20.45 -67.48 0.65 -0.28 0.58 
3.78 6.91 -65.91 -1.00 -0.39 0.83 
-0.99 5.12 -71.14 -0.10 -0.27 0.64 
-9.77 -16.01 -91.60 0.42 -0.24 0.48 
20.99 -10.17 -110.04 1.69 -0.44 1.47 
0.72 7.09 -108.58 0.36 -0.16 1.21 
-23.09 -31.91 -132.84 1.77 -0.08 0.32 
37.77 28.43 -82.89 1.31 -0.35 0.29 
-3.92 -10.81 -84.10 -0.05 -0.25 1.09 
0.02 1.73 -81.27 0.83 -0.31 0.86 
-4.07 8.28 -63.88 0.98 -0.48 1.60 
-2.63 24.55 -54.87 0.13 -0.18 0.20 
28.20 17.74 -25.58 -0.97 -0.25 1.31 
-7.23 -13.45 -50.81 0.63 -0.33 0.45 
-2.26 -0.18 -35.45 0.07 -0.45 0.67 
1.54 -6.81 -33.61 -0.41 -0.41 1.02 
1.68 -1.73 -37.06 0.09 -0.51 1.02 
5.90 -11.72 -52.92 -0.14 -0.08 0.13 
5.00 -21.67 -68.45 2.00 -0.16 1.49 
-13.97 17.03 -70.98 0.43 -0.04 1.36 
-15.45 18.89 -56.96 1.74 -0.87 0.71 
27.53 33.04 0.68 1.03 0.52 0.49 
0.20 -10.43 2.81 -0.06 -0.25 1.17 
-45.29 72.31 58.63 0.24 -0.16 0.39 
5.36 -3.10 54.51 -0.25 -0.40 0.85 
-1.71 -3.95 18.96 -0.41 -0.24 0.82 
-13.41 4.66 39.37 0.00 -0.01 0.45 
-3.80 6.12 18.50 -1.63 -0.41 0.61 
-18.63 19.01 31.62 1.36 -0.70 1.00 
1.69 -0.26 39.10 -0.60 -0.71 0.99 
-1.64 -2.73 37.24 0.18 -0.57 0.92 
6.66 2.25 31.32 0.03 -0.33 0.23 
14.65 -23.06 3.00 0.60 -0.05 0.80 
5.93 10.86 4.36 0.82 -0.81 1.61 
-18.63 25.10 -7.69 -0.24 0.31 1.15 
1.33 1.65 16.26 -0.12 -0.20 1.06 
-0.36 -10.08 19.06 -0.01 -0.33 1.24 
-2.70 3.91 15.59 0.65 -0.27 0.99 
-4.04 0.53 20.70 0.72 -0.78 1.32 
-11.78 15.89 43.81 0.42 -0.35 0.73 
-5.32 0.87 44.07 -0.15 -0.34 0.47 
5.57 25.58 25.28 -1.35 -0.26 1.06 
-12.27 20.59 41.44 1.28 -1.07 0.78 
0.91 14.55 32.48 -1.89 -0.61 0.79 
11.10 13.43 67.25 1.08 -0.79 0.65 
-2.20 -0.01 75.31 -0.70 -0.62 0.85 
-1.92 1.50 74.15 0.09 -0.58 0.91 
11.22 -1.07 68.29 -0.20 -0.03 0.14 
4.24 -26.29 46.79 0.75 -0.15 0.76 
-5.16 12.15 49.12 0.64 -0.40 1.53 
-9.69 2.92 45.64 1.25 -0.05 0.48 
3.01 -3.52 62.64 0.51 0.10 1.00 
6.52 20.15 52.15 -0.19 -0.07 1.16 
12.67 6.27 50.67 0.61 -0.34 1.08 
-4.61 -7.75 51.63 0.71 -0.44 1.04 
-5.53 15.30 73.78 0.69 -0.19 0.98 
4.30 19.51 80.12 -0.28 0.00 0.14 
3.92 3.14 75.33 -0.59 -0.38 1.28 
-27.98 -2.21 90.56 3.02 -1.18 1.45 
-5.53 -8.17 102.65 -1.34 0.00 1.30 
-7.02 -17.19 79.10 0.47 -0.40 0.44 
-5.24 4.72 96.99 -0.56 -0.24 0.78 
-3.77 -4.98 93.40 -0.36 -0.49 0.83 
-1.17 -1.05 92.20 -0.16 -0.43 0.77 
6.78 -25.11 74.56 0.05 -0.01 0.41 
-1.21 -43.48 55.59 1.46 -0.63 1.48 
-4.15 11.60 56.31 0.26 -0.16 1.26 
-7.75 36.04 23.69 -0.44 -0.01 1.48 
-1.21 0.89 36.14 1.79 -0.84 0.43 
-5.66 -11.05 37.55 -0.28 -0.13 0.94 
1.74 -0.36 36.52 0.81 -0.37 0.83 
0.51 3.44 49.49 1.20 -0.77 1.48 
-3.43 27.19 74.22 0.53 0.09 0.46 
-4.59 -1.43 70.09 -0.36 -0.37 0.66 
-4.85 6.96 49.48 -1.09 -0.34 1.00 
-18.69 21.71 61.73 1.57 -1.41 1.02 
-0.29 2.48 37.34 -1.59 -0.22 0.49 
-18.53 7.01 54.20 1.54 -1.23 1.05 
-4.55 -5.61 60.30 -0.44 -0.27 0.97 
-1.67 -4.38 57.42 0.15 -0.62 0.97 
4.86 -33.66 16.23 0.16 -0.16 0.50 
-1.21 8.98 2.90 0.43 -0.39 1.36 
-2.37 2.52 -15.04 0.05 -0.23 1.06 
-15.71 76.65 33.00 0.14 -0.21 0.57 
-17.46 -10.20 110.93 -0.38 -0.46 0.79 
-2.13 -2.71 110.41 -0.19 -0.45 0.97 
-11.58 -61.88 60.36 0.54 -0.32 0.87 
0.71 -1.24 56.80 0.89 -0.72 1.42 
0.95 20.55 54.58 0.08 -0.26 0.56 
-19.87 -91.88 -24.20 1.99 -0.43 0.81 
0.71 -3.89 -17.69 0.03 -0.14 0.99 
-1.86 1.02 -18.90 0.58 -0.34 0.90 
8.99 23.47 4.93 0.83 -0.70 1.37 
-5.52 21.82 19.75 -0.03 -0.23 0.46 
1.26 0.44 10.54 -0.78 -0.24 1.14 
18.62 -50.22 -6.54 2.58 -0.52 0.63 
11.12 38.68 41.87 0.32 -0.60 0.65 
9.27 -30.32 6.33 -0.16 -0.15 0.40 
-1.10 -21.28 -9.52 0.73 -0.49 0.90 
-30.37 87.17 76.62 0.89 -0.60 1.41 
-2.12 20.69 91.68 0.28 -0.20 0.53 
5.22 -1.10 91.48 -0.14 -0.20 0.70 
23.56 -61.95 69.72 2.67 -0.39 0.62 
-1.79 -0.84 79.91 -1.45 -0.18 1.45 
-26.24 7.79 93.07 1.48 -0.84 1.16 
-1.32 1.03 102.66 -0.11 -0.36 1.00 
1.01 -1.47 98.65 -0.07 -0.47 0.93 
15.36 -2.90 90.50 -0.22 -0.04 0.36 
-1.81 -23.70 79.41 0.60 -0.33 1.03 
-2.50 -2.83 77.45 0.69 -0.46 1.29 
-6.61 16.43 65.96 -0.12 -0.16 1.07 
11.55 16.16 85.27 1.11 -0.38 0.13 
-5.17 3.80 77.60 -0.25 -0.26 1.55 
9.96 12.86 85.20 1.78 -0.93 0.88 
-0.12 -1.52 87.03 -0.06 -0.02 0.88 
2.79 0.39 84.56 0.76 -0.16 0.97 
-0.96 1.34 87.35 1.02 -0.57 1.32 
-1.62 21.54 104.04 0.56 -0.27 0.87 
0.91 0.19 106.37 -0.06 -0.18 0.62 
2.72 -14.91 81.35 -0.07 -0.35 0.58 
-4.35 -2.73 100.25 -0.82 -0.32 1.08 
-6.99 -25.28 78.04 0.71 -0.55 0.67 
-1.14 -0.72 90.77 -0.07 -0.39 0.82 
-0.36 -2.47 86.17 0.07 -0.38 0.87 
5.11 -18.53 71.84 0.15 -0.10 0.61 
3.28 -21.57 58.73 0.99 -0.33 0.97 
-1.10 5.17 61.11 0.79 -0.34 1.06 
-10.75 -10.77 45.06 0.55 -0.06 0.51 
17.63 -15.12 24.77 1.87 -0.59 0.80 
-5.46 -1.61 28.16 0.40 -0.30 0.81 
2.42 -2.73 25.56 0.73 -0.24 0.91 
-0.81 -1.46 26.82 0.77 -0.19 0.86 
-6.35 19.59 49.44 0.93 -0.41 1.07 
-3.30 16.74 61.76 0.09 -0.19 0.46 
-3.82 10.58 48.20 -0.83 -0.08 1.41 
15.86 34.88 73.24 0.77 -0.59 0.52 
-10.58 -14.36 104.20 -0.09 -0.41 0.94 
-2.52 -4.51 105.59 -0.37 -0.46 0.89 
4.62 -5.50 95.88 -0.06 -0.28 0.53 
-3.04 -16.60 84.06 0.35 -0.26 0.83 
3.81 -20.68 69.18 1.00 -0.51 1.24 
-1.63 4.42 70.56 0.64 -0.29 1.02 
-4.10 5.96 238.82 -0.34 -0.47 1.06 
-3.69 1.78 226.95 -0.41 -0.24 0.68 
-6.25 -24.90 207.27 0.50 -0.28 0.72 
13.93 -26.60 195.81 1.13 -0.20 1.17 
3.98 3.67 191.23 0.35 -0.30 1.70 
20.04 -25.62 149.49 2.18 -0.57 0.48 
0.18 -5.42 163.41 0.56 0.24 0.89 
-1.98 -6.51 129.07 -0.32 0.69 0.39 
20.28 10.25 159.26 1.37 0.01 0.39 
-15.26 3.82 183.79 1.08 0.02 1.10 
-13.16 24.60 203.44 0.22 0.04 0.64 
-2.69 13.72 202.46 -0.46 -0.22 0.37 
7.10 11.08 175.32 -2.26 0.10 0.87 
-16.92 21.07 184.72 2.13 -0.67 0.98 
-5.35 4.73 184.79 -2.20 -0.11 1.32 
-5.91 -15.36 190.93 2.85 -0.33 1.14 
-7.32 -1.95 194.34 -0.61 -0.36 1.09 
-3.73 -8.37 188.10 0.03 -0.38 0.94 
6.34 -11.75 179.44 -0.02 -0.25 0.53 
3.29 -22.84 162.43 0.28 -0.09 0.70 
-6.82 -18.85 142.19 1.37 -0.54 1.80 
2.98 44.51 144.04 -0.57 0.17 0.90 
13.43 -38.90 80.09 1.00 0.26 0.29 
-3.00 -6.20 99.12 0.91 0.14 0.85 
4.95 -13.14 97.89 0.28 -0.42 1.21 
0.29 -5.12 93.78 0.62 -0.28 0.90 
-3.41 12.27 107.64 1.03 -0.18 1.22 
-1.97 0.41 100.70 -0.64 -0.04 0.18 
-7.88 13.63 59.06 -1.05 -0.28 0.84 
-5.46 13.51 81.33 -0.41 -0.06 0.37 
-6.68 -11.55 48.65 -1.62 0.00 1.04 
-29.74 14.22 76.63 1.75 -0.88 0.69 
4.21 8.78 81.47 -1.06 -0.55 1.20 
-3.01 7.70 79.35 0.00 -0.15 0.68 
-12.58 -35.63 56.91 0.53 -0.10 0.44 
46.54 -18.74 46.71 0.93 0.04 1.31 
-10.02 4.74 49.32 0.06 0.23 1.84 
2.19 -41.58 16.97 1.94 0.26 0.04 
-24.63 -22.65 28.30 0.40 -0.07 1.12 
-2.10 19.03 8.60 0.09 0.38 0.90 
1.53 2.98 44.62 1.29 0.34 0.33 
1.25 -5.32 38.18 0.04 -0.29 1.15 
-9.52 -2.50 34.92 0.62 -0.23 0.80 
7.83 -3.17 37.90 0.92 -0.34 1.05 
-9.73 19.45 55.10 0.74 -0.11 0.83 
-5.98 18.89 64.42 -0.03 -0.23 0.56 
-0.89 12.40 47.89 -1.63 0.12 1.19 
-16.89 14.58 69.44 1.78 -1.07 0.87 
-1.74 11.92 69.47 -1.89 0.07 1.26 
15.91 -45.85 53.00 2.65 -0.39 0.59 
-4.30 -13.75 67.81 -0.84 -0.39 0.94 
-0.62 -5.39 61.24 0.18 -0.47 1.04 
-0.52 -1.23 48.31 -0.23 -0.22 0.40 
-3.89 -18.64 31.14 0.50 0.04 0.73 
11.28 -17.13 15.07 1.48 -0.30 1.63 
-15.19 27.63 7.65 0.14 -0.12 1.29 
3.89 -4.70 19.62 2.00 -0.69 0.24 
-4.15 2.42 23.65 -0.71 0.00 2.05 
5.74 -19.06 -7.33 1.37 0.01 0.33 
-9.85 -13.70 3.33 0.27 0.26 0.82 
1.95 -2.17 -0.88 1.06 -0.08 1.30 
-13.95 8.29 5.04 1.16 -0.63 1.29 
-12.69 21.95 28.58 0.58 0.07 0.74 
-3.41 15.18 32.85 -0.35 -0.14 0.23 
-1.08 10.48 4.55 -1.35 -0.22 1.14 
-17.32 26.61 27.63 1.17 -0.93 0.62 
-1.04 8.10 20.40 -2.22 -0.04 1.13 
-3.39 -14.61 10.56 2.81 -0.19 0.83 
0.76 -10.64 24.53 -0.65 -0.11 1.19 
-5.38 0.81 17.62 0.25 -0.43 0.96 
4.12 0.54 7.37 -0.15 -0.16 0.28 
-0.01 -25.61 -27.40 0.61 -0.19 0.74 
8.19 -19.36 -45.25 1.81 -0.11 1.69 
5.25 36.35 -47.06 0.14 0.25 0.34 
19.50 -0.54 -15.82 1.26 0.23 -0.03 
-8.15 29.56 -38.82 -0.01 0.28 1.42 
10.32 0.14 -24.63 1.69 -0.61 0.13 
-3.65 -9.88 -27.96 0.12 -0.14 1.14 
6.31 3.24 -28.60 0.78 -0.03 0.76 
-5.19 -9.01 -25.06 1.06 -0.38 1.31 
-12.74 38.58 8.61 0.70 0.05 0.53 
-8.50 15.16 17.60 -0.16 -0.24 0.40 
-14.73 0.01 -14.72 -1.40 -0.07 1.30 
-9.10 20.79 12.16 1.00 -1.06 0.56 
4.86 6.16 17.33 -1.98 -0.10 1.43 
11.99 -31.54 10.07 2.55 -0.39 0.33 
-1.52 -13.11 24.84 -0.81 -0.09 1.12 
-0.30 -12.18 13.95 0.08 -0.32 0.94 
-0.30 -22.75 -4.44 -0.21 0.04 0.51 
-17.57 -26.57 -29.22 0.55 -0.07 0.67 
-8.79 -1.49 -38.21 1.74 -0.84 1.73 
1.23 28.11 -46.15 0.07 0.09 0.67 
-8.58 -0.49 -30.86 1.46 -0.32 0.25 
-0.36 -14.44 -39.53 -0.63 -0.05 1.93 
5.51 -29.22 -78.47 1.53 0.60 0.39 
-2.18 -7.68 -61.41 0.44 0.40 0.61 
1.46 -1.20 -63.76 0.64 -0.15 1.17 
-1.23 -2.42 -65.96 0.69 -0.06 0.74 
-7.90 7.38 -56.11 1.08 0.02 0.97 
-7.76 16.52 -38.61 0.23 -0.05 0.51 
-2.98 0.19 -38.90 -0.44 -0.15 0.84 
1.27 -26.00 -60.54 1.56 -0.49 0.12 
-5.24 -0.51 -45.81 -0.38 -0.40 0.86 
-4.51 5.72 -71.89 -0.97 -0.06 1.09 
-37.51 2.67 -64.87 1.92 -0.35 0.78 
-5.27 -3.29 -61.49 -0.64 -0.34 1.28 
-3.84 -1.32 -64.88 0.32 -0.38 1.06 
0.24 -1.31 -74.72 0.01 -0.13 0.50 
-12.08 -18.75 -89.57 0.36 0.08 0.89 
-3.73 -8.83 -107.72 0.92 -0.50 1.35 
-18.17 6.06 -108.96 0.09 -0.45 1.43 
17.80 -11.77 -114.97 2.16 -0.55 0.39 
0.56 -1.82 -112.00 -0.46 -0.12 1.34 
-6.11 -4.51 -149.39 0.72 0.25 0.53 
22.56 6.26 -116.08 0.77 0.59 0.21 
16.19 -14.57 -135.27 0.86 -0.06 1.49 
-17.17 20.50 -107.88 1.80 -0.67 1.14 
9.71 9.55 -101.01 0.54 -0.16 0.82 
-9.83 18.56 -88.28 0.13 -0.08 0.55 
-1.04 2.68 -97.28 -0.85 -0.36 1.08 
-39.87 0.49 -74.29 1.43 -0.50 1.00 
3.25 12.17 -67.76 -1.06 -0.25 1.33 
-19.37 -25.56 -94.87 0.96 -0.62 0.46 
-0.22 1.26 -82.06 -1.00 -0.02 0.71 
-1.05 -0.77 -89.73 -0.52 -0.35 0.76 
4.16 -15.42 -110.00 -0.30 -0.16 0.43 
-3.07 -22.71 -133.57 0.38 0.00 0.63 
-1.46 -11.60 -148.36 1.88 -0.71 1.22 
-28.94 33.33 -161.38 0.37 -0.18 1.28 
3.22 5.44 -157.65 1.32 -0.41 0.21 
-6.71 0.58 -151.68 -0.27 -0.33 1.38 
1.36 16.32 -174.39 0.21 0.19 0.50 
36.70 23.68 -142.21 1.16 -0.04 -0.15 
4.56 -9.22 -142.44 0.22 -0.18 1.26 
-0.28 2.07 -144.50 0.91 -0.29 1.02 
13.41 6.96 -144.38 0.73 -0.12 1.05 
-6.95 28.76 -132.05 0.33 -0.04 0.64 
-8.16 7.50 -129.83 -0.22 -0.24 0.53 
0.43 2.66 -161.83 -1.47 -0.13 0.96 
-30.71 7.94 -153.86 1.18 -0.73 0.97 
1.88 -4.37 -145.59 -0.82 -0.18 1.45 
-3.86 -3.02 -172.75 -0.15 -0.07 0.69 
25.17 30.18 -140.22 0.31 -0.12 0.59 
0.80 1.81 -139.68 -0.58 -0.35 1.03 
-1.90 2.20 -144.47 0.01 -0.31 0.90 
-2.79 -9.32 -149.44 -0.12 -0.13 0.70 
-0.88 -9.92 -168.41 0.42 -0.25 0.84 
-0.02 -13.54 -176.97 0.83 -0.56 1.33 
-16.70 20.52 -188.11 0.23 0.06 0.75 
16.74 5.83 -166.67 1.22 0.20 0.21 
-1.66 5.87 -170.58 -0.28 0.00 1.94 
-7.71 -31.40 -199.16 2.53 -0.22 0.84 
-7.03 -6.13 -195.95 0.01 -0.02 0.93 
2.96 -0.12 -198.81 0.66 -0.06 1.10 
-4.71 -1.09 -199.21 0.68 -0.34 1.04 
-7.57 9.02 -191.44 1.02 -0.47 1.19 
-11.47 26.30 -170.34 0.34 -0.17 0.52 
1.76 -3.18 -171.21 -0.24 -0.33 0.72 
-4.92 7.07 -206.73 -1.03 -0.29 0.79 
5.64 33.28 -175.14 0.77 -0.64 0.53 
-6.15 4.88 -172.83 -2.16 0.06 0.94 
-10.41 -15.17 -178.12 3.25 -0.32 1.12 
-5.21 -10.14 -177.57 -0.61 -0.21 1.27 
-4.27 -12.56 -184.04 0.17 -0.46 0.99 
0.42 -0.78 -191.51 -0.16 -0.29 0.47 
-19.82 -20.03 -214.69 0.25 -0.20 0.75 
9.78 -18.92 -233.39 0.88 -0.45 1.04 
-0.67 0.85 -234.35 0.60 -0.45 1.20 
-15.33 -33.43 -271.80 1.00 0.03 0.38 
2.97 -3.58 -259.81 0.81 0.14 0.60 
-9.09 19.39 -277.74 0.04 0.25 0.98 
2.66 5.47 -258.89 1.50 -0.33 0.35 
-1.37 -8.56 -266.25 0.50 -0.31 1.05 
-6.74 -0.30 -268.50 0.68 -0.14 0.72 
-8.23 2.68 -266.11 1.18 -0.48 1.22 
-5.21 9.53 -259.60 0.68 -0.31 1.00 
-4.87 11.01 -251.95 0.29 -0.12 0.72 
-4.04 7.88 -244.02 0.06 -0.32 0.71 
-6.13 -0.56 -284.14 -0.56 -0.27 0.68 
8.11 33.63 -260.85 -0.05 -0.21 0.45 
-0.85 14.70 -279.32 -1.18 -0.22 0.95 
-12.33 0.26 -279.49 2.14 -0.99 1.10 
-5.50 -1.30 -278.03 -0.42 -0.47 1.25 
-2.00 -1.84 -283.63 0.13 -0.52 0.90 
4.65 -10.64 -296.28 -0.07 -0.19 0.64 
-10.99 -8.08 -312.41 0.24 -0.24 0.74 
-3.79 -10.72 -323.92 1.01 -0.40 1.11 
-0.02 -4.06 325.77 0.79 -0.55 0.98 
2.03 35.92 324.28 -0.16 -0.02 0.75 
13.21 2.43 -310.72 1.35 -0.03 0.16 
0.68 6.85 -315.39 -0.27 -0.05 1.75 
-10.54 -32.12 305.48 1.66 0.04 0.37 
-20.67 -7.49 309.45 -0.01 -0.10 1.01 
4.75 1.43 308.32 0.71 -0.03 1.23 
2.01 -1.62 298.27 1.04 -0.32 1.22 
-10.73 22.02 313.33 0.74 -0.19 0.83 
-15.07 19.71 327.28 -0.06 -0.31 0.47 
-2.80 15.40 319.54 -1.26 -0.41 1.14 
3.83 -34.15 300.23 3.52 -0.46 1.24 
6.31 -5.91 305.90 -1.17 -0.29 1.26 
0.11 -29.71 291.60 1.00 -0.33 0.74 
-6.37 8.38 307.34 -0.72 -0.28 0.72 
2.63 2.93 301.64 -0.19 -0.38 0.90 
-3.25 3.92 294.41 -0.19 -0.38 0.84 
-3.88 -6.55 277.79 -0.27 -0.22 0.49 
5.06 -23.27 252.36 0.79 -0.19 0.93 
4.00 -7.35 247.61 0.69 -0.72 1.70 
-4.40 -31.22 215.35 1.89 -0.17 0.83 
-26.92 -12.64 224.50 0.09 -0.10 1.13 
-9.77 10.14 200.46 0.07 0.18 0.54 
24.24 5.77 228.28 1.27 0.20 0.32 
-2.45 -9.62 220.94 0.39 -0.37 1.08 
-8.01 -2.23 216.24 0.88 -0.45 1.12 
2.74 6.78 225.73 0.76 0.01 0.83 
-7.54 15.46 236.38 0.23 -0.13 0.63 
-6.13 14.47 232.67 -1.50 -0.35 0.86 
-11.22 -24.27 226.27 2.95 -0.49 0.99 
-6.57 -8.76 220.98 -1.44 -0.30 1.55 
14.92 -42.41 211.77 2.79 -0.42 0.69 
4.88 -5.00 219.39 -0.64 -0.25 1.17 
0.62 -7.88 215.16 0.26 -0.29 1.03 
7.40 -4.26 208.82 -0.26 -0.15 0.50 
-9.42 -20.48 186.62 0.50 -0.36 0.76 
-1.14 -20.34 173.60 1.16 -0.26 1.05 
-6.31 40.28 176.12 -0.20 -0.05 1.13 
-3.19 6.13 197.08 1.40 -0.27 0.23 
4.98 2.82 197.04 -0.59 -0.40 1.92 
-13.30 -23.41 175.48 2.43 -0.75 0.94 
-18.28 -3.24 169.90 0.01 -0.21 1.06 
-3.10 -8.32 160.63 0.70 -0.37 1.00 
4.03 9.40 167.27 0.79 -0.28 1.01 
-10.97 14.03 184.60 0.45 -0.25 0.66 
-7.87 12.63 195.03 -0.15 -0.38 0.50 
2.58 3.39 171.99 -0.91 -0.45 0.97 
10.37 20.45 193.62 0.65 -0.70 0.65 
-3.75 5.95 181.62 -1.38 -0.42 1.29 
-19.93 -15.02 180.51 2.35 -0.10 0.81 
-6.11 -10.98 178.44 -0.43 -0.48 1.12 
-2.79 -2.24 170.61 0.40 -0.50 0.98 
2.75 -8.08 164.08 0.05 -0.43 0.73 
-15.10 -0.87 159.83 0.43 -0.43 0.88 
-15.85 -13.12 145.19 0.71 -0.81 0.88 
5.59 34.69 142.17 -0.52 -0.34 0.66 
6.87 15.72 160.97 1.89 -0.21 0.57 
-5.36 8.14 156.96 -0.43 0.08 1.68 
-13.01 -35.59 131.35 2.54 -0.45 0.71 
-5.61 -4.49 135.28 0.28 -0.26 1.06 
-4.25 0.20 133.41 0.70 -0.33 1.02 
-3.64 -4.92 130.09 0.74 -0.32 1.05 
0.19 -0.22 128.90 0.62 -0.02 0.92 
-8.13 10.57 138.17 0.32 -0.20 0.83 
-9.47 9.46 144.34 0.12 -0.36 0.82 
-8.41 21.44 147.34 -0.87 -0.47 0.78 
24.85 -30.10 137.71 3.52 -0.06 0.70 
0.86 -1.14 144.17 -1.45 -0.57 1.32 
9.73 46.17 182.06 -0.26 -0.08 0.61 
-0.60 4.82 183.15 -0.61 -0.15 0.59 
-0.42 2.60 181.02 -0.43 -0.44 0.88 
0.01 0.04 176.82 0.20 -0.47 1.02 
-3.31 1.01 173.62 -0.03 -0.39 0.88 
-0.76 0.75 169.54 -0.05 -0.25 0.80 
-2.19 -5.40 162.80 0.03 -0.45 0.78 
-1.72 -2.38 158.06 0.13 -0.44 0.86 
-10.65 -3.34 124.01 0.77 -0.40 1.04 
-30.32 14.87 18.17 0.30 -0.38 0.44 
12.34 16.88 32.65 -0.44 -0.19 0.60 
-12.14 13.25 12.93 -0.70 -0.31 1.32 
-37.08 6.06 26.11 0.96 -1.05 0.73 
-1.31 1.05 24.56 -0.35 -0.52 1.24 
-1.57 -3.56 19.88 0.22 -0.45 0.93 
-2.53 -5.66 11.55 -0.07 -0.27 0.57 
-1.06 -18.50 -3.98 0.54 -0.19 0.83 
-26.94 22.42 15.32 0.74 -0.61 0.78 
4.34 -11.28 1.53 0.65 -0.90 1.14 
15.29 8.97 -11.73 -0.09 -0.13 1.32 
17.16 14.01 -6.49 2.01 -1.08 0.51 
-2.28 -0.44 -5.28 -0.31 -0.34 1.69 
-16.18 -19.60 -36.63 1.61 -0.01 0.32 
-5.23 -8.75 -23.35 0.43 0.11 0.71 
-27.75 -17.51 -35.05 0.93 -0.43 0.91 
5.51 -0.52 -37.77 0.86 -0.20 0.83 
-0.01 5.25 -24.78 0.78 -0.23 0.69 
-3.50 17.01 -9.99 0.40 -0.26 0.74 
-2.57 11.78 -14.87 -0.64 -0.26 0.71 
-9.08 -30.13 -32.79 -0.07 -0.43 0.81 
-3.09 -4.17 -38.58 0.15 -0.58 1.03 
-3.55 -0.98 -40.45 0.01 -0.39 0.92 
-3.64 -8.66 -48.82 -0.05 -0.27 0.71 
-5.64 -12.85 -64.48 0.32 -0.11 0.78 
7.61 -17.30 -85.98 0.96 -0.30 0.99 
-14.19 25.58 -100.57 0.08 -0.30 1.15 
-7.17 -123.80 -174.22 1.77 0.36 0.37 
-11.06 -15.22 -166.50 0.06 0.10 0.86 
0.07 -0.49 -168.48 0.81 -0.22 0.93 
-0.56 -2.76 -170.68 0.70 -0.16 0.79 
-6.40 14.42 -155.36 0.58 -0.48 0.98 
-3.65 9.99 -145.12 0.36 -0.35 0.89 
-7.40 10.20 -137.18 0.11 -0.31 0.78 
-0.09 26.25 -142.12 -1.06 -0.23 0.77 
26.65 -51.06 -158.22 3.99 0.46 0.80 
4.36 -1.39 -152.02 -1.62 -0.33 1.50 
13.22 -41.84 -163.00 3.04 -0.38 0.59 
-10.55 2.49 -155.97 -0.70 -0.61 0.78 
-3.79 -3.75 -157.42 -0.37 -0.33 0.72 
9.88 -12.20 -166.34 -0.08 -0.42 0.47 
-23.17 -16.81 -181.11 0.43 -0.23 0.91 
4.97 -6.87 -187.16 0.89 -0.49 0.91 
-3.72 12.19 -174.62 0.66 -0.27 1.26 
-37.10 12.18 -192.48 2.54 -0.88 -0.09 
-0.29 -5.59 -184.72 1.02 -0.39 0.87 
-10.78 -7.36 -217.19 0.27 0.25 0.52 
-0.69 -0.90 -197.45 0.60 0.46 0.48 
3.64 -8.60 -206.09 0.47 -0.44 1.00 
-2.93 0.69 -210.38 0.89 -0.21 1.10 
-2.97 9.07 -204.68 1.01 -0.26 0.86 
-5.50 2.80 -198.11 0.42 -0.21 0.77 
-5.76 22.78 -193.64 0.17 -0.35 0.79 
-9.26 7.88 -198.66 -1.52 -0.15 0.98 
-7.50 38.48 -181.51 1.20 -1.01 0.82 
-7.69 12.09 -188.22 -1.47 -0.37 1.21 
-38.01 10.20 -188.25 2.28 -1.25 1.25 
-11.13 -10.04 -182.08 -0.96 -0.38 1.08 
-1.36 -5.28 -190.63 0.08 -0.32 0.87 
-1.22 5.79 -198.17 -0.02 -0.36 0.72 
-8.16 -18.78 -216.39 0.35 -0.36 1.00 
-2.98 -7.05 -224.31 0.84 -0.60 1.15 
-1.00 6.13 -222.99 -0.15 -0.66 1.48 
9.17 9.89 -211.99 -1.34 -0.45 1.52 
19.28 -26.64 -239.42 1.85 -0.60 0.77 
-3.12 0.98 -222.44 0.57 0.29 0.67 
-0.20 -6.53 -228.18 0.60 -0.42 1.35 
-8.45 0.25 -239.52 0.92 -0.15 1.40 
-7.21 26.46 -224.48 -0.08 -0.41 0.64 
-1.82 -5.80 -230.76 -0.40 -0.49 1.02 
26.93 -29.57 -244.79 2.93 -0.13 0.11 
-0.29 -4.21 -229.64 -1.06 -0.54 1.18 
-0.80 -39.45 -257.24 1.16 0.03 0.00 
-11.83 -7.61 -248.61 -0.73 -0.35 0.86 
1.92 -3.10 -253.72 0.02 -0.28 0.85 
-4.61 -6.32 -251.83 -0.12 -0.29 0.43 
-11.21 -19.29 -267.85 0.59 -0.38 0.76 
15.22 -9.28 -287.52 0.83 -0.46 0.94 
42.85 -1.33 -242.14 1.37 0.40 0.45 
-9.83 9.81 -248.30 -0.90 -0.04 1.92 
-23.82 -10.68 -254.74 1.77 -0.69 0.62 
-10.34 -7.35 -253.46 0.31 -0.15 0.91 
0.49 -1.20 -255.37 1.06 -0.46 1.09 
-9.22 8.05 -249.48 0.90 -0.29 0.85 
-5.59 7.08 -235.39 0.51 -0.32 0.66 
-1.68 4.04 -225.80 0.27 -0.44 0.71 
27.30 101.83 -175.13 0.15 -0.13 0.54 
-6.09 1.20 -206.09 -0.92 -0.40 1.42 
20.80 25.63 -174.67 1.02 -0.31 0.50 
4.83 5.68 -172.35 -0.37 -0.53 1.20 
-2.28 -2.63 -181.66 0.02 -0.28 0.65 
-2.76 -14.43 -196.57 0.39 -0.16 0.57 
1.42 -25.26 -215.03 1.39 -0.18 1.08 
1.07 5.48 -217.41 0.54 -0.19 1.52 
-13.82 -36.81 -243.26 2.36 0.00 0.69 
-19.91 -2.60 -229.39 -0.27 0.02 1.12 
-30.70 -14.79 -219.84 1.73 -1.01 0.42 
3.26 -5.74 -224.37 0.19 -0.22 1.02 
-1.22 3.69 -223.06 1.11 -0.27 1.06 
3.30 -3.25 -212.08 0.88 0.03 0.82 
-1.14 16.59 -196.61 0.56 -0.10 0.68 
-9.28 21.04 -187.64 -0.01 -0.30 0.65 
-22.18 8.39 -215.65 -0.78 -0.23 1.13 
0.29 17.57 -183.56 0.64 -0.80 0.72 
-0.95 15.80 -206.98 -1.00 -0.20 1.28 
-32.76 12.62 -181.07 0.60 -1.16 0.62 
-1.02 7.78 -185.35 -0.35 -0.28 1.02 
-4.57 -0.92 -194.04 -0.17 -0.23 0.60 
-3.70 -21.12 -213.64 0.35 -0.11 0.59 
5.91 -7.34 -231.14 1.32 -0.30 0.97 
-4.03 -4.35 -232.44 0.76 -0.38 1.20 
-15.06 18.66 -211.65 0.23 -0.03 1.41 
-1.39 -3.14 -235.59 0.84 0.27 -0.02 
8.05 3.83 -215.73 0.51 0.53 0.56 
7.99 -4.87 -219.45 0.98 -0.16 1.22 
6.04 0.93 -221.97 0.93 -0.21 0.76 
-3.55 18.93 -204.45 0.77 -0.05 0.85 
-8.01 21.02 -194.15 0.00 -0.24 0.48 
0.40 -5.20 -200.86 0.02 -0.43 0.87 
-19.75 6.75 -231.55 -0.74 -0.14 1.26 
33.54 26.12 -201.58 0.36 -0.43 0.32 
4.88 -16.02 -204.79 -0.11 -0.06 1.97 
-9.42 1.29 -175.42 1.79 -0.57 0.43 
-2.91 -8.86 -181.59 0.35 -0.20 1.05 
1.38 -7.42 -169.66 1.08 -0.35 1.12 
-4.38 13.12 -153.49 0.74 -0.08 0.63 
-4.72 16.07 -141.77 0.17 -0.24 0.58 
-5.76 9.42 -151.31 -1.45 0.02 1.13 
-49.21 6.87 -139.87 1.87 -0.86 1.16 
-6.44 7.03 -164.68 -1.11 0.10 1.01 
-31.29 3.88 -156.43 1.98 -0.46 0.97 
2.12 2.92 -161.35 -0.43 -0.32 0.94 
-5.05 -0.28 -165.11 0.08 -0.46 0.93 
-0.97 1.77 -175.58 -0.10 -0.27 0.57 
-0.92 17.43 -178.98 0.62 -0.41 1.47 
-16.88 -63.55 -258.11 0.95 0.31 0.00 
-33.51 -13.74 -247.67 0.20 0.23 0.66 
-8.79 -2.00 -251.11 0.88 -0.13 1.19 
-8.48 -7.44 -257.62 1.01 -0.25 1.05 
-6.95 9.22 -256.32 0.91 -0.36 1.06 
-8.89 10.64 -246.11 0.30 -0.37 0.58 
-1.25 7.09 -242.61 0.21 -0.36 0.76 
-9.06 -1.73 -262.57 -1.15 -0.25 1.23 
5.63 16.17 -244.55 0.68 -1.03 0.57 
-2.55 5.61 -269.51 -0.85 -0.38 1.34 
10.18 16.92 -247.63 0.76 -1.05 0.60 
-2.36 -4.45 -246.36 -0.40 -0.58 1.23 
-6.31 -5.65 -255.31 -0.06 -0.19 0.77 
0.94 -14.47 -277.40 0.43 -0.26 0.56 
-18.02 -21.37 -292.21 0.91 0.00 0.73 
10.71 0.95 -301.49 1.42 -0.53 1.11 
1.73 35.82 -292.42 -0.06 0.35 0.82 
10.60 -5.60 -275.08 1.31 0.02 0.22 
8.92 25.92 -295.36 0.03 0.26 0.52 
11.35 2.59 -278.22 0.96 -0.01 0.30 
-2.93 -4.54 -280.76 0.63 -0.32 1.02 
-0.61 2.68 -280.93 1.01 -0.35 1.03 
-5.67 5.53 -273.71 0.81 -0.40 0.87 
-1.91 9.35 -261.19 0.66 -0.28 0.70 
-6.21 12.95 -250.16 0.15 -0.33 0.70 
4.10 2.71 -261.70 -0.30 -0.45 0.75 
-0.25 19.61 -276.06 0.74 -0.47 0.32 
-9.61 -1.65 -264.41 -0.47 -0.20 0.83 
-11.18 6.70 -291.28 -0.69 -0.41 1.06 
13.58 16.09 -272.55 0.69 -0.81 0.51 
0.19 5.13 -272.27 -0.33 -0.59 1.30 
-2.93 2.00 -279.08 -0.02 -0.36 0.68 
13.15 -27.16 -304.03 0.62 -0.05 0.81 
-8.43 -10.47 -316.07 1.22 -0.46 1.11 
0.02 6.87 -315.05 0.28 -0.62 1.57 
-49.55 -34.05 319.71 2.34 -0.23 0.06 
-0.88 -9.72 -324.97 0.41 0.01 0.83 
-11.49 -14.65 295.66 0.89 0.32 0.18 
11.93 -2.68 316.02 0.79 0.00 0.34 
-3.84 -3.27 312.49 0.83 -0.41 1.02 
-0.60 22.78 -301.98 0.78 -0.23 0.70 
-7.70 20.42 -286.95 0.21 -0.26 0.57 
4.52 2.19 -294.12 -1.70 -0.18 1.32 
-37.54 -23.32 -298.56 2.61 -0.60 0.80 
-2.68 -9.17 -300.27 -1.17 -0.30 1.86 
13.03 -24.30 -309.80 3.42 -0.36 0.27 
4.53 -13.96 -305.97 -0.44 -0.49 1.11 
5.15 -5.01 -321.66 -0.21 -0.16 0.48 
3.37 -23.35 306.50 0.54 -0.35 0.71 
18.58 -13.08 295.08 1.32 -0.06 0.99 
-29.62 33.78 305.71 -0.01 0.09 1.58 
-3.09 -4.55 324.01 1.12 0.54 0.06 
-9.29 7.83 322.19 -0.38 0.19 2.22 
-8.24 -14.90 327.63 1.91 -0.40 0.49 
-4.40 -4.96 -327.61 0.10 0.01 1.01 
0.34 3.10 326.75 0.78 -0.21 0.90 
-10.69 -2.26 326.83 1.13 -0.35 1.02 
2.01 9.88 -318.92 0.76 -0.14 0.80 
-3.00 12.81 -305.95 0.40 -0.31 0.74 
44.88 26.19 -245.66 0.39 -0.48 0.55 
-10.72 1.62 -264.62 -1.28 0.04 1.77 
17.26 28.35 -227.36 0.52 -0.54 0.23 
2.67 5.47 -222.31 -0.55 -0.31 1.35 
-6.69 2.53 -233.75 -0.02 -0.23 0.74 
0.02 -15.12 -251.20 0.36 -0.14 0.67 
4.63 -15.42 -269.06 0.87 -0.34 1.03 
-9.91 7.68 -269.94 0.38 -0.31 1.73 
27.09 -49.97 -305.34 3.07 -0.19 0.81 
