7.13 -20.20 -65.23 1.48 -0.27 0.33 1964.00
11.88 -27.90 -69.00 3.15 -0.05 0.11 1994.00
13.97 -34.47 -70.36 4.32 0.42 1.80 2025.00
8.44 -41.05 -75.61 3.57 0.20 2.56 2056.00
0.08 -41.24 -79.56 2.02 -0.82 1.72 2086.00
-8.00 -36.98 -78.38 0.95 -1.22 1.22 2117.00
-13.13 -33.13 -71.54 0.65 -1.14 1.52 2148.00
-8.18 -32.48 -66.49 1.02 -0.64 1.00 2179.00
-0.86 -31.29 -64.03 1.31 0.15 0.56 2209.00
2.04 -27.91 -61.72 1.02 0.55 0.48 2240.00
0.14 -24.85 -60.76 0.76 0.52 0.51 2271.00
-3.93 -23.91 -61.08 0.65 0.23 0.64 2300.00
-7.25 -22.99 -61.56 0.81 -0.01 0.68 2331.00
-8.88 -21.82 -61.75 0.73 -0.12 0.62 2362.00
-9.00 -21.63 -61.41 0.68 -0.11 0.59 2393.00
-8.63 -22.26 -60.77 0.75 -0.08 0.65 2423.00
-7.94 -23.15 -59.75 0.89 -0.06 0.73 2455.00
-6.78 -23.97 -58.72 0.99 -0.02 0.80 2486.00
-5.45 -24.41 -57.87 1.05 0.06 0.80 2516.00
-4.97 -24.49 -57.25 1.04 0.10 0.81 2547.00
-5.19 -23.97 -56.75 1.02 0.04 0.82 2578.00
-5.28 -23.16 -56.18 0.99 -0.01 0.81 2609.00
-5.08 -22.02 -55.48 0.98 -0.03 0.78 2639.00
-4.63 -20.48 -54.68 0.98 -0.02 0.79 2671.00
-4.21 -18.68 -53.86 1.00 -0.04 0.83 2702.00
-3.68 -16.25 -53.07 1.02 -0.06 0.89 2733.00
-3.32 -13.26 -52.19 1.00 -0.13 1.02 2763.00
-2.21 -9.68 -51.05 1.02 -0.20 1.00 2793.00
-0.78 -5.05 -49.65 0.93 -0.15 0.90 2824.00
0.38 -0.35 -48.19 0.77 -0.07 0.86 2854.00
1.13 4.02 -46.70 0.63 -0.01 0.85 2885.00
1.60 7.68 -45.39 0.54 -0.01 0.81 2915.00
2.64 11.25 -44.35 0.45 0.02 0.78 2946.00
3.31 13.98 -43.52 0.39 0.02 0.84 2976.00
4.46 16.46 -42.89 0.35 0.03 0.86 3007.00
5.05 18.36 -42.43 0.30 0.06 0.90 3037.00
5.50 19.94 -41.95 0.24 0.03 0.94 3067.00
5.96 20.84 -41.43 0.22 0.03 1.03 3098.00
6.48 21.68 -40.98 0.23 0.04 1.11 3129.00
6.69 22.45 -40.47 0.21 0.06 1.21 3160.00
6.57 23.62 -40.01 0.21 0.06 1.28 3190.00
6.63 25.26 -39.48 0.13 0.06 1.33 3221.00
6.83 27.18 -39.12 0.06 0.10 1.32 3251.00
6.47 29.53 -38.95 -0.05 0.13 1.31 3281.00
5.62 32.12 -38.74 -0.15 0.13 1.11 3312.00
3.40 34.36 -38.75 -0.37 0.24 0.84 3343.00
-2.70 34.01 -39.97 -0.65 0.29 0.35 3374.00
-10.88 28.81 -42.84 -0.57 0.05 0.19 3404.00
-20.18 17.69 -45.98 0.01 -0.49 0.65 3435.00
-27.71 10.12 -46.11 0.72 -1.27 1.10 3466.00
-34.21 5.72 -44.60 0.98 -2.13 1.43 3496.00
-30.88 1.56 -42.99 0.94 -2.51 1.43 3528.00
-23.16 -0.30 -37.95 1.03 -1.89 1.09 3559.00
-16.56 0.09 -32.89 1.01 -1.11 1.07 3589.00
-15.97 2.21 -27.74 0.82 -1.01 1.03 3619.00
-17.74 4.50 -21.44 0.69 -1.25 1.02 3650.00
-19.37 7.03 -13.69 0.62 -1.32 0.88 3681.00
-19.75 9.65 -5.89 0.56 -1.17 0.75 3712.00
-19.47 12.35 1.66 0.42 -1.00 0.54 3742.00
-18.29 14.75 9.47 0.30 -0.77 0.53 3773.00
-17.43 17.34 17.27 0.21 -0.52 0.54 3804.00
-18.34 20.26 24.62 -0.01 -0.39 0.49 3834.00
-20.13 21.78 31.69 -0.11 -0.41 0.57 3865.00
-21.60 23.33 38.51 -0.09 -0.37 0.61 3896.00
-22.19 24.43 44.89 -0.14 -0.37 0.65 3927.00
-21.74 25.52 50.60 -0.07 -0.33 0.58 3957.00
-20.85 26.82 56.22 -0.15 -0.31 0.61 3988.00
-19.30 28.36 61.87 -0.19 -0.23 0.56 4019.00
-16.80 29.14 66.89 -0.24 -0.23 0.56 4049.00
-12.16 29.38 71.94 -0.18 -0.12 0.53 4080.00
-6.24 29.71 76.66 -0.15 0.13 0.44 4111.00
-0.43 30.04 80.57 -0.12 0.40 0.37 4142.00
3.51 30.64 83.53 -0.18 0.60 0.36 4172.00
6.25 30.67 85.19 -0.24 0.72 0.38 4203.00
8.24 30.21 85.17 -0.25 0.69 0.42 4234.00
10.56 30.12 84.28 -0.24 0.65 0.39 4264.00
13.33 30.36 82.50 -0.27 0.65 0.30 4295.00
16.15 30.42 79.79 -0.33 0.66 0.27 4326.00
19.02 30.50 75.77 -0.40 0.66 0.18 4358.00
21.57 30.07 70.99 -0.46 0.59 0.13 4388.00
25.18 28.53 65.41 -0.46 0.50 0.15 4418.00
28.91 27.14 58.24 -0.45 0.51 0.05 4450.00
30.92 25.69 50.54 -0.52 0.39 0.11 4481.00
32.84 22.93 43.09 -0.50 0.20 0.18 4511.00
33.55 20.02 35.38 -0.47 0.04 0.20 4542.00
34.65 14.82 27.68 -0.58 -0.25 0.34 4573.00
35.94 10.00 20.22 -0.40 -0.26 0.31 4603.00
36.24 3.39 12.52 -0.37 -0.56 0.56 4634.00
39.30 -3.93 4.82 -0.23 -0.62 0.55 4665.00
41.01 -11.58 -2.88 -0.08 -0.53 0.56 4696.00
43.50 -19.26 -9.33 0.03 -0.79 0.96 4726.00
48.33 -27.60 -14.25 0.35 -0.71 0.84 4757.00
48.47 -35.00 -18.45 0.67 -0.49 0.91 4787.00
44.83 -40.38 -21.25 0.69 -0.60 0.82 4817.00
41.43 -47.15 -24.79 0.79 -0.77 0.85 4848.00
39.82 -55.03 -29.71 1.10 -0.78 0.75 4879.00
39.40 -62.80 -34.99 1.46 -0.77 0.77 4910.00
40.45 -70.25 -39.90 1.71 -0.68 0.76 4940.00
42.23 -77.36 -44.06 1.91 -0.50 0.69 4972.00
42.01 -83.02 -47.74 2.00 -0.39 0.77 5003.00
39.66 -86.98 -51.49 1.80 -0.56 0.83 5033.00
36.30 -88.88 -53.26 1.50 -0.83 0.79 5064.00
33.86 -89.17 -51.06 1.35 -0.85 0.88 5095.00
33.98 -87.30 -46.68 1.36 -0.49 1.88 5126.00
41.92 -84.53 -41.68 1.59 0.60 0.13 5156.00
46.96 -81.69 -42.55 1.78 0.35 0.20 5188.00
45.17 -77.30 -42.41 1.15 0.10 1.00 5219.00
37.03 -72.53 -38.94 1.52 0.15 0.45 5250.00
28.44 -66.39 -36.90 1.43 -0.77 0.65 5280.00
20.19 -60.33 -32.12 1.01 -1.53 0.46 5311.00
15.68 -56.13 -24.53 0.59 -1.72 0.33 5343.00
15.18 -55.40 -17.89 0.51 -1.74 0.19 5373.00
15.31 -55.31 -10.57 0.57 -1.63 0.12 5404.00
13.61 -55.46 -2.64 0.37 -1.47 0.04 5436.00
10.65 -56.90 5.14 0.25 -1.56 0.05 5467.00
8.09 -59.28 12.69 0.28 -1.71 0.06 5497.00
6.32 -62.37 20.49 0.31 -1.78 0.13 5528.00
6.27 -65.99 28.55 0.34 -1.62 0.12 5560.00
7.46 -69.64 36.35 0.33 -1.42 0.18 5591.00
9.60 -73.26 43.91 0.28 -1.22 0.25 5621.00
12.33 -76.48 51.96 0.16 -1.08 0.33 5653.00
15.47 -79.62 59.77 0.11 -0.90 0.34 5684.00
17.26 -80.87 67.32 0.08 -0.58 0.34 5714.00
17.65 -81.28 74.71 -0.11 -0.40 0.35 5745.00
16.73 -83.01 81.28 -0.18 -0.31 0.48 5776.00
15.75 -83.86 87.13 -0.11 -0.27 0.59 5807.00
15.91 -83.29 91.85 -0.28 -0.28 0.56 5836.00
17.27 -84.02 96.45 -0.33 -0.21 0.55 5867.00
19.58 -84.88 100.59 -0.27 -0.13 0.51 5898.00
21.41 -85.01 104.03 -0.31 -0.08 0.54 5928.00
23.40 -85.27 107.30 -0.34 -0.09 0.48 5959.00
25.98 -86.35 110.43 -0.36 -0.10 0.48 5990.00
30.21 -88.24 113.51 -0.33 -0.00 0.49 6021.00
34.47 -90.35 116.13 -0.26 0.18 0.51 6051.00
38.69 -92.39 118.38 -0.23 0.32 0.55 6082.00
42.98 -94.52 119.92 -0.18 0.46 0.56 6113.00
47.19 -95.86 120.63 -0.18 0.56 0.56 6144.00
51.31 -96.90 120.75 -0.23 0.64 0.52 6174.00
55.67 -97.63 120.19 -0.27 0.75 0.43 6205.00
59.71 -98.29 118.55 -0.30 0.80 0.35 6237.00
63.35 -98.90 116.07 -0.30 0.83 0.26 6267.00
66.75 -99.80 112.48 -0.38 0.79 0.16 6298.00
70.67 -101.31 108.45 -0.42 0.66 0.11 6329.00
77.26 -104.46 104.07 -0.45 0.71 -0.04 6360.00
83.22 -108.51 98.85 -0.43 0.83 -0.08 6391.00
87.19 -113.02 92.41 -0.37 0.83 -0.02 6422.00
86.75 -116.48 84.75 -0.36 0.62 0.09 6453.00
84.23 -120.99 77.05 -0.48 0.21 0.42 6484.00
83.27 -126.71 69.34 -0.30 0.10 0.35 6515.00
77.90 -129.26 61.89 -0.17 0.01 0.31 6545.00
72.17 -132.61 54.19 -0.35 -0.48 0.51 6576.00
69.85 -136.03 46.48 -0.25 -0.59 0.45 6607.00
67.45 -140.46 38.78 -0.28 -0.64 0.58 6638.00
65.41 -145.80 31.26 -0.13 -0.81 0.74 6669.00
64.73 -150.73 24.65 -0.01 -0.97 0.88 6700.00
65.24 -156.17 19.00 -0.04 -0.96 0.82 6731.00
65.58 -162.75 13.15 0.15 -0.89 0.92 6762.00
65.69 -169.57 8.13 0.52 -1.15 1.05 6793.00
65.90 -175.23 3.69 0.77 -1.02 0.96 6822.00
65.71 -181.66 -1.63 0.78 -1.01 1.00 6853.00
66.44 -188.39 -6.39 1.02 -1.04 0.96 6884.00
67.38 -194.70 -10.70 1.31 -0.89 0.88 6915.00
66.98 -200.08 -14.91 1.23 -0.71 0.89 6945.00
65.56 -205.22 -18.84 1.32 -0.82 0.98 6976.00
64.03 -209.20 -21.91 1.41 -0.95 1.00 7007.00
62.45 -211.17 -23.44 1.26 -0.93 0.91 7037.00
59.72 -211.49 -23.20 1.13 -0.86 0.98 7068.00
57.79 -210.15 -22.27 1.27 -0.88 1.05 7099.00
61.59 -209.43 -21.56 1.07 -0.72 0.65 7130.00
66.19 -209.02 -20.61 1.21 -0.59 0.83 7160.00
65.03 -206.73 -16.76 1.35 -0.43 0.83 7191.00
58.92 -202.14 -12.61 1.34 -0.76 0.91 7222.00
55.69 -198.88 -8.87 1.08 -1.13 0.60 7252.00
52.97 -196.27 -2.46 0.93 -1.33 0.59 7283.00
51.59 -195.73 3.42 0.88 -1.39 0.47 7314.00
50.27 -196.01 9.55 0.81 -1.53 0.46 7345.00
49.88 -196.95 16.41 0.73 -1.66 0.54 7376.00
52.07 -198.14 22.49 0.75 -1.64 0.36 7407.00
55.10 -199.43 29.75 0.52 -1.70 0.31 7438.00
58.02 -201.74 37.56 0.51 -1.50 0.22 7469.00
58.29 -204.04 45.36 0.59 -1.16 0.41 7500.00
58.67 -205.86 53.17 0.41 -1.14 0.54 7531.00
60.95 -207.46 60.97 0.29 -0.97 0.48 7562.00
63.79 -208.74 68.36 0.28 -0.78 0.40 7592.00
66.69 -209.80 75.19 0.20 -0.68 0.43 7623.00
69.10 -210.19 81.97 0.12 -0.58 0.38 7655.00
71.14 -209.92 88.23 0.00 -0.49 0.43 7686.00
73.10 -210.12 93.82 -0.04 -0.42 0.48 7716.00
74.77 -209.63 99.19 -0.10 -0.30 0.53 7747.00
76.50 -209.48 104.29 -0.19 -0.20 0.61 7778.00
78.24 -209.42 108.96 -0.20 -0.16 0.73 7809.00
80.31 -208.43 113.00 -0.18 -0.04 0.67 7839.00
81.87 -206.49 116.53 -0.30 0.04 0.57 7870.00
82.90 -205.72 119.59 -0.39 0.07 0.65 7901.00
84.58 -204.82 122.09 -0.41 0.02 0.65 7931.00
87.99 -204.49 124.52 -0.41 0.05 0.65 7962.00
92.62 -204.36 126.64 -0.40 0.17 0.61 7993.00
96.83 -204.57 128.90 -0.35 0.24 0.61 8024.00
100.61 -203.95 130.75 -0.39 0.36 0.56 8054.00
103.35 -204.04 132.12 -0.41 0.44 0.59 8084.00
105.46 -204.08 133.25 -0.38 0.41 0.62 8115.00
108.41 -204.40 134.00 -0.34 0.42 0.58 8145.00
111.92 -204.82 134.12 -0.32 0.53 0.51 8176.00
115.19 -205.24 133.51 -0.29 0.59 0.45 8208.00
118.27 -205.41 132.16 -0.32 0.60 0.35 8239.00
121.35 -205.96 130.08 -0.37 0.61 0.23 8269.00
124.35 -207.04 127.15 -0.41 0.60 0.21 8300.00
127.58 -208.81 123.01 -0.49 0.63 0.14 8332.00
130.12 -211.51 117.74 -0.51 0.56 0.28 8363.00
133.42 -214.08 111.95 -0.53 0.40 0.31 8393.00
138.11 -217.67 105.74 -0.66 0.38 0.33 8424.00
141.77 -220.86 99.55 -0.59 0.42 0.34 8455.00
143.39 -223.23 92.77 -0.66 0.37 0.36 8486.00
142.14 -226.63 85.58 -0.74 0.30 0.45 8517.00
138.42 -229.71 78.09 -0.56 0.10 0.52 8548.00
133.99 -231.94 70.39 -0.56 -0.12 0.46 8579.00
129.52 -233.96 62.94 -0.54 -0.38 0.46 8609.00
126.34 -236.34 55.48 -0.48 -0.58 0.47 8640.00
125.35 -239.36 49.09 -0.43 -0.60 0.58 8671.00
126.17 -243.15 43.25 -0.36 -0.58 0.64 8701.00
127.10 -248.03 37.59 -0.23 -0.56 0.64 8732.00
126.19 -252.41 32.81 -0.05 -0.53 0.61 8762.00
124.39 -256.95 27.94 0.01 -0.67 0.72 8794.00
123.75 -262.57 22.96 0.05 -1.04 0.92 8824.00
124.98 -268.46 18.90 0.31 -0.96 0.88 8855.00
125.05 -272.72 15.45 0.42 -0.81 0.83 8886.00
125.12 -277.49 11.17 0.44 -0.92 0.77 8916.00
125.69 -283.26 7.21 0.55 -0.84 0.68 8946.00
126.24 -289.69 2.88 0.84 -0.72 0.69 8977.00
126.80 -297.25 -1.97 1.29 -0.69 0.84 9008.00
127.21 -305.01 -7.60 1.64 -0.53 0.76 9039.00
126.22 -312.19 -13.90 2.04 -0.61 0.87 9070.00
124.91 -317.06 -19.89 2.08 -0.87 0.99 9101.00
124.13 -319.42 -24.24 1.49 -0.99 0.83 9132.00
124.11 -320.79 -26.11 1.00 -0.94 0.69 9162.00
125.44 -321.81 -24.84 1.00 -0.80 0.67 9193.00
127.09 -321.74 -20.70 1.21 -0.46 0.62 9225.00
131.11 -320.10 -15.91 1.16 -0.12 0.95 9255.00
138.93 -319.19 -12.00 1.53 0.36 -0.34 9286.00
144.15 -319.59 -14.08 1.37 0.41 0.03 9318.00
138.95 -318.36 -14.80 1.01 0.04 0.92 9349.00
133.40 -316.38 -13.49 1.44 -0.27 0.95 9379.00
125.85 -312.11 -13.91 1.41 -0.42 0.88 9411.00
118.52 -306.27 -12.22 1.19 -0.93 0.70 9442.00
114.39 -301.38 -7.40 1.11 -1.26 0.66 9473.00
111.80 -298.70 -1.97 1.03 -1.33 0.66 9503.00
108.92 -296.18 4.63 1.09 -1.37 0.55 9534.00
105.62 -293.71 12.08 0.94 -1.43 0.47 9565.00
102.72 -292.31 19.63 0.67 -1.49 0.45 9595.00
100.46 -291.74 27.69 0.51 -1.55 0.41 9627.00
99.39 -291.70 35.49 0.39 -1.53 0.33 9658.00
98.72 -292.23 43.30 0.32 -1.49 0.26 9689.00
98.04 -293.04 51.10 0.29 -1.41 0.25 9720.00
96.95 -294.10 58.91 0.19 -1.23 0.21 9751.00
95.72 -296.03 66.71 0.09 -1.23 0.24 9782.00
94.78 -298.59 74.77 0.08 -1.09 0.25 9814.00
94.21 -300.65 82.32 0.03 -0.91 0.37 9844.00
94.60 -302.88 90.12 -0.07 -0.81 0.36 9875.00
95.05 -304.48 98.17 -0.09 -0.51 0.28 9907.00
95.55 -305.53 105.37 -0.16 -0.32 0.35 9937.00
95.00 -307.49 111.78 -0.26 -0.20 0.53 9968.00
94.91 -308.83 117.11 -0.25 -0.16 0.65 9999.00
95.24 -308.80 121.50 -0.37 -0.10 0.59 10030.00
95.97 -309.51 125.27 -0.36 -0.10 0.61 10060.00
96.77 -308.98 128.83 -0.39 -0.08 0.41 10091.00
98.00 -309.47 131.96 -0.42 -0.10 0.48 10122.00
100.41 -310.08 135.02 -0.45 -0.10 0.44 10152.00
103.89 -311.45 138.49 -0.45 -0.04 0.48 10183.00
108.30 -312.93 141.92 -0.41 0.14 0.40 10214.00
112.06 -315.13 144.94 -0.37 0.27 0.47 10245.00
115.73 -317.34 147.42 -0.33 0.36 0.52 10275.00
119.89 -319.64 149.68 -0.33 0.41 0.55 10306.00
124.67 -322.07 151.76 -0.26 0.54 0.53 10337.00
129.46 -324.10 153.12 -0.25 0.66 0.49 10368.00
134.18 -325.99 153.99 -0.23 0.72 0.47 10399.00
138.52 -327.46 154.47 -0.25 0.87 0.38 10430.00
141.78 -329.01 153.76 -0.25 0.97 0.36 10461.00
144.53 -330.20 152.03 -0.20 0.92 0.35 10492.00
147.03 -330.81 149.26 -0.21 0.95 0.24 10523.00
148.60 -331.14 145.08 -0.28 0.87 0.20 10555.00
150.11 -332.18 140.11 -0.38 0.76 0.23 10586.00
151.75 -333.79 134.85 -0.48 0.59 0.35 10616.00
154.50 -335.79 129.02 -0.47 0.61 0.22 10647.00
155.71 -337.32 122.04 -0.57 0.53 0.15 10679.00
156.51 -339.71 114.86 -0.63 0.30 0.37 10710.00
158.52 -342.26 107.76 -0.63 0.30 0.28 10740.00
158.93 -344.37 99.86 -0.55 0.33 0.21 10772.00
156.51 -346.73 92.16 -0.53 0.13 0.34 10803.00
152.74 -349.99 84.70 -0.54 -0.28 0.41 10833.00
149.17 -351.20 77.00 -0.33 -0.45 0.20 10864.00
145.49 -352.40 69.30 -0.53 -0.63 0.39 10895.00
144.43 -355.82 61.36 -0.59 -0.87 0.57 10927.00
144.91 -358.30 54.63 -0.35 -0.64 0.39 10957.00
143.79 -361.12 48.50 -0.44 -0.57 0.59 10988.00
144.11 -365.70 42.36 -0.32 -0.72 0.66 11019.00
146.15 -370.56 36.53 -0.02 -0.94 0.77 11049.00
148.45 -373.75 32.08 0.17 -0.88 0.70 11081.00
148.95 -376.69 26.90 0.17 -0.88 0.63 11112.00
149.67 -381.44 21.12 0.33 -1.19 0.76 11143.00
151.04 -385.87 16.48 0.64 -1.14 0.79 11173.00
152.55 -390.23 11.18 0.83 -1.12 0.77 11204.00
153.84 -394.81 6.22 0.94 -1.02 0.75 11235.00
154.82 -399.40 1.55 1.08 -0.83 0.70 11266.00
155.20 -404.64 -3.87 1.27 -0.78 0.74 11296.00
155.87 -411.08 -9.80 1.44 -0.88 0.99 11327.00
157.96 -415.75 -14.46 1.58 -0.88 0.98 11359.00
158.45 -417.01 -17.13 1.11 -0.76 0.80 11389.00
157.06 -418.07 -18.43 0.91 -0.81 0.66 11420.00
155.48 -419.36 -18.35 1.02 -0.82 0.67 11450.00
154.76 -420.28 -16.89 1.07 -0.76 0.74 11481.00
155.26 -420.84 -14.78 1.11 -0.61 0.73 11512.00
155.68 -420.83 -12.63 1.13 -0.54 0.75 11543.00
155.11 -420.19 -10.26 1.13 -0.56 0.78 11574.00
153.72 -418.91 -7.77 1.12 -0.79 0.99 11604.00
159.54 -418.76 -6.22 1.03 -0.89 0.85 11635.00
167.81 -419.02 -4.91 1.32 -0.48 0.65 11666.00
169.73 -414.73 -2.80 1.45 0.19 0.99 11698.00
161.12 -408.89 -1.47 1.10 -0.31 0.95 11728.00
152.67 -403.06 0.48 1.02 -1.37 0.82 11759.00
147.38 -398.81 5.82 0.79 -1.90 0.77 11790.00
145.64 -396.88 12.77 0.66 -1.96 0.57 11821.00
144.34 -396.04 20.34 0.71 -1.76 0.38 11852.00
142.33 -396.34 28.15 0.62 -1.76 0.34 11883.00
140.58 -398.18 36.20 0.60 -1.80 0.34 11915.00
139.32 -400.20 43.76 0.63 -1.70 0.37 11945.00
139.18 -402.31 51.56 0.62 -1.50 0.35 11976.00
139.43 -404.00 59.62 0.56 -1.21 0.31 12008.00
139.13 -405.30 67.42 0.41 -0.96 0.32 12039.00
138.79 -407.07 75.23 0.23 -0.79 0.35 12070.00
138.02 -408.64 83.03 0.16 -0.69 0.44 12101.00
137.08 -409.13 90.84 0.06 -0.58 0.44 12132.00
135.52 -409.27 98.43 -0.13 -0.43 0.34 12163.00
134.06 -410.83 105.13 -0.20 -0.35 0.48 12193.00
133.19 -412.44 111.64 -0.17 -0.31 0.63 12224.00
134.01 -413.05 117.97 -0.19 -0.24 0.61 12256.00
136.46 -413.99 123.06 -0.25 -0.10 0.62 12286.00
139.54 -414.63 127.60 -0.22 0.07 0.66 12317.00
142.52 -413.62 131.21 -0.32 0.17 0.45 12348.00
145.62 -414.12 134.53 -0.35 0.13 0.39 12379.00
148.37 -415.29 137.77 -0.33 0.14 0.41 12409.00
151.29 -416.66 140.46 -0.35 0.16 0.44 12440.00
155.19 -419.14 142.88 -0.33 0.21 0.55 12471.00
160.06 -421.31 145.04 -0.28 0.35 0.51 12502.00
164.35 -423.20 146.85 -0.28 0.51 0.55 12532.00
168.86 -425.02 148.00 -0.22 0.61 0.53 12563.00
173.28 -426.21 148.37 -0.19 0.70 0.46 12595.00
176.73 -426.80 148.09 -0.28 0.75 0.38 12625.00
180.06 -427.88 147.17 -0.26 0.78 0.36 12656.00
183.44 -428.38 145.31 -0.29 0.84 0.27 12688.00
186.69 -429.37 142.43 -0.34 0.90 0.16 12719.00
189.01 -430.08 138.33 -0.33 0.89 0.06 12750.00
190.96 -431.06 133.31 -0.48 0.72 0.08 12781.00
194.19 -433.20 127.80 -0.51 0.57 0.15 12812.00
198.18 -436.18 121.67 -0.60 0.39 0.26 12844.00
202.49 -439.30 115.80 -0.63 0.32 0.26 12874.00
205.53 -442.45 109.39 -0.70 0.41 0.25 12905.00
204.69 -445.17 101.80 -0.70 0.33 0.39 12937.00
204.28 -448.19 94.39 -0.67 0.02 0.53 12967.00
204.30 -449.58 86.68 -0.56 0.11 0.43 12998.00
204.12 -453.15 78.98 -0.77 -0.30 0.73 13029.00
206.81 -454.97 71.32 -0.46 -0.28 0.36 13060.00
206.84 -455.51 63.67 -0.53 -0.14 0.29 13091.00
204.87 -458.85 56.01 -0.70 -0.31 0.41 13122.00
203.33 -463.00 48.37 -0.41 -0.52 0.42 13153.00
202.50 -466.53 41.73 -0.23 -0.57 0.35 13185.00
201.47 -470.62 35.63 -0.18 -0.47 0.36 13215.00
201.14 -478.08 28.09 0.03 -0.72 0.62 13246.00
201.60 -485.22 20.96 0.46 -0.88 0.59 13277.00
201.83 -491.25 14.08 0.75 -0.97 0.65 13307.00
202.31 -499.15 6.12 0.99 -1.29 0.72 13339.00
203.59 -506.23 -0.35 1.27 -1.15 0.70 13370.00
205.10 -512.78 -6.58 1.45 -0.86 0.72 13401.00
206.49 -519.50 -13.84 1.55 -0.81 0.79 13431.00
207.35 -526.16 -20.55 1.71 -0.81 0.90 13462.00
207.87 -530.93 -26.41 1.81 -0.91 0.95 13494.00
207.64 -533.14 -30.09 1.33 -0.95 0.79 13524.00
207.34 -534.52 -31.32 1.13 -0.94 0.78 13555.00
207.67 -535.34 -30.14 1.23 -0.87 0.68 13586.00
208.78 -535.74 -27.51 1.09 -0.57 0.65 13617.00
210.59 -536.14 -24.48 1.17 -0.44 0.64 13647.00
212.89 -536.27 -21.47 1.17 -0.24 0.58 13679.00
214.35 -535.83 -19.29 1.10 -0.11 0.52 13710.00
214.38 -535.22 -17.90 1.03 -0.17 0.50 13742.00
213.33 -534.62 -16.92 1.06 -0.39 0.57 13772.00
211.60 -533.57 -15.72 1.19 -0.78 0.76 13803.00
211.03 -531.87 -13.18 1.35 -1.16 0.74 13834.00
211.36 -529.70 -9.10 1.30 -1.07 0.69 13864.00
211.61 -526.93 -4.47 1.30 -1.08 0.73 13895.00
212.05 -523.72 0.97 1.28 -1.21 0.71 13926.00
212.22 -520.27 7.63 1.25 -1.27 0.60 13957.00
210.86 -516.74 14.77 1.07 -1.28 0.49 13987.00
208.17 -513.37 22.58 0.86 -1.46 0.44 14018.00
205.67 -511.09 30.64 0.55 -1.58 0.34 14050.00
203.31 -509.98 38.44 0.31 -1.52 0.24 14081.00
200.54 -510.22 46.25 0.16 -1.50 0.22 14112.00
197.88 -511.62 54.05 0.16 -1.53 0.23 14143.00
195.26 -513.33 62.11 0.23 -1.41 0.16 14175.00
192.65 -515.00 69.66 0.19 -1.14 0.18 14205.00
190.04 -516.79 77.72 0.08 -0.95 0.18 14237.00
188.03 -518.81 85.52 -0.00 -0.82 0.17 14268.00
186.41 -520.25 93.33 -0.09 -0.63 0.19 14299.00
184.46 -522.12 100.97 -0.18 -0.37 0.22 14330.00
182.65 -524.96 107.68 -0.24 -0.29 0.40 14361.00
181.35 -527.55 113.69 -0.29 -0.22 0.47 14392.00
180.91 -530.47 118.75 -0.31 -0.07 0.53 14423.00
180.25 -532.98 122.74 -0.33 -0.03 0.65 14453.00
180.60 -535.50 126.14 -0.34 0.03 0.71 14484.00
181.51 -536.77 128.63 -0.26 0.04 0.79 14515.00
183.46 -536.00 130.90 -0.43 0.00 0.56 14545.00
186.58 -537.02 133.41 -0.51 -0.01 0.53 14576.00
190.61 -538.22 135.94 -0.45 0.06 0.45 14607.00
194.42 -540.30 138.55 -0.46 0.12 0.51 14639.00
199.11 -542.87 141.07 -0.38 0.17 0.48 14669.00
204.64 -545.99 143.67 -0.22 0.33 0.51 14700.00
211.38 -548.68 146.44 -0.16 0.48 0.50 14731.00
218.55 -550.29 148.75 -0.15 0.79 0.33 14761.00
224.22 -551.69 149.78 -0.20 0.91 0.29 14793.00
228.30 -552.70 149.75 -0.17 0.88 0.28 14824.00
230.32 -553.33 148.54 -0.25 0.92 0.20 14856.00
231.24 -554.25 146.62 -0.24 0.71 0.32 14886.00
234.31 -554.83 144.15 -0.32 0.67 0.19 14917.00
238.00 -556.02 140.94 -0.40 0.74 0.12 14949.00
241.68 -557.58 137.07 -0.43 0.69 0.05 14980.00
245.36 -559.60 132.80 -0.55 0.65 -0.01 15010.00
249.74 -562.98 127.56 -0.65 0.64 0.01 15042.00
254.48 -567.37 121.77 -0.64 0.63 0.03 15073.00
256.83 -571.24 114.75 -0.53 0.66 0.01 15104.00
257.17 -574.68 107.04 -0.51 0.39 0.12 15135.00
256.52 -578.53 99.34 -0.42 0.33 0.15 15166.00
252.81 -583.35 91.63 -0.38 -0.06 0.41 15197.00
251.56 -588.33 84.18 -0.41 -0.50 0.64 15227.00
252.37 -592.24 76.48 -0.35 -0.51 0.61 15258.00
253.60 -596.72 68.78 -0.52 -0.52 0.72 15289.00
255.41 -601.47 61.96 -0.47 -0.40 0.67 15320.00
254.87 -605.95 55.39 -0.38 -0.29 0.51 15350.00
252.24 -612.20 48.24 -0.26 -0.55 0.58 15381.00
250.32 -618.64 41.45 -0.05 -0.84 0.84 15412.00
250.87 -625.17 35.08 0.12 -0.98 0.87 15443.00
252.46 -632.15 28.52 0.33 -1.01 0.85 15474.00
252.77 -638.34 22.42 0.58 -0.90 0.73 15505.00
252.14 -644.16 15.90 0.79 -1.05 0.86 15536.00
252.37 -650.10 9.44 1.04 -1.07 0.87 15566.00
252.54 -656.01 3.14 1.36 -0.99 0.82 15597.00
252.55 -662.04 -3.35 1.67 -0.89 0.86 15628.00
252.33 -666.80 -9.54 1.82 -1.00 1.00 15659.00
251.37 -668.67 -13.66 1.42 -1.01 0.86 15689.00
249.05 -669.01 -15.56 1.02 -0.99 0.72 15720.00
246.72 -669.19 -15.10 0.94 -1.07 0.70 15751.00
246.65 -669.97 -12.75 0.98 -0.90 0.65 15781.00
248.65 -671.00 -9.39 1.05 -0.55 0.63 15812.00
251.74 -671.88 -6.46 1.08 -0.24 0.52 15843.00
254.29 -672.44 -4.69 1.05 -0.08 0.48 15875.00
254.83 -673.15 -3.91 1.03 -0.15 0.55 15905.00
254.04 -673.55 -3.36 1.08 -0.34 0.66 15937.00
252.15 -672.98 -2.52 1.11 -0.62 0.76 15968.00
249.86 -671.53 -0.73 1.13 -0.98 0.84 15997.00
247.91 -669.00 3.06 1.24 -1.24 0.83 16028.00
245.99 -665.31 8.73 1.27 -1.24 0.83 16059.00
244.39 -660.71 14.93 1.28 -1.37 0.81 16090.00
243.69 -656.16 21.47 1.16 -1.30 0.55 16120.00
241.63 -651.32 28.65 0.93 -1.33 0.49 16151.00
237.40 -647.20 36.00 0.52 -1.30 0.29 16183.00
232.36 -644.85 43.27 0.13 -1.37 0.16 16214.00
228.13 -644.89 50.84 -0.09 -1.48 0.07 16245.00
224.02 -646.82 58.41 -0.10 -1.35 0.04 16276.00
219.67 -650.01 66.10 -0.01 -1.39 0.02 16307.00
215.19 -653.49 73.88 0.04 -1.64 -0.02 16338.00
211.57 -657.81 81.94 0.03 -1.71 0.00 16370.00
209.37 -662.77 89.74 0.09 -1.59 0.02 16401.00
207.70 -667.58 97.55 0.14 -1.32 0.11 16432.00
206.48 -671.57 105.35 0.07 -1.11 0.18 16463.00
206.19 -675.52 113.16 -0.05 -0.87 0.20 16494.00
206.07 -679.56 121.13 -0.12 -0.51 0.29 16526.00
205.73 -682.94 128.09 -0.13 -0.30 0.41 16557.00
205.05 -685.65 133.92 -0.22 -0.13 0.49 16587.00
204.11 -688.88 139.16 -0.29 -0.04 0.55 16618.00
203.78 -691.46 143.31 -0.32 0.01 0.63 16649.00
204.32 -693.60 146.78 -0.31 0.02 0.70 16680.00
205.88 -694.51 149.72 -0.32 0.14 0.70 16711.00
207.58 -694.95 151.86 -0.41 0.24 0.57 16742.00
208.58 -695.75 153.68 -0.49 0.15 0.54 16773.00
210.69 -697.02 155.46 -0.49 0.07 0.52 16803.00
214.44 -698.87 157.49 -0.52 0.08 0.52 16834.00
219.17 -701.09 159.48 -0.47 0.23 0.52 16865.00
223.15 -703.22 161.32 -0.38 0.32 0.53 16896.00
226.86 -705.49 162.81 -0.34 0.33 0.60 16926.00
231.63 -707.72 164.31 -0.31 0.35 0.60 16957.00
237.73 -709.94 165.97 -0.25 0.47 0.52 16988.00
243.21 -711.80 166.98 -0.16 0.64 0.46 17018.00
256.67 -715.32 166.61 -0.21 0.72 0.14 17113.00
259.87 -716.54 165.43 -0.31 0.67 0.03 17143.00
264.48 -719.00 163.88 -0.36 0.70 -0.12 17174.00
269.69 -722.59 161.55 -0.40 0.85 -0.19 17206.00
274.33 -727.14 158.50 -0.47 0.89 -0.05 17236.00
279.39 -733.46 154.81 -0.39 1.01 0.06 17268.00
283.59 -739.86 150.25 -0.21 1.34 0.06 17299.00
283.36 -745.65 142.50 0.03 1.48 0.03 17331.00
277.06 -749.95 135.05 0.12 0.83 0.18 17361.00
264.08 -751.35 127.34 0.16 -0.01 -0.01 17392.00
256.73 -752.73 119.39 0.01 -0.92 0.48 17424.00
253.87 -753.52 111.69 -0.06 -1.21 0.40 17455.00
255.10 -753.87 103.98 -0.22 -0.99 0.37 17486.00
257.85 -756.64 96.28 -0.43 -0.77 0.25 17517.00
258.73 -762.04 88.63 -0.28 -0.60 0.38 17548.00
259.22 -770.29 80.75 -0.21 -0.76 0.77 17580.00
260.52 -778.17 74.10 0.19 -0.95 1.02 17610.00
262.65 -785.24 67.95 0.38 -0.99 0.89 17641.00
264.37 -792.69 61.24 0.41 -0.98 0.88 17672.00
265.78 -800.45 54.41 0.65 -0.96 0.93 17702.00
266.83 -808.62 46.80 1.18 -0.88 0.87 17733.00
266.27 -815.36 39.13 1.69 -0.77 0.70 17764.00
264.33 -821.03 31.51 1.86 -0.74 0.68 17796.00
261.94 -825.81 24.34 2.12 -0.95 0.89 17826.00
259.77 -827.48 18.34 1.78 -1.13 0.68 17857.00
257.57 -828.10 14.93 1.22 -1.21 0.56 17888.00
255.75 -828.65 14.73 0.94 -1.06 0.55 17918.00
255.70 -829.72 17.70 1.06 -0.94 0.62 17949.00
257.56 -830.26 21.74 1.27 -0.66 0.57 17980.00
261.09 -830.23 26.00 1.17 -0.33 0.49 18012.00
264.89 -830.14 29.45 1.21 -0.13 0.39 18042.00
266.98 -829.68 31.97 1.07 0.03 0.38 18074.00
265.58 -829.39 33.13 0.98 -0.11 0.54 18105.00
262.75 -828.48 34.19 1.07 -0.49 0.80 18136.00
260.18 -827.04 35.86 1.21 -0.95 0.82 18166.00
257.45 -824.53 38.91 1.21 -1.28 0.79 18197.00
255.28 -821.44 44.24 1.39 -1.65 0.72 18228.00
254.12 -818.02 51.05 1.48 -1.70 0.54 18258.00
252.92 -814.07 59.10 1.26 -1.66 0.53 18290.00
253.24 -810.77 66.91 0.86 -1.61 0.53 18321.00
255.23 -808.44 74.71 0.63 -1.57 0.40 18352.00
256.39 -807.02 82.52 0.44 -1.35 0.32 18383.00
255.84 -806.70 90.32 0.29 -1.24 0.34 18414.00
253.22 -807.43 98.38 0.27 -1.24 0.28 18446.00
249.22 -809.02 106.18 0.29 -1.32 0.27 18477.00
246.09 -811.55 113.99 0.28 -1.33 0.24 18508.00
244.13 -814.17 121.79 0.31 -1.09 0.27 18539.00
242.67 -816.14 129.85 0.14 -0.90 0.31 18571.00
242.49 -818.77 137.40 -0.02 -0.67 0.33 18601.00
242.09 -820.67 145.21 -0.02 -0.42 0.39 18632.00
240.98 -821.63 152.36 -0.17 -0.25 0.48 18663.00
239.63 -823.40 158.57 -0.28 -0.10 0.56 18694.00
238.55 -824.83 163.58 -0.33 -0.07 0.66 18725.00
238.30 -826.31 167.78 -0.39 -0.06 0.67 18756.00
239.61 -826.88 171.43 -0.38 0.02 0.68 18787.00
241.02 -826.73 174.42 -0.41 0.04 0.64 18818.00
243.12 -826.43 176.59 -0.47 0.08 0.52 18848.00
245.90 -826.76 178.98 -0.52 0.03 0.45 18879.00
249.19 -827.71 181.38 -0.52 0.03 0.44 18910.00
253.37 -829.40 183.62 -0.51 0.09 0.43 18941.00
257.58 -832.07 185.77 -0.47 0.19 0.51 18972.00
262.19 -834.75 187.76 -0.32 0.28 0.54 19003.00
266.72 -836.80 189.51 -0.32 0.39 0.56 19034.00
271.57 -839.14 191.03 -0.33 0.42 0.60 19064.00
277.63 -841.55 192.70 -0.27 0.56 0.57 19095.00
283.43 -843.74 193.77 -0.22 0.72 0.51 19126.00
289.29 -845.17 193.76 -0.15 0.76 0.33 19158.00
293.65 -845.68 192.96 -0.26 0.78 0.13 19188.00
297.08 -847.13 191.11 -0.31 0.76 0.04 19219.00
299.80 -848.67 187.82 -0.34 0.70 -0.03 19251.00
303.04 -850.72 184.00 -0.38 0.60 -0.00 19281.00
306.60 -853.22 179.31 -0.47 0.64 0.01 19312.00
309.86 -856.62 173.57 -0.61 0.57 0.12 19344.00
313.59 -861.09 167.25 -0.58 0.58 0.14 19375.00
315.98 -864.97 160.02 -0.56 0.68 0.24 19405.00
317.38 -868.52 152.32 -0.56 0.55 0.45 19436.00
319.97 -871.34 144.62 -0.41 0.55 0.27 19467.00
318.38 -872.58 137.16 -0.36 0.26 0.45 19497.00
317.56 -872.61 129.46 -0.32 -0.10 0.19 19528.00
314.94 -870.83 121.51 -0.29 -0.01 -0.30 19560.00
307.89 -868.48 113.80 -0.63 -0.46 -0.04 19591.00
304.94 -869.46 106.35 -0.70 -0.89 0.19 19621.00
304.06 -871.57 98.39 -0.20 -0.69 0.11 19653.00
305.36 -874.26 90.44 -0.01 -0.67 0.20 19685.00
308.67 -879.94 82.74 0.20 -0.95 0.19 19716.00
310.86 -885.80 75.28 0.64 -1.03 0.30 19746.00
312.82 -890.67 67.58 1.09 -1.27 0.32 19777.00
315.09 -897.51 59.63 1.59 -1.50 0.40 19809.00
317.99 -903.16 51.92 1.57 -1.27 0.42 19840.00
321.80 -907.86 44.84 1.69 -1.17 0.55 19870.00
326.39 -911.93 37.77 1.95 -1.03 0.59 19901.00
329.98 -913.92 30.77 1.78 -1.01 0.42 19933.00
331.95 -915.23 25.94 1.19 -1.03 0.41 19963.00
332.97 -916.79 23.52 1.01 -1.03 0.50 19994.00
334.52 -918.97 23.85 1.21 -0.99 0.52 20025.00
337.11 -920.65 25.88 1.17 -0.76 0.58 20056.00
340.39 -922.37 28.59 1.26 -0.73 0.61 20086.00
342.93 -923.61 31.96 1.19 -0.58 0.70 20118.00
343.38 -923.79 35.70 1.32 -0.74 0.74 20149.00
342.10 -923.08 40.41 1.25 -0.91 0.69 20179.00
340.18 -922.06 46.53 1.33 -1.11 0.71 20210.00
338.60 -920.23 54.16 1.43 -1.21 0.61 20242.00
337.94 -917.84 61.96 1.46 -1.28 0.48 20273.00
337.68 -915.49 69.51 1.24 -1.28 0.42 20303.00
337.94 -913.40 77.32 1.06 -1.23 0.33 20334.00
338.03 -911.45 85.08 0.98 -1.26 0.20 20365.00
335.99 -909.84 92.87 0.59 -1.21 -0.00 20397.00
332.97 -910.11 100.42 0.23 -1.30 -0.00 20427.00
328.71 -912.33 108.40 0.15 -1.30 -0.08 20459.00
323.76 -915.82 115.85 0.12 -1.54 -0.06 20490.00
319.97 -920.71 123.60 0.13 -1.62 -0.03 20521.00
317.54 -925.71 131.40 0.22 -1.45 0.10 20552.00
316.78 -930.65 139.46 0.19 -1.19 0.10 20584.00
316.67 -935.24 147.26 0.05 -0.94 0.14 20615.00
316.91 -939.60 154.94 0.05 -0.77 0.24 20646.00
316.25 -942.45 161.79 -0.08 -0.61 0.23 20677.00
315.06 -945.12 168.21 -0.24 -0.40 0.30 20708.00
313.84 -948.19 174.18 -0.31 -0.39 0.35 20739.00
313.39 -951.17 179.37 -0.30 -0.28 0.49 20769.00
314.38 -953.60 184.52 -0.34 -0.14 0.53 20801.00
316.19 -955.74 188.98 -0.39 -0.02 0.58 20832.00
317.63 -957.06 192.72 -0.37 0.14 0.61 20862.00
318.18 -957.25 195.69 -0.40 0.16 0.61 20893.00
318.68 -957.12 198.06 -0.50 0.12 0.58 20924.00
320.52 -957.47 200.31 -0.58 0.14 0.54 20955.00
323.01 -957.79 202.21 -0.58 0.18 0.52 20985.00
326.19 -958.75 204.06 -0.61 0.26 0.50 21017.00
329.10 -959.83 205.62 -0.61 0.32 0.47 21048.00
331.56 -961.28 206.79 -0.62 0.35 0.52 21079.00
334.01 -962.72 207.79 -0.59 0.33 0.56 21109.00
336.77 -963.77 208.79 -0.58 0.34 0.55 21140.00
340.31 -964.79 209.93 -0.60 0.32 0.53 21171.00
344.56 -966.12 211.16 -0.57 0.39 0.52 21201.00
348.73 -967.50 212.26 -0.54 0.50 0.47 21232.00
351.74 -968.66 212.90 -0.54 0.48 0.47 21263.00
355.10 -970.20 213.29 -0.46 0.45 0.45 21294.00
357.95 -971.70 213.43 -0.46 0.47 0.46 21324.00
361.90 -973.80 213.45 -0.43 0.53 0.44 21355.00
366.16 -975.61 212.94 -0.38 0.61 0.35 21386.00
369.94 -976.57 212.03 -0.39 0.65 0.22 21416.00
373.16 -977.96 210.70 -0.51 0.67 0.09 21448.00
375.32 -980.25 208.90 -0.59 0.72 0.01 21479.00
377.06 -983.75 206.29 -0.58 0.71 0.09 21510.00
378.53 -987.77 202.72 -0.53 0.69 0.29 21541.00
379.90 -991.86 198.55 -0.62 0.80 0.28 21572.00
380.84 -996.53 192.74 -0.57 0.95 0.40 21603.00
381.21 -1001.73 184.79 -0.48 0.97 0.43 21635.00
378.67 -1005.11 177.34 -0.09 0.66 0.54 21665.00
374.40 -1002.88 169.63 -0.22 0.25 0.26 21696.00
368.32 -1002.58 161.68 -0.44 -0.20 0.08 21728.00
364.07 -1002.85 154.23 -0.57 -0.51 -0.04 21758.00
361.49 -1003.65 146.52 -0.62 -0.59 0.13 21789.00
361.55 -1006.66 138.57 -0.60 -0.50 0.20 21821.00
362.57 -1011.42 130.87 -0.34 -0.37 0.22 21852.00
362.24 -1017.19 123.41 -0.06 -0.34 0.24 21882.00
361.14 -1022.47 115.61 0.12 -0.41 0.34 21914.00
359.81 -1029.06 107.91 0.29 -0.49 0.42 21945.00
357.13 -1035.55 100.21 0.63 -0.58 0.43 21976.00
353.25 -1040.57 92.75 1.15 -1.04 0.57 22006.00
350.79 -1044.09 85.05 1.50 -1.24 0.50 22037.00
349.91 -1046.40 77.34 1.37 -1.07 0.44 22068.00
350.80 -1049.88 69.64 1.75 -1.15 0.58 22099.00
353.49 -1052.71 62.43 2.11 -1.04 0.52 22130.00
354.70 -1053.56 56.38 2.13 -0.92 0.58 22161.00
354.47 -1054.15 50.43 1.70 -1.08 0.50 22193.00
353.26 -1053.80 47.52 1.21 -1.04 0.37 22223.00
351.43 -1053.32 47.26 0.82 -0.97 0.47 22254.00
351.76 -1055.05 49.40 0.93 -0.90 0.48 22285.00
353.55 -1057.04 52.75 1.23 -0.64 0.48 22317.00
355.46 -1058.44 55.56 1.15 -0.43 0.52 22347.00
356.48 -1059.39 58.31 1.30 -0.54 0.61 22379.00
355.54 -1059.17 61.60 1.22 -0.70 0.66 22410.00
353.00 -1058.09 65.69 1.28 -1.01 0.67 22440.00
349.70 -1056.10 71.45 1.35 -1.27 0.54 22471.00
346.67 -1053.54 78.87 1.39 -1.46 0.47 22502.00
345.15 -1051.07 86.67 1.28 -1.41 0.31 22533.00
344.13 -1048.95 94.48 1.03 -1.34 0.19 22564.00
343.19 -1047.88 102.28 0.80 -1.47 0.15 22595.00
342.02 -1047.52 110.34 0.53 -1.42 0.05 22627.00
340.98 -1048.10 118.15 0.24 -1.34 0.00 22658.00
340.18 -1049.94 125.95 0.09 -1.32 -0.05 22689.00
338.59 -1052.59 133.75 0.12 -1.36 0.03 22720.00
336.05 -1055.27 141.81 0.07 -1.35 -0.01 22752.00
333.42 -1058.22 149.36 0.01 -1.31 0.01 22782.00
330.79 -1061.87 157.42 -0.03 -1.17 0.01 22814.00
328.32 -1065.59 165.23 -0.09 -0.93 0.13 22845.00
326.35 -1069.17 173.27 -0.14 -0.82 0.16 22877.00
324.83 -1072.24 180.46 -0.20 -0.61 0.19 22907.00
322.77 -1075.48 187.34 -0.27 -0.45 0.27 22939.00
320.40 -1078.61 193.24 -0.31 -0.33 0.34 22970.00
318.11 -1081.82 198.29 -0.33 -0.27 0.49 23001.00
316.74 -1084.27 202.49 -0.33 -0.20 0.59 23031.00
315.74 -1085.97 206.11 -0.46 -0.17 0.62 23062.00
315.46 -1088.01 209.43 -0.48 -0.15 0.76 23093.00
316.18 -1088.22 212.14 -0.46 -0.10 0.64 23123.00
317.22 -1088.39 214.45 -0.56 -0.08 0.57 23154.00
319.67 -1088.71 217.08 -0.59 -0.13 0.48 23186.00
323.39 -1089.56 219.75 -0.62 -0.09 0.41 23217.00
328.12 -1091.63 222.43 -0.63 -0.03 0.42 23248.00
333.80 -1094.24 225.24 -0.50 0.07 0.43 23279.00
339.61 -1096.18 228.08 -0.45 0.13 0.39 23310.00
346.09 -1098.31 231.14 -0.46 0.25 0.33 23341.00
352.82 -1101.65 233.96 -0.31 0.41 0.34 23371.00
358.89 -1104.78 236.23 -0.11 0.59 0.31 23402.00
363.84 -1106.48 237.55 -0.07 0.69 0.23 23434.00
367.65 -1107.76 238.44 -0.23 0.72 0.17 23464.00
370.71 -1108.98 238.89 -0.33 0.83 0.09 23496.00
373.26 -1110.29 238.68 -0.48 0.76 0.09 23527.00
377.90 -1112.76 238.33 -0.52 0.74 0.04 23559.00
381.99 -1115.81 237.21 -0.67 0.94 0.04 23589.00
386.78 -1121.09 236.19 -0.66 0.92 0.42 23621.00
394.69 -1126.92 234.62 -0.40 1.34 0.27 23652.00
399.22 -1130.90 228.77 -0.13 1.53 0.09 23683.00
398.67 -1132.17 221.20 -0.17 0.68 -0.10 23714.00
396.51 -1133.04 213.50 -0.38 0.19 -0.20 23745.00
397.75 -1138.66 205.54 -0.50 -0.24 0.10 23777.00
402.48 -1144.16 197.84 -0.33 -0.10 0.14 23808.00
404.37 -1149.70 190.38 -0.36 0.10 0.28 23838.00
402.67 -1153.17 182.43 -0.29 0.05 0.22 23870.00
399.67 -1154.90 174.73 -0.52 -0.20 0.14 23901.00
396.55 -1158.34 167.03 -0.76 -0.45 0.13 23932.00
394.51 -1164.52 159.32 -0.77 -0.69 0.39 23963.00
393.46 -1172.32 151.92 -0.55 -0.90 0.57 23994.00
395.49 -1179.95 146.25 -0.36 -0.97 0.68 24026.00
398.55 -1187.81 141.21 -0.27 -0.98 0.91 24056.00
401.75 -1196.20 137.15 0.26 -0.81 0.91 24087.00
403.49 -1203.87 131.76 0.54 -0.85 0.94 24118.00
404.10 -1211.46 125.26 0.72 -0.91 1.04 24148.00
404.36 -1219.48 119.29 1.15 -0.95 0.99 24179.00
405.08 -1227.07 113.36 1.66 -0.95 1.01 24211.00
406.13 -1233.52 106.61 1.47 -0.83 1.00 24242.00
406.41 -1238.64 100.98 1.40 -0.83 0.86 24272.00
405.30 -1242.32 96.63 1.36 -0.86 0.78 24304.00
404.04 -1244.69 94.01 1.14 -0.82 0.77 24335.00
403.93 -1246.26 93.83 1.19 -0.76 0.68 24366.00
404.56 -1246.47 96.41 1.15 -0.52 0.58 24396.00
405.50 -1246.12 99.55 1.11 -0.33 0.53 24428.00
406.53 -1245.99 101.92 1.10 -0.22 0.45 24459.00
406.86 -1245.88 103.90 1.09 -0.19 0.47 24491.00
406.18 -1245.89 105.53 1.08 -0.27 0.57 24521.00
404.44 -1245.53 107.25 1.12 -0.46 0.69 24552.00
402.18 -1244.33 109.55 1.19 -0.73 0.84 24584.00
400.07 -1242.65 112.37 1.26 -1.01 0.81 24614.00
397.71 -1239.96 116.65 1.21 -1.11 0.86 24645.00
396.18 -1236.74 121.85 1.24 -1.29 0.88 24676.00
395.26 -1233.01 127.68 1.21 -1.42 0.77 24707.00
394.09 -1229.17 134.61 1.06 -1.45 0.69 24737.00
392.36 -1225.55 142.30 0.84 -1.57 0.56 24768.00
390.51 -1222.67 150.36 0.49 -1.47 0.41 24800.00
388.73 -1221.08 157.91 0.27 -1.35 0.26 24830.00
385.81 -1220.02 165.97 0.13 -1.18 0.10 24862.00
382.13 -1220.17 173.77 -0.05 -1.15 0.03 24893.00
377.80 -1221.95 181.83 -0.05 -1.11 -0.05 24925.00
373.67 -1224.54 189.38 -0.00 -1.17 -0.03 24955.00
369.87 -1227.45 197.44 0.03 -1.25 0.07 24987.00
367.04 -1230.26 205.49 -0.11 -1.13 0.14 25019.00
364.08 -1233.48 213.30 -0.16 -0.84 0.25 25050.00
361.27 -1236.49 220.87 -0.13 -0.70 0.31 25081.00
358.83 -1239.47 227.55 -0.23 -0.60 0.39 25112.00
356.82 -1242.91 233.86 -0.25 -0.45 0.45 25143.00
355.49 -1245.76 239.49 -0.26 -0.37 0.54 25174.00
355.67 -1247.73 244.31 -0.32 -0.18 0.52 25204.00
355.54 -1250.24 248.75 -0.42 -0.12 0.64 25236.00
356.74 -1252.33 252.50 -0.38 -0.09 0.70 25267.00
359.35 -1253.40 255.46 -0.33 0.02 0.76 25297.00
362.37 -1252.72 258.14 -0.34 0.16 0.56 25328.00
364.46 -1251.55 260.92 -0.53 0.09 0.37 25360.00
368.50 -1253.24 263.95 -0.61 0.02 0.39 25391.00
374.48 -1255.91 266.47 -0.51 0.14 0.38 25421.00
380.11 -1258.46 268.97 -0.40 0.26 0.39 25452.00
385.57 -1261.00 271.67 -0.41 0.33 0.44 25483.00
390.70 -1263.04 274.26 -0.41 0.42 0.41 25513.00
396.45 -1265.25 276.75 -0.34 0.45 0.36 25545.00
401.92 -1266.82 279.16 -0.30 0.62 0.18 25576.00
405.64 -1268.51 280.77 -0.33 0.74 0.14 25607.00
408.52 -1270.17 281.83 -0.30 0.67 0.11 25638.00
412.27 -1272.11 282.52 -0.36 0.72 0.03 25669.00
416.17 -1274.92 282.42 -0.38 0.85 -0.06 25701.00
420.39 -1278.23 281.33 -0.41 0.86 -0.06 25732.00
427.10 -1282.74 280.53 -0.42 0.72 -0.20 25763.00
434.59 -1289.09 280.65 -0.39 1.06 -0.51 25794.00
442.18 -1296.89 279.38 -0.26 1.53 -0.39 25825.00
445.26 -1304.59 275.19 -0.06 1.33 -0.29 25857.00
442.20 -1310.96 268.06 -0.05 0.94 -0.14 25888.00
432.96 -1315.01 260.36 -0.15 0.22 0.06 25919.00
426.83 -1323.56 252.66 -0.29 -0.32 0.48 25950.00
425.31 -1330.44 245.20 -0.37 -0.41 0.54 25980.00
425.11 -1335.81 237.50 -0.29 -0.16 0.45 26011.00
423.55 -1341.95 230.16 -0.56 -0.08 0.48 26043.00
421.58 -1348.89 223.06 -0.49 -0.05 0.49 26074.00
418.25 -1356.14 216.52 -0.41 -0.15 0.50 26104.00
414.40 -1364.59 210.45 -0.15 -0.33 0.70 26135.00
411.61 -1371.67 205.13 -0.09 -0.58 0.83 26166.00
412.30 -1379.52 199.33 -0.05 -0.62 0.94 26196.00
413.56 -1387.95 193.93 0.40 -0.54 0.95 26227.00
414.17 -1396.03 189.68 0.99 -0.65 1.06 26258.00
414.46 -1404.27 184.26 1.30 -0.49 0.80 26290.00
412.15 -1411.90 178.40 1.36 -0.25 0.73 26320.00
407.20 -1419.86 172.33 2.20 -0.42 0.84 26352.00
401.96 -1425.50 167.05 2.85 -0.55 0.88 26383.00
395.83 -1427.98 161.04 2.21 -0.89 0.99 26415.00
391.44 -1428.25 156.82 1.43 -1.08 0.61 26445.00
388.24 -1427.07 156.16 0.88 -1.05 0.55 26476.00
388.61 -1427.27 158.89 0.84 -0.93 0.66 26507.00
392.51 -1427.33 162.95 1.27 -0.61 0.51 26539.00
397.45 -1426.26 166.45 1.24 -0.22 0.38 26569.00
401.56 -1424.93 169.30 1.22 -0.08 0.30 26601.00
403.08 -1423.77 171.42 1.09 -0.05 0.43 26632.00
402.22 -1422.79 173.27 1.06 -0.21 0.67 26663.00
400.30 -1421.48 175.23 1.12 -0.48 0.79 26694.00
398.31 -1419.64 177.49 1.19 -0.78 0.91 26725.00
396.76 -1417.05 180.92 1.33 -0.96 0.91 26756.00
395.51 -1413.68 184.95 1.35 -1.03 0.89 26786.00
394.01 -1409.23 190.34 1.39 -1.10 0.78 26817.00
391.45 -1403.98 197.00 1.31 -0.99 0.60 26848.00
387.50 -1398.65 204.04 0.96 -0.87 0.40 26878.00
381.49 -1393.65 211.91 0.68 -0.89 0.22 26910.00
375.07 -1390.26 219.25 0.33 -0.98 0.14 26941.00
368.71 -1388.97 226.36 0.10 -1.05 -0.03 26973.00
363.03 -1389.31 232.70 0.00 -1.22 -0.08 27003.00
357.65 -1390.73 239.45 -0.12 -1.37 -0.16 27035.00
353.25 -1393.55 245.94 -0.20 -1.40 -0.14 27066.00
349.91 -1397.63 253.09 -0.15 -1.51 -0.11 27098.00
347.89 -1401.76 260.47 -0.16 -1.45 -0.07 27129.00
345.70 -1405.92 268.23 -0.17 -1.32 0.03 27160.00
343.54 -1410.16 276.29 -0.22 -1.12 0.15 27192.00
341.51 -1413.84 283.98 -0.19 -0.91 0.19 27223.00
339.43 -1416.88 291.09 -0.22 -0.69 0.18 27254.00
337.51 -1419.19 297.65 -0.30 -0.55 0.19 27285.00
336.24 -1422.58 303.49 -0.37 -0.46 0.31 27316.00
335.68 -1425.77 308.87 -0.31 -0.30 0.39 27347.00
335.34 -1428.00 313.71 -0.35 -0.14 0.45 27378.00
335.71 -1430.24 317.51 -0.47 -0.09 0.49 27409.00
336.49 -1432.34 320.81 -0.47 -0.02 0.53 27440.00
337.40 -1433.79 323.25 -0.44 0.06 0.57 27470.00
338.66 -1434.74 325.28 -0.55 -0.01 0.55 27501.00
341.47 -1436.14 327.72 -0.59 -0.06 0.50 27532.00
346.44 -1438.49 330.41 -0.56 -0.07 0.46 27564.00
352.93 -1440.96 333.25 -0.51 0.08 0.35 27594.00
358.86 -1443.65 335.92 -0.45 0.24 0.35 27625.00
364.44 -1445.94 338.37 -0.44 0.24 0.34 27657.00
369.10 -1448.37 340.48 -0.46 0.33 0.32 27687.00
373.57 -1451.22 342.53 -0.42 0.27 0.37 27718.00
380.77 -1454.30 344.99 -0.42 0.23 0.27 27749.00
388.49 -1457.90 347.69 -0.31 0.49 0.12 27780.00
394.10 -1460.98 350.19 -0.28 0.67 0.03 27811.00
398.97 -1463.92 352.16 -0.29 0.76 -0.08 27842.00
403.50 -1466.55 353.10 -0.29 0.89 -0.18 27874.00
407.86 -1469.58 352.66 -0.49 1.09 -0.30 27905.00
412.80 -1474.36 351.97 -0.53 1.24 -0.14 27936.00
420.05 -1480.20 351.83 -0.07 1.38 0.04 27967.00
427.11 -1483.54 349.30 0.00 1.40 -0.08 27999.00
429.51 -1485.52 345.79 -0.43 1.12 0.03 28029.00
429.45 -1487.11 341.33 -0.53 0.53 -0.13 28060.00
429.40 -1489.66 334.41 -0.54 0.29 -0.28 28092.00
430.97 -1493.23 326.74 -0.48 0.24 -0.20 28123.00
434.29 -1499.31 319.20 -0.44 0.38 -0.21 28154.00
435.93 -1505.45 311.49 -0.29 0.48 -0.14 28185.00
435.43 -1511.78 303.79 -0.14 0.33 -0.03 28216.00
428.67 -1513.72 295.84 -0.14 0.05 -0.05 28248.00
424.83 -1518.13 288.38 -0.53 -0.26 -0.04 28278.00
421.06 -1526.17 280.43 -0.53 -0.44 0.15 28310.00
420.05 -1534.38 272.73 -0.34 -0.66 0.38 28341.00
421.90 -1542.52 265.09 -0.20 -0.83 0.61 28372.00
424.68 -1550.99 258.63 0.21 -0.86 0.87 28403.00
426.59 -1558.75 253.41 0.67 -1.11 1.02 28434.00
429.78 -1566.42 246.63 0.84 -1.06 1.22 28465.00
431.14 -1574.20 239.73 1.26 -0.93 1.27 28495.00
431.87 -1582.20 234.17 1.83 -0.78 1.21 28526.00
430.79 -1589.44 226.67 2.06 -0.74 0.97 28558.00
427.18 -1595.03 218.98 1.66 -0.87 0.77 28589.00
422.88 -1599.06 213.27 1.59 -1.11 0.77 28619.00
418.91 -1600.30 211.04 1.15 -1.02 0.68 28650.00
417.39 -1601.17 212.05 0.88 -0.96 0.65 28681.00
419.36 -1602.85 215.58 1.07 -0.67 0.57 28712.00
422.64 -1603.33 219.29 1.35 -0.33 0.46 28743.00
425.57 -1602.95 221.93 1.16 -0.09 0.34 28775.00
426.14 -1602.81 223.38 1.08 -0.11 0.36 28806.00
424.38 -1602.99 224.70 1.05 -0.25 0.48 28837.00
421.57 -1602.49 226.30 1.06 -0.43 0.57 28868.00
418.48 -1601.37 228.49 1.06 -0.64 0.60 28899.00
415.60 -1599.53 231.19 1.16 -0.86 0.68 28931.00
416.57 -1596.88 233.65 1.26 -1.04 0.63 28961.00
423.18 -1595.09 236.07 1.08 -0.99 0.43 28992.00
431.21 -1593.87 239.26 1.24 -0.85 0.54 29023.00
430.46 -1588.99 243.67 1.34 -0.30 0.86 29053.00
421.83 -1581.31 248.24 0.89 -0.90 0.82 29084.00
414.28 -1575.57 251.98 0.54 -1.42 0.45 29116.00
409.63 -1572.07 258.23 0.13 -1.68 0.44 29147.00
407.23 -1571.66 265.23 0.11 -1.55 0.19 29178.00
402.42 -1571.53 272.26 0.23 -1.46 0.07 29210.00
396.76 -1572.68 279.29 0.09 -1.63 0.03 29241.00
392.14 -1575.83 286.92 0.07 -1.77 0.04 29273.00
388.60 -1579.26 294.47 0.20 -1.79 0.00 29303.00
385.30 -1582.94 302.53 0.20 -2.00 0.08 29335.00
384.55 -1587.62 310.34 0.09 -1.91 0.14 29366.00
384.70 -1592.89 318.39 0.23 -1.59 0.20 29398.00
382.92 -1596.35 325.95 0.21 -1.18 0.19 29428.00
380.87 -1600.07 334.00 0.08 -0.82 0.27 29460.00
378.98 -1603.07 341.77 -0.01 -0.54 0.28 29491.00
377.61 -1606.17 348.63 -0.06 -0.36 0.31 29521.00
375.75 -1608.00 355.18 -0.11 -0.17 0.30 29553.00
374.13 -1610.91 360.41 -0.28 -0.13 0.44 29584.00
374.21 -1614.78 364.75 -0.25 -0.10 0.61 29615.00
374.90 -1616.73 368.30 -0.16 0.05 0.86 29645.00
377.28 -1616.01 370.52 -0.24 0.27 0.78 29677.00
377.97 -1614.26 372.77 -0.62 0.22 0.42 29708.00
378.32 -1615.02 375.19 -0.55 -0.03 0.46 29739.00
381.39 -1615.99 377.51 -0.61 -0.13 0.37 29770.00
386.33 -1618.58 380.06 -0.52 -0.05 0.43 29801.00
391.63 -1620.36 383.04 -0.45 0.08 0.44 29832.00
397.28 -1622.42 386.13 -0.53 0.18 0.46 29863.00
404.00 -1625.11 389.25 -0.43 0.31 0.42 29894.00
410.35 -1627.63 392.07 -0.34 0.50 0.38 29925.00
415.69 -1629.52 394.33 -0.29 0.58 0.37 29956.00
420.73 -1630.78 396.04 -0.26 0.64 0.30 29986.00
425.91 -1631.96 397.02 -0.26 0.81 0.16 30018.00
429.75 -1633.12 396.36 -0.30 0.90 0.01 30050.00
432.91 -1634.71 394.69 -0.29 0.82 -0.06 30081.00
435.51 -1636.31 392.21 -0.30 0.86 -0.23 30111.00
438.20 -1638.66 388.82 -0.40 0.84 -0.32 30143.00
444.26 -1642.47 385.15 -0.34 0.67 -0.39 30174.00
451.28 -1647.28 381.16 -0.43 0.90 -0.33 30205.00
454.48 -1653.20 376.13 -0.44 1.01 -0.01 30236.00
451.67 -1658.14 368.69 -0.35 0.68 0.23 30268.00
445.58 -1662.86 360.99 -0.48 0.09 0.64 30299.00
442.90 -1667.40 353.53 -0.61 -0.26 0.76 30329.00
441.73 -1671.70 345.89 -0.63 -0.36 0.75 30360.00
442.10 -1675.36 338.73 -0.51 -0.26 0.59 30391.00
442.33 -1679.06 331.69 -0.51 -0.15 0.56 30422.00
442.97 -1684.29 325.04 -0.54 -0.19 0.70 30452.00
444.17 -1690.15 318.40 -0.44 -0.18 0.86 30484.00
444.41 -1693.88 312.29 -0.26 -0.15 0.69 30515.00
442.65 -1697.19 305.11 -0.42 -0.24 0.58 30545.00
439.51 -1703.52 297.41 -0.37 -0.56 0.81 30576.00
436.92 -1710.09 290.16 0.03 -0.92 0.96 30607.00
435.74 -1716.34 282.40 0.23 -1.03 0.84 30639.00
434.06 -1724.15 274.94 0.40 -1.12 0.99 30669.00
432.55 -1732.34 267.53 0.93 -1.12 0.87 30700.00
432.03 -1740.24 259.88 1.39 -1.02 0.83 30731.00
431.77 -1747.67 252.42 1.55 -0.89 0.91 30761.00
432.11 -1755.49 244.73 1.85 -0.83 0.80 30793.00
431.34 -1760.98 238.10 1.89 -0.89 0.83 30824.00
429.82 -1763.02 233.83 1.38 -0.98 0.80 30855.00
428.60 -1763.58 232.98 0.96 -0.94 0.69 30885.00
428.24 -1763.76 235.43 1.06 -0.77 0.56 30916.00
427.73 -1762.96 239.08 1.20 -0.51 0.49 30948.00
427.26 -1761.83 242.47 1.10 -0.35 0.44 30979.00
426.67 -1760.93 245.46 1.20 -0.36 0.39 31010.00
424.83 -1759.93 248.22 1.04 -0.44 0.53 31041.00
421.96 -1758.51 251.47 1.20 -0.71 0.59 31073.00
419.04 -1756.25 255.28 1.20 -0.97 0.73 31104.00
417.03 -1753.71 259.49 1.05 -1.02 0.50 31134.00
414.64 -1750.46 264.96 1.11 -1.18 0.48 31165.00
412.28 -1746.97 270.79 1.06 -1.32 0.44 31196.00
410.44 -1743.83 276.78 0.88 -1.44 0.29 31226.00
408.34 -1741.40 283.94 0.62 -1.54 0.22 31258.00
407.24 -1740.53 291.53 0.49 -1.55 0.18 31289.00
406.12 -1740.21 299.16 0.41 -1.52 0.06 31321.00
404.26 -1740.52 306.81 0.20 -1.46 0.03 31352.00
401.82 -1742.10 314.57 0.08 -1.47 0.01 31383.00
398.54 -1744.45 322.24 0.07 -1.54 0.04 31414.00
395.24 -1747.58 330.30 0.03 -1.57 0.10 31446.00
392.69 -1751.19 338.10 0.03 -1.50 0.12 31477.00
390.22 -1754.83 345.91 -0.00 -1.46 0.21 31508.00
387.89 -1758.46 353.97 -0.02 -1.35 0.23 31540.00
386.18 -1761.61 361.52 -0.03 -1.18 0.26 31570.00
385.20 -1764.49 369.58 -0.08 -0.82 0.23 31602.00
384.81 -1767.14 377.57 -0.14 -0.57 0.20 31634.00
384.33 -1769.77 384.70 -0.16 -0.35 0.25 31665.00
383.67 -1772.33 391.18 -0.20 -0.21 0.58 31695.00
382.29 -1774.47 397.17 -0.34 -0.14 0.50 31726.00
382.68 -1777.07 402.45 -0.33 -0.04 0.55 31757.00
383.57 -1778.69 406.75 -0.34 0.08 0.70 31788.00
386.70 -1779.73 409.70 -0.33 0.37 0.73 31819.00
387.24 -1778.47 411.73 -0.48 0.39 0.53 31850.00
387.25 -1778.43 414.32 -0.64 0.08 0.42 31881.00
389.61 -1779.59 416.89 -0.64 -0.02 0.37 31911.00
394.03 -1781.76 420.20 -0.55 0.03 0.43 31943.00
399.13 -1783.22 423.75 -0.51 0.14 0.35 31974.00
405.03 -1785.68 427.46 -0.47 0.31 0.32 32006.00
409.82 -1788.55 430.59 -0.43 0.47 0.37 32036.00
414.92 -1791.52 433.73 -0.28 0.50 0.41 32067.00
420.74 -1793.60 436.62 -0.23 0.65 0.31 32098.00
426.16 -1795.62 438.60 -0.19 0.76 0.21 32130.00
431.36 -1797.58 440.08 -0.17 0.69 0.14 32160.00
436.90 -1799.46 441.39 -0.19 0.82 -0.08 32192.00
441.31 -1801.24 441.72 -0.22 0.92 -0.11 32223.00
445.52 -1803.17 440.98 -0.32 0.97 -0.23 32254.00
449.40 -1805.91 439.20 -0.33 1.05 -0.26 32286.00
452.79 -1809.39 436.60 -0.40 1.09 -0.29 32317.00
457.19 -1814.44 432.60 -0.30 1.16 -0.24 32349.00
459.81 -1818.94 426.98 -0.24 1.17 -0.20 32379.00
459.86 -1824.06 419.20 -0.36 0.79 0.02 32411.00
456.64 -1827.89 411.49 -0.24 0.32 0.06 32442.00
450.47 -1831.36 403.79 -0.28 -0.07 0.09 32473.00
447.27 -1835.82 396.09 -0.55 -0.40 0.37 32504.00
447.49 -1840.56 388.38 -0.45 -0.42 0.37 32535.00
448.59 -1844.64 380.68 -0.33 -0.31 0.43 32566.00
449.96 -1849.29 373.22 -0.44 -0.29 0.51 32596.00
450.32 -1854.48 365.52 -0.26 -0.21 0.57 32627.00
448.10 -1858.29 357.82 -0.28 -0.43 0.57 32658.00
445.97 -1861.98 350.11 -0.27 -0.53 0.59 32689.00
444.54 -1866.72 342.66 -0.30 -0.71 0.72 32719.00
443.55 -1873.18 334.71 -0.12 -0.98 0.85 32751.00
443.38 -1878.54 327.14 0.19 -0.93 0.70 32782.00
443.61 -1885.68 319.18 0.27 -1.09 0.80 32814.00
443.56 -1893.13 311.73 0.72 -1.14 0.82 32844.00
444.18 -1899.99 304.03 1.23 -1.04 0.71 32875.00
444.88 -1907.34 296.33 1.47 -0.96 0.94 32906.00
444.67 -1913.62 288.79 2.10 -1.12 0.99 32937.00
443.23 -1913.55 283.20 2.21 -1.19 0.67 32968.00
439.41 -1910.86 278.90 1.23 -1.39 0.57 32999.00
435.24 -1908.84 277.42 0.67 -1.27 0.24 33031.00
432.29 -1909.04 278.79 0.65 -1.14 0.42 33061.00
431.99 -1910.95 281.57 0.86 -0.84 0.48 33092.00
434.50 -1913.41 284.28 1.03 -0.58 0.50 33124.00
437.97 -1915.31 286.00 1.12 -0.41 0.37 33155.00
440.27 -1916.47 287.52 1.09 -0.38 0.38 33186.00
440.93 -1917.16 289.14 1.06 -0.45 0.48 33217.00
439.67 -1916.73 290.92 1.05 -0.56 0.52 33248.00
437.37 -1915.47 292.62 0.98 -0.87 0.52 33278.00
435.06 -1914.16 295.55 1.00 -1.24 0.55 33310.00
433.45 -1912.58 300.35 1.10 -1.49 0.58 33341.00
432.83 -1910.50 306.56 1.13 -1.54 0.53 33372.00
431.89 -1908.25 313.36 1.05 -1.50 0.51 33403.00
429.17 -1905.64 320.59 1.01 -1.60 0.47 33434.00
425.38 -1902.70 328.49 0.83 -1.69 0.34 33466.00
422.40 -1900.02 336.29 0.45 -1.61 0.20 33497.00
420.13 -1899.56 344.10 0.11 -1.51 0.06 33528.00
417.08 -1900.37 351.90 0.01 -1.40 0.00 33559.00
413.18 -1902.08 359.95 -0.00 -1.45 -0.06 33591.00
409.40 -1904.34 367.56 -0.06 -1.42 -0.16 33622.00
404.32 -1907.64 375.10 -0.13 -1.27 -0.14 33653.00
399.55 -1912.23 383.04 -0.10 -1.39 -0.12 33685.00
396.19 -1917.28 390.83 -0.05 -1.26 -0.04 33716.00
393.71 -1922.26 398.63 -0.05 -0.98 0.02 33747.00
391.57 -1926.95 406.42 -0.09 -0.72 0.12 33778.00
389.55 -1931.64 413.98 -0.15 -0.56 0.23 33810.00
388.50 -1935.79 420.89 -0.19 -0.39 0.40 33841.00
387.23 -1939.07 426.86 -0.23 -0.15 0.46 33871.00
384.80 -1941.42 431.98 -0.36 -0.06 0.52 33902.00
382.84 -1944.03 436.13 -0.46 -0.05 0.68 33933.00
382.45 -1946.09 439.56 -0.51 -0.04 0.81 33964.00
384.43 -1946.65 441.99 -0.41 0.20 0.65 33995.00
384.04 -1945.63 443.53 -0.67 0.18 0.47 34026.00
384.80 -1946.28 445.58 -0.70 0.03 0.38 34057.00
386.78 -1947.74 447.49 -0.77 -0.01 0.38 34088.00
389.80 -1949.53 449.58 -0.71 0.04 0.37 34119.00
392.48 -1951.35 451.86 -0.74 0.12 0.35 34151.00
395.40 -1953.72 454.01 -0.69 0.15 0.38 34182.00
398.97 -1956.31 456.31 -0.60 0.11 0.41 34213.00
404.27 -1959.82 459.14 -0.55 0.15 0.41 34244.00
411.05 -1963.65 462.32 -0.33 0.28 0.40 34275.00
417.21 -1966.97 465.13 -0.27 0.49 0.40 34306.00
422.76 -1969.54 467.32 -0.18 0.55 0.37 34337.00
428.86 -1971.74 469.43 -0.10 0.68 0.30 34368.00
435.05 -1973.30 470.94 -0.00 0.84 0.19 34400.00
440.34 -1974.17 471.22 -0.04 1.05 0.04 34432.00
444.10 -1975.10 470.19 -0.08 0.96 -0.05 34462.00
447.63 -1976.78 467.97 -0.14 0.90 -0.21 34494.00
450.41 -1979.07 464.74 -0.18 0.89 -0.25 34525.00
453.28 -1982.51 460.93 -0.34 0.79 -0.25 34556.00
456.64 -1986.92 456.51 -0.29 0.78 -0.21 34587.00
459.59 -1991.62 450.62 -0.39 0.77 -0.08 34619.00
461.99 -1996.83 443.66 -0.38 0.70 0.01 34650.00
463.10 -2002.19 436.21 -0.45 0.61 0.07 34680.00
458.72 -2009.39 428.26 -0.43 0.25 0.43 34712.00
454.67 -2016.68 420.55 -0.45 -0.45 0.98 34743.00
455.14 -2020.67 412.85 -0.44 -0.52 0.65 34774.00
455.56 -2024.89 405.56 -0.84 -0.45 0.84 34804.00
458.32 -2031.62 399.41 -0.84 -0.42 0.78 34835.00
459.96 -2036.92 394.36 -0.58 -0.15 0.57 34866.00
457.47 -2042.04 389.92 -0.54 -0.25 0.51 34896.00
454.86 -2048.93 384.87 -0.48 -0.53 0.63 34928.00
453.22 -2056.62 380.28 -0.15 -0.71 0.78 34959.00
452.77 -2063.23 376.29 0.08 -0.82 0.84 34990.00
453.22 -2070.34 371.31 0.06 -0.76 0.67 35020.00
453.60 -2078.72 365.54 0.29 -0.68 0.78 35051.00
452.85 -2086.73 360.44 0.85 -0.73 0.94 35082.00
452.66 -2093.49 356.40 1.19 -0.82 0.90 35112.00
453.40 -2100.28 351.35 1.26 -0.70 0.84 35143.00
453.83 -2108.14 345.40 1.35 -0.60 0.99 35175.00
453.67 -2115.49 339.91 1.95 -0.65 1.18 35206.00
452.08 -2118.27 334.85 1.89 -0.62 0.87 35237.00
447.23 -2117.80 331.68 1.10 -0.72 0.66 35268.00
441.27 -2117.39 331.08 0.89 -0.86 0.57 35299.00
436.87 -2117.94 332.42 1.05 -0.81 0.65 35330.00
434.89 -2118.36 334.38 1.13 -0.67 0.63 35360.00
435.67 -2118.90 336.53 1.15 -0.54 0.59 35392.00
438.20 -2119.48 338.43 1.11 -0.39 0.54 35423.00
440.27 -2119.80 340.18 1.05 -0.21 0.48 35454.00
439.36 -2119.45 341.47 0.98 -0.20 0.57 35485.00
435.95 -2118.44 342.84 1.01 -0.43 0.69 35517.00
431.72 -2116.47 344.36 1.08 -0.81 0.77 35548.00
428.09 -2113.79 346.72 1.15 -1.22 0.77 35578.00
425.00 -2110.12 350.86 1.23 -1.33 0.69 35609.00
422.29 -2105.34 355.35 1.12 -1.19 0.78 35640.00
420.77 -2099.58 359.60 1.15 -1.35 0.58 35671.00
419.42 -2094.35 364.88 0.85 -1.29 0.30 35701.00
417.43 -2090.37 371.60 0.42 -1.29 0.39 35733.00
415.75 -2089.14 378.29 0.38 -1.41 0.41 35764.00
414.21 -2087.95 385.50 0.40 -1.56 0.31 35795.00
412.33 -2087.50 393.27 0.20 -1.54 0.23 35826.00
408.87 -2088.28 401.19 0.08 -1.50 0.18 35858.00
404.09 -2090.03 408.94 0.03 -1.58 0.23 35889.00
398.72 -2092.64 416.75 0.06 -1.60 0.23 35920.00
392.41 -2095.42 424.80 0.08 -1.56 0.22 35952.00
387.09 -2098.66 432.61 -0.03 -1.52 0.23 35983.00
383.67 -2102.71 440.66 -0.09 -1.17 0.23 36015.00
381.53 -2106.52 448.22 -0.08 -0.94 0.23 36045.00
379.88 -2110.14 456.27 -0.10 -0.68 0.23 36077.00
377.68 -2112.80 463.71 -0.15 -0.39 0.16 36108.00
374.89 -2115.62 470.26 -0.25 -0.26 0.30 36139.00
371.54 -2117.89 475.64 -0.37 -0.17 0.36 36169.00
369.26 -2121.19 480.37 -0.52 -0.20 0.52 36201.00
368.11 -2123.69 484.59 -0.48 -0.12 0.53 36232.00
367.91 -2125.53 488.02 -0.53 -0.07 0.59 36262.00
368.80 -2127.31 490.94 -0.53 0.02 0.59 36293.00
369.10 -2127.96 493.16 -0.50 0.06 0.57 36324.00
370.18 -2128.53 495.24 -0.64 -0.04 0.47 36356.00
372.33 -2130.49 497.44 -0.66 -0.06 0.53 36386.00
375.61 -2132.48 499.85 -0.55 -0.01 0.46 36417.00
379.51 -2134.27 502.60 -0.51 0.06 0.46 36448.00
384.92 -2136.11 505.26 -0.52 0.15 0.39 36480.00
390.55 -2138.79 507.62 -0.47 0.27 0.39 36510.00
396.22 -2141.74 509.91 -0.38 0.44 0.35 36541.00
400.66 -2144.54 511.64 -0.33 0.50 0.35 36572.00
405.84 -2147.31 513.14 -0.25 0.53 0.30 36603.00
410.84 -2149.58 514.50 -0.15 0.71 0.22 36634.00
414.75 -2149.91 515.36 -0.12 0.79 0.14 36666.00
418.87 -2149.80 515.81 -0.22 0.71 0.09 36697.00
423.21 -2149.97 516.00 -0.27 0.80 0.08 36728.00
427.65 -2150.27 515.69 -0.34 0.76 0.14 36759.00
432.98 -2151.12 515.06 -0.36 0.88 0.04 36791.00
437.01 -2152.19 513.25 -0.39 0.99 0.04 36822.00
440.30 -2153.57 510.01 -0.41 1.04 -0.16 36853.00
442.58 -2155.66 504.04 -0.35 1.03 -0.13 36884.00
444.04 -2157.93 496.10 -0.36 0.64 -0.13 36916.00
444.86 -2160.50 488.64 -0.40 0.36 -0.05 36946.00
443.16 -2164.15 480.69 -0.49 0.01 0.11 36978.00
441.29 -2169.60 472.99 -0.58 -0.39 0.30 37009.00
441.27 -2173.28 465.29 -0.52 -0.67 0.48 37040.00
444.50 -2176.88 457.83 -0.71 -0.62 0.43 37070.00
448.96 -2181.95 449.88 -0.50 -0.24 0.37 37102.00
449.37 -2188.13 442.17 -0.45 -0.31 0.56 37133.00
449.06 -2193.87 434.47 -0.53 -0.57 0.55 37164.00
448.80 -2201.31 427.02 -0.41 -0.74 0.79 37194.00
448.25 -2207.40 420.69 -0.16 -0.94 0.88 37225.00
449.59 -2213.18 414.64 -0.19 -0.99 0.87 37257.00
451.09 -2220.13 408.63 0.01 -0.91 0.87 37287.00
452.21 -2227.58 402.72 0.38 -0.91 0.85 37318.00
453.10 -2235.26 395.79 0.71 -0.87 0.84 37349.00
454.00 -2243.28 388.16 1.08 -0.79 0.84 37380.00
454.30 -2250.85 380.98 1.58 -0.77 0.85 37411.00
453.89 -2256.88 373.68 2.01 -0.84 0.98 37442.00
453.63 -2260.04 365.92 1.89 -1.09 0.97 37474.00
452.78 -2260.24 361.50 1.32 -1.12 0.80 37505.00
450.20 -2258.82 360.29 0.93 -0.99 0.58 37535.00
446.78 -2257.32 361.42 0.81 -0.97 0.50 37566.00
445.01 -2257.38 364.15 0.92 -0.85 0.54 37597.00
444.86 -2257.70 367.41 1.10 -0.66 0.50 37627.00
445.98 -2257.80 370.77 1.14 -0.47 0.48 37658.00
447.58 -2257.86 373.67 1.07 -0.34 0.51 37690.00
447.64 -2257.41 375.88 1.03 -0.36 0.61 37721.00
445.90 -2256.09 377.82 0.99 -0.58 0.72 37752.00
442.97 -2253.99 379.89 1.00 -0.90 0.79 37783.00
439.22 -2251.00 383.12 1.06 -1.16 0.68 37814.00
435.35 -2247.59 387.36 0.99 -1.32 0.56 37844.00
431.76 -2244.94 392.37 0.83 -1.41 0.58 37875.00
429.29 -2242.79 398.55 0.81 -1.56 0.53 37907.00
428.03 -2240.83 405.28 0.72 -1.50 0.42 37938.00
426.81 -2238.96 412.18 0.53 -1.34 0.37 37969.00
425.31 -2237.45 419.19 0.28 -1.19 0.27 38000.00
423.49 -2237.02 425.86 0.14 -1.11 0.21 38032.00
419.73 -2236.83 431.91 0.05 -1.18 0.16 38063.00
415.33 -2237.17 437.90 -0.09 -1.41 0.10 38094.00
411.28 -2238.99 444.01 -0.20 -1.43 0.05 38125.00
407.52 -2241.82 451.04 -0.13 -1.45 0.07 38157.00
405.19 -2244.62 458.28 -0.11 -1.41 0.09 38188.00
402.58 -2247.65 465.57 -0.15 -1.27 0.07 38219.00
399.57 -2250.87 473.37 -0.19 -1.08 0.10 38250.00
396.85 -2254.45 481.01 -0.21 -0.91 0.14 38282.00
394.84 -2257.75 488.23 -0.24 -0.76 0.23 38313.00
393.81 -2260.87 495.77 -0.28 -0.53 0.29 38344.00
393.64 -2263.61 502.65 -0.34 -0.28 0.37 38375.00
392.78 -2266.05 508.43 -0.34 -0.10 0.39 38406.00
390.06 -2266.98 513.29 -0.48 0.00 0.41 38437.00
387.89 -2268.77 517.20 -0.70 0.02 0.46 38468.00
386.53 -2271.03 520.17 -0.66 0.05 0.52 38499.00
385.93 -2273.16 522.57 -0.62 0.05 0.68 38531.00
386.64 -2273.32 524.22 -0.58 0.15 0.54 38561.00
386.98 -2273.63 525.74 -0.67 0.10 0.43 38592.00
387.26 -2275.09 527.33 -0.76 -0.05 0.40 38624.00
390.03 -2278.07 529.12 -0.74 -0.15 0.42 38654.00
395.40 -2281.59 531.29 -0.52 -0.05 0.47 38685.00
401.50 -2284.24 533.50 -0.49 0.17 0.36 38717.00
406.08 -2287.16 535.29 -0.45 0.27 0.40 38748.00
409.65 -2290.15 536.84 -0.49 0.30 0.42 38778.00
413.16 -2293.67 538.12 -0.43 0.28 0.53 38809.00
418.13 -2297.12 539.52 -0.38 0.36 0.52 38840.00
423.85 -2300.25 540.91 -0.33 0.45 0.55 38871.00
429.42 -2302.36 542.21 -0.23 0.64 0.44 38902.00
433.31 -2303.55 542.57 -0.24 0.79 0.37 38933.00
435.96 -2304.48 541.78 -0.25 0.75 0.32 38965.00
438.60 -2304.93 540.58 -0.33 0.70 0.13 38995.00
441.35 -2306.05 538.33 -0.37 0.80 -0.00 39026.00
444.53 -2307.81 534.68 -0.42 0.73 0.04 39058.00
448.87 -2310.10 531.15 -0.46 0.80 0.01 39089.00
453.58 -2313.42 526.88 -0.45 0.97 -0.01 39120.00
456.53 -2317.06 520.40 -0.35 0.95 -0.05 39151.00
455.94 -2320.66 512.45 -0.34 0.62 0.14 39183.00
452.66 -2324.88 504.74 -0.48 0.13 0.45 39214.00
450.95 -2330.67 497.29 -0.63 -0.26 0.68 39244.00
451.60 -2334.22 489.58 -0.45 -0.34 0.52 39275.00
452.78 -2338.26 481.71 -0.67 -0.26 0.53 39307.00
453.92 -2344.20 475.29 -0.60 -0.24 0.62 39337.00
454.74 -2349.65 469.48 -0.53 -0.18 0.68 39368.00
454.65 -2355.66 464.16 -0.61 -0.24 0.75 39399.00
453.66 -2362.69 459.76 -0.44 -0.32 0.84 39430.00
452.34 -2368.96 456.05 -0.21 -0.39 0.90 39461.00
452.57 -2376.21 452.22 -0.18 -0.44 0.90 39492.00
453.19 -2384.04 448.60 0.12 -0.29 0.83 39523.00
451.41 -2390.38 444.87 0.34 -0.43 1.00 39554.00
450.59 -2397.87 440.68 0.49 -0.72 1.08 39584.00
451.35 -2405.97 436.33 0.90 -0.67 1.14 39615.00
451.54 -2413.56 431.59 1.36 -0.79 1.52 39646.00
454.21 -2421.20 426.46 1.94 -0.82 2.02 39677.00
455.71 -2425.85 421.42 2.13 -0.49 1.67 39708.00
452.35 -2423.46 419.41 1.23 -0.49 1.24 39739.00
447.38 -2419.42 418.91 0.62 -0.71 0.98 39770.00
445.94 -2417.81 419.90 0.73 -0.85 0.86 39800.00
448.02 -2416.47 422.33 0.97 -0.64 0.70 39831.00
452.03 -2415.55 425.24 0.92 -0.35 0.67 39863.00
455.83 -2414.84 427.75 0.86 -0.13 0.75 39894.00
458.59 -2414.07 429.46 0.84 -0.01 0.78 39925.00
459.92 -2412.81 430.45 0.77 0.02 0.77 39956.00
459.87 -2411.45 431.02 0.71 -0.04 0.76 39987.00
459.40 -2410.12 431.21 0.69 -0.13 0.72 40017.00
458.80 -2408.95 431.32 0.64 -0.18 0.72 40048.00
458.16 -2408.24 431.34 0.66 -0.21 0.75 40079.00
457.75 -2407.81 431.19 0.67 -0.25 0.76 40110.00
457.28 -2407.67 431.20 0.66 -0.27 0.80 40141.00
456.97 -2407.78 431.35 0.67 -0.26 0.84 40172.00
456.71 -2407.94 431.40 0.67 -0.25 0.86 40203.00
456.49 -2408.02 431.39 0.67 -0.25 0.87 40233.00
456.21 -2408.15 431.41 0.66 -0.24 0.92 40264.00
455.92 -2408.42 431.26 0.71 -0.23 0.94 40295.00
455.19 -2408.22 431.02 0.72 -0.26 0.95 40326.00
454.55 -2407.88 430.80 0.68 -0.32 0.94 40357.00
454.73 -2407.71 430.75 0.69 -0.35 0.97 40388.00
455.53 -2407.49 430.81 0.68 -0.27 0.93 40419.00
455.77 -2407.08 430.87 0.66 -0.21 0.91 40450.00
455.43 -2406.66 430.86 0.64 -0.20 0.92 40480.00
455.10 -2406.13 430.74 0.64 -0.21 0.91 40511.00
454.49 -2405.44 430.59 0.62 -0.21 0.87 40543.00
453.72 -2404.90 430.41 0.59 -0.24 0.86 40573.00
453.00 -2404.45 430.21 0.59 -0.27 0.84 40604.00
452.46 -2404.03 429.97 0.58 -0.29 0.84 40635.00
451.92 -2403.70 429.78 0.57 -0.31 0.84 40666.00
451.38 -2403.44 429.65 0.55 -0.33 0.83 40696.00
450.93 -2403.45 429.59 0.54 -0.37 0.85 40727.00
450.64 -2403.63 429.69 0.54 -0.39 0.89 40759.00
450.32 -2403.96 429.90 0.56 -0.40 0.90 40790.00
450.06 -2404.20 430.19 0.58 -0.39 0.92 40820.00
449.69 -2404.45 430.47 0.59 -0.39 0.93 40851.00
449.36 -2404.42 430.73 0.60 -0.40 0.90 40882.00
449.07 -2404.35 431.03 0.59 -0.38 0.91 40912.00
448.53 -2404.33 431.32 0.61 -0.40 0.91 40943.00
448.27 -2404.10 431.63 0.61 -0.41 0.85 40974.00
448.25 -2403.83 431.95 0.58 -0.41 0.86 41005.00
448.33 -2403.83 432.36 0.58 -0.39 0.84 41036.00
448.43 -2403.73 432.75 0.57 -0.36 0.85 41067.00
447.80 -2404.21 432.64 0.56 -0.31 0.87 41098.00
446.84 -2404.06 432.60 0.58 -0.33 0.84 41128.00
445.88 -2403.71 432.38 0.55 -0.37 0.95 41159.00
443.86 -2405.14 432.53 0.68 -0.52 0.77 41190.00
444.07 -2404.10 432.47 0.56 -0.40 0.78 41221.00
444.35 -2404.43 432.55 0.57 -0.44 0.87 41252.00
444.19 -2404.65 432.67 0.59 -0.39 0.85 41283.00
443.46 -2404.99 432.87 0.60 -0.42 0.90 41314.00
442.62 -2405.63 433.05 0.60 -0.45 0.90 41345.00
440.93 -2406.60 433.48 0.63 -0.51 0.92 41375.00
442.05 -2406.40 434.36 0.60 -0.50 0.80 41406.00
442.45 -2407.09 434.39 0.56 -0.43 0.81 41437.00
442.65 -2407.17 434.47 0.67 -0.43 0.86 41467.00
442.17 -2406.57 434.43 0.66 -0.45 0.84 41498.00
446.59 -2405.10 435.07 0.58 -0.48 0.41 41529.00
445.47 -2404.30 435.23 0.54 -0.45 0.82 41560.00
445.31 -2404.33 435.39 0.56 -0.44 0.86 41591.00
445.14 -2404.25 435.59 0.57 -0.45 0.86 41622.00
445.05 -2404.18 435.74 0.54 -0.45 0.85 41653.00
444.92 -2404.26 435.97 0.54 -0.47 0.88 41683.00
444.83 -2404.29 436.27 0.55 -0.47 0.88 41714.00
444.81 -2404.29 436.55 0.55 -0.47 0.88 41745.00
444.83 -2404.14 436.88 0.56 -0.48 0.94 41776.00
444.93 -2403.43 437.38 0.55 -0.44 0.87 41806.00
444.62 -2403.15 437.84 0.49 -0.43 0.84 41837.00
444.42 -2403.76 437.95 0.50 -0.47 0.89 41869.00
444.54 -2404.07 438.09 0.58 -0.49 0.89 41900.00
444.62 -2404.03 438.29 0.53 -0.46 0.85 41930.00
444.46 -2403.96 438.51 0.52 -0.47 0.90 41961.00
444.63 -2403.44 438.77 0.52 -0.49 0.89 41992.00
444.98 -2403.23 438.96 0.51 -0.47 0.87 42022.00
445.33 -2403.44 439.20 0.49 -0.45 0.89 42053.00
445.45 -2403.65 439.43 0.52 -0.43 0.90 42084.00
445.24 -2403.82 439.63 0.51 -0.41 0.91 42115.00
444.95 -2403.68 439.66 0.52 -0.43 0.98 42145.00
444.43 -2403.38 439.65 0.52 -0.45 0.85 42176.00
444.34 -2403.11 439.75 0.51 -0.48 0.91 42207.00
444.27 -2402.97 439.89 0.50 -0.46 0.87 42237.00
444.13 -2403.11 439.93 0.50 -0.47 0.87 42268.00
444.07 -2403.37 440.02 0.49 -0.48 0.88 42299.00
444.03 -2403.68 440.14 0.52 -0.47 0.90 42330.00
443.88 -2403.81 440.22 0.52 -0.46 0.87 42360.00
443.75 -2403.71 440.19 0.50 -0.49 0.90 42392.00
443.98 -2403.80 440.23 0.50 -0.52 0.88 42423.00
444.51 -2403.66 440.24 0.51 -0.53 0.86 42454.00
445.04 -2403.64 440.43 0.48 -0.48 0.85 42484.00
445.26 -2403.58 440.59 0.50 -0.46 0.88 42515.00
445.21 -2403.59 440.64 0.49 -0.45 0.89 42546.00
445.47 -2403.57 440.50 0.50 -0.50 0.90 42576.00
445.92 -2403.78 440.77 0.49 -0.44 0.89 42607.00
445.96 -2403.79 440.90 0.50 -0.41 0.89 42638.00
445.72 -2403.91 441.06 0.49 -0.41 0.91 42669.00
445.40 -2403.89 441.21 0.50 -0.42 0.91 42699.00
445.08 -2403.91 441.33 0.50 -0.43 0.94 42730.00
444.82 -2404.01 441.50 0.50 -0.43 0.93 42761.00
444.49 -2404.05 441.65 0.51 -0.41 0.92 42791.00
444.22 -2403.83 441.60 0.50 -0.44 0.92 42823.00
444.43 -2403.54 441.59 0.49 -0.46 0.90 42854.00
444.43 -2403.43 441.57 0.49 -0.46 0.89 42885.00
444.40 -2403.35 441.58 0.48 -0.48 0.89 42915.00
444.68 -2403.09 441.60 0.49 -0.50 0.93 42946.00
444.95 -2403.01 441.74 0.48 -0.49 0.86 42977.00
444.98 -2403.01 441.91 0.47 -0.44 0.88 43008.00
444.83 -2402.88 442.06 0.48 -0.45 0.88 43038.00
444.64 -2403.03 442.14 0.46 -0.45 0.89 43069.00
444.71 -2403.13 442.20 0.47 -0.47 0.90 43100.00
444.76 -2403.29 442.30 0.48 -0.44 0.90 43130.00
444.39 -2403.90 442.47 0.48 -0.41 0.91 43161.00
443.61 -2403.97 442.53 0.50 -0.43 0.88 43192.00
443.06 -2404.08 442.37 0.50 -0.48 0.91 43224.00
442.94 -2404.17 442.32 0.50 -0.50 0.92 43254.00
442.95 -2404.23 442.36 0.49 -0.49 0.88 43285.00
442.93 -2404.32 442.42 0.50 -0.47 0.91 43316.00
442.83 -2404.49 442.45 0.49 -0.48 0.91 43346.00
443.00 -2404.28 442.60 0.51 -0.49 0.87 43377.00
443.10 -2404.35 442.62 0.48 -0.46 0.87 43408.00
443.07 -2404.32 442.64 0.50 -0.49 0.88 43439.00
443.40 -2404.53 442.68 0.49 -0.45 0.88 43469.00
443.20 -2404.64 442.64 0.51 -0.41 0.91 43500.00
442.90 -2404.62 442.50 0.51 -0.46 0.91 43531.00
442.63 -2404.55 442.37 0.49 -0.47 0.89 43561.00
442.43 -2404.54 442.27 0.49 -0.48 0.88 43592.00
442.36 -2404.61 442.22 0.48 -0.49 0.88 43623.00
442.39 -2404.70 442.21 0.49 -0.48 0.89 43654.00
442.33 -2404.76 442.20 0.49 -0.48 0.89 43685.00
442.24 -2404.85 442.20 0.48 -0.49 0.88 43716.00
442.24 -2404.98 442.24 0.48 -0.50 0.89 43747.00
442.26 -2405.11 442.31 0.49 -0.50 0.90 43778.00
442.30 -2405.20 442.38 0.50 -0.49 0.91 43808.00
442.24 -2405.21 442.48 0.50 -0.48 0.92 43839.00
442.14 -2405.20 442.58 0.50 -0.48 0.90 43870.00
442.06 -2405.14 442.67 0.50 -0.47 0.89 43900.00
442.02 -2405.16 442.77 0.50 -0.46 0.88 43931.00
441.92 -2405.17 442.82 0.50 -0.45 0.88 43962.00
441.94 -2405.25 442.84 0.51 -0.46 0.90 43993.00
441.87 -2405.18 442.81 0.51 -0.47 0.90 44023.00
441.87 -2405.12 442.83 0.50 -0.47 0.89 44054.00
441.88 -2405.13 442.87 0.50 -0.47 0.87 44085.00
441.89 -2405.14 442.88 0.49 -0.45 0.87 44115.00
441.82 -2405.25 442.88 0.50 -0.47 0.88 44146.00
441.84 -2405.33 442.89 0.50 -0.48 0.89 44177.00
441.82 -2405.40 442.90 0.50 -0.47 0.90 44208.00
441.64 -2405.40 442.87 0.50 -0.47 0.89 44239.00
441.46 -2405.42 442.85 0.49 -0.48 0.89 44270.00
441.43 -2405.51 442.88 0.50 -0.48 0.89 44301.00
441.36 -2405.52 442.91 0.49 -0.48 0.88 44332.00
441.32 -2405.61 442.92 0.50 -0.48 0.89 44362.00
441.36 -2405.65 442.96 0.50 -0.47 0.86 44393.00
441.14 -2405.67 442.97 0.50 -0.47 0.89 44424.00
441.06 -2405.72 442.98 0.50 -0.49 0.89 44454.00
441.11 -2405.79 443.04 0.49 -0.48 0.89 44485.00
441.10 -2405.83 443.07 0.50 -0.46 0.89 44516.00
441.12 -2405.77 443.10 0.49 -0.46 0.90 44547.00
441.12 -2405.74 443.11 0.50 -0.42 0.90 44577.00
440.72 -2405.48 442.95 0.51 -0.43 0.90 44608.00
440.35 -2405.31 442.75 0.50 -0.48 0.89 44639.00
440.15 -2405.18 442.66 0.50 -0.51 0.91 44669.00
440.35 -2405.08 442.68 0.52 -0.48 0.86 44700.00
440.48 -2404.65 442.55 0.49 -0.46 0.83 44732.00
440.66 -2404.80 442.45 0.47 -0.49 0.85 44763.00

