-6.15 0.76 4.87 1.37 -0.79 1.81 4090.00
-10.16 4.51 7.78 1.53 -1.05 1.96 4121.00
-16.57 9.07 13.24 1.76 -1.75 1.97 4152.00
-20.16 14.27 20.74 1.87 -2.07 1.51 4182.00
-19.70 19.47 28.25 1.01 -1.57 0.92 4212.00
-18.05 23.63 36.00 0.58 -1.15 0.61 4243.00
-17.40 26.45 43.76 0.30 -0.92 0.37 4274.00
-17.93 28.51 51.26 0.26 -0.89 0.31 4304.00
-18.11 29.50 59.02 0.30 -0.92 0.25 4335.00
-18.08 30.49 67.03 0.30 -0.77 0.22 4367.00
-17.46 31.62 74.78 0.18 -0.62 0.29 4398.00
-16.43 32.25 82.29 0.03 -0.45 0.37 4428.00
-16.27 33.12 90.04 -0.10 -0.42 0.50 4459.00
-16.82 34.29 97.80 -0.15 -0.21 0.49 4490.00
-19.69 35.70 104.73 -0.20 -0.12 0.56 4520.00
-23.41 37.03 110.86 -0.30 -0.20 0.61 4551.00
-26.05 37.69 116.67 -0.24 -0.23 0.66 4582.00
-27.09 39.11 121.85 -0.19 -0.15 0.58 4613.00
-26.84 39.99 126.24 -0.18 -0.03 0.54 4643.00
-27.10 41.00 129.99 -0.12 0.11 0.48 4674.00
-27.79 41.51 132.92 -0.13 0.11 0.53 4705.00
-26.97 41.31 135.25 -0.16 0.10 0.54 4736.00
-24.82 40.42 137.30 -0.12 0.13 0.54 4766.00
-21.01 39.55 139.33 -0.07 0.19 0.54 4797.00
-16.14 39.23 141.03 -0.12 0.33 0.53 4828.00
-11.10 38.36 142.02 -0.21 0.50 0.48 4858.00
-6.43 37.71 141.94 -0.24 0.66 0.40 4889.00
-2.81 37.13 140.40 -0.34 0.75 0.38 4920.00
0.37 36.53 137.37 -0.39 0.84 0.30 4951.00
1.76 36.47 133.34 -0.49 0.76 0.28 4981.00
3.49 36.42 128.72 -0.59 0.55 0.30 5012.00
6.20 35.90 123.73 -0.66 0.44 0.31 5043.00
9.31 35.42 118.55 -0.70 0.34 0.29 5073.00
12.73 34.71 112.75 -0.79 0.27 0.25 5104.00
13.67 34.13 106.52 -0.83 0.27 0.27 5135.00
14.91 31.19 100.28 -0.92 -0.13 0.57 5166.00
21.43 29.02 94.53 -0.76 0.02 0.34 5197.00
22.09 27.02 87.51 -0.80 0.14 0.48 5228.00
24.13 23.28 81.18 -0.67 -0.31 0.55 5258.00
28.38 20.43 74.54 -0.42 -0.08 0.37 5289.00
29.66 16.01 68.21 -0.53 -0.21 0.59 5319.00
32.30 10.79 62.06 -0.40 -0.30 0.51 5350.00
34.13 4.69 55.62 -0.29 -0.35 0.65 5381.00
34.71 -1.93 50.84 -0.22 -0.31 0.74 5411.00
34.08 -9.25 46.04 -0.13 -0.50 1.00 5441.00
34.42 -16.69 41.23 0.16 -0.54 0.94 5472.00
33.86 -23.32 37.47 0.23 -0.63 1.14 5502.00
34.15 -31.12 33.86 0.37 -0.79 1.28 5533.00
35.98 -38.73 31.08 0.77 -0.59 1.13 5564.00
36.78 -44.89 28.29 0.94 -0.22 0.93 5594.00
35.66 -52.20 24.29 1.09 -0.26 1.08 5624.00
33.75 -59.92 18.95 1.52 -0.33 1.01 5656.00
29.53 -65.15 13.32 1.72 -0.37 0.95 5687.00
23.82 -67.97 8.06 1.54 -0.64 1.04 5718.00
19.11 -69.80 3.76 1.35 -0.89 1.14 5748.00
15.81 -69.89 1.14 1.19 -1.01 1.10 5778.00
13.52 -69.06 0.87 1.09 -1.07 0.99 5809.00
10.90 -67.89 2.71 1.07 -0.96 1.01 5839.00
8.09 -66.83 5.91 1.16 -1.02 1.07 5869.00
5.24 -65.72 10.76 1.33 -1.17 1.16 5900.00
3.66 -64.08 16.92 1.30 -1.16 1.17 5931.00
3.63 -61.99 23.13 1.30 -1.24 1.03 5960.00
4.22 -59.21 30.33 1.18 -1.22 0.81 5991.00
4.51 -56.84 38.08 1.02 -1.43 0.85 6022.00
6.05 -55.51 45.59 0.92 -1.52 0.83 6052.00
8.51 -53.69 53.35 0.87 -1.33 0.70 6083.00
9.80 -51.10 61.10 0.63 -1.09 0.61 6114.00
8.87 -48.69 68.86 0.30 -0.97 0.53 6145.00
6.02 -47.13 76.36 0.05 -0.91 0.49 6175.00
1.98 -46.38 84.12 0.02 -0.97 0.46 6206.00
-1.88 -46.16 92.13 -0.12 -0.97 0.44 6238.00
-3.92 -47.03 99.63 -0.18 -0.92 0.42 6268.00
-4.45 -47.96 107.39 -0.15 -0.84 0.37 6299.00
-4.17 -48.37 115.14 -0.22 -0.68 0.30 6330.00
-4.03 -48.82 122.90 -0.26 -0.40 0.32 6361.00
-5.52 -49.51 129.71 -0.29 -0.24 0.38 6391.00
-8.16 -50.37 135.44 -0.35 -0.26 0.47 6422.00
-10.10 -50.62 140.69 -0.38 -0.21 0.53 6453.00
-11.54 -51.59 145.17 -0.42 -0.22 0.61 6483.00
-11.18 -51.75 149.26 -0.34 -0.12 0.54 6514.00
-11.29 -51.18 152.99 -0.29 -0.03 0.41 6545.00
-12.10 -51.62 156.26 -0.24 -0.07 0.38 6576.00
-12.66 -52.23 159.24 -0.15 -0.13 0.34 6606.00
-11.63 -53.95 162.55 -0.12 -0.15 0.35 6637.00
-9.22 -56.02 166.18 -0.05 -0.02 0.47 6668.00
-6.51 -58.67 169.90 -0.06 0.15 0.69 6699.00
-2.86 -60.80 173.10 0.03 0.36 0.92 6728.00
2.07 -61.24 175.53 0.06 0.69 0.92 6759.00
6.63 -59.36 176.61 -0.07 0.88 0.60 6790.00
9.63 -56.94 176.16 -0.22 0.86 0.43 6820.00
12.11 -54.17 174.00 -0.27 0.72 0.26 6851.00
14.64 -50.66 170.79 -0.38 0.54 0.12 6883.00
19.46 -47.68 167.49 -0.46 0.34 -0.00 6914.00
26.37 -46.02 163.82 -0.61 0.39 -0.20 6944.00
33.40 -45.75 159.03 -0.84 0.42 -0.20 6975.00
40.56 -47.53 153.92 -0.94 0.33 -0.10 7006.00
47.91 -51.35 148.88 -0.91 0.32 -0.02 7036.00
54.18 -56.26 142.49 -0.91 0.33 0.17 7067.00
58.03 -62.89 135.52 -0.70 0.21 0.29 7099.00
59.00 -68.73 128.30 -0.48 0.05 0.47 7130.00
59.82 -75.04 120.93 -0.58 -0.09 0.53 7160.00
58.58 -81.03 113.18 -0.25 -0.16 0.43 7191.00
55.07 -85.76 105.43 -0.35 -0.45 0.63 7222.00
54.04 -91.86 97.93 -0.36 -0.75 0.70 7252.00
54.59 -98.16 90.17 -0.08 -0.81 0.65 7283.00
53.20 -102.18 83.08 -0.07 -0.69 0.59 7314.00
52.24 -108.63 75.81 -0.19 -0.95 0.75 7345.00
53.35 -116.72 68.92 0.09 -1.09 0.83 7376.00
56.76 -124.85 63.42 0.59 -1.09 0.89 7406.00
59.22 -132.57 59.23 0.99 -0.66 0.74 7437.00
58.35 -139.28 54.70 1.26 -0.64 0.98 7469.00
57.41 -146.44 48.29 1.51 -0.80 1.33 7499.00
56.34 -152.46 41.14 1.89 -1.05 1.57 7530.00
55.88 -154.25 35.72 1.94 -1.24 1.34 7561.00
53.07 -151.71 33.13 1.20 -1.09 0.78 7591.00
47.19 -148.06 33.19 0.67 -1.00 0.61 7622.00
41.20 -146.45 35.08 0.69 -1.19 0.75 7653.00
37.98 -146.47 38.17 0.91 -1.34 0.85 7684.00
37.38 -146.76 42.19 1.09 -1.31 0.86 7714.00
38.31 -146.68 46.83 1.05 -1.29 0.83 7744.00
40.44 -146.64 52.18 1.03 -1.27 0.80 7775.00
43.15 -146.06 57.65 1.02 -1.27 0.81 7805.00
45.71 -144.85 63.43 0.97 -1.19 0.79 7836.00
46.62 -142.81 68.99 0.87 -1.10 0.73 7866.00
45.49 -140.09 74.68 0.69 -1.13 0.66 7897.00
43.11 -137.44 80.61 0.51 -1.28 0.56 7928.00
40.70 -135.39 86.77 0.34 -1.41 0.47 7959.00
38.47 -134.08 93.31 0.16 -1.43 0.36 7990.00
37.14 -133.92 100.60 0.01 -1.47 0.33 8022.00
37.30 -134.83 108.06 -0.06 -1.27 0.29 8052.00
37.72 -136.34 116.07 -0.07 -0.92 0.32 8084.00
38.11 -138.05 123.80 -0.08 -0.82 0.35 8115.00
38.11 -139.46 131.12 -0.14 -0.70 0.42 8145.00
37.44 -141.00 138.67 -0.16 -0.60 0.49 8177.00
36.33 -141.33 145.29 -0.20 -0.50 0.41 8208.00
34.65 -141.50 151.48 -0.32 -0.40 0.40 8239.00
32.61 -142.15 157.18 -0.36 -0.33 0.44 8269.00
30.16 -142.72 162.00 -0.37 -0.32 0.49 8300.00
28.46 -142.88 166.18 -0.43 -0.35 0.47 8330.00
27.38 -143.21 170.11 -0.49 -0.29 0.49 8360.00
26.25 -143.52 173.70 -0.54 -0.22 0.52 8391.00
24.65 -143.86 176.73 -0.64 -0.23 0.49 8423.00
22.74 -144.30 179.37 -0.67 -0.23 0.49 8454.00
21.05 -144.94 181.72 -0.69 -0.29 0.49 8484.00
20.02 -145.55 184.06 -0.61 -0.25 0.42 8516.00
19.50 -146.96 186.17 -0.65 -0.26 0.45 8547.00
19.29 -148.73 188.20 -0.54 -0.20 0.52 8578.00
19.50 -150.36 190.21 -0.54 -0.22 0.61 8608.00
20.31 -151.67 192.46 -0.51 -0.20 0.70 8639.00
22.43 -152.38 194.97 -0.54 -0.19 0.73 8670.00
25.91 -153.32 197.73 -0.49 -0.08 0.74 8700.00
30.54 -153.87 200.89 -0.40 0.13 0.71 8731.00
34.73 -153.88 203.93 -0.43 0.35 0.65 8762.00
38.30 -154.11 206.81 -0.41 0.35 0.69 8793.00
42.28 -153.81 209.74 -0.37 0.46 0.58 8823.00
45.84 -152.83 211.99 -0.36 0.61 0.48 8854.00
48.64 -151.97 213.54 -0.38 0.64 0.38 8885.00
50.63 -151.07 214.34 -0.37 0.67 0.29 8916.00
51.29 -149.42 214.52 -0.37 0.62 0.20 8947.00
51.95 -148.26 214.38 -0.57 0.56 0.24 8978.00
50.60 -142.89 172.86 -0.71 0.03 0.09 9286.00
49.27 -139.01 165.58 -0.76 -0.14 0.05 9317.00
49.23 -135.84 157.84 -0.79 -0.37 0.14 9348.00
50.72 -132.50 150.39 -0.63 -0.33 0.11 9378.00
52.43 -129.65 142.39 -0.52 -0.34 0.14 9410.00
55.06 -127.07 134.64 -0.41 -0.47 0.11 9441.00
58.65 -124.62 126.88 -0.27 -0.59 0.04 9472.00
62.40 -122.37 119.13 -0.15 -0.54 0.02 9503.00
65.57 -121.26 111.38 0.00 -0.66 0.06 9534.00
68.58 -121.78 103.63 0.16 -0.77 0.04 9565.00
70.14 -123.50 95.87 0.23 -0.86 0.13 9596.00
71.49 -126.67 88.12 0.52 -1.11 0.33 9627.00
73.82 -130.22 80.37 0.85 -1.29 0.46 9658.00
78.11 -133.29 72.62 1.12 -1.23 0.42 9689.00
82.90 -136.55 65.11 1.30 -1.11 0.48 9719.00
88.32 -140.37 57.36 1.35 -0.87 0.55 9750.00
93.00 -143.90 49.76 1.79 -0.83 0.54 9782.00
94.95 -146.16 42.64 2.33 -0.95 0.64 9812.00
94.07 -145.28 37.16 2.09 -1.21 0.65 9843.00
90.68 -141.91 35.50 1.38 -1.25 0.44 9874.00
84.89 -138.55 36.78 0.91 -1.16 0.39 9905.00
79.41 -137.31 40.14 0.93 -1.33 0.63 9935.00
76.85 -138.37 44.65 1.14 -1.52 0.81 9966.00
77.73 -139.57 50.47 1.37 -1.61 0.84 9997.00
80.67 -139.57 57.50 1.25 -1.36 0.75 10028.00
83.25 -138.95 64.67 1.12 -1.25 0.64 10058.00
83.45 -137.82 72.12 1.16 -1.45 0.58 10089.00
82.21 -136.89 79.88 1.03 -1.60 0.50 10120.00
81.18 -136.48 87.38 0.87 -1.60 0.38 10150.00
81.09 -136.57 95.39 0.77 -1.56 0.30 10182.00
81.48 -136.84 103.14 0.70 -1.50 0.24 10213.00
81.33 -137.30 110.90 0.54 -1.30 0.17 10244.00
80.04 -137.96 118.65 0.32 -1.09 0.15 10275.00
78.33 -139.33 126.41 0.16 -0.99 0.14 10306.00
76.66 -141.40 134.42 0.07 -0.92 0.17 10338.00
74.93 -143.55 142.17 -0.05 -0.83 0.12 10369.00
73.25 -145.33 149.67 -0.17 -0.62 0.12 10400.00
71.33 -147.65 156.22 -0.29 -0.61 0.12 10431.00
69.85 -150.94 162.47 -0.36 -0.52 0.17 10462.00
68.89 -155.21 168.40 -0.31 -0.37 0.32 10492.00
68.06 -159.15 173.52 -0.23 -0.29 0.43 10523.00
66.93 -162.22 177.93 -0.21 -0.27 0.54 10554.00
65.57 -164.70 182.08 -0.26 -0.29 0.65 10585.00
64.98 -166.29 186.12 -0.22 -0.26 0.71 10615.00
64.53 -166.96 189.91 -0.20 -0.20 0.71 10646.00
64.60 -166.96 193.51 -0.25 -0.18 0.64 10678.00
64.95 -166.87 196.90 -0.31 -0.14 0.61 10708.00
66.17 -167.37 200.47 -0.31 -0.16 0.64 10739.00
69.52 -168.01 204.18 -0.31 -0.09 0.66 10770.00
73.78 -168.75 207.82 -0.29 0.06 0.65 10801.00
78.72 -169.19 211.27 -0.28 0.18 0.61 10831.00
84.15 -169.30 214.76 -0.27 0.32 0.50 10862.00
90.06 -169.42 218.73 -0.25 0.34 0.47 10893.00
96.87 -168.65 222.82 -0.23 0.67 0.25 10924.00
101.23 -167.66 224.77 -0.37 0.87 0.22 10955.00
106.45 -167.49 225.41 -0.34 0.68 0.24 10986.00
111.34 -166.05 225.31 -0.38 0.89 -0.02 11018.00
114.54 -165.54 224.50 -0.56 0.79 0.14 11048.00
121.19 -166.31 224.44 -0.48 0.61 0.09 11079.00
128.94 -167.43 224.24 -0.52 0.86 -0.18 11111.00
136.09 -169.22 223.28 -0.56 1.04 -0.26 11142.00
141.51 -171.70 221.47 -0.63 0.88 -0.25 11172.00
146.34 -175.99 217.76 -0.65 0.78 -0.25 11204.00
148.75 -180.99 212.19 -0.68 0.70 -0.13 11235.00
149.03 -186.11 205.13 -0.63 0.47 0.06 11266.00
149.18 -191.37 198.16 -0.60 0.22 0.21 11296.00
150.45 -196.47 190.67 -0.60 0.12 0.20 11328.00
152.05 -201.75 183.16 -0.59 0.15 0.20 11359.00
152.35 -207.13 175.66 -0.49 0.07 0.22 11389.00
150.65 -212.81 167.65 -0.49 -0.04 0.27 11421.00
148.07 -218.50 159.90 -0.55 -0.26 0.38 11452.00
144.82 -224.91 152.15 -0.51 -0.57 0.49 11483.00
142.83 -230.41 144.65 -0.34 -0.54 0.34 11513.00
142.43 -238.21 136.89 -0.43 -0.75 0.68 11544.00
142.65 -246.89 129.32 -0.05 -0.86 0.77 11576.00
145.19 -254.89 122.49 0.27 -0.64 0.70 11607.00
147.86 -262.30 115.36 0.52 -0.91 1.10 11637.00
150.94 -270.30 109.13 1.08 -0.99 0.96 11668.00
152.59 -276.13 103.62 1.32 -0.67 0.86 11699.00
152.98 -282.81 96.50 1.30 -0.54 0.99 11729.00
151.58 -290.55 88.49 1.77 -0.69 1.16 11761.00
149.25 -294.73 81.48 2.16 -0.99 1.21 11792.00
145.69 -294.11 76.30 1.47 -1.16 0.94 11823.00
140.84 -292.03 74.44 0.75 -1.18 0.81 11853.00
136.27 -291.42 76.46 0.62 -1.13 0.82 11884.00
132.97 -291.59 80.16 1.04 -1.05 0.88 11915.00
130.58 -291.25 84.49 1.26 -1.03 0.90 11945.00
128.38 -290.52 89.54 1.23 -1.00 0.86 11976.00
126.02 -289.25 95.10 1.19 -1.10 0.83 12007.00
123.63 -287.60 101.17 1.22 -1.46 0.78 12038.00
122.00 -285.80 107.93 0.99 -1.46 0.60 12068.00
120.25 -284.00 115.88 0.89 -1.54 0.49 12100.00
118.95 -283.03 123.64 0.63 -1.54 0.43 12131.00
119.20 -283.23 131.40 0.47 -1.44 0.36 12162.00
119.86 -283.59 139.15 0.42 -1.16 0.22 12193.00
119.12 -283.58 146.62 0.22 -0.86 0.19 12224.00
115.41 -283.95 153.01 -0.06 -0.99 0.17 12256.00
110.92 -285.48 159.28 -0.14 -1.27 0.20 12286.00
107.49 -288.47 166.27 -0.09 -1.27 0.15 12318.00
105.03 -291.96 172.61 -0.05 -1.24 0.14 12349.00
103.99 -295.69 179.32 -0.08 -1.16 0.13 12381.00
103.81 -299.11 185.87 -0.12 -0.94 0.18 12411.00
103.44 -302.01 192.55 -0.18 -0.73 0.15 12443.00
102.28 -304.48 198.68 -0.25 -0.56 0.18 12474.00
100.89 -307.02 204.54 -0.28 -0.52 0.27 12505.00
100.57 -308.99 210.09 -0.32 -0.38 0.29 12535.00
99.96 -311.12 215.29 -0.36 -0.23 0.31 12566.00
99.11 -313.21 220.05 -0.40 -0.14 0.38 12597.00
96.86 -315.42 223.85 -0.50 -0.13 0.40 12628.00
94.52 -318.54 226.91 -0.39 -0.24 0.50 12659.00
93.20 -320.28 230.06 -0.31 -0.33 0.63 12690.00
93.47 -321.19 233.43 -0.36 -0.29 0.59 12721.00
94.93 -322.70 236.61 -0.36 -0.27 0.63 12751.00
97.38 -324.02 240.20 -0.32 -0.25 0.68 12782.00
100.79 -324.98 244.13 -0.34 -0.15 0.67 12813.00
104.53 -325.66 247.94 -0.29 0.04 0.69 12844.00
108.25 -325.68 251.57 -0.31 0.17 0.65 12874.00
112.33 -325.73 255.21 -0.31 0.33 0.61 12905.00
116.54 -325.54 258.13 -0.29 0.43 0.54 12936.00
121.11 -324.78 260.48 -0.31 0.54 0.45 12967.00
125.94 -323.90 262.21 -0.37 0.70 0.34 12998.00
130.74 -323.10 263.13 -0.42 0.75 0.18 13029.00
136.49 -322.69 263.39 -0.40 0.68 0.14 13061.00
143.55 -322.17 263.53 -0.33 0.56 -0.03 13091.00
150.63 -321.53 263.86 -0.33 0.51 -0.30 13123.00
157.82 -321.32 264.59 -0.47 0.61 -0.49 13154.00
165.25 -322.42 265.20 -0.62 0.79 -0.57 13185.00
172.20 -324.92 264.75 -0.64 0.94 -0.50 13215.00
175.90 -328.48 262.33 -0.68 0.93 -0.33 13246.00
177.50 -333.39 258.12 -0.69 0.72 -0.12 13277.00
178.51 -338.74 252.42 -0.59 0.53 -0.01 13308.00
177.94 -343.76 245.25 -0.69 0.36 0.15 13339.00
177.70 -349.92 237.70 -0.68 0.15 0.23 13371.00
178.18 -354.98 229.96 -0.50 0.08 0.23 13402.00
178.95 -360.07 222.65 -0.70 0.04 0.27 13432.00
180.43 -367.32 214.77 -0.64 -0.04 0.37 13464.00
180.09 -374.20 207.02 -0.44 -0.11 0.45 13495.00
177.65 -380.04 199.27 -0.42 -0.39 0.51 13526.00
175.83 -385.48 191.77 -0.43 -0.61 0.49 13556.00
174.60 -392.99 184.02 -0.47 -0.90 0.77 13587.00
174.31 -400.39 177.22 -0.22 -1.06 0.85 13618.00
176.47 -407.54 170.92 -0.16 -1.04 0.76 13649.00
179.63 -415.82 163.88 0.05 -1.03 0.97 13680.00
181.54 -424.13 158.58 0.66 -1.17 1.02 13711.00
184.25 -432.02 153.46 1.09 -0.96 0.84 13742.00
187.49 -439.46 146.44 1.05 -0.64 0.71 13772.00
190.39 -447.45 138.69 1.17 -0.42 0.58 13803.00
191.28 -455.48 130.69 1.67 -0.38 0.55 13835.00
191.10 -462.48 123.87 2.06 -0.43 0.85 13865.00
189.76 -465.64 119.87 1.97 -0.58 0.92 13897.00
186.85 -464.75 119.31 1.35 -0.59 0.83 13928.00
183.27 -462.73 120.82 1.06 -0.63 0.73 13959.00
179.68 -460.74 124.31 1.22 -0.71 0.75 13990.00
176.99 -458.74 129.30 1.31 -0.73 0.89 14021.00
175.97 -456.20 135.14 1.49 -0.76 0.87 14052.00
175.92 -452.38 141.47 1.52 -0.78 0.87 14084.00
176.38 -448.43 147.25 1.37 -0.93 0.88 14114.00
177.28 -444.48 153.46 1.26 -1.10 0.80 14145.00
177.43 -440.43 160.36 1.14 -1.11 0.71 14176.00
176.63 -436.35 167.56 0.99 -1.16 0.63 14206.00
174.92 -432.28 175.07 0.65 -1.14 0.53 14237.00
172.70 -429.32 182.59 0.35 -1.18 0.42 14268.00
170.31 -427.55 190.60 0.16 -1.19 0.33 14300.00
167.64 -427.28 198.10 0.11 -1.18 0.28 14330.00
164.38 -428.02 206.11 0.14 -1.26 0.24 14362.00
161.71 -429.68 213.87 0.09 -1.26 0.19 14393.00
159.28 -432.62 221.87 0.09 -1.12 0.29 14425.00
157.02 -435.01 229.38 0.07 -1.01 0.36 14455.00
155.24 -436.95 237.13 -0.07 -0.88 0.28 14486.00
153.72 -438.57 244.76 -0.19 -0.62 0.27 14518.00
152.26 -440.23 251.49 -0.33 -0.46 0.33 14548.00
150.51 -442.40 257.90 -0.34 -0.35 0.38 14579.00
148.82 -443.83 263.09 -0.33 -0.23 0.40 14610.00
146.23 -444.71 267.15 -0.44 -0.25 0.37 14641.00
143.39 -446.52 270.38 -0.51 -0.33 0.43 14671.00
141.04 -448.30 273.26 -0.45 -0.35 0.52 14702.00
139.80 -449.77 276.14 -0.40 -0.41 0.54 14733.00
140.05 -451.00 279.08 -0.38 -0.37 0.50 14764.00
140.54 -452.39 282.08 -0.32 -0.35 0.52 14794.00
141.50 -453.28 285.54 -0.33 -0.31 0.48 14825.00
144.21 -454.91 289.07 -0.31 -0.29 0.59 14857.00
148.26 -456.52 292.57 -0.32 -0.14 0.77 14887.00
153.98 -457.53 296.38 -0.34 0.02 0.70 14918.00
160.67 -458.52 301.05 -0.24 0.17 0.71 14949.00
167.70 -457.75 306.18 -0.17 0.40 0.49 14980.00
172.53 -456.77 310.33 -0.26 0.63 0.49 15011.00
176.79 -455.61 313.41 -0.30 0.70 0.41 15042.00
180.86 -454.23 315.24 -0.26 0.77 0.29 15073.00
184.58 -452.40 315.68 -0.33 0.79 0.19 15105.00
188.42 -450.84 315.50 -0.41 0.74 0.06 15135.00
193.68 -449.98 314.97 -0.46 0.67 -0.03 15167.00
200.70 -450.10 314.42 -0.46 0.57 -0.11 15198.00
207.72 -450.94 313.76 -0.42 0.54 -0.31 15228.00
215.17 -451.98 312.51 -0.42 0.62 -0.49 15260.00
222.37 -453.02 310.41 -0.52 0.67 -0.48 15291.00
227.72 -454.98 307.26 -0.75 0.69 -0.49 15322.00
230.33 -458.52 302.93 -0.90 0.61 -0.36 15352.00
231.88 -464.09 297.46 -1.03 0.35 -0.08 15383.00
233.60 -471.65 291.26 -0.86 0.23 0.15 15415.00
233.34 -478.03 285.54 -0.78 0.12 0.32 15446.00
234.33 -484.07 280.39 -0.85 0.01 0.39 15477.00
235.56 -489.30 274.97 -0.87 0.06 0.41 15508.00
236.83 -495.52 270.13 -0.89 0.01 0.47 15540.00
238.90 -501.81 265.41 -0.75 0.04 0.50 15570.00
238.98 -507.76 260.04 -0.66 0.01 0.56 15601.00
238.29 -514.17 254.20 -0.60 -0.14 0.57 15632.00
238.04 -521.24 247.81 -0.52 -0.25 0.64 15663.00
236.50 -528.88 241.58 -0.38 -0.43 0.81 15693.00
235.03 -536.66 235.31 -0.12 -0.61 0.74 15724.00
234.65 -544.69 227.62 0.01 -0.63 0.78 15756.00
234.35 -553.10 220.27 0.31 -0.72 0.76 15787.00
234.16 -561.12 213.48 0.71 -0.58 0.58 15817.00
234.20 -569.03 205.72 1.03 -0.42 0.60 15848.00
233.90 -576.75 197.97 1.47 -0.34 0.65 15879.00
234.02 -584.41 190.22 2.12 -0.36 0.77 15910.00
235.59 -591.24 182.47 2.89 -0.50 0.98 15941.00
235.18 -593.19 174.47 2.32 -0.72 0.83 15973.00
231.96 -592.68 168.37 1.37 -0.95 0.60 16004.00
227.07 -591.47 167.30 0.76 -0.95 0.53 16034.00
223.03 -591.80 172.73 0.72 -0.69 0.62 16065.00
219.92 -593.14 179.02 1.26 -0.49 0.84 16096.00
218.07 -593.95 183.10 1.43 -0.33 0.95 16128.00
216.97 -592.96 186.94 1.44 -0.40 0.87 16158.00
215.85 -590.86 191.10 1.42 -0.52 0.78 16189.00
214.28 -588.26 195.47 1.34 -0.71 0.75 16221.00
212.27 -585.67 200.27 1.29 -0.92 0.70 16251.00
209.99 -582.72 206.25 1.27 -1.14 0.63 16282.00
208.36 -579.84 213.25 1.17 -1.26 0.53 16313.00
207.50 -577.48 220.90 1.13 -1.42 0.39 16344.00
207.27 -575.94 228.66 0.92 -1.44 0.36 16375.00
206.75 -575.20 236.42 0.69 -1.33 0.28 16406.00
204.58 -574.87 244.17 0.58 -1.21 0.25 16437.00
199.79 -574.08 251.93 0.42 -1.16 0.22 16468.00
193.67 -573.60 259.68 0.18 -1.18 0.10 16499.00
188.35 -575.16 267.69 -0.03 -1.12 -0.03 16531.00
184.29 -579.00 275.45 -0.15 -1.08 -0.03 16562.00
181.65 -584.19 283.20 -0.12 -0.85 0.02 16593.00
180.43 -589.15 290.49 -0.11 -0.70 0.11 16624.00
180.10 -592.94 296.60 -0.21 -0.62 0.21 16656.00
179.97 -595.48 302.16 -0.45 -0.51 0.18 16687.00
178.58 -598.58 307.23 -0.53 -0.39 0.28 16717.00
175.14 -601.54 311.40 -0.45 -0.40 0.30 16748.00
170.92 -602.95 315.36 -0.37 -0.49 0.28 16779.00
165.91 -604.53 318.37 -0.43 -0.53 0.19 16811.00
163.30 -606.99 320.67 -0.46 -0.75 0.32 16841.00
164.12 -610.25 324.12 -0.36 -0.74 0.36 16872.00
167.92 -613.23 328.91 -0.19 -0.57 0.36 16904.00
173.62 -615.64 333.91 -0.14 -0.32 0.38 16934.00
180.56 -618.51 338.97 -0.07 -0.07 0.54 16965.00
186.38 -620.00 344.20 -0.13 0.09 0.44 16996.00
191.17 -621.92 349.50 -0.07 0.31 0.53 17027.00
193.44 -622.55 353.02 -0.10 0.50 0.64 17057.00
194.01 -622.82 355.58 -0.26 0.56 0.72 17088.00
194.87 -622.86 357.59 -0.33 0.59 0.77 17119.00
197.43 -622.17 358.82 -0.40 0.63 0.67 17149.00
201.35 -620.94 359.68 -0.50 0.74 0.49 17180.00
205.93 -620.19 359.92 -0.56 0.80 0.36 17212.00
211.73 -619.76 359.20 -0.51 0.77 0.26 17243.00
217.37 -618.80 356.93 -0.50 0.77 0.11 17273.00
223.08 -617.40 353.76 -0.54 0.56 0.08 17305.00
229.14 -616.30 350.77 -0.67 0.49 -0.01 17336.00
234.47 -616.04 347.33 -0.84 0.57 0.00 17367.00
238.68 -617.29 342.84 -0.95 0.60 0.20 17398.00
243.15 -619.36 337.41 -0.82 0.41 0.34 17429.00
249.52 -620.34 330.94 -0.57 0.33 0.10 17461.00
253.04 -619.32 323.89 -0.59 0.30 -0.00 17491.00
255.57 -618.57 316.13 -0.67 0.08 -0.07 17522.00
257.83 -619.39 308.13 -0.66 -0.16 -0.10 17554.00
260.13 -620.22 300.38 -0.56 -0.35 -0.04 17585.00
264.07 -622.02 292.63 -0.58 -0.49 -0.02 17616.00
269.64 -624.59 284.87 -0.40 -0.29 -0.18 17647.00
271.83 -628.76 277.12 -0.53 -0.22 -0.11 17678.00
272.09 -637.83 269.12 -0.55 -0.45 0.09 17710.00
273.49 -647.57 261.61 0.13 -0.53 0.17 17740.00
274.52 -655.88 253.86 0.69 -0.56 0.16 17771.00
273.47 -663.36 245.86 1.17 -0.86 0.38 17803.00
275.05 -670.32 238.36 1.50 -1.25 0.67 17833.00
280.06 -676.36 230.61 1.21 -0.94 0.44 17864.00
284.86 -680.79 223.12 1.48 -0.67 0.46 17895.00
288.58 -683.52 216.08 1.67 -0.46 0.50 17927.00
290.76 -685.33 209.81 2.04 -0.32 0.46 17957.00
290.94 -687.25 201.93 2.49 -0.46 0.46 17989.00
288.95 -687.36 194.37 2.00 -0.79 0.42 18020.00
285.32 -686.53 189.88 1.37 -1.12 0.55 18052.00
282.59 -686.14 190.83 0.94 -1.07 0.57 18082.00
280.80 -686.77 195.23 1.15 -0.96 0.61 18113.00
279.63 -687.26 200.71 1.42 -0.83 0.67 18144.00
279.09 -687.30 206.80 1.42 -0.65 0.65 18174.00
278.80 -687.19 213.34 1.50 -0.61 0.65 18206.00
278.52 -686.57 219.17 1.42 -0.66 0.64 18237.00
278.51 -685.38 224.42 1.34 -0.90 0.62 18268.00
279.52 -683.69 230.59 1.23 -1.02 0.48 18299.00
280.72 -681.92 237.11 1.17 -1.08 0.39 18330.00
281.91 -680.33 243.68 1.21 -1.32 0.33 18361.00
284.33 -679.62 251.06 0.88 -1.15 0.21 18393.00
286.25 -679.20 258.30 0.82 -0.99 0.11 18423.00
285.75 -678.22 265.37 0.65 -0.88 0.09 18454.00
282.52 -677.28 272.55 0.29 -0.96 0.05 18486.00
279.76 -678.97 279.55 0.10 -1.16 0.11 18516.00
277.21 -682.55 286.90 0.19 -1.23 0.12 18548.00
274.85 -685.83 293.65 0.21 -1.28 0.17 18579.00
273.32 -689.34 300.74 0.10 -1.25 0.17 18611.00
272.46 -692.66 307.37 0.09 -1.16 0.18 18641.00
271.90 -695.72 314.10 0.04 -1.09 0.16 18673.00
272.18 -698.82 320.42 -0.08 -1.03 0.20 18704.00
273.37 -702.45 326.95 -0.14 -0.85 0.24 18736.00
274.77 -705.40 333.25 -0.15 -0.65 0.31 18766.00
276.03 -708.02 339.49 -0.27 -0.51 0.42 18797.00
277.01 -710.62 345.08 -0.33 -0.43 0.47 18828.00
277.42 -712.65 350.20 -0.34 -0.35 0.51 18859.00
277.10 -714.12 354.80 -0.37 -0.26 0.61 18889.00
276.05 -715.45 359.12 -0.39 -0.22 0.76 18920.00
274.54 -714.66 362.95 -0.47 -0.21 0.64 18952.00
273.03 -714.20 366.03 -0.55 -0.23 0.63 18982.00
271.59 -713.81 368.72 -0.58 -0.30 0.58 19013.00
271.10 -713.98 371.17 -0.51 -0.31 0.58 19044.00
271.75 -714.25 373.69 -0.47 -0.33 0.60 19075.00
274.55 -714.50 376.38 -0.48 -0.37 0.62 19105.00
278.80 -714.61 379.65 -0.46 -0.18 0.56 19136.00
282.58 -714.68 383.31 -0.53 -0.07 0.56 19167.00
286.38 -715.35 386.80 -0.46 0.03 0.59 19197.00
290.68 -715.53 390.36 -0.41 0.17 0.56 19228.00
294.93 -715.85 393.70 -0.34 0.32 0.53 19259.00
299.03 -716.40 396.76 -0.28 0.37 0.58 19290.00
304.88 -715.80 400.37 -0.18 0.50 0.45 19321.00
311.82 -714.31 403.57 -0.24 0.64 0.25 19352.00
319.29 -713.41 405.55 -0.32 0.64 0.11 19383.00
327.05 -712.77 407.03 -0.31 0.75 -0.08 19415.00
333.19 -712.32 407.39 -0.40 0.78 -0.12 19445.00
339.06 -712.76 406.72 -0.52 0.70 -0.13 19477.00
343.95 -714.17 404.78 -0.53 0.78 -0.15 19508.00
347.22 -715.87 401.56 -0.53 0.72 -0.09 19538.00
351.00 -717.92 396.81 -0.57 0.61 -0.16 19570.00
353.48 -720.06 390.38 -0.66 0.59 -0.21 19601.00
354.20 -722.57 383.20 -0.77 0.37 -0.12 19632.00
355.82 -727.01 376.12 -0.86 0.04 0.13 19663.00
359.23 -732.70 369.05 -0.81 -0.07 0.25 19694.00
361.56 -737.74 362.54 -0.90 -0.17 0.38 19725.00
365.83 -743.76 356.92 -0.94 -0.26 0.41 19757.00
370.84 -749.46 351.16 -0.61 0.01 0.35 19787.00
373.28 -756.67 344.30 -0.65 0.07 0.49 19819.00
375.31 -764.89 337.07 -0.42 0.05 0.48 19850.00
375.00 -772.70 329.57 -0.28 -0.05 0.58 19880.00
371.45 -781.02 321.82 -0.01 -0.35 0.63 19911.00
367.30 -788.14 314.06 0.14 -0.69 0.64 19942.00
364.63 -796.09 306.06 0.22 -0.97 0.80 19974.00
363.48 -804.11 298.56 0.66 -1.03 0.75 20004.00
364.16 -812.19 290.81 1.08 -0.84 0.64 20035.00
365.10 -820.09 283.05 1.47 -0.63 0.64 20066.00
364.83 -827.83 275.30 2.02 -0.49 0.75 20097.00
364.51 -834.72 267.55 3.03 -0.64 1.03 20128.00
364.40 -837.44 259.80 2.83 -1.04 0.86 20159.00
362.02 -836.59 252.29 1.55 -1.25 0.49 20190.00
357.53 -834.72 248.74 0.73 -1.26 0.49 20221.00
354.68 -835.70 251.88 0.48 -1.02 0.56 20252.00
353.68 -837.84 258.87 1.11 -0.72 0.64 20283.00
353.63 -838.73 264.40 1.65 -0.49 0.65 20315.00
354.38 -837.77 268.02 1.42 -0.38 0.57 20345.00
355.11 -836.27 271.68 1.25 -0.55 0.57 20377.00
355.67 -834.77 275.88 1.33 -0.77 0.59 20408.00
355.37 -832.81 281.14 1.35 -0.92 0.66 20439.00
354.93 -829.90 287.41 1.37 -1.13 0.78 20469.00
355.84 -825.41 295.14 1.36 -1.25 0.61 20500.00
359.00 -820.26 302.89 1.21 -1.34 0.62 20531.00
362.84 -816.03 310.65 0.92 -1.11 0.51 20562.00
363.54 -811.62 318.41 0.78 -0.99 0.55 20593.00
360.62 -807.41 326.16 0.47 -1.04 0.52 20624.00
356.34 -804.35 334.17 0.20 -1.13 0.46 20656.00
351.20 -802.44 341.67 0.03 -1.07 0.33 20686.00
344.98 -801.49 349.68 -0.11 -1.01 0.24 20718.00
338.70 -802.04 357.44 -0.18 -0.89 0.13 20749.00
332.80 -804.25 365.32 -0.20 -0.88 0.13 20781.00
328.93 -807.09 372.73 -0.25 -0.84 0.17 20811.00
326.12 -810.42 380.09 -0.29 -0.70 0.22 20842.00
323.71 -813.64 387.13 -0.37 -0.64 0.31 20874.00
321.88 -816.24 393.68 -0.48 -0.48 0.35 20904.00
319.18 -818.69 399.98 -0.49 -0.30 0.40 20935.00
315.11 -819.96 404.90 -0.57 -0.31 0.38 20966.00
311.05 -821.66 409.17 -0.67 -0.35 0.34 20997.00
307.70 -823.78 413.01 -0.59 -0.37 0.48 21028.00
306.23 -825.43 416.48 -0.57 -0.34 0.52 21059.00
307.08 -826.80 419.47 -0.50 -0.20 0.58 21090.00
307.73 -827.09 421.45 -0.52 -0.07 0.49 21121.00
308.92 -827.50 423.19 -0.69 -0.06 0.45 21151.00
309.24 -829.15 424.94 -0.60 -0.15 0.58 21183.00
309.96 -829.02 427.12 -0.57 -0.24 0.46 21214.00
312.75 -829.34 429.60 -0.67 -0.26 0.44 21244.00
318.32 -830.92 432.50 -0.57 -0.08 0.42 21276.00
323.81 -832.94 435.48 -0.47 0.10 0.38 21307.00
327.44 -834.20 438.04 -0.43 0.21 0.39 21338.00
331.16 -835.53 440.23 -0.40 0.17 0.39 21368.00
335.46 -837.21 442.35 -0.35 0.22 0.33 21399.00
339.27 -838.91 443.96 -0.33 0.36 0.27 21430.00
341.81 -841.33 444.97 -0.43 0.46 0.29 21459.00
344.47 -845.23 446.36 -0.33 0.57 0.52 21491.00
348.14 -846.46 447.86 -0.22 0.70 0.51 21522.00
354.04 -845.98 448.45 -0.35 0.85 0.25 21554.00
360.40 -845.17 447.50 -0.53 0.89 0.04 21584.00
367.59 -844.97 445.91 -0.62 0.81 -0.12 21615.00
375.59 -846.24 445.22 -0.55 0.97 -0.28 21647.00
382.83 -847.41 443.78 -0.47 1.11 -0.45 21678.00
389.24 -849.30 439.81 -0.55 1.04 -0.45 21708.00
390.89 -852.35 433.64 -0.72 0.80 -0.25 21740.00
388.73 -856.51 426.44 -0.75 0.34 -0.02 21771.00
387.36 -861.32 418.94 -0.58 0.05 0.12 21801.00
388.18 -866.72 410.94 -0.63 -0.04 0.22 21833.00
391.33 -872.27 403.62 -0.72 -0.04 0.23 21864.00
395.40 -878.35 396.05 -0.53 0.09 0.17 21896.00
397.11 -884.43 388.55 -0.37 0.13 0.21 21926.00
396.85 -892.12 380.80 -0.29 0.05 0.36 21957.00
395.47 -900.50 373.04 -0.16 -0.17 0.49 21988.00
392.64 -908.44 365.29 0.03 -0.38 0.51 22019.00
388.79 -915.67 357.54 0.14 -0.63 0.57 22050.00
386.41 -923.30 349.79 0.23 -0.97 0.74 22081.00
386.81 -931.35 342.03 0.53 -1.03 0.81 22112.00
388.18 -939.05 334.53 0.89 -0.92 0.73 22142.00
390.59 -947.06 326.78 1.37 -0.84 0.82 22173.00
391.35 -955.19 318.78 1.81 -0.59 0.77 22205.00
390.21 -961.59 311.23 2.44 -0.47 0.73 22236.00
387.30 -964.86 303.60 2.89 -0.83 1.04 22267.00
384.50 -965.28 295.89 2.14 -1.21 0.71 22298.00
381.06 -962.80 291.56 1.25 -1.31 0.46 22329.00
376.35 -960.24 292.33 0.53 -1.11 0.47 22361.00
374.42 -961.44 296.54 0.76 -1.00 0.60 22391.00
373.61 -962.70 301.33 1.39 -0.83 0.56 22422.00
373.07 -962.74 306.13 1.43 -0.64 0.55 22454.00
372.42 -962.13 310.60 1.31 -0.75 0.56 22484.00
371.90 -961.10 315.39 1.25 -0.96 0.54 22515.00
371.24 -959.66 320.86 1.13 -1.16 0.52 22546.00
370.52 -958.06 327.50 1.17 -1.35 0.45 22577.00
369.35 -956.32 334.91 1.06 -1.33 0.40 22608.00
368.02 -954.73 342.44 0.91 -1.38 0.35 22639.00
367.70 -953.84 350.39 0.80 -1.47 0.30 22671.00
368.06 -953.60 358.15 0.73 -1.41 0.27 22702.00
368.37 -953.62 365.66 0.66 -1.30 0.23 22732.00
367.96 -953.79 373.66 0.54 -1.21 0.22 22764.00
366.46 -954.03 381.42 0.34 -1.16 0.21 22795.00
364.36 -954.94 389.40 0.14 -1.15 0.19 22827.00
361.64 -956.59 396.58 -0.01 -1.17 0.16 22857.00
358.09 -959.10 404.32 -0.11 -1.16 0.12 22889.00
354.00 -961.45 411.39 -0.12 -1.00 0.06 22920.00
350.03 -963.40 418.08 -0.27 -0.94 0.01 22951.00
346.03 -965.65 424.80 -0.38 -0.84 -0.06 22982.00
342.08 -968.82 431.32 -0.41 -0.76 -0.00 23014.00
339.31 -972.61 437.30 -0.40 -0.65 0.14 23045.00
337.22 -977.26 442.81 -0.37 -0.55 0.30 23075.00
336.58 -981.40 447.87 -0.33 -0.43 0.38 23106.00
336.10 -985.30 452.42 -0.33 -0.29 0.53 23137.00
334.47 -987.54 456.45 -0.37 -0.21 0.57 23168.00
332.92 -989.68 459.55 -0.44 -0.25 0.70 23198.00
332.52 -990.81 461.88 -0.39 -0.20 0.76 23230.00
332.63 -990.17 463.90 -0.56 -0.24 0.56 23261.00
334.38 -990.59 466.87 -0.64 -0.32 0.50 23291.00
338.05 -991.25 470.41 -0.53 -0.27 0.44 23322.00
343.23 -992.66 474.14 -0.50 -0.12 0.47 23353.00
348.46 -994.16 477.96 -0.44 0.00 0.47 23384.00
352.84 -995.12 481.34 -0.37 0.16 0.43 23414.00
355.94 -995.69 484.23 -0.31 0.18 0.48 23445.00
360.10 -996.38 487.07 -0.35 0.27 0.46 23477.00
364.40 -997.31 489.41 -0.27 0.40 0.46 23507.00
369.12 -997.07 491.48 -0.23 0.48 0.39 23538.00
374.29 -995.81 493.07 -0.28 0.61 0.20 23569.00
379.56 -994.71 494.09 -0.38 0.60 0.13 23600.00
386.48 -993.55 495.14 -0.38 0.61 -0.06 23631.00
393.40 -992.23 495.60 -0.49 0.70 -0.25 23662.00
400.88 -992.31 495.43 -0.52 0.66 -0.31 23694.00
407.99 -992.85 494.99 -0.67 0.69 -0.42 23725.00
415.09 -994.87 493.93 -0.66 0.80 -0.45 23755.00
420.69 -997.07 491.50 -0.56 0.84 -0.46 23786.00
424.93 -999.67 487.30 -0.67 0.73 -0.39 23817.00
428.83 -1004.31 481.99 -0.92 0.60 -0.25 23847.00
432.63 -1011.65 474.64 -0.81 0.47 -0.02 23879.00
433.13 -1018.51 466.89 -0.59 0.25 0.24 23910.00
432.72 -1024.72 458.89 -0.56 -0.11 0.37 23942.00
434.77 -1028.83 451.39 -0.63 -0.28 0.30 23972.00
437.77 -1032.87 443.68 -0.70 -0.25 0.22 24003.00
440.30 -1038.86 436.01 -0.74 -0.31 0.28 24035.00
441.94 -1045.44 428.65 -0.46 -0.33 0.34 24066.00
441.99 -1051.41 421.22 -0.34 -0.42 0.33 24096.00
441.86 -1058.53 413.46 -0.31 -0.53 0.36 24127.00
442.00 -1067.19 405.46 -0.15 -0.65 0.58 24159.00
442.34 -1075.12 398.25 0.24 -0.83 0.70 24189.00
444.64 -1082.53 390.76 0.42 -0.88 0.58 24220.00
449.37 -1091.04 382.76 0.54 -0.80 0.56 24252.00
452.95 -1099.35 375.01 1.30 -0.55 0.78 24283.00
453.49 -1107.03 368.27 2.16 -0.29 0.65 24313.00
451.76 -1113.53 360.79 2.61 -0.43 0.88 24345.00
448.54 -1117.54 353.04 2.38 -0.85 0.93 24376.00
445.46 -1118.19 346.29 1.75 -1.18 0.70 24408.00
442.55 -1116.84 343.65 1.11 -1.18 0.45 24438.00
440.37 -1116.10 344.44 0.83 -1.05 0.52 24469.00
439.99 -1117.07 347.84 1.08 -0.80 0.53 24501.00
440.77 -1117.78 351.77 1.30 -0.57 0.58 24531.00
441.39 -1117.96 355.75 1.25 -0.39 0.63 24562.00
440.95 -1117.07 359.82 1.26 -0.47 0.69 24594.00
439.61 -1115.60 363.71 1.20 -0.67 0.70 24625.00
437.52 -1113.72 368.03 1.14 -0.89 0.69 24656.00
435.35 -1111.39 373.61 1.23 -1.13 0.63 24687.00
434.09 -1108.72 379.84 1.08 -1.22 0.56 24718.00
434.77 -1106.37 386.12 1.13 -1.52 0.57 24749.00
436.88 -1104.43 393.03 1.13 -1.66 0.54 24779.00
439.86 -1102.31 401.04 1.03 -1.57 0.44 24811.00
442.57 -1100.59 408.79 0.84 -1.43 0.40 24842.00
443.84 -1099.39 416.30 0.65 -1.28 0.42 24872.00
443.64 -1098.26 424.30 0.47 -1.12 0.41 24904.00
441.75 -1097.27 432.06 0.24 -0.97 0.38 24935.00
438.20 -1097.06 440.07 0.07 -1.01 0.42 24967.00
434.36 -1097.74 447.57 -0.04 -1.03 0.42 24997.00
430.43 -1099.08 455.58 -0.05 -0.84 0.42 25029.00
427.37 -1100.42 463.33 -0.12 -0.81 0.38 25060.00
424.95 -1101.77 471.30 -0.23 -0.76 0.34 25092.00
422.80 -1102.67 478.81 -0.32 -0.61 0.30 25122.00
420.24 -1103.63 486.27 -0.40 -0.44 0.30 25153.00
416.84 -1104.38 492.57 -0.39 -0.30 0.29 25184.00
412.67 -1105.17 497.83 -0.46 -0.26 0.31 25216.00
409.19 -1106.30 501.93 -0.55 -0.21 0.40 25246.00
406.63 -1107.73 505.39 -0.60 -0.24 0.50 25277.00
404.95 -1108.94 508.32 -0.61 -0.21 0.50 25309.00
403.43 -1109.52 510.88 -0.58 -0.21 0.50 25339.00
402.68 -1109.67 513.21 -0.64 -0.24 0.42 25370.00
402.34 -1111.25 515.24 -0.64 -0.27 0.49 25402.00
403.34 -1113.43 517.55 -0.50 -0.36 0.66 25433.00
407.08 -1114.59 520.74 -0.47 -0.31 0.57 25463.00
412.58 -1116.91 524.14 -0.39 -0.10 0.69 25494.00
419.87 -1118.57 527.98 -0.30 0.04 0.53 25525.00
427.00 -1119.42 531.85 -0.20 0.36 0.48 25556.00
431.77 -1119.07 534.02 -0.26 0.60 0.41 25587.00
434.77 -1119.20 535.04 -0.35 0.63 0.47 25618.00
437.45 -1118.90 535.42 -0.30 0.53 0.44 25649.00
440.85 -1117.78 535.59 -0.35 0.44 0.31 25679.00
446.46 -1117.03 535.78 -0.41 0.37 0.17 25711.00
453.56 -1116.69 535.88 -0.43 0.36 -0.07 25742.00
460.37 -1116.79 535.38 -0.51 0.31 -0.27 25773.00
467.40 -1117.81 534.31 -0.72 0.26 -0.40 25804.00
474.90 -1120.63 533.74 -0.95 0.33 -0.44 25835.00
482.75 -1125.17 533.93 -0.87 0.50 -0.38 25866.00
489.99 -1130.24 534.65 -0.85 0.74 -0.33 25897.00
495.87 -1136.17 535.50 -0.72 1.05 -0.29 25928.00
499.52 -1142.25 534.21 -0.58 1.21 -0.19 25960.00
501.37 -1149.23 528.79 -0.59 1.06 -0.04 25991.00
499.90 -1156.09 521.38 -0.49 0.83 0.12 26021.00
495.40 -1163.82 513.63 -0.39 0.36 0.40 26052.00
490.13 -1171.49 505.63 -0.10 -0.00 0.50 26084.00
486.57 -1175.57 497.87 -0.16 -0.31 0.55 26115.00
485.73 -1178.96 490.37 -0.33 -0.37 0.47 26145.00
485.97 -1183.64 482.62 -0.42 -0.42 0.46 26176.00
486.10 -1190.40 474.87 -0.34 -0.56 0.54 26207.00
486.10 -1196.83 467.36 -0.12 -0.51 0.46 26237.00
485.58 -1204.52 459.36 -0.09 -0.60 0.50 26269.00
485.88 -1213.12 451.61 0.29 -0.78 0.73 26300.00
487.14 -1221.49 444.22 0.86 -0.72 0.67 26331.00
488.31 -1228.99 437.07 1.28 -0.55 0.80 26361.00
488.93 -1237.00 429.07 1.55 -0.36 0.76 26393.00
488.24 -1244.77 421.32 2.01 -0.24 0.67 26424.00
485.76 -1250.82 413.42 2.99 -0.39 0.91 26456.00
482.65 -1252.91 405.92 2.66 -0.87 0.86 26486.00
478.95 -1252.23 398.39 1.68 -1.14 0.61 26518.00
474.67 -1250.48 394.98 1.04 -1.13 0.40 26549.00
471.28 -1249.83 396.98 0.81 -0.98 0.43 26579.00
470.24 -1251.34 402.09 1.07 -0.80 0.71 26610.00
472.18 -1253.16 407.06 1.46 -0.63 0.73 26642.00
474.85 -1253.20 411.79 1.44 -0.41 0.74 26673.00
476.68 -1251.84 416.79 1.36 -0.46 0.75 26704.00
477.36 -1250.02 421.94 1.31 -0.58 0.68 26735.00
472.82 -1243.86 441.03 1.36 -1.27 0.65 26827.00
471.12 -1241.28 448.93 1.17 -1.30 0.54 26859.00
470.32 -1239.27 456.69 1.03 -1.53 0.42 26890.00
469.72 -1238.38 464.19 0.83 -1.46 0.28 26920.00
467.69 -1237.88 472.20 0.71 -1.43 0.28 26952.00
465.74 -1238.07 479.96 0.55 -1.39 0.23 26983.00
463.70 -1238.77 487.96 0.34 -1.27 0.15 27015.00
461.91 -1240.15 495.47 0.20 -1.17 0.11 27045.00
459.53 -1242.18 503.47 0.14 -1.02 0.06 27077.00
456.53 -1244.54 511.23 0.03 -0.92 0.10 27108.00
453.09 -1246.90 519.23 -0.11 -0.87 0.13 27140.00
449.69 -1249.19 526.72 -0.30 -0.76 0.17 27170.00
445.57 -1252.39 534.10 -0.41 -0.77 0.20 27202.00
442.51 -1255.82 540.94 -0.31 -0.73 0.36 27233.00
441.29 -1258.02 547.32 -0.32 -0.54 0.41 27264.00
440.22 -1260.30 553.02 -0.36 -0.37 0.48 27295.00
439.19 -1261.77 557.88 -0.37 -0.23 0.41 27326.00
437.88 -1264.14 561.64 -0.45 -0.23 0.52 27357.00
437.87 -1266.29 564.36 -0.35 -0.18 0.61 27387.00
437.86 -1267.45 566.93 -0.40 -0.17 0.64 27418.00
438.79 -1267.98 569.71 -0.39 -0.25 0.66 27449.00
441.51 -1268.26 573.17 -0.47 -0.22 0.54 27481.00
445.50 -1269.44 576.36 -0.39 -0.09 0.50 27511.00
450.73 -1270.80 579.48 -0.31 0.08 0.45 27542.00
454.56 -1271.12 581.72 -0.30 0.26 0.52 27573.00
457.05 -1270.93 583.02 -0.42 0.30 0.48 27603.00
458.93 -1271.48 583.99 -0.49 0.30 0.57 27634.00
460.97 -1271.44 584.74 -0.47 0.32 0.56 27665.00
463.42 -1270.81 585.48 -0.48 0.32 0.55 27696.00
467.15 -1269.69 586.09 -0.47 0.37 0.45 27726.00
472.29 -1268.33 586.56 -0.47 0.42 0.34 27757.00
478.88 -1266.77 586.93 -0.45 0.43 0.14 27788.00
486.45 -1265.42 586.97 -0.46 0.43 -0.03 27820.00
493.31 -1264.57 586.53 -0.53 0.45 -0.23 27850.00
500.50 -1264.36 585.60 -0.67 0.46 -0.32 27881.00
507.45 -1265.19 584.12 -0.76 0.53 -0.37 27913.00
512.18 -1266.37 581.61 -0.97 0.56 -0.38 27943.00
516.13 -1269.56 577.38 -1.17 0.51 -0.24 27975.00
518.86 -1273.75 572.55 -1.03 0.37 -0.06 28006.00
522.32 -1278.17 567.43 -0.91 0.18 0.06 28038.00
526.26 -1282.28 562.22 -0.82 0.17 0.04 28068.00
528.54 -1286.21 555.99 -0.74 0.17 0.11 28100.00
529.78 -1289.83 549.59 -0.65 0.08 0.17 28131.00
531.51 -1293.81 542.37 -0.61 0.03 0.22 28163.00
532.70 -1297.80 534.99 -0.48 -0.01 0.22 28193.00
532.22 -1302.37 527.24 -0.30 -0.09 0.25 28224.00
530.19 -1306.34 519.49 -0.23 -0.33 0.42 28255.00
528.10 -1309.73 511.73 -0.22 -0.66 0.46 28286.00
527.60 -1313.42 503.98 -0.24 -0.75 0.42 28317.00
528.41 -1319.61 495.98 -0.18 -0.92 0.53 28349.00
529.82 -1327.38 488.23 0.17 -0.99 0.64 28380.00
532.95 -1335.35 480.72 0.54 -0.95 0.59 28410.00
537.79 -1343.66 472.72 0.98 -0.81 0.66 28442.00
540.64 -1351.51 464.97 1.79 -0.86 1.00 28473.00
541.41 -1358.55 457.22 2.68 -0.90 1.11 28504.00
541.99 -1361.09 449.46 2.40 -1.12 0.87 28535.00
541.37 -1362.56 441.79 1.53 -1.29 0.62 28566.00
539.01 -1362.40 437.32 1.11 -1.26 0.40 28597.00
536.21 -1361.94 437.27 0.87 -1.21 0.51 28628.00
535.22 -1363.23 440.13 0.96 -0.98 0.54 28659.00
535.56 -1364.35 444.05 1.22 -0.77 0.61 28690.00
536.46 -1364.76 448.52 1.17 -0.55 0.65 28722.00
536.08 -1363.98 452.73 1.29 -0.59 0.69 28752.00
534.07 -1362.28 456.85 1.14 -0.77 0.68 28783.00
531.08 -1360.07 461.60 1.22 -1.10 0.64 28814.00
527.70 -1357.56 467.64 1.10 -1.18 0.60 28845.00
524.89 -1354.81 474.35 1.20 -1.47 0.58 28876.00
523.36 -1351.95 481.90 1.16 -1.53 0.40 28907.00
521.97 -1348.87 489.66 1.04 -1.43 0.26 28938.00
519.37 -1345.80 497.42 0.82 -1.35 0.13 28969.00
515.14 -1343.60 504.98 0.56 -1.33 -0.00 29000.00
509.41 -1343.11 512.93 0.23 -1.39 -0.06 29032.00
504.91 -1344.97 520.41 0.06 -1.50 -0.06 29063.00
501.73 -1348.20 527.93 0.08 -1.51 -0.10 29094.00
499.20 -1352.03 535.69 0.01 -1.37 -0.13 29125.00
496.79 -1357.17 543.69 -0.08 -1.30 -0.10 29157.00
494.08 -1362.61 551.45 -0.14 -1.09 0.00 29188.00
491.48 -1367.93 559.11 -0.12 -0.97 0.12 29219.00
488.95 -1371.77 567.04 -0.19 -0.82 0.11 29251.00
486.33 -1374.88 574.55 -0.39 -0.61 0.13 29282.00
482.97 -1379.01 581.20 -0.47 -0.47 0.22 29313.00
479.80 -1383.09 586.88 -0.35 -0.39 0.31 29343.00
478.31 -1386.36 592.28 -0.45 -0.29 0.32 29374.00
477.82 -1390.68 597.24 -0.39 -0.09 0.39 29406.00
476.86 -1393.38 600.92 -0.41 -0.02 0.51 29436.00
476.56 -1395.66 603.72 -0.40 0.11 0.61 29467.00
474.48 -1396.58 605.41 -0.38 0.06 0.83 29498.00
472.94 -1395.52 607.75 -0.47 -0.08 0.65 29529.00
472.92 -1394.86 610.29 -0.54 -0.20 0.62 29560.00
475.61 -1395.19 612.93 -0.61 -0.13 0.54 29591.00
480.28 -1397.28 615.53 -0.53 0.01 0.47 29622.00
485.29 -1399.56 617.68 -0.32 0.21 0.44 29652.00
487.88 -1399.48 619.08 -0.30 0.29 0.44 29683.00
489.74 -1399.48 620.14 -0.50 0.22 0.45 29714.00
491.82 -1400.20 621.16 -0.52 0.22 0.54 29746.00
494.38 -1400.53 622.15 -0.44 0.23 0.55 29776.00
498.11 -1400.00 623.33 -0.41 0.26 0.46 29807.00
503.30 -1399.14 624.69 -0.38 0.34 0.34 29838.00
509.42 -1398.19 625.80 -0.36 0.48 0.18 29869.00
514.64 -1396.80 626.13 -0.45 0.61 0.04 29899.00
519.92 -1395.78 625.94 -0.55 0.53 0.00 29931.00
526.57 -1395.77 625.85 -0.59 0.47 -0.16 29962.00
533.97 -1396.66 625.52 -0.64 0.54 -0.27 29993.00
541.34 -1397.87 625.24 -0.60 0.58 -0.41 30024.00
548.69 -1399.18 624.48 -0.63 0.69 -0.58 30055.00
555.42 -1401.00 622.11 -0.71 0.77 -0.58 30086.00
559.44 -1404.11 618.67 -0.81 0.69 -0.45 30116.00
561.90 -1408.96 613.65 -0.76 0.50 -0.28 30147.00
563.78 -1415.08 607.33 -0.77 0.29 -0.03 30178.00
565.57 -1422.79 600.64 -0.61 0.19 0.17 30210.00
566.17 -1429.68 594.13 -0.49 0.03 0.37 30240.00
567.27 -1436.15 586.79 -0.59 -0.07 0.47 30272.00
568.52 -1442.43 579.43 -0.58 -0.13 0.46 30303.00
568.55 -1448.99 571.93 -0.52 -0.22 0.54 30333.00
567.43 -1455.29 564.18 -0.36 -0.41 0.58 30364.00
565.87 -1460.95 556.43 -0.28 -0.53 0.59 30395.00
564.91 -1468.15 548.42 -0.27 -0.77 0.74 30427.00
564.20 -1475.28 540.92 -0.04 -0.88 0.78 30457.00
564.56 -1483.10 532.92 0.23 -1.00 0.93 30489.00
567.12 -1490.77 525.17 0.43 -1.11 0.88 30520.00
570.93 -1498.98 517.41 0.70 -0.83 0.82 30551.00
572.80 -1506.73 510.76 1.23 -0.62 0.88 30581.00
572.98 -1514.01 504.38 1.70 -0.55 0.97 30613.00
572.66 -1520.47 496.78 2.06 -0.74 0.99 30644.00
572.71 -1524.30 489.39 1.96 -1.01 1.06 30674.00
572.12 -1525.53 483.68 1.39 -1.03 0.78 30706.00
569.49 -1525.03 481.20 0.90 -0.93 0.60 30737.00
566.46 -1524.81 482.02 0.73 -0.89 0.62 30768.00
565.05 -1525.47 484.82 0.97 -0.79 0.70 30798.00
564.86 -1525.53 488.23 1.19 -0.68 0.73 30829.00
564.23 -1524.60 492.04 1.28 -0.68 0.70 30861.00
561.95 -1522.76 495.86 1.15 -0.77 0.73 30892.00
558.59 -1520.58 500.14 1.14 -1.05 0.73 30922.00
554.54 -1518.21 505.31 1.03 -1.23 0.66 30953.00
550.35 -1515.89 511.23 0.95 -1.45 0.63 30984.00
547.15 -1513.79 518.28 0.98 -1.65 0.54 31015.00
544.95 -1511.77 525.98 0.92 -1.65 0.42 31046.00
543.39 -1510.24 533.99 0.79 -1.72 0.31 31078.00
543.27 -1509.65 541.74 0.63 -1.71 0.25 31109.00
543.08 -1509.41 549.50 0.52 -1.46 0.06 31140.00
540.80 -1509.48 557.26 0.34 -1.43 0.09 31171.00
538.02 -1510.75 565.26 0.17 -1.54 0.09 31203.00
535.01 -1512.91 573.02 0.15 -1.52 0.02 31234.00
531.11 -1515.44 580.77 0.14 -1.46 0.01 31265.00
527.29 -1518.96 588.53 0.03 -1.31 0.03 31296.00
523.46 -1523.94 596.53 0.03 -1.08 0.18 31328.00
520.47 -1528.36 604.04 0.06 -0.94 0.42 31358.00
518.88 -1531.81 611.80 -0.02 -0.70 0.51 31389.00
517.23 -1533.42 619.54 -0.17 -0.33 0.33 31420.00
512.62 -1535.80 626.65 -0.33 -0.12 0.42 31452.00
508.28 -1538.08 632.13 -0.40 -0.11 0.52 31482.00
504.09 -1540.45 636.88 -0.46 -0.09 0.69 31513.00
501.61 -1541.70 640.60 -0.54 -0.04 0.61 31544.00
500.94 -1543.45 643.28 -0.59 0.00 0.80 31575.00
501.93 -1543.64 644.74 -0.55 0.11 0.68 31605.00
502.69 -1543.86 646.16 -0.79 0.09 0.62 31637.00
503.01 -1544.37 647.97 -0.68 0.03 0.61 31668.00
504.17 -1544.10 649.57 -0.70 -0.01 0.45 31698.00
505.67 -1544.51 651.44 -0.68 -0.03 0.44 31730.00
508.73 -1545.30 653.21 -0.63 -0.06 0.41 31761.00
513.14 -1546.76 655.02 -0.59 0.09 0.36 31793.00
516.68 -1548.95 656.45 -0.48 0.21 0.48 31823.00
519.96 -1550.09 657.83 -0.38 0.17 0.51 31854.00
524.22 -1550.97 659.17 -0.41 0.25 0.48 31885.00
528.68 -1552.42 660.36 -0.36 0.36 0.44 31916.00
532.77 -1553.56 661.13 -0.23 0.45 0.43 31946.00
537.24 -1553.52 661.73 -0.22 0.47 0.38 31978.00
542.54 -1552.74 661.88 -0.24 0.52 0.18 32009.00
546.92 -1551.18 661.45 -0.39 0.55 0.00 32039.00
552.68 -1550.74 660.75 -0.46 0.53 -0.06 32071.00
558.62 -1550.59 659.54 -0.49 0.55 -0.21 32102.00
565.10 -1551.65 657.64 -0.66 0.59 -0.20 32133.00
571.91 -1553.45 655.42 -0.67 0.57 -0.23 32164.00
578.74 -1555.87 652.82 -0.81 0.63 -0.23 32195.00
584.90 -1559.71 649.27 -0.85 0.65 -0.16 32226.00
591.06 -1564.98 644.35 -0.77 0.54 -0.10 32258.00
595.59 -1570.93 637.99 -0.78 0.52 0.04 32288.00
597.59 -1578.43 630.27 -0.67 0.39 0.29 32319.00
598.20 -1586.80 622.26 -0.51 0.12 0.56 32351.00
600.34 -1594.17 614.76 -0.31 0.02 0.55 32381.00
600.82 -1600.37 607.01 -0.21 0.01 0.47 32412.00
598.17 -1606.13 599.25 -0.18 -0.18 0.49 32443.00
594.85 -1612.04 591.25 -0.21 -0.52 0.56 32475.00
592.96 -1618.28 583.75 -0.13 -0.74 0.60 32505.00
592.85 -1625.83 576.00 -0.05 -0.87 0.72 32536.00
593.85 -1634.13 567.99 0.24 -1.13 0.92 32568.00
597.03 -1642.18 560.24 0.68 -1.21 0.94 32599.00
601.68 -1650.04 552.74 1.07 -0.94 0.88 32629.00
605.23 -1657.78 545.01 1.64 -0.84 1.11 32660.00
607.53 -1665.23 538.84 2.23 -0.67 1.18 32692.00
606.09 -1667.55 533.61 2.05 -0.53 0.87 32722.00
600.93 -1667.94 527.86 1.36 -0.76 0.73 32754.00
595.50 -1668.51 523.43 1.21 -0.97 0.69 32785.00
590.63 -1668.23 521.71 1.07 -1.03 0.68 32816.00
587.52 -1667.75 523.09 0.95 -1.02 0.76 32846.00
586.31 -1667.77 525.83 1.07 -0.92 0.78 32877.00
585.96 -1667.09 529.58 1.19 -0.81 0.69 32909.00
585.07 -1665.98 533.88 1.22 -0.80 0.71 32940.00
583.37 -1664.54 538.36 1.13 -0.82 0.66 32970.00
580.82 -1662.71 543.34 1.14 -1.04 0.64 33001.00
578.10 -1661.10 548.93 1.02 -1.19 0.58 33033.00
575.99 -1659.82 554.53 0.97 -1.29 0.52 33063.00
574.46 -1658.70 561.04 0.91 -1.41 0.46 33094.00
573.91 -1657.71 568.35 0.85 -1.45 0.37 33126.00
574.05 -1657.09 575.62 0.76 -1.43 0.27 33157.00
573.86 -1657.20 583.23 0.60 -1.43 0.23 33188.00
573.20 -1658.21 590.95 0.51 -1.45 0.20 33219.00
571.78 -1659.67 598.86 0.42 -1.50 0.22 33251.00
570.02 -1661.53 606.61 0.22 -1.49 0.20 33282.00
567.92 -1663.98 614.37 0.05 -1.47 0.23 33313.00
566.06 -1667.37 622.12 -0.08 -1.50 0.32 33344.00
564.28 -1671.07 630.13 0.00 -1.28 0.39 33376.00
562.77 -1673.85 638.14 -0.03 -1.21 0.37 33408.00
560.92 -1675.99 645.64 -0.05 -0.97 0.32 33438.00
558.54 -1677.89 653.65 -0.14 -0.73 0.37 33470.00
556.86 -1679.55 661.32 -0.22 -0.59 0.37 33501.00
555.44 -1680.47 667.80 -0.27 -0.38 0.24 33531.00
552.44 -1680.85 673.54 -0.37 -0.27 0.14 33562.00
548.57 -1682.81 678.66 -0.46 -0.34 0.20 33594.00
546.15 -1685.91 682.87 -0.45 -0.36 0.36 33625.00
545.61 -1689.23 686.85 -0.37 -0.28 0.53 33655.00
546.00 -1691.41 690.69 -0.29 -0.13 0.53 33686.00
546.03 -1693.10 693.80 -0.37 -0.04 0.56 33717.00
545.57 -1695.95 696.16 -0.33 -0.07 0.99 33747.00
547.59 -1696.71 698.73 -0.29 -0.18 0.85 33779.00
551.65 -1698.01 701.90 -0.40 -0.04 0.72 33810.00
556.53 -1699.79 705.22 -0.20 0.09 0.71 33841.00
561.76 -1700.02 708.05 -0.14 0.27 0.64 33871.00
566.92 -1699.48 710.04 -0.24 0.37 0.58 33903.00
572.19 -1699.39 711.76 -0.25 0.42 0.49 33934.00
577.46 -1698.64 713.15 -0.21 0.43 0.40 33965.00
583.86 -1698.05 714.16 -0.22 0.46 0.25 33995.00
590.33 -1697.12 714.34 -0.23 0.56 0.08 34027.00
595.77 -1696.30 713.64 -0.37 0.55 -0.04 34058.00
601.33 -1696.10 712.36 -0.42 0.52 -0.19 34088.00
606.45 -1696.31 710.23 -0.58 0.55 -0.27 34119.00
611.60 -1697.76 707.58 -0.77 0.48 -0.15 34151.00
618.38 -1700.84 705.52 -0.91 0.43 -0.08 34182.00
626.60 -1705.67 704.02 -0.92 0.77 -0.10 34213.00
633.33 -1710.18 701.45 -0.73 1.14 -0.16 34244.00
636.77 -1713.81 695.59 -0.60 0.87 -0.02 34275.00
638.29 -1718.24 687.58 -0.76 0.57 0.08 34307.00
636.79 -1722.60 680.08 -0.61 0.11 0.22 34337.00
634.84 -1727.40 672.33 -0.50 -0.31 0.26 34368.00
635.45 -1729.59 664.33 -0.45 -0.47 0.22 34400.00
637.51 -1732.49 656.82 -0.54 -0.38 0.16 34430.00
640.23 -1737.02 649.07 -0.44 -0.31 0.24 34461.00
641.25 -1743.21 641.32 -0.40 -0.35 0.40 34492.00
641.54 -1750.24 633.32 -0.28 -0.58 0.48 34524.00
642.06 -1756.94 625.81 -0.12 -0.65 0.47 34554.00
642.55 -1764.81 617.81 -0.03 -0.80 0.65 34586.00
643.75 -1772.70 610.36 0.25 -1.09 0.76 34617.00
647.17 -1780.76 602.61 0.60 -1.01 0.66 34648.00
650.33 -1788.65 595.36 0.92 -0.76 0.69 34678.00
651.42 -1796.74 587.88 1.59 -0.79 0.79 34710.00
651.92 -1803.47 580.52 2.18 -0.71 0.80 34741.00
651.34 -1807.40 573.00 2.42 -0.83 1.01 34772.00
650.25 -1808.39 566.07 1.91 -1.07 0.89 34803.00
648.23 -1806.97 562.13 1.37 -1.15 0.59 34834.00
644.65 -1804.53 561.50 0.84 -1.02 0.42 34865.00
641.12 -1803.97 564.09 0.67 -0.99 0.57 34896.00
639.11 -1805.20 568.17 1.05 -0.92 0.66 34927.00
638.32 -1806.26 572.58 1.35 -0.87 0.69 34958.00
637.89 -1806.53 577.31 1.27 -0.80 0.62 34990.00
637.13 -1806.34 582.11 1.24 -0.95 0.58 35020.00
636.01 -1805.70 587.90 1.17 -1.12 0.54 35051.00
634.92 -1804.65 594.52 1.20 -1.38 0.46 35083.00
634.03 -1803.54 601.35 1.06 -1.45 0.38 35113.00
632.78 -1802.25 608.90 0.92 -1.52 0.33 35144.00
631.75 -1801.16 616.90 0.72 -1.59 0.26 35176.00
631.42 -1801.00 624.66 0.50 -1.58 0.18 35207.00
630.57 -1801.34 632.41 0.30 -1.44 0.12 35238.00
629.54 -1802.37 640.42 0.13 -1.41 0.16 35270.00
628.62 -1804.15 648.17 -0.00 -1.31 0.10 35301.00
626.63 -1807.33 656.18 -0.05 -1.25 0.16 35333.00
624.20 -1811.18 663.69 -0.01 -1.19 0.18 35363.00
622.25 -1815.30 671.69 0.04 -1.26 0.31 35395.00
620.42 -1818.09 679.45 -0.04 -1.06 0.26 35426.00
617.86 -1820.03 687.44 -0.21 -0.70 0.17 35458.00
614.14 -1822.00 694.34 -0.28 -0.60 0.15 35488.00
609.73 -1824.22 700.99 -0.32 -0.55 0.23 35520.00
605.85 -1826.37 706.87 -0.39 -0.46 0.29 35551.00
602.85 -1828.81 711.94 -0.38 -0.39 0.35 35581.00
601.28 -1831.06 716.18 -0.41 -0.26 0.39 35612.00
599.96 -1834.18 719.50 -0.47 -0.23 0.49 35643.00
599.82 -1837.37 722.46 -0.44 -0.22 0.62 35674.00
600.60 -1839.53 724.78 -0.34 -0.12 0.71 35705.00
601.49 -1840.07 726.83 -0.40 -0.14 0.89 35736.00
602.89 -1839.58 729.14 -0.54 -0.16 0.64 35767.00
604.93 -1840.16 731.55 -0.54 -0.21 0.59 35798.00
608.92 -1841.50 734.04 -0.42 -0.18 0.60 35828.00
614.71 -1841.87 736.60 -0.33 -0.05 0.55 35860.00
620.08 -1841.64 738.80 -0.35 0.17 0.41 35891.00
623.79 -1841.82 740.31 -0.40 0.27 0.47 35921.00
627.78 -1842.30 741.54 -0.38 0.27 0.51 35952.00
632.91 -1842.19 742.94 -0.34 0.33 0.44 35983.00
638.72 -1841.42 744.18 -0.28 0.45 0.25 36014.00
643.32 -1839.04 745.06 -0.38 0.44 0.10 36044.00
649.48 -1836.95 746.89 -0.49 0.35 -0.02 36076.00
656.86 -1836.19 748.93 -0.48 0.43 -0.25 36107.00
663.74 -1836.07 750.37 -0.51 0.49 -0.41 36137.00
671.21 -1836.98 752.09 -0.56 0.52 -0.48 36168.00
678.01 -1838.81 753.49 -0.61 0.62 -0.51 36199.00
683.63 -1841.83 754.05 -0.72 0.68 -0.46 36230.00
688.25 -1846.67 753.46 -0.85 0.85 -0.36 36260.00
692.05 -1853.42 751.67 -0.81 0.96 -0.15 36291.00
696.43 -1861.26 748.13 -0.63 0.88 0.01 36323.00
698.84 -1868.02 741.66 -0.51 0.98 0.01 36354.00
696.34 -1873.40 734.16 -0.59 0.66 0.20 36384.00
691.50 -1879.79 726.16 -0.41 0.17 0.35 36416.00
686.91 -1884.21 718.41 -0.22 -0.16 0.43 36447.00
684.42 -1886.46 710.90 -0.51 -0.42 0.49 36477.00
683.95 -1889.33 703.15 -0.53 -0.48 0.47 36508.00
685.46 -1891.87 695.40 -0.57 -0.50 0.34 36539.00
687.72 -1896.40 687.64 -0.60 -0.51 0.35 36570.00
689.63 -1902.34 680.21 -0.45 -0.52 0.33 36600.00
692.95 -1910.75 672.21 -0.33 -0.61 0.44 36632.00
696.51 -1919.91 664.45 0.09 -0.57 0.45 36663.00
699.03 -1928.49 656.70 0.76 -0.49 0.49 36694.00
698.85 -1936.01 648.95 1.55 -0.66 0.86 36725.00
697.77 -1943.63 641.26 1.97 -0.70 0.91 36756.00
695.97 -1949.82 634.81 2.11 -0.54 0.84 36787.00
693.82 -1954.16 627.38 2.32 -0.73 1.04 36818.00
693.07 -1957.28 619.65 2.04 -0.93 0.87 36849.00
691.33 -1957.57 614.21 1.54 -1.04 0.66 36881.00
688.05 -1956.00 613.15 1.03 -1.03 0.60 36912.00
684.63 -1954.83 615.52 0.88 -1.01 0.63 36942.00
681.85 -1954.55 619.96 1.13 -0.94 0.71 36973.00
680.36 -1954.13 625.20 1.41 -0.90 0.74 37004.00
679.71 -1953.08 631.02 1.40 -0.79 0.68 37036.00
679.50 -1951.54 636.44 1.31 -0.87 0.63 37066.00
679.31 -1949.56 642.24 1.12 -1.02 0.59 37097.00
678.62 -1947.48 648.99 1.11 -1.30 0.51 37129.00
677.63 -1945.63 655.84 1.03 -1.40 0.48 37159.00
676.15 -1943.99 663.24 0.86 -1.45 0.40 37190.00
674.97 -1943.03 671.24 0.68 -1.44 0.32 37222.00
674.53 -1943.00 679.00 0.55 -1.41 0.18 37253.00
674.37 -1943.76 686.76 0.52 -1.29 0.25 37284.00
672.72 -1943.77 694.51 0.47 -1.08 0.17 37315.00
669.07 -1943.12 702.45 0.15 -1.19 0.11 37347.00
666.06 -1943.92 710.21 -0.11 -1.39 0.13 37378.00
662.83 -1945.81 717.96 -0.15 -1.22 0.13 37409.00
659.50 -1948.17 725.72 -0.10 -1.16 0.17 37440.00
656.44 -1950.39 733.71 -0.15 -1.09 0.19 37472.00
654.24 -1952.72 741.02 -0.30 -0.95 0.19 37502.00
651.66 -1955.80 748.42 -0.31 -0.75 0.19 37534.00
649.13 -1958.93 754.90 -0.30 -0.63 0.30 37565.00
646.83 -1961.55 760.67 -0.36 -0.54 0.27 37596.00
644.85 -1963.85 766.20 -0.44 -0.36 0.31 37627.00
642.11 -1966.91 770.97 -0.45 -0.32 0.43 37658.00
640.42 -1969.23 775.01 -0.45 -0.25 0.46 37689.00
639.10 -1971.45 778.67 -0.57 -0.18 0.51 37720.00
638.02 -1973.73 781.63 -0.55 -0.14 0.55 37750.00
637.45 -1975.28 784.21 -0.54 -0.11 0.55 37781.00
637.21 -1976.75 786.32 -0.54 -0.07 0.53 37812.00
637.61 -1978.96 787.99 -0.55 -0.14 0.70 37843.00
640.39 -1980.70 790.11 -0.49 -0.23 0.70 37874.00
644.45 -1982.13 792.99 -0.49 -0.14 0.59 37905.00
648.96 -1984.43 795.78 -0.35 -0.03 0.61 37936.00
654.34 -1985.73 798.30 -0.23 0.12 0.54 37967.00
658.98 -1986.78 800.50 -0.24 0.34 0.55 37998.00
662.31 -1988.44 802.07 -0.23 0.56 0.60 38029.00
664.46 -1990.11 802.31 -0.09 0.62 0.69 38060.00
666.97 -1989.72 801.48 -0.09 0.51 0.60 38090.00
671.15 -1988.34 800.26 -0.19 0.37 0.43 38121.00
677.00 -1986.36 798.84 -0.27 0.36 0.23 38152.00
682.24 -1984.37 797.22 -0.47 0.37 0.10 38183.00
687.94 -1983.12 795.30 -0.59 0.37 -0.01 38214.00
693.84 -1982.45 792.96 -0.65 0.34 -0.04 38245.00
701.21 -1982.74 790.35 -0.77 0.38 -0.12 38277.00
707.40 -1983.08 786.92 -0.86 0.53 -0.24 38307.00
712.80 -1984.62 782.15 -1.11 0.54 -0.12 38339.00
717.63 -1987.96 776.86 -1.11 0.41 0.06 38370.00
724.43 -1993.43 771.10 -0.95 0.39 0.09 38402.00
728.55 -1998.06 764.80 -0.85 0.49 0.18 38432.00
731.17 -2003.98 757.52 -0.76 0.37 0.28 38463.00
731.45 -2009.90 749.51 -0.41 0.24 0.28 38495.00
727.82 -2015.01 742.01 -0.28 -0.07 0.42 38525.00
725.16 -2020.34 734.26 -0.32 -0.51 0.62 38556.00
724.72 -2024.99 726.51 -0.24 -0.71 0.53 38587.00
725.15 -2029.95 718.50 -0.19 -0.74 0.51 38619.00
725.11 -2034.27 711.00 -0.11 -0.72 0.46 38649.00
725.09 -2040.39 703.00 -0.06 -0.75 0.44 38681.00
725.17 -2048.20 695.25 0.20 -0.88 0.59 38712.00
725.10 -2055.58 687.49 0.63 -0.91 0.60 38743.00
724.91 -2062.23 679.99 0.82 -0.91 0.57 38773.00
725.27 -2070.03 672.24 1.18 -1.06 0.61 38804.00
726.46 -2078.19 664.24 1.68 -1.00 0.68 38836.00
727.92 -2084.79 657.10 1.91 -0.69 0.64 38866.00
728.50 -2089.88 649.97 2.08 -0.65 0.82 38898.00
728.71 -2093.08 643.26 1.96 -0.75 0.73 38929.00
727.97 -2094.15 637.86 1.49 -0.84 0.57 38960.00
726.83 -2094.42 635.10 1.11 -0.87 0.56 38991.00
726.51 -2094.84 636.30 1.08 -0.82 0.53 39022.00
726.61 -2094.99 640.53 1.20 -0.57 0.54 39054.00
726.86 -2094.50 644.95 1.22 -0.33 0.58 39085.00
726.94 -2093.28 648.85 1.27 -0.25 0.51 39116.00
725.96 -2091.20 652.43 1.34 -0.33 0.52 39147.00
723.98 -2088.82 655.89 1.11 -0.48 0.52 39179.00
721.77 -2086.49 658.95 1.17 -0.82 0.58 39209.00
719.91 -2084.07 663.26 1.16 -1.10 0.53 39240.00
718.72 -2081.53 669.11 1.20 -1.21 0.50 39271.00
717.66 -2078.91 675.53 1.09 -1.13 0.43 39302.00
716.46 -2076.63 682.13 1.13 -1.37 0.40 39332.00
715.44 -2074.53 689.99 1.10 -1.49 0.31 39364.00
714.16 -2073.06 697.74 0.95 -1.55 0.24 39395.00
712.72 -2072.60 705.50 0.75 -1.59 0.20 39426.00
711.03 -2072.68 713.25 0.56 -1.55 0.15 39457.00
709.29 -2073.31 721.26 0.35 -1.44 0.12 39489.00
707.44 -2074.62 729.01 0.13 -1.34 0.06 39520.00
705.59 -2077.42 737.02 0.04 -1.37 0.09 39552.00
704.15 -2080.90 744.53 0.11 -1.29 0.10 39582.00
702.16 -2085.03 752.53 0.13 -1.11 0.19 39614.00
700.54 -2088.70 760.29 0.05 -0.94 0.31 39645.00
698.95 -2091.38 768.04 -0.17 -0.76 0.30 39676.00
696.97 -2094.00 775.40 -0.31 -0.57 0.33 39707.00
694.65 -2096.18 782.08 -0.38 -0.47 0.33 39738.00
692.06 -2098.39 787.88 -0.49 -0.41 0.37 39769.00
689.67 -2100.64 792.94 -0.47 -0.35 0.35 39799.00
686.96 -2103.05 797.32 -0.44 -0.30 0.38 39830.00
685.06 -2105.43 801.00 -0.44 -0.30 0.52 39861.00
684.05 -2107.36 804.25 -0.45 -0.29 0.60 39891.00
684.37 -2108.89 807.56 -0.41 -0.25 0.61 39923.00
683.62 -2109.54 810.66 -0.49 -0.25 0.62 39954.00
684.44 -2110.53 812.79 -0.52 -0.24 0.60 39985.00
687.27 -2112.47 815.29 -0.57 -0.27 0.72 40015.00
692.73 -2114.71 818.50 -0.40 -0.17 0.67 40046.00
700.13 -2116.37 822.03 -0.26 0.03 0.52 40077.00
706.78 -2117.17 825.09 -0.20 0.22 0.45 40109.00
712.75 -2118.09 827.75 -0.19 0.26 0.44 40139.00
718.81 -2119.01 830.24 -0.18 0.45 0.38 40170.00
723.75 -2119.98 831.97 -0.19 0.51 0.41 40202.00
728.76 -2120.09 833.26 -0.16 0.55 0.32 40232.00
733.33 -2119.50 834.27 -0.24 0.68 0.19 40264.00
737.06 -2119.42 834.45 -0.22 0.70 0.19 40295.00
741.20 -2118.53 833.95 -0.26 0.67 0.11 40326.00
745.90 -2117.45 832.91 -0.33 0.78 -0.09 40357.00
749.90 -2116.51 830.60 -0.34 0.78 -0.12 40388.00
754.14 -2115.52 826.59 -0.49 0.58 -0.20 40420.00
759.50 -2116.12 821.81 -0.64 0.62 -0.17 40451.00
762.58 -2116.63 816.55 -0.76 0.64 -0.10 40481.00
764.98 -2117.51 810.25 -0.91 0.44 0.02 40513.00
768.77 -2119.63 803.29 -1.00 0.21 0.04 40544.00
772.88 -2122.29 795.36 -0.88 0.14 0.01 40576.00
773.97 -2125.31 787.86 -0.91 -0.04 0.12 40606.00
774.48 -2129.31 779.85 -0.97 -0.33 0.33 40638.00
777.73 -2132.64 772.39 -0.66 -0.36 0.32 40669.00
782.31 -2135.19 765.55 -0.57 -0.27 0.23 40699.00
785.94 -2137.83 758.34 -0.44 -0.13 0.12 40731.00
788.02 -2142.12 750.78 -0.56 -0.23 0.16 40762.00
790.22 -2149.38 742.78 -0.47 -0.35 0.30 40794.00
790.57 -2157.28 735.27 -0.07 -0.48 0.50 40824.00
789.54 -2163.51 727.52 0.17 -0.69 0.45 40855.00
788.95 -2171.06 719.52 0.23 -0.94 0.54 40887.00
788.57 -2179.15 711.77 0.70 -1.16 0.88 40918.00
788.19 -2185.07 704.32 1.32 -1.14 0.75 40948.00
788.45 -2189.40 696.57 1.44 -0.99 0.77 40979.00
791.17 -2195.50 688.56 1.46 -0.99 0.84 41011.00
795.14 -2203.02 681.06 2.06 -1.03 0.94 41041.00
800.32 -2207.27 673.06 2.52 -1.01 0.76 41073.00
801.65 -2206.76 666.83 1.57 -1.01 0.64 41104.00
799.46 -2205.41 663.66 0.80 -0.98 0.53 41135.00
796.53 -2205.33 665.51 0.75 -0.92 0.49 41165.00
793.69 -2205.59 669.89 1.08 -0.79 0.55 41197.00
792.77 -2206.27 674.01 1.23 -0.71 0.64 41228.00
793.27 -2206.66 678.58 1.25 -0.58 0.64 41259.00
793.31 -2206.12 683.12 1.31 -0.65 0.65 41290.00
792.20 -2204.84 687.61 1.21 -0.90 0.73 41321.00
790.73 -2203.07 693.33 1.15 -1.09 0.64 41352.00
788.86 -2200.73 699.67 1.21 -1.27 0.57 41382.00
786.89 -2198.01 706.56 1.00 -1.28 0.59 41414.00
786.62 -2194.76 714.02 1.10 -1.62 0.55 41445.00
788.90 -2191.06 721.77 0.97 -1.66 0.35 41476.00
790.72 -2187.73 729.53 0.75 -1.43 0.23 41507.00
789.09 -2185.10 737.28 0.47 -1.39 0.28 41538.00
785.63 -2183.89 745.29 0.23 -1.41 0.29 41570.00
782.10 -2184.22 753.05 0.15 -1.39 0.29 41601.00
778.42 -2185.19 760.80 0.09 -1.27 0.23 41632.00
773.89 -2186.77 768.56 -0.04 -1.11 0.18 41663.00
769.11 -2189.74 776.56 -0.10 -0.90 0.20 41695.00
764.41 -2192.46 784.04 -0.06 -0.81 0.11 41726.00
760.33 -2195.03 790.64 -0.23 -0.74 0.08 41757.00
756.20 -2199.13 796.87 -0.42 -0.70 0.17 41789.00
752.14 -2204.06 802.52 -0.36 -0.66 0.27 41820.00
748.52 -2208.06 807.45 -0.29 -0.59 0.34 41850.00
744.60 -2210.67 812.63 -0.31 -0.47 0.32 41882.00
741.23 -2213.52 817.00 -0.45 -0.41 0.41 41913.00
739.16 -2216.87 820.79 -0.41 -0.34 0.54 41944.00
738.32 -2219.20 824.10 -0.43 -0.28 0.60 41974.00
738.68 -2221.74 827.08 -0.40 -0.18 0.81 42005.00
740.05 -2222.79 828.98 -0.38 0.01 0.80 42036.00
739.59 -2222.93 830.48 -0.57 -0.07 0.78 42066.00
741.09 -2223.73 832.82 -0.57 -0.37 0.73 42097.00
747.23 -2224.68 836.31 -0.50 -0.31 0.43 42128.00
755.09 -2227.32 840.27 -0.28 -0.03 0.39 42160.00
761.29 -2228.27 843.15 -0.17 0.20 0.39 42190.00
765.54 -2227.79 844.97 -0.25 0.35 0.37 42221.00
768.54 -2228.02 846.62 -0.36 0.33 0.49 42252.00
772.42 -2227.85 848.51 -0.25 0.30 0.51 42283.00
777.76 -2226.28 850.46 -0.30 0.37 0.37 42313.00
784.65 -2224.78 852.14 -0.32 0.57 0.18 42345.00
789.63 -2222.78 852.73 -0.36 0.62 0.07 42376.00
794.39 -2221.24 852.83 -0.41 0.54 -0.04 42406.00
799.61 -2220.04 852.19 -0.50 0.51 -0.17 42438.00
804.86 -2220.30 850.95 -0.60 0.50 -0.19 42469.00
810.40 -2221.27 849.29 -0.59 0.46 -0.28 42500.00
816.72 -2222.93 847.23 -0.73 0.52 -0.30 42531.00
822.70 -2225.38 844.23 -0.84 0.64 -0.31 42562.00
827.95 -2228.66 840.03 -0.88 0.56 -0.25 42593.00
833.25 -2233.46 833.67 -0.84 0.50 -0.18 42625.00
835.54 -2238.34 826.20 -0.80 0.43 -0.03 42655.00
834.75 -2245.08 818.20 -0.77 0.04 0.32 42687.00
834.33 -2251.86 810.44 -0.64 -0.31 0.51 42718.00
835.52 -2255.54 802.94 -0.47 -0.42 0.45 42748.00
836.80 -2259.40 795.19 -0.57 -0.38 0.38 42779.00
838.04 -2263.97 787.83 -0.55 -0.43 0.46 42810.00
840.04 -2269.25 780.82 -0.53 -0.50 0.51 42841.00
841.67 -2274.88 774.17 -0.46 -0.48 0.45 42871.00
843.01 -2282.22 766.73 -0.37 -0.47 0.39 42902.00
844.82 -2291.22 758.73 -0.13 -0.50 0.56 42934.00
844.42 -2299.55 751.23 0.38 -0.57 0.59 42964.00
844.24 -2307.59 743.47 0.96 -0.74 0.71 42995.00
844.13 -2315.38 735.72 1.48 -0.75 0.69 43026.00
843.60 -2323.46 727.72 1.91 -0.68 0.63 43058.00
842.41 -2330.38 720.22 2.55 -0.68 0.64 43088.00
841.29 -2334.71 712.21 2.78 -1.03 0.76 43120.00
840.56 -2335.97 704.65 1.86 -1.25 0.45 43151.00
839.77 -2335.61 700.40 1.03 -1.27 0.31 43182.00
839.96 -2336.09 701.48 0.79 -1.09 0.46 43213.00
841.37 -2336.61 707.60 1.22 -0.70 0.58 43244.00
842.30 -2335.43 714.72 1.50 -0.19 0.48 43276.00
841.45 -2332.97 719.58 1.61 -0.05 0.37 43307.00
838.48 -2330.35 722.87 1.33 -0.24 0.43 43338.00
834.50 -2327.71 726.52 1.18 -0.66 0.62 43369.00
831.54 -2325.44 730.97 1.26 -1.07 0.64 43400.00
829.75 -2323.09 735.86 1.13 -1.11 0.59 43430.00
828.19 -2320.34 741.82 1.20 -1.22 0.51 43461.00
827.07 -2317.48 748.57 1.13 -1.27 0.43 43492.00
826.78 -2314.80 756.20 1.03 -1.29 0.39 43524.00
826.71 -2312.58 763.48 0.94 -1.27 0.33 43554.00
825.09 -2310.16 771.46 0.79 -1.25 0.18 43586.00
820.52 -2308.09 779.22 0.55 -1.32 -0.10 43617.00
812.95 -2307.42 786.77 0.21 -1.36 -0.26 43649.00
805.51 -2308.59 793.61 0.02 -1.60 -0.21 43679.00
799.40 -2311.35 801.24 -0.07 -1.65 -0.34 43711.00
795.50 -2315.80 808.96 -0.13 -1.36 -0.35 43742.00
793.16 -2321.85 816.70 -0.05 -1.10 -0.29 43773.00
790.81 -2328.17 823.95 -0.05 -0.88 -0.16 43804.00
788.62 -2334.49 831.05 -0.11 -0.75 0.03 43836.00
787.27 -2339.98 837.90 -0.19 -0.61 0.16 43868.00
785.71 -2344.23 843.63 -0.28 -0.45 0.18 43898.00
783.35 -2347.75 848.82 -0.37 -0.38 0.25 43929.00
780.64 -2350.43 853.32 -0.53 -0.35 0.21 43960.00
777.86 -2353.77 857.39 -0.60 -0.33 0.24 43992.00
775.79 -2357.21 860.66 -0.54 -0.33 0.36 44022.00
774.00 -2360.71 863.43 -0.59 -0.31 0.44 44054.00
773.18 -2364.39 865.84 -0.55 -0.32 0.57 44085.00
773.91 -2367.27 867.97 -0.49 -0.24 0.66 44115.00
775.15 -2369.49 869.88 -0.48 -0.22 0.81 44146.00
777.05 -2370.80 871.90 -0.54 -0.19 0.76 44177.00
780.54 -2372.08 874.07 -0.45 -0.15 0.58 44209.00
784.74 -2373.64 876.17 -0.32 -0.10 0.51 44239.00
790.02 -2374.77 878.10 -0.27 0.05 0.48 44270.00
794.26 -2375.70 879.15 -0.28 0.18 0.50 44301.00
797.70 -2376.21 879.84 -0.31 0.16 0.54 44332.00
801.56 -2376.42 880.43 -0.36 0.24 0.54 44363.00
805.40 -2376.17 880.89 -0.38 0.29 0.49 44394.00
810.35 -2375.80 881.20 -0.33 0.31 0.42 44425.00
815.32 -2374.41 881.02 -0.35 0.39 0.25 44455.00
820.79 -2373.13 880.49 -0.47 0.39 0.17 44486.00
827.64 -2372.31 879.55 -0.54 0.44 0.05 44518.00
834.75 -2372.49 877.59 -0.61 0.53 -0.04 44549.00
841.29 -2373.12 875.06 -0.68 0.47 0.02 44579.00
848.84 -2374.46 872.13 -0.66 0.40 -0.06 44611.00
856.05 -2375.87 868.52 -0.77 0.44 -0.14 44642.00
861.80 -2377.70 863.85 -0.93 0.46 -0.14 44674.00
865.93 -2380.99 858.76 -1.03 0.43 -0.03 44704.00
868.71 -2385.44 851.85 -0.90 0.39 0.07 44735.00
868.78 -2388.98 843.85 -0.67 0.20 0.15 44767.00
867.26 -2393.45 836.35 -0.69 -0.17 0.31 44797.00
866.02 -2397.75 828.35 -0.59 -0.36 0.35 44829.00
865.63 -2400.34 820.59 -0.30 -0.32 0.30 44860.00
866.57 -2402.48 812.84 -0.30 -0.24 0.30 44891.00
868.16 -2406.74 805.34 -0.29 -0.28 0.27 44921.00
869.31 -2412.79 797.59 -0.08 -0.33 0.27 44952.00
869.60 -2419.04 789.58 0.10 -0.57 0.43 44984.00
869.69 -2425.39 781.83 0.33 -0.85 0.49 45015.00
870.96 -2432.81 774.33 0.55 -1.10 0.62 45045.00
873.75 -2441.37 766.33 1.21 -1.20 0.73 45077.00
876.49 -2449.42 758.57 1.97 -0.88 0.68 45108.00
878.52 -2456.57 751.07 2.69 -0.83 0.91 45138.00
879.91 -2461.92 743.07 2.66 -1.07 1.09 45170.00
880.72 -2464.85 735.41 1.87 -1.22 0.92 45201.00
879.90 -2464.89 731.05 1.33 -1.27 0.62 45232.00
877.49 -2463.46 731.32 0.78 -1.03 0.51 45263.00
875.84 -2463.89 735.32 0.92 -0.83 0.55 45294.00
874.64 -2464.29 739.85 1.33 -0.59 0.55 45325.00
873.42 -2463.83 743.90 1.26 -0.40 0.63 45357.00
871.85 -2462.70 747.40 1.15 -0.45 0.68 45387.00
869.40 -2460.78 750.96 1.22 -0.74 0.71 45419.00
865.93 -2458.33 754.82 1.09 -0.97 0.65 45450.00
861.23 -2455.23 759.87 1.21 -1.23 0.57 45480.00
856.84 -2451.37 766.50 1.07 -1.41 0.54 45511.00
856.02 -2447.66 774.25 1.08 -1.72 0.38 45542.00
858.17 -2445.09 782.26 0.89 -1.64 0.15 45574.00
859.74 -2443.73 789.76 0.80 -1.38 0.11 45604.00
858.48 -2442.29 797.77 0.65 -1.27 0.11 45636.00
855.42 -2441.39 805.52 0.44 -1.33 0.07 45667.00
852.06 -2441.39 813.53 0.26 -1.31 0.02 45699.00
847.78 -2442.02 820.88 0.06 -1.19 -0.05 45730.00
842.14 -2443.89 827.85 -0.09 -1.17 -0.08 45761.00
834.94 -2447.08 834.77 -0.17 -1.11 -0.09 45793.00
827.78 -2451.30 840.94 -0.15 -1.14 -0.08 45824.00
821.27 -2456.11 846.99 -0.18 -1.18 -0.04 45855.00
816.30 -2461.68 853.32 -0.24 -1.03 0.05 45886.00
812.69 -2467.79 859.29 -0.24 -0.87 0.16 45918.00
810.93 -2472.47 864.61 -0.29 -0.71 0.20 45948.00
808.96 -2476.98 870.07 -0.41 -0.53 0.23 45980.00
806.81 -2480.89 875.18 -0.44 -0.40 0.40 46011.00
804.63 -2483.65 879.57 -0.53 -0.32 0.41 46042.00
802.50 -2486.51 883.07 -0.61 -0.26 0.44 46072.00
800.93 -2489.47 886.06 -0.57 -0.28 0.55 46104.00
801.84 -2492.17 888.56 -0.53 -0.25 0.75 46135.00
803.78 -2493.10 890.27 -0.56 -0.17 0.65 46166.00
807.08 -2493.92 892.26 -0.67 -0.22 0.45 46196.00
811.90 -2495.62 895.00 -0.64 -0.27 0.29 46228.00
817.40 -2498.57 897.77 -0.52 -0.13 0.28 46259.00
822.05 -2503.23 900.18 -0.33 -0.12 0.53 46289.00
827.85 -2504.30 902.57 -0.25 -0.03 0.46 46321.00
834.01 -2504.54 904.78 -0.30 0.13 0.42 46352.00
839.16 -2504.87 907.03 -0.41 0.31 0.42 46383.00
843.95 -2505.79 909.48 -0.34 0.44 0.45 46413.00
848.46 -2505.52 911.14 -0.26 0.59 0.36 46444.00
852.15 -2504.24 911.60 -0.35 0.59 0.24 46476.00
855.94 -2502.97 911.58 -0.48 0.57 0.09 46507.00
860.27 -2502.46 911.29 -0.51 0.60 -0.02 46538.00
864.54 -2502.31 910.47 -0.50 0.60 -0.07 46569.00
869.15 -2502.20 909.28 -0.59 0.57 -0.15 46600.00
874.40 -2502.99 907.88 -0.61 0.54 -0.15 46631.00
879.59 -2504.21 906.34 -0.65 0.61 -0.14 46662.00
884.72 -2505.53 904.48 -0.67 0.71 -0.12 46693.00
890.27 -2506.17 900.85 -0.55 0.80 -0.24 46725.00
893.53 -2505.90 895.75 -0.67 0.77 -0.19 46755.00
895.11 -2506.66 889.24 -0.94 0.50 -0.08 46787.00
896.69 -2509.55 881.68 -0.93 0.19 0.08 46818.00
898.06 -2513.56 873.67 -0.80 -0.04 0.17 46850.00
899.46 -2517.13 866.17 -0.77 -0.19 0.23 46880.00
901.69 -2520.88 858.77 -0.80 -0.34 0.33 46911.00
906.40 -2524.99 852.26 -0.63 -0.30 0.33 46943.00
910.89 -2529.04 845.90 -0.47 -0.15 0.32 46973.00
912.02 -2532.37 838.02 -0.36 -0.17 0.24 47005.00
911.95 -2535.83 830.27 -0.53 -0.43 0.22 47036.00
911.34 -2541.94 822.52 -0.41 -0.60 0.31 47067.00
910.51 -2548.89 814.76 -0.09 -0.72 0.36 47098.00
911.02 -2556.60 807.01 0.13 -0.84 0.41 47129.00
912.26 -2564.95 799.26 0.58 -1.00 0.62 47160.00
912.42 -2573.22 791.26 1.26 -1.02 0.63 47192.00
913.01 -2580.48 783.75 1.77 -0.92 0.73 47222.00
914.42 -2586.96 776.00 2.12 -0.81 0.72 47253.00
915.57 -2591.97 768.00 2.48 -1.02 0.73 47285.00
917.10 -2594.53 760.52 2.13 -1.28 0.65 47315.00
917.92 -2594.51 755.43 1.28 -1.18 0.45 47346.00
917.16 -2593.26 754.70 0.71 -0.97 0.37 47378.00
916.70 -2593.98 758.15 0.83 -0.82 0.46 47409.00
916.48 -2594.85 762.82 1.25 -0.63 0.50 47439.00
916.33 -2595.37 767.08 1.33 -0.41 0.53 47471.00
914.81 -2594.65 770.42 1.24 -0.49 0.54 47502.00
912.01 -2593.28 774.14 1.17 -0.76 0.55 47534.00
909.20 -2591.45 778.34 1.27 -1.11 0.49 47564.00
906.73 -2589.03 783.80 1.06 -1.16 0.45 47595.00
904.77 -2586.17 790.23 1.08 -1.39 0.38 47626.00
903.62 -2583.26 797.34 1.02 -1.47 0.28 47657.00
902.69 -2580.54 805.03 0.90 -1.49 0.15 47688.00
901.82 -2578.44 813.04 0.69 -1.56 0.05 47720.00
901.80 -2578.03 820.80 0.48 -1.51 0.02 47751.00
901.81 -2578.75 828.55 0.40 -1.41 -0.02 47782.00
900.21 -2579.84 836.56 0.34 -1.34 -0.05 47814.00
896.91 -2581.84 844.31 0.18 -1.35 0.02 47845.00
893.03 -2584.87 852.15 0.09 -1.36 0.03 47877.00
889.33 -2588.33 859.23 0.02 -1.41 0.09 47907.00
885.61 -2592.22 866.99 -0.02 -1.41 0.12 47939.00
882.68 -2596.23 874.20 -0.11 -1.35 0.14 47970.00
879.83 -2600.43 881.71 -0.14 -1.08 0.13 48002.00
877.04 -2604.21 888.76 -0.17 -0.95 0.18 48032.00
874.45 -2607.96 895.81 -0.24 -0.80 0.23 48064.00
872.06 -2611.19 902.47 -0.29 -0.64 0.25 48095.00
869.35 -2614.06 908.78 -0.34 -0.45 0.23 48126.00
866.87 -2617.22 914.27 -0.44 -0.38 0.30 48157.00
865.64 -2620.80 919.17 -0.48 -0.28 0.40 48188.00
864.80 -2624.19 923.48 -0.54 -0.12 0.49 48219.00
863.81 -2627.96 926.89 -0.63 -0.09 0.68 48250.00
864.57 -2631.40 929.29 -0.44 0.05 0.81 48281.00
864.00 -2632.26 930.64 -0.39 0.18 0.82 48312.00
862.27 -2631.63 932.30 -0.48 -0.11 0.69 48343.00
862.70 -2631.41 934.47 -0.55 -0.24 0.52 48373.00
865.80 -2632.90 936.91 -0.57 -0.29 0.50 48404.00
872.21 -2636.12 939.80 -0.36 -0.13 0.48 48436.00
878.80 -2638.21 942.31 -0.18 0.08 0.42 48466.00
883.57 -2638.66 944.30 -0.22 0.28 0.42 48497.00
886.65 -2639.40 945.90 -0.35 0.26 0.56 48528.00
890.41 -2640.24 947.60 -0.35 0.33 0.57 48559.00
894.42 -2640.91 949.13 -0.23 0.43 0.57 48589.00
899.00 -2640.18 950.27 -0.17 0.50 0.46 48620.00
904.31 -2638.55 950.92 -0.26 0.56 0.28 48652.00
909.83 -2636.99 950.95 -0.30 0.64 0.10 48683.00
914.22 -2635.18 949.94 -0.39 0.75 -0.05 48714.00
918.38 -2634.04 948.05 -0.52 0.65 -0.06 48745.00
924.06 -2633.91 945.80 -0.57 0.55 -0.16 48776.00
930.85 -2634.84 943.39 -0.60 0.59 -0.27 48806.00
938.15 -2636.03 940.45 -0.76 0.62 -0.35 48838.00
944.92 -2638.26 937.01 -0.94 0.64 -0.31 48869.00
949.97 -2641.83 932.96 -1.01 0.63 -0.13 48900.00
954.41 -2646.62 927.92 -1.01 0.49 0.03 48931.00
958.21 -2651.69 921.06 -0.81 0.42 0.04 48962.00
957.60 -2655.67 913.05 -0.77 0.15 0.19 48994.00
955.66 -2660.47 905.30 -0.77 -0.18 0.32 49025.00
954.99 -2664.15 897.55 -0.62 -0.30 0.31 49056.00
955.64 -2667.08 889.88 -0.64 -0.37 0.34 49087.00
957.44 -2671.15 883.32 -0.63 -0.35 0.36 49118.00
960.84 -2675.65 877.33 -0.52 -0.28 0.34 49149.00
964.33 -2681.06 870.50 -0.50 -0.24 0.30 49180.00
965.81 -2689.07 862.77 -0.36 -0.21 0.34 49211.00
964.18 -2697.87 854.77 -0.07 -0.38 0.47 49243.00
963.27 -2705.85 847.26 0.26 -0.59 0.57 49273.00
963.26 -2713.86 839.51 0.62 -0.81 0.57 49304.00
963.81 -2721.87 831.76 1.12 -0.82 0.71 49335.00
963.80 -2729.69 824.01 1.56 -0.65 0.61 49366.00
963.35 -2736.52 816.25 1.88 -0.68 0.78 49397.00
963.41 -2742.61 808.50 2.34 -0.75 0.70 49428.00
962.63 -2746.35 800.70 2.42 -0.82 0.82 49460.00
961.11 -2747.58 794.33 1.85 -1.03 0.67 49490.00
958.88 -2747.72 790.59 1.22 -1.09 0.47 49521.00
956.11 -2747.39 790.77 0.80 -0.96 0.50 49553.00
955.18 -2748.47 793.80 0.98 -0.84 0.54 49584.00
954.67 -2749.06 797.33 1.27 -0.63 0.57 49614.00
953.35 -2748.61 801.24 1.23 -0.50 0.61 49646.00
951.19 -2747.33 805.22 1.25 -0.58 0.55 49677.00
947.62 -2745.42 809.07 1.15 -0.78 0.51 49709.00
944.02 -2743.44 813.41 1.17 -1.15 0.53 49739.00
941.19 -2741.28 819.28 1.12 -1.30 0.45 49770.00
938.77 -2738.87 825.84 1.05 -1.34 0.40 49801.00
936.90 -2736.35 832.70 0.97 -1.36 0.27 49832.00
934.74 -2733.86 839.80 0.86 -1.42 0.16 49863.00
932.53 -2732.54 847.41 0.69 -1.51 0.06 49895.00
931.09 -2732.97 855.04 0.59 -1.55 -0.06 49926.00
929.99 -2734.74 862.74 0.54 -1.58 -0.07 49957.00
929.60 -2737.12 870.50 0.49 -1.54 -0.04 49988.00
929.14 -2739.05 878.50 0.41 -1.42 -0.08 50020.00
927.31 -2740.68 886.26 0.14 -1.28 -0.09 50051.00
924.75 -2743.43 894.01 -0.06 -1.27 -0.06 50082.00
921.11 -2747.06 901.65 -0.05 -1.06 -0.06 50113.00
916.19 -2750.77 908.73 -0.08 -1.08 0.04 50144.00
912.12 -2754.86 915.92 -0.19 -1.07 0.09 50176.00
909.15 -2759.21 922.48 -0.24 -0.86 0.09 50207.00
906.04 -2763.42 928.25 -0.30 -0.71 0.18 50238.00
903.57 -2767.25 933.55 -0.37 -0.61 0.29 50269.00
900.93 -2771.36 938.47 -0.42 -0.51 0.22 50300.00
898.51 -2775.56 943.07 -0.46 -0.47 0.34 50331.00
897.02 -2779.19 947.57 -0.45 -0.42 0.46 50362.00
896.17 -2781.84 951.85 -0.53 -0.26 0.50 50393.00
895.09 -2784.68 955.30 -0.59 -0.16 0.61 50423.00
893.91 -2787.22 958.02 -0.57 -0.18 0.65 50454.00
893.51 -2789.22 960.19 -0.59 -0.19 0.65 50486.00
893.92 -2791.21 962.01 -0.55 -0.19 0.65 50516.00
895.20 -2793.39 963.72 -0.49 -0.23 0.75 50547.00
898.39 -2794.54 965.78 -0.48 -0.24 0.58 50578.00
903.35 -2796.69 967.92 -0.38 -0.08 0.57 50609.00
908.62 -2798.18 969.42 -0.28 0.08 0.50 50640.00
913.27 -2799.23 970.55 -0.29 0.19 0.47 50671.00
917.15 -2800.28 971.11 -0.26 0.19 0.55 50702.00
921.96 -2801.04 971.37 -0.28 0.21 0.57 50733.00
927.62 -2801.94 971.79 -0.26 0.30 0.55 50763.00
933.79 -2802.17 972.15 -0.18 0.44 0.47 50794.00
939.71 -2801.40 971.64 -0.23 0.44 0.38 50825.00
945.76 -2800.46 970.69 -0.24 0.35 0.23 50855.00
952.61 -2798.27 969.71 -0.29 0.28 0.02 50887.00
959.33 -2796.86 968.50 -0.47 0.35 -0.16 50918.00
965.65 -2796.81 966.49 -0.66 0.37 -0.23 50949.00
972.17 -2798.47 964.23 -0.72 0.42 -0.26 50980.00
978.36 -2801.16 961.31 -0.81 0.60 -0.28 51011.00
983.90 -2805.50 956.37 -0.97 0.70 -0.15 51042.00
988.78 -2812.22 948.82 -0.77 0.68 0.07 51074.00
990.61 -2818.20 941.32 -0.67 0.48 0.28 51104.00
988.60 -2825.72 933.31 -0.80 0.09 0.61 51136.00
985.65 -2834.15 925.56 -0.85 -0.64 1.12 51167.00
986.60 -2838.66 918.06 -0.46 -0.95 0.92 51197.00
988.25 -2840.55 910.67 -0.71 -0.76 0.69 51228.00
989.94 -2843.57 904.02 -0.78 -0.72 0.56 51259.00
991.10 -2847.73 898.24 -0.66 -0.60 0.57 51290.00
991.83 -2852.19 893.70 -0.47 -0.49 0.58 51320.00
992.45 -2856.80 889.18 -0.36 -0.46 0.62 51351.00
992.89 -2861.97 884.41 -0.32 -0.49 0.59 51382.00
993.67 -2868.36 879.94 -0.20 -0.46 0.67 51412.00
994.65 -2875.50 874.95 -0.05 -0.46 0.80 51443.00
994.96 -2883.99 868.28 0.22 -0.50 0.71 51474.00
994.85 -2892.56 861.24 0.66 -0.46 0.64 51506.00
992.83 -2900.10 854.45 1.12 -0.54 0.67 51536.00
989.85 -2907.52 846.81 1.61 -0.63 0.71 51567.00
986.11 -2912.82 840.17 1.72 -0.59 0.65 51599.00
982.05 -2915.58 835.22 1.98 -0.61 0.63 51630.00
977.12 -2916.30 829.98 1.90 -0.85 0.74 51661.00
973.96 -2915.91 825.80 1.54 -1.19 0.76 51692.00
972.89 -2914.99 824.78 1.10 -1.17 0.63 51723.00
972.81 -2914.33 826.83 1.00 -1.02 0.56 51753.00
972.42 -2914.02 830.40 1.13 -0.83 0.58 51784.00
970.94 -2913.12 835.20 1.29 -0.74 0.57 51816.00
968.53 -2911.68 840.59 1.25 -0.71 0.63 51847.00
966.03 -2909.78 845.95 1.26 -0.80 0.57 51878.00
963.58 -2907.31 851.38 1.12 -0.90 0.54 51909.00
961.27 -2904.66 857.27 1.05 -1.11 0.41 51940.00
958.83 -2902.05 863.87 0.88 -1.19 0.37 51972.00
956.11 -2899.70 870.38 0.71 -1.25 0.28 52002.00
953.59 -2897.93 877.29 0.51 -1.30 0.21 52034.00
951.56 -2896.73 884.14 0.38 -1.36 0.09 52065.00
949.67 -2896.00 891.42 0.29 -1.34 -0.01 52097.00
947.06 -2895.38 898.20 0.04 -1.30 -0.03 52127.00
944.15 -2896.95 905.02 -0.08 -1.36 -0.04 52159.00
940.70 -2899.37 911.07 -0.06 -1.23 -0.07 52190.00
936.26 -2902.17 916.81 -0.11 -1.30 -0.08 52220.00
931.28 -2905.67 922.72 -0.18 -1.34 -0.12 52252.00
926.22 -2910.33 928.32 -0.25 -1.36 -0.08 52284.00
921.80 -2915.97 934.11 -0.20 -1.35 -0.08 52315.00
918.23 -2922.04 940.13 -0.11 -1.19 0.00 52346.00
915.39 -2927.57 946.06 -0.10 -0.95 0.09 52377.00
912.97 -2932.44 952.31 -0.18 -0.76 0.14 52409.00
910.93 -2936.24 957.93 -0.30 -0.55 0.18 52440.00
908.15 -2940.50 962.76 -0.43 -0.49 0.25 52470.00
905.68 -2944.68 967.62 -0.44 -0.39 0.36 52502.00
903.80 -2948.43 971.71 -0.53 -0.29 0.44 52533.00
902.27 -2951.55 974.98 -0.63 -0.23 0.46 52563.00
901.06 -2954.86 977.96 -0.78 -0.23 0.50 52595.00
901.19 -2959.10 980.27 -0.72 -0.24 0.90 52626.00
902.61 -2960.81 981.74 -0.63 -0.19 0.76 52657.00
904.58 -2962.19 984.24 -0.64 -0.20 0.64 52688.00
906.81 -2962.96 986.63 -0.53 -0.16 0.43 52719.00
910.66 -2965.56 988.98 -0.48 -0.16 0.49 52750.00
916.24 -2968.09 991.07 -0.30 -0.01 0.47 52781.00
921.18 -2969.33 992.62 -0.27 0.17 0.43 52811.00
925.09 -2970.63 993.67 -0.26 0.25 0.43 52843.00
928.23 -2971.73 994.38 -0.28 0.26 0.47 52874.00
931.56 -2972.93 994.84 -0.31 0.30 0.50 52904.00
935.78 -2973.99 995.05 -0.25 0.34 0.49 52935.00
940.02 -2974.40 994.98 -0.26 0.39 0.44 52966.00
944.11 -2974.24 994.73 -0.27 0.45 0.39 52997.00
947.32 -2973.44 993.99 -0.36 0.47 0.33 53027.00
951.95 -2973.24 992.98 -0.40 0.48 0.27 53058.00
957.20 -2972.85 991.53 -0.51 0.64 0.19 53090.00
961.82 -2972.87 989.03 -0.61 0.72 0.27 53121.00
966.34 -2972.54 985.95 -0.60 0.57 0.31 53151.00
971.57 -2971.67 982.06 -0.79 0.61 0.18 53183.00
975.00 -2971.49 976.68 -0.97 0.68 0.15 53214.00
975.23 -2970.62 969.65 -0.82 0.50 0.11 53244.00
974.96 -2969.32 961.65 -0.77 0.18 0.14 53276.00
976.41 -2969.42 953.90 -0.87 -0.11 0.23 53307.00
978.66 -2969.13 945.89 -0.76 -0.21 0.06 53339.00
980.14 -2968.55 938.39 -0.79 -0.48 0.08 53369.00
981.47 -2967.42 930.39 -0.73 -0.53 0.04 53401.00
982.36 -2966.59 922.63 -0.75 -0.66 0.05 53432.00
983.65 -2966.10 914.70 -0.65 -0.79 0.01 53464.00
984.81 -2964.72 907.53 -0.63 -0.73 -0.12 53494.00
985.07 -2965.26 901.00 -0.80 -0.86 0.02 53525.00
986.86 -2968.11 895.43 -0.57 -0.93 0.12 53557.00
989.66 -2970.83 890.71 -0.35 -0.90 0.14 53587.00
993.06 -2974.41 886.20 -0.34 -0.81 0.21 53619.00
996.73 -2979.41 881.65 -0.19 -0.74 0.28 53650.00
1000.51 -2985.44 875.82 0.04 -0.76 0.42 53682.00
1002.33 -2990.46 870.08 0.28 -0.77 0.44 53712.00
1003.63 -2995.21 862.97 0.40 -0.72 0.38 53744.00
1005.59 -3001.00 855.21 0.59 -0.67 0.39 53775.00
1007.13 -3007.51 847.46 0.95 -0.58 0.45 53806.00
1006.99 -3014.42 839.71 1.58 -0.72 0.44 53837.00
1006.32 -3020.37 831.96 2.22 -0.95 0.51 53868.00
1006.28 -3023.21 824.37 2.28 -1.16 0.70 53900.00
1007.39 -3024.35 818.65 1.73 -1.36 0.80 53931.00
1008.75 -3024.17 816.78 1.12 -1.27 0.61 53961.00
1008.39 -3023.40 819.03 1.06 -1.23 0.64 53992.00
1006.45 -3022.69 823.87 1.31 -1.09 0.68 54024.00
1004.24 -3021.37 829.41 1.44 -1.02 0.71 54054.00
1002.97 -3019.39 836.29 1.42 -1.09 0.73 54086.00
1002.36 -3016.78 843.35 1.26 -1.05 0.55 54117.00
1001.06 -3013.37 850.07 0.99 -1.17 0.40 54148.00
998.98 -3009.97 857.58 0.88 -1.42 0.33 54179.00
995.76 -3006.80 865.34 0.72 -1.47 0.17 54210.00
992.68 -3004.26 873.34 0.44 -1.52 0.17 54242.00
991.22 -3004.18 881.10 0.24 -1.46 0.04 54273.00
990.17 -3004.76 888.85 0.16 -1.26 -0.18 54304.00
987.57 -3006.01 896.39 0.05 -1.22 -0.10 54335.00
984.51 -3008.67 904.07 -0.01 -1.31 -0.06 54367.00
981.55 -3011.77 911.36 -0.03 -1.29 -0.08 54398.00
978.21 -3015.56 918.02 -0.11 -1.31 -0.03 54429.00
974.97 -3020.47 924.91 -0.15 -1.17 0.07 54461.00
971.79 -3025.14 931.49 -0.13 -1.04 0.04 54492.00
968.20 -3029.28 937.80 -0.19 -0.95 0.06 54523.00
964.50 -3033.76 943.89 -0.28 -0.85 0.06 54554.00
961.04 -3038.61 949.83 -0.31 -0.72 0.14 54586.00
958.45 -3043.59 955.16 -0.34 -0.62 0.31 54617.00
957.08 -3048.07 960.09 -0.40 -0.49 0.49 54647.00
955.68 -3052.11 964.53 -0.46 -0.36 0.60 54678.00
953.45 -3054.70 968.29 -0.50 -0.30 0.56 54709.00
951.18 -3057.32 971.23 -0.59 -0.33 0.62 54739.00
951.14 -3061.21 973.41 -0.40 -0.23 1.15 54771.00
951.10 -3060.66 974.72 -0.48 -0.22 0.85 54802.00
952.38 -3060.48 977.09 -0.64 -0.26 0.54 54833.00
954.44 -3061.58 979.35 -0.40 -0.27 0.42 54863.00
958.96 -3063.15 981.75 -0.24 -0.26 0.45 54894.00
966.05 -3063.76 983.45 -0.19 -0.07 0.37 54925.00
971.41 -3064.77 984.35 -0.22 0.09 0.45 54957.00
974.73 -3064.77 985.05 -0.22 0.10 0.51 54987.00
978.19 -3064.14 985.62 -0.32 0.08 0.55 55018.00
982.99 -3063.43 986.34 -0.32 0.05 0.49 55049.00
989.02 -3061.52 987.44 -0.35 0.05 0.33 55079.00
997.78 -3060.24 988.91 -0.35 0.18 0.15 55111.00
1005.09 -3058.77 989.79 -0.38 0.37 -0.06 55142.00
1011.64 -3057.81 989.82 -0.53 0.42 -0.14 55173.00
1018.23 -3057.72 988.92 -0.54 0.40 -0.22 55204.00
1024.61 -3058.37 987.23 -0.74 0.42 -0.32 55235.00
1031.68 -3060.95 985.16 -0.91 0.48 -0.30 55267.00
1038.60 -3065.11 982.45 -1.03 0.64 -0.23 55298.00
1043.69 -3070.06 978.67 -0.95 0.77 -0.12 55328.00
1048.16 -3075.71 972.86 -0.81 0.57 0.11 55360.00
1051.35 -3081.15 965.21 -0.70 0.53 0.15 55391.00
1050.21 -3087.98 957.45 -0.92 0.11 0.52 55422.00
1049.44 -3096.07 949.70 -0.75 -0.32 0.79 55453.00
1049.52 -3100.29 941.99 -0.44 -0.44 0.67 55484.00
1050.02 -3102.61 935.01 -0.65 -0.40 0.56 55515.00
1050.63 -3106.11 929.11 -0.83 -0.37 0.55 55546.00
1051.30 -3110.72 924.01 -0.64 -0.37 0.57 55577.00
1051.62 -3114.75 919.33 -0.53 -0.34 0.61 55608.00
1051.65 -3120.20 914.45 -0.56 -0.51 0.76 55639.00
1051.93 -3125.75 910.21 -0.34 -0.60 0.85 55669.00
1052.49 -3130.97 905.90 -0.21 -0.65 0.89 55701.00
1053.23 -3137.20 901.05 -0.18 -0.70 0.87 55732.00
1054.51 -3144.49 895.93 0.09 -0.63 0.85 55762.00
1055.29 -3151.66 890.75 0.44 -0.59 0.81 55793.00
1055.35 -3158.12 885.96 0.71 -0.60 0.91 55824.00
1055.92 -3165.00 881.31 0.95 -0.67 0.99 55855.00
1057.36 -3171.99 876.35 1.30 -0.73 1.14 55885.00
1058.89 -3178.62 871.49 1.66 -0.58 1.21 55917.00
1059.35 -3180.91 867.24 1.67 -0.53 1.07 55948.00
1057.38 -3180.63 863.96 1.09 -0.57 0.99 55980.00
1054.68 -3180.32 862.18 0.96 -0.74 0.88 56010.00
1053.55 -3180.03 862.17 0.91 -0.76 0.86 56041.00
1054.79 -3179.95 863.49 0.89 -0.62 0.81 56072.00
1057.71 -3180.24 865.54 0.93 -0.37 0.73 56103.00
1060.44 -3180.15 867.52 0.94 -0.12 0.66 56134.00
1061.49 -3179.64 868.83 0.90 -0.01 0.68 56166.00
1061.57 -3179.06 869.25 0.83 -0.08 0.68 56197.00
1061.13 -3178.48 869.37 0.79 -0.14 0.66 56228.00
1060.47 -3178.25 869.20 0.75 -0.26 0.74 56259.00
1060.59 -3178.62 868.96 0.82 -0.32 0.74 56290.00
1060.67 -3178.52 868.78 0.85 -0.32 0.73 56321.00
1060.75 -3178.53 868.65 0.84 -0.34 0.71 56352.00
1060.75 -3178.56 868.52 0.88 -0.32 0.71 56383.00
1060.23 -3178.43 868.34 0.88 -0.31 0.69 56415.00
1059.28 -3178.28 868.18 0.88 -0.35 0.74 56445.00
1058.43 -3178.10 868.03 0.91 -0.41 0.72 56477.00
1057.96 -3177.76 868.14 0.88 -0.43 0.70 56508.00
1057.78 -3177.72 868.47 0.86 -0.41 0.71 56539.00
1057.57 -3177.57 868.83 0.88 -0.41 0.71 56569.00
1057.48 -3177.43 869.33 0.86 -0.40 0.73 56600.00
1057.43 -3177.30 869.96 0.86 -0.37 0.72 56631.00
1057.27 -3177.02 870.57 0.85 -0.35 0.72 56662.00
1057.01 -3176.81 871.15 0.83 -0.34 0.72 56693.00
1056.69 -3176.54 871.66 0.83 -0.34 0.72 56724.00
1056.22 -3176.12 872.07 0.83 -0.34 0.69 56755.00
1055.49 -3175.75 872.49 0.80 -0.36 0.55 56785.00
1054.90 -3175.87 873.12 0.77 -0.38 0.53 56816.00
1054.67 -3175.39 873.52 0.76 -0.41 0.67 56848.00
1054.33 -3175.73 873.89 0.78 -0.47 0.67 56879.00
1054.31 -3176.05 874.11 0.78 -0.47 0.66 56909.00
1054.36 -3177.26 874.40 0.75 -0.43 0.65 56940.00
1052.82 -3178.29 874.48 0.85 -0.50 0.66 56971.00
1052.37 -3179.10 874.52 0.84 -0.47 0.59 57001.00
1051.79 -3179.99 874.50 0.86 -0.51 0.61 57033.00
1051.64 -3180.19 874.38 0.85 -0.50 0.57 57064.00
1052.94 -3177.98 874.03 0.95 -0.60 0.53 57095.00
1055.33 -3175.87 874.39 0.70 -0.45 0.99 57126.00
1054.78 -3176.88 874.55 0.80 -0.49 0.67 57157.00
1055.07 -3176.85 874.58 0.85 -0.51 0.68 57188.00
1055.79 -3177.06 874.64 0.80 -0.49 0.70 57219.00
1056.34 -3177.49 874.53 0.80 -0.38 0.68 57249.00
1055.40 -3177.45 874.20 0.82 -0.30 0.69 57281.00
1053.46 -3176.93 873.59 0.83 -0.39 0.75 57312.00
1051.79 -3176.35 873.19 0.85 -0.51 0.70 57342.00
1051.04 -3175.76 873.10 0.74 -0.54 0.65 57373.00
1051.07 -3175.88 873.36 0.80 -0.53 0.66 57404.00
1051.41 -3175.53 873.84 0.81 -0.50 0.68 57435.00
1051.80 -3175.75 874.07 0.81 -0.50 0.71 57465.00
1053.09 -3175.78 873.84 0.80 -0.53 0.73 57496.00
1055.17 -3175.38 873.86 0.83 -0.48 0.72 57527.00
1056.93 -3174.73 873.92 0.79 -0.31 0.64 57559.00
1056.18 -3173.96 873.71 0.78 -0.29 0.68 57589.00
1054.80 -3173.51 873.67 0.73 -0.42 0.66 57620.00
1053.27 -3173.58 873.82 0.74 -0.48 0.64 57651.00
1052.06 -3173.78 874.23 0.76 -0.56 0.66 57681.00
1052.09 -3173.98 875.08 0.78 -0.63 0.68 57712.00
1053.18 -3174.48 876.67 0.75 -0.54 0.74 57744.00
1053.16 -3175.24 878.22 0.75 -0.51 0.66 57775.00
1053.09 -3175.87 878.96 0.73 -0.50 0.67 57805.00
1052.70 -3175.99 879.33 0.83 -0.47 0.77 57836.00
1051.12 -3175.23 879.74 0.73 -0.47 0.75 57867.00
1048.99 -3174.64 880.53 0.74 -0.62 0.74 57897.00
1047.92 -3174.10 881.47 0.74 -0.64 0.63 57928.00

