8.47 2.95 12.06 1.37 -0.57 1.65 3540.00
8.01 7.90 14.80 1.16 -0.54 1.65 3571.00
8.74 13.31 18.11 0.92 -0.77 1.49 3602.00
11.90 18.04 22.11 0.75 -0.77 1.40 3632.00
15.10 23.40 26.55 0.68 -0.45 1.23 3662.00
13.00 29.82 30.08 0.39 -0.22 1.07 3693.00
6.45 36.13 33.03 -0.00 -0.58 0.88 3724.00
-0.57 40.77 37.55 -0.26 -1.03 0.86 3755.00
-5.43 44.28 44.03 -0.28 -1.06 0.75 3785.00
-9.35 46.37 51.57 -0.21 -1.02 0.70 3816.00
-13.28 48.03 59.59 -0.14 -0.94 0.60 3848.00
-15.95 49.31 67.11 -0.10 -0.84 0.59 3878.00
-17.52 50.38 74.87 -0.11 -0.65 0.46 3909.00
-19.60 51.56 82.64 -0.17 -0.50 0.42 3940.00
-22.45 52.22 90.41 -0.22 -0.46 0.41 3971.00
-24.71 52.85 97.92 -0.24 -0.28 0.46 4001.00
-27.73 53.46 105.41 -0.28 -0.04 0.47 4032.00
-31.81 54.07 111.23 -0.40 0.02 0.51 4063.00
-35.93 54.21 116.07 -0.46 0.03 0.64 4093.00
-39.24 54.86 120.49 -0.49 0.00 0.70 4124.00
-41.50 56.28 123.87 -0.58 0.05 0.59 4154.00
-43.74 56.78 126.68 -0.63 0.05 0.58 4185.00
-45.66 57.68 128.86 -0.63 0.03 0.50 4215.00
-47.16 57.79 130.79 -0.68 -0.01 0.48 4247.00
-47.72 57.13 132.38 -0.68 -0.03 0.51 4278.00
-47.14 56.31 133.78 -0.63 -0.03 0.55 4308.00
-45.67 55.39 135.31 -0.65 -0.02 0.55 4339.00
-43.01 54.28 137.11 -0.64 0.03 0.56 4371.00
-40.01 53.04 138.89 -0.59 0.14 0.61 4401.00
-36.96 52.46 140.49 -0.51 0.24 0.56 4431.00
-34.22 51.76 141.74 -0.55 0.35 0.56 4462.00
-31.64 50.67 142.60 -0.55 0.37 0.59 4493.00
-28.54 49.63 143.20 -0.47 0.39 0.62 4524.00
-25.19 49.24 143.67 -0.45 0.47 0.55 4554.00
-22.03 49.07 143.84 -0.43 0.52 0.52 4585.00
-19.07 49.15 143.50 -0.39 0.51 0.46 4615.00
-16.17 49.71 142.78 -0.40 0.53 0.39 4645.00
-13.81 50.37 141.41 -0.46 0.52 0.37 4676.00
-11.01 51.18 139.66 -0.48 0.43 0.29 4707.00
-7.29 52.10 137.53 -0.51 0.54 0.12 4738.00
-5.87 53.45 134.20 -0.62 0.51 0.16 4768.00
-3.40 54.23 130.86 -0.72 0.20 0.22 4799.00
1.92 54.17 127.86 -0.85 0.32 0.04 4830.00
6.31 53.42 124.38 -1.01 0.35 0.10 4860.00
11.74 51.85 120.67 -0.90 0.28 0.16 4892.00
16.43 50.67 116.44 -0.85 0.28 0.17 4923.00
21.37 49.02 111.59 -0.86 0.24 0.12 4954.00
25.50 47.02 105.68 -0.79 0.23 0.12 4985.00
29.01 43.42 99.23 -0.86 0.11 0.25 5016.00
33.57 38.08 92.44 -0.69 0.11 0.29 5047.00
35.17 33.18 84.71 -0.47 0.10 0.40 5078.00
35.72 27.78 77.22 -0.53 -0.17 0.54 5108.00
36.62 22.18 69.48 -0.38 -0.32 0.47 5139.00
35.06 17.33 61.74 -0.30 -0.43 0.42 5170.00
33.22 11.61 54.56 -0.37 -0.67 0.60 5199.00
32.37 3.62 47.26 -0.22 -0.97 0.85 5231.00
34.00 -3.74 41.38 0.20 -1.03 0.96 5262.00
36.52 -9.13 36.75 0.28 -1.02 0.98 5292.00
38.94 -15.20 32.23 0.31 -1.09 1.06 5322.00
41.67 -21.25 28.27 0.54 -1.00 1.07 5353.00
43.36 -26.28 24.65 0.76 -0.90 1.11 5384.00
44.43 -30.65 20.97 0.83 -0.88 1.08 5414.00
45.09 -34.65 17.65 0.89 -0.80 1.01 5444.00
45.04 -38.26 14.57 1.03 -0.72 1.00 5475.00
44.78 -41.51 11.44 1.08 -0.73 1.00 5506.00
45.25 -44.08 9.17 0.98 -0.78 0.97 5536.00
46.50 -45.76 7.97 0.91 -0.76 0.87 5566.00
48.31 -47.29 7.38 0.80 -0.66 0.78 5597.00
49.84 -49.14 7.36 0.83 -0.55 0.74 5627.00
50.45 -51.01 7.62 0.91 -0.44 0.82 5658.00
49.33 -52.35 8.01 1.03 -0.45 0.99 5688.00
46.99 -52.73 8.47 1.10 -0.58 1.16 5719.00
43.69 -51.99 9.32 1.14 -0.77 1.34 5749.00
40.03 -49.61 11.18 1.21 -0.96 1.29 5780.00
36.03 -45.98 14.27 1.07 -1.05 1.19 5810.00
32.62 -42.34 18.83 1.20 -1.38 1.19 5840.00
30.55 -38.61 25.05 1.30 -1.57 1.06 5871.00
29.97 -34.93 32.60 1.13 -1.42 0.91 5902.00
30.51 -31.68 40.37 1.02 -1.46 0.68 5933.00
31.12 -29.11 47.88 0.77 -1.32 0.53 5963.00
30.72 -27.26 55.65 0.46 -1.18 0.47 5994.00
29.66 -26.67 63.42 0.15 -1.14 0.47 6025.00
28.52 -27.55 71.18 0.02 -1.17 0.51 6056.00
26.51 -28.93 78.95 0.03 -1.12 0.46 6087.00
22.95 -30.40 86.72 0.05 -1.09 0.46 6118.00
18.58 -31.76 94.48 0.06 -1.13 0.48 6149.00
15.04 -33.20 102.25 -0.03 -0.99 0.45 6180.00
12.52 -35.06 110.02 -0.02 -0.71 0.41 6211.00
10.65 -36.22 117.78 -0.11 -0.62 0.42 6242.00
8.91 -37.56 125.55 -0.19 -0.35 0.43 6273.00
6.98 -38.61 132.84 -0.19 -0.14 0.46 6303.00
3.54 -38.54 139.07 -0.31 -0.03 0.45 6334.00
-0.20 -39.41 144.21 -0.46 -0.05 0.57 6365.00
-2.82 -40.33 148.20 -0.53 -0.08 0.63 6394.00
-4.02 -41.53 151.76 -0.49 -0.09 0.75 6425.00
-3.94 -40.93 154.70 -0.51 -0.00 0.67 6456.00
-3.62 -40.09 156.71 -0.62 0.12 0.58 6487.00
-4.25 -40.06 158.25 -0.78 0.07 0.54 6517.00
-4.69 -40.71 159.81 -0.68 -0.05 0.61 6549.00
-3.38 -40.72 161.59 -0.72 -0.14 0.56 6580.00
-1.23 -41.13 163.43 -0.75 -0.02 0.49 6610.00
1.09 -42.38 165.25 -0.70 0.04 0.51 6641.00
4.44 -44.18 167.01 -0.60 0.11 0.57 6672.00
8.01 -45.34 168.54 -0.50 0.20 0.55 6703.00
11.36 -46.33 169.81 -0.43 0.25 0.52 6733.00
14.51 -47.78 170.53 -0.40 0.34 0.53 6764.00
16.84 -49.25 170.58 -0.35 0.35 0.60 6794.00
19.59 -50.17 170.55 -0.36 0.34 0.62 6824.00
23.34 -51.01 170.33 -0.35 0.40 0.57 6855.00
27.28 -51.25 169.70 -0.28 0.41 0.48 6886.00
32.03 -50.84 169.03 -0.35 0.40 0.34 6917.00
36.78 -50.61 168.04 -0.37 0.44 0.22 6947.00
41.62 -50.43 166.69 -0.48 0.43 0.24 6978.00
48.83 -50.63 165.12 -0.50 0.47 0.10 7009.00
55.74 -50.39 162.83 -0.63 0.59 -0.08 7040.00
61.12 -50.86 160.51 -0.88 0.59 -0.01 7070.00
66.51 -52.85 157.98 -0.95 0.57 0.04 7101.00
71.10 -55.06 155.21 -0.95 0.61 0.06 7132.00
76.21 -58.37 152.03 -0.90 0.57 0.15 7163.00
80.24 -61.33 146.88 -0.75 0.67 0.08 7194.00
81.80 -64.21 140.87 -0.89 0.40 0.28 7225.00
84.83 -68.87 134.31 -0.88 0.27 0.32 7256.00
85.56 -72.50 126.86 -0.60 0.33 0.29 7286.00
84.09 -75.60 119.12 -0.76 -0.01 0.49 7317.00
84.98 -80.01 111.13 -0.80 -0.09 0.51 7349.00
80.80 -82.02 103.64 -0.54 -0.09 0.33 7379.00
74.85 -84.13 95.89 -0.62 -0.66 0.38 7410.00
72.58 -86.25 88.23 -0.58 -1.04 0.38 7441.00
73.92 -89.48 81.65 -0.54 -0.91 0.34 7472.00
76.80 -93.97 77.28 -0.36 -0.94 0.53 7502.00
81.30 -98.29 73.83 -0.26 -0.82 0.52 7533.00
85.83 -103.58 69.69 -0.18 -0.64 0.55 7564.00
88.10 -109.63 65.22 0.09 -0.70 0.74 7596.00
88.67 -113.51 61.24 0.33 -0.84 0.76 7625.00
88.61 -117.02 55.85 0.26 -0.89 0.73 7657.00
89.32 -122.88 50.04 0.38 -1.10 0.93 7688.00
90.59 -127.30 46.57 0.78 -1.04 0.91 7717.00
92.05 -129.77 43.97 0.87 -0.88 0.86 7748.00
94.79 -133.33 40.43 0.69 -0.81 0.94 7779.00
98.99 -137.87 37.32 0.85 -0.69 0.90 7810.00
102.57 -141.90 34.31 0.97 -0.53 0.91 7840.00
104.64 -146.06 31.05 0.99 -0.51 0.96 7871.00
105.62 -150.04 28.02 1.09 -0.59 1.05 7901.00
106.58 -153.72 25.58 1.18 -0.68 1.10 7931.00
107.65 -156.82 24.31 1.21 -0.64 1.13 7962.00
108.46 -158.77 24.67 1.05 -0.54 1.20 7993.00
109.14 -158.96 26.44 1.13 -0.53 1.29 8024.00
109.33 -157.57 29.04 1.13 -0.50 1.19 8054.00
108.31 -155.06 32.61 1.17 -0.50 1.15 8085.00
106.26 -151.98 36.79 1.27 -0.64 1.24 8116.00
104.07 -148.31 41.44 1.28 -0.77 1.26 8146.00
102.30 -143.61 46.59 1.27 -0.97 1.15 8177.00
101.12 -138.85 52.14 1.03 -1.04 0.96 8208.00
99.57 -134.49 58.32 0.90 -1.22 0.81 8239.00
97.36 -130.78 65.12 0.64 -1.24 0.62 8269.00
94.41 -127.90 72.64 0.37 -1.22 0.51 8300.00
91.68 -126.59 80.33 0.15 -1.22 0.44 8331.00
89.26 -126.76 88.35 0.09 -1.24 0.43 8363.00
86.90 -127.14 95.86 0.11 -1.06 0.36 8393.00
83.42 -127.53 103.63 0.08 -1.05 0.34 8424.00
79.05 -128.01 111.65 0.02 -1.09 0.29 8456.00
74.58 -128.76 119.16 -0.12 -0.93 0.31 8486.00
70.37 -130.80 126.93 -0.20 -0.76 0.46 8517.00
66.82 -132.96 134.94 -0.21 -0.71 0.47 8549.00
63.22 -134.68 142.70 -0.32 -0.58 0.45 8580.00
59.38 -136.85 149.92 -0.30 -0.43 0.53 8610.00
56.00 -137.86 156.16 -0.31 -0.29 0.56 8641.00
52.28 -138.36 161.41 -0.47 -0.17 0.52 8672.00
49.44 -139.27 165.75 -0.57 -0.22 0.57 8702.00
47.69 -139.98 169.55 -0.63 -0.16 0.53 8733.00
47.94 -141.22 172.29 -0.58 -0.07 0.69 8764.00
48.07 -140.75 173.80 -0.71 0.05 0.53 8795.00
47.75 -141.59 175.56 -0.77 -0.06 0.64 8825.00
47.70 -141.10 177.35 -0.71 -0.16 0.52 8856.00
48.63 -141.18 179.07 -0.80 -0.23 0.44 8888.00
51.25 -142.19 180.91 -0.74 -0.21 0.40 8919.00
54.18 -143.60 182.48 -0.60 -0.08 0.40 8949.00
56.58 -144.78 183.72 -0.59 -0.02 0.42 8981.00
59.18 -146.08 184.80 -0.60 -0.02 0.46 9012.00
62.41 -147.07 186.10 -0.61 0.01 0.41 9042.00
66.08 -148.61 187.61 -0.58 0.12 0.46 9074.00
70.03 -150.22 188.97 -0.60 0.19 0.50 9105.00
74.68 -151.70 190.23 -0.50 0.26 0.48 9136.00
79.64 -153.20 191.44 -0.43 0.37 0.45 9166.00
84.41 -154.46 192.28 -0.31 0.49 0.40 9197.00
86.85 -153.43 192.70 -0.41 0.59 0.39 9228.00
90.05 -153.25 193.19 -0.57 0.50 0.41 9259.00
94.70 -153.02 193.26 -0.51 0.59 0.24 9289.00
99.72 -152.55 192.71 -0.56 0.59 0.15 9320.00
105.74 -152.50 192.21 -0.54 0.53 0.10 9351.00
111.29 -152.24 191.24 -0.61 0.54 -0.02 9381.00
117.78 -152.86 189.90 -0.73 0.48 -0.04 9413.00
124.07 -154.01 188.52 -0.73 0.58 -0.09 9444.00
128.83 -154.93 186.71 -0.83 0.69 -0.07 9475.00
133.39 -156.47 183.69 -0.91 0.70 -0.02 9506.00
137.91 -158.79 179.44 -0.85 0.62 -0.04 9537.00
140.73 -160.39 174.22 -0.80 0.52 -0.13 9568.00
142.16 -163.42 167.47 -1.13 0.38 0.08 9600.00
144.55 -168.89 161.54 -1.00 0.16 0.25 9630.00
148.16 -173.41 155.28 -0.58 0.22 0.19 9661.00
149.62 -177.69 149.14 -0.89 0.10 0.26 9693.00
151.42 -183.56 144.03 -0.95 -0.07 0.31 9723.00
152.47 -188.26 138.42 -0.66 -0.04 0.21 9754.00
150.20 -192.50 132.13 -0.72 -0.17 0.22 9786.00
147.25 -198.68 126.10 -0.88 -0.51 0.43 9817.00
146.97 -205.00 121.66 -0.59 -0.64 0.62 9847.00
148.90 -211.22 117.36 -0.48 -0.67 0.75 9878.00
149.50 -216.76 113.29 -0.27 -0.64 0.77 9909.00
149.87 -221.26 109.31 -0.22 -0.61 0.70 9939.00
150.40 -227.26 104.07 -0.19 -0.71 0.86 9969.00
150.28 -233.36 99.14 0.13 -0.80 0.87 10000.00
150.90 -237.76 94.70 0.27 -0.78 0.78 10031.00
151.78 -244.08 88.69 0.19 -1.02 0.95 10062.00
153.40 -251.97 83.66 0.57 -1.07 0.93 10093.00
155.36 -258.19 81.02 0.93 -0.76 0.82 10124.00
156.34 -262.04 78.57 0.93 -0.49 0.78 10153.00
157.24 -267.18 75.19 0.83 -0.36 0.77 10184.00
157.60 -273.27 71.26 1.06 -0.35 0.87 10216.00
157.57 -278.70 67.49 1.35 -0.41 0.93 10247.00
157.45 -283.41 63.74 1.45 -0.47 1.05 10277.00
157.02 -286.69 59.97 1.47 -0.56 1.01 10309.00
155.06 -287.09 58.38 1.16 -0.58 0.98 10340.00
152.02 -286.46 59.13 1.00 -0.73 1.03 10371.00
149.45 -285.88 61.70 1.08 -0.82 1.09 10401.00
147.82 -284.37 65.72 1.31 -0.95 1.14 10432.00
147.43 -282.01 71.01 1.43 -0.90 1.06 10463.00
147.51 -278.68 76.73 1.54 -0.92 0.95 10493.00
147.72 -274.50 82.91 1.35 -0.91 0.88 10524.00
147.62 -269.93 89.28 1.10 -0.92 0.77 10555.00
146.36 -265.08 95.67 0.91 -1.03 0.71 10586.00
144.54 -260.82 102.13 0.57 -1.08 0.65 10616.00
142.39 -257.26 108.68 0.33 -1.15 0.55 10647.00
139.78 -254.31 115.81 0.17 -1.17 0.45 10679.00
136.57 -252.28 123.45 0.04 -1.22 0.41 10710.00
132.58 -250.77 131.21 0.02 -1.24 0.38 10741.00
128.05 -249.39 138.98 -0.07 -1.21 0.26 10772.00
123.41 -249.52 147.00 -0.26 -1.02 0.23 10804.00
118.57 -251.63 154.51 -0.26 -0.94 0.23 10834.00
114.26 -254.31 162.53 -0.13 -0.88 0.31 10866.00
111.26 -256.24 170.30 -0.20 -0.68 0.30 10897.00
108.11 -258.14 177.91 -0.36 -0.46 0.28 10928.00
104.98 -260.36 184.24 -0.37 -0.37 0.29 10958.00
101.88 -262.80 189.78 -0.42 -0.27 0.34 10989.00
98.85 -265.51 194.94 -0.48 -0.20 0.40 11021.00
97.09 -268.17 199.03 -0.52 -0.14 0.46 11052.00
95.64 -270.07 202.01 -0.53 -0.03 0.44 11082.00
93.20 -271.89 204.24 -0.54 -0.06 0.56 11113.00
90.98 -272.52 206.05 -0.66 -0.12 0.52 11145.00
89.23 -273.58 207.49 -0.72 -0.18 0.53 11175.00
88.36 -274.50 208.70 -0.72 -0.21 0.57 11206.00
88.12 -275.50 209.99 -0.75 -0.22 0.68 11238.00
88.81 -275.50 211.44 -0.82 -0.26 0.61 11269.00
90.66 -276.22 212.78 -0.77 -0.18 0.58 11299.00
93.08 -277.57 214.27 -0.79 -0.13 0.62 11331.00
95.77 -278.78 215.75 -0.72 -0.02 0.57 11362.00
98.45 -280.21 216.94 -0.65 0.07 0.56 11393.00
100.71 -281.90 217.76 -0.59 0.11 0.60 11423.00
103.19 -283.24 218.32 -0.49 0.08 0.64 11454.00
106.51 -283.43 218.90 -0.52 0.06 0.60 11485.00
110.40 -283.80 219.46 -0.59 0.13 0.54 11515.00
114.60 -284.78 220.15 -0.48 0.16 0.55 11547.00
119.02 -284.95 220.85 -0.41 0.28 0.45 11578.00
122.18 -284.39 221.19 -0.37 0.36 0.34 11609.00
123.81 -283.60 221.28 -0.41 0.34 0.29 11639.00
125.20 -283.17 221.51 -0.43 0.35 0.33 11670.00
126.84 -281.94 221.95 -0.47 0.32 0.34 11701.00
129.63 -280.22 222.60 -0.65 0.35 0.28 11731.00
134.14 -279.06 223.24 -0.76 0.48 0.21 11762.00
138.97 -278.14 223.63 -0.90 0.54 0.21 11794.00
145.62 -278.43 224.26 -0.93 0.58 0.22 11825.00
152.38 -278.84 224.09 -0.90 0.82 0.03 11855.00
157.95 -279.25 222.38 -0.88 0.93 0.10 11887.00
163.64 -279.53 219.81 -0.83 0.92 0.10 11918.00
169.30 -279.55 215.53 -0.73 0.78 0.01 11949.00
174.39 -279.95 210.30 -0.80 0.49 -0.04 11980.00
178.73 -281.18 204.47 -0.77 0.37 -0.10 12011.00
181.30 -282.67 197.54 -0.77 0.26 -0.04 12042.00
183.37 -284.77 190.10 -0.73 0.11 0.03 12073.00
185.97 -287.40 182.44 -0.66 0.03 0.04 12104.00
187.60 -290.51 174.45 -0.60 -0.08 0.09 12136.00
189.43 -294.34 166.90 -0.70 -0.30 0.19 12167.00
192.42 -298.05 159.87 -0.59 -0.36 0.11 12198.00
195.21 -303.28 152.71 -0.72 -0.46 0.17 12229.00
197.81 -310.18 146.04 -0.66 -0.52 0.25 12260.00
201.54 -317.84 139.48 -0.55 -0.51 0.34 12291.00
204.35 -326.70 132.26 -0.26 -0.60 0.44 12321.00
207.65 -335.61 126.79 0.27 -0.68 0.60 12353.00
209.58 -343.20 123.42 0.70 -0.61 0.71 12383.00
209.80 -350.34 116.45 0.80 -0.68 0.73 12413.00
210.38 -358.14 108.72 0.99 -0.86 0.72 12444.00
211.45 -365.67 103.20 1.20 -0.59 0.49 12476.00
209.69 -370.56 99.20 1.27 -0.29 0.42 12507.00
206.18 -376.01 93.32 1.62 -0.29 0.47 12537.00
202.70 -383.24 85.36 2.20 -0.48 0.67 12569.00
200.75 -388.40 77.63 2.56 -0.84 0.90 12600.00
199.96 -389.57 71.78 1.80 -1.06 0.76 12631.00
199.44 -389.62 68.77 0.96 -1.06 0.67 12661.00
199.93 -390.65 69.78 0.84 -0.96 0.69 12692.00
201.37 -391.42 74.12 1.27 -0.70 0.74 12723.00
202.70 -391.40 78.60 1.33 -0.43 0.88 12754.00
203.00 -390.39 82.68 1.43 -0.49 0.94 12785.00
202.53 -387.81 87.42 1.58 -0.75 0.88 12816.00
201.99 -384.20 93.64 1.70 -0.98 0.89 12848.00
202.32 -379.84 100.21 1.72 -1.14 0.79 12878.00
203.81 -373.96 107.92 1.63 -1.17 0.66 12909.00
206.18 -367.19 115.69 1.33 -1.38 0.63 12940.00
210.00 -361.32 123.45 0.94 -1.28 0.58 12971.00
212.18 -356.42 131.22 0.80 -1.10 0.49 13002.00
210.25 -351.28 138.99 0.43 -0.92 0.46 13033.00
206.43 -347.39 146.75 0.09 -0.99 0.45 13064.00
201.65 -345.41 154.52 -0.03 -1.06 0.37 13095.00
196.54 -344.36 162.29 -0.06 -1.02 0.33 13126.00
191.97 -344.39 170.30 -0.08 -0.93 0.30 13158.00
188.07 -344.67 178.07 -0.03 -0.76 0.29 13189.00
185.34 -344.66 185.84 -0.13 -0.62 0.30 13220.00
183.54 -345.36 193.60 -0.34 -0.50 0.41 13251.00
181.68 -346.63 201.37 -0.36 -0.29 0.47 13282.00
177.91 -346.71 208.72 -0.35 -0.01 0.54 13313.00
171.87 -345.57 214.01 -0.60 0.07 0.40 13343.00
164.68 -346.03 218.07 -0.74 -0.00 0.41 13374.00
158.11 -348.05 221.05 -0.68 -0.16 0.59 13406.00
154.78 -349.35 223.13 -0.64 -0.22 0.60 13436.00
153.23 -350.75 225.01 -0.59 -0.18 0.68 13467.00
152.21 -350.61 226.76 -0.56 -0.19 0.54 13498.00
152.30 -350.42 228.30 -0.68 -0.10 0.43 13530.00
152.33 -351.61 229.24 -0.67 -0.11 0.42 13560.00
152.72 -353.57 230.00 -0.61 -0.17 0.52 13591.00
154.51 -355.28 230.91 -0.53 -0.24 0.55 13623.00
158.53 -356.39 231.81 -0.51 -0.17 0.48 13654.00
163.12 -358.08 232.81 -0.48 -0.03 0.44 13684.00
167.36 -360.26 233.83 -0.42 0.06 0.52 13715.00
172.45 -361.83 234.70 -0.42 0.13 0.52 13746.00
177.66 -363.38 235.37 -0.33 0.22 0.49 13776.00
183.39 -364.00 236.07 -0.27 0.31 0.43 13807.00
188.64 -364.15 236.34 -0.30 0.41 0.38 13838.00
193.86 -363.39 235.72 -0.33 0.45 0.37 13869.00
199.02 -361.52 234.16 -0.43 0.60 0.18 13899.00
202.97 -358.73 231.31 -0.65 0.56 0.09 13931.00
207.34 -356.69 228.72 -0.71 0.31 0.10 13962.00
213.03 -354.79 226.64 -0.85 0.18 -0.04 13993.00
220.23 -353.93 225.68 -1.03 0.18 -0.10 14024.00
228.08 -354.49 225.32 -1.08 0.40 -0.19 14056.00
233.86 -355.66 225.10 -1.13 0.57 -0.20 14087.00
239.13 -358.06 224.80 -1.09 0.50 -0.05 14118.00
246.19 -361.96 223.33 -1.05 0.47 -0.06 14149.00
253.89 -367.14 220.35 -0.86 0.66 -0.11 14180.00
257.00 -370.98 215.22 -0.77 0.67 -0.01 14211.00
257.38 -374.86 208.31 -0.88 0.33 0.13 14242.00
257.54 -379.33 200.56 -0.67 0.10 0.20 14273.00
257.13 -382.76 192.57 -0.54 -0.01 0.16 14305.00
256.25 -385.82 184.83 -0.57 -0.17 0.18 14336.00
255.53 -389.46 177.10 -0.62 -0.35 0.20 14367.00
255.51 -393.64 169.76 -0.54 -0.45 0.27 14398.00
256.27 -398.62 162.88 -0.48 -0.49 0.31 14429.00
256.50 -404.21 156.37 -0.38 -0.50 0.36 14459.00
255.05 -410.95 148.95 -0.19 -0.53 0.47 14490.00
253.33 -417.50 141.23 0.04 -0.79 0.65 14521.00
251.68 -423.83 133.24 0.25 -0.97 0.62 14553.00
250.51 -430.01 125.75 0.45 -1.12 0.61 14583.00
249.80 -436.33 118.00 0.87 -1.27 0.66 14614.00
249.75 -440.48 110.72 1.12 -1.17 0.64 14645.00
250.69 -443.23 104.67 1.05 -1.02 0.65 14675.00
253.41 -446.60 98.33 1.17 -0.89 0.66 14706.00
256.71 -450.50 91.30 1.48 -0.81 0.65 14738.00
259.29 -453.81 83.92 1.70 -0.82 0.73 14769.00
261.67 -454.95 77.67 1.64 -1.01 0.61 14799.00
263.05 -455.10 73.53 1.20 -0.98 0.54 14830.00
262.80 -455.29 72.09 1.00 -0.94 0.55 14861.00
262.33 -455.93 74.26 1.02 -0.94 0.65 14892.00
262.77 -457.14 78.16 1.12 -0.83 0.76 14922.00
263.57 -458.18 82.75 1.29 -0.69 0.78 14953.00
262.93 -458.09 87.93 1.30 -0.60 0.80 14985.00
260.90 -457.06 93.30 1.33 -0.71 0.76 15015.00
258.25 -455.39 99.06 1.29 -0.92 0.71 15046.00
256.18 -453.48 105.30 1.16 -1.09 0.61 15077.00
254.76 -451.52 112.11 1.17 -1.35 0.54 15108.00
253.96 -449.46 119.48 1.06 -1.51 0.40 15139.00
253.53 -447.83 127.25 0.85 -1.54 0.28 15170.00
253.73 -447.01 135.01 0.59 -1.42 0.11 15201.00
254.17 -447.49 143.03 0.36 -1.32 0.06 15233.00
253.82 -448.90 150.55 0.19 -1.22 0.12 15263.00
252.38 -450.53 158.54 0.12 -1.11 0.09 15295.00
249.30 -452.30 165.53 -0.01 -1.17 0.05 15326.00
245.21 -455.21 172.56 -0.09 -1.43 0.07 15357.00
240.57 -458.95 180.33 -0.02 -1.24 0.08 15388.00
235.83 -462.90 188.35 0.00 -1.27 0.10 15420.00
231.52 -467.19 196.09 -0.07 -1.11 0.13 15451.00
227.66 -471.70 203.56 -0.16 -0.87 0.27 15482.00
224.63 -476.22 210.27 -0.20 -0.71 0.37 15513.00
221.62 -479.52 216.45 -0.25 -0.52 0.41 15544.00
218.21 -482.47 221.72 -0.39 -0.43 0.48 15575.00
214.76 -485.45 225.86 -0.39 -0.40 0.51 15605.00
211.28 -487.50 229.58 -0.44 -0.37 0.56 15636.00
208.96 -489.34 232.71 -0.49 -0.43 0.65 15667.00
208.86 -490.77 235.38 -0.53 -0.43 0.69 15697.00
210.54 -491.65 237.83 -0.51 -0.24 0.61 15728.00
211.44 -492.23 239.85 -0.62 -0.18 0.49 15760.00
212.24 -493.56 241.53 -0.59 -0.22 0.50 15791.00
214.04 -494.89 243.20 -0.52 -0.33 0.46 15821.00
218.34 -496.51 244.88 -0.38 -0.26 0.51 15852.00
223.94 -497.88 246.43 -0.37 -0.12 0.48 15883.00
229.08 -498.73 247.75 -0.39 0.01 0.47 15913.00
233.71 -499.19 248.88 -0.49 0.09 0.42 15944.00
238.48 -500.22 249.83 -0.56 0.13 0.44 15976.00
243.93 -501.14 250.56 -0.48 0.16 0.41 16007.00
249.69 -501.50 251.30 -0.46 0.23 0.31 16038.00
254.86 -501.63 251.98 -0.47 0.29 0.23 16069.00
259.40 -501.87 252.71 -0.55 0.27 0.22 16100.00
264.29 -503.32 253.99 -0.56 0.37 0.25 16132.00
268.40 -504.26 255.09 -0.54 0.50 0.25 16162.00
272.98 -504.40 255.47 -0.67 0.59 0.11 16193.00
277.30 -504.47 254.75 -0.84 0.70 0.03 16224.00
281.93 -505.32 254.07 -0.90 0.62 0.12 16256.00
288.55 -507.31 254.49 -0.96 0.81 0.11 16286.00
296.82 -510.48 254.86 -0.74 1.29 -0.00 16317.00
303.94 -513.30 250.79 -0.47 1.40 0.02 16349.00
306.34 -514.28 244.86 -0.57 0.94 -0.01 16379.00
303.81 -513.96 237.47 -0.66 0.43 -0.01 16410.00
299.68 -515.02 229.47 -0.78 0.01 0.12 16442.00
297.58 -517.12 221.95 -0.89 -0.24 0.26 16473.00
299.03 -518.95 215.76 -0.91 -0.30 0.25 16503.00
304.11 -522.06 210.31 -0.88 -0.21 0.22 16535.00
310.90 -526.69 205.82 -0.85 -0.02 0.20 16566.00
316.77 -532.60 201.15 -0.66 0.19 0.22 16598.00
318.61 -538.47 195.73 -0.47 0.14 0.36 16628.00
317.07 -543.85 189.70 -0.32 0.03 0.44 16659.00
312.88 -548.34 182.78 -0.47 -0.34 0.58 16690.00
309.99 -553.94 175.67 -0.40 -0.72 0.75 16720.00
307.92 -558.62 169.98 -0.26 -0.77 0.71 16751.00
307.67 -563.99 164.92 -0.33 -0.92 0.86 16782.00
309.61 -571.83 159.95 -0.18 -0.93 0.90 16814.00
311.51 -579.00 156.46 0.15 -0.70 0.92 16844.00
312.54 -586.02 152.16 0.30 -0.79 1.03 16875.00
313.91 -593.68 146.82 0.50 -0.87 0.99 16906.00
315.19 -600.17 142.03 0.75 -0.62 0.81 16936.00
315.21 -605.72 136.76 0.88 -0.39 0.65 16967.00
313.47 -610.98 130.52 1.01 -0.40 0.66 16998.00
311.59 -616.98 123.62 1.34 -0.57 0.73 17029.00
309.49 -622.17 117.61 1.62 -0.57 0.73 17060.00
306.73 -624.95 112.42 1.75 -0.73 0.93 17091.00
304.97 -626.41 107.71 1.38 -0.96 0.99 17122.00
304.87 -627.01 105.64 1.09 -0.94 0.86 17153.00
304.41 -626.57 106.39 1.08 -0.82 0.81 17183.00
302.78 -625.90 108.57 1.02 -0.75 0.87 17214.00
301.21 -625.18 111.98 1.19 -0.80 0.94 17245.00
299.84 -623.65 116.19 1.33 -0.86 0.97 17275.00
298.52 -621.25 121.04 1.25 -0.88 0.94 17306.00
297.16 -618.22 126.27 1.20 -1.06 0.93 17337.00
295.94 -614.76 132.36 1.23 -1.26 0.85 17368.00
294.98 -610.65 139.30 1.14 -1.25 0.70 17398.00
293.67 -606.14 146.99 0.95 -1.31 0.58 17429.00
291.37 -602.41 155.00 0.62 -1.28 0.48 17461.00
289.40 -599.73 162.52 0.43 -1.28 0.34 17491.00
287.03 -598.04 170.54 0.24 -1.16 0.25 17523.00
284.05 -597.46 178.30 0.09 -1.15 0.27 17554.00
279.43 -597.02 186.07 0.10 -1.10 0.19 17585.00
272.44 -596.37 193.84 -0.07 -1.17 0.10 17616.00
265.18 -597.45 201.85 -0.34 -1.19 0.10 17648.00
258.91 -601.01 209.27 -0.35 -1.12 0.10 17679.00
253.80 -605.55 216.02 -0.24 -1.02 0.18 17710.00
249.92 -609.82 222.77 -0.25 -0.86 0.18 17741.00
246.39 -613.67 229.28 -0.28 -0.61 0.12 17772.00
242.38 -617.47 234.75 -0.36 -0.51 0.17 17804.00
238.67 -621.82 239.37 -0.43 -0.49 0.28 17835.00
235.83 -625.73 243.31 -0.38 -0.44 0.40 17865.00
233.18 -628.34 246.81 -0.40 -0.38 0.39 17896.00
231.22 -630.69 249.88 -0.50 -0.35 0.46 17926.00
229.76 -632.90 252.79 -0.53 -0.32 0.53 17956.00
229.69 -635.15 255.28 -0.52 -0.27 0.61 17987.00
230.36 -636.43 257.64 -0.51 -0.24 0.64 18018.00
231.98 -637.03 259.92 -0.60 -0.15 0.63 18050.00
233.57 -637.15 261.56 -0.68 -0.08 0.51 18080.00
235.49 -638.18 263.15 -0.71 -0.07 0.50 18111.00
237.69 -639.46 264.77 -0.64 -0.07 0.48 18143.00
240.42 -640.77 266.19 -0.56 -0.05 0.51 18173.00
243.99 -641.74 267.43 -0.52 0.02 0.49 18204.00
247.63 -642.82 268.54 -0.48 0.10 0.49 18235.00
251.51 -644.29 269.62 -0.41 0.16 0.56 18266.00
255.40 -645.70 270.43 -0.28 0.19 0.60 18296.00
260.14 -645.47 270.83 -0.22 0.20 0.48 18327.00
265.00 -644.21 271.00 -0.34 0.27 0.29 18358.00
268.29 -643.01 270.76 -0.48 0.36 0.18 18388.00
271.49 -643.06 270.00 -0.53 0.31 0.29 18420.00
275.39 -641.71 268.84 -0.60 0.29 0.14 18451.00
280.20 -641.03 267.71 -0.85 0.31 0.08 18483.00
286.19 -641.40 266.70 -0.85 0.29 0.13 18513.00
293.70 -641.60 265.63 -0.91 0.34 0.03 18545.00
301.32 -642.06 264.83 -0.93 0.41 -0.04 18576.00
308.85 -642.59 263.62 -1.02 0.61 -0.15 18607.00
316.10 -643.85 261.58 -1.09 0.76 -0.14 18638.00
321.98 -645.19 258.44 -0.93 0.66 -0.16 18669.00
327.18 -647.59 254.26 -1.08 0.52 -0.09 18701.00
330.94 -651.69 249.27 -1.06 0.40 0.01 18732.00
332.95 -656.08 243.80 -0.90 0.23 0.17 18762.00
335.13 -661.24 238.39 -0.86 0.07 0.31 18794.00
338.06 -665.88 233.28 -0.84 0.10 0.29 18825.00
339.91 -670.14 227.81 -0.72 0.15 0.25 18856.00
339.76 -674.40 221.81 -0.62 0.04 0.27 18887.00
338.37 -678.64 215.42 -0.54 -0.06 0.26 18918.00
336.47 -683.91 208.13 -0.62 -0.26 0.31 18950.00
335.02 -690.38 201.18 -0.43 -0.37 0.48 18980.00
333.35 -696.86 194.80 -0.19 -0.52 0.57 19011.00
333.04 -702.55 188.06 -0.17 -0.67 0.57 19042.00
334.35 -710.49 180.69 -0.09 -0.76 0.73 19073.00
335.39 -718.06 175.26 0.35 -0.68 0.69 19103.00
336.26 -724.39 169.30 0.62 -0.81 0.72 19134.00
337.72 -731.88 161.56 0.68 -0.80 0.63 19165.00
338.58 -739.70 154.19 1.01 -0.79 0.69 19195.00
338.38 -747.43 148.33 1.58 -0.65 0.71 19227.00
336.70 -752.75 142.84 1.78 -0.51 0.78 19258.00
333.95 -757.80 135.92 1.87 -0.74 1.15 19289.00
331.43 -760.54 129.80 1.80 -1.10 1.17 19320.00
328.31 -759.69 127.11 1.35 -1.33 0.94 19350.00
323.61 -757.51 128.55 0.88 -1.27 0.73 19382.00
318.87 -756.49 132.79 1.06 -1.32 0.78 19412.00
315.17 -755.67 138.59 1.34 -1.41 0.82 19443.00
313.98 -754.80 145.10 1.25 -1.30 0.79 19474.00
314.52 -753.53 151.77 1.14 -1.32 0.67 19505.00
314.93 -751.68 158.59 1.10 -1.48 0.51 19535.00
314.37 -749.52 166.44 0.89 -1.55 0.42 19567.00
313.33 -748.19 174.21 0.68 -1.70 0.39 19598.00
313.41 -747.93 181.98 0.60 -1.62 0.28 19629.00
313.41 -747.71 189.74 0.51 -1.43 0.18 19660.00
312.23 -747.61 197.51 0.33 -1.34 0.15 19691.00
309.97 -748.43 205.53 0.17 -1.33 0.16 19723.00
306.81 -749.56 213.04 0.11 -1.23 0.12 19753.00
301.97 -751.25 221.06 0.01 -1.11 0.06 19785.00
296.25 -753.85 228.83 -0.07 -1.08 0.06 19816.00
290.42 -757.01 236.84 -0.09 -0.99 0.07 19848.00
285.95 -760.54 244.12 -0.17 -0.91 0.09 19878.00
282.30 -764.77 251.34 -0.25 -0.80 0.20 19910.00
279.96 -769.23 257.70 -0.30 -0.70 0.28 19941.00
278.29 -773.01 264.03 -0.31 -0.50 0.41 19972.00
276.25 -775.95 269.78 -0.41 -0.34 0.55 20002.00
273.96 -778.21 274.80 -0.45 -0.21 0.57 20033.00
271.04 -779.77 278.75 -0.55 -0.17 0.58 20064.00
268.70 -781.31 281.46 -0.61 -0.18 0.59 20094.00
267.27 -783.25 283.60 -0.56 -0.25 0.63 20125.00
267.21 -784.67 285.72 -0.49 -0.24 0.64 20156.00
267.69 -785.43 287.53 -0.46 -0.19 0.58 20188.00
268.49 -786.06 289.05 -0.51 -0.20 0.52 20218.00
270.31 -787.02 290.82 -0.55 -0.22 0.50 20249.00
273.87 -788.65 293.04 -0.50 -0.20 0.62 20280.00
279.53 -789.35 295.50 -0.40 -0.09 0.52 20311.00
285.38 -789.92 297.88 -0.41 0.12 0.44 20341.00
290.44 -790.46 299.88 -0.43 0.26 0.45 20372.00
294.96 -790.95 301.41 -0.42 0.36 0.43 20403.00
298.29 -791.50 302.54 -0.39 0.49 0.44 20433.00
300.70 -791.06 303.50 -0.39 0.45 0.43 20464.00
304.37 -790.73 304.29 -0.41 0.45 0.37 20495.00
308.67 -790.06 304.70 -0.41 0.48 0.29 20526.00
313.69 -788.81 304.89 -0.48 0.47 0.14 20556.00
319.44 -787.15 305.23 -0.65 0.47 -0.04 20587.00
326.57 -786.76 306.09 -0.77 0.43 -0.10 20619.00
334.16 -787.78 307.14 -0.68 0.57 -0.25 20649.00
341.43 -788.98 307.42 -0.80 0.73 -0.31 20680.00
348.88 -791.37 307.03 -0.84 0.74 -0.27 20711.00
356.40 -794.63 306.19 -0.84 0.88 -0.36 20742.00
362.62 -798.85 303.85 -0.81 0.98 -0.32 20773.00
366.17 -803.22 300.00 -0.78 0.84 -0.18 20804.00
368.19 -807.85 294.88 -0.84 0.56 0.02 20835.00
369.57 -812.70 288.52 -0.77 0.35 0.08 20866.00
369.86 -817.30 281.57 -0.78 0.20 0.17 20897.00
370.04 -821.75 274.74 -0.72 0.05 0.22 20928.00
370.09 -825.39 267.25 -0.67 -0.04 0.19 20960.00
369.80 -828.61 260.19 -0.71 -0.20 0.22 20990.00
370.00 -832.04 253.33 -0.67 -0.30 0.23 21022.00
370.46 -835.75 246.87 -0.54 -0.38 0.27 21053.00
371.12 -839.32 240.60 -0.47 -0.44 0.27 21084.00
371.31 -842.88 234.86 -0.41 -0.39 0.25 21114.00
371.45 -848.02 228.50 -0.43 -0.54 0.33 21145.00
372.30 -855.66 221.21 -0.29 -0.64 0.43 21176.00
373.07 -863.96 214.22 0.02 -0.60 0.48 21207.00
374.52 -871.99 207.00 0.27 -0.75 0.59 21238.00
377.11 -879.97 199.25 0.65 -0.84 0.70 21269.00
380.44 -888.33 191.90 1.10 -0.72 0.57 21300.00
381.72 -895.82 186.12 1.54 -0.47 0.64 21330.00
379.90 -903.14 179.81 1.83 -0.53 0.92 21361.00
376.71 -909.83 172.05 2.10 -0.83 1.15 21393.00
374.89 -913.43 165.18 2.08 -1.18 1.30 21424.00
374.27 -913.19 160.70 1.69 -1.38 0.99 21454.00
372.42 -909.81 160.12 1.20 -1.22 0.63 21485.00
366.88 -906.21 162.30 1.01 -1.16 0.51 21516.00
360.24 -904.55 166.75 1.11 -1.34 0.67 21547.00
356.03 -903.94 172.65 1.33 -1.56 0.74 21578.00
355.03 -903.44 179.46 1.21 -1.46 0.77 21609.00
356.14 -901.95 187.11 1.22 -1.44 0.51 21640.00
356.40 -899.12 194.87 1.19 -1.46 0.40 21671.00
354.28 -895.82 202.64 1.01 -1.53 0.30 21702.00
351.20 -893.67 210.41 0.54 -1.52 0.35 21733.00
349.73 -893.55 218.42 0.37 -1.49 0.33 21765.00
348.18 -893.21 225.94 0.34 -1.21 0.06 21795.00
344.13 -892.36 233.96 0.06 -0.97 -0.01 21827.00
339.69 -892.76 241.72 -0.20 -0.95 -0.13 21858.00
332.78 -895.02 249.27 -0.25 -1.00 -0.17 21890.00
325.47 -898.99 256.00 -0.33 -1.07 -0.09 21920.00
318.60 -905.17 262.91 -0.22 -1.09 0.06 21952.00
313.93 -910.71 269.02 -0.12 -1.04 0.19 21983.00
311.22 -914.49 275.26 -0.26 -0.80 0.08 22014.00
308.03 -918.39 281.34 -0.42 -0.52 0.11 22045.00
303.15 -922.46 286.49 -0.40 -0.33 0.21 22076.00
297.48 -926.57 289.85 -0.56 -0.39 0.40 22107.00
292.82 -930.90 292.35 -0.65 -0.49 0.48 22138.00
290.01 -935.04 294.84 -0.37 -0.46 0.73 22169.00
289.33 -935.64 297.36 -0.35 -0.50 0.66 22200.00
290.27 -935.17 299.66 -0.50 -0.34 0.43 22231.00
291.88 -935.25 301.93 -0.59 -0.25 0.26 22261.00
293.61 -937.78 304.10 -0.70 -0.27 0.34 22292.00
296.29 -941.51 306.12 -0.43 -0.27 0.49 22323.00
300.53 -943.47 308.10 -0.33 -0.21 0.44 22353.00
306.32 -944.75 310.05 -0.37 -0.07 0.36 22384.00
311.06 -945.31 311.68 -0.42 0.15 0.30 22416.00
313.41 -946.77 312.65 -0.52 0.15 0.43 22447.00
317.23 -948.64 313.86 -0.51 0.08 0.53 22477.00
322.08 -950.17 315.08 -0.53 0.23 0.55 22508.00
326.83 -950.86 316.10 -0.45 0.24 0.49 22539.00
331.81 -950.55 317.19 -0.46 0.33 0.34 22569.00
335.90 -949.95 317.90 -0.55 0.42 0.27 22600.00
340.13 -950.13 318.46 -0.64 0.39 0.28 22632.00
345.12 -950.50 318.84 -0.56 0.45 0.21 22663.00
349.64 -950.46 318.75 -0.59 0.54 0.17 22693.00
354.79 -949.98 318.34 -0.66 0.49 0.11 22725.00
361.55 -949.93 318.29 -0.71 0.48 0.01 22756.00
369.23 -950.50 318.30 -0.67 0.57 -0.10 22787.00
376.69 -950.74 318.03 -0.75 0.83 -0.34 22818.00
383.72 -951.68 316.59 -0.82 1.10 -0.37 22849.00
388.35 -953.18 312.99 -0.73 1.03 -0.25 22880.00
391.86 -955.76 308.30 -0.91 0.78 -0.18 22910.00
394.80 -959.93 301.99 -0.87 0.51 -0.05 22942.00
396.63 -964.20 295.31 -0.85 0.25 0.13 22973.00
398.43 -969.25 288.62 -0.79 0.03 0.26 23005.00
400.67 -972.35 282.46 -0.73 -0.04 0.21 23035.00
402.68 -975.75 275.98 -0.84 -0.09 0.22 23067.00
405.10 -979.53 269.84 -0.81 -0.16 0.26 23098.00
407.43 -983.53 263.21 -0.65 -0.17 0.22 23130.00
407.71 -986.71 256.42 -0.50 -0.21 0.16 23160.00
405.95 -990.10 249.27 -0.54 -0.37 0.19 23191.00
404.64 -994.94 242.00 -0.48 -0.60 0.33 23222.00
404.57 -1000.66 234.66 -0.28 -0.73 0.42 23254.00
405.03 -1005.53 228.72 -0.13 -0.77 0.50 23284.00
406.12 -1011.69 221.64 -0.07 -0.87 0.48 23316.00
408.44 -1019.82 213.92 0.11 -0.83 0.52 23347.00
410.93 -1027.90 206.93 0.50 -0.87 0.61 23377.00
413.12 -1035.53 199.98 0.94 -0.82 0.72 23408.00
414.74 -1042.02 193.34 1.03 -0.66 0.65 23439.00
414.88 -1048.68 186.73 1.16 -0.55 0.73 23471.00
414.14 -1055.09 180.19 1.60 -0.54 0.81 23501.00
411.99 -1061.01 172.56 2.05 -0.73 1.01 23533.00
411.49 -1064.17 165.16 2.10 -1.19 1.12 23564.00
411.61 -1064.50 160.14 1.41 -1.24 0.80 23595.00
410.96 -1063.57 158.97 1.00 -1.14 0.67 23625.00
408.81 -1063.03 161.09 0.88 -1.00 0.58 23656.00
406.44 -1063.67 164.78 1.07 -1.01 0.75 23687.00
404.99 -1064.21 169.23 1.29 -1.07 0.83 23717.00
404.64 -1064.09 174.90 1.30 -1.05 0.80 23748.00
405.40 -1063.19 181.09 1.31 -1.11 0.74 23779.00
406.48 -1061.53 187.62 1.21 -1.19 0.63 23810.00
407.20 -1059.23 194.54 1.09 -1.28 0.58 23840.00
407.10 -1056.35 202.53 1.08 -1.34 0.51 23872.00
405.90 -1053.32 209.95 0.92 -1.40 0.51 23903.00
405.28 -1050.13 217.46 0.72 -1.43 0.41 23933.00
404.34 -1047.26 225.48 0.48 -1.31 0.19 23965.00
402.96 -1045.25 233.24 0.21 -1.19 0.14 23996.00
400.39 -1044.92 241.26 0.01 -1.14 0.10 24028.00
396.20 -1045.71 248.78 -0.05 -1.16 0.09 24058.00
390.55 -1047.35 256.69 -0.14 -1.07 0.04 24090.00
383.50 -1050.71 263.97 -0.23 -1.08 0.08 24122.00
376.63 -1054.85 271.40 -0.17 -1.15 0.18 24153.00
371.05 -1058.80 278.72 -0.17 -1.06 0.18 24184.00
366.48 -1062.76 285.43 -0.27 -0.91 0.18 24215.00
362.27 -1066.79 291.97 -0.33 -0.74 0.19 24247.00
359.00 -1070.71 297.73 -0.41 -0.60 0.25 24278.00
356.07 -1074.48 302.57 -0.43 -0.41 0.24 24308.00
353.06 -1078.47 306.46 -0.41 -0.32 0.30 24339.00
350.70 -1082.20 309.47 -0.41 -0.24 0.35 24370.00
347.60 -1085.64 311.71 -0.51 -0.21 0.45 24400.00
344.92 -1089.22 312.89 -0.53 -0.32 0.57 24432.00
343.92 -1092.24 314.09 -0.47 -0.45 0.85 24463.00
344.79 -1092.77 315.44 -0.39 -0.28 0.83 24494.00
345.09 -1091.63 316.58 -0.68 -0.22 0.58 24524.00
345.96 -1092.29 317.73 -0.77 -0.29 0.58 24556.00
348.31 -1093.38 318.85 -0.61 -0.29 0.52 24587.00
352.30 -1094.74 320.27 -0.51 -0.23 0.48 24617.00
357.76 -1095.93 321.84 -0.45 -0.14 0.45 24648.00
362.59 -1096.43 323.22 -0.47 -0.01 0.45 24679.00
365.82 -1096.87 324.38 -0.53 0.01 0.51 24711.00
369.36 -1097.37 325.56 -0.57 -0.04 0.54 24741.00
373.83 -1097.95 327.07 -0.53 0.05 0.54 24772.00
378.43 -1098.09 328.63 -0.47 0.17 0.51 24803.00
383.60 -1097.83 330.07 -0.41 0.18 0.47 24834.00
389.10 -1096.89 331.28 -0.36 0.33 0.31 24864.00
393.99 -1095.47 331.96 -0.35 0.42 0.25 24895.00
398.75 -1093.47 332.23 -0.40 0.41 0.14 24926.00
404.34 -1091.55 332.22 -0.51 0.44 -0.04 24957.00
411.08 -1090.18 331.73 -0.58 0.55 -0.08 24988.00
417.32 -1088.04 330.12 -0.70 0.64 -0.19 25019.00
423.91 -1086.51 327.94 -0.95 0.53 -0.25 25051.00
431.28 -1087.15 326.66 -0.92 0.46 -0.24 25081.00
438.81 -1088.66 324.28 -0.89 0.63 -0.38 25112.00
444.49 -1090.98 320.02 -1.00 0.58 -0.23 25144.00
449.06 -1094.61 315.56 -0.99 0.33 -0.07 25175.00
453.79 -1099.37 309.99 -0.94 0.23 0.09 25206.00
457.81 -1104.59 303.48 -0.84 0.14 0.21 25237.00
460.89 -1109.18 296.28 -0.68 0.03 0.23 25269.00
463.54 -1113.14 289.46 -0.73 -0.08 0.24 25299.00
466.95 -1118.18 281.97 -0.73 -0.14 0.27 25331.00
469.38 -1123.21 274.65 -0.55 -0.16 0.26 25362.00
470.04 -1128.09 266.97 -0.44 -0.23 0.21 25393.00
468.94 -1134.57 259.23 -0.42 -0.51 0.36 25424.00
466.88 -1140.80 251.49 -0.15 -0.64 0.42 25455.00
465.51 -1146.90 243.74 -0.01 -0.82 0.53 25486.00
466.26 -1154.97 235.75 0.19 -1.05 0.64 25518.00
468.15 -1162.76 228.26 0.46 -0.91 0.60 25548.00
469.92 -1170.93 220.54 0.89 -0.78 0.66 25579.00
472.04 -1178.91 212.93 1.29 -0.62 0.61 25610.00
472.98 -1186.65 205.19 1.59 -0.40 0.62 25641.00
470.42 -1193.55 197.45 2.32 -0.65 0.76 25672.00
466.84 -1196.16 189.82 2.65 -1.15 0.92 25704.00
464.50 -1194.52 184.41 1.87 -1.41 0.69 25735.00
463.01 -1191.69 182.44 1.09 -1.31 0.32 25765.00
461.12 -1189.74 184.44 0.81 -1.20 0.35 25797.00
459.39 -1190.72 188.17 0.91 -1.05 0.51 25828.00
457.99 -1192.39 192.38 1.28 -1.06 0.62 25859.00
457.08 -1193.25 197.27 1.30 -0.99 0.63 25890.00
457.09 -1193.24 202.60 1.28 -1.07 0.53 25921.00
458.12 -1192.70 208.35 1.17 -1.17 0.38 25952.00
458.83 -1192.03 214.56 1.22 -1.39 0.28 25982.00
458.59 -1191.43 222.44 0.96 -1.36 0.34 26014.00
458.98 -1191.54 230.21 0.99 -1.50 0.34 26045.00
459.81 -1191.50 237.97 0.89 -1.41 0.23 26076.00
460.73 -1191.14 245.74 0.69 -1.29 0.24 26107.00
460.56 -1190.58 253.51 0.38 -1.11 0.03 26138.00
459.23 -1190.64 261.52 0.08 -1.08 0.10 26170.00
456.65 -1191.98 269.20 -0.03 -1.16 0.11 26201.00
452.68 -1194.17 276.42 -0.13 -1.20 0.09 26232.00
447.73 -1198.07 283.91 -0.16 -1.38 0.17 26264.00
442.99 -1202.18 291.68 -0.10 -1.34 0.25 26295.00
439.04 -1206.88 299.66 -0.13 -1.24 0.28 26327.00
436.38 -1211.06 307.17 -0.12 -1.02 0.26 26357.00
433.84 -1214.73 315.05 -0.13 -0.70 0.23 26389.00
430.38 -1217.28 321.60 -0.27 -0.52 0.20 26420.00
426.70 -1220.54 327.14 -0.41 -0.49 0.25 26450.00
423.68 -1224.88 331.84 -0.39 -0.37 0.33 26481.00
420.60 -1228.86 335.53 -0.39 -0.31 0.50 26512.00
418.71 -1232.04 338.66 -0.44 -0.34 0.57 26543.00
418.06 -1234.07 341.41 -0.46 -0.30 0.47 26573.00
418.04 -1235.83 343.97 -0.51 -0.31 0.48 26604.00
419.34 -1237.61 346.71 -0.49 -0.33 0.51 26635.00
421.54 -1239.06 349.68 -0.50 -0.31 0.52 26665.00
426.39 -1240.36 352.83 -0.47 -0.16 0.51 26696.00
431.42 -1242.25 355.74 -0.53 0.06 0.49 26728.00
435.52 -1244.74 358.08 -0.40 0.17 0.65 26759.00
439.73 -1244.74 359.65 -0.26 0.20 0.56 26789.00
443.53 -1244.46 360.70 -0.40 0.28 0.50 26820.00
446.70 -1245.25 361.64 -0.44 0.30 0.53 26851.00
450.21 -1246.24 362.36 -0.43 0.30 0.59 26882.00
455.06 -1247.21 362.88 -0.41 0.38 0.56 26912.00
459.89 -1247.64 363.08 -0.36 0.49 0.50 26943.00
465.01 -1247.91 362.66 -0.27 0.49 0.50 26974.00
470.33 -1247.13 360.93 -0.24 0.54 0.40 27005.00
475.50 -1245.42 357.94 -0.36 0.43 0.30 27036.00
481.26 -1243.98 354.43 -0.43 0.38 0.13 27067.00
486.36 -1242.52 350.82 -0.57 0.28 0.03 27098.00
492.07 -1242.00 347.45 -0.65 0.16 -0.06 27129.00
498.42 -1242.26 344.31 -0.81 0.13 -0.16 27160.00
505.35 -1243.57 341.54 -1.13 0.12 -0.12 27192.00
513.05 -1246.79 338.34 -1.23 0.16 -0.05 27224.00
519.73 -1251.06 334.25 -1.21 0.24 0.06 27254.00
524.92 -1256.19 329.49 -1.07 0.24 0.22 27286.00
528.51 -1260.72 324.51 -1.05 0.14 0.38 27317.00
532.81 -1265.69 319.54 -1.06 -0.02 0.44 27348.00
537.45 -1270.18 314.28 -0.93 0.05 0.36 27379.00
540.22 -1274.65 309.15 -0.87 0.05 0.38 27410.00
542.32 -1279.49 303.40 -0.74 0.03 0.36 27442.00
543.26 -1284.38 297.33 -0.60 -0.01 0.34 27472.00
542.46 -1289.40 290.82 -0.51 -0.09 0.38 27504.00
541.48 -1295.38 283.77 -0.47 -0.28 0.41 27535.00
539.89 -1302.17 276.31 -0.22 -0.35 0.39 27566.00
537.81 -1308.72 269.56 -0.01 -0.50 0.46 27596.00
535.81 -1316.34 262.05 0.12 -0.78 0.62 27628.00
535.60 -1324.36 254.47 0.39 -0.93 0.69 27659.00
536.95 -1332.10 248.79 0.71 -0.80 0.67 27689.00
539.20 -1339.90 243.93 1.08 -0.79 0.78 27720.00
543.23 -1347.70 237.90 1.52 -0.78 0.86 27751.00
547.74 -1355.83 232.55 1.63 -0.38 0.74 27783.00
549.74 -1362.69 229.10 1.97 -0.19 0.80 27813.00
549.24 -1368.56 224.24 2.34 -0.28 1.08 27845.00
546.41 -1371.33 219.55 1.82 -0.55 1.18 27876.00
542.42 -1370.64 217.13 1.41 -0.90 0.97 27907.00
538.39 -1368.23 218.20 1.02 -0.96 0.85 27937.00
534.63 -1366.64 222.16 1.13 -0.99 0.86 27968.00
532.05 -1365.35 227.49 1.43 -1.02 0.89 27999.00
531.14 -1363.49 233.76 1.44 -0.90 0.91 28030.00
531.35 -1360.73 240.31 1.37 -0.88 0.87 28061.00
531.80 -1356.98 246.85 1.20 -0.94 0.73 28092.00
531.01 -1352.51 253.95 1.02 -0.99 0.59 28123.00
528.30 -1348.05 261.28 0.92 -1.19 0.55 28153.00
524.14 -1344.16 269.26 0.69 -1.36 0.45 28185.00
520.74 -1341.27 277.02 0.46 -1.36 0.31 28216.00
517.64 -1339.05 285.04 0.24 -1.26 0.18 28248.00
514.71 -1338.00 292.56 0.05 -1.12 0.12 28278.00
509.72 -1337.82 300.47 -0.10 -1.03 0.02 28310.00
502.04 -1339.07 307.58 -0.26 -1.25 -0.00 28342.00
495.30 -1341.85 314.24 -0.29 -1.60 0.01 28372.00
489.76 -1346.01 321.78 -0.21 -1.52 -0.04 28404.00
485.43 -1350.85 329.38 -0.10 -1.35 0.04 28435.00
482.23 -1356.06 337.40 -0.09 -1.04 0.09 28467.00
479.20 -1360.51 344.78 -0.09 -0.71 0.17 28497.00
476.23 -1364.18 351.81 -0.20 -0.54 0.28 28528.00
473.44 -1367.91 358.30 -0.32 -0.36 0.32 28560.00
470.57 -1371.36 363.73 -0.36 -0.20 0.40 28591.00
467.23 -1374.36 367.87 -0.49 -0.15 0.39 28621.00
463.69 -1377.96 371.17 -0.55 -0.16 0.55 28652.00
461.30 -1380.74 373.74 -0.59 -0.19 0.58 28683.00
460.36 -1383.58 375.73 -0.56 -0.15 0.82 28713.00
459.62 -1384.87 377.01 -0.57 -0.12 0.96 28745.00
458.89 -1384.08 378.75 -0.72 -0.25 0.63 28776.00
459.89 -1384.04 380.64 -0.63 -0.23 0.46 28807.00
462.33 -1384.89 382.51 -0.61 -0.16 0.42 28838.00
465.30 -1385.93 384.34 -0.54 -0.09 0.44 28869.00
469.00 -1386.77 385.91 -0.53 -0.06 0.42 28901.00
473.36 -1387.80 387.23 -0.53 0.05 0.38 28932.00
476.83 -1388.67 388.07 -0.53 0.12 0.42 28963.00
480.69 -1389.56 388.75 -0.59 0.13 0.42 28994.00
485.22 -1390.77 389.66 -0.60 0.16 0.43 29025.00
490.88 -1392.17 391.05 -0.49 0.23 0.44 29057.00
496.61 -1392.81 391.98 -0.42 0.35 0.39 29087.00
501.84 -1392.51 392.57 -0.48 0.40 0.30 29118.00
507.56 -1392.80 393.53 -0.49 0.42 0.30 29149.00
513.13 -1392.62 394.05 -0.44 0.62 0.13 29179.00
516.98 -1391.53 393.13 -0.51 0.69 0.06 29211.00
520.37 -1390.14 392.02 -0.63 0.52 0.01 29242.00
524.73 -1389.35 390.83 -0.70 0.57 -0.09 29274.00
529.00 -1389.00 389.82 -0.91 0.53 -0.06 29304.00
535.92 -1389.89 389.99 -0.98 0.50 -0.14 29335.00
543.96 -1391.93 390.97 -0.84 0.62 -0.16 29367.00
551.51 -1393.86 391.17 -0.78 0.81 -0.36 29398.00
558.58 -1395.75 389.82 -0.79 0.91 -0.43 29428.00
564.07 -1398.06 387.02 -0.80 0.79 -0.40 29459.00
567.40 -1401.42 382.62 -0.84 0.61 -0.37 29491.00
568.19 -1405.21 376.74 -0.74 0.46 -0.31 29521.00
567.17 -1408.97 369.58 -0.73 0.21 -0.13 29552.00
566.61 -1413.75 362.18 -0.69 -0.00 0.02 29584.00
566.62 -1418.70 354.97 -0.58 -0.08 0.06 29615.00
567.15 -1424.10 348.33 -0.73 -0.28 0.26 29646.00
569.44 -1429.41 343.03 -0.56 -0.29 0.26 29677.00
572.20 -1434.00 337.40 -0.46 -0.25 0.29 29708.00
573.49 -1438.68 331.33 -0.52 -0.30 0.29 29740.00
573.58 -1444.04 326.10 -0.46 -0.38 0.39 29770.00
574.51 -1450.13 319.95 -0.38 -0.53 0.52 29801.00
575.74 -1457.54 313.38 -0.18 -0.66 0.61 29832.00
576.72 -1464.11 308.20 0.06 -0.52 0.55 29862.00
578.21 -1471.51 301.51 0.12 -0.61 0.57 29893.00
580.76 -1479.93 293.77 0.37 -0.64 0.62 29924.00
583.13 -1488.51 285.94 1.04 -0.57 0.72 29956.00
583.91 -1496.23 279.88 1.76 -0.38 0.66 29986.00
583.07 -1503.69 272.56 2.04 -0.50 0.93 30018.00
582.30 -1510.65 265.22 2.16 -0.62 1.01 30049.00
580.51 -1514.28 259.03 2.16 -0.73 1.07 30080.00
577.50 -1514.77 253.81 1.62 -1.14 1.01 30111.00
574.09 -1513.65 252.27 1.04 -1.28 0.76 30142.00
570.39 -1512.73 254.56 0.88 -1.34 0.81 30173.00
568.43 -1513.13 259.01 1.21 -1.24 0.90 30203.00
567.92 -1513.02 264.63 1.38 -1.02 0.91 30234.00
568.56 -1511.87 271.07 1.46 -1.04 0.86 30266.00
569.06 -1509.55 277.80 1.41 -1.19 0.82 30297.00
569.14 -1506.69 284.95 1.34 -1.39 0.70 30327.00
567.98 -1503.24 292.72 1.14 -1.43 0.58 30358.00
565.63 -1500.27 300.74 0.90 -1.61 0.56 30390.00
564.15 -1498.88 308.25 0.56 -1.65 0.45 30420.00
563.57 -1498.44 316.27 0.42 -1.43 0.29 30452.00
561.42 -1497.84 324.04 0.38 -1.20 0.19 30483.00
557.50 -1497.38 332.05 0.24 -1.29 0.11 30515.00
553.35 -1497.80 339.57 0.13 -1.28 -0.03 30545.00
548.16 -1499.46 347.59 0.03 -1.16 -0.04 30577.00
543.26 -1502.39 355.35 0.06 -1.05 -0.02 30608.00
538.25 -1505.19 363.37 0.02 -0.81 0.14 30640.00
534.37 -1507.79 370.89 -0.15 -0.63 0.16 30670.00
530.59 -1510.76 377.98 -0.25 -0.41 0.21 30701.00
526.25 -1514.10 384.09 -0.35 -0.35 0.31 30732.00
522.15 -1518.10 389.74 -0.42 -0.30 0.52 30764.00
519.07 -1520.70 393.99 -0.43 -0.21 0.58 30794.00
516.07 -1522.39 397.24 -0.62 -0.19 0.55 30825.00
513.92 -1524.64 399.77 -0.70 -0.24 0.62 30856.00
513.05 -1527.25 401.85 -0.60 -0.18 0.91 30887.00
512.65 -1527.10 403.38 -0.69 -0.19 0.71 30918.00
513.29 -1527.36 405.29 -0.72 -0.16 0.57 30949.00
513.96 -1527.04 407.01 -0.68 -0.11 0.39 30980.00
514.95 -1527.89 408.46 -0.68 -0.12 0.36 31011.00
516.90 -1530.12 409.66 -0.60 -0.16 0.46 31042.00
521.16 -1531.82 410.96 -0.51 -0.09 0.45 31073.00
525.65 -1533.64 412.22 -0.47 0.06 0.44 31105.00
529.19 -1534.98 413.08 -0.46 0.13 0.51 31135.00
532.78 -1535.90 413.75 -0.50 0.14 0.51 31166.00
537.08 -1537.22 414.66 -0.42 0.15 0.53 31197.00
542.06 -1538.45 415.99 -0.32 0.24 0.55 31227.00
546.77 -1538.50 417.18 -0.20 0.44 0.46 31258.00
549.57 -1536.69 417.60 -0.31 0.49 0.41 31290.00
553.02 -1535.32 417.58 -0.44 0.43 0.39 31321.00
557.17 -1534.07 417.14 -0.48 0.47 0.29 31351.00
561.88 -1532.06 416.46 -0.50 0.42 0.16 31382.00
568.46 -1530.07 416.03 -0.59 0.47 -0.09 31413.00
575.14 -1527.84 415.15 -0.82 0.59 -0.31 31444.00
582.23 -1526.94 414.48 -1.05 0.60 -0.29 31475.00
589.37 -1527.21 413.43 -1.05 0.78 -0.42 31506.00
595.89 -1529.55 410.90 -1.10 0.80 -0.19 31538.00
601.28 -1532.28 406.83 -0.84 0.70 -0.10 31568.00
604.39 -1533.96 400.52 -0.76 0.50 -0.08 31600.00
605.01 -1534.37 393.58 -0.80 0.17 -0.06 31631.00
606.28 -1535.91 386.54 -0.88 -0.12 0.01 31663.00
609.29 -1537.05 380.35 -0.84 -0.15 -0.06 31693.00
612.68 -1538.25 373.95 -0.81 -0.15 -0.04 31725.00
615.99 -1539.97 367.92 -0.76 -0.18 -0.01 31756.00
619.73 -1542.21 361.61 -0.65 -0.18 -0.02 31788.00
622.74 -1545.20 355.02 -0.56 -0.17 0.00 31819.00
624.14 -1549.37 347.84 -0.49 -0.28 0.10 31850.00
624.54 -1554.12 340.28 -0.35 -0.44 0.15 31881.00
625.10 -1559.55 332.54 -0.23 -0.62 0.25 31912.00
625.67 -1566.02 324.80 -0.07 -0.83 0.36 31943.00
626.08 -1572.91 316.80 0.23 -0.89 0.45 31975.00
628.16 -1579.84 309.06 0.40 -0.97 0.42 32006.00
632.48 -1587.88 301.57 0.73 -0.96 0.51 32036.00
636.65 -1595.96 293.83 1.18 -0.76 0.49 32067.00
639.28 -1603.35 286.24 1.64 -0.63 0.61 32099.00
639.76 -1608.94 279.20 2.02 -0.62 0.79 32130.00
638.17 -1613.25 271.46 2.32 -0.87 0.94 32161.00
636.00 -1614.02 264.24 2.11 -1.35 0.93 32192.00
634.48 -1612.04 260.52 1.47 -1.57 0.68 32223.00
632.68 -1609.41 260.50 0.93 -1.42 0.47 32254.00
629.74 -1608.11 263.35 0.86 -1.36 0.48 32285.00
626.75 -1608.24 267.96 1.10 -1.40 0.62 32316.00
624.85 -1608.53 273.86 1.31 -1.45 0.64 32347.00
624.22 -1608.28 280.39 1.27 -1.33 04 32409.00
619.07 -1602.90 319.01 0.54 -1.60 0.03 32533.00
617.53 -1605.51 327.03 0.49 -1.54 0.02 32565.00
615.36 -1607.86 334.55 0.47 -1.54 0.02 32595.00
612.65 -1609.84 342.56 0.33 -1.49 -0.06 32627.00
608.86 -1612.29 350.58 0.05 -1.35 -0.15 32659.00
603.85 -1616.36 358.35 -0.08 -1.35 -0.14 32690.00
598.05 -1621.77 366.11 -0.01 -1.20 -0.07 32721.00
592.94 -1627.98 373.88 0.01 -1.27 0.09 32752.00
589.45 -1634.31 381.90 0.04 -1.10 0.23 32784.00
587.64 -1640.02 389.63 0.00 -0.81 0.33 32815.00
586.57 -1644.87 396.95 -0.05 -0.51 0.42 32846.00
586.18 -1648.84 403.70 -0.12 -0.23 0.61 32877.00
585.38 -1651.68 409.49 -0.19 -0.06 0.66 32908.00
584.47 -1653.15 413.84 -0.29 0.06 0.63 32939.00
583.91 -1654.37 416.89 -0.37 0.11 0.82 32969.00
583.66 -1653.96 418.29 -0.49 0.22 0.62 33001.00
583.31 -1654.99 419.66 -0.63 0.02 0.66 33032.00
583.08 -1655.04 421.25 -0.55 -0.04 0.56 33062.00
583.84 -1654.71 423.25 -0.66 -0.16 0.47 33094.00
586.24 -1655.17 425.36 -0.66 -0.17 0.44 33125.00
590.18 -1656.03 427.80 -0.60 -0.08 0.40 33157.00
594.03 -1657.67 430.03 -0.53 0.07 0.48 33187.00
597.79 -1658.74 432.15 -0.46 0.16 0.52 33218.00
601.02 -1659.17 433.84 -0.43 0.26 0.50 33249.00
604.07 -1659.80 434.97 -0.45 0.34 0.54 33280.00
607.44 -1660.16 436.02 -0.42 0.43 0.51 33310.00
611.06 -1660.03 436.91 -0.36 0.52 0.48 33341.00
614.76 -1659.05 437.18 -0.36 0.55 0.38 33372.00
619.12 -1657.51 436.99 -0.43 0.53 0.21 33403.00
623.90 -1656.00 436.46 -0.51 0.55 0.07 33434.00
629.12 -1655.02 435.70 -0.64 0.50 -0.00 33465.00
635.75 -1654.94 435.07 -0.65 0.41 -0.05 33497.00
643.07 -1655.65 434.47 -0.66 0.49 -0.19 33527.00
650.47 -1656.67 433.40 -0.75 0.55 -0.23 33559.00
657.38 -1658.18 432.08 -0.83 0.55 -0.28 33590.00
663.86 -1660.73 430.41 -0.96 0.60 -0.22 33620.00
669.76 -1664.54 428.30 -1.04 0.57 -0.09 33652.00
675.63 -1669.24 425.94 -1.06 0.46 0.01 33683.00
681.18 -1674.33 422.70 -1.07 0.48 0.06 33715.00
684.66 -1678.92 419.18 -1.11 0.40 0.16 33745.00
687.30 -1683.25 414.83 -0.91 0.27 0.17 33777.00
687.97 -1685.67 409.76 -0.88 0.20 0.15 33808.00
687.45 -1687.87 404.37 -0.99 0.05 0.13 33840.00
687.37 -1690.16 399.30 -0.96 -0.02 0.11 33870.00
686.77 -1693.00 393.74 -0.87 -0.14 0.18 33902.00
685.88 -1695.61 389.04 -0.92 -0.25 0.23 33933.00
685.67 -1699.02 384.65 -0.82 -0.35 0.30 33965.00
686.58 -1702.52 380.57 -0.76 -0.43 0.34 33995.00
686.84 -1706.01 377.07 -0.65 -0.41 0.40 34026.00
687.08 -1709.40 373.70 -0.60 -0.48 0.44 34058.00
688.07 -1712.51 370.30 -0.53 -0.46 0.42 34088.00
688.43 -1716.27 366.54 -0.43 -0.42 0.46 34119.00
687.91 -1720.50 362.32 -0.34 -0.58 0.59 34150.00
687.75 -1724.77 357.65 -0.17 -0.60 0.54 34181.00
687.68 -1728.83 352.73 -0.07 -0.51 0.49 34211.00
687.27 -1734.24 346.65 -0.02 -0.60 0.52 34242.00
687.15 -1742.03 339.61 0.21 -0.75 0.54 34274.00
687.41 -1749.73 332.90 0.53 -0.65 0.48 34305.00
687.29 -1757.24 325.61 0.80 -0.70 0.55 34335.00
687.44 -1764.85 317.94 1.15 -0.76 0.74 34366.00
687.80 -1772.35 311.95 1.53 -0.66 0.75 34397.00
687.43 -1778.15 305.71 1.74 -0.69 0.95 34428.00
687.37 -1784.06 298.05 1.86 -1.15 1.28 34459.00
688.07 -1786.50 293.49 1.66 -1.30 1.24 34490.00
687.09 -1784.91 293.16 1.26 -1.32 1.00 34521.00
684.45 -1782.45 295.72 0.98 -1.14 0.82 34551.00
680.61 -1780.22 300.23 1.19 -1.25 0.89 34582.00
678.28 -1777.99 306.19 1.31 -1.33 0.91 34613.00
677.77 -1775.59 312.49 1.15 -1.23 0.85 34643.00
678.03 -1772.76 319.14 1.18 -1.39 0.70 34674.00
677.00 -1769.13 326.65 1.07 -1.42 0.55 34706.00
674.83 -1765.76 334.39 0.84 -1.58 0.44 34737.00
673.82 -1764.43 342.16 0.57 -1.68 0.28 34768.00
675.31 -1765.55 349.93 0.41 -1.60 0.18 34799.00
678.08 -1768.32 357.94 0.45 -1.35 0.07 34831.00
678.66 -1770.59 365.58 0.46 -1.06 0.15 34862.00
675.61 -1771.65 372.66 0.19 -1.10 0.22 34893.00
671.70 -1773.62 380.32 -0.02 -1.34 0.27 34924.00
667.33 -1776.46 388.34 -0.00 -1.38 0.31 34956.00
663.29 -1779.56 396.36 0.01 -1.24 0.44 34988.00
660.71 -1782.57 403.87 -0.04 -1.08 0.54 35018.00
659.19 -1785.26 411.64 -0.06 -0.77 0.47 35049.00
657.68 -1787.33 419.66 -0.15 -0.56 0.49 35081.00
656.07 -1789.08 426.94 -0.23 -0.39 0.56 35111.00
653.01 -1789.85 433.53 -0.29 -0.26 0.53 35142.00
648.86 -1790.00 439.01 -0.42 -0.21 0.44 35173.00
644.64 -1790.99 443.31 -0.51 -0.27 0.47 35204.00
641.48 -1792.05 446.83 -0.54 -0.31 0.49 35234.00
640.17 -1793.55 450.10 -0.54 -0.33 0.54 35265.00
640.95 -1794.88 453.17 -0.51 -0.26 0.57 35296.00
642.60 -1795.72 455.77 -0.51 -0.13 0.52 35328.00
644.15 -1797.13 458.19 -0.60 -0.12 0.61 35358.00
646.26 -1798.13 460.86 -0.51 -0.09 0.63 35389.00
648.71 -1798.85 463.50 -0.47 -0.06 0.68 35420.00
652.69 -1799.21 465.82 -0.39 0.01 0.60 35450.00
656.88 -1799.20 467.75 -0.32 0.14 0.54 35481.00
660.57 -1798.23 469.41 -0.31 0.23 0.46 35513.00
663.30 -1797.39 470.78 -0.40 0.29 0.49 35544.00
666.47 -1796.84 472.03 -0.44 0.26 0.48 35574.00
671.21 -1795.97 473.32 -0.45 0.35 0.38 35605.00
675.89 -1794.87 474.23 -0.52 0.46 0.34 35636.00
680.97 -1793.84 474.86 -0.52 0.41 0.28 35666.00
687.31 -1792.72 475.26 -0.47 0.47 0.08 35697.00
693.64 -1791.36 475.12 -0.46 0.45 -0.04 35729.00
700.04 -1789.94 474.75 -0.53 0.42 -0.22 35760.00
706.98 -1789.37 474.12 -0.60 0.44 -0.31 35790.00
713.75 -1789.05 472.76 -0.68 0.51 -0.44 35822.00
719.57 -1789.57 470.94 -0.86 0.42 -0.44 35853.00
726.17 -1791.88 468.69 -0.89 0.35 -0.49 35884.00
732.36 -1795.58 465.43 -0.97 0.38 -0.44 35915.00
736.70 -1800.56 461.59 -0.98 0.36 -0.26 35946.00
739.65 -1806.05 457.31 -0.99 0.26 -0.03 35978.00
742.65 -1811.99 452.67 -1.00 0.19 0.10 36008.00
744.65 -1818.09 446.43 -0.95 0.14 0.26 36040.00
745.34 -1824.11 440.44 -0.98 -0.02 0.45 36071.00
745.88 -1828.89 434.26 -0.85 -0.07 0.46 36103.00
745.24 -1832.41 428.02 -0.85 -0.20 0.50 36133.00
744.33 -1835.28 421.91 -0.72 -0.37 0.46 36164.00
743.75 -1837.24 415.75 -0.62 -0.41 0.36 36196.00
743.04 -1839.84 409.72 -0.59 -0.48 0.37 36227.00
742.23 -1842.73 404.65 -0.48 -0.55 0.39 36257.00
742.48 -1846.02 399.45 -0.39 -0.62 0.41 36288.00
743.70 -1850.64 393.41 -0.25 -0.63 0.46 36320.00
744.46 -1855.26 388.31 -0.02 -0.60 0.45 36350.00
745.50 -1860.13 382.04 0.11 -0.72 0.48 36382.00
747.23 -1867.31 374.31 0.25 -0.82 0.58 36413.00
748.28 -1874.55 367.26 0.67 -0.76 0.57 36444.00
748.15 -1879.78 361.08 1.05 -0.61 0.48 36474.00
747.49 -1885.45 353.09 1.25 -0.77 0.59 36506.00
746.72 -1892.01 345.35 1.43 -0.77 0.58 36537.00
745.18 -1897.30 337.95 1.91 -0.80 0.69 36568.00
744.18 -1899.80 330.72 2.09 -1.17 1.00 36599.00
744.60 -1900.82 324.83 1.48 -1.46 0.94 36630.00
744.74 -1900.35 323.61 0.98 -1.47 0.92 36661.00
743.71 -1899.87 325.94 0.83 -1.43 1.02 36692.00
741.72 -1899.81 330.61 1.04 -1.32 1.15 36723.00
739.45 -1898.57 336.76 1.321 1.30 -1.43 0.85 36815.00
733.73 -1889.57 358.98 1.23 -1.60 0.61 36846.00
732.26 -1885.99 366.74 1.05 -1.66 0.44 36877.00
730.26 -1882.80 374.76 0.77 -1.83 0.30 36909.00
728.86 -1881.19 382.28 0.37 -1.70 0.02 36939.00
728.59 -1882.20 390.29 0.05 -1.57 -0.03 36971.00
728.47 -1884.81 398.06 0.23 -1.53 0.14 37002.00
727.01 -1886.80 405.83 0.30 -1.45 0.18 37033.00
724.85 -1889.20 413.84 0.22 -1.31 0.20 37065.00
721.81 -1891.69 421.61 0.18 -1.07 0.20 37096.00
716.94 -1893.94 429.63 0.15 -0.93 0.17 37128.00
711.69 -1895.53 437.14 -0.02 -0.79 0.24 37158.00
705.35 -1898.15 445.06 -0.25 -0.64 0.24 37190.00
698.77 -1902.00 451.42 -0.21 -0.53 0.28 37221.00
693.39 -1905.70 456.93 -0.26 -0.54 0.41 37252.00
690.14 -1910.00 462.13 -0.31 -0.47 0.58 37283.00
688.55 -1913.76 466.71 -0.25 -0.29 0.72 37314.00
687.30 -1916.28 470.59 -0.29 -0.19 0.78 37345.00
685.95 -1918.28 473.98 -0.34 -0.25 0.99 37376.00
687.03 -1918.10 476.72 -0.25 -0.16 0.83 37406.00
687.87 -1917.25 479.19 -0.44 -0.14 0.64 37437.00
690.33 -1916.98 482.12 -0.43 -0.18 0.53 37469.00
693.48 -1917.38 484.89 -0.42 -0.14 0.42 37499.00
697.78 -1918.93 487.64 -0.33 -0.09 0.46 37530.00
702.82 -1919.85 490.18 -0.28 0.07 0.49 37561.00
706.43 -1919.80 492.24 -0.35 0.24 0.45 37592.00
709.13 -1920.50 493.93 -0.42 0.28 0.50 37622.00
712.68 -1921.38 495.34 -0.30 0.30 0.49 37653.00
717.12 -1920.99 496.70 -0.32 0.36 0.34 37684.00
722.28 -1920.73 498.25 -0.38 0.37 0.27 37714.00
729.59 -1921.38 500.27 -0.54 0.46 0.21 37746.00
737.94 -1923.22 502.03 -0.41 0.71 0.09 37777.00
745.25 -1923.25 502.03 -0.35 0.87 -0.07 37809.00
752.04 -1923.20 501.35 -0.53 0.77 -0.11 37839.00
758.70 -1923.54 499.88 -0.52 0.72 -0.17 37870.00
765.17 -1924.17 497.70 -0.63 0.68 -0.23 37902.00
771.62 -1925.45 494.95 -0.74 0.69 -0.29 37933.00
777.12 -1927.12 491.07 -0.81 0.78 -0.31 37963.00
780.93 -1929.15 485.57 -0.92 0.67 -0.22 37994.00
784.08 -1931.91 479.04 -0.94 0.44 -0.12 38025.00
786.85 -1934.75 471.76 -0.89 0.23 -0.06 38056.00
789.13 -1937.34 464.14 -0.84 0.08 -0.05 38087.00
790.62 -1939.75 456.40 -0.87 -0.02 -0.03 38119.00
792.21 -1942.28 449.18 -0.94 -0.18 0.00 38150.00
794.06 -1944.76 442.45 -0.85 -0.25 0.04 38181.00
795.64 -1947.59 436.01 -0.77 -0.34 0.05 38212.00
797.06 -1950.34 429.29 -0.64 -0.42 0.08 38244.00
797.60 -1953.45 422.80 -0.53 -0.44 0.07 38275.00
796.90 -1956.63 415.79 -0.35 -0.63 0.15 38306.00
796.42 -1959.12 408.57 -0.30 -0.79 0.16 38337.00
797.77 -1963.08 401.30 -0.32 -0.87 0.24 38369.00
800.23 -1968.43 394.80 -0.01 -0.95 0.34 38400.00
802.82 -1973.03 388.69 0.30 -0.99 0.33 38431.00
805.25 -1977.71 381.26 0.33 -0.89 0.24 38462.00
808.14 -1985.08 373.51 0.55 -0.88 0.29 38493.00
809.35 -1993.04 365.77 1.06 -0.93 0.39 38524.00
809.29 -1999.53 358.03 1.56 -0.94 0.42 38555.00
808.61 -2004.53 350.29 1.59 -0.98 0.52 38586.00
807.94 -2009.22 342.31 1.62 -1.31 0.77 38618.00
809.79 -2012.14 336.56 1.66 -1.75 0.90 38648.00
813.35 -2012.68 334.86 1.31 -1.77 0.63 38679.00
815.10 -2012.12 337.25 1.14 -1.49 0.51 38710.00
812.79 -2011.48 342.28 1.25 -1.43 0.53 38742.00
808.42 -2011.24 348.46 1.17 -1.48 0.74 38772.00
805.29 -2011.16 355.93 1.38 -1.88 0.70 38803.00
805.01 -2010.60 363.94 1.29 -1.72 0.49 38835.00
805.31 -2009.72 371.46 1.09 -1.62 0.28 38865.00
806.21 -2009.82 379.48 0.94 -1.63 0.15 38897.00
805.94 -2010.66 387.24 0.68 -1.47 0.12 38928.00
805.00 -2012.37 395.26 0.48 -1.31 0.09 38960.00
802.56 -2014.14 402.77 0.28 -1.17 0.05 38990.00
799.33 -2016.79 410.79 0.02 -1.12 -0.04 39022.00
796.35 -2020.63 418.48 -0.08 -1.10 -0.02 39053.00
792.85 -2025.09 426.05 -0.09 -0.90 -0.07 39085.00
788.86 -2029.50 432.61 -0.16 -0.90 -0.02 39115.00
785.76 -2034.62 439.19 -0.26 -0.99 0.08 39147.00
784.07 -2039.73 446.04 -0.27 -0.79 0.05 39178.00
781.76 -2044.14 452.48 -0.29 -0.60 0.20 39209.00
779.52 -2048.26 458.42 -0.36 -0.56 0.29 39240.00
777.91 -2052.24 464.18 -0.38 -0.43 0.35 39271.00
776.09 -2056.29 469.42 -0.30 -0.31 0.41 39302.00
774.51 -2059.54 473.87 -0.27 -0.21 0.46 39332.00
771.90 -2062.32 477.51 -0.36 -0.19 0.65 39363.00
770.63 -2064.76 480.36 -0.39 -0.29 1.11 39395.00
771.11 -2063.90 482.89 -0.50 -0.19 0.83 39426.00
771.69 -2062.60 485.41 -0.58 -0.18 0.55 39456.00
772.55 -2061.89 487.63 -0.67 -0.10 0.39 39488.00
774.15 -2063.79 489.45 -0.68 -0.14 0.47 39519.00
778.37 -2066.34 491.06 -0.43 -0.18 0.63 39549.00
783.96 -2066.85 492.59 -0.41 0.00 0.45 39581.00
787.50 -2067.85 494.04 -0.45 0.18 0.48 39612.00
789.70 -2069.01 495.01 -0.41 0.13 0.57 39643.00
793.03 -2069.59 496.09 -0.46 0.12 0.58 39673.00
797.94 -2070.13 497.58 -0.47 0.22 0.52 39704.00
802.69 -2070.32 499.23 -0.29 0.38 0.47 39735.00
805.23 -2068.32 500.89 -0.26 0.44 0.32 39766.00
807.22 -2065.95 502.01 -0.50 0.36 0.25 39797.00
811.60 -2065.98 502.56 -0.63 0.39 0.20 39828.00
815.98 -2066.60 502.56 -0.46 0.55 0.21 39859.00
819.07 -2065.59 501.72 -0.54 0.56 0.14 39890.00
823.44 -2065.14 500.45 -0.71 0.52 0.11 39921.00
829.83 -2065.61 498.89 -0.76 0.53 0.08 39952.00
837.57 -2066.75 497.05 -0.83 0.64 0.02 39984.00
844.79 -2068.26 494.61 -0.94 0.83 -0.03 40014.00
851.55 -2070.41 490.94 -0.98 0.85 0.05 40045.00
857.39 -2072.21 485.83 -0.88 0.72 0.00 40077.00
860.64 -2072.94 479.20 -0.82 0.63 -0.05 40108.00
860.89 -2072.82 471.77 -0.82 0.36 -0.04 40138.00
859.87 -2072.21 463.78 -0.73 0.09 -0.05 40170.00
858.08 -2071.65 455.78 -0.78 -0.06 -0.10 40202.00
856.50 -2071.41 448.29 -0.78 -0.27 -0.03 40232.00
856.90 -2071.45 440.71 -0.67 -0.46 0.03 40263.00
859.92 -2071.46 433.75 -0.49 -0.40 -0.08 40295.00
863.01 -2071.91 427.06 -0.41 -0.35 -0.12 40326.00
864.76 -2073.43 420.11 -0.37 -0.43 -0.07 40356.00
865.81 -2076.24 412.39 -0.26 -0.57 0.03 40388.00
866.94 -2079.70 404.64 -0.10 -0.82 0.13 40419.00
868.56 -2083.29 396.65 0.10 -0.89 0.17 40451.00
870.49 -2087.27 388.91 0.19 -1.06 0.17 40482.00
872.90 -2093.26 381.17 0.48 -1.27 0.34 40513.00
875.60 -2098.67 373.47 0.74 -1.18 0.41 40544.00
879.35 -2103.54 365.56 1.00 -1.09 0.34 40576.00
881.93 -2108.76 358.07 1.32 -1.16 0.37 40606.00
882.91 -2113.41 350.43 1.34 -1.00 0.51 40637.00
882.61 -2115.90 344.23 1.52 -1.02 0.56 40669.00
882.50 -2116.66 338.83 1.64 -1.30 0.67 40699.00
882.51 -2116.42 334.77 1.36 -1.49 0.59 40730.00
881.02 -2115.53 333.81 1.20 -1.60 0.55 40761.00
877.74 -2113.86 336.03 1.02 -1.63 0.49 40793.00
874.46 -2112.84 340.50 0.99 -1.73 0.48 40823.00
872.76 -2113.24 346.89 1.06 -1.80 0.55 40855.00
873.55 -2114.13 354.32 1.23 -1.78 0.53 40886.00
875.19 -2114.30 361.84 1.14 -1.39 0.39 40916.00
875.91 -2113.25 369.86 1.08 -1.40 0.22 40948.00
874.83 -2111.79 377.62 0.74 -1.38 0.02 40979.00
873.45 -2111.54 385.64 0.39 -1.45 -0.09 41011.00
873.17 -2112.83 393.16 0.25 -1.40 -0.16 41041.00
872.14 -2114.71 401.16 0.17 -1.33 -0.20 41073.00
870.23 -2117.55 408.96 0.07 -1.32 -0.19 41105.00
867.66 -2120.59 416.17 0.03 -1.27 -0.22 41136.00
863.13 -2124.20 422.50 -0.02 -1.17 -0.33 41167.00
855.85 -2128.74 428.27 -0.05 -1.18 -0.39 41198.00
848.17 -2134.54 433.62 -0.07 -1.09 -0.47 41230.00
840.26 -2141.78 437.85 -0.12 -1.15 -0.26 41261.00
833.43 -2149.35 441.22 -0.07 -1.21 0.08 41292.00
831.14 -2156.52 445.17 -0.14 -1.07 0.19 41323.00
831.21 -2163.43 450.27 -0.21 -0.78 0.29 41355.00
831.86 -2168.45 454.86 -0.32 -0.55 0.33 41385.00
832.04 -2173.73 459.21 -0.41 -0.45 0.38 41416.00
831.90 -2178.49 463.54 -0.32 -0.35 0.51 41447.00
831.16 -2180.91 467.33 -0.37 -0.29 0.53 41478.00
830.54 -2183.48 470.25 -0.52 -0.31 0.63 41509.00
832.15 -2186.16 472.69 -0.35 -0.38 1.00 41540.00
834.18 -2185.19 475.19 -0.51 -0.31 0.59 41571.00
836.95 -2184.55 478.11 -0.53 -0.12 0.33 41602.00
839.29 -2186.23 480.44 -0.64 -0.17 0.52 41633.00
843.12 -2188.88 482.85 -0.55 -0.27 0.63 41664.00
849.91 -2190.40 485.81 -0.30 -0.06 0.50 41695.00
855.13 -2190.86 488.05 -0.32 0.16 0.43 41725.00
858.56 -2191.16 489.57 -0.38 0.24 0.41 41756.00
861.30 -2192.10 490.64 -0.37 0.23 0.51 41787.00
864.75 -2193.14 491.67 -0.34 0.23 0.56 41818.00
869.06 -2193.41 492.62 -0.24 0.35 0.52 41849.00
872.98 -2191.67 493.00 -0.26 0.48 0.37 41880.00
875.82 -2189.21 492.56 -0.44 0.53 0.20 41911.00
878.40 -2187.83 491.98 -0.55 0.48 0.22 41942.00
881.85 -2186.92 491.34 -0.60 0.48 0.19 41973.00
886.46 -2186.38 490.81 -0.56 0.41 0.18 42004.00
893.24 -2185.87 490.33 -0.61 0.47 0.01 42035.00
900.38 -2186.17 489.73 -0.76 0.50 0.00 42066.00
908.00 -2187.74 489.79 -0.72 0.47 -0.07 42097.00
915.92 -2189.74 488.69 -0.73 0.72 -0.31 42129.00
922.79 -2191.36 485.44 -0.81 0.80 -0.36 42159.00
929.51 -2193.09 480.83 -0.87 0.59 -0.26 42190.00
933.97 -2195.73 474.62 -1.02 0.46 -0.22 42221.00
935.18 -2198.66 466.62 -0.91 0.27 -0.09 42253.00
934.40 -2202.01 458.88 -0.87 -0.09 0.11 42284.00
935.04 -2205.06 451.24 -0.89 -0.41 0.19 42315.00
936.65 -2206.05 443.87 -0.67 -0.35 0.05 42346.00
938.45 -2207.41 437.16 -0.78 -0.45 0.03 42378.00
940.67 -2209.30 431.23 -0.65 -0.46 0.00 42408.00
942.15 -2211.94 424.72 -0.48 -0.43 0.03 42439.00
942.42 -2215.51 417.17 -0.42 -0.60 0.20 42471.00
941.79 -2219.00 409.57 -0.20 -0.82 0.32 42502.00
941.39 -2221.09 401.97 -0.08 -0.93 0.31 42533.00
942.16 -2223.83 394.23 -0.05 -1.03 0.32 42564.00
942.45 -2227.22 386.29 0.12 -1.08 0.33 42596.00
944.08 -2230.65 379.73 0.18 -1.19 0.35 42627.00
948.19 -2236.31 372.14 0.38 -1.13 0.25 42658.00
952.64 -2243.94 364.40 0.69 -0.95 0.22 42689.00
956.05 -2251.68 356.93 0.96 -0.79 0.37 42720.00
959.84 -2258.97 349.87 1.34 -0.69 0.49 42752.00
962.69 -2264.98 342.38 1.66 -0.70 0.69 42782.00
965.30 -2269.13 334.52 1.88 -0.90 0.76 42814.00
966.06 -2270.02 328.70 1.91 -1.13 0.69 42845.00
963.82 -2267.71 325.55 1.56 -1.30 0.47 42875.00
959.37 -2264.41 325.96 1.05 -1.28 0.43 42907.00
954.00 -2262.82 329.23 0.88 -1.51 0.65 42938.00
951.00 -2263.67 334.69 1.08 -1.76 0.87 42969.00
949.52 -2259.24 365.18 1.06 -1.68 0.11 43092.00
945.99 -2264.87 388.73 0.56 -1.48 -0.09 43186.00
943.20 -2268.02 396.50 0.41 -1.40 -0.04 43217.00
939.26 -2271.31 404.51 0.39 -1.33 -0.12 43249.00
934.05 -2275.01 412.28 0.29 -1.27 -0.10 43280.00
929.28 -2280.17 420.30 0.22 -1.15 -0.11 43312.00
925.07 -2285.96 427.81 0.23 -0.96 0.00 43342.00
921.70 -2291.76 435.83 0.14 -0.78 0.18 43374.00
920.27 -2296.58 443.38 -0.06 -0.54 0.24 43405.00
919.10 -2302.17 450.45 -0.17 -0.32 0.41 43436.00
916.78 -2306.01 457.12 -0.15 -0.14 0.51 43467.00
913.05 -2308.58 462.20 -0.30 -0.12 0.57 43498.00
909.22 -2311.58 466.29 -0.45 -0.15 0.68 43529.00
906.77 -2314.11 469.42 -0.47 -0.23 0.82 43559.00
906.81 -2316.13 471.99 -0.42 -0.19 1.08 43590.00
908.20 -2315.33 473.72 -0.60 -0.02 0.73 43621.00
908.92 -2315.12 476.06 -0.72 0.04 0.68 43653.00
909.39 -2315.01 478.12 -0.72 -0.09 0.55 43683.00
911.96 -2316.47 480.58 -0.69 -0.20 0.60 43714.00
917.11 -2318.34 483.09 -0.47 -0.07 0.50 43745.00
921.87 -2319.56 484.77 -0.32 0.14 0.52 43777.00
924.73 -2320.09 485.83 -0.35 0.21 0.49 43807.00
926.59 -2320.89 486.65 -0.35 0.18 0.51 43838.00
929.22 -2321.59 487.52 -0.38 0.13 0.57 43869.00
933.42 -2322.27 488.69 -0.41 0.23 0.57 43899.00
938.59 -2322.81 490.00 -0.37 0.37 0.54 43930.00
944.14 -2322.61 491.08 -0.30 0.52 0.40 43961.00
949.31 -2321.59 491.65 -0.37 0.56 0.31 43993.00
954.22 -2320.82 491.74 -0.37 0.63 0.18 44023.00
958.63 -2319.61 490.82 -0.42 0.66 0.11 44055.00
962.51 -2318.02 489.17 -0.54 0.60 -0.00 44086.00
966.82 -2317.03 487.30 -0.61 0.54 -0.04 44116.00
971.98 -2316.34 485.12 -0.79 0.48 -0.07 44148.00
978.62 -2317.12 483.62 -0.86 0.36 -0.06 44179.00
987.03 -2319.09 482.15 -0.74 0.53 -0.20 44211.00
993.17 -2320.15 478.87 -0.83 0.84 -0.39 44241.00
996.05 -2321.75 473.93 -0.94 0.65 -0.08 44272.00
999.94 -2324.25 467.92 -0.82 0.38 -0.02 44304.00
1003.63 -2326.49 460.50 -0.76 0.32 -0.02 44335.00
1005.91 -2327.87 452.76 -0.76 0.13 -0.00 44366.00
1007.50 -2330.12 445.02 -0.89 -0.09 0.06 44397.00
1009.48 -2332.32 437.03 -0.77 -0.23 0.04 44429.00
1010.64 -2334.13 429.29 -0.70 -0.34 0.03 44460.00
1011.76 -2336.53 421.68 -0.67 -0.51 0.06 44491.00
1013.41 -2339.16 414.48 -0.47 -0.57 0.06 44522.00
1014.33 -2341.88 407.05 -0.38 -0.62 0.08 44554.00
1015.17 -2345.45 400.16 -0.40 -0.80 0.25 44584.00
1016.32 -2350.43 393.07 -0.15 -1.04 0.42 44616.00
1016.94 -2353.38 387.05 0.11 -1.18 0.46 44647.00
1018.29 -2355.75 380.61 0.03 -1.36 0.45 44679.00
1019.73 -2358.87 374.52 0.17 -1.42 0.48 44709.00
1020.49 -2361.49 369.33 0.36 -1.34 0.49 44741.00
1021.74 -2363.71 364.12 0.40 -1.19 0.39 44772.00
1023.98 -2366.85 357.47 0.45 -1.08 0.28 44804.00
1025.69 -2371.02 351.07 0.51 -0.93 0.26 44834.00
1027.31 -2376.65 344.73 0.72 -0.89 0.40 44866.00
1029.94 -2383.18 338.11 1.06 -0.92 0.44 44897.00
1033.75 -2389.29 331.72 1.27 -0.84 0.45 44928.00
1038.01 -2394.04 326.59 1.22 -0.66 0.51 44959.00
1042.49 -2398.17 321.93 1.24 -0.65 0.61 44990.00
1046.31 -2401.85 317.75 1.34 -0.70 0.76 45021.00
1049.11 -2404.15 314.62 1.48 -0.86 0.87 45052.00
1050.11 -2403.73 313.92 1.40 -1.00 0.81 45083.00
1048.81 -2401.96 316.26 1.20 -1.03 0.72 45114.00
1045.97 -2399.99 320.94 1.28 -1.13 0.72 45145.00
1043.07 -2398.21 326.94 1.27 -1.09 0.75 45176.00
1041.17 -2396.37 334.15 1.33 -1.17 0.79 45207.00
1040.36 -2394.02 341.92 1.35 -1.23 0.67 45238.00
1040.46 -2391.31 349.43 1.32 -1.36 0.49 45268.00
1040.30 -2388.43 357.20 1.19 -1.47 0.37 45299.00
1039.96 -2385.84 365.22 1.07 -1.65 0.23 45331.00
1040.49 -2384.84 372.98 0.70 -1.56 0.02 45362.00
1040.28 -2385.37 380.75 0.45 -1.39 -0.00 45393.00
1037.77 -2386.53 388.77 0.25 -1.22 -0.02 45425.00
1033.76 -2389.17 396.53 0.04 -1.23 0.02 45456.00
1028.71 -2393.49 404.55 0.04 -1.28 0.07 45488.00
1023.53 -2398.19 412.07 0.11 -1.27 0.15 45518.00
1018.08 -2402.92 420.08 0.11 -1.24 0.24 45550.00
1014.12 -2407.48 427.85 -0.05 -1.09 0.25 45581.00
1010.97 -2412.71 435.87 -0.09 -0.78 0.24 45613.00
1008.11 -2416.83 443.47 -0.07 -0.60 0.34 45644.00
1005.67 -2420.59 450.41 -0.19 -0.46 0.47 45675.00
1004.10 -2424.31 456.55 -0.21 -0.28 0.58 45706.00
1002.77 -2426.77 461.52 -0.23 -0.13 0.66 45736.00
1001.32 -2428.14 465.50 -0.40 -0.10 0.68 45767.00
1001.64 -2430.08 468.55 -0.40 -0.09 0.87 45799.00
1002.45 -2429.79 469.95 -0.44 0.06 0.71 45830.00
1001.74 -2429.09 472.16 -0.69 -0.12 0.63 45860.00
1001.96 -2428.66 473.94 -0.66 -0.24 0.50 45891.00
1003.40 -2429.11 476.06 -0.70 -0.28 0.49 45923.00
1006.91 -2430.93 478.28 -0.52 -0.26 0.58 45954.00
1012.61 -2431.58 480.57 -0.34 -0.03 0.44 45984.00
1017.16 -2431.99 482.38 -0.43 0.13 0.47 46016.00
1020.33 -2432.78 483.59 -0.47 0.16 0.52 46047.00
1023.56 -2433.96 484.41 -0.45 0.18 0.60 46077.00
1027.33 -2434.46 484.96 -0.42 0.18 0.62 46108.00
1032.75 -2434.00 485.54 -0.45 0.22 0.50 46139.00
1038.96 -2433.01 485.99 -0.48 0.29 0.35 46171.00
1045.15 -2432.19 486.29 -0.46 0.29 0.20 46201.00
1052.59 -2432.02 486.64 -0.46 0.35 0.05 46232.00
1059.72 -2432.13 486.36 -0.49 0.49 -0.13 46264.00
1065.44 -2432.19 485.44 -0.58 0.46 -0.13 46295.00
1071.46 -2432.57 484.25 -0.61 0.38 -0.18 46326.00
1078.12 -2433.63 483.05 -0.78 0.37 -0.21 46357.00
1086.00 -2436.14 482.10 -0.79 0.44 -0.23 46389.00
1093.27 -2438.91 480.52 -0.80 0.63 -0.34 46419.00
1099.65 -2442.30 477.69 -0.88 0.75 -0.31 46450.00
1105.17 -2446.68 473.59 -0.91 0.68 -0.20 46482.00
1110.73 -2452.86 467.95 -0.96 0.67 -0.13 46513.00
1113.31 -2459.62 460.40 -0.83 0.59 0.09 46544.00
1112.70 -2466.37 452.65 -0.68 0.29 0.34 46575.00
1111.21 -2472.98 444.91 -0.48 -0.01 0.49 46606.00
1109.43 -2476.58 436.92 -0.52 -0.23 0.45 46638.00
1107.37 -2479.52 429.45 -0.70 -0.42 0.34 46668.00
1105.09 -2483.73 421.96 -0.64 -0.56 0.44 46699.00
1103.39 -2488.59 414.73 -0.42 -0.82 0.54 46731.00
1102.76 -2492.54 408.59 -0.25 -0.89 0.56 46761.00
1103.06 -2497.07 402.49 -0.22 -0.96 0.60 46793.00
1104.18 -2502.31 396.67 -0.01 -0.90 0.59 46824.00
1105.15 -2507.69 390.81 0.16 -0.92 0.58 46856.00
1105.86 -2513.06 384.91 0.36 -0.93 0.60 46886.00
1105.62 -2518.29 378.24 0.56 -0.82 0.44 46917.00
1104.80 -2524.68 370.28 0.72 -0.85 0.41 46949.00
1103.91 -2531.01 362.79 0.90 -0.80 0.42 46980.00
1103.01 -2536.72 356.47 1.09 -0.73 0.36 47010.00
1102.18 -2542.61 349.51 1.37 -0.78 0.50 47041.00
1102.57 -2548.54 342.49 1.54 -0.80 0.69 47073.00
1104.13 -2553.13 336.85 1.87 -0.95 0.95 47104.00
1107.07 -2555.79 331.88 1.97 -1.24 1.15 47135.00
1109.69 -2554.96 329.99 1.48 -1.16 0.82 47166.00
1108.45 -2552.12 331.83 1.05 -0.98 0.62 47197.00
1104.35 -2550.00 336.34 1.00 -1.06 0.78 47227.00
1100.89 -2549.03 342.75 1.31 -1.18 0.84 47258.00
1099.20 -2547.66 350.12 1.48 -1.13 0.84 47289.00
1098.93 -2545.39 358.10 1.46 -1.11 0.75 47321.00
1099.13 -2542.46 365.61 1.29 -1.16 0.60 47351.00
1098.79 -2539.13 373.38 1.09 -1.30 0.43 47382.00
1097.64 -2535.74 381.40 0.96 -1.47 0.24 47414.00
1095.38 -2533.19 388.91 0.55 -1.39 0.07 47444.00
1093.77 -2532.42 396.93 0.15 -1.27 -0.08 47476.00
1092.18 -2534.11 404.94 -0.11 -1.16 -0.11 47508.00
1089.48 -2537.33 412.44 -0.05 -1.12 -0.07 47539.00
1085.19 -2540.80 419.80 -0.05 -1.07 -0.06 47570.00
1079.06 -2544.77 426.90 -0.06 -1.13 -0.03 47601.00
1072.14 -2549.56 434.15 -0.08 -1.20 0.00 47633.00
1065.82 -2554.89 441.47 -0.09 -1.17 0.11 47664.00
1061.43 -2560.24 448.53 -0.11 -1.08 0.21 47695.00
1058.93 -2565.64 455.14 -0.18 -0.92 0.23 47726.00
1057.30 -2570.84 462.02 -0.19 -0.70 0.36 47758.00
1054.93 -2574.51 468.16 -0.21 -0.46 0.37 47789.00
1051.55 -2577.26 472.94 -0.32 -0.40 0.41 47819.00
1048.23 -2580.38 477.06 -0.43 -0.43 0.48 47850.00
1046.61 -2583.68 480.66 -0.42 -0.42 0.64 47882.00
1048.69 -2586.01 483.80 -0.37 -0.33 0.91 47912.00
1050.86 -2585.87 485.69 -0.44 0.01 0.67 47943.00
1051.19 -2584.76 487.79 -0.64 -0.06 0.52 47974.00
1052.00 -2584.72 490.18 -0.70 -0.21 0.51 48006.00
1054.80 -2585.50 492.42 -0.67 -0.32 0.44 48036.00
1059.93 -2586.64 495.53 -0.45 -0.18 0.40 48068.00
1065.30 -2587.27 498.08 -0.41 -0.03 0.40 48099.00
1069.63 -2587.06 499.80 -0.45 0.15 0.41 48130.00
1071.84 -2586.71 500.88 -0.58 0.16 0.40 48160.00
1074.32 -2586.96 501.87 -0.63 0.10 0.46 48192.00
1078.73 -2587.42 503.27 -0.70 0.12 0.44 48224.00
1084.04 -2587.72 504.71 -0.67 0.29 0.33 48254.00
1089.10 -2587.76 506.00 -0.58 0.40 0.27 48285.00
1094.20 -2587.24 507.12 -0.59 0.44 0.17 48317.00
1098.48 -2586.84 507.61 -0.69 0.55 0.09 48348.00
1102.20 -2586.87 507.69 -0.68 0.47 0.11 48379.00
1107.42 -2587.38 507.74 -0.62 0.41 0.07 48410.00
1112.77 -2587.72 507.29 -0.66 0.55 -0.09 48442.00
1116.77 -2587.89 506.39 -0.68 0.46 -0.02 48473.00
1121.95 -2588.50 505.75 -0.69 0.36 -0.10 48504.00
1127.79 -2589.36 505.45 -0.78 0.39 -0.14 48535.00
1135.30 -2591.08 505.39 -0.78 0.41 -0.16 48567.00
1142.86 -2593.30 504.86 -0.87 0.55 -0.23 48598.00
1150.12 -2596.22 503.47 -0.82 0.70 -0.24 48628.00
1156.32 -2599.02 500.79 -0.79 0.65 -0.22 48660.00
1161.69 -2602.44 496.69 -0.84 0.63 -0.25 48691.00
1164.68 -2606.05 491.01 -0.91 0.52 -0.10 48722.00
1166.34 -2610.38 484.32 -0.90 0.24 0.06 48753.00
1167.01 -2615.60 476.63 -0.80 -0.02 0.22 48785.00
1167.08 -2619.42 469.55 -0.76 -0.21 0.23 48816.00
1167.39 -2622.08 462.87 -0.85 -0.37 0.19 48847.00
1168.59 -2625.02 456.51 -0.82 -0.45 0.16 48878.00
1169.46 -2628.60 450.27 -0.75 -0.45 0.15 48910.00
1169.34 -2633.05 444.42 -0.66 -0.52 0.21 48941.00
1168.69 -2638.30 438.62 -0.53 -0.61 0.29 48971.00
1168.32 -2644.46 432.68 -0.36 -0.67 0.42 49003.00
1168.36 -2650.41 426.95 -0.23 -0.75 0.50 49034.00
1169.16 -2656.74 421.84 -0.16 -0.77 0.64 49065.00
1170.57 -2662.56 417.90 0.08 -0.74 0.70 49096.00
1172.86 -2668.06 413.37 0.19 -0.85 0.68 49128.00
1175.76 -2673.91 408.46 0.23 -0.66 0.46 49159.00
1177.60 -2680.27 403.77 0.36 -0.48 0.44 49189.00
1178.05 -2687.21 398.28 0.58 -0.49 0.56 49220.00
1178.09 -2694.51 392.34 0.87 -0.55 0.59 49251.00
1177.76 -2701.76 386.29 1.25 -0.54 0.69 49283.00
1177.05 -2708.24 380.41 1.59 -0.50 0.69 49313.00
1176.28 -2714.06 373.12 1.96 -0.76 0.98 49345.00
1176.04 -2718.51 366.28 2.12 -1.28 1.38 49376.00
1176.82 -2718.53 363.28 1.82 -1.55 1.07 49406.00
1175.37 -2715.06 364.83 1.21 -1.34 0.66 49437.00
1170.56 -2712.12 370.05 0.91 -1.11 0.69 49469.00
1166.45 -2711.12 377.08 1.38 -1.42 0.97 49500.00
1165.63 -2709.67 384.58 1.51 -1.35 0.92 49530.00
1166.91 -2707.32 392.34 1.33 -1.23 0.76 49561.00
1167.80 -2704.34 400.11 1.02 -1.17 0.59 49592.00
1166.04 -2701.51 407.88 0.86 -1.34 0.46 49623.00
1162.43 -2699.82 415.64 0.64 -1.53 0.27 49654.00
1159.11 -2699.88 423.66 0.37 -1.71 0.21 49686.00
1157.14 -2701.98 431.43 0.29 -1.64 0.09 49717.00
1154.39 -2704.28 439.19 0.30 -1.50 -0.05 49748.00
1151.06 -2707.26 447.21 0.17 -1.41 -0.15 49780.00
1147.53 -2711.30 454.98 0.15 -1.31 -0.19 49811.00
1143.26 -2716.12 462.99 0.19 -1.18 -0.14 49843.00
1138.76 -2720.99 470.51 0.10 -0.96 -0.02 49873.00
1135.52 -2726.56 478.34 0.02 -0.89 0.26 49905.00
1133.03 -2731.20 485.85 -0.06 -0.80 0.34 49937.00
1130.53 -2734.75 492.63 -0.21 -0.60 0.36 49968.00
1128.67 -2738.76 498.63 -0.26 -0.53 0.55 49998.00
1126.91 -2741.92 504.41 -0.22 -0.44 0.63 50029.00
1125.75 -2743.13 509.56 -0.32 -0.33 0.57 50061.00
1124.66 -2745.13 513.62 -0.43 -0.28 0.60 50092.00
1125.71 -2747.60 516.98 -0.30 -0.30 0.95 50122.00
1127.91 -2747.77 519.61 -0.26 -0.14 0.76 50153.00
1130.30 -2747.35 523.12 -0.50 -0.20 0.59 50185.00
1133.36 -2748.01 526.91 -0.43 -0.17 0.50 50215.00
1138.26 -2749.22 530.49 -0.33 -0.13 0.59 50246.00
1144.11 -2749.22 533.90 -0.30 0.08 0.49 50277.00
1149.06 -2748.83 536.21 -0.32 0.29 0.41 50308.00
1152.57 -2748.67 537.58 -0.38 0.34 0.42 50339.00
1156.87 -2749.77 538.52 -0.41 0.32 0.47 50370.00
1162.75 -2750.99 538.46 -0.36 0.43 0.43 50401.00
1168.69 -2751.62 537.69 -0.44 0.57 0.35 50432.00
1173.24 -2751.84 536.78 -0.48 0.62 0.30 50462.00
1177.63 -2751.28 535.41 -0.53 0.52 0.19 50494.00
1183.05 -2751.29 533.69 -0.60 0.46 0.07 50525.00
1188.83 -2751.45 531.66 -0.61 0.43 -0.04 50555.00
1195.88 -2752.09 529.47 -0.64 0.36 -0.10 50587.00
1203.25 -2753.26 527.17 -0.69 0.41 -0.21 50618.00
1210.09 -2754.99 524.21 -0.81 0.47 -0.26 50650.00
1215.16 -2757.52 520.11 -0.90 0.50 -0.19 50680.00
1219.51 -2761.70 514.12 -0.95 0.48 -0.01 50712.00
1222.66 -2766.51 507.27 -0.85 0.44 0.12 50743.00
1224.62 -2771.66 499.36 -0.75 0.36 0.27 50775.00
1224.39 -2775.39 491.86 -0.57 0.24 0.27 50805.00
1221.73 -2778.35 483.87 -0.52 -0.05 0.26 50837.00
1219.76 -2781.41 476.13 -0.56 -0.40 0.32 50868.00
1218.24 -2783.45 468.64 -0.32 -0.51 0.19 50898.00
1215.91 -2784.54 460.65 -0.29 -0.73 0.23 50930.00
1215.10 -2786.56 452.99 -0.34 -1.16 0.45 50961.00
1217.17 -2789.51 446.47 -0.17 -1.26 0.45 50993.00
1220.73 -2792.17 441.67 -0.05 -1.07 0.48 51024.00
1225.40 -2795.73 436.74 -0.07 -1.13 0.63 51055.00
1230.51 -2800.79 432.80 0.08 -0.94 0.66 51087.00
1234.54 -2804.73 429.14 0.44 -0.90 0.62 51118.00
1236.21 -2807.45 424.16 0.61 -0.93 0.58 51148.00
1236.43 -2810.89 418.98 0.47 -0.86 0.58 51180.00
1235.76 -2814.52 413.96 0.65 -0.88 0.61 51211.00
1235.54 -2818.07 408.85 0.85 -0.91 0.65 51241.00
1236.48 -2822.28 403.32 0.98 -0.85 0.64 51272.00
1238.15 -2827.14 397.89 1.10 -0.77 0.69 51303.00
1240.32 -2832.75 392.50 1.40 -0.81 0.88 51335.00
1242.79 -2837.39 387.77 1.60 -0.79 0.99 51365.00
1243.56 -2839.19 383.76 1.52 -0.85 0.95 51397.00
1240.80 -2838.59 382.25 1.13 -1.11 1.07 51428.00
1236.34 -2837.34 384.04 1.03 -1.42 1.02 51459.00
1232.37 -2836.21 388.23 1.09 -1.51 1.02 51489.00
1230.09 -2835.81 394.09 1.22 -1.67 1.05 51520.00
1230.52 -2835.66 401.63 1.30 -1.45 0.99 51551.00
1233.03 -2834.58 409.14 1.23 -1.25 0.95 51581.00
1237.14 -2832.64 416.91 1.03 -1.07 0.81 51612.00
1240.41 -2829.34 424.68 1.00 -1.03 0.69 51643.00
1240.73 -2824.99 432.69 0.76 -0.97 0.53 51675.00
1237.69 -2820.86 439.87 0.43 -0.96 0.33 51705.00
1232.96 -2817.45 447.48 0.13 -1.11 0.17 51737.00
1228.66 -2816.11 454.81 -0.12 -1.28 0.07 51768.00
1223.47 -2816.63 462.38 -0.22 -1.20 -0.02 51800.00
1217.55 -2818.75 469.42 -0.26 -1.21 -0.05 51831.00
1210.26 -2822.38 476.41 -0.24 -1.33 0.00 51862.00
1202.55 -2827.12 484.21 -0.17 -1.35 0.04 51894.00
1195.85 -2831.77 491.52 -0.11 -1.28 0.11 51924.00
1189.73 -2836.81 499.30 -0.16 -1.14 0.14 51956.00
1184.76 -2842.25 506.99 -0.15 -0.93 0.20 51988.00
1180.86 -2847.21 513.76 -0.19 -0.68 0.28 52019.00
1177.27 -2851.69 519.75 -0.27 -0.53 0.36 52050.00
1174.41 -2856.78 524.87 -0.34 -0.46 0.56 52081.00
1172.58 -2860.68 529.37 -0.36 -0.38 0.61 52112.00
1171.97 -2863.74 533.50 -0.42 -0.27 0.68 52143.00
1173.18 -2866.19 536.41 -0.30 -0.10 0.87 52173.00
1174.64 -2866.49 538.17 -0.52 -0.08 0.80 52205.00
1176.02 -2866.07 541.13 -0.61 -0.10 0.51 52236.00
1177.44 -2867.05 544.14 -0.58 -0.18 0.53 52267.00
1181.66 -2868.43 547.19 -0.50 -0.21 0.45 52297.00
1188.09 -2870.30 550.11 -0.31 -0.00 0.47 52329.00
1192.59 -2870.55 551.86 -0.31 0.21 0.39 52360.00
1194.21 -2870.93 552.96 -0.35 0.23 0.48 52390.00
1196.00 -2871.00 553.72 -0.39 0.14 0.52 52421.00
1199.86 -2871.49 554.71 -0.45 0.16 0.52 52452.00
1204.76 -2872.09 555.95 -0.37 0.32 0.52 52483.00
1210.11 -2871.60 556.99 -0.36 0.42 0.42 52514.00
1216.13 -2870.73 557.69 -0.37 0.53 0.28 52545.00
1221.36 -2869.29 557.64 -0.43 0.64 0.11 52576.00
1226.16 -2867.94 556.70 -0.47 0.61 0.03 52608.00
1230.91 -2866.99 555.08 -0.51 0.62 -0.11 52638.00
1235.55 -2866.19 552.51 -0.54 0.53 -0.09 52670.00
1240.78 -2865.43 550.02 -0.65 0.36 -0.16 52701.00
1247.86 -2865.65 547.79 -0.76 0.30 -0.26 52732.00
1255.32 -2866.60 545.60 -0.82 0.34 -0.30 52763.00
1262.68 -2868.12 542.96 -0.90 0.39 -0.28 52794.00
1269.05 -2870.55 539.66 -0.99 0.41 -0.22 52826.00
1273.86 -2873.54 535.64 -1.02 0.33 -0.11 52857.00
1277.81 -2877.41 530.09 -1.10 0.22 0.03 52888.00
1280.36 -2882.10 523.11 -1.03 0.06 0.16 52920.00
1280.99 -2886.25 515.91 -1.04 -0.17 0.27 52951.00
1281.23 -2889.56 509.16 -1.07 -0.43 0.34 52982.00
1281.83 -2891.23 502.74 -0.79 -0.44 0.16 53013.00
1281.82 -2892.78 496.47 -0.88 -0.52 0.12 53045.00
1281.74 -2894.69 490.75 -0.81 -0.62 0.10 53075.00
1281.96 -2896.91 484.75 -0.69 -0.63 0.09 53107.00
1281.91 -2899.71 479.80 -0.57 -0.64 0.14 53138.00
1282.20 -2903.08 474.96 -0.44 -0.71 0.25 53169.00
1283.09 -2906.71 470.33 -0.30 -0.75 0.32 53200.00
1284.54 -2909.97 466.06 -0.21 -0.72 0.35 53232.00
1286.82 -2914.16 461.21 -0.24 -0.77 0.38 53263.00
1289.56 -2920.14 455.80 -0.04 -0.72 0.40 53295.00
1292.11 -2925.67 451.46 0.17 -0.59 0.37 53325.00
1295.06 -2932.34 445.63 0.28 -0.66 0.40 53357.00
1298.76 -2940.57 438.03 0.53 -0.65 0.49 53388.00
1301.68 -2948.69 431.36 0.93 -0.53 0.53 53419.00
1303.42 -2956.38 425.87 1.45 -0.45 0.65 53450.00
1303.61 -2963.71 418.96 1.85 -0.65 0.94 53481.00
1302.07 -2969.13 412.25 2.07 -0.89 1.15 53512.00
1299.38 -2970.07 407.73 1.88 -1.51 1.41 53543.00
1298.12 -2968.15 406.64 1.36 -1.75 1.04 53574.00
1296.05 -2964.87 409.90 1.16 -1.25 0.63 53605.00
1290.81 -2961.44 414.67 1.11 -1.18 0.74 53636.00
1286.34 -2959.37 420.14 1.07 -1.45 0.99 53666.00
1284.26 -2957.69 426.77 1.20 -1.58 0.96 53697.00
1283.32 -2955.29 434.12 1.20 -1.50 0.73 53728.00
1281.90 -2951.70 442.14 0.99 -1.41 0.55 53760.00
1279.44 -2948.33 449.65 0.69 -1.53 0.41 53790.00
1278.66 -2945.75 457.67 0.43 -1.54 0.11 53822.00
1277.14 -2943.95 465.69 0.14 -1.34 -0.11 53854.00
1275.29 -2944.40 473.20 -0.18 -1.24 -0.12 53884.00
1270.57 -2947.83 481.10 -0.25 -1.19 -0.10 53916.00
1265.21 -2951.95 488.50 -0.18 -1.28 -0.06 53948.00
1258.93 -2957.20 495.38 -0.14 -1.38 0.05 53979.00
1252.82 -2962.68 502.53 -0.03 -1.38 0.10 54010.00
1246.80 -2968.15 509.84 -0.04 -1.49 0.21 54041.00
1242.56 -2973.55 517.83 -0.08 -1.19 0.23 54073.00
1240.00 -2978.66 525.44 -0.04 -0.91 0.23 54104.00
1238.21 -2983.17 532.43 -0.10 -0.66 0.26 54135.00
1236.50 -2987.58 539.21 -0.16 -0.43 0.39 54166.00
1234.48 -2991.78 545.68 -0.18 -0.28 0.54 54198.00
1232.92 -2994.96 550.80 -0.20 -0.12 0.71 54228.00
1231.57 -2996.92 555.01 -0.26 -0.09 0.92 54259.00
1232.69 -2997.01 558.01 -0.26 0.13 0.88 54290.00
1230.49 -2994.64 560.06 -0.56 0.06 0.55 54322.00
1231.24 -2994.57 562.44 -0.70 -0.11 0.52 54352.00
1233.98 -2996.36 565.25 -0.61 -0.25 0.60 54384.00
1240.34 -2998.09 568.74 -0.33 -0.14 0.42 54415.00
1246.71 -2998.98 571.64 -0.23 0.13 0.38 54446.00
1250.42 -2998.81 573.15 -0.28 0.29 0.36 54476.00
1251.99 -2999.12 574.04 -0.39 0.26 0.45 54507.00
1254.20 -2999.52 574.74 -0.38 0.19 0.51 54538.00
1258.21 -3000.11 575.44 -0.37 0.27 0.48 54568.00
1263.16 -3000.28 575.91 -0.30 0.37 0.42 54600.00
1268.86 -3000.00 576.07 -0.26 0.45 0.27 54631.00
1273.86 -2998.66 575.35 -0.30 0.53 0.09 54662.00
1278.77 -2997.31 574.04 -0.49 0.46 0.05 54693.00
1285.56 -2996.82 572.35 -0.50 0.49 -0.07 54724.00
1292.62 -2995.89 569.82 -0.55 0.48 -0.18 54756.00
1299.60 -2995.40 566.98 -0.69 0.43 -0.31 54787.00
1306.53 -2996.14 563.41 -0.91 0.41 -0.33 54817.00
1314.26 -2999.56 558.09 -1.01 0.46 -0.24 54849.00
1320.16 -3003.54 551.54 -0.83 0.33 -0.05 54880.00
1324.11 -3008.06 543.76 -0.90 0.04 0.16 54912.00
1325.65 -3012.81 536.02 -1.02 -0.20 0.26 54943.00
1325.23 -3016.38 528.34 -0.98 -0.53 0.37 54974.00
1326.61 -3019.33 522.03 -1.06 -0.80 0.52 55005.00
1330.80 -3021.94 517.16 -0.90 -0.60 0.32 55036.00
1333.68 -3024.57 512.51 -0.87 -0.45 0.33 55067.00
1335.44 -3028.60 508.09 -0.91 -0.58 0.46 55099.00
1336.21 -3032.07 504.35 -0.67 -0.56 0.49 55130.00
1337.15 -3035.09 499.96 -0.61 -0.60 0.46 55160.00
1336.96 -3038.73 495.49 -0.48 -0.58 0.48 55191.00
1335.84 -3041.87 491.46 -0.32 -0.65 0.53 55223.00
1336.23 -3045.32 486.65 -0.30 -0.78 0.54 55254.00
1337.29 -3050.10 481.67 -0.17 -0.75 0.55 55284.00
1338.05 -3055.19 477.24 0.09 -0.64 0.54 55316.00
1338.80 -3060.11 471.93 0.22 -0.82 0.59 55347.00
1340.11 -3066.26 465.21 0.40 -0.81 0.55 55378.00
1341.10 -3072.76 459.29 0.63 -0.67 0.54 55409.00
1340.92 -3078.51 453.39 0.91 -0.64 0.61 55440.00
1340.25 -3085.02 445.91 1.18 -0.86 0.74 55472.00
1339.51 -3090.98 439.86 1.46 -0.97 0.93 55502.00
1339.12 -3095.44 435.06 1.63 -1.04 1.22 55533.00
1339.43 -3097.37 430.61 1.81 -1.46 1.33 55564.00
1338.58 -3096.21 429.87 1.30 -1.56 1.11 55595.00
1334.70 -3093.90 433.40 1.05 -1.47 1.02 55626.00
1330.61 -3091.09 439.75 1.33 -1.67 1.08 55657.00
1330.57 -3088.15 447.31 1.29 -1.62 0.98 55688.00
1333.08 -3085.30 454.82 1.20 -1.29 0.65 55718.00
1333.38 -3081.57 462.59 0.92 -0.98 0.37 55749.00
1330.27 -3078.25 470.27 0.51 -1.06 0.21 55780.00
1326.19 -3076.63 477.98 0.11 -1.06 0.11 55812.00
1322.70 -3077.28 485.18 -0.06 -1.09 0.07 55843.00
1319.64 -3079.52 491.61 0.00 -1.08 0.01 55874.00
1315.64 -3082.23 498.42 0.04 -1.31 -0.01 55906.00
1311.17 -3084.99 505.81 0.04 -1.46 -0.08 55937.00
1306.82 -3088.27 513.16 -0.03 -1.47 -0.11 55968.00
1302.42 -3093.04 521.14 -0.08 -1.25 -0.06 56000.00
1298.03 -3098.22 528.79 -0.03 -1.18 0.01 56031.00
1294.35 -3103.28 536.55 -0.10 -1.19 0.25 56062.00
1291.63 -3107.93 544.29 -0.18 -0.90 0.37 56093.00
1288.69 -3111.50 551.70 -0.25 -0.64 0.30 56125.00
1285.16 -3114.92 557.94 -0.42 -0.55 0.45 56156.00
1282.45 -3118.43 563.37 -0.47 -0.53 0.55 56186.00
1280.25 -3121.54 568.39 -0.47 -0.41 0.58 56217.00
1278.16 -3123.30 572.81 -0.45 -0.33 0.55 56248.00
1277.11 -3125.63 576.28 -0.51 -0.37 0.89 56279.00
1277.99 -3125.48 578.65 -0.47 -0.17 0.61 56310.00
1279.41 -3125.86 580.86 -0.68 -0.23 0.51 56341.00
1281.21 -3126.21 583.63 -0.62 -0.14 0.29 56373.00
1283.36 -3128.70 585.85 -0.56 -0.21 0.43 56403.00
1288.66 -3131.67 588.73 -0.43 -0.24 0.46 56434.00
1296.06 -3133.96 591.43 -0.25 0.01 0.37 56466.00
1300.46 -3134.86 593.12 -0.29 0.22 0.48 56497.00
1303.49 -3135.43 594.26 -0.35 0.23 0.49 56527.00
1306.30 -3136.19 595.19 -0.39 0.22 0.56 56558.00
1310.31 -3136.77 596.11 -0.36 0.26 0.59 56589.00
1315.81 -3136.47 596.97 -0.34 0.34 0.48 56620.00
1322.10 -3135.52 597.63 -0.37 0.46 0.29 56651.00
1328.13 -3134.43 597.66 -0.41 0.56 0.11 56682.00
1333.89 -3133.22 596.96 -0.43 0.56 0.02 56714.00
1339.75 -3132.27 595.76 -0.49 0.55 -0.12 56744.00
1345.80 -3131.82 593.78 -0.54 0.59 -0.21 56775.00
1351.76 -3131.66 591.18 -0.58 0.49 -0.20 56807.00
1358.74 -3132.43 588.39 -0.67 0.44 -0.24 56838.00
1365.66 -3133.95 584.59 -0.76 0.50 -0.28 56868.00
1371.95 -3136.50 579.02 -0.91 0.46 -0.15 56900.00
1376.42 -3139.92 573.03 -0.92 0.31 0.04 56931.00
1380.66 -3144.55 566.12 -0.92 0.13 0.22 56963.00
1383.48 -3149.03 558.39 -0.78 0.01 0.30 56994.00
1384.20 -3152.58 550.65 -0.97 -0.29 0.39 57025.00
1385.91 -3156.12 543.24 -0.98 -0.52 0.44 57057.00
1387.56 -3158.91 536.13 -0.80 -0.54 0.36 57088.00
1387.67 -3160.93 529.98 -0.81 -0.61 0.34 57118.00
1388.46 -3163.77 524.66 -0.85 -0.77 0.37 57150.00
1390.32 -3166.80 520.19 -0.65 -0.70 0.34 57181.00
1391.11 -3169.76 516.18 -0.50 -0.69 0.34 57211.00
1391.68 -3173.41 511.76 -0.45 -0.81 0.44 57242.00
1393.13 -3177.96 507.79 -0.36 -0.84 0.59 57274.00
1395.33 -3182.50 504.28 -0.14 -0.81 0.61 57305.00
1397.60 -3186.91 500.37 -0.01 -0.72 0.57 57336.00
1399.27 -3191.77 495.99 0.07 -0.71 0.52 57367.00
1400.41 -3198.07 490.33 0.22 -0.72 0.54 57399.00
1401.32 -3205.70 483.76 0.46 -0.71 0.51 57430.00
1401.75 -3213.43 477.13 0.76 -0.63 0.52 57460.00
1401.55 -3221.46 469.65 1.07 -0.63 0.51 57492.00
1400.78 -3228.92 461.91 1.50 -0.78 0.74 57523.00
1399.72 -3235.07 456.00 1.77 -0.87 1.06 57553.00
1399.11 -3237.59 452.43 1.86 -1.11 1.36 57585.00
1399.89 -3237.64 449.60 1.53 -1.39 1.16 57616.00
1399.59 -3235.50 450.74 1.25 -1.22 0.73 57647.00
1396.22 -3232.98 454.49 1.07 -1.00 0.70 57677.00
1392.42 -3231.06 459.50 1.17 -1.20 0.83 57708.00
1391.40 -3229.57 465.13 1.21 -1.34 0.78 57739.00
1392.20 -3228.00 471.56 1.05 -1.18 0.67 57769.00
1392.35 -3225.91 478.61 1.04 -1.30 0.56 57800.00
1390.94 -3223.71 486.03 0.86 -1.39 0.43 57832.00
1387.88 -3221.93 493.89 0.61 -1.51 0.34 57864.00
1385.22 -3221.29 501.41 0.40 -1.60 0.20 57894.00
1383.12 -3221.52 509.42 0.20 -1.58 0.12 57926.00
1381.07 -3223.00 517.19 0.12 -1.54 0.06 57957.00
1377.80 -3224.94 525.21 0.10 -1.47 0.00 57989.00
1373.79 -3227.25 532.72 -0.00 -1.54 -0.03 58019.00
1369.46 -3230.97 540.74 -0.06 -1.44 -0.06 58051.00
1364.63 -3236.19 548.76 -0.00 -1.13 0.04 58083.00
1361.18 -3241.38 556.52 0.06 -1.17 0.21 58114.00
1358.76 -3245.87 564.29 -0.03 -0.97 0.24 58145.00
1356.30 -3249.93 572.01 -0.12 -0.53 0.33 58176.00
1352.89 -3253.72 578.51 -0.23 -0.45 0.42 58207.00
1349.06 -3257.06 584.14 -0.26 -0.43 0.47 58238.00
1345.67 -3259.90 589.28 -0.37 -0.39 0.53 58269.00
1343.15 -3262.47 593.67 -0.43 -0.35 0.52 58300.00
1342.48 -3265.51 597.27 -0.43 -0.33 0.84 58331.00
1343.84 -3266.92 599.71 -0.30 -0.12 0.76 58361.00
1344.35 -3267.18 601.60 -0.55 -0.11 0.74 58392.00
1345.56 -3266.93 604.52 -0.56 -0.15 0.54 58424.00
1347.58 -3267.71 607.31 -0.60 -0.29 0.60 58455.00
1352.77 -3268.81 610.60 -0.44 -0.23 0.42 58485.00
1359.39 -3270.54 613.77 -0.24 0.02 0.44 58516.00
1364.04 -3270.21 615.94 -0.30 0.25 0.39 58547.00
1366.98 -3270.26 617.16 -0.37 0.30 0.44 58578.00
1369.32 -3270.43 617.94 -0.42 0.28 0.51 58609.00
1372.50 -3270.79 618.88 -0.44 0.31 0.54 58640.00
1377.05 -3271.12 619.87 -0.41 0.35 0.53 58671.00
1382.61 -3270.54 620.57 -0.35 0.50 0.38 58701.00
1387.79 -3269.03 620.62 -0.47 0.58 0.22 58732.00
1393.15 -3267.96 620.12 -0.48 0.62 0.12 58764.00
1397.41 -3266.56 618.81 -0.52 0.59 0.01 58795.00
1402.59 -3265.85 617.25 -0.59 0.45 -0.03 58826.00
1409.36 -3265.78 615.32 -0.59 0.49 -0.19 58857.00
1415.48 -3265.94 612.30 -0.68 0.55 -0.16 58889.00
1421.13 -3266.31 608.97 -0.71 0.39 -0.15 58919.00
1428.19 -3267.36 604.94 -0.83 0.32 -0.19 58951.00
1434.83 -3269.16 600.46 -0.98 0.28 -0.13 58982.00
1441.62 -3272.11 595.77 -1.05 0.17 -0.04 59014.00
1447.38 -3275.66 590.22 -1.05 0.18 0.05 59045.00
1450.44 -3279.10 583.50 -0.98 0.00 0.16 59076.00
1452.37 -3282.55 576.55 -1.12 -0.28 0.29 59108.00
1454.68 -3285.15 570.45 -0.95 -0.43 0.30 59139.00
1456.66 -3286.76 564.66 -0.81 -0.41 0.21 59170.00
1458.18 -3288.00 558.92 -0.79 -0.50 0.16 59201.00
1459.55 -3289.65 553.67 -0.78 -0.56 0.12 59233.00
1460.80 -3291.53 548.92 -0.64 -0.58 0.10 59264.00
1461.82 -3293.63 544.09 -0.58 -0.57 0.11 59294.00
1461.61 -3297.06 538.79 -0.45 -0.61 0.19 59326.00
1461.02 -3300.68 533.51 -0.26 -0.71 0.24 59357.00
1461.16 -3304.46 527.24 -0.19 -0.82 0.27 59388.00
1461.42 -3309.79 520.00 -0.06 -0.77 0.29 59420.00
1461.76 -3315.38 513.81 0.18 -0.74 0.43 59451.00
1462.10 -3320.95 507.03 0.36 -0.89 0.42 59483.00
1464.01 -3327.52 499.55 0.56 -0.93 0.38 59513.00
1465.39 -3334.57 491.85 0.77 -0.76 0.34 59544.00
1465.16 -3340.76 484.67 1.06 -0.78 0.44 59575.00
1464.92 -3347.23 476.71 1.42 -0.95 0.52 59607.00
1464.65 -3352.57 469.37 1.45 -0.90 0.55 59637.00
1464.28 -3356.52 462.97 1.61 -1.13 0.74 59669.00
1465.91 -3358.81 458.57 1.74 -1.51 1.06 59700.00
1469.58 -3358.67 456.86 1.20 -1.03 0.56 59792.00
1455.53 -3337.28 507.18 0.34 -1.53 0.07 59978.00
1453.31 -3338.20 515.20 0.18 -1.58 -0.03 60010.00
1451.04 -3340.40 523.21 0.22 -1.51 -0.09 60042.00
1448.22 -3342.18 530.55 0.16 -1.42 -0.22 60072.00
1443.41 -3344.99 538.34 0.01 -1.41 -0.25 60104.00
1438.19 -3349.49 546.08 -0.01 -1.38 -0.19 60136.00
1432.79 -3354.88 553.40 -0.00 -1.18 -0.13 60167.00
1426.78 -3361.12 560.29 -0.00 -1.08 -0.07 60198.00
1421.39 -3367.83 567.26 -0.02 -1.02 0.20 60230.00
1418.22 -3373.46 573.57 -0.12 -0.86 0.28 60261.00
1415.40 -3378.24 579.24 -0.30 -0.57 0.27 60293.00
1412.34 -3383.03 583.88 -0.44 -0.53 0.38 60323.00
1409.31 -3387.46 588.28 -0.38 -0.48 0.41 60354.00
1406.45 -3390.50 592.06 -0.43 -0.44 0.37 60385.00
1404.49 -3394.01 595.25 -0.50 -0.43 0.46 60416.00
1404.07 -3397.23 598.10 -0.47 -0.35 0.61 60446.00
1405.32 -3398.81 600.04 -0.31 -0.11 0.69 60477.00
1404.84 -3397.94 601.25 -0.59 -0.19 0.68 60509.00
1404.64 -3396.28 603.24 -0.85 -0.17 0.38 60539.00
1406.98 -3397.16 605.38 -0.93 -0.30 0.68 60571.00
1411.83 -3397.74 608.08 -0.80 -0.32 0.38 60602.00
1417.98 -3400.26 611.17 -0.73 -0.09 0.28 60634.00
1423.56 -3404.48 613.54 -0.46 0.01 0.48 60664.00
1428.70 -3405.54 614.69 -0.27 0.14 0.53 60695.00
1432.21 -3404.62 614.91 -0.42 0.18 0.48 60726.00
1435.21 -3404.84 615.04 -0.52 0.17 0.50 60758.00
1438.23 -3405.43 615.03 -0.50 0.11 0.56 60788.00
1443.53 -3406.03 615.32 -0.50 0.08 0.55 60819.00
1450.34 -3405.30 615.55 -0.48 0.22 0.37 60850.00
1457.07 -3404.72 615.56 -0.49 0.34 0.22 60881.00
1462.91 -3404.11 614.99 -0.50 0.43 0.09 60912.00
1467.76 -3403.15 613.38 -0.58 0.43 -0.02 60944.00
1472.87 -3402.97 611.31 -0.60 0.42 -0.07 60975.00
1477.75 -3402.87 608.43 -0.64 0.41 -0.09 61006.00
1483.39 -3403.27 605.19 -0.73 0.30 -0.10 61037.00
1490.93 -3404.87 601.65 -0.77 0.29 -0.11 61069.00
1498.21 -3406.78 597.64 -0.79 0.31 -0.10 61100.00
1505.58 -3409.69 592.76 -0.82 0.30 -0.11 61131.00
1512.91 -3413.65 586.89 -0.81 0.32 -0.05 61162.00
1518.10 -3418.98 579.64 -0.87 0.22 0.19 61194.00
1521.39 -3426.52 572.14 -0.74 0.03 0.45 61224.00
1521.21 -3432.31 564.46 -0.55 -0.25 0.71 61255.00
1521.36 -3436.52 557.25 -0.78 -0.75 0.86 61287.00
1522.42 -3439.25 551.13 -0.72 -0.74 0.62 61318.00
1523.06 -3442.12 546.41 -0.86 -0.77 0.67 61348.00
1529.82 -3462.42 532.48 -0.22 -0.59 0.77 61502.00
1530.02 -3466.17 529.61 -0.11 -0.62 0.79 61534.00
1530.87 -3470.48 526.37 0.01 -0.67 0.80 61564.00
1530.93 -3474.40 523.49 0.20 -0.63 0.76 61595.00
1530.00 -3477.79 520.50 0.26 -0.75 0.90 61626.00
1530.01 -3481.85 517.02 0.37 -0.80 0.81 61657.00
1529.89 -3485.49 513.87 0.45 -0.67 0.72 61687.00
1529.34 -3489.46 510.44 0.46 -0.68 0.81 61718.00
1529.36 -3494.74 507.01 0.55 -0.73 0.84 61749.00
1530.25 -3500.69 503.94 0.77 -0.65 0.79 61780.00
1531.21 -3506.86 500.62 0.99 -0.61 0.88 61811.00
1532.90 -3513.42 497.47 1.18 -0.66 1.08 61842.00
1535.68 -3519.14 494.65 1.41 -0.63 1.09 61873.00
1538.12 -3522.67 491.61 1.32 -0.54 1.06 61903.00
1539.57 -3524.50 489.14 1.10 -0.55 0.93 61935.00
1539.39 -3525.06 488.09 1.09 -0.59 0.78 61966.00
1538.60 -3525.17 488.47 0.92 -0.57 0.73 61997.00
1539.10 -3526.22 489.90 0.87 -0.45 0.78 62027.00
1541.51 -3527.66 491.51 0.99 -0.30 0.78 62059.00
1544.60 -3528.53 492.42 1.05 -0.15 0.69 62090.00
1546.96 -3528.82 493.08 1.06 -0.04 0.59 62121.00
1547.45 -3528.52 493.41 1.07 0.01 0.54 62152.00
1546.46 -3528.07 493.21 1.03 -0.05 0.53 62184.00
1544.91 -3527.60 492.77 1.05 -0.10 0.51 62215.00
1543.22 -3526.94 492.06 1.03 -0.18 0.50 62246.00
1542.04 -3526.36 491.30 1.00 -0.24 0.48 62277.00
1541.39 -3525.93 490.54 0.99 -0.27 0.47 62309.00
1541.12 -3525.70 489.85 0.99 -0.28 0.48 62341.00
1541.16 -3525.65 489.28 1.00 -0.30 0.49 62371.00
1541.33 -3525.60 488.82 1.02 -0.29 0.49 62403.00
1541.36 -3525.47 488.40 1.01 -0.27 0.48 62434.00
1541.11 -3525.39 488.01 1.00 -0.27 0.49 62466.00
1540.79 -3525.40 487.68 1.00 -0.28 0.50 62496.00
1540.44 -3525.41 487.38 1.00 -0.29 0.50 62528.00
1540.17 -3525.54 487.15 1.00 -0.29 0.52 62559.00
1539.93 -3525.60 487.03 1.01 -0.28 0.51 62590.00
1539.68 -3525.63 486.98 0.99 -0.27 0.51 62621.00
1539.37 -3525.74 486.96 0.98 -0.26 0.53 62653.00
1539.19 -3525.87 486.97 0.98 -0.27 0.56 62684.00
1539.16 -3525.95 487.01 1.00 -0.27 0.57 62715.00
1539.13 -3525.90 487.12 1.01 -0.28 0.56 62746.00
1538.99 -3525.74 487.33 1.01 -0.27 0.58 62778.00
1538.83 -3525.49 487.62 1.02 -0.27 0.59 62809.00
1538.77 -3525.17 487.91 1.01 -0.26 0.59 62840.00
1538.62 -3524.72 488.18 1.00 -0.25 0.57 62871.00
1538.41 -3524.24 488.47 0.98 -0.25 0.57 62903.00
1538.16 -3523.81 488.71 0.99 -0.24 0.57 62934.00
1537.81 -3523.22 488.89 0.97 -0.24 0.56 62965.00
1537.39 -3522.57 489.06 0.96 -0.25 0.57 62997.00
1536.92 -3521.95 489.18 0.96 -0.26 0.56 63028.00
1536.50 -3521.30 489.23 0.95 -0.28 0.57 63059.00
1536.16 -3520.81 489.27 0.92 -0.30 0.56 63090.00
1535.84 -3520.40 489.30 0.93 -0.29 0.57 63122.00
1535.28 -3519.98 489.25 0.94 -0.29 0.56 63153.00
1534.47 -3519.64 489.14 0.94 -0.31 0.60 63184.00
1533.71 -3519.34 489.02 0.96 -0.35 0.61 63215.00
1532.93 -3518.85 488.93 0.94 -0.36 0.60 63247.00
1532.35 -3518.39 488.96 0.91 -0.39 0.60 63278.00
1532.29 -3518.17 489.11 0.89 -0.40 0.61 63309.00
1532.45 -3518.05 489.24 0.91 -0.39 0.62 63340.00
1532.58 -3517.99 489.40 0.92 -0.38 0.61 63372.00
1532.44 -3517.81 489.58 0.92 -0.38 0.62 63403.00
1532.19 -3517.58 489.81 0.89 -0.40 0.63 63434.00
1532.23 -3517.49 490.23 0.90 -0.39 0.63 63465.00
1532.38 -3517.30 490.68 0.90 -0.37 0.62 63497.00
1532.65 -3517.13 491.05 0.89 -0.36 0.62 63527.00
1533.19 -3517.11 491.39 0.87 -0.35 0.63 63559.00
1533.72 -3517.13 491.65 0.90 -0.34 0.64 63590.00
1534.03 -3517.10 491.78 0.89 -0.32 0.62 63622.00
1534.01 -3516.95 491.84 0.90 -0.33 0.66 63653.00
1534.12 -3517.12 491.79 0.90 -0.36 0.64 63684.00
1534.19 -3517.01 491.82 0.91 -0.35 0.64 63716.00
1533.99 -3516.89 491.82 0.89 -0.33 0.65 63747.00
1533.77 -3516.76 491.83 0.89 -0.35 0.65 63778.00
1533.60 -3516.63 491.85 0.89 -0.35 0.63 63809.00
1533.41 -3516.48 491.85 0.87 -0.35 0.64 63841.00
1533.33 -3516.45 491.85 0.87 -0.36 0.63 63872.00
1533.23 -3516.42 491.83 0.87 -0.36 0.62 63902.00
1533.10 -3516.43 491.77 0.87 -0.36 0.64 63934.00
1532.94 -3516.40 491.69 0.88 -0.38 0.65 63965.00
1532.92 -3516.37 491.65 0.87 -0.39 0.63 63996.00
1532.97 -3516.36 491.70 0.88 -0.37 0.65 64027.00
1532.78 -3516.35 491.64 0.87 -0.38 0.66 64059.00
1532.64 -3516.26 491.59 0.87 -0.40 0.64 64090.00
1532.69 -3516.26 491.57 0.87 -0.40 0.63 64121.00
1532.79 -3516.26 491.61 0.87 -0.39 0.61 64152.00
1532.75 -3516.24 491.70 0.87 -0.36 0.61 64184.00
1532.48 -3516.35 491.68 0.88 -0.36 0.62 64215.00
1531.96 -3516.36 491.63 0.88 -0.38 0.64 64246.00
1532.07 -3516.37 491.47 0.88 -0.47 0.67 64277.00
1532.54 -3516.11 491.72 0.90 -0.42 0.64 64308.00
1532.80 -3515.67 491.88 0.87 -0.41 0.65 64339.00
1533.16 -3515.68 492.12 0.87 -0.40 0.62 64370.00
1533.41 -3515.51 492.33 0.87 -0.39 0.69 64402.00
1533.44 -3515.15 492.34 0.88 -0.40 0.71 64433.00
1532.85 -3515.36 492.48 0.83 -0.40 0.66 64463.00
1532.56 -3515.28 492.77 0.85 -0.41 0.59 64495.00
1532.25 -3515.15 493.14 0.84 -0.38 0.65 64526.00
1531.83 -3514.91 493.48 0.86 -0.36 0.64 64557.00
1531.56 -3514.64 493.92 0.85 -0.34 0.57 64588.00
1531.05 -3514.04 494.49 0.86 -0.37 0.49 64619.00
1531.42 -3514.01 494.61 0.79 -0.38 0.60 64651.00
1532.04 -3514.19 494.78 0.84 -0.42 0.64 64681.00
1533.32 -3514.36 494.92 0.89 -0.55 0.74 64712.00
1535.86 -3514.60 495.89 0.85 -0.49 0.68 64744.00
1536.37 -3515.48 496.56 0.86 -0.30 0.77 64775.00
1535.78 -3515.14 496.21 0.88 -0.43 0.81 64805.00
1536.07 -3516.06 495.81 0.85 -0.43 0.76 64837.00
1534.01 -3517.36 495.42 0.87 -0.42 0.64 64868.00
1532.99 -3516.36 495.04 0.92 -0.43 0.68 64899.00
1532.82 -3515.28 494.85 0.82 -0.46 0.75 64930.00
1534.75 -3516.09 494.33 0.86 -0.40 0.26 64961.00
1534.40 -3515.19 494.35 0.85 -0.29 0.51 64992.00
1533.41 -3514.60 494.24 0.82 -0.39 0.68 65024.00
1533.19 -3514.27 494.13 0.84 -0.42 0.73 65054.00
1531.44 -3514.69 494.26 0.84 -0.33 0.57 65085.00
1530.20 -3515.19 494.63 0.80 -0.32 0.50 65117.00
1528.97 -3515.30 495.21 0.81 -0.34 0.48 65147.00
1528.54 -3514.96 495.97 0.85 -0.51 0.60 65178.00
1529.13 -3515.37 496.76 0.87 -0.62 0.69 65209.00
1531.12 -3515.60 497.95 0.83 -0.53 0.59 65241.00
1532.16 -3515.29 498.97 0.85 -0.47 0.70 65271.00
1532.33 -3514.94 499.77 0.84 -0.44 0.69 65302.00

