4.53 1.14 9.42 1.23 -0.57 1.75 3192.00
-3.55 5.36 11.87 1.18 -1.44 1.95 3223.00
-9.23 9.17 17.96 1.65 -2.17 1.72 3253.00
-10.56 13.76 25.49 1.37 -1.85 1.53 3283.00
-8.39 18.60 33.26 1.15 -1.41 1.17 3314.00
-6.15 23.77 40.79 1.12 -1.17 0.91 3344.00
-5.32 29.34 48.56 0.92 -1.02 0.73 3375.00
-5.21 34.74 56.08 0.79 -0.98 0.49 3405.00
-5.19 39.72 63.86 0.57 -0.90 0.31 3436.00
-5.78 43.80 71.63 0.40 -0.77 0.22 3467.00
-6.85 46.75 79.15 0.18 -0.65 0.16 3497.00
-8.35 48.40 87.16 -0.05 -0.50 0.17 3529.00
-10.80 48.30 94.53 -0.11 -0.43 0.28 3560.00
-12.93 48.99 101.77 -0.19 -0.31 0.29 3591.00
-16.04 48.63 108.51 -0.31 -0.15 0.36 3621.00
-20.96 46.61 114.34 -0.37 -0.20 0.52 3652.00
-26.10 44.98 119.52 -0.27 -0.32 0.70 3682.00
-29.60 44.10 124.76 -0.17 -0.38 0.69 3713.00
-30.67 43.47 129.94 -0.07 -0.24 0.72 3743.00
-30.40 43.83 134.97 -0.04 -0.13 0.64 3774.00
-28.86 43.99 139.74 -0.09 0.07 0.66 3805.00
-27.28 44.41 143.78 -0.09 0.18 0.67 3835.00
-24.44 44.89 147.68 -0.13 0.24 0.62 3866.00
-21.03 44.97 151.46 -0.15 0.37 0.62 3897.00
-17.32 45.40 154.55 -0.14 0.50 0.57 3928.00
-13.86 46.41 156.62 -0.24 0.66 0.41 3959.00
-11.91 46.54 157.76 -0.34 0.65 0.45 3990.00
-10.07 46.44 158.42 -0.32 0.60 0.43 4021.00
-8.34 46.68 158.55 -0.38 0.65 0.40 4051.00
-6.28 46.77 157.98 -0.45 0.69 0.31 4082.00
-4.57 46.59 156.72 -0.51 0.72 0.27 4113.00
-2.77 45.63 154.63 -0.56 0.66 0.32 4144.00
-0.51 44.49 152.16 -0.55 0.67 0.32 4174.00
1.69 43.45 149.26 -0.64 0.61 0.35 4205.00
4.56 41.73 146.02 -0.67 0.63 0.41 4236.00
6.99 40.37 142.17 -0.64 0.54 0.49 4267.00
10.25 39.77 138.25 -0.63 0.49 0.38 4296.00
12.30 39.33 133.40 -0.80 0.49 0.40 4327.00
14.43 38.35 128.39 -0.78 0.31 0.43 4358.00
16.78 37.99 122.95 -0.75 0.34 0.31 4389.00
16.79 37.26 117.07 -0.87 0.17 0.41 4420.00
17.18 36.91 110.87 -0.71 0.08 0.21 4451.00
15.21 35.93 103.89 -0.87 -0.09 0.32 4483.00
15.33 33.41 98.24 -0.95 -0.31 0.38 4513.00
15.22 31.44 92.07 -0.54 -0.19 0.34 4544.00
15.01 28.10 86.73 -0.87 -0.52 0.63 4575.00
17.53 24.36 82.79 -0.61 -0.60 0.60 4605.00
20.15 21.54 79.36 -0.60 -0.43 0.64 4635.00
22.65 17.56 76.80 -0.61 -0.38 0.66 4666.00
24.12 13.22 73.61 -0.51 -0.38 0.75 4697.00
24.54 8.96 70.39 -0.41 -0.40 0.80 4727.00
23.52 5.00 67.46 -0.32 -0.46 0.88 4758.00
23.43 0.82 63.82 -0.28 -0.60 0.94 4788.00
23.50 -3.67 60.13 -0.18 -0.61 0.95 4818.00
22.92 -7.89 56.86 0.01 -0.60 0.94 4849.00
22.19 -11.84 53.20 0.03 -0.76 0.98 4880.00
22.07 -17.14 48.92 0.12 -0.76 0.94 4911.00
21.43 -21.77 45.53 0.38 -0.68 0.92 4941.00
19.91 -25.40 42.24 0.51 -0.85 1.04 4971.00
19.99 -29.86 38.37 0.49 -0.91 0.93 5002.00
20.74 -34.74 35.01 0.60 -0.72 0.91 5032.00
20.63 -38.87 32.07 0.82 -0.59 0.85 5063.00
20.03 -42.35 28.84 0.89 -0.58 0.88 5094.00
19.42 -46.36 24.95 0.90 -0.56 0.84 5125.00
17.75 -49.77 20.98 1.03 -0.59 0.85 5154.00
15.03 -52.44 17.02 1.11 -0.74 0.92 5185.00
11.90 -54.09 14.41 1.12 -0.94 0.94 5216.00
9.26 -54.86 13.34 1.18 -1.17 1.09 5246.00
6.95 -54.35 14.40 1.25 -1.36 1.13 5276.00
4.83 -52.60 18.02 1.09 -1.28 1.12 5307.00
2.46 -50.35 23.65 1.30 -1.47 1.16 5338.00
1.25 -47.90 30.40 1.31 -1.42 1.13 5367.00
1.55 -45.18 38.08 1.19 -1.47 1.07 5398.00
3.40 -42.71 45.86 1.16 -1.55 0.88 5429.00
4.24 -39.98 53.38 0.90 -1.40 0.76 5459.00
4.44 -37.92 61.16 0.58 -1.37 0.66 5490.00
4.49 -36.81 68.93 0.33 -1.23 0.53 5521.00
3.92 -36.45 76.70 0.14 -1.10 0.46 5552.00
2.78 -36.96 84.23 0.04 -1.09 0.49 5582.00
0.79 -37.63 92.00 0.08 -0.98 0.37 5613.00
-2.28 -37.93 100.03 -0.04 -0.89 0.33 5645.00
-5.50 -39.04 107.80 -0.20 -0.79 0.30 5676.00
-8.57 -41.10 115.31 -0.24 -0.71 0.31 5706.00
-11.74 -43.19 122.72 -0.21 -0.63 0.30 5737.00
-14.57 -44.87 129.44 -0.25 -0.55 0.32 5768.00
-16.70 -46.56 135.84 -0.31 -0.43 0.32 5798.00
-18.68 -48.97 141.81 -0.30 -0.35 0.45 5829.00
-20.14 -51.03 146.95 -0.25 -0.32 0.49 5860.00
-21.53 -52.57 151.74 -0.26 -0.23 0.55 5891.00
-22.36 -53.75 156.05 -0.30 -0.27 0.63 5921.00
-21.96 -54.35 160.01 -0.29 -0.15 0.60 5952.00
-21.04 -54.58 163.37 -0.31 -0.08 0.63 5983.00
-19.73 -53.69 166.22 -0.37 -0.02 0.54 6013.00
-18.37 -53.18 169.15 -0.55 -0.05 0.52 6044.00
-15.39 -53.67 171.91 -0.54 0.00 0.52 6074.00
-12.10 -54.21 174.38 -0.56 0.09 0.52 6105.00
-9.10 -54.88 176.74 -0.56 0.16 0.53 6135.00
-6.07 -55.83 178.90 -0.51 0.19 0.58 6166.00
-2.31 -57.14 180.93 -0.47 0.25 0.59 6197.00
1.49 -58.08 182.84 -0.40 0.37 0.58 6227.00
5.03 -58.57 184.33 -0.39 0.46 0.56 6257.00
8.66 -58.85 185.45 -0.41 0.46 0.48 6288.00
12.29 -58.93 186.19 -0.38 0.56 0.40 6319.00
15.07 -58.85 186.23 -0.41 0.65 0.35 6349.00
17.96 -58.46 185.71 -0.40 0.62 0.29 6381.00
20.94 -57.75 184.54 -0.43 0.67 0.20 6412.00
23.08 -56.62 182.49 -0.55 0.65 0.13 6443.00
26.03 -56.54 180.53 -0.70 0.45 0.18 6473.00
30.95 -57.72 178.51 -0.72 0.58 0.14 6504.00
34.76 -59.04 176.00 -0.77 0.60 0.22 6535.00
39.55 -60.71 173.38 -0.82 0.52 0.21 6566.00
43.97 -62.46 170.03 -0.85 0.63 0.24 6597.00
46.98 -63.72 166.41 -0.91 0.54 0.29 6628.00
51.33 -65.42 162.35 -0.82 0.44 0.22 6659.00
53.52 -66.01 157.15 -0.75 0.44 0.17 6689.00
54.57 -66.77 151.62 -0.92 0.17 0.21 6721.00
56.23 -68.00 145.80 -0.85 0.16 0.09 6752.00
55.55 -69.33 139.27 -0.87 0.07 0.21 6782.00
55.25 -72.35 133.30 -1.01 -0.22 0.37 6813.00
57.51 -74.31 127.43 -0.74 -0.22 0.27 6845.00
58.13 -76.21 121.59 -0.80 -0.22 0.30 6876.00
58.52 -79.40 116.31 -0.81 -0.35 0.35 6906.00
58.88 -82.55 110.69 -0.59 -0.41 0.39 6937.00
58.89 -85.57 105.51 -0.60 -0.48 0.43 6968.00
58.95 -88.92 100.94 -0.59 -0.57 0.52 6999.00
59.75 -92.58 96.89 -0.55 -0.70 0.62 7029.00
61.29 -96.55 93.11 -0.49 -0.76 0.67 7059.00
63.41 -100.90 89.25 -0.32 -0.69 0.68 7090.00
64.74 -105.25 85.02 -0.20 -0.69 0.79 7120.00
64.70 -109.93 80.37 -0.01 -0.79 0.83 7151.00
64.77 -113.71 75.48 0.14 -0.89 0.81 7182.00
64.36 -117.48 69.86 0.12 -0.89 0.76 7213.00
63.75 -122.72 64.28 0.26 -0.93 0.80 7243.00
62.44 -127.79 59.30 0.62 -0.94 0.83 7274.00
61.28 -131.21 54.21 0.71 -0.97 0.80 7305.00
61.65 -135.92 48.34 0.61 -0.94 0.71 7334.00
62.01 -142.35 42.09 0.81 -0.89 0.77 7365.00
60.83 -147.67 37.38 1.21 -1.00 0.99 7396.00
59.60 -150.36 33.76 1.23 -1.13 1.03 7427.00
58.54 -151.57 30.97 1.07 -1.24 0.91 7456.00
56.10 -151.15 31.11 1.17 -1.39 0.85 7487.00
53.30 -149.75 33.35 1.09 -1.39 0.84 7518.00
51.33 -148.44 36.70 1.11 -1.40 0.81 7548.00
50.42 -147.17 41.23 1.12 -1.44 0.87 7578.00
50.53 -145.78 47.12 1.13 -1.45 0.88 7609.00
51.59 -143.89 53.52 1.05 -1.40 0.85 7640.00
53.12 -141.77 59.87 0.87 -1.37 0.81 7670.00
54.60 -139.39 66.95 0.73 -1.37 0.69 7701.00
56.76 -136.30 74.55 0.51 -1.31 0.63 7733.00
57.84 -133.91 81.48 0.24 -1.25 0.57 7763.00
57.72 -132.05 88.61 0.10 -1.18 0.50 7794.00
55.70 -130.52 95.50 -0.02 -1.14 0.41 7825.00
52.08 -129.74 102.44 -0.12 -1.14 0.34 7857.00
48.21 -129.64 109.18 -0.17 -0.97 0.26 7887.00
44.04 -130.40 116.31 -0.21 -0.93 0.23 7918.00
40.18 -132.24 123.67 -0.23 -0.86 0.18 7950.00
36.74 -135.18 130.25 -0.28 -0.82 0.23 7981.00
33.82 -138.73 136.43 -0.28 -0.80 0.26 8011.00
30.89 -142.51 142.76 -0.26 -0.72 0.25 8043.00
28.29 -145.21 148.99 -0.29 -0.59 0.27 8074.00
26.00 -147.83 154.82 -0.37 -0.43 0.31 8104.00
24.04 -151.01 159.99 -0.35 -0.30 0.43 8135.00
21.29 -153.16 163.98 -0.36 -0.21 0.44 8166.00
17.96 -155.57 167.51 -0.50 -0.32 0.53 8197.00
15.81 -157.93 170.79 -0.36 -0.37 0.66 8227.00
15.51 -158.85 174.37 -0.37 -0.37 0.64 8258.00
16.99 -159.78 177.96 -0.42 -0.28 0.59 8289.00
18.47 -160.70 181.61 -0.34 -0.22 0.67 8320.00
21.20 -160.79 185.25 -0.42 -0.19 0.61 8350.00
24.96 -161.26 188.72 -0.46 -0.08 0.56 8381.00
29.03 -162.57 192.24 -0.48 0.09 0.51 8412.00
32.99 -164.81 195.25 -0.33 0.21 0.64 8442.00
37.97 -165.69 197.86 -0.25 0.30 0.63 8473.00
42.86 -166.43 200.24 -0.33 0.46 0.61 8504.00
47.28 -167.12 201.89 -0.33 0.54 0.58 8535.00
51.44 -166.91 202.62 -0.27 0.62 0.46 8565.00
55.02 -166.28 202.29 -0.35 0.69 0.35 8596.00
57.49 -165.70 201.17 -0.42 0.61 0.31 8627.00
61.17 -165.53 200.13 -0.44 0.43 0.30 8657.00
67.25 -165.76 199.05 -0.48 0.44 0.20 8688.00
74.64 -167.02 197.55 -0.56 0.52 0.11 8719.00
82.61 -168.93 195.30 -0.51 0.59 0.06 8751.00
88.30 -169.93 191.71 -0.51 0.72 -0.02 8781.00
90.97 -170.64 186.36 -0.77 0.65 0.05 8812.00
92.92 -172.12 180.34 -0.71 0.42 0.06 8843.00
95.25 -173.62 173.30 -0.71 0.27 0.06 8875.00
96.95 -176.12 165.82 -0.81 0.25 0.01 8905.00
96.55 -180.05 158.08 -0.72 0.01 0.19 8936.00
98.11 -186.72 150.29 -0.86 -0.28 0.50 8968.00
100.34 -191.80 143.19 -0.36 -0.21 0.43 8997.00
100.29 -195.23 135.65 -0.51 -0.32 0.49 9028.00
100.20 -200.13 129.00 -0.67 -0.55 0.56 9059.00
100.67 -205.79 122.51 -0.55 -0.65 0.61 9090.00
100.72 -210.81 117.38 -0.51 -0.69 0.73 9120.00
101.29 -216.68 113.04 -0.47 -0.80 0.89 9151.00
103.23 -222.46 108.72 -0.24 -0.73 0.86 9182.00
103.74 -227.99 104.30 -0.08 -0.72 0.99 9212.00
103.17 -232.47 100.00 0.17 -0.82 1.01 9243.00
102.74 -235.98 95.03 0.24 -0.87 0.93 9274.00
102.25 -240.60 89.51 0.22 -0.98 0.97 9305.00
101.86 -245.89 84.92 0.52 -1.06 1.04 9335.00
102.27 -250.31 80.57 0.86 -0.96 0.92 9366.00
102.90 -254.26 75.65 0.82 -0.82 0.92 9397.00
103.71 -258.91 71.43 0.86 -0.81 1.01 9426.00
105.34 -264.27 66.77 1.02 -0.79 1.08 9457.00
105.80 -268.52 62.19 1.21 -0.72 1.08 9488.00
103.24 -270.36 58.69 1.16 -0.80 1.15 9519.00
98.23 -269.47 57.40 1.18 -1.02 1.11 9549.00
91.24 -266.37 58.20 1.06 -1.19 1.02 9580.00
85.27 -263.30 60.81 0.93 -1.35 0.96 9610.00
81.03 -260.98 65.08 0.95 -1.39 0.94 9640.00
78.46 -258.88 70.61 0.93 -1.44 0.93 9671.00
77.66 -256.96 76.83 0.85 -1.42 0.89 9702.00
77.45 -254.62 83.58 0.76 -1.37 0.83 9734.00
76.97 -251.99 89.98 0.59 -1.38 0.74 9764.00
76.60 -249.37 97.10 0.40 -1.38 0.66 9795.00
76.81 -246.93 104.29 0.24 -1.25 0.51 9826.00
76.45 -244.62 111.25 0.09 -1.07 0.34 9858.00
75.21 -243.01 116.96 -0.08 -0.96 0.28 9888.00
73.12 -242.25 121.95 -0.15 -0.89 0.24 9920.00
70.62 -242.03 126.26 -0.22 -0.93 0.19 9951.00
67.28 -242.89 130.48 -0.27 -0.95 0.09 9981.00
62.53 -244.84 135.19 -0.26 -0.99 0.11 10013.00
57.84 -247.52 139.91 -0.25 -1.05 0.09 10044.00
53.01 -250.89 144.63 -0.25 -1.02 0.08 10076.00
48.89 -254.80 149.25 -0.31 -1.04 0.14 10106.00
45.44 -259.93 154.62 -0.30 -0.95 0.17 10138.00
42.63 -264.78 159.79 -0.23 -0.79 0.21 10169.00
39.73 -268.82 164.69 -0.31 -0.70 0.26 10201.00
37.09 -273.11 169.27 -0.44 -0.66 0.34 10231.00
35.08 -277.94 174.27 -0.39 -0.60 0.52 10262.00
33.94 -281.62 179.11 -0.33 -0.46 0.58 10293.00
32.80 -284.08 183.38 -0.42 -0.37 0.60 10323.00
31.69 -286.48 187.64 -0.43 -0.34 0.62 10354.00
31.45 -288.20 191.63 -0.41 -0.28 0.65 10385.00
32.04 -289.35 195.40 -0.45 -0.22 0.65 10416.00
33.18 -289.66 198.88 -0.53 -0.14 0.63 10446.00
35.04 -290.40 202.03 -0.54 -0.04 0.73 10477.00
36.98 -290.34 204.60 -0.55 0.01 0.70 10508.00
39.49 -289.78 207.72 -0.61 0.01 0.62 10539.00
41.97 -289.35 210.86 -0.62 0.04 0.53 10569.00
45.07 -289.42 214.14 -0.63 0.06 0.45 10601.00
47.97 -290.85 217.31 -0.54 0.13 0.56 10632.00
51.65 -291.42 220.03 -0.42 0.17 0.52 10662.00
55.93 -291.61 223.00 -0.42 0.29 0.47 10693.00
60.23 -292.06 226.18 -0.45 0.33 0.45 10724.00
65.88 -292.83 229.59 -0.36 0.45 0.36 10755.00
70.65 -293.04 232.12 -0.30 0.66 0.27 10785.00
75.00 -293.13 234.38 -0.36 0.69 0.27 10817.00
78.89 -292.51 236.27 -0.34 0.82 0.10 10848.00
82.12 -292.13 236.98 -0.38 0.87 0.11 10878.00
85.89 -291.74 236.88 -0.40 0.81 0.02 10910.00
89.61 -291.55 236.21 -0.49 0.87 -0.05 10941.00
94.02 -292.88 235.13 -0.55 0.81 0.00 10972.00
100.07 -295.29 233.81 -0.41 0.75 -0.08 11003.00
105.73 -297.10 231.67 -0.39 0.82 -0.24 11034.00
110.16 -299.09 228.56 -0.52 0.84 -0.25 11065.00
113.40 -302.07 223.95 -0.62 0.74 -0.17 11097.00
115.37 -305.41 218.62 -0.62 0.57 -0.10 11127.00
116.66 -309.30 213.16 -0.74 0.38 0.05 11158.00
119.20 -315.34 207.48 -0.77 0.29 0.11 11190.00
120.30 -320.79 201.33 -0.61 0.27 0.21 11220.00
121.37 -327.66 195.51 -0.73 0.06 0.39 11251.00
123.30 -334.53 189.43 -0.50 0.09 0.43 11283.00
123.28 -340.52 183.17 -0.65 0.01 0.66 11314.00
123.50 -347.03 177.76 -0.54 -0.10 0.73 11344.00
123.16 -351.59 171.11 -0.45 -0.18 0.73 11375.00
120.59 -356.31 163.96 -0.55 -0.39 0.76 11406.00
117.39 -360.21 157.69 -0.43 -0.58 0.76 11437.00
116.06 -364.04 151.85 -0.51 -0.78 0.86 11467.00
115.28 -369.07 146.66 -0.44 -0.84 0.96 11498.00
115.50 -373.90 142.63 -0.28 -0.89 0.98 11529.00
117.24 -379.29 138.60 -0.24 -0.91 1.01 11559.00
118.59 -385.60 134.77 -0.00 -0.82 1.06 11590.00
119.30 -390.74 131.16 0.24 -0.83 1.00 11621.00
120.26 -396.23 126.51 0.27 -0.78 0.98 11652.00
120.75 -401.98 122.12 0.47 -0.71 1.01 11682.00
120.87 -407.48 117.37 0.77 -0.69 0.99 11713.00
120.79 -412.27 112.08 0.88 -0.64 0.84 11744.00
120.41 -417.50 106.18 0.91 -0.59 0.77 11774.00
118.86 -423.25 99.95 1.11 -0.59 0.79 11805.00
115.12 -427.79 95.08 1.39 -0.72 0.89 11837.00
111.20 -429.05 92.42 1.25 -0.85 0.97 11868.00
107.68 -429.03 91.08 0.92 -0.87 0.93 11898.00
103.68 -428.22 91.39 1.04 -1.01 0.90 11929.00
99.45 -426.77 93.10 1.01 -1.08 0.88 11959.00
95.04 -425.34 95.84 1.06 -1.28 0.97 11990.00
91.34 -424.04 100.01 1.16 -1.45 0.98 12020.00
88.76 -422.32 105.76 1.24 -1.49 0.94 12051.00
87.64 -420.12 112.11 1.11 -1.37 0.89 12082.00
88.06 -417.57 118.85 1.13 -1.45 0.69 12112.00
88.75 -414.89 126.12 0.97 -1.38 0.63 12143.00
88.63 -412.14 133.76 0.74 -1.32 0.53 12174.00
87.60 -410.09 141.63 0.51 -1.28 0.38 12206.00
86.00 -409.25 148.96 0.31 -1.28 0.31 12236.00
84.06 -409.64 156.28 0.19 -1.29 0.22 12267.00
81.77 -410.79 163.88 0.13 -1.19 0.14 12299.00
78.84 -412.23 170.74 -0.02 -1.03 0.07 12329.00
75.24 -415.18 177.69 -0.17 -1.06 0.07 12361.00
72.11 -419.35 184.32 -0.15 -0.92 0.09 12392.00
69.13 -423.76 190.99 -0.11 -0.78 0.16 12424.00
66.50 -427.23 196.60 -0.23 -0.76 0.24 12454.00
64.40 -431.63 202.13 -0.29 -0.72 0.23 12485.00
62.73 -435.62 207.78 -0.22 -0.59 0.31 12517.00
61.25 -438.89 212.72 -0.30 -0.54 0.35 12548.00
59.90 -442.39 217.11 -0.29 -0.50 0.43 12578.00
58.71 -445.05 221.48 -0.26 -0.46 0.46 12609.00
57.62 -447.31 225.62 -0.33 -0.45 0.56 12640.00
57.21 -449.29 229.67 -0.37 -0.42 0.62 12670.00
57.24 -450.65 233.73 -0.34 -0.34 0.65 12701.00
57.43 -450.81 237.56 -0.39 -0.26 0.59 12732.00
57.87 -451.67 240.89 -0.46 -0.25 0.62 12763.00
60.32 -452.79 243.60 -0.43 -0.30 0.79 12793.00
64.80 -453.09 246.52 -0.41 -0.08 0.77 12824.00
68.98 -452.07 249.45 -0.53 0.11 0.59 12855.00
71.55 -451.52 252.33 -0.63 0.08 0.56 12886.00
74.86 -451.67 255.55 -0.59 0.07 0.52 12916.00
79.07 -452.15 258.88 -0.55 0.10 0.55 12947.00
84.49 -452.70 262.36 -0.51 0.29 0.50 12979.00
88.49 -452.99 265.45 -0.45 0.45 0.48 13008.00
91.99 -453.14 268.37 -0.41 0.46 0.50 13039.00
96.52 -453.07 270.84 -0.38 0.54 0.41 13070.00
100.60 -452.83 272.81 -0.40 0.68 0.32 13102.00
103.85 -452.58 274.06 -0.43 0.72 0.30 13132.00
108.61 -452.71 274.98 -0.37 0.61 0.25 13164.00
114.72 -452.32 275.57 -0.39 0.72 0.05 13195.00
119.64 -452.05 275.11 -0.50 0.91 -0.10 13225.00
123.50 -452.22 274.38 -0.53 0.76 0.02 13257.00
127.81 -452.46 273.65 -0.55 0.67 -0.12 13288.00
132.27 -453.45 272.73 -0.66 0.72 -0.16 13320.00
136.04 -455.11 272.15 -0.69 0.72 -0.16 13350.00
139.36 -457.35 271.44 -0.68 0.76 -0.17 13381.00
141.90 -459.96 269.39 -0.69 0.79 -0.11 13413.00
143.44 -462.25 266.31 -0.65 0.75 -0.06 13444.00
144.37 -463.39 263.13 -0.67 0.50 0.04 13474.00
147.93 -465.54 260.10 -0.79 0.45 -0.07 13506.00
150.39 -467.99 255.64 -0.72 0.59 -0.10 13537.00
150.70 -470.03 250.45 -0.74 0.40 -0.03 13568.00
151.41 -473.23 245.06 -0.76 0.20 0.08 13599.00
153.74 -478.01 239.62 -0.72 0.17 0.11 13630.00
155.12 -482.48 233.71 -0.47 0.20 0.12 13661.00
154.49 -486.91 227.15 -0.52 0.07 0.25 13692.00
154.45 -492.76 221.27 -0.61 -0.07 0.40 13723.00
156.29 -498.60 214.98 -0.52 -0.11 0.45 13755.00
155.42 -504.10 208.36 -0.50 -0.14 0.47 13786.00
154.23 -509.86 201.92 -0.52 -0.33 0.53 13816.00
153.43 -517.12 194.99 -0.50 -0.53 0.71 13847.00
152.59 -525.10 188.27 -0.20 -0.69 0.87 13878.00
152.15 -531.45 181.86 -0.04 -0.75 0.82 13908.00
152.04 -539.33 174.20 0.01 -0.84 0.89 13939.00
150.45 -547.62 166.50 0.40 -0.93 0.84 13970.00
148.72 -555.55 158.94 0.85 -0.97 0.82 14001.00
148.24 -562.85 151.46 1.13 -0.91 0.82 14031.00
148.90 -570.70 143.72 1.34 -0.79 0.77 14062.00
148.53 -578.46 136.02 1.65 -0.66 0.84 14093.00
147.26 -583.52 129.30 2.03 -0.84 1.02 14125.00
146.16 -584.78 123.12 1.58 -0.99 0.86 14155.00
144.29 -584.77 119.03 1.01 -1.11 0.74 14186.00
141.88 -584.72 119.54 0.99 -1.19 0.73 14217.00
139.07 -584.64 122.43 1.17 -1.08 0.79 14247.00
135.70 -584.09 126.55 1.34 -1.11 0.83 14278.00
132.66 -583.35 132.04 1.36 -1.12 0.85 14309.00
130.22 -581.99 138.29 1.47 -1.21 0.85 14340.00
128.35 -579.77 144.38 1.44 -1.45 0.82 14369.00
127.85 -576.88 152.03 1.34 -1.53 0.65 14400.00
127.88 -573.48 160.05 1.08 -1.45 0.51 14432.00
128.27 -570.84 167.57 0.87 -1.58 0.40 14462.00
128.89 -569.50 175.35 0.65 -1.53 0.24 14493.00
129.28 -569.75 183.37 0.55 -1.39 0.17 14525.00
127.68 -570.49 191.15 0.46 -1.27 0.10 14556.00
124.91 -572.36 198.92 0.27 -1.24 0.05 14587.00
121.79 -575.63 206.70 0.23 -1.11 -0.07 14618.00
117.34 -579.98 214.72 0.19 -1.03 0.00 14650.00
114.00 -584.19 222.37 0.14 -1.05 0.20 14681.00
112.32 -588.23 229.68 -0.07 -0.94 0.14 14712.00
110.76 -592.13 237.29 -0.09 -0.62 0.16 14743.00
109.50 -596.03 244.37 -0.10 -0.51 0.31 14775.00
108.11 -599.13 250.26 -0.16 -0.39 0.37 14806.00
105.31 -602.30 255.12 -0.16 -0.32 0.44 14836.00
102.40 -605.04 259.27 -0.22 -0.43 0.52 14867.00
100.87 -607.77 263.28 -0.22 -0.48 0.63 14898.00
100.88 -610.08 267.28 -0.19 -0.49 0.76 14928.00
102.79 -610.98 271.69 -0.15 -0.39 0.77 14959.00
106.78 -611.00 275.99 -0.19 -0.26 0.80 14991.00
112.88 -610.34 279.66 -0.30 -0.02 0.52 15022.00
117.71 -610.58 283.91 -0.40 0.14 0.55 15052.00
121.16 -610.82 288.35 -0.31 0.08 0.53 15083.00
125.16 -611.01 292.27 -0.36 0.13 0.52 15114.00
128.44 -611.42 295.43 -0.42 0.32 0.44 15144.00
130.37 -612.57 297.98 -0.39 0.30 0.62 15175.00
134.23 -613.46 300.65 -0.37 0.35 0.52 15206.00
138.23 -614.05 302.79 -0.40 0.50 0.36 15237.00
142.12 -615.13 304.31 -0.41 0.49 0.35 15267.00
147.93 -616.00 305.60 -0.36 0.57 0.19 15298.00
152.51 -616.70 306.19 -0.56 0.86 0.00 15330.00
155.80 -618.82 306.31 -0.62 1.03 0.17 15361.00
157.71 -620.08 305.07 -0.40 1.01 0.23 15391.00
158.83 -620.66 302.14 -0.58 1.05 0.29 15423.00
159.67 -622.27 298.67 -0.68 1.01 0.49 15454.00
161.05 -623.60 294.59 -0.55 0.96 0.50 15484.00
162.26 -623.52 288.69 -0.51 0.85 0.49 15516.00
163.26 -621.34 282.33 -0.46 0.56 0.38 15547.00
164.76 -617.74 275.79 -0.64 0.40 0.15 15578.00
166.35 -614.94 268.92 -0.70 0.24 0.01 15608.00
168.13 -612.84 261.04 -0.70 0.04 -0.01 15640.00
171.06 -612.08 253.40 -0.83 -0.09 0.00 15671.00
174.62 -612.43 245.53 -0.86 -0.17 0.07 15703.00
179.23 -613.33 238.06 -0.84 -0.26 0.10 15733.00
183.54 -614.36 230.31 -0.55 -0.12 0.06 15765.00
186.02 -616.88 222.77 -0.64 -0.30 0.27 15796.00
188.52 -619.84 215.96 -0.44 -0.42 0.27 15826.00
190.15 -621.82 209.01 -0.32 -0.40 0.23 15857.00
190.66 -624.09 201.97 -0.37 -0.46 0.29 15888.00
190.89 -628.16 194.17 -0.31 -0.65 0.38 15920.00
191.43 -632.48 186.69 -0.05 -0.79 0.45 15950.00
191.75 -636.03 179.37 0.09 -0.83 0.43 15981.00
193.54 -641.25 171.39 0.23 -1.11 0.57 16013.00
196.30 -647.07 163.65 0.61 -1.20 0.58 16044.00
199.24 -652.09 156.83 0.93 -0.96 0.50 16074.00
200.83 -656.86 149.17 1.21 -0.94 0.55 16105.00
201.74 -662.30 141.19 1.35 -0.96 0.60 16137.00
202.31 -666.66 134.43 1.48 -0.84 0.58 16167.00
202.17 -670.01 128.14 1.58 -0.78 0.66 16198.00
202.05 -672.18 121.34 1.53 -0.91 0.65 16230.00
202.37 -673.13 116.41 1.28 -1.02 0.57 16261.00
202.65 -673.74 113.95 1.17 -1.02 0.56 16291.00
202.37 -674.09 113.64 1.25 -1.03 0.54 16322.00
200.92 -674.25 114.81 1.09 -0.92 0.68 16353.00
198.90 -674.40 117.35 1.22 -1.08 0.76 16384.00
196.49 -674.13 120.80 1.10 -1.08 0.77 16414.00
193.55 -673.83 125.56 1.19 -1.21 0.69 16445.00
190.19 -673.13 131.08 1.33 -1.28 0.56 16476.00
185.83 -671.55 144.30 1.17 -1.39 0.32 16537.00
186.23 -672.16 152.32 1.20 -1.64 0.13 16569.00
186.62 -673.72 160.10 1.19 -1.62 0.07 16600.00
186.51 -675.60 167.62 1.06 -1.71 0.11 16630.00
187.03 -678.06 175.40 0.86 -1.61 0.03 16661.00
187.73 -680.91 183.42 0.63 -1.43 0.01 16693.00
188.26 -683.90 190.94 0.41 -1.29 0.04 16723.00
188.22 -687.64 198.97 0.24 -1.12 0.02 16755.00
186.27 -691.61 206.74 0.14 -0.98 0.06 16786.00
183.45 -696.25 214.74 0.05 -0.97 0.17 16818.00
180.73 -700.44 221.74 0.01 -0.92 0.18 16848.00
178.34 -704.69 228.47 -0.10 -0.93 0.20 16880.00
176.78 -708.82 234.87 -0.14 -0.76 0.14 16911.00
175.65 -711.73 241.52 -0.15 -0.59 0.13 16943.00
174.45 -714.95 247.32 -0.26 -0.50 0.20 16973.00
174.29 -718.21 252.77 -0.28 -0.42 0.34 17004.00
174.26 -721.47 257.89 -0.21 -0.36 0.52 17035.00
174.53 -722.71 262.75 -0.26 -0.30 0.60 17065.00
174.46 -723.97 267.44 -0.38 -0.27 0.60 17096.00
175.21 -724.95 271.98 -0.30 -0.27 0.65 17127.00
177.43 -724.97 276.59 -0.34 -0.23 0.59 17158.00
180.88 -725.08 281.15 -0.35 -0.16 0.53 17189.00
185.01 -725.51 285.84 -0.40 -0.06 0.50 17220.00
189.80 -726.33 290.35 -0.31 0.09 0.52 17251.00
194.43 -727.33 294.71 -0.31 0.26 0.55 17282.00
198.70 -727.78 298.11 -0.18 0.40 0.49 17312.00
202.76 -727.86 300.99 -0.25 0.48 0.49 17343.00
207.44 -728.01 303.14 -0.28 0.58 0.38 17374.00
212.50 -728.30 304.43 -0.28 0.68 0.26 17405.00
217.03 -728.27 304.83 -0.28 0.79 0.13 17436.00
220.62 -727.51 304.64 -0.42 0.75 0.07 17468.00
224.73 -727.15 304.45 -0.49 0.68 0.01 17499.00
230.02 -727.14 304.47 -0.60 0.61 0.00 17529.00
237.35 -728.21 304.71 -0.61 0.55 -0.07 17560.00
245.30 -730.12 305.05 -0.54 0.62 -0.23 17592.00
252.57 -731.59 304.60 -0.56 0.83 -0.40 17623.00
256.94 -733.01 302.58 -0.69 0.88 -0.30 17653.00
259.95 -735.64 299.13 -0.77 0.72 -0.21 17684.00
262.98 -739.10 294.01 -0.61 0.60 -0.21 17715.00
264.22 -742.19 287.14 -0.64 0.52 -0.16 17746.00
264.39 -745.60 279.76 -0.76 0.27 -0.00 17777.00
265.71 -750.34 271.86 -0.72 0.10 0.06 17809.00
266.18 -755.13 264.13 -0.73 0.04 0.15 17840.00
266.21 -760.81 256.68 -0.84 -0.19 0.37 17871.00
267.56 -766.02 249.99 -0.75 -0.34 0.38 17902.00
268.97 -769.75 243.30 -0.57 -0.25 0.30 17933.00
269.97 -774.65 236.74 -0.70 -0.35 0.28 17965.00
271.13 -781.37 230.51 -0.74 -0.46 0.43 17995.00
270.82 -789.80 224.53 -0.40 -0.58 0.68 18026.00
270.50 -796.37 218.63 -0.25 -0.84 0.73 18057.00
270.29 -804.06 211.80 -0.28 -1.01 0.81 18088.00
270.38 -812.27 205.28 0.02 -0.99 0.74 18119.00
271.22 -820.45 199.08 0.39 -1.00 0.75 18150.00
272.25 -827.90 192.91 0.70 -0.90 0.77 18181.00
272.90 -833.48 187.54 0.85 -0.70 0.69 18211.00
272.15 -838.51 181.84 0.93 -0.59 0.63 18242.00
270.22 -843.79 175.35 1.15 -0.67 0.79 18273.00
267.22 -848.62 168.87 1.53 -0.81 0.81 18305.00
263.73 -851.45 162.84 1.57 -1.00 0.85 18335.00
259.97 -852.94 157.70 1.44 -1.38 0.91 18366.00
256.44 -852.59 156.56 1.22 -1.58 0.92 18397.00
253.20 -851.12 158.76 1.06 -1.50 0.81 18427.00
249.41 -849.45 163.18 1.20 -1.48 0.72 18458.00
245.49 -847.92 168.74 1.29 -1.47 0.71 18489.00
242.13 -846.06 175.27 1.15 -1.38 0.62 18520.00
240.40 -843.99 182.43 1.19 -1.69 0.47 18551.00
238.87 -841.85 190.13 1.04 -1.65 0.24 18582.00
235.84 -839.69 197.90 0.73 -1.77 0.17 18613.00
235.04 -839.89 205.68 0.47 -1.87 0.16 18644.00
235.75 -840.61 213.45 0.33 -1.58 0.04 18675.00
235.77 -842.23 221.47 0.14 -1.32 0.02 18707.00
234.62 -844.93 229.25 0.08 -1.20 0.04 18738.00
231.78 -848.17 237.02 -0.03 -1.11 0.05 18769.00
228.05 -852.20 244.80 -0.07 -0.98 0.15 18800.00
224.64 -855.91 252.09 -0.10 -0.97 0.20 18831.00
221.99 -859.68 259.15 -0.19 -0.99 0.13 18863.00
220.55 -863.13 265.82 -0.23 -0.87 0.11 18893.00
219.66 -866.57 273.11 -0.26 -0.70 0.23 18925.00
219.47 -869.49 279.94 -0.27 -0.52 0.23 18956.00
220.29 -872.51 285.75 -0.26 -0.33 0.28 18987.00
220.45 -875.05 290.66 -0.23 -0.21 0.30 19017.00
220.69 -877.73 295.60 -0.28 -0.12 0.45 19048.00
220.91 -880.72 300.37 -0.26 0.01 0.58 19079.00
220.79 -881.84 304.06 -0.20 0.13 0.55 19110.00
219.25 -882.15 306.62 -0.31 0.01 0.60 19141.00
218.44 -883.04 309.05 -0.37 -0.24 0.63 19172.00
219.58 -883.88 312.23 -0.28 -0.40 0.62 19203.00
222.97 -883.89 316.04 -0.22 -0.27 0.50 19233.00
227.93 -884.13 320.24 -0.25 -0.05 0.46 19264.00
233.03 -885.22 324.43 -0.25 0.15 0.46 19295.00
237.91 -886.24 328.43 -0.16 0.35 0.49 19325.00
243.11 -886.65 332.41 -0.12 0.60 0.46 19356.00
248.51 -886.52 335.82 -0.08 0.90 0.37 19388.00
253.55 -884.96 337.47 -0.12 1.08 0.16 19419.00
257.70 -883.06 337.10 -0.29 1.02 0.01 19450.00
260.79 -881.31 335.27 -0.45 0.98 -0.13 19481.00
263.01 -880.38 332.24 -0.58 0.76 -0.06 19513.00
266.20 -880.35 329.23 -0.59 0.50 0.02 19544.00
270.93 -880.93 326.24 -0.62 0.56 -0.09 19574.00
275.38 -881.33 322.43 -0.74 0.61 -0.10 19606.00
279.91 -882.76 318.19 -0.86 0.61 -0.10 19637.00
283.66 -884.78 313.23 -0.84 0.60 -0.07 19667.00
287.71 -887.52 307.32 -0.87 0.46 0.03 19699.00
291.33 -891.11 300.24 -0.95 0.48 0.06 19730.00
289.38 -893.77 292.26 -0.76 0.25 0.18 19762.00
285.50 -897.37 284.77 -0.86 -0.36 0.47 19792.00
285.67 -899.80 277.24 -0.78 -0.59 0.44 19823.00
286.61 -901.09 270.38 -0.75 -0.55 0.37 19854.00
288.57 -902.87 264.91 -0.87 -0.59 0.33 19886.00
292.11 -905.62 260.42 -0.81 -0.52 0.33 19916.00
295.79 -909.05 256.20 -0.67 -0.48 0.37 19947.00
298.51 -911.85 251.80 -0.59 -0.40 0.36 19979.00
299.70 -914.99 246.98 -0.60 -0.41 0.38 20009.00
300.06 -919.42 241.58 -0.50 -0.64 0.58 20040.00
300.20 -922.57 236.70 -0.27 -0.75 0.56 20071.00
301.49 -925.41 231.41 -0.32 -0.71 0.47 20102.00
302.85 -930.76 225.61 -0.21 -0.77 0.67 20133.00
302.98 -936.00 220.24 0.17 -0.75 0.60 20164.00
303.48 -940.60 214.10 0.29 -0.70 0.49 20195.00
304.09 -947.39 206.13 0.41 -0.75 0.53 20227.00
304.04 -954.95 198.65 0.82 -0.85 0.60 20257.00
302.93 -962.03 191.55 1.28 -0.88 0.66 20288.00
300.64 -966.54 185.18 1.41 -0.83 0.73 20319.00
297.63 -969.59 178.80 1.46 -1.28 1.07 20349.00
278.53 -955.35 211.31 0.52 -1.67 0.41 20597.00
278.30 -956.50 219.34 0.40 -1.57 0.30 20629.00
278.17 -957.78 227.11 0.30 -1.39 0.20 20660.00
277.96 -959.49 234.89 0.19 -1.32 0.20 20691.00
277.34 -961.44 242.66 0.18 -1.25 0.15 20722.00
275.83 -963.16 250.65 0.11 -1.12 0.12 20754.00
273.85 -965.05 258.12 -0.02 -0.94 0.08 20785.00
270.77 -967.10 265.00 -0.10 -0.90 0.09 20816.00
267.49 -969.50 271.25 -0.23 -0.84 0.09 20847.00
264.20 -973.17 277.49 -0.31 -0.84 0.12 20879.00
262.35 -977.11 283.27 -0.29 -0.78 0.22 20910.00
261.12 -980.73 288.93 -0.33 -0.63 0.28 20941.00
260.12 -984.23 294.19 -0.35 -0.56 0.35 20972.00
259.85 -987.93 298.74 -0.35 -0.49 0.43 21003.00
259.70 -991.05 302.87 -0.32 -0.42 0.53 21033.00
259.56 -993.27 306.93 -0.28 -0.35 0.58 21064.00
259.56 -994.16 311.00 -0.31 -0.31 0.67 21095.00
259.73 -993.74 315.35 -0.38 -0.22 0.64 21126.00
260.20 -993.07 319.14 -0.45 -0.18 0.66 21156.00
260.69 -991.45 322.80 -0.54 -0.13 0.51 21188.00
261.83 -991.00 326.28 -0.57 -0.13 0.48 21219.00
264.17 -991.06 329.84 -0.53 -0.12 0.47 21250.00
267.17 -991.24 333.23 -0.49 -0.00 0.40 21280.00
270.06 -992.51 336.35 -0.45 0.10 0.47 21311.00
273.09 -993.75 339.14 -0.42 0.18 0.52 21342.00
276.64 -994.90 341.77 -0.37 0.25 0.56 21372.00
281.49 -995.44 344.88 -0.33 0.39 0.51 21404.00
286.32 -994.95 347.58 -0.35 0.58 0.36 21435.00
290.16 -994.06 349.75 -0.44 0.64 0.24 21466.00
293.82 -993.70 351.58 -0.42 0.71 0.16 21496.00
296.55 -993.01 352.27 -0.43 0.80 0.06 21528.00
299.09 -992.63 351.98 -0.50 0.71 0.01 21559.00
302.79 -992.50 351.27 -0.47 0.63 -0.01 21591.00
307.50 -991.91 350.74 -0.47 0.56 0.00 21621.00
313.54 -990.36 351.73 -0.56 0.39 -0.10 21652.00
321.59 -990.46 354.33 -0.62 0.56 -0.33 21683.00
328.95 -990.79 355.70 -0.74 1.00 -0.55 21714.00
333.18 -992.31 355.21 -0.85 0.99 -0.39 21745.00
335.83 -995.81 353.04 -0.81 0.80 -0.23 21776.00
338.08 -1000.14 348.84 -0.67 0.74 -0.16 21807.00
339.07 -1004.07 343.50 -0.64 0.63 -0.11 21837.00
339.46 -1008.33 337.09 -0.72 0.44 0.04 21869.00
341.02 -1013.53 330.81 -0.67 0.28 0.14 21900.00
342.06 -1017.99 323.58 -0.56 0.23 0.14 21932.00
342.36 -1023.03 316.77 -0.75 0.08 0.30 21962.00
343.09 -1028.83 310.05 -0.70 -0.08 0.34 21993.00
344.36 -1033.97 302.58 -0.63 -0.08 0.29 22025.00
342.57 -1039.81 295.10 -0.71 -0.26 0.35 22055.00
340.44 -1046.89 287.36 -0.67 -0.59 0.43 22086.00
340.07 -1054.86 280.08 -0.51 -0.65 0.60 22117.00
339.33 -1062.96 273.86 -0.31 -0.83 0.87 22149.00
339.03 -1068.21 269.87 -0.07 -0.97 0.88 22179.00
341.76 -1073.54 265.72 -0.30 -1.11 0.90 22210.00
346.04 -1080.97 261.76 -0.13 -0.87 0.88 22242.00
348.55 -1087.26 259.47 0.24 -0.66 0.85 22273.00
349.43 -1092.35 256.38 0.34 -0.66 0.83 22303.00
350.26 -1099.36 251.44 0.32 -0.57 0.83 22334.00
349.41 -1107.02 246.51 0.69 -0.60 0.96 22365.00
347.98 -1113.19 242.45 1.15 -0.70 1.01 22395.00
346.90 -1118.52 236.95 1.19 -0.66 0.91 22426.00
345.01 -1124.03 230.37 1.17 -0.66 0.94 22457.00
341.99 -1128.00 225.71 1.43 -0.89 1.12 22488.00
338.86 -1128.85 223.64 1.36 -1.03 1.23 22518.00
335.26 -1127.46 222.71 1.08 -1.17 1.18 22549.00
331.32 -1124.82 224.55 1.18 -1.40 1.11 22580.00
328.25 -1121.15 228.65 1.28 -1.44 1.17 22610.00
327.70 -1117.06 234.33 1.16 -1.39 1.12 22641.00
329.19 -1112.95 241.14 1.18 -1.38 0.98 22672.00
329.16 -1108.33 248.19 1.08 -1.25 0.91 22703.00
327.25 -1103.61 255.20 0.83 -1.33 0.82 22733.00
324.25 -1099.50 263.21 0.53 -1.46 0.68 22765.00
322.42 -1096.60 270.98 0.33 -1.47 0.54 22796.00
320.69 -1094.48 278.76 0.15 -1.31 0.42 22827.00
318.70 -1093.28 286.53 0.05 -1.26 0.33 22858.00
316.14 -1093.07 294.55 -0.01 -1.19 0.29 22890.00
312.70 -1093.48 302.33 -0.08 -1.01 0.23 22921.00
308.36 -1094.61 310.09 -0.07 -0.81 0.23 22952.00
303.29 -1095.88 317.47 -0.17 -0.76 0.19 22983.00
298.28 -1098.27 324.89 -0.32 -0.73 0.28 23014.00
294.06 -1101.23 331.86 -0.34 -0.70 0.29 23046.00
290.84 -1103.98 337.61 -0.36 -0.54 0.25 23076.00
286.86 -1106.87 343.13 -0.46 -0.40 0.33 23107.00
282.80 -1110.45 347.74 -0.47 -0.34 0.42 23138.00
279.24 -1113.91 351.29 -0.40 -0.34 0.50 23169.00
276.64 -1116.68 354.21 -0.37 -0.38 0.57 23199.00
274.79 -1118.91 357.19 -0.32 -0.40 0.58 23230.00
274.43 -1120.76 360.39 -0.28 -0.44 0.71 23261.00
276.26 -1121.71 364.03 -0.20 -0.45 0.76 23292.00
280.27 -1121.16 368.20 -0.22 -0.34 0.55 23323.00
285.69 -1121.09 372.62 -0.25 -0.10 0.46 23354.00
290.23 -1121.25 376.50 -0.27 0.05 0.43 23385.00
293.74 -1121.91 379.67 -0.30 0.16 0.45 23415.00
296.75 -1122.42 382.54 -0.30 0.28 0.40 23446.00
298.94 -1123.60 384.92 -0.35 0.35 0.44 23477.00
301.17 -1125.25 386.71 -0.33 0.48 0.48 23507.00
303.16 -1126.34 387.70 -0.35 0.58 0.52 23538.00
305.37 -1127.02 388.00 -0.44 0.60 0.54 23569.00
307.47 -1126.82 387.60 -0.40 0.62 0.52 23600.00
309.36 -1124.89 386.69 -0.48 0.56 0.43 23630.00
312.01 -1122.07 385.30 -0.59 0.50 0.28 23662.00
315.79 -1119.62 383.67 -0.67 0.41 0.16 23693.00
322.06 -1118.35 382.11 -0.71 0.43 0.07 23724.00
329.63 -1117.44 380.36 -0.68 0.52 -0.07 23755.00
337.19 -1116.38 377.84 -0.70 0.63 -0.26 23786.00
343.85 -1115.53 374.02 -0.88 0.67 -0.23 23817.00
349.19 -1116.26 369.77 -0.83 0.48 -0.14 23848.00
353.91 -1118.51 364.17 -0.94 0.27 -0.03 23879.00
358.20 -1122.74 356.72 -0.83 0.19 -0.04 23911.00
360.06 -1127.73 348.99 -0.76 -0.05 0.13 23942.00
362.70 -1134.43 341.26 -0.89 -0.24 0.31 23973.00
366.27 -1141.49 333.82 -0.61 -0.21 0.40 24004.00
369.31 -1147.39 327.02 -0.48 -0.15 0.52 24035.00
370.89 -1152.90 320.63 -0.54 -0.21 0.58 24066.00
370.68 -1157.79 313.82 -0.46 -0.26 0.56 24096.00
368.64 -1162.80 306.17 -0.37 -0.46 0.70 24127.00
365.45 -1166.83 299.57 -0.21 -0.65 0.73 24158.00
362.92 -1170.48 292.58 -0.15 -0.86 0.72 24189.00
362.52 -1175.83 284.85 -0.04 -1.00 0.68 24220.00
362.54 -1182.33 277.02 0.29 -0.96 0.75 24252.00
361.80 -1187.04 271.56 0.67 -1.12 0.79 24283.00
362.70 -1191.24 265.15 0.91 -1.28 0.77 24313.00
365.29 -1195.83 257.45 0.84 -1.01 0.58 24344.00
368.27 -1201.83 250.15 1.00 -0.70 0.47 24375.00
370.08 -1208.45 242.52 1.36 -0.52 0.52 24407.00
370.46 -1214.17 235.59 1.67 -0.53 0.67 24437.00
370.72 -1217.97 229.34 1.90 -0.75 0.86 24469.00
370.89 -1218.44 224.93 1.56 -0.85 0.75 24500.00
369.95 -1217.45 222.84 1.19 -0.90 0.67 24530.00
367.87 -1216.06 223.44 1.11 -0.95 0.61 24561.00
364.69 -1215.21 226.54 1.10 -0.92 0.72 24592.00
361.33 -1215.03 230.89 1.28 -1.01 0.83 24623.00
358.54 -1214.62 236.36 1.36 -1.04 0.91 24653.00
356.77 -1213.41 242.98 1.45 -1.09 0.86 24685.00
355.83 -1211.32 249.66 1.38 -1.27 0.83 24716.00
355.86 -1208.62 257.29 1.29 -1.30 0.64 24747.00
355.27 -1205.36 264.81 1.09 -1.27 0.55 24777.00
354.29 -1202.19 272.58 0.92 -1.43 0.45 24808.00
352.76 -1199.73 280.36 0.64 -1.42 0.28 24839.00
350.91 -1198.24 288.13 0.36 -1.35 0.16 24870.00
349.25 -1198.29 296.16 0.15 -1.28 0.12 24902.00
346.84 -1199.69 303.93 0.11 -1.23 0.10 24933.00
343.46 -1202.18 311.95 0.02 -1.14 0.12 24965.00
339.84 -1205.54 319.48 -0.01 -1.03 0.19 24995.00
336.12 -1209.16 327.05 -0.08 -1.02 0.21 25027.00
332.90 -1213.18 333.64 -0.19 -0.93 0.14 25058.00
330.07 -1217.28 340.15 -0.19 -0.87 0.14 25090.00
327.56 -1220.86 345.85 -0.22 -0.75 0.14 25120.00
324.82 -1224.69 351.58 -0.24 -0.60 0.22 25152.00
323.19 -1228.75 356.54 -0.28 -0.56 0.35 25183.00
322.78 -1232.21 360.75 -0.26 -0.48 0.40 25213.00
323.10 -1235.26 365.04 -0.26 -0.36 0.48 25244.00
323.79 -1237.72 369.01 -0.30 -0.31 0.51 25275.00
324.35 -1240.28 372.72 -0.27 -0.24 0.61 25307.00
323.82 -1241.60 376.17 -0.24 -0.33 0.81 25337.00
324.96 -1241.21 379.73 -0.31 -0.33 0.55 25368.00
327.00 -1241.63 383.60 -0.30 -0.25 0.48 25399.00
330.53 -1242.74 387.65 -0.24 -0.20 0.45 25430.00
334.84 -1242.99 392.21 -0.19 -0.04 0.37 25460.00
339.03 -1244.53 396.92 -0.30 0.11 0.53 25492.00
344.78 -1247.13 400.69 -0.29 0.27 0.62 25523.00
350.60 -1248.61 403.77 -0.17 0.54 0.60 25553.00
355.30 -1247.84 406.34 -0.26 0.64 0.49 25584.00
360.11 -1247.05 408.32 -0.34 0.70 0.33 25616.00
363.42 -1246.05 409.18 -0.41 0.73 0.28 25647.00
367.69 -1245.68 410.07 -0.42 0.58 0.34 25677.00
373.48 -1244.61 410.85 -0.41 0.77 0.10 25709.00
378.21 -1243.20 410.48 -0.54 0.76 0.08 25740.00
385.60 -1242.99 410.16 -0.54 0.62 -0.03 25772.00
392.99 -1243.56 409.72 -0.55 0.84 -0.24 25802.00
400.44 -1244.66 408.49 -0.54 1.07 -0.27 25833.00
407.35 -1246.51 405.99 -0.51 0.92 -0.30 25865.00
412.73 -1248.79 401.79 -0.55 0.86 -0.34 25895.00
415.67 -1251.87 395.15 -0.51 0.67 -0.22 25927.00
415.56 -1253.88 387.41 -0.45 0.31 -0.15 25958.00
414.73 -1256.58 379.68 -0.59 -0.02 -0.03 25989.00
414.48 -1260.56 371.94 -0.62 -0.20 0.05 26020.00
416.14 -1264.45 364.21 -0.76 -0.37 0.17 26051.00
419.13 -1268.47 356.28 -0.61 -0.34 0.16 26083.00
421.61 -1272.72 348.74 -0.66 -0.39 0.21 26114.00
423.17 -1277.61 341.83 -0.67 -0.55 0.41 26144.00
424.19 -1281.99 335.40 -0.61 -0.77 0.49 26175.00
425.82 -1285.60 329.43 -0.61 -0.87 0.50 26207.00
426.84 -1289.02 324.16 -0.63 -0.95 0.52 26237.00
427.68 -1293.33 319.49 -0.54 -1.03 0.67 26268.00
429.35 -1297.56 315.29 -0.38 -1.11 0.73 26300.00
430.55 -1301.81 310.68 -0.17 -1.01 0.70 26331.00
431.17 -1305.12 306.03 -0.05 -0.89 0.64 26362.00
431.79 -1309.08 300.88 -0.00 -0.92 0.71 26393.00
432.09 -1313.24 295.31 0.16 -0.95 0.58 26425.00
432.62 -1318.20 288.86 0.24 -0.83 0.55 26456.00
433.17 -1324.80 282.18 0.47 -0.84 0.66 26486.00
434.40 -1332.56 275.35 0.89 -0.86 0.67 26517.00
436.76 -1340.33 267.81 1.20 -0.77 0.66 26548.00
439.07 -1348.00 260.07 1.43 -0.72 0.69 26579.00
440.42 -1354.27 253.08 1.53 -0.81 0.87 26610.00
441.73 -1357.29 249.56 1.51 -0.82 0.83 26641.00
441.62 -1357.48 247.42 1.24 -0.77 0.69 26673.00
440.41 -1356.57 247.03 1.03 -0.80 0.58 26703.00
438.34 -1355.86 248.78 1.09 -0.88 0.51 26735.00
435.91 -1355.98 251.69 1.19 -0.95 0.63 26766.00
433.80 -1356.04 255.36 1.36 -1.09 0.68 26797.00
432.72 -1355.68 260.11 1.33 -1.13 0.69 26828.00
432.76 -1354.88 265.85 1.35 -1.18 0.62 26859.00
433.27 -1353.51 272.11 1.35 -1.26 0.52 26890.00
433.72 -1351.85 278.78 1.32 -1.35 0.49 26920.00
433.89 -1349.92 286.49 1.15 -1.31 0.41 26951.00
433.97 -1348.45 294.22 1.03 -1.45 0.31 26982.00
434.57 -1347.55 302.24 0.76 -1.48 0.20 27014.00
435.84 -1347.90 309.76 0.60 -1.46 0.08 27044.00
436.46 -1349.02 317.79 0.41 -1.31 0.04 27076.00
435.76 -1351.35 325.56 0.33 -1.24 -0.03 27107.00
432.84 -1354.64 333.59 0.22 -1.18 -0.04 27139.00
429.32 -1359.18 341.36 0.20 -1.15 0.01 27170.00
425.75 -1363.85 349.14 0.20 -1.09 0.16 27201.00
423.88 -1368.65 357.16 0.09 -1.02 0.31 27233.00
423.77 -1372.99 364.88 0.07 -0.88 0.36 27264.00
424.08 -1376.37 371.89 0.02 -0.66 0.38 27294.00
424.19 -1378.96 378.65 -0.05 -0.51 0.47 27326.00
423.49 -1381.20 384.45 -0.07 -0.36 0.51 27357.00
421.83 -1382.00 389.40 -0.13 -0.35 0.56 27387.00
420.73 -1383.01 394.18 -0.22 -0.40 0.72 27418.00
420.56 -1382.88 399.11 -0.29 -0.45 0.71 27449.00
422.63 -1383.17 403.66 -0.26 -0.40 0.63 27480.00
427.00 -1382.56 408.09 -0.25 -0.20 0.43 27510.00
431.09 -1382.15 412.40 -0.33 -0.04 0.39 27541.00
434.44 -1382.83 416.30 -0.36 -0.00 0.48 27573.00
438.03 -1383.61 419.61 -0.35 0.03 0.54 27603.00
442.21 -1383.72 422.88 -0.34 0.15 0.49 27634.00
446.20 -1384.23 425.80 -0.38 0.29 0.52 27665.00
450.10 -1384.63 428.20 -0.37 0.37 0.52 27696.00
454.35 -1384.73 430.07 -0.35 0.46 0.45 27726.00
458.51 -1384.27 431.40 -0.41 0.57 0.37 27757.00
462.96 -1384.11 432.00 -0.43 0.63 0.32 27789.00
467.44 -1383.48 431.75 -0.41 0.64 0.22 27820.00
471.58 -1382.14 430.83 -0.46 0.65 0.10 27850.00
475.84 -1380.21 429.38 -0.59 0.56 0.01 27882.00
481.12 -1378.71 428.24 -0.77 0.43 -0.14 27913.00
488.41 -1379.09 427.74 -0.84 0.43 -0.22 27944.00
495.88 -1380.24 427.46 -0.88 0.51 -0.33 27975.00
502.66 -1382.06 426.98 -0.85 0.63 -0.41 28006.00
507.87 -1384.38 425.58 -0.93 0.72 -0.32 28038.00
511.60 -1387.68 423.36 -1.03 0.70 -0.19 28068.00
514.43 -1391.85 420.10 -0.94 0.68 -0.08 28100.00
514.96 -1395.16 415.90 -0.93 0.55 0.09 28131.00
513.83 -1398.08 411.01 -0.98 0.34 0.20 28162.00
511.76 -1400.61 405.49 -0.91 0.10 0.29 28193.00
509.93 -1402.93 400.30 -1.12 -0.09 0.36 28224.00
509.07 -1404.72 395.54 -1.04 -0.16 0.27 28256.00
509.03 -1406.44 391.62 -1.07 -0.23 0.32 28286.00
510.43 -1408.26 387.99 -0.95 -0.20 0.24 28318.00
512.08 -1410.07 384.59 -0.84 -0.10 0.22 28349.00
513.29 -1412.63 380.87 -0.77 -0.09 0.24 28381.00
514.64 -1415.38 376.87 -0.62 -0.03 0.22 28412.00
514.68 -1418.73 372.19 -0.51 -0.01 0.28 28443.00
514.21 -1422.76 366.56 -0.40 -0.11 0.39 28474.00
513.36 -1426.70 360.43 -0.33 -0.29 0.46 28505.00
512.30 -1430.04 353.97 -0.29 -0.45 0.49 28535.00
511.91 -1434.53 346.09 -0.25 -0.56 0.44 28567.00
512.24 -1440.58 338.35 -0.14 -0.62 0.54 28598.00
512.50 -1447.42 330.87 0.14 -0.68 0.61 28628.00
513.17 -1455.45 322.88 0.44 -0.85 0.57 28660.00
514.75 -1463.72 315.15 0.79 -0.80 0.53 28691.00
515.38 -1471.74 307.42 1.23 -0.67 0.57 28722.00
513.17 -1479.19 299.68 1.69 -0.75 0.71 28753.00
509.74 -1484.55 292.38 2.08 -0.90 0.74 28784.00
503.82 -1487.33 285.04 2.15 -1.21 0.92 28815.00
490.82 -1481.02 321.92 0.92 -1.55 0.07 29093.00
490.58 -1481.25 329.94 0.72 -1.58 0.05 29125.00
490.74 -1482.90 337.72 0.64 -1.47 -0.06 29156.00
490.47 -1485.30 345.74 0.57 -1.34 -0.13 29188.00
489.87 -1488.52 353.27 0.48 -1.29 -0.16 29218.00
488.45 -1492.63 361.29 0.48 -1.19 -0.22 29250.00
485.79 -1497.38 369.06 0.34 -1.11 -0.13 29281.00
483.72 -1503.49 377.09 0.28 -1.11 0.07 29313.00
482.57 -1508.54 384.61 0.28 -1.04 0.16 29343.00
481.33 -1512.40 392.54 0.08 -0.88 0.18 29375.00
481.19 -1516.85 399.66 -0.06 -0.79 0.29 29406.00
481.86 -1520.68 406.61 -0.09 -0.56 0.40 29437.00
482.86 -1524.17 413.22 -0.10 -0.43 0.53 29468.00
483.72 -1526.56 419.27 -0.11 -0.29 0.58 29499.00
483.94 -1528.32 424.86 -0.21 -0.25 0.67 29530.00
485.10 -1529.91 429.72 -0.22 -0.25 0.75 29560.00
487.70 -1530.17 434.71 -0.21 -0.14 0.71 29592.00
490.55 -1529.41 439.19 -0.25 -0.01 0.66 29623.00
493.67 -1528.20 442.81 -0.34 0.13 0.49 29654.00
495.99 -1528.10 445.96 -0.41 0.15 0.55 29684.00
498.55 -1528.10 448.77 -0.38 0.17 0.55 29715.00
502.11 -1528.43 451.24 -0.38 0.19 0.54 29746.00
505.87 -1528.50 453.31 -0.39 0.33 0.50 29776.00
509.10 -1528.55 455.06 -0.46 0.45 0.50 29807.00
512.21 -1528.34 456.41 -0.44 0.43 0.49 29838.00
516.01 -1527.75 457.52 -0.47 0.48 0.38 29869.00
519.34 -1527.21 458.23 -0.52 0.53 0.30 29899.00
522.73 -1526.84 458.79 -0.51 0.48 0.26 29930.00
526.57 -1526.69 459.25 -0.54 0.53 0.19 29961.00
530.59 -1527.05 459.18 -0.59 0.61 0.21 29992.00
534.91 -1527.02 458.49 -0.57 0.60 0.14 30023.00
539.10 -1526.76 457.62 -0.63 0.61 0.07 30054.00
543.83 -1526.72 456.98 -0.73 0.53 0.02 30085.00
550.69 -1527.34 456.96 -0.78 0.53 -0.05 30116.00
558.43 -1528.23 457.61 -0.69 0.66 -0.13 30147.00
564.58 -1528.25 458.41 -0.66 0.77 -0.26 30178.00
568.98 -1528.30 459.20 -0.75 0.75 -0.26 30209.00
572.19 -1528.98 459.62 -0.86 0.75 -0.26 30240.00
574.31 -1531.05 457.80 -0.84 0.71 -0.21 30271.00
575.64 -1533.53 453.42 -0.71 0.64 -0.15 30302.00
575.84 -1535.85 447.64 -0.71 0.54 -0.05 30333.00
574.95 -1537.85 441.22 -0.74 0.36 -0.00 30364.00
574.45 -1539.88 434.26 -0.73 0.17 0.03 30396.00
575.02 -1542.07 427.61 -0.79 0.05 0.02 30427.00
576.44 -1545.23 421.42 -0.87 0.00 0.05 30458.00
577.93 -1548.84 415.44 -0.74 -0.03 0.09 30489.00
578.56 -1553.12 408.76 -0.71 -0.13 0.16 30521.00
578.43 -1557.70 402.27 -0.71 -0.25 0.24 30552.00
578.44 -1562.82 395.94 -0.65 -0.39 0.36 30582.00
578.76 -1568.14 389.52 -0.47 -0.45 0.43 30613.00
578.78 -1573.28 383.31 -0.42 -0.54 0.48 30644.00
579.14 -1578.83 376.58 -0.33 -0.62 0.48 30675.00
579.69 -1584.96 369.47 -0.22 -0.64 0.61 30706.00
578.51 -1591.24 362.00 0.01 -0.82 0.58 30738.00
578.26 -1597.63 354.27 0.17 -0.95 0.55 30769.00
578.59 -1604.88 346.78 0.34 -0.89 0.65 30799.00
577.89 -1612.50 339.05 0.87 -1.05 0.77 30830.00
577.39 -1617.83 331.58 1.29 -1.08 0.78 30861.00
579.00 -1622.88 323.59 1.14 -0.85 0.68 30893.00
581.15 -1628.64 316.11 1.47 -0.92 0.77 30923.00
582.67 -1633.63 308.82 1.81 -0.93 0.85 30954.00
583.78 -1635.47 302.95 1.76 -1.14 0.90 30986.00
583.32 -1635.39 299.75 1.21 -1.15 0.75 31016.00
580.43 -1633.95 300.17 0.93 -1.12 0.67 31047.00
576.53 -1632.75 303.31 1.00 -1.20 0.70 31078.00
572.95 -1632.17 307.87 1.20 -1.16 0.70 31109.00
569.74 -1631.56 313.22 1.36 -1.17 0.75 31139.00
566.96 -1630.50 319.02 1.27 -1.17 0.75 31170.00
565.02 -1628.78 325.16 1.19 -1.33 0.64 31201.00
563.46 -1626.43 332.19 1.20 -1.51 0.44 31232.00
561.01 -1623.93 339.46 0.98 -1.57 0.28 31263.00
559.30 -1622.67 347.21 0.69 -1.68 0.24 31294.00
558.54 -1622.72 355.24 0.50 -1.60 0.07 31326.00
558.54 -1624.16 362.76 0.43 -1.47 0.04 31356.00
557.65 -1626.11 370.78 0.38 -1.35 -0.01 31388.00
555.23 -1628.16 378.56 0.30 -1.32 -0.05 31419.00
552.15 -1631.29 386.32 0.13 -1.29 -0.05 31451.00
549.74 -1635.67 393.29 0.07 -1.24 -0.04 31481.00
547.27 -1640.97 400.47 0.14 -1.18 0.03 31513.00
545.35 -1646.10 407.10 0.07 -1.09 0.11 31544.00
543.93 -1651.51 413.87 0.02 -0.94 0.15 31576.00
542.17 -1655.72 419.78 0.00 -0.83 0.21 31606.00
540.50 -1659.66 425.68 -0.13 -0.76 0.28 31638.00
539.98 -1663.81 431.58 -0.20 -0.59 0.38 31669.00
540.82 -1667.91 437.01 -0.11 -0.37 0.48 31699.00
540.87 -1670.17 442.12 -0.17 -0.21 0.60 31731.00
540.10 -1671.54 446.47 -0.33 -0.20 0.62 31762.00
539.41 -1672.45 450.17 -0.37 -0.22 0.62 31793.00
538.98 -1672.90 453.56 -0.40 -0.21 0.60 31823.00
539.06 -1673.38 456.82 -0.44 -0.25 0.64 31854.00
540.97 -1673.99 460.22 -0.38 -0.29 0.69 31886.00
545.54 -1673.95 463.97 -0.41 -0.14 0.55 31917.00
550.42 -1674.24 467.52 -0.43 0.06 0.49 31947.00
554.26 -1674.56 470.73 -0.50 0.19 0.52 31978.00
558.00 -1675.39 473.73 -0.40 0.25 0.57 32009.00
561.83 -1675.45 476.25 -0.38 0.33 0.52 32039.00
565.95 -1675.68 478.47 -0.37 0.43 0.53 32070.00
570.43 -1675.47 479.98 -0.33 0.49 0.45 32101.00
575.34 -1674.68 480.95 -0.33 0.51 0.40 32132.00
580.47 -1673.22 481.44 -0.37 0.60 0.22 32163.00
585.33 -1671.93 481.41 -0.43 0.61 0.12 32194.00
590.79 -1670.52 481.07 -0.45 0.52 0.02 32225.00
597.72 -1669.22 480.94 -0.59 0.45 -0.13 32257.00
604.92 -1668.92 481.17 -0.62 0.48 -0.25 32287.00
612.46 -1669.08 481.04 -0.69 0.58 -0.38 32319.00
617.97 -1669.99 479.97 -0.82 0.68 -0.36 32350.00
621.58 -1671.82 478.42 -0.96 0.64 -0.25 32380.00
625.34 -1675.23 475.74 -0.96 0.58 -0.20 32412.00
628.89 -1678.98 471.57 -0.83 0.58 -0.24 32443.00
630.33 -1682.07 465.71 -0.83 0.50 -0.15 32474.00
630.81 -1686.41 458.91 -0.96 0.28 0.01 32505.00
630.69 -1691.26 451.74 -0.67 0.13 0.16 32536.00
629.99 -1695.81 444.62 -0.68 -0.05 0.26 32568.00
630.11 -1700.16 437.92 -0.76 -0.12 0.27 32599.00
630.68 -1704.95 431.57 -0.74 -0.20 0.34 32630.00
631.75 -1710.53 425.64 -0.72 -0.28 0.45 32661.00
631.99 -1715.48 419.73 -0.46 -0.28 0.43 32692.00
631.75 -1720.14 413.28 -0.50 -0.43 0.47 32722.00
630.92 -1725.95 406.65 -0.43 -0.56 0.54 32753.00
630.61 -1731.57 400.28 -0.25 -0.57 0.50 32784.00
630.87 -1739.50 392.42 -0.19 -0.74 0.71 32816.00
630.06 -1746.76 385.49 0.24 -0.77 0.69 32846.00
629.76 -1753.10 378.63 0.47 -0.83 0.65 32877.00
631.08 -1760.81 370.90 0.56 -0.86 0.59 32908.00
633.27 -1769.04 363.17 0.98 -0.83 0.69 32939.00
634.24 -1777.02 356.25 1.58 -0.75 0.65 32970.00
635.61 -1782.44 351.29 1.90 -0.55 0.79 33001.00
636.46 -1787.03 343.99 1.94 -0.48 0.78 33032.00
635.63 -1790.08 336.31 1.80 -0.69 0.70 33063.00
632.98 -1790.76 331.10 1.53 -0.98 0.78 33094.00
630.18 -1789.94 329.94 1.08 -1.01 0.77 33125.00
627.27 -1789.05 331.33 0.96 -0.97 0.68 33156.00
624.82 -1788.99 334.23 1.07 -0.93 0.79 33186.00
622.92 -1788.78 338.60 1.29 -0.89 0.81 33218.00
621.24 -1787.78 343.24 1.25 -0.78 0.80 33249.00
619.64 -1786.05 347.81 1.19 -0.87 0.74 33280.00
618.32 -1783.99 352.48 1.23 -1.13 0.68 33310.00
616.75 -1781.60 358.19 1.09 -1.19 0.60 33341.00
614.64 -1779.04 364.70 1.16 -1.46 0.53 33372.00
612.95 -1776.62 371.93 1.02 -1.50 0.41 33403.00
612.21 -1774.82 379.57 0.84 -1.56 0.34 33434.00
613.05 -1773.85 387.59 0.71 -1.45 0.22 33466.00
613.95 -1773.44 395.36 0.60 -1.29 0.14 33497.00
614.60 -1773.70 402.89 0.44 -1.23 0.18 33527.00
614.12 -1774.69 410.91 0.31 -1.10 0.15 33559.00
612.01 -1776.19 418.64 0.19 -0.94 0.17 33590.00
608.56 -1778.98 425.71 0.01 -0.97 0.25 33622.00
605.15 -1782.60 432.09 0.03 -1.09 0.28 33652.00
601.76 -1785.81 438.90 -0.01 -1.07 0.28 33684.00
598.51 -1789.31 444.85 -0.16 -1.03 0.24 33715.00
595.10 -1793.18 450.40 -0.16 -0.96 0.23 33746.00
592.18 -1796.64 456.04 -0.20 -0.96 0.27 33778.00
590.11 -1800.00 461.61 -0.29 -0.90 0.29 33809.00
589.23 -1803.27 467.33 -0.30 -0.77 0.36 33840.00
589.41 -1806.27 472.97 -0.31 -0.61 0.43 33871.00
590.21 -1809.06 478.49 -0.32 -0.46 0.45 33902.00
591.21 -1811.43 483.72 -0.32 -0.31 0.56 33933.00
591.31 -1812.41 488.67 -0.32 -0.24 0.62 33964.00
591.33 -1812.88 493.18 -0.47 -0.22 0.59 33994.00
591.99 -1813.45 497.47 -0.45 -0.15 0.64 34025.00
592.68 -1813.25 501.20 -0.45 -0.07 0.61 34057.00
594.38 -1813.20 504.28 -0.52 0.02 0.54 34087.00
596.77 -1813.90 507.11 -0.54 0.04 0.59 34118.00
600.31 -1814.41 510.07 -0.57 0.13 0.47 34149.00
603.11 -1815.80 512.98 -0.57 0.21 0.50 34180.00
605.49 -1817.37 515.55 -0.41 0.16 0.56 34210.00
608.70 -1817.93 517.91 -0.40 0.20 0.54 34241.00
612.98 -1819.09 520.55 -0.48 0.29 0.51 34272.00
617.26 -1820.51 523.28 -0.39 0.43 0.57 34304.00
621.33 -1821.25 525.63 -0.36 0.52 0.54 34334.00
625.29 -1821.82 527.57 -0.36 0.68 0.50 34365.00
628.04 -1822.30 528.57 -0.40 0.82 0.52 34396.00
630.10 -1822.74 529.04 -0.34 0.84 0.55 34427.00
632.67 -1822.21 528.58 -0.24 0.82 0.45 34458.00
635.90 -1820.49 527.20 -0.30 0.77 0.22 34490.00
639.60 -1818.98 525.26 -0.40 0.66 0.04 34521.00
644.22 -1818.06 522.72 -0.40 0.53 -0.02 34552.00
649.33 -1817.27 519.90 -0.46 0.44 -0.07 34583.00
653.98 -1816.49 517.14 -0.60 0.43 -0.18 34614.00
658.65 -1816.61 514.24 -0.78 0.39 -0.12 34646.00
664.42 -1818.74 511.33 -0.82 0.34 -0.11 34676.00
671.86 -1822.73 507.75 -0.74 0.50 -0.13 34708.00
677.34 -1827.14 502.68 -0.66 0.70 -0.14 34739.00
678.44 -1831.08 495.60 -0.65 0.56 0.03 34769.00
677.78 -1836.47 487.62 -0.68 0.18 0.22 34801.00
677.62 -1842.90 479.88 -0.57 -0.05 0.42 34832.00
677.07 -1848.97 472.15 -0.62 -0.22 0.55 34863.00
676.37 -1854.22 464.66 -0.43 -0.38 0.54 34893.00
675.14 -1857.83 456.93 -0.30 -0.49 0.52 34924.00
673.92 -1861.57 449.20 -0.35 -0.57 0.50 34955.00
673.04 -1866.24 441.21 -0.33 -0.67 0.41 34987.00
672.83 -1873.03 433.73 -0.09 -0.84 0.62 35017.00
671.29 -1878.47 425.75 0.26 -0.83 0.54 35049.00
670.93 -1884.33 418.02 0.17 -0.98 0.42 35080.00
673.35 -1892.78 410.28 0.55 -1.11 0.56 35111.00
675.51 -1901.17 402.55 1.23 -0.99 0.67 35142.00
676.41 -1907.66 395.70 1.63 -0.58 0.60 35173.00
675.25 -1912.42 387.76 1.88 -0.60 0.77 35205.00
673.22 -1915.91 380.28 2.05 -0.81 0.66 35235.00
670.55 -1916.62 372.91 2.10 -1.03 0.60 35267.00
667.14 -1914.93 368.18 1.44 -1.16 0.50 35298.00
663.35 -1913.14 366.34 0.95 -1.16 0.40 35329.00
660.39 -1912.74 367.69 1.07 -1.23 0.50 35359.00
648.36 -1912.59 430.06 0.75 -1.44 -0.00 35670.00
649.67 -1915.12 437.84 0.66 -1.30 0.06 35701.00
650.17 -1917.29 445.58 0.47 -1.18 0.02 35732.00
648.98 -1919.52 453.46 0.25 -1.15 -0.05 35764.00
646.13 -1922.17 460.81 0.06 -1.19 -0.01 35794.00
642.93 -1926.38 468.66 -0.05 -1.26 0.10 35826.00
640.79 -1931.23 476.07 -0.03 -1.05 0.10 35857.00
638.94 -1935.87 483.27 -0.11 -0.95 0.12 35889.00
636.96 -1940.37 489.30 -0.18 -1.00 0.10 35920.00
635.85 -1944.88 495.50 -0.16 -1.01 0.15 35951.00
636.30 -1950.05 502.49 -0.14 -0.82 0.34 35983.00
638.69 -1953.76 509.08 -0.00 -0.52 0.51 36014.00
640.70 -1954.27 514.71 -0.10 -0.23 0.40 36044.00
640.26 -1955.86 519.76 -0.30 -0.10 0.45 36075.00
638.95 -1958.22 523.63 -0.30 -0.16 0.55 36106.00
639.18 -1960.23 527.09 -0.29 -0.21 0.65 36137.00
641.46 -1962.06 530.31 -0.20 -0.16 0.80 36168.00
645.16 -1961.74 533.69 -0.23 -0.10 0.65 36199.00
649.72 -1961.82 538.04 -0.37 0.01 0.61 36230.00
653.84 -1961.86 541.91 -0.38 0.17 0.48 36261.00
656.91 -1962.85 545.08 -0.34 0.19 0.59 36292.00
660.15 -1962.83 547.68 -0.33 0.21 0.56 36323.00
664.28 -1963.45 550.28 -0.46 0.24 0.60 36354.00
668.72 -1964.29 552.75 -0.40 0.37 0.59 36384.00
673.09 -1964.38 554.75 -0.35 0.46 0.57 36415.00
677.17 -1963.50 556.17 -0.34 0.58 0.48 36446.00
679.79 -1962.10 556.51 -0.42 0.68 0.45 36477.00
682.36 -1960.58 556.25 -0.40 0.59 0.38 36508.00
685.72 -1958.34 555.67 -0.42 0.60 0.19 36539.00
689.53 -1956.55 554.64 -0.55 0.61 0.02 36571.00
694.22 -1956.12 553.51 -0.56 0.54 -0.05 36601.00
700.53 -1956.63 552.19 -0.54 0.49 -0.11 36632.00
708.27 -1958.21 550.59 -0.58 0.53 -0.18 36664.00
715.60 -1960.59 548.17 -0.63 0.67 -0.26 36695.00
720.67 -1963.02 544.70 -0.71 0.68 -0.25 36725.00
724.95 -1966.70 539.98 -0.71 0.54 -0.13 36756.00
728.31 -1971.44 533.74 -0.73 0.50 -0.05 36788.00
729.69 -1976.41 526.62 -0.77 0.36 0.15 36818.00
730.00 -1982.45 518.64 -0.56 0.17 0.23 36850.00
728.02 -1987.65 510.90 -0.53 -0.09 0.36 36881.00
727.13 -1993.39 503.17 -0.62 -0.31 0.54 36912.00
726.45 -1998.06 495.68 -0.41 -0.38 0.56 36942.00
725.50 -2002.72 487.95 -0.43 -0.54 0.66 36973.00
725.01 -2007.16 480.22 -0.36 -0.68 0.64 37004.00
723.95 -2011.47 472.24 -0.30 -0.78 0.59 37036.00
721.39 -2015.78 464.75 -0.23 -0.94 0.66 37066.00
718.02 -2019.64 457.13 -0.01 -1.10 0.70 37098.00
717.14 -2022.76 449.83 0.05 -1.37 0.62 37129.00
718.45 -2027.80 442.19 0.15 -1.40 0.64 37160.00
719.51 -2032.85 436.73 0.41 -1.19 0.64 37191.00
720.57 -2036.59 431.61 0.68 -1.06 0.64 37223.00
722.30 -2040.33 424.84 0.70 -1.01 0.55 37254.00
724.06 -2045.47 418.18 0.85 -0.96 0.57 37284.00
724.38 -2050.09 413.06 1.18 -0.82 0.60 37315.00
723.81 -2053.22 408.05 1.37 -0.78 0.67 37347.00
723.28 -2055.92 402.37 1.31 -0.83 0.76 37378.00
723.42 -2057.56 398.02 1.38 -1.02 0.83 37408.00
723.87 -2057.46 395.53 1.22 -1.04 0.71 37440.00
723.31 -2056.57 395.14 1.07 -1.04 0.64 37471.00
721.21 -2055.35 397.09 1.09 -1.09 0.57 37501.00
718.10 -2054.62 400.72 1.11 -1.12 0.68 37532.00
715.14 -2054.22 405.62 1.27 -1.21 0.76 37563.00
713.27 -2053.52 411.28 1.25 -1.14 0.73 37593.00
712.41 -2052.30 417.30 1.16 -1.14 0.68 37623.00
712.45 -2050.44 424.12 1.16 -1.33 0.57 37655.00
712.97 -2048.35 430.99 1.04 -1.41 0.50 37686.00
713.59 -2046.55 437.88 0.81 -1.40 0.39 37716.00
714.34 -2045.06 445.58 0.58 -1.33 0.29 37748.00
715.16 -2044.33 453.19 0.39 -1.20 0.18 37779.00
715.55 -2044.29 460.45 0.21 -1.06 0.16 37811.00
714.98 -2045.15 466.34 0.07 -1.16 0.17 37841.00
713.45 -2047.00 473.01 -0.04 -1.29 0.17 37873.00
710.73 -2049.55 480.11 -0.02 -1.19 0.17 37905.00
707.87 -2052.38 487.18 -0.03 -1.36 0.22 37936.00
705.73 -2056.01 494.58 -0.10 -1.34 0.23 37967.00
703.93 -2060.56 502.28 -0.08 -1.08 0.32 37998.00
702.57 -2065.12 510.30 -0.04 -0.93 0.41 38030.00
701.27 -2068.47 517.83 -0.11 -0.71 0.43 38061.00
699.27 -2071.33 524.82 -0.20 -0.49 0.40 38092.00
695.94 -2073.60 530.86 -0.26 -0.33 0.45 38123.00
690.89 -2075.76 535.68 -0.36 -0.37 0.49 38154.00
685.99 -2077.73 539.46 -0.40 -0.46 0.46 38184.00
682.12 -2080.13 542.95 -0.44 -0.56 0.57 38215.00
680.54 -2082.47 546.69 -0.42 -0.61 0.70 38246.00
681.73 -2083.40 550.74 -0.39 -0.49 0.55 38277.00
683.84 -2084.47 554.43 -0.39 -0.31 0.53 38307.00
686.23 -2085.53 558.00 -0.36 -0.27 0.59 38338.00
690.00 -2086.21 561.57 -0.36 -0.22 0.55 38370.00
694.66 -2086.89 564.96 -0.47 -0.08 0.37 38401.00
698.43 -2089.45 568.13 -0.43 0.03 0.50 38431.00
702.23 -2091.06 570.77 -0.32 0.07 0.54 38462.00
707.01 -2091.92 572.97 -0.36 0.16 0.47 38493.00
711.15 -2093.24 575.19 -0.39 0.29 0.52 38524.00
714.66 -2094.66 577.36 -0.41 0.38 0.60 38555.00
718.12 -2095.43 579.03 -0.33 0.41 0.59 38586.00
721.84 -2095.65 580.29 -0.32 0.50 0.56 38617.00
725.20 -2095.50 581.07 -0.33 0.57 0.59 38647.00
729.09 -2094.53 581.55 -0.33 0.65 0.50 38678.00
733.60 -2092.62 581.47 -0.32 0.64 0.36 38710.00
738.66 -2090.14 580.97 -0.41 0.62 0.18 38740.00
745.08 -2087.78 580.20 -0.46 0.52 0.11 38771.00
752.64 -2085.87 579.52 -0.51 0.45 -0.08 38803.00
760.16 -2084.90 579.03 -0.60 0.58 -0.31 38834.00
767.24 -2084.52 577.32 -0.70 0.78 -0.50 38864.00
772.19 -2085.37 573.66 -0.82 0.73 -0.37 38895.00
775.58 -2087.96 569.28 -0.84 0.55 -0.28 38926.00
779.12 -2092.04 563.62 -0.68 0.40 -0.18 38958.00
781.77 -2095.81 557.38 -0.72 0.26 -0.07 38988.00
785.06 -2101.85 550.54 -0.78 0.10 0.09 39020.00
787.79 -2108.23 543.01 -0.59 0.10 0.17 39051.00
787.92 -2114.28 535.03 -0.64 -0.05 0.34 39083.00
788.11 -2120.28 527.54 -0.61 -0.28 0.43 39113.00
787.76 -2124.90 519.81 -0.41 -0.35 0.41 39144.00
786.87 -2129.11 512.07 -0.48 -0.54 0.46 39175.00
785.79 -2133.11 504.59 -0.41 -0.69 0.50 39205.00
784.27 -2137.02 496.60 -0.40 -0.86 0.53 39237.00
783.41 -2141.36 488.92 -0.37 -1.28 0.69 39268.00
786.32 -2145.37 483.81 -0.30 -1.45 0.68 39300.00
792.53 -2149.90 481.25 -0.36 -1.05 0.50 39330.00
800.66 -2157.70 476.79 -0.25 -0.67 0.59 39362.00
805.29 -2167.26 471.72 0.27 -0.39 0.66 39393.00
806.63 -2175.40 467.20 1.05 -0.35 0.84 39424.00
806.01 -2182.70 461.10 1.53 -0.45 0.92 39454.00
804.12 -2190.31 453.12 1.60 -0.58 1.12 39486.00
801.62 -2195.76 445.41 1.97 -0.84 1.19 39517.00
799.39 -2196.21 439.28 1.81 -1.12 1.04 39548.00
796.97 -2193.80 435.62 1.11 -1.15 0.85 39579.00
793.80 -2191.10 434.67 0.80 -1.10 0.71 39610.00
789.82 -2189.79 436.63 0.71 -1.04 0.80 39641.00
786.75 -2189.66 440.21 0.95 -1.10 0.92 39671.00
784.68 -2189.32 444.79 1.13 -1.14 0.99 39702.00
783.07 -2188.49 450.27 1.19 -1.25 1.03 39733.00
782.11 -2186.95 456.43 1.24 -1.36 0.96 39763.00
780.85 -2184.49 462.70 1.06 -1.31 0.81 39794.00
777.99 -2181.28 469.65 1.00 -1.45 0.69 39825.00
775.13 -2178.22 477.66 0.73 -1.56 0.53 39857.00
774.23 -2175.67 485.18 0.53 -1.51 0.46 39887.00
773.24 -2173.11 493.21 0.41 -1.36 0.28 39919.00
771.36 -2170.55 500.98 0.14 -1.15 0.16 39950.00
769.54 -2168.64 508.96 -0.15 -1.02 0.04 39982.00
766.03 -2168.78 516.04 -0.32 -0.85 0.00 40012.00
759.78 -2171.06 523.33 -0.36 -0.87 -0.00 40044.00
752.92 -2174.34 529.24 -0.36 -0.93 0.03 40075.00
744.95 -2179.44 534.48 -0.36 -1.01 0.01 40107.00
737.62 -2184.75 539.05 -0.32 -1.21 0.09 40137.00
730.52 -2190.78 544.34 -0.29 -1.24 0.17 40169.00
725.71 -2196.09 550.17 -0.30 -1.02 0.22 40200.00
721.99 -2200.86 555.64 -0.33 -0.80 0.25 40231.00
719.02 -2205.39 560.52 -0.35 -0.56 0.28 40262.00
715.95 -2209.36 564.72 -0.36 -0.43 0.32 40293.00
713.22 -2212.80 568.25 -0.41 -0.35 0.35 40324.00
711.16 -2216.80 570.92 -0.44 -0.34 0.47 40354.00
710.78 -2220.47 573.49 -0.37 -0.35 0.57 40386.00
712.06 -2222.77 575.96 -0.34 -0.30 0.59 40417.00
714.74 -2224.13 578.76 -0.37 -0.34 0.66 40448.00
719.69 -2224.43 582.16 -0.44 -0.23 0.43 40478.00
725.42 -2226.16 585.61 -0.49 -0.09 0.41 40509.00
731.06 -2228.60 588.61 -0.38 0.11 0.45 40541.00
735.43 -2230.01 590.57 -0.35 0.22 0.42 40571.00
738.49 -2231.15 591.84 -0.39 0.25 0.45 40602.00
741.21 -2232.93 593.05 -0.47 0.25 0.51 40633.00
744.26 -2235.27 594.09 -0.39 0.29 0.64 40664.00
748.52 -2236.72 594.91 -0.28 0.33 0.62 40694.00
753.86 -2237.32 595.72 -0.19 0.43 0.50 40725.00
758.91 -2236.59 596.19 -0.24 0.57 0.30 40757.00
762.09 -2235.87 596.11 -0.40 0.61 0.33 40787.00
765.96 -2235.36 595.59 -0.45 0.49 0.39 40818.00
771.28 -2233.81 594.75 -0.50 0.51 0.23 40849.00
777.12 -2231.91 593.97 -0.68 0.43 0.17 40881.00
784.26 -2230.94 593.97 -0.73 0.41 -0.04 40911.00
791.88 -2230.74 594.36 -0.68 0.52 -0.29 40942.00
799.75 -2231.06 594.37 -0.73 0.68 -0.44 40974.00
807.30 -2232.83 592.84 -0.73 0.88 -0.59 41005.00
812.76 -2235.76 589.24 -0.76 0.96 -0.51 41035.00
814.25 -2240.11 582.97 -0.73 0.78 -0.30 41066.00
812.33 -2244.11 575.24 -0.71 0.40 -0.07 41097.00
809.56 -2249.54 567.50 -0.70 -0.02 0.18 41128.00
808.17 -2254.50 559.77 -0.73 -0.27 0.29 41159.00
809.41 -2258.46 552.23 -0.68 -0.30 0.30 41191.00
811.88 -2263.00 546.22 -0.71 -0.25 0.32 41222.00
814.43 -2267.99 540.70 -0.68 -0.23 0.37 41252.00
816.10 -2274.08 534.78 -0.65 -0.26 0.44 41284.00
816.53 -2280.17 528.74 -0.51 -0.38 0.49 41315.00
816.19 -2286.84 522.24 -0.34 -0.48 0.61 41346.00
814.84 -2292.37 516.18 -0.17 -0.67 0.70 41376.00
814.23 -2298.50 509.10 -0.14 -0.85 0.75 41408.00
814.89 -2305.47 501.70 -0.01 -0.90 0.76 41439.00
815.02 -2312.62 495.27 0.35 -0.99 0.80 41469.00
814.94 -2318.42 489.22 0.72 -0.92 0.76 41500.00
816.10 -2324.55 481.68 0.74 -0.78 0.70 41531.00
817.89 -2332.50 473.95 0.99 -0.69 0.87 41562.00
818.39 -2340.42 466.41 1.65 -0.66 0.95 41593.00
818.59 -2346.33 458.81 2.09 -0.78 0.98 41624.00
818.16 -2350.16 450.83 1.83 -0.97 0.86 41656.00
816.06 -2351.10 445.15 1.35 -1.07 0.67 41687.00
812.13 -2350.56 444.33 0.89 -0.93 0.56 41717.00
807.97 -2351.05 446.19 0.92 -0.93 0.58 41748.00
804.69 -2352.38 448.75 1.17 -0.93 0.65 41779.00
802.10 -2353.67 452.26 1.34 -0.99 0.67 41810.00
800.34 -2354.75 456.85 1.35 -0.99 0.72 41841.00
799.50 -2354.91 462.01 1.41 -1.10 0.69 41872.00
799.76 -2353.64 467.38 1.38 -1.32 0.62 41903.00
825.17 -2349.11 504.74 0.90 -1.10 0.26 42058.00
828.00 -2348.81 512.51 0.66 -0.74 0.38 42089.00
826.95 -2348.37 520.22 0.47 -0.91 0.50 42120.00
824.89 -2348.26 527.99 0.39 -1.14 0.43 42151.00
822.67 -2348.45 535.77 0.33 -1.18 0.40 42182.00
820.59 -2349.52 543.79 0.31 -1.03 0.35 42214.00
818.08 -2349.99 551.57 0.23 -0.97 0.41 42245.00
815.40 -2350.64 559.09 0.04 -0.88 0.36 42275.00
812.39 -2351.98 567.11 -0.02 -0.77 0.42 42307.00
809.52 -2353.04 574.89 -0.08 -0.63 0.53 42338.00
806.73 -2353.80 582.04 -0.15 -0.44 0.55 42369.00
804.35 -2354.82 588.18 -0.26 -0.36 0.55 42400.00
802.14 -2355.94 593.43 -0.18 -0.33 0.67 42431.00
801.95 -2356.30 597.93 -0.32 -0.35 0.77 42462.00
802.88 -2357.15 602.58 -0.26 -0.34 0.97 42492.00
807.05 -2355.85 606.41 -0.25 -0.04 0.56 42523.00
810.03 -2354.86 609.63 -0.44 0.03 0.45 42554.00
813.76 -2355.16 613.37 -0.43 0.07 0.40 42586.00
816.48 -2355.49 616.41 -0.42 0.09 0.42 42616.00
819.15 -2356.95 619.44 -0.43 0.10 0.50 42647.00
822.71 -2358.32 621.74 -0.30 0.13 0.56 42678.00
826.42 -2358.65 623.70 -0.32 0.25 0.54 42708.00
829.95 -2359.22 625.78 -0.37 0.36 0.58 42739.00
833.68 -2359.74 627.38 -0.33 0.46 0.56 42771.00
837.35 -2359.22 628.00 -0.29 0.54 0.47 42802.00
840.50 -2358.15 627.92 -0.38 0.58 0.38 42832.00
843.47 -2356.96 627.26 -0.44 0.61 0.30 42863.00
846.67 -2355.91 626.12 -0.49 0.51 0.29 42894.00
852.39 -2354.89 624.99 -0.51 0.47 0.14 42925.00
859.03 -2354.33 623.42 -0.57 0.58 -0.04 42956.00
865.08 -2354.29 620.71 -0.59 0.66 -0.04 42987.00
869.77 -2354.10 616.65 -0.66 0.69 -0.05 43018.00
872.40 -2353.55 610.89 -0.78 0.70 -0.16 43049.00
872.73 -2353.73 603.28 -0.83 0.53 -0.04 43080.00
871.52 -2354.42 595.30 -0.76 0.21 0.11 43112.00
870.75 -2357.56 587.56 -0.69 -0.23 0.32 43143.00
872.29 -2359.87 580.08 -0.62 -0.55 0.36 43173.00
874.38 -2360.73 572.34 -0.54 -0.61 0.36 43204.00
878.06 -2361.93 565.36 -0.64 -0.81 0.41 43235.00
885.01 -2364.16 559.09 -0.66 -0.81 0.37 43267.00
891.75 -2367.18 554.17 -0.52 -0.59 0.37 43297.00
897.44 -2371.00 548.31 -0.48 -0.47 0.39 43328.00
900.65 -2377.10 541.71 -0.42 -0.57 0.57 43359.00
901.46 -2382.23 536.27 -0.13 -0.61 0.61 43389.00
901.23 -2386.64 529.55 -0.13 -0.70 0.63 43420.00
900.72 -2392.52 521.58 -0.02 -0.86 0.68 43452.00
899.63 -2397.75 514.84 0.20 -0.99 0.69 43483.00
899.03 -2403.03 508.18 0.40 -1.11 0.72 43514.00
899.84 -2408.98 500.79 0.58 -1.17 0.70 43545.00
902.31 -2415.86 493.38 0.83 -1.00 0.66 43576.00
904.97 -2422.73 487.26 1.12 -0.72 0.62 43607.00
906.71 -2428.99 481.49 1.47 -0.52 0.69 43638.00
906.88 -2434.56 475.36 1.68 -0.41 0.78 43669.00
905.14 -2438.19 469.07 1.98 -0.49 0.88 43701.00
902.23 -2438.19 463.61 1.79 -0.83 0.74 43731.00
898.35 -2436.09 460.31 1.15 -1.01 0.62 43762.00
894.56 -2434.20 460.70 0.85 -1.10 0.64 43794.00
892.65 -2434.29 463.72 0.88 -0.95 0.73 43825.00
892.01 -2434.87 467.30 1.12 -0.84 0.85 43855.00
891.86 -2434.98 471.69 1.33 -0.75 0.85 43886.00
891.13 -2433.71 476.13 1.30 -0.67 0.83 43917.00
889.86 -2431.64 480.82 1.17 -0.79 0.80 43949.00
888.72 -2429.16 485.45 1.21 -0.98 0.69 43979.00
887.44 -2426.18 490.60 1.03 -1.04 0.60 44010.00
886.18 -2423.37 496.11 1.12 -1.38 0.53 44041.00
885.19 -2421.16 502.76 1.05 -1.55 0.41 44071.00
885.69 -2420.14 510.78 0.92 -1.60 0.29 44103.00
887.13 -2420.88 518.55 0.83 -1.44 0.20 44134.00
887.30 -2421.70 526.58 0.68 -1.23 0.15 44166.00
886.11 -2422.90 534.00 0.42 -1.12 0.16 44196.00
883.54 -2425.17 541.73 0.17 -1.12 0.17 44228.00
879.79 -2428.31 549.50 0.07 -1.12 0.20 44259.00
874.81 -2432.29 557.36 0.04 -1.16 0.29 44291.00
870.18 -2436.16 564.72 -0.04 -1.24 0.37 44321.00
866.45 -2440.34 572.40 -0.09 -1.13 0.36 44353.00
864.10 -2444.32 579.59 -0.12 -1.06 0.31 44384.00
862.00 -2448.02 587.06 -0.12 -0.89 0.29 44416.00
860.08 -2450.51 593.82 -0.15 -0.72 0.31 44446.00
857.95 -2452.93 600.24 -0.24 -0.60 0.27 44478.00
855.89 -2455.13 605.72 -0.28 -0.53 0.30 44509.00
854.27 -2457.48 610.89 -0.31 -0.53 0.35 44540.00
853.36 -2460.02 615.81 -0.33 -0.45 0.43 44571.00
853.41 -2462.59 620.45 -0.27 -0.43 0.71 44602.00
856.20 -2463.07 624.71 -0.25 -0.28 0.67 44633.00
858.29 -2462.81 628.33 -0.41 -0.16 0.57 44663.00
862.54 -2462.80 632.65 -0.54 -0.12 0.37 44694.00
866.96 -2464.40 636.88 -0.51 -0.03 0.36 44726.00
871.40 -2466.28 640.33 -0.36 0.05 0.42 44756.00
875.78 -2467.14 643.34 -0.37 0.15 0.45 44787.00
880.14 -2467.97 645.92 -0.39 0.27 0.43 44818.00
884.09 -2468.76 648.32 -0.44 0.31 0.45 44849.00
888.64 -2469.84 650.51 -0.41 0.39 0.46 44879.00
893.54 -2470.15 652.38 -0.37 0.54 0.36 44911.00
897.99 -2469.74 653.59 -0.33 0.56 0.32 44942.00
902.90 -2468.19 654.42 -0.35 0.53 0.19 44973.00
908.12 -2466.34 654.86 -0.46 0.55 0.14 45004.00
915.10 -2465.11 655.24 -0.48 0.48 0.03 45035.00
922.51 -2464.13 655.72 -0.50 0.55 -0.15 45066.00
929.64 -2463.40 656.13 -0.55 0.61 -0.25 45097.00
935.36 -2462.75 656.17 -0.71 0.61 -0.37 45128.00
940.43 -2463.62 656.09 -0.85 0.61 -0.41 45159.00
944.89 -2465.70 655.85 -0.81 0.69 -0.45 45190.00
947.94 -2468.21 654.11 -0.79 0.77 -0.48 45220.00
949.74 -2471.35 649.96 -0.74 0.71 -0.37 45251.00
950.81 -2474.91 644.59 -0.79 0.53 -0.18 45283.00
952.27 -2479.29 638.26 -0.73 0.38 -0.05 45314.00
951.91 -2482.99 630.58 -0.76 0.20 0.06 45345.00
950.71 -2487.85 622.99 -0.92 -0.08 0.23 45376.00
950.86 -2492.32 616.20 -0.92 -0.27 0.31 45408.00
952.88 -2495.83 610.37 -0.82 -0.24 0.31 45438.00
954.89 -2500.08 604.61 -0.87 -0.17 0.37 45470.00
956.43 -2504.59 599.08 -0.73 -0.22 0.41 45501.00
957.54 -2508.06 593.01 -0.53 -0.20 0.35 45532.00
957.22 -2511.48 586.19 -0.49 -0.30 0.39 45563.00
956.08 -2515.34 578.65 -0.42 -0.51 0.45 45594.00
955.74 -2519.67 570.91 -0.32 -0.65 0.46 45625.00
956.35 -2524.58 562.93 -0.23 -0.67 0.44 45657.00
957.21 -2530.81 555.45 -0.11 -0.78 0.43 45687.00
958.53 -2539.42 547.46 0.19 -0.72 0.43 45719.00
960.52 -2548.09 539.73 0.52 -0.60 0.33 45750.00
962.11 -2556.16 532.24 1.32 -0.50 0.44 45780.00
963.75 -2564.12 524.26 2.19 -0.44 0.57 45812.00
964.78 -2569.15 516.71 2.26 -0.36 0.46 45843.00
964.03 -2572.00 509.21 2.19 -0.38 0.67 45875.00
963.20 -2573.29 501.93 2.29 -0.57 0.56 45905.00
961.40 -2571.87 495.30 1.69 -0.79 0.37 45937.00
959.14 -2570.25 491.81 1.00 -0.99 0.38 45968.00
958.56 -2570.70 493.17 0.73 -0.98 0.49 45999.00
959.48 -2572.30 497.76 1.23 -0.77 0.65 46030.00
960.39 -2572.73 502.87 1.54 -0.46 0.65 46061.00
959.91 -2571.14 507.76 1.57 -0.44 0.62 46093.00
958.71 -2568.76 512.38 1.45 -0.57 0.55 46124.00
957.21 -2566.20 517.50 1.33 -0.72 0.55 46155.00
955.59 -2563.74 523.19 1.29 -0.91 0.56 46186.00
954.21 -2561.03 529.50 1.32 -1.06 0.47 46217.00
952.82 -2558.21 536.47 1.20 -1.14 0.30 46247.00
951.75 -2556.29 544.43 1.15 -1.39 0.19 46279.00
951.46 -2556.41 552.20 0.97 -1.46 0.13 46310.00
951.32 -2557.83 560.23 0.87 -1.40 0.03 46342.00
950.84 -2560.04 567.75 0.74 -1.39 0.11 46372.00
950.74 -2562.93 575.52 0.62 -1.38 0.19 46403.00
951.27 -2566.11 583.55 0.53 -1.27 0.17 46435.00
951.04 -2569.14 591.32 0.46 -1.10 0.23 46466.00
949.72 -2572.08 599.10 0.37 -1.03 0.25 46497.00
948.09 -2575.10 606.87 0.25 -1.00 0.31 46528.00
946.55 -2577.75 614.89 0.11 -0.95 0.33 46560.00
945.35 -2579.93 622.33 -0.03 -0.86 0.29 46590.00
943.92 -2581.94 629.67 -0.12 -0.76 0.33 46622.00
942.67 -2583.83 636.48 -0.19 -0.60 0.41 46653.00
941.93 -2585.35 643.12 -0.27 -0.50 0.41 46684.00
941.29 -2586.76 649.13 -0.32 -0.34 0.39 46714.00
940.04 -2588.44 654.75 -0.36 -0.23 0.47 46746.00
939.17 -2590.24 659.49 -0.41 -0.21 0.59 46777.00
938.86 -2590.99 663.56 -0.51 -0.15 0.57 46808.00
939.84 -2592.96 666.83 -0.52 -0.07 0.81 46838.00
941.47 -2593.15 668.96 -0.49 0.10 0.70 46869.00
942.27 -2593.32 671.02 -0.63 0.02 0.66 46900.00
943.67 -2593.43 673.33 -0.60 -0.05 0.59 46930.00
946.18 -2593.85 675.58 -0.64 -0.02 0.54 46962.00
948.73 -2594.92 677.71 -0.60 0.02 0.57 46993.00
951.68 -2595.89 679.62 -0.46 0.06 0.57 47024.00
954.83 -2595.97 681.22 -0.48 0.09 0.52 47054.00
958.09 -2596.52 682.96 -0.52 0.14 0.53 47085.00
961.60 -2597.25 685.00 -0.44 0.17 0.57 47117.00
965.70 -2597.74 687.01 -0.38 0.25 0.57 47148.00
969.93 -2597.66 688.63 -0.31 0.40 0.51 47178.00
974.07 -2597.03 689.73 -0.32 0.50 0.46 47209.00
978.28 -2596.21 690.26 -0.31 0.57 0.37 47240.00
983.21 -2595.21 690.25 -0.30 0.51 0.28 47271.00
989.83 -2594.06 689.91 -0.32 0.56 0.08 47302.00
996.58 -2593.11 688.67 -0.43 0.62 -0.14 47333.00
1003.71 -2592.98 686.17 -0.51 0.51 -0.21 47365.00
1010.70 -2594.16 682.65 -0.67 0.54 -0.34 47395.00
1017.75 -2596.88 677.76 -0.85 0.61 -0.31 47427.00
1022.99 -2600.68 671.98 -0.88 0.44 -0.06 47458.00
1028.66 -2605.96 665.17 -0.84 0.33 -0.01 47490.00
1030.45 -2609.99 657.69 -0.72 0.28 0.10 47520.00
1028.57 -2615.97 649.70 -0.91 -0.16 0.36 47552.00
1026.74 -2620.72 641.97 -0.71 -0.51 0.43 47583.00
1025.74 -2622.74 634.50 -0.74 -0.61 0.46 47613.00
1026.77 -2626.55 628.13 -0.93 -0.77 0.60 47644.00
1030.21 -2630.30 622.93 -0.71 -0.68 0.48 47675.00
1033.04 -2633.84 617.67 -0.63 -0.43 0.46 47707.00
1032.48 -2637.51 612.79 -0.52 -0.42 0.52 47737.00
1032.03 -2641.54 606.94 -0.47 -0.69 0.58 47768.00
1032.11 -2645.67 601.05 -0.27 -0.77 0.56 47799.00
1031.53 -2649.10 595.11 -0.16 -0.66 0.43 47831.00
1031.95 -2654.18 588.07 -0.17 -0.84 0.49 47861.00
1032.14 -2661.92 580.17 0.15 -0.79 0.45 47893.00
1032.61 -2669.42 573.41 0.47 -0.69 0.45 47924.00
1033.38 -2676.58 566.39 0.80 -0.61 0.49 47954.00
1034.92 -2684.73 558.41 1.22 -0.60 0.53 47986.00
1036.25 -2692.55 550.68 1.63 -0.47 0.54 48017.00
1036.95 -2699.64 542.94 2.23 -0.54 0.70 48049.00
1037.09 -2703.07 536.19 2.49 -0.78 1.00 48079.00
1036.83 -2703.49 529.61 1.69 -1.02 0.75 48111.00
1036.13 -2702.39 526.86 1.10 -1.05 0.59 48142.00
1035.84 -2702.08 528.07 1.02 -0.98 0.65 48173.00
1036.48 -2702.47 531.57 1.18 -0.74 0.74 48203.00
1036.85 -2702.40 535.86 1.36 -0.58 0.82 48235.00
1036.47 -2701.30 540.45 1.40 -0.45 0.78 48266.00
1034.92 -2699.00 545.00 1.41 -0.53 0.74 48297.00
1032.78 -2696.14 549.68 1.29 -0.70 0.68 48328.00
1030.19 -2692.74 554.85 1.16 -0.91 0.62 48360.00
1028.19 -2689.37 560.32 1.20 -1.28 0.60 48391.00
1027.44 -2686.23 566.54 1.07 -1.40 0.44 48421.00
1027.13 -2683.40 573.69 0.89 -1.34 0.31 48452.00
1027.12 -2681.43 581.38 0.71 -1.38 0.24 48484.00
1027.62 -2680.98 589.14 0.56 -1.40 0.09 48515.00
1026.88 -2681.34 596.91 0.44 -1.40 0.09 48546.00
1024.96 -2682.37 604.94 0.33 -1.28 0.15 48578.00
1022.15 -2683.33 612.69 0.19 -1.09 0.07 48609.00
1019.32 -2685.71 620.36 -0.07 -1.18 0.15 48641.00
1016.51 -2689.18 627.89 -0.06 -1.12 0.18 48671.00
1013.45 -2692.76 635.79 -0.03 -1.03 0.30 48703.00
1010.36 -2696.44 643.18 -0.14 -0.99 0.35 48735.00
1007.50 -2699.51 649.70 -0.19 -0.98 0.33 48765.00
1004.56 -2702.54 656.39 -0.26 -0.91 0.27 48797.00
1001.74 -2705.55 662.53 -0.28 -0.76 0.31 48828.00
999.26 -2708.27 668.30 -0.31 -0.68 0.35 48860.00
997.52 -2710.52 673.31 -0.35 -0.55 0.27 48890.00
996.23 -2713.13 678.08 -0.37 -0.45 0.34 48921.00
995.85 -2715.72 682.14 -0.40 -0.36 0.44 48952.00
996.12 -2718.20 685.74 -0.42 -0.29 0.48 48983.00
996.87 -2720.50 689.06 -0.43 -0.25 0.49 49014.00
997.60 -2722.57 691.91 -0.47 -0.20 0.51 49045.00
998.89 -2725.13 694.28 -0.43 -0.20 0.76 49076.00
1002.12 -2726.19 696.56 -0.38 -0.09 0.83 49106.00
1004.47 -2725.63 698.90 -0.48 0.02 0.78 49137.00
1006.80 -2725.16 701.40 -0.63 0.04 0.58 49169.00
1009.64 -2726.65 703.71 -0.57 -0.02 0.64 49200.00
1013.80 -2727.39 705.60 -0.44 0.04 0.51 49230.00
1017.80 -2728.05 707.19 -0.42 0.20 0.47 49261.00
1020.44 -2728.83 708.31 -0.42 0.24 0.56 49292.00
1023.05 -2730.19 709.18 -0.44 0.24 0.66 49324.00
1026.58 -2731.14 709.79 -0.32 0.28 0.68 49354.00
1030.77 -2730.80 710.27 -0.31 0.33 0.59 49385.00
1035.41 -2730.07 710.55 -0.32 0.40 0.49 49416.00
1039.63 -2728.71 710.28 -0.38 0.43 0.39 49446.00
1044.36 -2727.15 709.71 -0.42 0.43 0.28 49477.00
1049.26 -2725.48 708.60 -0.45 0.53 0.12 49509.00
1053.10 -2723.42 706.55 -0.58 0.50 0.04 49540.00
1058.06 -2722.26 704.49 -0.63 0.40 -0.01 49571.00
1064.49 -2721.99 702.34 -0.58 0.43 -0.18 49602.00
1070.32 -2721.06 699.32 -0.61 0.54 -0.29 49633.00
1074.59 -2720.23 694.88 -0.90 0.44 -0.17 49665.00
1079.13 -2721.84 690.01 -0.98 0.34 -0.15 49695.00
1082.40 -2724.05 683.42 -0.94 0.24 0.05 49727.00
1084.64 -2728.38 676.20 -1.20 -0.00 0.26 49758.00
1085.65 -2733.22 668.46 -1.00 -0.16 0.39 49789.00
1085.31 -2736.15 661.08 -1.01 -0.45 0.52 49820.00
1087.63 -2739.34 655.25 -1.05 -0.56 0.52 49852.00
1091.79 -2741.83 650.43 -0.78 -0.32 0.34 49883.00
1095.17 -2744.55 645.60 -0.71 -0.18 0.27 49914.00
1096.45 -2749.00 640.26 -0.72 -0.20 0.40 49945.00
1096.77 -2753.28 634.83 -0.53 -0.31 0.48 49976.00
1096.96 -2757.25 628.84 -0.42 -0.42 0.54 50007.00
1097.12 -2761.22 622.41 -0.35 -0.46 0.46 50038.00
1097.76 -2766.59 615.36 -0.28 -0.53 0.50 50069.00
1098.88 -2773.83 607.70 -0.10 -0.62 0.61 50100.00
1098.86 -2781.43 600.22 0.27 -0.60 0.53 50130.00
1098.54 -2789.30 592.24 0.72 -0.67 0.63 50162.00
1098.45 -2796.54 584.50 1.04 -0.70 0.58 50193.00
1097.71 -2804.46 576.77 1.45 -0.62 0.58 50224.00
1094.44 -2812.11 569.03 2.02 -0.62 0.64 50255.00
1092.13 -2817.74 561.30 2.70 -1.09 0.98 50286.00
1092.22 -2819.92 553.34 2.33 -1.39 0.85 50318.00
1092.84 -2819.08 548.83 1.34 -1.36 0.60 50349.00
1093.01 -2817.46 548.86 0.74 -1.07 0.52 50379.00
1093.50 -2817.76 552.67 0.84 -0.82 0.56 50411.00
1093.22 -2818.28 557.17 1.24 -0.62 0.61 50442.00
1092.63 -2818.39 561.41 1.30 -0.49 0.70 50472.00
1091.68 -2817.65 565.96 1.34 -0.57 0.71 50504.00
1090.61 -2816.05 570.47 1.33 -0.77 0.67 50535.00
1088.01 -2810.81 580.88 1.08 -1.06 0.54 50597.00
1086.72 -2808.25 587.07 1.08 -1.28 0.46 50628.00
1085.73 -2805.91 594.07 1.00 -1.41 0.40 50660.00
1085.62 -2803.85 601.54 0.90 -1.44 0.29 50691.00
1085.31 -2802.34 609.31 0.69 -1.36 0.17 50722.00
1084.20 -2801.60 617.08 0.48 -1.29 0.10 50753.00
1082.08 -2801.77 625.11 0.24 -1.22 0.10 50785.00
1079.56 -2803.11 632.88 0.08 -1.12 0.09 50816.00
1076.60 -2805.34 640.45 0.02 -1.11 0.06 50847.00
1073.20 -2808.20 647.71 -0.00 -1.18 0.07 50878.00
1069.16 -2811.63 655.31 -0.05 -1.14 0.03 50910.00
1064.66 -2815.54 661.78 -0.11 -1.04 0.06 50940.00
1060.03 -2820.25 668.15 -0.16 -1.13 0.14 50972.00
1056.70 -2825.19 674.68 -0.21 -1.05 0.17 51004.00
1054.34 -2829.84 680.82 -0.21 -0.91 0.23 51035.00
1052.42 -2833.50 686.52 -0.27 -0.77 0.21 51066.00
1051.14 -2837.39 692.06 -0.36 -0.64 0.24 51097.00
1050.50 -2841.92 697.36 -0.34 -0.50 0.38 51129.00
1050.57 -2846.00 702.22 -0.30 -0.36 0.53 51160.00
1050.25 -2848.46 706.36 -0.37 -0.22 0.59 51190.00
1049.84 -2850.40 709.68 -0.49 -0.20 0.62 51221.00
1049.69 -2851.91 712.45 -0.54 -0.17 0.70 51253.00
1050.45 -2852.47 713.81 -0.54 -0.02 0.68 51283.00
1050.60 -2852.87 715.10 -0.70 -0.11 0.62 51314.00
1051.18 -2853.13 716.49 -0.63 -0.12 0.61 51346.00
1052.26 -2853.23 717.72 -0.72 -0.24 0.59 51377.00
1054.70 -2853.65 718.86 -0.72 -0.21 0.51 51408.00
1057.62 -2854.79 719.95 -0.62 -0.17 0.55 51439.00
1060.96 -2855.15 720.99 -0.59 -0.14 0.49 51470.00
1064.89 -2856.19 722.02 -0.59 -0.09 0.45 51502.00
1068.28 -2857.65 723.03 -0.52 -0.05 0.53 51532.00
1072.43 -2858.52 724.18 -0.53 -0.09 0.57 51563.00
1078.18 -2859.54 725.75 -0.54 -0.00 0.57 51594.00
1084.10 -2860.13 727.40 -0.46 0.18 0.52 51625.00
1089.25 -2859.97 729.05 -0.41 0.23 0.48 51656.00
1094.74 -2859.51 730.61 -0.37 0.41 0.35 51687.00
1098.02 -2858.21 730.92 -0.47 0.61 0.29 51718.00
1100.38 -2857.47 730.48 -0.49 0.51 0.32 51748.00
1104.41 -2856.23 729.45 -0.47 0.57 0.19 51780.00
1107.25 -2854.44 727.37 -0.64 0.70 0.05 51811.00
1110.01 -2853.32 724.72 -0.82 0.56 0.11 51843.00
1115.59 -2853.55 722.71 -0.83 0.38 0.09 51873.00
1123.43 -2855.08 720.87 -0.81 0.50 -0.09 51904.00
1130.98 -2857.13 717.74 -0.87 0.64 -0.06 51936.00
1136.73 -2859.66 713.79 -0.89 0.58 0.05 51966.00
1141.22 -2862.05 708.15 -0.72 0.41 0.12 51998.00
1143.70 -2864.19 701.34 -0.85 0.24 0.19 52029.00
1144.01 -2866.47 693.44 -0.81 0.04 0.19 52061.00
1143.26 -2869.04 685.80 -0.96 -0.26 0.29 52092.00
1144.01 -2871.01 678.98 -0.85 -0.37 0.27 52123.00
1145.22 -2872.88 672.57 -0.81 -0.32 0.26 52155.00
1147.19 -2875.27 667.15 -0.82 -0.32 0.27 52186.00
1149.24 -2878.19 661.63 -0.65 -0.21 0.24 52217.00
1148.68 -2881.83 655.44 -0.63 -0.32 0.31 52248.00
1147.42 -2885.71 648.89 -0.44 -0.43 0.36 52279.00
1146.02 -2889.57 642.58 -0.37 -0.64 0.44 52310.00
1146.04 -2893.91 636.25 -0.27 -0.91 0.55 52341.00
1146.65 -2898.22 630.00 -0.18 -0.82 0.48 52372.00
1147.83 -2903.97 623.29 -0.08 -0.90 0.59 52404.00
1148.70 -2910.40 616.99 0.23 -1.00 0.66 52434.00
1149.31 -2916.66 610.42 0.53 -0.95 0.58 52466.00
1150.29 -2922.73 603.43 0.62 -0.74 0.54 52497.00
1152.54 -2930.35 595.73 0.89 -0.61 0.60 52528.00
1154.84 -2938.39 587.99 1.43 -0.49 0.63 52559.00
1155.64 -2945.86 580.26 2.12 -0.53 0.79 52590.00
1157.18 -2950.64 572.27 2.59 -0.89 1.05 52622.00
1158.11 -2951.51 565.38 1.73 -1.03 0.76 52653.00
1156.74 -2949.97 562.57 0.96 -1.04 0.56 52683.00
1153.79 -2948.97 563.96 0.71 -0.95 0.52 52715.00
1151.79 -2949.88 567.64 1.03 -0.82 0.65 52746.00
1150.66 -2950.48 571.39 1.31 -0.76 0.79 52776.00
1150.36 -2950.36 575.75 1.29 -0.68 0.82 52808.00
1149.98 -2949.25 580.04 1.31 -0.79 0.79 52839.00
1148.89 -2947.28 584.90 1.23 -0.86 0.73 52870.00
1146.69 -2944.49 589.98 1.10 -0.96 0.68 52901.00
1144.56 -2941.32 595.26 1.10 -1.20 0.61 52932.00
1142.67 -2937.84 601.09 0.98 -1.31 0.46 52963.00
1141.08 -2934.33 607.90 0.81 -1.34 0.36 52995.00
1139.97 -2931.85 614.76 0.55 -1.40 0.22 53025.00
1139.95 -2930.94 622.35 0.39 -1.39 0.08 53057.00
1139.89 -2931.36 629.59 0.34 -1.36 0.03 53088.00
1138.75 -2932.47 637.19 0.22 -1.31 0.04 53120.00
1136.81 -2934.38 644.38 0.11 -1.36 0.11 53151.00
1134.45 -2937.14 651.96 -0.01 -1.40 0.13 53182.00
1131.69 -2940.80 659.83 -0.01 -1.33 0.14 53214.00
1128.85 -2945.06 666.84 -0.02 -1.35 0.21 53245.00
1126.29 -2949.28 674.15 -0.03 -1.36 0.26 53276.00
1123.56 -2953.54 681.88 -0.04 -1.22 0.25 53308.00
1121.10 -2957.40 689.08 -0.06 -0.98 0.26 53340.00
1119.66 -2960.46 695.62 -0.16 -0.81 0.36 53370.00
1118.31 -2963.94 702.46 -0.20 -0.64 0.39 53402.00
1117.62 -2966.20 708.70 -0.23 -0.43 0.42 53433.00
1116.36 -2967.78 714.07 -0.34 -0.25 0.43 53464.00
1114.10 -2969.18 718.10 -0.46 -0.22 0.37 53494.00
1110.88 -2971.54 721.54 -0.46 -0.26 0.50 53526.00
1108.60 -2973.20 724.19 -0.45 -0.31 0.56 53557.00
1107.91 -2974.99 726.37 -0.45 -0.32 0.64 53587.00
1108.88 -2976.09 728.22 -0.40 -0.27 0.72 53618.00
1110.88 -2976.14 730.01 -0.47 -0.24 0.64 53649.00
1113.93 -2976.28 732.24 -0.61 -0.24 0.58 53681.00
1117.45 -2976.76 734.42 -0.63 -0.13 0.50 53711.00
1120.67 -2978.17 736.21 -0.63 -0.08 0.50 53742.00
1124.74 -2980.20 737.79 -0.55 -0.08 0.50 53774.00
1129.53 -2981.64 739.39 -0.47 -0.02 0.46 53805.00
1133.79 -2982.98 740.97 -0.47 0.05 0.46 53835.00
1138.48 -2984.76 742.58 -0.44 0.05 0.54 53866.00
1144.56 -2986.43 744.34 -0.41 0.16 0.52 53897.00
1150.42 -2987.99 745.91 -0.29 0.30 0.58 53928.00
1156.14 -2988.06 747.12 -0.30 0.39 0.51 53959.00
1161.65 -2987.67 747.76 -0.36 0.55 0.35 53990.00
1165.59 -2986.88 747.35 -0.40 0.69 0.26 54021.00
1169.17 -2985.80 746.22 -0.48 0.64 0.23 54052.00
1173.35 -2984.55 744.47 -0.59 0.66 0.11 54083.00
1179.20 -2984.20 742.64 -0.70 0.56 0.09 54115.00
1186.75 -2985.27 741.60 -0.75 0.54 -0.06 54146.00
1194.25 -2987.78 740.25 -0.86 0.72 -0.18 54177.00
1201.78 -2991.92 737.85 -0.91 0.80 -0.09 54208.00
1208.13 -2996.74 734.04 -0.72 0.71 -0.02 54239.00
1211.69 -3001.37 728.70 -0.71 0.61 0.11 54270.00
1213.37 -3006.37 722.23 -0.69 0.42 0.20 54301.00
1213.00 -3010.75 714.31 -0.59 0.22 0.27 54333.00
1212.56 -3016.10 706.76 -0.77 -0.08 0.48 54364.00
1213.53 -3021.19 699.80 -0.63 -0.17 0.42 54395.00
1214.17 -3024.66 693.02 -0.62 -0.18 0.38 54426.00
1220.59 -3079.14 634.33 0.90 -0.56 0.61 54674.00
1223.02 -3087.43 626.60 1.49 -0.33 0.53 54705.00
1222.87 -3095.08 619.95 2.40 -0.24 0.73 54736.00
1222.61 -3102.36 613.42 3.50 -0.42 1.06 54767.00
1221.37 -3107.35 605.46 2.27 -0.67 1.30 54799.00
1221.87 -3109.61 599.59 1.73 -1.06 1.09 54830.00
1223.22 -3109.50 597.16 1.45 -0.96 0.73 54861.00
1223.99 -3107.72 598.36 1.02 -0.71 0.64 54892.00
1226.06 -3107.19 602.97 1.02 -0.48 0.72 54924.00
1229.06 -3106.98 608.20 1.29 -0.04 0.79 54955.00
1231.41 -3105.60 611.83 1.33 0.35 0.70 54986.00
1231.66 -3103.31 613.04 1.04 0.31 0.55 55017.00
1230.76 -3100.50 613.48 1.19 0.12 0.39 55049.00
1229.45 -3097.39 614.20 1.19 -0.00 0.27 55079.00
1227.56 -3094.51 615.10 1.02 -0.09 0.25 55111.00
1226.26 -3092.79 615.95 0.95 -0.14 0.25 55143.00
1225.01 -3091.66 616.67 0.95 -0.13 0.31 55174.00
1224.17 -3091.04 617.14 0.92 -0.16 0.36 55205.00
1224.01 -3090.91 617.25 0.97 -0.16 0.37 55236.00
1223.93 -3090.94 616.97 1.00 -0.17 0.35 55268.00
1223.43 -3091.04 616.46 0.98 -0.22 0.39 55300.00
1222.80 -3091.46 615.98 0.98 -0.28 0.43 55330.00
1222.31 -3092.08 615.45 1.01 -0.34 0.49 55362.00
1222.21 -3092.87 615.11 1.03 -0.41 0.52 55393.00
1222.58 -3093.59 615.08 1.05 -0.41 0.54 55425.00
1223.14 -3094.17 615.24 1.04 -0.36 0.54 55455.00
1223.68 -3094.64 615.47 1.03 -0.35 0.55 55487.00
1224.39 -3095.11 615.85 1.01 -0.33 0.55 55518.00
1224.94 -3095.50 616.25 0.97 -0.31 0.58 55549.00
1225.30 -3095.99 616.62 0.98 -0.30 0.59 55581.00
1225.46 -3096.23 616.90 1.01 -0.32 0.62 55612.00
1225.74 -3096.31 617.09 1.03 -0.36 0.62 55644.00
1226.06 -3096.13 617.39 1.03 -0.39 0.63 55674.00
1226.75 -3095.86 617.90 1.04 -0.40 0.59 55706.00
1227.27 -3095.21 618.65 1.04 -0.35 0.57 55737.00
1227.28 -3094.35 619.50 1.02 -0.31 0.54 55769.00
1226.98 -3093.49 620.26 0.96 -0.30 0.51 55799.00
1226.42 -3092.78 621.02 0.91 -0.29 0.51 55831.00
1225.69 -3092.49 621.62 0.91 -0.30 0.51 55862.00
1224.68 -3093.15 622.35 0.90 -0.32 0.55 55894.00
1223.72 -3093.15 622.58 0.95 -0.34 0.51 55925.00
1222.96 -3093.73 622.88 0.92 -0.34 0.48 55956.00
1222.44 -3093.59 623.46 0.94 -0.38 0.50 55988.00
1221.81 -3094.05 623.45 0.93 -0.39 0.43 56018.00
1221.96 -3094.24 623.34 0.94 -0.42 0.48 56049.00
1222.42 -3094.30 623.26 0.96 -0.43 0.49 56081.00
1221.98 -3095.13 623.13 0.93 -0.44 0.48 56112.00
1222.58 -3095.52 623.11 1.00 -0.46 0.48 56143.00
1222.98 -3095.56 623.10 0.97 -0.42 0.48 56174.00
1223.29 -3095.48 622.94 0.92 -0.39 0.46 56206.00
1222.55 -3095.66 622.86 0.98 -0.40 0.48 56237.00
1221.72 -3095.70 623.02 0.96 -0.48 0.51 56268.00
1221.47 -3096.17 623.21 0.99 -0.52 0.52 56299.00
1220.84 -3097.89 623.39 1.02 -0.52 0.50 56331.00
1221.45 -3098.80 623.61 0.93 -0.45 0.46 56361.00
1221.93 -3099.21 623.61 0.99 -0.41 0.44 56393.00
1222.39 -3098.71 623.62 0.96 -0.45 0.45 56424.00
1223.06 -3098.48 623.82 0.95 -0.45 0.50 56456.00
1223.31 -3098.49 624.01 0.94 -0.44 0.45 56486.00
1223.42 -3098.61 624.13 0.96 -0.44 0.47 56518.00
1223.30 -3098.54 624.30 1.00 -0.45 0.47 56549.00
1223.15 -3098.57 624.46 0.96 -0.46 0.47 56581.00
1223.87 -3098.88 624.55 0.95 -0.46 0.44 56611.00
1224.40 -3099.02 624.72 0.95 -0.41 0.45 56643.00
1224.86 -3098.99 624.81 0.99 -0.41 0.48 56674.00
1227.33 -3097.46 624.82 0.97 -0.44 0.66 56706.00
1227.93 -3097.37 624.85 0.96 -0.46 0.57 56736.00
1228.35 -3097.21 624.88 0.95 -0.43 0.54 56768.00
1228.50 -3097.15 625.06 0.91 -0.37 0.51 56799.00
1227.86 -3097.03 625.22 0.94 -0.36 0.51 56830.00
1226.81 -3096.82 625.27 0.95 -0.41 0.52 56861.00
1226.03 -3096.41 625.23 0.96 -0.47 0.52 56893.00
1225.93 -3096.10 625.46 0.90 -0.47 0.49 56924.00
1225.87 -3096.27 625.69 0.89 -0.44 0.50 56954.00
1225.63 -3096.27 625.81 0.96 -0.49 0.54 56986.00
1225.96 -3095.91 626.36 0.96 -0.48 0.51 57017.00
1226.30 -3095.71 627.02 0.91 -0.47 0.44 57049.00
1226.27 -3095.57 627.55 0.90 -0.41 0.45 57079.00
1226.63 -3095.89 627.72 0.89 -0.42 0.49 57111.00
1227.47 -3096.54 627.54 0.90 -0.46 0.56 57142.00

