-4.01 0.25 3.88 1.42 -1.08 0.75 8383.00
-4.12 0.68 7.04 1.50 -1.01 0.62 8414.00
-3.05 1.72 10.10 1.35 -0.94 0.73 8444.00
-2.79 3.82 16.48 1.23 -1.30 0.58 8474.00
-0.22 5.59 22.85 1.37 -1.10 0.49 8505.00
1.52 7.21 28.05 1.08 -1.20 0.45 8536.00
1.60 9.48 35.03 1.15 -1.44 0.35 8566.00
0.70 11.07 42.71 0.92 -1.54 0.29 8597.00
-0.55 11.93 50.47 0.67 -1.49 0.12 8628.00
-1.57 11.35 58.24 0.44 -1.51 0.09 8659.00
-1.60 9.38 66.00 0.25 -1.43 0.11 8690.00
-0.59 6.12 73.76 0.22 -1.28 0.10 8721.00
1.07 2.62 81.53 0.33 -1.18 0.12 8752.00
3.06 -0.19 89.29 0.27 -1.08 0.17 8783.00
5.75 -2.96 97.05 0.21 -0.97 0.23 8814.00
8.02 -4.39 104.82 0.24 -0.88 0.27 8845.00
10.18 -5.17 112.58 0.11 -0.74 0.34 8876.00
12.26 -5.72 120.09 0.06 -0.52 0.40 8906.00
14.19 -6.56 127.67 0.03 -0.33 0.53 8937.00
15.53 -6.41 134.51 0.06 -0.19 0.59 8968.00
16.20 -5.02 140.49 -0.09 -0.11 0.63 8998.00
17.15 -4.32 146.20 -0.16 -0.03 0.64 9029.00
18.06 -3.34 150.96 -0.17 0.09 0.63 9060.00
18.79 -1.90 154.96 -0.23 0.13 0.59 9091.00
20.42 -1.30 158.37 -0.26 0.14 0.55 9120.00
23.28 -1.14 161.50 -0.26 0.22 0.50 9151.00
26.69 -1.52 163.96 -0.30 0.35 0.47 9182.00
29.87 -2.39 165.46 -0.38 0.45 0.50 9212.00
32.76 -3.81 166.23 -0.40 0.48 0.56 9243.00
35.60 -5.01 166.64 -0.40 0.49 0.64 9274.00
38.18 -5.42 166.52 -0.46 0.53 0.63 9304.00
40.56 -5.70 166.04 -0.52 0.57 0.62 9334.00
42.61 -5.73 165.26 -0.56 0.58 0.57 9365.00
44.60 -5.75 164.13 -0.55 0.60 0.52 9396.00
46.44 -5.01 162.63 -0.57 0.58 0.42 9425.00
48.21 -4.51 160.62 -0.62 0.55 0.36 9456.00
49.93 -4.37 158.32 -0.61 0.52 0.36 9487.00
51.56 -4.08 155.58 -0.68 0.40 0.35 9518.00
54.09 -4.77 152.78 -0.72 0.40 0.32 9548.00
55.39 -5.57 149.42 -0.69 0.42 0.36 9579.00
56.05 -6.26 145.52 -0.70 0.32 0.42 9610.00
56.83 -6.88 141.37 -0.77 0.23 0.47 9640.00
58.49 -7.57 137.15 -0.76 0.14 0.49 9671.00
60.57 -8.01 133.17 -0.84 0.07 0.52 9702.00
64.67 -8.81 129.37 -0.93 0.12 0.38 9734.00
66.89 -10.12 125.35 -0.91 0.20 0.45 9764.00
69.04 -12.46 120.71 -0.80 0.02 0.49 9795.00
69.87 -13.88 115.56 -0.70 0.09 0.38 9826.00
69.00 -16.88 109.98 -0.80 -0.13 0.57 9858.00
69.02 -19.92 104.64 -0.66 -0.19 0.58 9888.00
68.29 -23.31 99.28 -0.69 -0.31 0.73 9919.00
68.86 -26.49 94.94 -0.51 -0.40 0.74 9949.00
69.95 -29.19 90.46 -0.58 -0.42 0.75 9979.00
70.12 -32.59 86.28 -0.49 -0.34 0.71 10010.00
69.55 -35.96 82.17 -0.45 -0.47 0.82 10041.00
70.15 -39.69 78.51 -0.40 -0.58 0.86 10072.00
71.42 -43.26 75.46 -0.30 -0.48 0.81 10102.00
71.39 -46.44 72.40 -0.20 -0.41 0.80 10132.00
70.29 -50.33 68.78 -0.15 -0.56 0.85 10163.00
69.51 -54.35 65.65 0.02 -0.69 0.94 10193.00
69.37 -58.65 62.36 0.13 -0.87 1.00 10224.00
69.74 -62.76 59.42 0.25 -0.81 0.96 10255.00
70.51 -67.56 56.66 0.34 -0.82 1.04 10286.00
71.55 -71.98 54.38 0.51 -0.70 0.97 10316.00
71.59 -76.00 52.08 0.63 -0.56 0.93 10347.00
71.05 -80.25 49.30 0.67 -0.60 0.97 10377.00
70.70 -84.88 46.47 0.82 -0.67 1.01 10407.00
70.38 -88.80 44.23 1.03 -0.61 0.97 10438.00
69.47 -91.32 42.12 1.02 -0.49 0.85 10469.00
68.00 -93.72 39.60 0.95 -0.43 0.76 10500.00
66.22 -95.84 36.95 0.94 -0.45 0.70 10530.00
64.35 -98.10 34.10 0.93 -0.50 0.64 10561.00
62.84 -100.62 31.45 0.95 -0.53 0.59 10592.00
61.79 -103.41 29.37 1.00 -0.53 0.59 10622.00
60.92 -106.57 27.79 1.12 -0.49 0.60 10654.00
60.22 -108.81 26.90 1.25 -0.44 0.72 10685.00
58.39 -109.75 26.06 1.13 -0.30 0.70 10716.00
55.58 -109.76 25.32 1.15 -0.44 0.70 10747.00
52.46 -109.26 25.00 1.12 -0.61 0.72 10778.00
51.39 -108.43 25.34 1.12 -0.79 0.78 10809.00
52.22 -107.69 26.41 1.14 -0.77 0.75 10840.00
52.02 -106.30 28.23 1.23 -0.76 0.64 10870.00
49.90 -104.63 30.94 1.17 -0.75 0.63 10901.00
46.26 -102.09 35.75 1.31 -1.04 0.72 10932.00
43.75 -100.35 40.59 1.19 -1.04 0.62 10962.00
42.31 -98.54 46.09 1.23 -1.21 0.58 10993.00
41.57 -96.98 52.12 1.04 -1.13 0.50 11024.00
40.39 -95.29 58.59 1.08 -1.31 0.49 11055.00
39.34 -93.78 65.16 0.91 -1.41 0.48 11085.00
39.23 -92.68 72.27 0.72 -1.44 0.41 11116.00
39.89 -91.97 79.76 0.56 -1.37 0.32 11147.00
40.71 -91.78 87.72 0.37 -1.25 0.29 11179.00
41.55 -92.33 95.22 0.18 -1.09 0.26 11209.00
41.58 -93.47 102.83 0.09 -0.97 0.22 11240.00
40.23 -95.33 110.15 -0.00 -0.96 0.27 11272.00
38.16 -98.04 116.78 -0.06 -0.99 0.31 11302.00
36.03 -100.84 123.20 -0.05 -0.94 0.34 11333.00
34.61 -103.63 129.52 -0.10 -0.98 0.34 11365.00
34.00 -106.29 135.89 -0.12 -0.91 0.33 11396.00
34.03 -108.57 142.40 -0.13 -0.75 0.31 11427.00
34.42 -110.25 148.65 -0.13 -0.60 0.37 11458.00
35.32 -111.46 154.64 -0.24 -0.50 0.44 11489.00
35.69 -112.88 160.52 -0.29 -0.31 0.55 11520.00
35.07 -113.55 165.47 -0.29 -0.25 0.63 11550.00
34.49 -113.80 170.17 -0.44 -0.26 0.54 11581.00
34.91 -114.13 174.53 -0.41 -0.21 0.67 11612.00
36.48 -114.13 178.50 -0.44 -0.20 0.65 11642.00
39.01 -113.61 182.31 -0.45 -0.07 0.55 11673.00
41.38 -113.29 185.70 -0.46 0.01 0.53 11704.00
43.74 -112.89 188.74 -0.52 0.03 0.52 11735.00
46.50 -113.20 191.40 -0.53 0.07 0.51 11765.00
49.51 -113.93 193.86 -0.52 0.13 0.53 11796.00
52.99 -114.94 196.10 -0.46 0.16 0.54 11827.00
57.12 -116.14 198.14 -0.42 0.24 0.53 11857.00
61.34 -117.32 200.04 -0.43 0.35 0.56 11888.00
65.82 -118.38 201.58 -0.41 0.46 0.54 11919.00
69.42 -118.95 202.41 -0.43 0.59 0.51 11950.00
72.27 -119.38 202.60 -0.46 0.62 0.49 11980.00
74.89 -119.72 202.11 -0.45 0.63 0.49 12011.00
77.46 -119.53 201.17 -0.47 0.64 0.38 12042.00
79.61 -119.19 199.93 -0.52 0.62 0.32 12072.00
81.68 -118.56 198.19 -0.58 0.59 0.26 12103.00
83.37 -118.19 196.11 -0.75 0.53 0.26 12134.00
86.10 -119.06 194.21 -0.80 0.38 0.37 12166.00
89.89 -120.13 192.93 -0.77 0.40 0.40 12196.00
93.96 -120.94 191.82 -0.78 0.40 0.42 12227.00
98.13 -121.35 190.52 -0.82 0.46 0.36 12258.00
101.11 -121.54 188.75 -0.91 0.54 0.35 12290.00
103.43 -121.78 186.90 -0.91 0.49 0.37 12320.00
107.10 -121.76 184.49 -0.76 0.55 0.19 12351.00
109.56 -120.96 181.00 -0.79 0.58 0.11 12383.00
113.05 -121.36 177.96 -0.85 0.38 0.07 12413.00
117.70 -122.62 174.01 -0.71 0.45 -0.05 12444.00
120.20 -123.74 169.53 -0.91 0.31 0.05 12476.00
123.48 -126.58 164.92 -0.77 0.24 -0.04 12507.00
123.93 -128.26 159.18 -0.71 0.23 0.01 12538.00
123.49 -131.20 153.69 -0.88 -0.01 0.13 12569.00
123.90 -133.50 147.73 -0.66 -0.05 0.02 12601.00
122.01 -136.25 141.60 -0.71 -0.13 0.08 12632.00
120.59 -141.27 136.69 -0.99 -0.39 0.33 12662.00
121.72 -146.99 132.69 -0.53 -0.38 0.41 12693.00
123.46 -151.64 129.42 -0.58 -0.37 0.53 12724.00
125.35 -157.56 126.91 -0.61 -0.42 0.63 12754.00
128.19 -164.44 124.48 -0.42 -0.32 0.75 12785.00
129.34 -170.78 121.55 -0.23 -0.31 0.91 12817.00
128.70 -175.58 117.88 -0.23 -0.45 0.96 12848.00
127.76 -181.23 113.55 -0.22 -0.57 1.05 12878.00
125.85 -186.77 109.62 0.00 -0.73 1.15 12909.00
124.80 -191.68 106.04 0.13 -1.01 1.26 12940.00
125.27 -196.39 102.42 0.19 -0.93 1.15 12971.00
125.31 -200.73 99.68 0.27 -0.81 1.19 13001.00
125.57 -205.34 97.20 0.39 -0.90 1.25 13032.00
126.58 -209.20 95.02 0.52 -0.77 1.14 13063.00
126.92 -212.05 92.94 0.56 -0.61 1.04 13093.00
126.69 -214.92 90.63 0.55 -0.57 1.05 13124.00
126.51 -218.13 88.28 0.61 -0.60 1.04 13155.00
125.78 -220.43 86.16 0.74 -0.56 0.97 13186.00
124.17 -221.40 84.21 0.70 -0.57 0.90 13215.00
122.64 -222.70 82.15 0.63 -0.60 0.81 13246.00
121.60 -224.39 80.12 0.64 -0.58 0.71 13277.00
120.59 -226.33 78.43 0.68 -0.58 0.71 13307.00
120.00 -228.88 77.00 0.73 -0.60 0.74 13338.00
120.41 -231.87 75.69 0.81 -0.58 0.72 13369.00
121.21 -235.17 74.39 0.88 -0.55 0.71 13400.00
121.80 -238.06 73.50 0.98 -0.53 0.76 13430.00
121.79 -239.81 72.91 1.05 -0.51 0.78 13461.00
120.67 -240.39 72.35 0.99 -0.54 0.75 13492.00
118.43 -240.16 72.31 0.98 -0.65 0.74 13522.00
115.69 -239.47 73.03 0.98 -0.80 0.77 13553.00
113.26 -238.44 74.54 1.04 -1.00 0.92 13584.00
113.62 -238.24 76.97 1.20 -1.05 0.84 13615.00
111.79 -236.51 81.27 1.35 -1.05 1.10 13645.00
110.42 -234.40 85.66 1.30 -1.07 1.03 13676.00
109.05 -231.26 90.96 1.31 -1.13 0.82 13706.00
106.59 -227.98 97.18 1.18 -1.22 0.75 13736.00
104.10 -225.21 104.33 1.06 -1.55 0.67 13767.00
103.56 -223.86 112.34 0.75 -1.59 0.58 13799.00
104.69 -223.15 120.11 0.57 -1.46 0.46 13830.00
106.59 -222.71 127.87 0.40 -1.29 0.44 13861.00
108.42 -222.25 135.64 0.27 -1.07 0.37 13892.00
109.86 -221.97 143.40 0.13 -1.01 0.39 13923.00
111.64 -222.30 151.41 0.10 -1.01 0.38 13955.00
112.99 -222.80 158.93 0.10 -0.87 0.44 13985.00
113.68 -222.78 166.69 0.03 -0.70 0.47 14016.00
113.41 -222.35 174.45 -0.06 -0.53 0.52 14047.00
111.99 -221.31 181.75 -0.17 -0.34 0.48 14077.00
109.01 -220.40 188.70 -0.32 -0.26 0.46 14108.00
104.30 -220.02 195.27 -0.33 -0.20 0.48 14140.00
99.45 -220.11 200.50 -0.46 -0.31 0.58 14171.00
96.69 -220.73 205.21 -0.44 -0.26 0.67 14201.00
95.10 -220.63 209.29 -0.44 -0.18 0.68 14232.00
95.01 -220.02 213.00 -0.57 -0.15 0.62 14263.00
95.77 -219.80 216.70 -0.57 -0.05 0.55 14294.00
96.79 -219.33 219.74 -0.58 0.04 0.50 14324.00
97.30 -218.83 222.34 -0.63 0.09 0.45 14355.00
97.34 -219.13 224.50 -0.64 0.05 0.44 14386.00
98.17 -219.60 226.43 -0.60 -0.00 0.44 14417.00
99.72 -220.38 228.26 -0.63 -0.02 0.43 14448.00
102.32 -221.81 230.43 -0.62 -0.01 0.46 14480.00
105.11 -223.82 232.66 -0.55 0.06 0.54 14511.00
108.04 -225.33 234.78 -0.48 0.11 0.60 14541.00
111.74 -226.59 237.15 -0.53 0.22 0.59 14572.00
116.00 -228.51 239.72 -0.43 0.28 0.67 14603.00
121.40 -229.68 242.13 -0.36 0.41 0.59 14633.00
126.98 -230.52 244.32 -0.30 0.61 0.50 14664.00
131.11 -230.52 245.40 -0.28 0.74 0.44 14695.00
133.95 -229.95 245.23 -0.39 0.82 0.40 14727.00
136.11 -229.51 244.20 -0.42 0.84 0.35 14757.00
137.99 -228.58 242.68 -0.39 0.76 0.28 14788.00
140.10 -227.36 240.83 -0.45 0.69 0.21 14820.00
142.78 -226.25 238.80 -0.49 0.60 0.16 14851.00
146.30 -224.99 236.97 -0.56 0.45 0.02 14881.00
150.87 -224.74 235.37 -0.64 0.44 0.01 14913.00
154.57 -224.44 233.96 -0.66 0.45 0.03 14944.00
157.35 -224.14 232.65 -0.84 0.55 -0.03 14974.00
159.61 -224.39 230.98 -1.00 0.57 0.12 15006.00
163.61 -225.16 228.71 -0.80 0.47 0.12 15037.00
168.48 -224.82 226.08 -0.74 0.37 -0.08 15068.00
174.80 -226.11 223.37 -0.85 0.50 -0.25 15099.00
178.66 -228.40 218.44 -0.82 0.63 -0.23 15130.00
178.98 -231.16 212.24 -0.87 0.38 -0.01 15161.00
179.88 -235.49 205.24 -0.72 0.13 0.15 15193.00
181.43 -240.15 198.84 -0.81 0.03 0.24 15223.00
183.34 -245.37 192.51 -0.78 -0.02 0.30 15255.00
183.89 -249.22 186.17 -0.69 -0.03 0.26 15286.00
182.83 -253.10 179.18 -0.77 -0.20 0.28 15318.00
181.09 -257.55 172.90 -0.84 -0.44 0.43 15348.00
180.08 -262.10 167.33 -0.70 -0.66 0.56 15379.00
180.86 -266.14 162.63 -0.65 -0.70 0.59 15410.00
182.51 -270.08 158.95 -0.59 -0.62 0.57 15440.00
184.29 -275.27 155.35 -0.59 -0.66 0.72 15470.00
185.41 -280.90 151.76 -0.30 -0.72 0.81 15501.00
186.94 -285.11 147.65 -0.21 -0.72 0.73 15533.00
187.65 -290.63 142.94 -0.29 -0.73 0.88 15563.00
187.13 -296.96 138.20 0.09 -0.84 1.02 15594.00
187.58 -301.32 133.77 0.40 -0.94 0.97 15625.00
188.52 -304.76 128.91 0.27 -1.00 0.99 15654.00
189.49 -309.99 123.92 0.37 -0.92 0.94 15685.00
189.85 -314.93 119.63 0.62 -0.83 0.91 15716.00
190.12 -319.42 115.35 0.77 -0.78 0.90 15747.00
190.75 -323.82 111.30 0.81 -0.79 0.88 15777.00
191.96 -328.85 107.24 0.89 -0.79 0.86 15808.00
192.78 -333.44 103.99 1.05 -0.77 0.92 15839.00
192.74 -336.46 101.90 1.12 -0.75 0.91 15869.00
191.74 -338.24 100.69 1.05 -0.71 0.88 15900.00
190.16 -339.21 100.76 1.01 -0.67 0.89 15931.00
187.74 -338.92 101.88 1.05 -0.68 0.93 15962.00
184.67 -337.80 103.59 1.00 -0.75 0.96 15992.00
180.81 -336.20 106.13 1.01 -0.85 0.95 16023.00
176.64 -334.11 109.35 1.05 -1.06 0.99 16053.00
172.89 -331.65 113.45 1.09 -1.28 0.96 16083.00
169.62 -328.80 118.66 1.09 -1.41 0.88 16114.00
167.29 -325.83 124.65 1.03 -1.47 0.75 16145.00
165.48 -323.12 131.39 0.88 -1.51 0.62 16177.00
164.01 -321.32 138.17 0.71 -1.60 0.46 16207.00
162.60 -320.04 145.94 0.50 -1.47 0.26 16239.00
160.17 -318.95 153.51 0.20 -1.30 0.12 16270.00
158.02 -319.29 160.95 -0.12 -1.26 0.08 16302.00
155.33 -321.18 167.70 -0.18 -1.12 0.08 16332.00
151.49 -323.73 174.93 -0.17 -1.17 0.08 16364.00
147.85 -327.22 181.66 -0.16 -1.30 0.03 16395.00
144.69 -331.71 188.90 -0.05 -1.30 0.05 16427.00
142.59 -336.07 196.28 -0.03 -1.13 0.16 16457.00
141.42 -340.59 204.13 -0.05 -1.05 0.30 16489.00
140.70 -343.90 211.31 -0.11 -0.72 0.28 16520.00
139.23 -346.62 217.76 -0.22 -0.52 0.27 16550.00
136.74 -349.34 224.17 -0.27 -0.42 0.34 16582.00
134.93 -351.38 229.60 -0.36 -0.36 0.39 16612.00
134.06 -354.33 234.60 -0.40 -0.21 0.46 16643.00
132.60 -356.63 238.58 -0.36 -0.10 0.51 16674.00
130.63 -357.81 241.68 -0.46 -0.14 0.53 16705.00
129.29 -359.12 244.37 -0.53 -0.19 0.52 16736.00
128.87 -360.78 246.81 -0.51 -0.23 0.62 16766.00
129.54 -361.74 249.37 -0.47 -0.18 0.61 16797.00
130.37 -362.05 251.76 -0.53 -0.13 0.57 16828.00
131.83 -362.83 254.11 -0.57 -0.14 0.56 16859.00
134.75 -363.95 256.46 -0.56 -0.07 0.59 16889.00
138.34 -365.04 258.97 -0.57 0.03 0.59 16920.00
142.17 -366.25 261.43 -0.52 0.12 0.61 16951.00
146.38 -367.01 263.80 -0.50 0.22 0.60 16983.00
150.57 -367.50 266.26 -0.46 0.22 0.57 17013.00
155.80 -367.95 268.88 -0.42 0.36 0.49 17044.00
160.26 -368.31 270.91 -0.43 0.51 0.42 17074.00
164.61 -369.13 272.51 -0.33 0.54 0.41 17105.00
169.25 -369.76 273.19 -0.17 0.64 0.27 17136.00
172.29 -368.60 272.71 -0.28 0.64 0.17 17168.00
175.72 -367.97 272.52 -0.42 0.59 0.16 17199.00
179.95 -367.87 272.00 -0.43 0.71 0.06 17229.00
182.90 -367.40 270.11 -0.60 0.80 0.03 17261.00
185.90 -367.92 267.81 -0.68 0.68 0.13 17292.00
188.74 -368.60 265.24 -0.75 0.66 0.13 17323.00
191.70 -369.62 262.86 -0.81 0.58 0.17 17353.00
195.80 -371.23 260.51 -0.77 0.63 0.11 17384.00
198.64 -371.95 257.25 -0.76 0.64 0.12 17416.00
201.50 -373.03 253.64 -0.92 0.52 0.14 17446.00
204.84 -375.01 249.49 -0.85 0.46 0.16 17477.00
207.07 -376.48 243.80 -0.74 0.45 0.11 17509.00
207.28 -377.68 237.43 -0.81 0.27 0.16 17540.00
207.80 -379.96 230.63 -0.76 0.10 0.23 17571.00
209.09 -383.13 223.61 -0.76 -0.02 0.30 17602.00
210.90 -386.80 216.73 -0.71 -0.15 0.35 17634.00
213.27 -390.36 210.32 -0.69 -0.18 0.35 17665.00
214.81 -394.48 204.20 -0.73 -0.26 0.42 17695.00
215.83 -399.02 197.88 -0.66 -0.36 0.45 17727.00
216.70 -404.25 191.40 -0.70 -0.49 0.57 17758.00
215.75 -408.77 186.32 -0.45 -0.50 0.65 17788.00
215.28 -412.09 181.89 -0.50 -0.74 0.83 17819.00
216.94 -416.04 177.04 -0.52 -0.70 0.73 17850.00
218.21 -421.21 172.43 -0.31 -0.60 0.78 17881.00
218.51 -426.60 167.54 -0.11 -0.74 0.92 17911.00
218.56 -431.33 162.29 0.12 -0.74 0.85 17942.00
218.33 -436.30 156.33 0.17 -0.90 0.92 17973.00
218.00 -441.57 150.93 0.40 -0.97 0.91 18003.00
218.04 -446.46 145.99 0.63 -0.98 0.89 18033.00
219.15 -452.22 140.20 0.75 -0.98 0.93 18064.00
220.68 -457.62 135.51 0.96 -0.87 0.90 18095.00
222.00 -461.68 131.99 1.13 -0.74 0.88 18125.00
222.93 -465.23 127.87 1.04 -0.65 0.87 18156.00
222.93 -468.53 123.62 1.02 -0.65 0.81 18187.00
221.00 -470.59 120.71 1.03 -0.62 0.78 18217.00
216.47 -471.55 118.74 1.03 -0.70 0.86 18248.00
211.07 -471.42 117.48 1.10 -0.84 0.83 18279.00
205.88 -470.25 117.28 1.07 -1.01 0.77 18310.00
201.63 -469.29 118.22 1.00 -1.18 0.78 18339.00
197.20 -468.22 120.67 1.04 -1.32 0.75 18370.00
192.69 -466.90 125.08 1.10 -1.45 0.70 18402.00
189.20 -466.10 130.52 1.14 -1.50 0.66 18433.00
186.94 -465.61 136.55 1.20 -1.48 0.60 18463.00
185.44 -465.05 143.29 1.21 -1.47 0.48 18494.00
183.72 -464.12 150.48 1.02 -1.28 0.31 18526.00
181.21 -463.45 157.51 0.80 -1.42 0.20 18556.00
180.14 -464.10 165.13 0.60 -1.50 0.14 18587.00
178.85 -465.30 173.11 0.44 -1.41 0.10 18619.00
177.13 -466.44 180.80 0.20 -1.33 0.06 18650.00
175.50 -468.26 188.34 -0.05 -1.26 -0.01 18681.00
172.94 -470.87 195.89 -0.17 -1.06 -0.03 18712.00
168.89 -474.71 203.59 -0.23 -0.99 0.04 18744.00
164.84 -478.90 210.62 -0.13 -1.01 0.06 18775.00
161.67 -482.72 217.41 -0.21 -0.97 0.08 18806.00
159.34 -487.12 224.59 -0.26 -0.84 0.11 18837.00
158.35 -491.52 231.44 -0.21 -0.69 0.14 18869.00
158.03 -494.92 237.39 -0.28 -0.52 0.16 18899.00
157.25 -498.25 243.33 -0.35 -0.34 0.23 18930.00
155.90 -501.68 248.59 -0.36 -0.21 0.29 18961.00
154.09 -504.94 252.61 -0.43 -0.14 0.40 18992.00
151.39 -508.11 255.71 -0.52 -0.11 0.50 19023.00
148.66 -511.32 258.33 -0.53 -0.19 0.72 19054.00
147.82 -512.84 260.57 -0.54 -0.22 0.71 19085.00
147.33 -513.40 262.25 -0.63 -0.14 0.58 19116.00
146.16 -514.02 263.60 -0.65 -0.17 0.55 19147.00
145.00 -514.57 264.63 -0.66 -0.24 0.51 19178.00
144.79 -515.46 265.81 -0.67 -0.32 0.52 19209.00
145.96 -516.37 267.22 -0.62 -0.33 0.57 19239.00
149.43 -517.50 269.29 -0.64 -0.30 0.55 19271.00
154.38 -518.80 271.82 -0.59 -0.12 0.54 19302.00
158.59 -519.38 274.47 -0.63 0.06 0.49 19333.00
162.05 -520.40 277.06 -0.66 0.13 0.54 19364.00
165.53 -521.66 279.51 -0.60 0.19 0.54 19395.00
169.58 -523.13 281.84 -0.45 0.26 0.54 19426.00
173.89 -524.68 283.79 -0.44 0.40 0.54 19457.00
178.15 -526.89 285.31 -0.48 0.58 0.58 19487.00
181.99 -529.66 285.92 -0.36 0.77 0.65 19518.00
184.31 -531.06 285.65 -0.23 0.73 0.68 19550.00
187.10 -530.44 284.90 -0.23 0.67 0.53 19580.00
189.44 -529.15 283.22 -0.38 0.71 0.34 19611.00
190.45 -528.29 280.67 -0.41 0.58 0.34 19642.00
192.64 -527.04 277.69 -0.41 0.39 0.24 19673.00
196.64 -525.94 274.65 -0.48 0.34 0.15 19704.00
201.90 -525.68 271.61 -0.59 0.35 0.05 19735.00
208.06 -526.44 268.51 -0.69 0.43 0.01 19766.00
214.97 -528.20 264.70 -0.74 0.51 -0.01 19798.00
220.72 -530.80 260.01 -0.86 0.56 0.05 19828.00
225.99 -535.23 254.93 -0.77 0.49 0.28 19859.00
229.66 -539.84 249.16 -0.68 0.39 0.42 19890.00
230.37 -543.09 242.41 -0.62 0.27 0.42 19921.00
228.92 -546.76 235.55 -0.77 -0.02 0.66 19952.00
228.76 -551.07 228.65 -0.79 -0.23 0.76 19983.00
228.76 -553.96 221.72 -0.74 -0.27 0.74 20014.00
228.68 -556.83 215.52 -0.75 -0.34 0.73 20044.00
227.78 -559.35 209.05 -0.69 -0.29 0.65 20075.00
224.32 -560.85 202.44 -0.65 -0.43 0.57 20106.00
221.37 -562.31 196.52 -0.69 -0.67 0.56 20136.00
219.78 -564.38 190.98 -0.61 -0.76 0.53 20167.00
219.57 -566.64 186.33 -0.46 -0.75 0.52 20199.00
220.33 -569.70 182.27 -0.46 -0.85 0.64 20230.00
221.01 -573.18 178.22 -0.25 -0.78 0.64 20260.00
221.27 -576.39 173.95 -0.13 -0.85 0.74 20292.00
222.07 -579.99 169.29 -0.04 -0.87 0.68 20323.00
222.67 -584.45 164.12 0.08 -0.74 0.66 20355.00
222.97 -589.16 159.09 0.27 -0.87 0.73 20385.00
224.22 -594.94 153.35 0.49 -0.90 0.72 20416.00
226.39 -602.06 147.39 0.69 -0.77 0.63 20447.00
229.04 -609.81 141.49 1.00 -0.62 0.59 20477.00
231.34 -617.60 134.90 1.39 -0.52 0.61 20508.00
233.07 -625.29 128.02 1.56 -0.45 0.73 20540.00
233.90 -631.39 122.00 1.48 -0.51 0.72 20571.00
234.11 -635.36 117.45 1.28 -0.59 0.71 20601.00
234.61 -637.69 115.08 1.27 -0.59 0.67 20633.00
235.13 -638.10 115.60 1.18 -0.47 0.61 20664.00
235.04 -637.80 118.05 1.34 -0.38 0.63 20696.00
234.16 -636.91 120.51 1.25 -0.20 0.88 20726.00
231.75 -635.08 122.04 1.31 -0.08 1.09 20757.00
231.91 -632.10 123.71 1.37 -0.54 0.94 20789.00
235.55 -629.53 125.84 1.11 -0.41 0.66 20819.00
232.86 -626.36 128.50 1.30 -0.44 0.78 20851.00
226.16 -622.49 132.10 1.12 -0.77 0.73 20882.00
220.07 -618.67 137.32 1.22 -1.31 0.71 20913.00
215.83 -615.79 143.73 1.02 -1.48 0.63 20943.00
213.29 -613.44 151.18 1.15 -1.72 0.51 20974.00
211.48 -611.13 159.20 1.04 -1.77 0.41 21006.00
210.61 -609.58 166.96 0.82 -1.70 0.29 21037.00
210.15 -608.85 174.47 0.62 -1.60 0.29 21067.00
209.45 -608.74 182.49 0.41 -1.33 0.20 21099.00
208.06 -609.22 190.25 0.29 -1.17 0.18 21130.00
205.99 -609.99 198.01 0.19 -1.05 0.10 21161.00
202.94 -611.23 205.78 0.09 -0.96 0.08 21192.00
199.56 -612.85 213.79 0.02 -0.98 0.11 21224.00
196.40 -614.62 221.45 -0.03 -0.89 0.09 21255.00
193.29 -616.74 228.61 -0.11 -0.71 0.12 21286.00
190.59 -618.09 234.88 -0.09 -0.64 0.08 21317.00
188.18 -618.65 240.65 -0.25 -0.50 0.19 21349.00
185.25 -620.46 245.97 -0.46 -0.46 0.24 21380.00
182.22 -623.95 250.47 -0.41 -0.40 0.47 21410.00
180.33 -626.26 254.32 -0.44 -0.31 0.59 21441.00
178.16 -627.93 257.72 -0.49 -0.28 0.59 21472.00
176.84 -629.77 260.62 -0.54 -0.27 0.57 21502.00
176.23 -632.26 263.44 -0.50 -0.29 0.76 21533.00
177.31 -633.37 266.80 -0.51 -0.30 0.70 21564.00
179.28 -634.28 270.05 -0.47 -0.14 0.71 21595.00
182.72 -634.04 273.18 -0.61 -0.03 0.45 21625.00
186.14 -635.01 276.68 -0.65 0.06 0.42 21657.00
188.74 -636.05 279.60 -0.58 0.09 0.42 21688.00
191.58 -637.00 282.09 -0.60 0.09 0.43 21720.00
194.51 -638.25 284.29 -0.61 0.13 0.47 21750.00
197.54 -639.45 286.70 -0.58 0.13 0.51 21781.00
202.54 -640.68 289.75 -0.49 0.15 0.46 21813.00
208.64 -641.95 292.85 -0.37 0.31 0.36 21842.00
215.18 -642.55 296.06 -0.20 0.61 0.25 21874.00
219.57 -641.59 297.98 -0.18 0.78 0.20 21905.00
224.00 -640.55 299.39 -0.21 0.78 0.15 21937.00
226.01 -638.69 299.30 -0.36 0.90 0.10 21967.00
227.30 -637.31 298.48 -0.53 0.64 0.21 21999.00
230.70 -636.61 297.79 -0.57 0.61 0.11 22030.00
233.97 -636.19 296.91 -0.62 0.64 0.08 22061.00
237.53 -635.60 296.37 -0.61 0.53 -0.02 22091.00
242.53 -635.35 295.99 -0.67 0.56 -0.18 22123.00
247.84 -635.74 295.21 -0.79 0.64 -0.34 22154.00
253.64 -637.36 293.82 -0.87 0.62 -0.32 22184.00
260.65 -640.33 292.44 -0.86 0.58 -0.27 22216.00
267.10 -644.09 290.98 -0.84 0.62 -0.26 22247.00
271.38 -648.45 288.48 -0.86 0.68 -0.24 22278.00
273.10 -653.04 284.35 -0.82 0.58 -0.10 22308.00
273.42 -658.31 278.50 -0.73 0.41 0.09 22340.00
273.01 -663.29 272.17 -0.68 0.25 0.22 22371.00
272.61 -667.92 265.34 -0.63 0.11 0.26 22403.00
272.17 -672.32 258.87 -0.84 -0.04 0.34 22433.00
272.29 -677.86 252.64 -0.92 -0.22 0.50 22465.00
273.10 -682.25 246.96 -0.74 -0.29 0.45 22496.00
273.43 -686.17 241.32 -0.68 -0.28 0.45 22526.00
272.75 -690.17 235.60 -0.59 -0.34 0.47 22557.00
272.19 -693.67 230.08 -0.57 -0.45 0.49 22588.00
272.45 -697.98 224.72 -0.67 -0.60 0.57 22619.00
273.43 -702.72 220.26 -0.45 -0.57 0.64 22649.00
274.62 -707.19 216.05 -0.43 -0.67 0.72 22680.00
276.16 -713.50 211.01 -0.44 -0.74 0.78 22711.00
276.70 -721.12 205.90 -0.09 -0.69 0.90 22742.00
276.51 -727.51 201.05 0.19 -0.79 0.95 22772.00
276.44 -734.39 195.21 0.35 -0.94 1.04 22803.00
275.92 -740.03 190.11 0.67 -0.91 1.02 22834.00
275.20 -743.55 185.45 0.80 -0.85 0.92 22864.00
275.12 -747.66 179.64 0.76 -0.77 0.87 22895.00
274.96 -752.48 173.34 0.93 -0.73 0.79 22926.00
273.91 -757.56 166.55 1.14 -0.78 0.87 22957.00
271.81 -761.40 161.02 1.35 -1.00 0.99 22987.00
269.71 -763.29 157.99 1.29 -1.05 1.01 23018.00
267.86 -762.96 157.13 1.03 -1.05 0.95 23049.00
265.41 -761.60 158.23 0.99 -1.11 0.88 23079.00
261.43 -759.72 161.18 0.98 -1.12 0.85 23109.00
256.88 -757.93 165.78 1.05 -1.22 0.90 23140.00
253.29 -756.14 171.30 1.16 -1.35 0.93 23171.00
251.20 -753.95 177.42 1.18 -1.51 0.86 23201.00
249.97 -751.28 184.29 1.14 -1.61 0.67 23232.00
247.80 -748.50 191.86 0.94 -1.56 0.60 23264.00
244.39 -746.39 199.20 0.64 -1.61 0.38 23294.00
240.96 -745.83 206.91 0.32 -1.65 0.26 23325.00
238.04 -746.83 214.93 0.20 -1.56 0.18 23357.00
235.89 -748.50 222.69 0.14 -1.40 0.15 23388.00
234.49 -750.45 230.45 0.06 -1.27 0.11 23419.00
233.19 -752.94 238.22 -0.02 -1.12 0.06 23450.00
230.89 -755.69 246.23 -0.02 -1.01 0.06 23482.00
228.07 -758.46 253.99 -0.12 -0.96 0.13 23513.00
224.90 -761.54 261.51 -0.21 -0.80 0.18 23544.00
221.73 -764.97 268.58 -0.29 -0.74 0.23 23575.00
219.02 -767.99 275.20 -0.31 -0.65 0.26 23606.00
217.31 -770.76 281.58 -0.41 -0.52 0.29 23638.00
215.76 -773.71 287.37 -0.40 -0.35 0.33 23668.00
214.07 -776.54 292.29 -0.38 -0.22 0.39 23698.00
212.03 -778.91 296.56 -0.41 -0.17 0.44 23730.00
209.89 -781.12 299.94 -0.46 -0.14 0.50 23760.00
208.17 -783.29 302.73 -0.44 -0.17 0.58 23791.00
207.45 -784.56 305.40 -0.41 -0.16 0.52 23822.00
207.00 -785.25 308.20 -0.42 -0.23 0.55 23853.00
207.97 -785.97 311.16 -0.44 -0.24 0.53 23883.00
210.19 -786.76 314.67 -0.47 -0.27 0.54 23914.00
215.54 -787.76 319.06 -0.44 -0.09 0.44 23945.00
220.90 -789.73 323.22 -0.40 0.18 0.43 23975.00
225.86 -792.03 327.27 -0.30 0.28 0.61 24006.00
232.26 -793.59 331.65 -0.27 0.42 0.54 24037.00
238.33 -794.77 335.61 -0.26 0.70 0.50 24069.00
242.78 -795.58 338.08 -0.25 0.86 0.44 24099.00
245.63 -795.58 339.51 -0.26 0.94 0.40 24130.00
247.41 -795.21 339.96 -0.30 0.88 0.36 24162.00
248.99 -794.87 339.73 -0.36 0.83 0.33 24193.00
251.43 -795.11 339.01 -0.35 0.81 0.30 24224.00
254.35 -794.95 337.79 -0.30 0.78 0.29 24255.00
258.11 -794.37 336.23 -0.30 0.74 0.14 24286.00
261.92 -793.30 334.52 -0.36 0.71 0.01 24317.00
265.92 -792.57 332.90 -0.48 0.59 -0.00 24348.00
271.36 -792.70 331.78 -0.49 0.48 -0.08 24379.00
277.39 -793.20 330.79 -0.52 0.52 -0.27 24410.00
282.63 -793.76 328.90 -0.63 0.61 -0.35 24440.00
286.56 -795.28 326.17 -0.88 0.63 -0.30 24472.00
289.99 -798.64 323.85 -0.99 0.50 -0.15 24503.00
294.27 -803.13 321.29 -0.90 0.53 -0.13 24534.00
297.32 -807.47 317.96 -0.89 0.60 -0.07 24565.00
299.13 -812.17 313.85 -0.88 0.51 0.03 24596.00
299.62 -816.30 308.84 -0.80 0.42 0.08 24627.00
298.96 -820.25 303.74 -0.91 0.25 0.22 24658.00
299.50 -824.64 298.92 -0.85 0.13 0.26 24689.00
300.24 -828.85 294.10 -0.84 0.13 0.31 24721.00
300.64 -832.99 289.68 -0.88 0.06 0.36 24752.00
300.67 -836.80 284.98 -0.94 0.00 0.35 24783.00
299.70 -840.78 279.90 -0.88 -0.09 0.39 24814.00
297.87 -844.94 274.85 -0.86 -0.27 0.50 24845.00
296.43 -849.44 270.08 -0.70 -0.42 0.58 24877.00
296.13 -852.88 266.30 -0.60 -0.43 0.54 24907.00
296.37 -857.07 262.51 -0.63 -0.43 0.55 24938.00
295.97 -861.65 258.89 -0.50 -0.42 0.63 24969.00
295.53 -866.64 255.33 -0.41 -0.50 0.71 24999.00
294.99 -872.34 251.16 -0.30 -0.61 0.79 25030.00
293.92 -878.62 246.95 -0.08 -0.73 0.88 25061.00
293.30 -883.93 242.67 0.12 -0.72 0.80 25092.00
292.73 -889.37 237.97 0.19 -0.80 0.88 25122.00
292.34 -894.75 233.66 0.36 -0.76 0.83 25152.00
291.76 -900.07 228.87 0.49 -0.73 0.81 25183.00
291.51 -906.18 223.56 0.60 -0.79 0.80 25213.00
292.11 -913.67 217.27 0.88 -0.75 0.77 25244.00
292.40 -920.74 210.80 1.23 -0.56 0.69 25275.00
290.30 -926.02 204.60 1.34 -0.42 0.71 25307.00
286.33 -928.70 199.86 1.31 -0.49 0.72 25337.00
280.90 -929.86 195.64 1.23 -0.63 0.71 25369.00
275.00 -929.65 192.14 1.18 -0.87 0.76 25400.00
269.66 -928.40 190.31 1.21 -1.19 0.72 25431.00
264.79 -926.79 190.91 0.95 -1.14 0.68 25461.00
260.56 -925.74 193.39 0.99 -1.29 0.74 25492.00
257.69 -925.09 197.16 1.14 -1.43 0.76 25523.00
256.24 -924.19 202.67 1.26 -1.52 0.76 25553.00
255.52 -922.69 209.30 1.14 -1.34 0.69 25584.00
254.96 -920.72 216.01 1.10 -1.47 0.58 25615.00
253.97 -918.65 223.41 1.03 -1.48 0.46 25647.00
252.24 -916.85 230.50 0.80 -1.52 0.36 25677.00
250.98 -916.03 238.20 0.58 -1.53 0.30 25708.00
250.28 -915.88 246.21 0.47 -1.47 0.16 25740.00
249.91 -916.03 253.97 0.36 -1.43 0.08 25771.00
249.20 -916.58 261.74 0.23 -1.37 0.08 25802.00
248.38 -917.02 269.50 0.07 -1.26 0.04 25833.00
246.75 -917.07 277.39 -0.22 -1.28 -0.06 25865.00
244.48 -919.31 284.84 -0.39 -1.40 0.12 25895.00
243.12 -922.48 292.85 -0.09 -1.23 0.17 25927.00
242.07 -924.63 300.61 0.01 -0.86 0.20 25958.00
240.12 -926.39 308.63 -0.13 -0.65 0.22 25990.00
237.49 -928.43 315.79 -0.20 -0.37 0.26 26020.00
233.13 -930.53 321.92 -0.27 -0.28 0.27 26051.00
228.10 -933.43 326.92 -0.36 -0.29 0.37 26082.00
223.23 -936.38 330.82 -0.38 -0.30 0.43 26113.00
219.62 -939.16 334.02 -0.37 -0.30 0.54 26143.00
216.94 -940.99 336.88 -0.42 -0.30 0.53 26174.00
215.98 -943.01 339.59 -0.47 -0.32 0.53 26205.00
216.09 -944.84 342.20 -0.41 -0.26 0.51 26235.00
216.07 -946.40 345.05 -0.38 -0.33 0.62 26266.00
217.72 -946.94 348.54 -0.43 -0.36 0.54 26297.00
221.62 -948.30 352.25 -0.42 -0.26 0.55 26328.00
227.72 -949.56 355.93 -0.41 0.03 0.34 26358.00
232.10 -951.42 359.70 -0.44 0.23 0.31 26389.00
236.66 -954.12 363.48 -0.35 0.20 0.58 26420.00
244.04 -955.27 367.54 -0.37 0.39 0.42 26450.00
250.37 -956.72 371.83 -0.39 0.65 0.38 26482.00
255.46 -958.18 375.40 -0.23 0.78 0.40 26513.00
258.90 -958.33 377.98 -0.26 0.95 0.35 26544.00
260.43 -958.75 379.66 -0.35 0.98 0.44 26575.00
262.24 -959.10 380.80 -0.32 0.87 0.47 26606.00
265.49 -959.55 381.46 -0.29 0.88 0.40 26638.00
269.15 -959.89 381.66 -0.27 0.94 0.33 26669.00
272.33 -959.76 381.48 -0.27 0.98 0.18 26700.00
274.82 -959.45 380.64 -0.29 0.95 0.09 26731.00
277.03 -958.80 378.68 -0.35 0.86 0.01 26763.00
279.30 -958.62 376.19 -0.53 0.78 -0.09 26793.00
282.61 -960.09 373.39 -0.58 0.72 -0.04 26824.00
286.29 -961.98 370.34 -0.52 0.72 -0.08 26856.00
289.28 -963.64 367.11 -0.59 0.72 -0.10 26887.00
291.80 -965.46 363.63 -0.60 0.68 -0.05 26917.00
294.30 -967.60 359.74 -0.67 0.63 -0.03 26949.00
296.67 -969.54 355.66 -0.68 0.57 -0.05 26980.00
298.62 -971.41 351.36 -0.81 0.45 -0.01 27011.00
300.91 -973.85 347.42 -0.91 0.33 0.06 27042.00
304.14 -977.33 343.24 -0.95 0.29 0.08 27073.00
306.67 -981.23 338.38 -0.81 0.36 0.05 27105.00
305.93 -983.94 333.11 -0.81 0.22 0.16 27136.00
305.89 -987.48 328.01 -0.82 0.04 0.23 27167.00
306.19 -990.24 322.67 -0.76 0.07 0.19 27198.00
305.60 -993.40 317.39 -0.84 -0.01 0.25 27230.00
306.11 -997.44 312.99 -0.86 -0.14 0.36 27260.00
307.54 -1000.98 308.09 -0.66 -0.04 0.26 27292.00
305.79 -1003.93 302.23 -0.55 0.03 0.22 27323.00
300.76 -1008.79 295.03 -0.60 -0.22 0.33 27355.00
295.25 -1014.22 287.71 -0.40 -0.56 0.41 27385.00
290.34 -1018.94 279.97 -0.17 -0.75 0.44 27416.00
287.66 -1025.04 272.14 -0.25 -1.09 0.69 27448.00
288.53 -1030.95 266.13 0.02 -1.22 0.74 27479.00
291.38 -1035.34 261.50 0.09 -1.10 0.65 27509.00
294.06 -1040.26 256.71 0.12 -0.96 0.68 27541.00
295.79 -1045.85 251.23 0.20 -0.94 0.70 27572.00
296.63 -1051.08 245.79 0.50 -0.85 0.68 27602.00
296.70 -1055.38 240.37 0.70 -0.75 0.68 27633.00
296.94 -1059.70 234.04 0.80 -0.68 0.71 27664.00
297.23 -1064.25 227.28 1.08 -0.65 0.77 27695.00
296.99 -1068.47 220.25 1.56 -0.72 0.85 27726.00
296.09 -1071.57 212.68 1.74 -0.86 0.84 27757.00
294.29 -1072.59 206.35 1.52 -1.15 0.84 27788.00
291.52 -1072.37 203.37 1.15 -1.30 0.76 27819.00
288.03 -1071.77 204.27 1.01 -1.44 0.88 27850.00
285.06 -1071.38 208.05 1.11 -1.36 0.82 27881.00
282.87 -1070.80 213.57 1.25 -1.29 0.77 27911.00
281.07 -1070.49 220.38 1.14 -1.09 0.80 27941.00
279.62 -1069.68 227.50 1.32 -1.30 0.81 27972.00
278.96 -1068.07 234.72 1.09 -1.27 0.62 28003.00
277.56 -1065.62 242.32 0.95 -1.43 0.53 28035.00
275.81 -1063.28 249.74 0.69 -1.52 0.47 28065.00
274.17 -1061.26 257.62 0.43 -1.60 0.21 28097.00
273.42 -1060.46 265.39 0.19 -1.54 0.09 28128.00
272.30 -1060.65 273.40 0.03 -1.45 0.05 28160.00
270.86 -1061.57 280.91 -0.03 -1.38 0.00 28190.00
268.57 -1063.21 288.93 -0.08 -1.35 0.01 28222.00
265.65 -1065.69 296.69 -0.14 -1.20 0.02 28253.00
262.25 -1069.03 304.46 -0.15 -1.15 0.06 28284.00
259.62 -1072.90 312.17 -0.11 -1.14 0.14 28315.00
257.63 -1077.02 320.01 -0.14 -0.93 0.19 28347.00
255.18 -1080.33 327.13 -0.14 -0.73 0.21 28378.00
252.88 -1083.43 333.45 -0.19 -0.62 0.26 28409.00
250.65 -1086.35 339.27 -0.22 -0.48 0.30 28440.00
248.40 -1088.43 344.70 -0.25 -0.35 0.32 28471.00
245.94 -1090.35 349.36 -0.33 -0.25 0.33 28502.00
243.51 -1092.12 352.99 -0.40 -0.23 0.33 28532.00
240.94 -1094.97 356.11 -0.44 -0.21 0.49 28563.00
238.36 -1097.17 358.60 -0.38 -0.27 0.66 28595.00
236.48 -1097.29 360.73 -0.39 -0.30 0.64 28625.00
235.24 -1097.64 362.87 -0.49 -0.27 0.62 28656.00
234.91 -1097.65 364.68 -0.50 -0.27 0.64 28687.00
236.10 -1097.91 366.67 -0.60 -0.26 0.62 28718.00
239.22 -1099.06 369.24 -0.59 -0.25 0.75 28748.00
245.41 -1099.62 372.73 -0.61 -0.19 0.59 28779.00
253.25 -1100.22 376.99 -0.57 0.09 0.35 28811.00
259.07 -1101.72 380.89 -0.52 0.25 0.38 28841.00
264.29 -1102.94 384.37 -0.43 0.32 0.33 28872.00
269.17 -1104.75 387.39 -0.37 0.42 0.40 28903.00
274.55 -1106.10 390.14 -0.32 0.41 0.41 28934.00
281.76 -1107.66 392.79 -0.25 0.53 0.30 28964.00
288.96 -1108.65 394.93 -0.17 0.79 0.27 28996.00
294.74 -1108.34 395.98 -0.24 0.95 0.16 29027.00
299.40 -1107.44 395.69 -0.33 0.93 0.03 29059.00
302.62 -1106.96 394.14 -0.44 0.92 -0.12 29089.00
305.21 -1107.28 391.30 -0.54 0.77 -0.16 29121.00
308.49 -1108.40 388.25 -0.58 0.60 -0.17 29152.00
311.92 -1110.14 385.12 -0.65 0.57 -0.19 29182.00
314.48 -1112.45 381.71 -0.75 0.58 -0.14 29213.00
316.11 -1115.14 378.07 -0.85 0.47 -0.02 29245.00
318.96 -1118.72 374.14 -0.77 0.41 0.06 29276.00
321.55 -1121.73 369.51 -0.76 0.43 0.07 29307.00
324.11 -1124.94 364.26 -0.77 0.42 0.05 29338.00
325.33 -1128.09 358.32 -0.85 0.30 0.17 29369.00
325.87 -1132.26 351.75 -0.90 0.22 0.26 29401.00
324.04 -1135.44 345.26 -0.83 0.04 0.37 29431.00
322.66 -1138.78 338.92 -1.09 -0.27 0.52 29463.00
323.05 -1142.09 333.45 -1.00 -0.34 0.51 29494.00
323.37 -1145.21 328.56 -0.89 -0.36 0.53 29526.00
324.20 -1147.69 324.56 -0.80 -0.34 0.44 29556.00
324.99 -1150.54 319.74 -0.70 -0.21 0.38 29588.00
323.54 -1154.17 314.80 -0.65 -0.32 0.44 29619.00
322.63 -1157.32 310.28 -0.50 -0.46 0.49 29649.00
323.15 -1160.98 305.78 -0.51 -0.49 0.49 29680.00
323.87 -1165.50 301.38 -0.43 -0.48 0.53 29711.00
324.41 -1170.90 297.03 -0.28 -0.55 0.64 29742.00
324.65 -1176.18 292.59 -0.10 -0.64 0.70 29772.00
325.10 -1181.73 287.33 0.04 -0.59 0.63 29803.00
325.58 -1188.24 281.30 0.17 -0.66 0.68 29834.00
324.78 -1194.62 275.47 0.46 -0.72 0.79 29864.00
323.48 -1201.21 269.56 0.83 -0.89 0.92 29895.00
322.91 -1207.06 262.67 1.04 -0.86 0.77 29926.00
322.48 -1213.07 255.34 1.19 -0.78 0.83 29957.00
321.94 -1218.66 249.06 1.53 -0.78 0.94 29988.00
321.04 -1222.33 243.39 1.60 -0.69 0.94 30019.00
318.97 -1224.05 237.97 1.41 -0.93 1.05 30050.00
316.90 -1224.54 234.88 1.16 -1.11 1.00 30081.00
314.19 -1223.35 234.92 1.12 -1.20 0.89 30111.00
310.62 -1221.37 237.50 1.04 -1.13 0.83 30142.00
307.03 -1219.55 241.60 1.18 -1.17 0.85 30173.00
304.04 -1217.50 246.48 1.29 -1.25 0.83 30203.00
301.77 -1215.10 252.12 1.18 -1.39 0.74 30234.00
300.19 -1212.74 258.13 1.25 -1.66 0.58 30265.00
297.99 -1209.87 265.46 0.88 -1.38 0.47 30297.00
295.89 -1207.43 272.76 0.56 -1.35 0.41 30327.00
293.91 -1206.27 280.65 0.23 -1.27 0.28 30359.00
292.90 -1206.31 288.40 0.18 -1.18 0.25 30390.00
291.86 -1206.37 296.17 0.11 -1.12 0.22 30422.00
290.76 -1206.74 303.35 -0.01 -1.07 0.17 30452.00
288.61 -1207.55 310.55 -0.07 -1.04 0.09 30484.00
284.58 -1208.87 316.64 -0.11 -1.06 0.03 30515.00
279.18 -1210.94 322.39 -0.18 -1.24 -0.02 30546.00
273.32 -1214.32 328.43 -0.16 -1.41 0.00 30578.00
269.14 -1218.32 334.79 -0.13 -1.38 0.03 30609.00
266.79 -1223.04 341.78 -0.12 -1.25 0.11 30641.00
266.20 -1227.44 348.56 -0.10 -1.02 0.17 30671.00
266.58 -1231.40 355.81 -0.13 -0.76 0.26 30703.00
266.35 -1234.36 362.56 -0.24 -0.54 0.25 30734.00
265.02 -1237.41 369.11 -0.27 -0.38 0.36 30765.00
263.32 -1240.00 375.03 -0.32 -0.30 0.54 30795.00
262.42 -1242.01 380.53 -0.37 -0.17 0.59 30826.00
261.68 -1243.22 385.18 -0.46 -0.06 0.54 30858.00
261.26 -1245.10 388.73 -0.48 -0.06 0.76 30888.00
261.88 -1245.87 392.05 -0.38 0.14 0.91 30919.00
262.50 -1243.53 394.06 -0.53 0.13 0.58 30950.00
263.61 -1242.72 396.87 -0.72 0.02 0.40 30982.00
265.81 -1243.54 399.85 -0.76 -0.01 0.34 31012.00
270.25 -1245.35 402.78 -0.62 0.04 0.36 31043.00
274.86 -1247.01 405.38 -0.58 0.21 0.34 31075.00
277.72 -1248.34 407.45 -0.55 0.30 0.34 31106.00
279.80 -1250.02 409.47 -0.55 0.26 0.44 31137.00
282.89 -1251.90 411.60 -0.57 0.29 0.45 31168.00
287.02 -1254.48 413.74 -0.49 0.40 0.50 31199.00
291.40 -1256.60 415.51 -0.42 0.49 0.55 31229.00
296.03 -1258.02 417.14 -0.36 0.65 0.47 31260.00
299.56 -1258.60 418.39 -0.39 0.75 0.41 31292.00
302.90 -1259.02 419.27 -0.34 0.70 0.39 31323.00
306.70 -1258.73 419.75 -0.35 0.78 0.23 31353.00
309.91 -1258.49 419.47 -0.41 0.85 0.14 31385.00
312.89 -1258.44 418.72 -0.37 0.73 0.13 31416.00
315.72 -1257.79 417.39 -0.43 0.75 -0.07 31448.00
318.49 -1258.06 416.06 -0.58 0.68 -0.02 31478.00
321.89 -1258.86 414.92 -0.53 0.61 -0.02 31509.00
325.76 -1259.56 413.56 -0.57 0.60 -0.08 31541.00
329.86 -1260.50 411.78 -0.63 0.65 -0.04 31571.00
333.73 -1261.33 409.63 -0.65 0.76 -0.07 31602.00
336.69 -1261.58 406.57 -0.66 0.82 -0.15 31634.00
338.79 -1261.69 402.31 -0.76 0.73 -0.16 31665.00
340.91 -1262.65 397.46 -0.91 0.57 -0.15 31695.00
342.95 -1265.23 391.50 -0.93 0.41 -0.07 31727.00
344.18 -1268.29 385.30 -0.84 0.24 0.08 31758.00
345.76 -1272.08 379.22 -0.91 0.06 0.19 31790.00
347.87 -1275.56 373.94 -1.01 0.01 0.19 31820.00
349.70 -1279.12 368.60 -1.02 -0.02 0.21 31852.00
350.81 -1282.80 363.31 -0.95 -0.06 0.23 31884.00
351.33 -1286.14 358.22 -0.87 -0.12 0.25 31915.00
352.28 -1288.97 353.30 -0.78 -0.08 0.15 31946.00
352.32 -1292.54 348.05 -0.75 -0.10 0.18 31977.00
351.48 -1297.01 342.87 -0.70 -0.23 0.24 32009.00
351.22 -1301.41 338.29 -0.65 -0.32 0.29 32039.00
352.14 -1308.05 333.04 -0.53 -0.46 0.54 32070.00
351.91 -1314.18 328.50 -0.26 -0.58 0.60 32101.00
352.54 -1319.46 323.31 -0.17 -0.61 0.61 32132.00
352.97 -1325.38 317.11 -0.11 -0.70 0.74 32162.00
351.95 -1331.56 311.12 0.16 -0.80 0.77 32194.00
351.27 -1336.91 304.96 0.34 -0.86 0.71 32225.00
351.50 -1343.75 297.24 0.41 -0.92 0.66 32256.00
351.98 -1351.76 289.75 0.88 -1.02 0.78 32286.00
351.87 -1358.51 283.79 1.41 -0.89 0.83 32317.00
351.60 -1362.88 278.18 1.32 -0.69 0.85 32349.00
352.02 -1367.26 272.16 1.30 -0.68 0.86 32379.00
352.04 -1370.80 266.58 1.46 -0.73 0.95 32411.00
351.24 -1371.96 262.59 1.35 -0.83 0.96 32442.00
349.08 -1371.60 260.22 1.04 -0.92 0.85 32473.00
345.13 -1370.49 260.14 1.01 -1.12 0.80 32503.00
340.16 -1369.28 262.64 1.05 -1.27 0.84 32534.00
335.48 -1368.11 266.70 1.19 -1.35 0.82 32565.00
331.05 -1366.77 271.46 1.29 -1.47 0.79 32595.00
327.53 -1365.30 277.58 1.16 -1.56 0.74 32626.00
325.72 -1363.81 284.85 1.18 -1.66 0.57 32657.00
323.63 -1362.03 292.42 1.06 -1.61 0.43 32688.00
321.26 -1360.42 300.19 0.83 -1.62 0.34 32719.00
320.03 -1360.09 307.95 0.59 -1.58 0.25 32750.00
319.88 -1360.45 315.97 0.46 -1.42 0.06 32782.00
319.39 -1361.12 323.73 0.34 -1.32 -0.01 32813.00
317.88 -1362.15 331.49 0.19 -1.19 -0.11 32844.00
314.23 -1363.58 339.26 -0.11 -1.16 -0.16 32876.00
308.57 -1366.71 346.76 -0.25 -1.11 -0.21 32907.00
301.44 -1371.33 354.16 -0.16 -1.20 -0.13 32939.00
296.00 -1376.07 361.23 -0.17 -1.29 0.05 32969.00
293.92 -1382.05 369.17 -0.16 -1.18 0.08 33001.00
294.74 -1388.00 377.18 -0.02 -0.88 0.16 33033.00
295.80 -1391.87 384.64 -0.01 -0.61 0.19 33063.00
295.71 -1394.82 391.87 -0.16 -0.34 0.25 33094.00
293.89 -1398.80 398.14 -0.19 -0.16 0.37 33125.00
290.19 -1401.90 403.09 -0.21 -0.11 0.53 33157.00
286.43 -1403.98 406.93 -0.31 -0.13 0.64 33187.00
283.74 -1406.33 410.13 -0.32 -0.17 0.90 33218.00
284.02 -1406.38 411.87 -0.29 -0.00 0.84 33249.00
284.76 -1405.51 413.57 -0.58 0.01 0.70 33281.00
285.60 -1404.59 416.08 -0.68 -0.08 0.56 33311.00
288.02 -1404.24 418.54 -0.73 -0.09 0.49 33342.00
291.78 -1405.25 421.23 -0.76 -0.08 0.54 33374.00
296.22 -1406.05 424.03 -0.66 0.05 0.48 33404.00
300.63 -1407.00 426.57 -0.62 0.21 0.42 33435.00
304.12 -1408.27 428.63 -0.53 0.28 0.45 33467.00
307.12 -1409.23 430.25 -0.54 0.31 0.42 33498.00
309.99 -1410.33 431.51 -0.56 0.36 0.44 33528.00
313.03 -1411.56 432.94 -0.57 0.36 0.49 33559.00
317.23 -1412.75 434.50 -0.48 0.44 0.47 33590.00
321.34 -1413.10 435.86 -0.51 0.52 0.40 33620.00
325.82 -1413.76 437.14 -0.44 0.56 0.32 33651.00
330.45 -1414.42 437.79 -0.36 0.61 0.24 33683.00
333.86 -1414.86 437.56 -0.34 0.59 0.19 33714.00
337.25 -1414.88 437.17 -0.39 0.55 0.10 33745.00
340.50 -1414.99 436.44 -0.48 0.65 -0.03 33776.00
343.17 -1415.54 435.27 -0.56 0.67 -0.06 33808.00
346.57 -1416.65 434.09 -0.62 0.63 -0.01 33839.00
351.30 -1418.19 432.86 -0.76 0.72 -0.08 33869.00
357.50 -1421.03 431.15 -0.83 0.91 -0.04 33901.00
362.61 -1423.85 428.08 -0.70 1.02 -0.01 33932.00
365.42 -1425.81 423.29 -0.73 0.82 0.03 33963.00
366.51 -1427.39 417.44 -0.79 0.55 0.08 33994.00
366.48 -1428.91 410.90 -0.78 0.31 0.15 34025.00
366.23 -1429.82 403.88 -0.81 0.11 0.12 34057.00
366.37 -1430.69 397.42 -0.94 0.01 0.10 34087.00
366.87 -1432.55 391.08 -1.08 -0.12 0.14 34119.00
368.67 -1434.76 385.74 -1.01 -0.20 0.15 34150.00
370.52 -1437.19 380.56 -1.00 -0.22 0.17 34182.00
371.88 -1440.22 376.33 -1.04 -0.27 0.27 34212.00
373.42 -1443.79 372.36 -0.85 -0.29 0.33 34244.00
374.23 -1446.32 368.41 -0.72 -0.21 0.28 34275.00
372.71 -1448.84 363.55 -0.77 -0.29 0.26 34307.00
368.80 -1451.48 358.02 -0.64 -0.54 0.28 34337.00
363.57 -1452.79 351.78 -0.49 -0.75 0.22 34368.00
360.46 -1453.78 346.01 -0.59 -0.83 0.33 34400.00
361.27 -1457.02 341.57 -0.62 -0.88 0.50 34430.00
363.97 -1460.86 337.83 -0.36 -0.72 0.49 34462.00
366.49 -1463.90 334.33 -0.26 -0.59 0.47 34493.00
369.61 -1468.07 329.82 -0.32 -0.55 0.42 34524.00
372.54 -1475.27 323.33 -0.12 -0.49 0.45 34555.00
373.33 -1483.37 316.30 0.20 -0.57 0.61 34586.00
372.58 -1491.36 309.04 0.66 -0.90 0.76 34617.00
372.90 -1499.20 301.30 1.13 -1.04 0.76 34648.00
374.18 -1506.08 293.96 1.37 -0.95 0.81 34678.00
375.77 -1511.17 288.83 1.29 -0.73 0.79 34709.00
377.22 -1515.21 284.45 1.33 -0.62 0.87 34741.00
377.76 -1518.33 279.72 1.34 -0.57 0.81 34771.00
376.32 -1519.73 275.03 1.41 -0.70 0.79 34802.00
373.11 -1519.12 272.15 1.28 -0.96 0.75 34834.00
368.63 -1517.33 272.07 1.10 -1.11 0.66 34865.00
363.57 -1515.59 274.52 1.15 -1.33 0.72 34895.00
359.69 -1513.86 279.11 1.29 -1.52 0.77 34926.00
358.58 -1512.05 285.26 1.22 -1.38 0.70 34957.00
358.76 -1509.78 291.87 1.17 -1.33 0.59 34988.00
358.56 -1507.52 298.08 1.13 -1.45 0.45 35018.00
357.98 -1505.79 304.82 0.95 -1.59 0.54 35049.00
359.09 -1505.13 312.58 0.83 -1.69 0.51 35081.00
361.31 -1504.74 320.09 0.74 -1.45 0.36 35111.00
362.61 -1503.88 327.86 0.58 -1.22 0.30 35142.00
362.59 -1502.93 335.87 0.31 -1.11 0.24 35174.00
361.51 -1502.57 343.89 0.07 -0.99 0.19 35206.00
358.49 -1502.84 351.39 -0.08 -0.93 0.15 35236.00
354.12 -1504.48 359.07 -0.15 -1.08 0.21 35268.00
350.24 -1506.96 366.82 -0.13 -1.13 0.24 35299.00
346.74 -1509.53 374.84 -0.13 -1.06 0.25 35331.00
344.08 -1512.38 382.27 -0.23 -1.00 0.23 35361.00
341.92 -1515.62 390.04 -0.20 -0.87 0.27 35393.00
339.98 -1518.15 397.28 -0.23 -0.67 0.29 35424.00
337.24 -1520.97 404.35 -0.26 -0.54 0.36 35456.00
335.40 -1522.85 410.41 -0.24 -0.46 0.44 35486.00
333.80 -1524.50 416.05 -0.30 -0.33 0.45 35517.00
332.37 -1526.46 421.28 -0.33 -0.22 0.55 35548.00
331.59 -1527.37 425.61 -0.42 -0.19 0.55 35578.00
331.57 -1528.36 429.31 -0.45 -0.14 0.51 35609.00
332.15 -1529.58 432.31 -0.42 -0.09 0.58 35641.00
333.69 -1530.25 435.04 -0.47 -0.12 0.69 35672.00
337.11 -1530.47 437.96 -0.54 -0.11 0.60 35702.00
341.55 -1531.21 441.82 -0.61 0.07 0.53 35733.00
344.80 -1532.16 445.23 -0.55 0.19 0.51 35764.00
348.42 -1533.07 448.09 -0.50 0.23 0.43 35794.00
351.81 -1534.48 450.69 -0.46 0.33 0.48 35825.00
355.11 -1535.59 452.98 -0.49 0.34 0.48 35856.00
358.98 -1536.94 455.49 -0.47 0.43 0.48 35887.00
362.71 -1538.18 457.64 -0.45 0.58 0.46 35917.00
366.25 -1539.12 459.32 -0.43 0.63 0.46 35949.00
369.76 -1539.82 460.64 -0.39 0.70 0.42 35980.00
373.11 -1540.39 461.55 -0.41 0.76 0.42 36011.00
376.81 -1540.78 461.86 -0.35 0.78 0.35 36042.00
380.19 -1540.65 461.53 -0.39 0.76 0.29 36073.00
384.19 -1540.77 460.87 -0.34 0.75 0.19 36104.00
387.40 -1540.43 459.56 -0.36 0.76 0.10 36135.00
390.54 -1540.17 457.87 -0.42 0.64 0.04 36166.00
394.33 -1540.30 456.08 -0.51 0.57 -0.04 36198.00
398.75 -1541.38 454.72 -0.58 0.53 -0.07 36229.00
403.78 -1543.23 453.78 -0.58 0.55 -0.10 36259.00
408.65 -1544.98 452.40 -0.64 0.66 -0.12 36291.00
412.37 -1546.97 450.35 -0.79 0.69 -0.09 36322.00
416.06 -1549.76 447.88 -0.81 0.60 -0.03 36353.00
420.65 -1552.96 444.58 -0.76 0.58 -0.07 36384.00
423.41 -1555.89 439.92 -0.83 0.67 -0.15 36415.00
422.73 -1558.22 434.01 -0.84 0.45 -0.00 36446.00
422.52 -1562.41 428.05 -1.08 0.11 0.25 36477.00
424.32 -1566.71 422.26 -0.91 0.14 0.20 36508.00
424.33 -1569.97 416.86 -0.96 0.05 0.31 36540.00
426.07 -1573.85 412.60 -1.14 -0.05 0.30 36571.00
428.19 -1577.60 408.17 -0.99 0.10 0.28 36602.00
427.74 -1581.28 403.69 -1.04 -0.00 0.36 36633.00
427.69 -1585.28 399.26 -0.94 -0.12 0.41 36665.00
427.01 -1588.48 394.95 -0.81 -0.17 0.34 36696.00
425.85 -1592.39 390.07 -0.83 -0.28 0.36 36727.00
424.27 -1597.72 385.50 -0.62 -0.37 0.49 36758.00
423.65 -1602.55 381.46 -0.41 -0.45 0.63 36789.00
423.79 -1606.71 377.34 -0.33 -0.51 0.60 36819.00
424.04 -1611.13 372.51 -0.28 -0.43 0.51 36850.00
423.36 -1617.08 367.05 -0.13 -0.49 0.65 36881.00
421.44 -1622.89 361.46 0.17 -0.67 0.70 36912.00
419.90 -1627.27 355.46 0.36 -0.72 0.66 36942.00
418.91 -1632.05 348.30 0.40 -0.66 0.62 36973.00
418.50 -1638.08 340.73 0.58 -0.62 0.64 37004.00
418.90 -1645.36 332.99 0.94 -0.63 0.79 37035.00
419.85 -1653.15 325.24 1.48 -0.64 0.89 37066.00
420.51 -1660.45 317.50 1.88 -0.77 1.14 37097.00
421.70 -1665.85 309.78 2.02 -1.15 1.34 37128.00
421.94 -1666.88 304.49 1.57 -1.22 1.10 37158.00
418.26 -1664.85 303.27 0.95 -1.21 0.93 37189.00
412.59 -1662.86 305.58 0.78 -1.27 0.89 37221.00
407.76 -1661.87 310.05 1.07 -1.34 0.92 37252.00
404.72 -1661.08 315.96 1.28 -1.39 0.96 37282.00
403.05 -1659.90 322.88 1.23 -1.23 0.91 37313.00
402.10 -1657.98 329.91 1.15 -1.29 0.78 37343.00
400.59 -1655.34 337.32 1.08 -1.47 0.62 37374.00
396.86 -1652.36 345.05 0.76 -1.47 0.44 37405.00
393.66 -1650.51 352.98 0.33 -1.59 0.38 37437.00
391.60 -1650.16 360.74 0.11 -1.62 0.22 37468.00
389.57 -1650.61 368.50 0.13 -1.53 0.08 37499.00
386.74 -1651.60 376.27 0.02 -1.50 0.03 37530.00
383.98 -1653.58 384.28 0.02 -1.52 0.02 37562.00
380.77 -1655.82 392.05 0.01 -1.42 -0.01 37593.00
377.21 -1658.99 399.81 -0.00 -1.39 0.12 37624.00
373.69 -1662.77 407.82 0.01 -1.22 0.11 37656.00
370.18 -1666.69 415.42 -0.01 -1.04 0.18 37687.00
366.53 -1670.65 423.03 -0.02 -0.90 0.24 37719.00
363.51 -1673.60 429.99 -0.09 -0.70 0.26 37749.00
360.79 -1676.57 436.75 -0.18 -0.42 0.29 37781.00
358.51 -1679.23 442.71 -0.28 -0.32 0.34 37812.00
356.11 -1682.40 447.91 -0.36 -0.17 0.44 37842.00
353.29 -1685.69 452.23 -0.41 -0.10 0.60 37873.00
350.53 -1687.99 455.56 -0.45 -0.08 0.63 37904.00
348.71 -1690.36 458.07 -0.46 -0.11 0.94 37935.00
349.06 -1690.99 459.53 -0.42 0.03 0.95 37965.00
347.25 -1689.23 460.87 -0.61 0.08 0.73 37996.00
345.43 -1687.79 462.42 -0.79 -0.14 0.49 38028.00
346.46 -1688.12 464.28 -0.87 -0.22 0.45 38059.00
349.76 -1689.75 466.70 -0.82 -0.19 0.50 38090.00
354.57 -1691.66 469.31 -0.68 -0.03 0.47 38121.00
359.28 -1692.92 471.69 -0.60 0.12 0.40 38153.00
363.32 -1694.55 473.43 -0.61 0.23 0.39 38183.00
366.58 -1696.61 475.16 -0.46 0.22 0.44 38214.00
369.63 -1697.98 476.78 -0.47 0.20 0.46 38245.00
374.15 -1700.21 478.78 -0.45 0.23 0.48 38276.00
378.94 -1701.89 481.13 -0.30 0.47 0.48 38307.00
382.57 -1702.13 483.61 -0.34 0.65 0.45 38338.00
386.21 -1702.56 485.63 -0.38 0.69 0.43 38369.00
390.41 -1703.09 486.60 -0.39 0.78 0.33 38401.00
394.01 -1703.48 486.91 -0.40 0.80 0.27 38431.00
396.57 -1703.19 486.81 -0.40 0.76 0.20 38462.00
399.50 -1702.86 486.62 -0.50 0.62 0.12 38494.00
404.42 -1703.38 486.63 -0.52 0.60 -0.00 38524.00
409.84 -1703.78 486.49 -0.54 0.69 -0.11 38555.00
414.86 -1704.53 486.52 -0.72 0.78 -0.10 38587.00
419.80 -1705.96 486.61 -0.71 0.78 -0.04 38618.00
424.80 -1707.32 486.37 -0.69 0.97 -0.17 38648.00
428.94 -1708.57 485.45 -0.72 1.11 -0.16 38680.00
431.99 -1709.97 483.42 -0.75 1.09 -0.20 38711.00
433.00 -1711.42 479.71 -0.74 0.93 -0.14 38743.00
433.02 -1712.63 475.86 -0.76 0.61 -0.07 38773.00
434.02 -1714.24 471.67 -0.66 0.48 -0.09 38804.00
435.03 -1715.44 467.29 -0.69 0.45 -0.14 38836.00
435.43 -1716.61 462.71 -0.67 0.43 -0.19 38866.00
435.06 -1717.60 457.46 -0.74 0.30 -0.11 38898.00
435.72 -1719.49 452.59 -0.84 0.16 -0.00 38929.00
437.50 -1722.01 447.86 -0.76 0.18 0.00 38961.00
438.97 -1724.16 443.40 -0.76 0.19 -0.00 38991.00
440.34 -1726.84 438.32 -0.76 0.15 0.04 39023.00
441.14 -1729.86 433.11 -0.72 0.07 0.13 39054.00
442.14 -1733.45 427.78 -0.75 -0.02 0.18 39086.00
443.47 -1736.78 422.26 -0.65 -0.02 0.14 39117.00
443.18 -1740.83 415.85 -0.57 -0.06 0.18 39148.00
441.17 -1745.70 408.96 -0.51 -0.26 0.28 39179.00
440.28 -1750.15 402.27 -0.40 -0.45 0.34 39209.00
440.47 -1756.19 394.78 -0.39 -0.57 0.52 39240.00
439.91 -1762.45 387.44 -0.09 -0.58 0.49 39272.00
440.30 -1768.44 379.86 -0.05 -0.70 0.49 39303.00
441.19 -1776.71 372.12 0.16 -0.68 0.50 39334.00
442.10 -1785.20 364.37 0.62 -0.66 0.53 39365.00
440.71 -1792.91 356.63 1.27 -0.76 0.72 39396.00
438.45 -1799.00 348.89 1.71 -0.88 0.77 39427.00
435.63 -1802.71 341.39 1.77 -1.03 0.89 39457.00
433.26 -1806.40 333.65 1.82 -1.70 1.26 39488.00
436.21 -1808.29 327.41 1.87 -1.90 1.00 39519.00
438.91 -1806.43 325.58 1.31 -1.44 0.60 39549.00
437.63 -1803.13 326.89 0.76 -1.08 0.41 39581.00
432.60 -1801.76 330.43.00
424.36 -1801.58 340.14 1.22 -1.61 0.69 39674.00
423.80 -1801.28 346.55 1.12 -1.41 0.56 39705.00
424.16 -1800.34 353.42 1.13 -1.61 0.41 39736.00
423.91 -1799.01 361.11 0.95 -1.65 0.29 39768.00
422.22 -1798.10 368.62 0.66 -1.60 0.23 39798.00
420.63 -1797.94 376.63 0.42 -1.62 0.20 39830.00
420.02 -1799.07 384.40 0.28 -1.63 0.20 39861.00
419.59 -1800.47 392.16 0.22 -1.49 0.14 39892.00
419.12 -1801.84 400.17 0.12 -1.37 0.15 39924.00
418.14 -1803.22 407.94 0.10 -1.36 0.15 39955.00
417.24 -1804.62 415.95 0.04 -1.42 0.19 39987.00
417.51 -1806.25 423.46 0.01 -1.32 0.20 40017.00
418.12 -1807.87 431.48 -0.09 -1.05 0.24 40049.00
418.38 -1809.69 439.24 -0.16 -0.72 0.32 40080.00
417.69 -1810.59 447.26 -0.21 -0.45 0.33 40112.00
414.68 -1811.28 454.36 -0.33 -0.25 0.33 40142.00
409.66 -1812.76 460.76 -0.42 -0.22 0.41 40173.00
404.00 -1813.90 466.22 -0.46 -0.16 0.41 40204.00
397.87 -1815.68 470.57 -0.51 -0.20 0.48 40235.00
393.13 -1817.96 474.12 -0.52 -0.24 0.56 40265.00
389.49 -1819.98 477.53 -0.48 -0.26 0.64 40296.00
388.10 -1822.03 480.66 -0.46 -0.22 0.80 40327.00
389.82 -1823.29 483.23 -0.41 -0.05 0.80 40358.00
390.02 -1822.78 484.89 -0.46 0.26 0.70 40389.00
388.21 -1821.56 486.87 -0.59 -0.04 0.60 40420.00
389.15 -1821.41 489.15 -0.74 -0.22 0.48 40451.00
393.06 -1822.80 491.78 -0.70 -0.12 0.48 40482.00
397.84 -1824.61 494.87 -0.56 0.03 0.47 40513.00
403.17 -1826.05 497.72 -0.47 0.22 0.42 40544.00
406.99 -1827.17 499.70 -0.43 0.36 0.38 40574.00
409.70 -1828.54 501.26 -0.45 0.38 0.46 40605.00
412.71 -1830.07 502.52 -0.43 0.36 0.54 40636.00
416.97 -1831.29 503.77 -0.40 0.43 0.50 40667.00
421.63 -1832.36 504.99 -0.35 0.54 0.42 40697.00
426.26 -1833.15 505.68 -0.25 0.62 0.34 40729.00
430.24 -1833.31 505.66 -0.20 0.57 0.30 40760.00
434.83 -1832.70 505.14 -0.28 0.59 0.11 40792.00
439.05 -1832.36 504.16 -0.39 0.61 -0.01 40822.00
443.40 -1832.37 502.71 -0.50 0.59 -0.10 40854.00
448.33 -1833.12 501.38 -0.68 0.55 -0.17 40885.00
454.67 -1835.33 500.35 -0.75 0.56 -0.15 40915.00
462.35 -1838.64 499.12 -0.74 0.70 -0.21 40947.00
468.51 -1841.85 497.08 -0.74 0.91 -0.26 40978.00
472.41 -1845.01 493.51 -0.71 0.89 -0.19 41009.00
474.35 -1848.09 488.86 -0.76 0.77 -0.11 41039.00
475.34 -1852.20 482.73 -0.82 0.56 0.06 41071.00
476.29 -1857.40 476.21 -0.85 0.35 0.25 41102.00
476.71 -1862.86 469.43 -0.75 0.18 0.41 41134.00
477.16 -1866.91 463.42 -0.81 0.03 0.43 41164.00
477.77 -1871.08 457.38 -1.01 0.01 0.42 41196.00
477.75 -1875.69 451.83 -0.95 -0.06 0.48 41227.00
477.43 -1879.89 446.77 -0.85 -0.14 0.50 41257.00
476.10 -1883.66 441.51 -0.79 -0.21 0.53 41289.00
473.99 -1887.16 436.55 -0.78 -0.36 0.57 41320.00
471.79 -1890.80 431.75 -0.64 -0.47 0.66 41351.00
470.64 -1894.13 427.67 -0.50 -0.56 0.68 41381.00
470.31 -1896.66 423.41 -0.45 -0.53 0.63 41412.00
469.83 -1900.01 418.89 -0.44 -0.58 0.66 41443.00
469.14 -1903.49 414.41 -0.25 -0.63 0.64 41475.00
469.62 -1906.95 409.58 -0.16 -0.61 0.58 41505.00
470.38 -1912.30 403.81 -0.06 -0.60 0.61 41536.00
470.60 -1918.30 397.77 0.24 -0.53 0.60 41567.00
471.13 -1924.43 391.23 0.49 -0.54 0.61 41597.00
471.24 -1931.57 383.51 0.73 -0.52 0.76 41628.00
469.88 -1939.35 375.86 1.23 -0.67 1.01 41659.00
468.16 -1947.10 367.86 1.76 -0.83 1.12 41691.00
466.09 -1952.47 360.37 2.00 -1.16 1.35 41721.00
463.05 -1953.62 354.39 1.77 -1.54 1.18 41752.00
457.24 -1949.94 353.40 1.02 -1.54 0.74 41783.00
449.93 -1946.07 355.90 0.60 -1.52 0.55 41814.00
443.84 -1945.13 360.16 0.78 -1.49 0.63 41845.00
440.21 -1945.42 365.24 1.00 -1.57 0.74 41876.00
439.66 -1946.01 371.17 1.01 -1.57 0.67 41907.00
440.55 -1946.03 377.57 0.94 -1.42 0.46 41938.00
440.22 -1945.15 383.58 0.79 -1.30 0.33 41969.00
437.98 -1944.22 389.77 0.59 -1.45 0.29 42001.00
436.60 -1944.21 396.38 0.42 -1.57 0.18 42032.00
436.21 -1945.37 403.43 0.35 -1.48 0.08 42063.00
436.02 -1946.88 410.60 0.26 -1.41 0.06 42094.00
435.93 -1948.73 418.16 0.16 -1.39 0.08 42126.00
434.90 -1950.61 425.54 0.06 -1.33 0.08 42157.00
432.90 -1953.15 432.55 -0.10 -1.36 0.13 42188.00
429.94 -1956.83 439.52 -0.12 -1.33 0.19 42219.00
426.86 -1961.01 446.92 -0.05 -1.36 0.24 42251.00
424.09 -1965.08 454.64 -0.05 -1.29 0.26 42283.00
421.80 -1968.77 461.97 -0.07 -1.15 0.29 42313.00
419.89 -1972.63 469.73 -0.10 -0.96 0.28 42344.00
418.35 -1976.26 477.36 -0.13 -0.74 0.36 42376.00
417.43 -1979.78 484.35 -0.18 -0.60 0.37 42407.00
417.38 -1982.45 490.96 -0.17 -0.37 0.44 42438.00
416.23 -1984.04 496.90 -0.30 -0.18 0.44 42469.00
414.19 -1986.28 502.09 -0.35 -0.08 0.50 42500.00
411.79 -1987.70 505.93 -0.43 -0.12 0.52 42530.00
410.63 -1990.38 509.16 -0.43 -0.16 0.82 42561.00
413.01 -1991.25 511.61 -0.33 0.04 0.77 42592.00
413.31 -1989.87 513.76 -0.47 0.20 0.65 42624.00
412.44 -1988.81 515.94 -0.56 -0.01 0.57 42654.00
413.60 -1988.39 518.33 -0.69 -0.14 0.49 42685.00
416.36 -1989.24 520.88 -0.65 -0.11 0.45 42717.00
420.69 -1990.64 523.56 -0.57 -0.04 0.47 42747.00
425.88 -1992.17 526.24 -0.51 0.17 0.45 42778.00
429.82 -1993.49 528.47 -0.43 0.33 0.48 42809.00
432.32 -1994.24 530.00 -0.48 0.37 0.53 42840.00
434.84 -1995.39 531.23 -0.48 0.37 0.60 42870.00
437.91 -1996.08 532.43 -0.42 0.44 0.55 42902.00
440.70 -1996.24 533.34 -0.40 0.52 0.52 42933.00
443.35 -1995.76 533.79 -0.42 0.57 0.41 42963.00
445.69 -1994.90 533.68 -0.41 0.57 0.31 42994.00
448.34 -1994.01 533.16 -0.45 0.53 0.26 43025.00
451.23 -1993.17 532.31 -0.54 0.56 0.18 43056.00
454.40 -1992.63 531.29 -0.59 0.50 0.21 43087.00
458.88 -1992.31 530.25 -0.66 0.50 0.15 43118.00
464.55 -1992.56 529.59 -0.74 0.55 0.09 43149.00
471.32 -1993.10 529.36 -0.70 0.62 0.02 43181.00
478.05 -1993.93 528.55 -0.66 0.75 -0.14 43211.00
482.83 -1994.72 525.51 -0.75 0.99 -0.23 43242.00
484.28 -1995.68 520.60 -0.86 0.84 -0.04 43274.00
484.95 -1996.94 515.20 -0.96 0.49 0.09 43304.00
485.08 -1998.22 508.79 -0.93 0.23 0.10 43336.00
484.73 -1999.75 503.29 -1.04 -0.06 0.18 43367.00
486.47 -2001.39 498.51 -1.18 -0.13 0.16 43399.00
488.89 -2003.06 494.85 -1.15 -0.06 0.17 43429.00
492.17 -2005.36 491.90 -1.17 -0.06 0.18 43461.00
496.12 -2007.90 489.18 -1.00 0.06 0.17 43493.00
498.42 -2010.50 486.10 -0.99 0.06 0.25 43524.00
500.44 -2013.26 482.57 -0.90 0.02 0.27 43555.00
501.33 -2015.77 478.48 -0.80 -0.05 0.31 43586.00
501.56 -2018.23 473.96 -0.82 -0.17 0.34 43618.00
502.13 -2020.92 469.22 -0.76 -0.25 0.32 43649.00
502.37 -2023.71 464.46 -0.62 -0.27 0.34 43680.00
502.13 -2026.07 459.61 -0.50 -0.34 0.34 43711.00
502.40 -2029.37 454.16 -0.52 -0.39 0.37 43742.00
501.92 -2033.21 448.75 -0.33 -0.38 0.34 43772.00
502.01 -2037.84 442.64 -0.28 -0.49 0.39 43804.00
503.48 -2044.14 435.76 -0.21 -0.45 0.34 43835.00
505.47 -2053.05 428.08 0.02 -0.35 0.38 43866.00
505.81 -2061.17 420.58 0.49 -0.50 0.57 43896.00
504.38 -2069.13 412.84 1.13 -0.64 0.66 43927.00
502.36 -2076.92 404.84 1.60 -0.70 0.83 43959.00
498.91 -2083.55 397.10 1.92 -0.82 1.07 43990.00
496.94 -2087.18 389.64 2.39 -1.27 1.55 44021.00
497.78 -2087.69 381.93 2.10 -1.58 1.21 44052.00
497.23 -2084.46 377.68 1.34 -1.48 0.66 44083.00
492.41 -2079.84 377.65 0.67 -1.23 0.41 44113.00
485.87 -2078.19 380.18 0.33 -1.30 0.65 44145.00
482.18 -2080.23 384.16 0.89 -1.48 0.79 44176.00
481.30 -2081.88 389.27 1.28 -1.46 0.81 44207.00
87 1.00 -1.15 0.48 44299.00
485.78 -2079.52 412.63 0.86 -1.29 0.48 44329.00
482.34 -2077.18 418.98 0.71 -1.49 0.36 44361.00
478.73 -2075.16 426.05 0.47 -1.69 0.28 44392.00
478.00 -2074.30 434.07 0.30 -1.72 0.18 44424.00
478.56 -2074.16 441.58 0.26 -1.45 0.08 44454.00
477.79 -2074.02 449.59 0.01 -1.29 0.13 44486.00
475.40 -2075.43 457.36 -0.17 -1.25 0.19 44517.00
472.17 -2077.86 465.37 -0.18 -1.17 0.28 44549.00
467.81 -2080.99 472.85 -0.24 -1.15 0.35 44580.00
463.25 -2084.76 480.17 -0.24 -1.34 0.55 44611.00
459.30 -2088.28 488.18 -0.12 -1.31 0.45 44643.00
456.51 -2090.83 495.95 -0.12 -1.11 0.40 44674.00
454.82 -2093.51 503.68 -0.19 -0.90 0.33 44705.00
453.31 -2095.84 510.92 -0.18 -0.55 0.32 44736.00
450.96 -2097.96 517.40 -0.23 -0.38 0.38 44767.00
448.42 -2099.01 522.76 -0.27 -0.20 0.28 44797.00
444.37 -2101.03 527.21 -0.43 -0.19 0.34 44829.00
442.18 -2103.81 530.77 -0.44 -0.26 0.45 44860.00
442.66 -2106.77 534.06 -0.36 -0.17 0.59 44891.00
446.14 -2108.79 536.43 -0.22 0.16 0.61 44921.00
444.86 -2108.11 538.54 -0.42 0.17 0.69 44952.00
444.45 -2108.49 541.15 -0.61 -0.16 0.71 44983.00
449.94 -2110.12 544.38 -0.68 -0.28 0.28 45015.00
458.45 -2114.79 547.94 -0.27 0.06 0.27 45045.00
465.44 -2117.53 550.92 -0.17 0.38 0.31 45076.00
469.17 -2119.07 552.94 -0.28 0.53 0.36 45108.00
471.20 -2121.04 554.10 -0.39 0.51 0.52 45138.00
474.03 -2123.38 554.97 -0.34 0.48 0.59 45169.00
478.03 -2125.04 555.89 -0.29 0.50 0.56 45200.00
482.74 -2125.62 556.86 -0.28 0.57 0.44 45231.00
486.89 -2125.95 557.57 -0.30 0.64 0.34 45262.00
491.02 -2126.69 558.09 -0.31 0.64 0.35 45293.00
495.25 -2127.22 558.04 -0.27 0.71 0.27 45325.00
498.29 -2127.06 557.14 -0.34 0.78 0.21 45356.00
500.71 -2126.70 555.82 -0.42 0.74 0.18 45387.00
502.83 -2126.12 554.58 -0.52 0.67 0.15 45418.00
505.93 -2125.98 553.86 -0.74 0.71 0.10 45449.00
511.63 -2127.32 553.08 -0.77 0.79 0.16 45480.00
519.56 -2129.11 551.36 -0.62 1.04 -0.10 45511.00
526.38 -2130.33 547.69 -0.60 1.28 -0.33 45543.00
528.44 -2132.05 541.83 -0.81 1.00 -0.16 45574.00
527.06 -2133.92 534.60 -0.84 0.50 -0.06 45604.00
524.38 -2135.33 526.80 -0.86 0.11 -0.03 45636.00
523.21 -2137.19 520.18 -1.09 -0.12 0.01 45667.00
524.63 -2139.59 514.96 -1.30 -0.19 0.05 45699.00
526.74 -2142.30 511.00 -1.13 -0.02 0.02 45730.00
527.91 -2145.31 507.35 -1.08 0.05 0.09 45761.00
529.18 -2149.16 504.03 -1.12 -0.02 0.22 45793.00
531.88 -2153.01 501.42 -0.98 0.02 0.23 45824.00
533.50 -2156.26 498.81 -0.84 0.12 0.23 45855.00
533.78 -2159.28 495.87 -0.82 0.06 0.25 45886.00
533.94 -2162.59 492.35 -0.73 0.06 0.23 45918.00
533.81 -2167.15 488.39 -0.68 -0.04 0.38 45948.00
533.03 -2171.84 484.71 -0.48 -0.10 0.45 45979.00
532.15 -2175.75 480.74 -0.42 -0.19 0.53 46010.00
531.58 -2180.55 476.11 -0.48 -0.37 0.63 46041.00
531.12 -2186.12 471.68 -0.23 -0.42 0.74 46072.00
530.66 -2190.79 467.15 -0.14 -0.52 0.84 46103.00
530.37 -2195.94 462.06 -0.10 -0.60 0.88 46134.00
529.68 -2200.42 457.55 0.15 -0.57 0.84 46164.00
528.69 -2203.85 452.41 0.05 -0.88 0.93 46195.00
529.56 -2209.21 447.67 0.15 -0.99 0.86 46226.00
531.60 -2214.68 443.86 0.36 -0.74 0.78 46257.00
533.52 -2221.20 439.14 0.48 -0.57 0.83 46287.00
534.82 -2229.25 433.27 0.82 -0.62 1.01 46318.00
534.30 -2237.34 427.31 1.46 -0.67 1.13 46350.00
532.78 -2244.12 421.51 1.72 -0.84 1.37 46381.00
532.78 -2248.45 416.38 1.33 -1.00 1.33 46411.00
533.83 -2251.49 412.73 0.97 -0.90 1.02 46442.00
534.01 -2253.43 411.40 0.88 -0.81 0.91 46473.00
534.13 -2255.69 412.41 0.89 -0.64 0.91 46503.00
534.88 -2257.34 414.91 1.17 -0.33 0.81 46535.00
534.91 -2256.69 416.70 1.15 -0.07 0.70 46566.00
534.64 -2255.96 417.00 0.93 -0.09 0.56 46598.00
534.14 -2255.40 416.50 0.95 -0.18 0.49 46628.00
533.42 -2254.69 415.69 0.92 -0.29 0.46 46660.00
532.99 -2254.50 415.11 0.93 -0.35 0.45 46691.00
532.69 -2254.42 414.72 0.97 -0.38 0.48 46723.00
532.64 -2254.47 414.59 1.01 -0.37 0.49 46753.00
532.52 -2254.23 414.54 1.03 -0.35 0.46 46785.00
532.40 -2253.94 414.55 1.00 -0.33 0.44 46816.00
532.28 -2253.71 414.48 0.98 -0.33 0.44 46848.00
532.28 -2253.62 414.45 0.99 -0.34 0.47 46878.00
532.55 -2253.32 414.37 1.00 -0.34 0.50 46910.00
533.43 -2252.89 414.14 1.01 -0.36 0.55 46941.00
534.73 -2252.33 414.00 1.02 -0.37 0.57 46972.00
536.55 -2251.65 413.71 1.05 -0.38 0.71 47003.00
539.18 -2250.84 412.79 1.04 -0.35 0.64 47035.00
540.78 -2249.83 412.46 0.92 -0.26 0.65 47066.00
541.11 -2249.06 412.68 0.84 -0.24 0.70 47097.00
541.38 -2248.54 412.81 0.90 -0.25 0.76 47128.00
541.80 -2247.77 413.07 0.92 -0.20 0.67 47160.00
541.43 -2246.63 413.34 0.89 -0.14 0.62 47191.00
540.60 -2245.62 413.41 0.90 -0.16 0.61 47222.00
539.67 -2244.64 413.37 0.90 -0.19 0.59 47253.00
538.79 -2243.82 413.31 0.88 -0.23 0.61 47285.00
538.28 -2243.42 413.25 0.86 -0.25 0.61 47315.00
537.85 -2243.32 413.20 0.88 -0.23 0.65 47347.00
537.29 -2243.15 413.04 0.89 -0.25 0.68 47378.00
536.78 -2243.06 413.00 0.87 -0.28 0.69 47410.00
536.38 -2243.00 413.12 0.87 -0.27 0.70 47440.00
535.79 -2242.90 413.17 0.88 -0.26 0.70 47472.00
535.17 -2242.61 413.12 0.87 -0.31 0.73 47503.00
534.94 -2242.45 413.13 0.86 -0.33 0.69 47534.00
534.70 -2242.30 413.21 0.85 -0.31 0.69 47565.00
534.25 -2242.26 413.27 0.85 -0.32 0.70 47596.00
533.91 -2242.21 413.26 0.87 -0.34 0.72 47628.00
533.77 -2242.14 413.29 0.87 -0.35 0.70 47659.00
533.56 -2241.96 413.38 0.86 -0.35 0.70 47689.00
533.40 -2241.81 413.52 0.85 -0.35 0.71 47720.00
533.27 -2241.67 413.72 0.86 -0.33 0.70 47752.00
532.82 -2241.48 414.06 0.85 -0.32 0.71 47782.00
532.40 -2241.16 414.37 0.86 -0.31 0.65 47814.00
532.35 -2240.97 414.45 0.84 -0.29 0.65 47845.00
531.99 -2240.97 414.30 0.84 -0.27 0.65 47877.00
531.27 -2240.94 414.00 0.85 -0.32 0.71 47907.00
530.62 -2240.87 413.63 0.85 -0.36 0.71 47938.00
530.15 -2240.85 413.42 0.83 -0.40 0.73 47969.00
529.95 -2240.89 413.34 0.85 -0.39 0.70 48000.00
529.87 -2240.87 413.27 0.85 -0.39 0.71 48030.00
529.75 -2240.78 413.19 0.84 -0.41 0.71 48061.00
529.88 -2240.76 413.14 0.84 -0.42 0.71 48093.00
530.06 -2240.80 413.21 0.84 -0.40 0.71 48123.00
530.23 -2240.76 413.35 0.84 -0.38 0.70 48154.00
530.50 -2240.72 413.50 0.84 -0.35 0.71 48185.00
530.70 -2240.58 413.53 0.86 -0.32 0.70 48216.00
530.70 -2240.37 413.50 0.85 -0.31 0.68 48247.00
530.54 -2240.08 413.37 0.85 -0.31 0.67 48278.00
529.80 -2239.84 413.00 0.84 -0.30 0.67 48310.00
528.53 -2239.55 412.61 0.83 -0.36 0.69 48340.00
527.61 -2239.50 412.40 0.82 -0.44 0.71 48371.00
527.45 -2239.43 412.26 0.81 -0.45 0.71 48402.00
527.75 -2239.66 412.27 0.82 -0.42 0.70 48433.00
528.02 -2239.60 412.30 0.86 -0.38 0.67 48464.00
528.06 -2239.38 412.34 0.85 -0.32 0.63 48495.00
527.82 -2239.14 412.03 0.86 -0.29 0.65 48526.00

