0.00 0.00 0.00 0.00 0.00 0.00 
189.23 32.60 -1.20 0.98 0.15 0.26 
5.02 0.83 -1.40 0.99 0.15 0.27 
4.95 1.29 -1.45 1.00 0.15 0.27 
6.15 1.37 -0.55 0.98 0.16 0.26 
5.20 2.23 -0.13 0.99 0.15 0.26 
5.69 1.82 0.61 0.99 0.09 0.26 
4.91 1.06 0.93 1.00 0.11 0.28 
-1.94 1.97 3.01 1.01 0.03 0.34 
-0.29 -0.39 4.69 0.91 0.08 0.31 
1.15 1.96 2.33 0.96 0.03 0.30 
5.93 -0.31 0.52 1.01 0.02 0.18 
5.42 1.14 -2.36 0.87 0.07 0.05 
37.41 -11.78 -8.87 1.30 0.31 0.15 
-5.97 9.08 -6.89 0.89 0.20 0.53 
17.99 5.70 -11.77 0.99 0.12 0.24 
4.68 1.63 -11.26 0.97 0.17 0.22 
6.32 1.67 -12.45 1.00 0.19 0.20 
12.48 3.66 -11.51 1.03 0.09 0.18 
0.18 -1.07 -6.77 0.80 0.10 0.06 
-10.55 -4.13 -4.55 1.14 0.19 0.39 
8.19 2.37 -6.98 0.89 0.19 0.48 
-2.83 -4.20 -6.41 1.15 0.14 0.19 
1.93 1.08 -4.31 0.98 0.15 0.30 
2.15 1.22 -4.31 1.04 0.16 0.24 
1.84 0.41 -4.82 0.97 0.08 0.22 
2.12 0.55 -7.45 1.01 0.09 0.30 
8.40 1.74 -7.66 0.99 0.08 0.25 
7.16 3.47 -7.96 1.03 0.13 0.25 
2.52 1.69 -7.38 0.80 0.15 0.08 
15.00 7.28 -7.77 1.24 0.24 -0.12 
27.92 8.22 -5.71 0.90 0.17 0.62 
8.44 0.47 -6.72 0.60 0.28 0.42 
7.83 -2.91 -0.78 0.89 0.06 0.29 
3.96 -0.47 -0.56 1.00 0.15 0.31 
6.60 1.59 -0.52 0.93 0.19 0.26 
3.33 0.31 -0.12 0.99 0.18 0.24 
5.48 3.07 0.24 0.97 0.12 0.19 
5.74 -0.57 -0.05 1.02 0.14 0.16 
9.02 3.11 1.66 1.00 0.13 0.06 
-1.50 4.21 0.04 1.00 0.10 -0.05 
-16.66 -0.97 1.36 1.09 0.11 0.69 
4.90 -4.76 8.07 0.93 0.14 0.23 
2.12 -1.06 8.94 1.00 0.11 0.16 
53.32 10.81 13.89 0.94 0.22 0.13 
12.05 3.44 13.92 1.06 0.24 -0.06 
-15.75 -3.31 15.83 1.40 0.02 0.78 
25.02 2.15 13.06 0.71 0.24 0.54 
16.60 1.31 14.49 1.10 0.22 0.29 
-5.10 3.29 12.10 1.05 0.19 0.28 
3.36 1.17 10.92 0.93 0.22 0.26 
2.34 1.30 11.33 0.96 0.10 0.22 
2.02 6.69 12.19 1.02 0.15 0.19 
10.69 0.91 11.53 0.98 0.11 0.12 
4.44 -0.09 9.28 0.98 0.17 0.10 
7.45 4.59 8.82 0.86 0.30 0.08 
17.62 7.02 11.21 1.58 0.79 0.54 
62.21 8.89 27.72 1.01 0.26 0.13 
2.49 1.32 27.66 0.94 0.15 0.05 
3.74 10.02 25.85 1.24 0.17 -0.19 
16.59 6.64 31.08 1.01 0.29 0.81 
-3.78 1.51 32.48 0.63 0.33 0.39 
20.66 1.56 40.23 0.70 0.29 0.30 
9.56 0.90 39.15 0.99 0.00 0.25 
3.95 0.65 37.71 0.98 0.14 0.27 
2.57 -0.50 36.64 1.01 0.05 0.27 
5.88 3.09 34.81 1.01 0.17 0.20 
12.60 1.03 32.19 1.03 0.14 0.07 
9.13 0.92 32.42 1.03 0.12 0.06 
3.35 3.48 32.12 0.81 0.27 0.03 
29.30 8.02 28.98 1.27 0.25 0.10 
8.94 2.62 29.61 0.77 0.33 0.53 
2.58 -5.35 29.49 0.81 0.25 0.36 
3.13 1.56 28.54 0.85 0.34 0.20 
-0.03 0.49 28.43 0.97 0.26 0.39 
4.15 2.49 28.93 0.87 0.20 0.31 
3.40 -1.04 29.63 0.88 0.22 0.25 
8.83 1.72 28.29 0.89 0.24 0.22 
8.20 1.82 27.37 0.96 0.10 0.14 
-3.21 -1.49 28.57 0.76 0.16 0.05 
-2.07 4.69 28.24 1.21 0.18 -0.09 
4.80 3.16 29.86 0.86 0.76 0.68 
6.90 -3.21 30.89 0.76 0.12 0.62 
11.43 -5.44 30.52 0.99 0.52 0.39 
-3.10 -1.24 30.55 0.96 -0.03 0.19 
2.82 0.19 30.22 0.94 0.24 0.18 
4.51 1.53 30.97 0.94 0.25 0.18 
7.17 3.22 30.37 0.96 0.22 0.17 
12.89 2.47 31.00 1.14 0.17 0.23 
7.18 1.45 30.53 0.91 0.31 0.07 
-8.17 -3.12 30.39 1.04 0.23 -0.01 
-3.97 -0.17 30.57 1.16 0.39 0.12 
11.27 -3.26 30.92 0.52 0.10 0.40 
9.06 -8.22 35.51 1.16 0.32 0.54 
-10.88 3.82 36.89 0.87 0.11 0.25 
6.50 4.12 36.23 1.00 0.24 0.18 
4.14 2.31 36.31 0.95 0.22 0.20 
6.01 2.00 36.38 0.97 0.26 0.17 
2.79 1.25 35.19 0.96 0.30 0.17 
10.45 3.06 35.65 0.99 0.18 0.13 
11.03 1.29 36.04 0.95 0.28 0.05 
3.99 8.62 33.61 1.03 0.15 -0.06 
4.95 9.98 31.98 0.97 0.41 0.73 
17.75 6.10 31.44 0.69 0.43 0.53 
3.75 2.83 33.95 0.94 0.42 0.29 
-3.17 0.21 31.22 0.99 0.27 0.27 
2.13 1.23 31.26 0.96 0.32 0.23 
3.96 1.39 32.09 0.98 0.24 0.23 
5.52 1.29 32.52 0.98 0.23 0.20 
5.02 1.71 32.40 1.00 0.23 0.25 
8.98 1.06 31.06 0.99 0.24 0.13 
5.12 -0.44 29.32 0.88 0.29 0.09 
3.24 2.40 30.28 0.98 0.29 0.00 
13.73 5.44 28.21 1.04 0.51 0.11 
7.40 1.19 27.18 0.80 0.00 0.53 
12.69 0.86 33.42 0.92 0.28 0.37 
6.36 3.65 30.96 0.92 0.27 0.24 
2.96 -0.14 31.27 0.99 0.30 0.26 
5.12 0.74 30.22 0.96 0.32 0.18 
5.33 0.89 29.90 0.99 0.32 0.17 
2.73 1.24 27.68 0.96 0.26 0.09 
35.87 12.17 22.12 0.93 0.33 0.19 
5.29 0.94 21.38 0.98 0.28 0.18 
6.23 4.18 19.84 0.90 0.19 0.18 
12.86 4.21 20.51 0.91 0.37 0.15 
6.16 1.73 21.70 0.84 0.30 0.04 
21.62 4.04 20.47 0.96 0.25 0.16 
-14.11 -5.53 124.91 0.92 0.30 0.09 
-35.38 9.32 131.07 0.91 0.21 -0.08 
-29.63 10.63 130.81 1.05 0.04 -0.08 
-28.26 -1.97 128.41 1.06 0.34 0.20 
-19.99 4.60 124.41 0.95 0.21 0.13 
-21.82 3.15 126.42 0.89 0.21 -0.11 
-11.43 3.52 124.97 0.93 0.16 -0.03 
-16.89 4.29 123.36 0.98 0.07 -0.08 
-35.78 4.65 128.61 1.13 0.41 -0.11 
-14.97 -6.69 122.79 0.82 0.30 0.12 
-13.85 1.18 117.49 1.01 0.32 0.00 
-8.18 3.94 113.53 0.97 0.32 0.03 
-14.08 0.84 109.40 0.96 0.11 0.00 
-20.46 4.94 102.36 1.00 0.07 -0.01 
14.21 36.23 99.54 1.08 0.47 0.67 
-20.65 1.44 95.99 0.98 0.21 0.16 
-26.13 5.63 94.92 0.97 0.26 0.01 
-35.49 15.53 88.09 0.91 0.10 0.00 
-25.73 12.25 94.51 1.37 0.33 -0.18 
-25.18 3.47 91.16 0.89 0.22 0.16 
-23.95 14.57 96.63 1.01 0.37 -0.05 
-12.98 4.76 95.42 0.95 0.15 0.02 
-22.65 9.50 102.31 1.04 0.11 -0.01 
-24.12 0.30 85.06 0.98 0.08 -0.11 
-17.81 4.71 89.84 0.88 0.36 0.39 
-11.79 2.35 95.52 0.93 0.23 0.06 
-16.07 3.22 91.73 0.98 0.10 0.04 
-13.40 3.32 88.30 1.02 0.15 -0.02 
-28.34 7.13 79.36 1.04 0.18 -0.10 
-17.21 2.55 72.03 0.95 0.00 -0.08 
-3.92 35.86 74.97 0.96 0.51 0.31 
-18.16 5.93 79.01 0.96 0.19 0.12 
-34.40 9.70 77.52 0.99 0.10 0.00 
-17.21 6.49 79.87 1.04 0.11 -0.11 
-18.17 7.74 76.03 0.95 0.03 -0.10 
-61.42 -5.76 81.47 0.77 0.19 0.02 
-23.12 -3.42 84.36 0.92 0.15 0.08 
-20.99 4.56 80.97 1.07 0.19 0.04 
-19.68 2.12 81.83 0.95 0.17 -0.01 
-27.31 -4.96 78.47 1.04 0.11 0.03 
-29.74 4.69 84.17 0.90 0.00 -0.14 
13.84 8.83 78.02 0.96 1.62 1.49 
-21.83 -19.62 76.12 1.05 0.28 0.16 
-26.15 5.32 74.18 1.04 0.05 0.03 
-13.92 2.75 73.58 0.90 0.03 -0.07 
-19.84 8.29 75.49 1.01 0.12 -0.11 
-18.58 10.18 71.33 1.14 0.05 -0.17 
4.17 9.16 65.08 0.67 0.27 0.03 
-15.76 -4.57 70.54 0.95 0.18 0.18 
-17.73 0.38 66.85 0.96 0.07 0.08 
-12.59 6.80 66.34 0.95 0.11 -0.05 
-24.79 3.93 72.33 1.02 0.08 -0.08 
-19.68 3.05 63.55 0.92 0.00 -0.06 
-4.25 -6.49 54.94 1.00 0.22 0.00 
-14.20 -10.12 53.95 1.00 0.12 0.12 
-17.74 6.76 51.85 1.06 0.21 -0.11 
-17.45 2.16 49.47 1.01 0.13 0.01 
-9.38 -2.24 41.97 1.11 0.14 -0.15 
-18.86 7.91 30.01 0.94 0.00 -0.09 
-0.98 -14.79 18.19 0.85 0.52 0.35 
-14.74 -2.77 8.82 1.04 0.22 0.18 
-9.76 5.45 18.87 1.02 0.26 0.01 
-15.31 5.73 12.99 0.98 0.08 -0.05 
-30.79 7.71 13.34 0.99 0.16 -0.14 
-31.07 11.05 12.69 1.33 0.14 -0.24 
-23.07 -8.04 14.42 0.84 0.27 0.12 
-8.48 9.65 23.34 1.02 0.06 0.05 
-16.71 3.59 24.00 0.98 0.14 -0.03 
-12.65 0.11 17.37 0.99 0.10 -0.10 
-15.55 7.20 16.06 0.99 0.14 -0.08 
-19.38 8.89 13.62 1.12 0.07 -0.20 
-25.06 -14.10 2.61 0.92 0.25 0.15 
-21.50 15.02 22.19 1.01 0.16 -0.01 
-23.32 5.88 20.51 0.97 0.12 -0.01 
-17.55 2.81 18.53 1.02 0.15 -0.11 
-18.66 9.03 16.97 0.97 0.06 -0.07 
-3.82 -4.59 12.26 0.89 0.39 0.26 
-15.87 -14.71 1.49 0.93 0.19 0.14 
-10.43 7.13 11.70 1.12 0.22 0.14 
-18.89 4.50 11.99 0.98 0.18 -0.06 
-11.34 2.48 8.93 0.96 0.13 -0.05 
-17.53 6.00 7.69 0.99 0.07 -0.05 
-20.62 11.37 15.16 1.21 0.12 -0.14 
-21.57 -6.39 4.79 0.92 0.25 0.11 
-19.61 -2.41 5.76 0.90 0.08 0.13 
-27.99 6.25 4.15 0.96 0.17 0.00 
-21.83 4.90 4.73 1.01 0.07 -0.07 
-22.22 7.29 -5.27 0.92 -0.02 -0.09 
0.28 -13.20 -11.00 0.90 0.31 0.27 
-13.52 0.41 -17.33 0.90 0.25 0.14 
-15.12 -2.89 -16.74 1.03 0.08 0.09 
-17.94 4.46 -17.50 0.92 0.19 -0.09 
-4.94 2.80 -19.82 0.93 0.11 -0.04 
-24.90 6.85 -29.73 0.91 0.12 -0.13 
-6.66 -39.07 74.97 0.89 0.24 0.08 
27.38 -111.47 73.59 0.94 0.10 -0.11 
-1.50 -17.19 76.73 1.06 0.06 -0.15 
0.34 -20.07 71.20 0.98 0.07 -0.12 
5.62 -28.94 78.56 0.98 0.39 0.21 
2.33 -29.33 81.20 0.92 0.16 0.01 
5.47 -35.05 80.46 1.00 0.14 0.05 
1.65 -23.80 82.09 0.97 0.14 -0.11 
1.61 -25.28 81.84 0.98 0.11 -0.07 
6.71 -22.14 81.77 0.96 0.08 -0.12 
9.81 -39.71 64.17 0.97 0.06 -0.09 
-22.61 -12.64 74.87 1.46 0.46 -0.31 
4.54 -33.89 70.59 0.93 0.24 0.11 
-4.47 -26.30 77.83 1.09 0.34 -0.07 
-1.36 -23.79 81.70 0.99 0.10 -0.08 
0.87 -27.17 78.54 1.04 0.07 -0.12 
-2.30 -23.67 78.84 0.96 0.07 -0.13 
-23.19 -26.90 94.65 0.80 0.22 0.05 
5.17 -42.49 84.81 0.92 -0.11 0.11 
-0.87 -30.13 83.55 0.97 0.14 -0.05 
2.55 -26.64 82.57 0.96 0.04 -0.08 
1.66 -30.26 85.29 1.01 0.09 -0.11 
1.78 -18.46 82.29 0.89 0.03 -0.16 
15.35 -51.36 79.96 0.79 0.22 0.10 
-5.11 -30.93 86.78 1.01 0.20 -0.18 
13.85 -26.54 81.79 1.05 0.11 -0.04 
1.30 -19.07 82.07 0.97 0.08 -0.15 
-1.22 -24.26 82.96 0.96 0.15 -0.14 
-3.84 -18.71 79.31 1.11 0.14 -0.14 
16.11 -55.52 96.72 1.09 0.43 -0.11 
7.62 -26.90 93.45 0.99 0.23 0.04 
-0.06 -20.66 98.96 0.95 0.12 -0.12 
-1.68 -33.38 97.12 1.01 0.13 -0.04 
-23.31 -28.22 118.41 1.53 0.39 -0.26 
4.64 -34.05 116.68 0.92 0.23 0.12 
-0.68 -35.91 108.48 0.95 0.10 0.06 
8.21 -21.90 104.65 1.05 0.14 0.06 
7.46 -23.06 107.72 0.88 0.07 -0.12 
0.44 -28.06 105.34 1.02 0.12 -0.11 
0.63 -21.49 105.50 0.90 0.04 -0.17 
-8.92 -21.93 108.25 1.09 0.30 -0.10 
4.03 -21.29 106.60 0.87 0.19 0.11 
12.66 -31.60 109.84 1.15 0.17 -0.02 
9.95 -25.03 107.40 0.99 0.20 -0.01 
1.83 -32.32 103.23 0.96 0.06 -0.07 
-1.91 -16.72 105.10 1.07 0.04 -0.07 
-0.18 -18.36 108.88 0.92 0.10 -0.11 
-0.30 -15.92 108.44 1.06 0.06 -0.25 
6.21 -17.05 112.84 1.08 0.46 0.37 
2.81 -28.15 112.22 0.97 0.10 0.11 
7.56 -23.99 123.36 1.12 0.27 0.00 
-4.31 -32.65 124.15 0.95 0.10 -0.10 
3.18 -25.01 120.38 1.07 0.16 -0.08 
-1.74 -24.66 121.58 1.04 0.02 -0.10 
4.11 -18.86 113.76 1.05 0.16 -0.29 
6.88 -15.56 116.36 1.04 0.59 0.60 
5.26 -31.66 119.28 0.96 0.13 0.10 
-1.18 -25.53 121.96 1.00 0.31 -0.04 
-2.03 -22.86 122.77 1.00 0.10 -0.05 
2.24 -20.77 124.94 0.93 0.09 -0.05 
-0.79 -22.13 128.34 1.02 0.12 -0.11 
1.07 -24.87 121.21 0.93 0.03 -0.14 
-8.25 -12.02 133.20 1.29 0.30 -0.32 
1.76 -16.31 144.72 0.65 0.18 0.21 
7.81 -38.19 153.35 0.97 0.17 0.07 
0.42 -23.92 159.57 1.02 0.23 -0.09 
5.29 -26.78 163.02 0.84 0.02 -0.05 
4.41 -24.19 165.30 1.01 0.15 -0.12 
-2.09 -17.88 163.93 0.98 0.06 -0.17 
-11.65 -14.25 175.12 1.55 0.45 -0.32 
9.84 -57.02 170.51 0.95 0.10 0.13 
0.92 -22.44 168.97 0.88 0.05 -0.02 
1.75 -21.96 167.64 1.03 0.15 -0.06 
2.74 -38.75 162.09 1.15 0.21 -0.18 
0.69 -21.69 156.47 1.03 0.07 -0.13 
-0.22 -16.09 155.44 0.98 -0.02 -0.17 
-17.66 -12.35 168.25 0.90 0.38 0.11 
4.87 -27.94 162.53 0.96 0.15 0.17 
-2.00 -26.51 169.24 1.05 0.22 -0.02 
1.35 -30.19 164.92 1.01 0.09 -0.06 
9.85 -20.05 166.61 0.99 0.13 -0.19 
0.33 -20.87 167.07 0.96 0.14 -0.09 
-4.64 -25.35 164.29 0.99 0.02 -0.08 
-4.61 -30.65 174.02 0.82 0.35 -0.03 
3.45 -22.20 170.24 0.91 0.12 0.08 
-0.38 -27.95 182.97 1.01 0.09 -0.02 
1.26 -25.34 183.88 0.85 0.04 -0.06 
5.24 -17.98 184.34 1.10 0.00 0.00 
-0.84 -29.16 175.80 0.95 0.00 -0.16 
-4.64 -30.00 175.78 0.75 0.10 0.05 
-10.97 -36.85 179.39 0.93 -0.04 0.07 
-1.51 -25.30 189.01 0.94 0.01 0.01 
-3.64 -22.42 183.21 1.01 0.15 -0.05 
3.65 -20.92 182.87 0.93 0.08 -0.04 
-2.15 -24.65 190.59 1.03 0.04 -0.08 
-3.72 -26.56 183.23 0.98 0.06 -0.14 
81.66 4.23 161.27 1.03 0.41 0.89 
26.88 -29.09 148.49 1.09 0.12 0.11 
0.55 -15.04 162.00 1.25 0.35 -0.13 
0.11 -25.45 159.43 0.96 0.18 -0.06 
3.52 -27.58 160.67 0.83 -0.02 -0.10 
-8.69 -25.67 160.76 0.95 0.17 -0.16 
5.26 -28.59 160.29 1.44 -0.05 -0.17 
0.00 0.00 0.00 0.00 0.00 0.00 
-194.87 -37.20 199.94 0.99 0.13 0.08 
1.67 0.21 202.01 1.02 0.07 0.07 
2.61 0.33 202.36 1.00 0.10 0.09 
4.60 -1.51 202.80 1.04 0.12 0.09 
1.73 -0.43 203.76 0.98 0.17 0.11 
0.65 -0.60 204.42 1.00 0.21 0.09 
3.02 -0.64 205.10 1.01 0.18 0.08 
-2.67 2.09 207.82 0.97 0.22 0.10 
1.86 -0.52 207.09 0.98 0.19 0.08 
0.17 -0.28 207.44 1.03 0.05 0.03 
-12.72 14.54 207.01 0.88 0.35 0.06 
1.44 4.47 205.15 1.66 0.60 0.29 
8.63 -1.83 209.18 0.71 0.13 0.53 
3.78 -4.75 210.90 0.96 0.31 0.31 
-3.83 -7.75 210.05 0.96 0.33 0.28 
2.15 0.05 211.02 0.97 0.34 0.14 
-0.05 -2.41 210.76 1.01 0.26 0.06 
2.98 -1.43 210.54 0.99 0.17 0.00 
-1.44 2.00 212.41 1.00 0.20 -0.01 
-15.20 7.99 212.25 1.02 0.15 0.06 
18.50 -29.65 212.88 0.94 0.27 -0.01 
0.42 3.31 212.21 0.97 0.23 0.01 
-15.93 1.72 219.70 0.95 0.05 0.01 
43.09 3.09 276.23 0.57 -0.07 0.60 
66.25 59.60 272.42 0.96 0.38 0.31 
4.14 -1.63 281.36 0.87 0.36 0.59 
14.05 -0.35 286.31 1.08 0.09 0.37 
6.99 -8.01 288.41 0.88 0.34 0.33 
0.79 0.25 289.65 0.94 0.21 0.26 
3.70 -8.12 297.74 0.96 0.25 0.23 
1.72 -3.91 298.35 0.85 0.37 0.01 
-0.29 -0.40 299.37 0.99 0.15 0.06 
-4.11 9.16 302.21 0.88 0.34 0.00 
0.08 10.10 298.86 1.01 0.40 0.22 
12.30 0.53 308.67 0.78 0.18 0.68 
-2.07 -3.20 308.22 1.12 0.13 0.42 
-4.38 -2.65 304.12 1.05 0.26 0.34 
2.24 -0.97 304.42 0.90 0.39 0.20 
3.02 0.36 305.93 0.95 0.34 0.21 
4.12 -5.50 306.15 0.93 0.23 0.16 
-3.73 15.60 308.43 0.97 0.08 0.45 
6.29 -2.63 311.21 0.54 0.34 0.38 
20.61 -4.06 316.81 1.09 0.20 0.46 
70.44 30.24 -285.58 1.08 0.35 0.54 
21.61 -11.03 -288.05 0.89 0.13 0.30 
-2.13 -6.76 -286.42 1.53 0.11 0.11 
-1.36 -4.05 -285.20 0.97 0.33 0.16 
8.20 1.26 -283.03 0.95 0.33 0.16 
9.76 0.61 -281.49 1.04 0.31 0.12 
2.65 3.08 -280.24 0.96 0.35 0.04 
-7.22 3.08 -279.96 0.92 0.29 0.01 
11.62 6.70 -280.17 0.92 0.43 0.50 
-2.58 -1.81 -278.84 0.82 0.22 0.34 
6.47 2.56 -276.50 0.69 0.51 0.33 
7.04 -3.72 -271.36 1.00 0.20 0.28 
4.60 -0.23 -268.66 0.97 0.26 0.15 
-14.33 2.58 -266.36 0.98 0.49 0.08 
-22.48 15.96 -257.77 1.25 -0.12 0.40 
20.69 -8.96 -272.86 1.62 0.49 0.50 
4.01 0.26 -269.79 0.34 0.04 0.47 
22.31 -4.27 -266.09 0.73 0.27 0.66 
0.56 -6.00 -265.40 1.00 0.12 0.47 
5.15 2.96 -264.86 1.07 0.27 0.38 
4.94 1.87 -262.26 0.96 0.23 0.27 
0.91 -0.09 -261.94 0.92 0.29 0.27 
2.87 -0.31 -260.94 0.94 0.26 0.27 
-2.19 -3.90 -263.25 0.87 0.46 -0.01 
-9.87 4.64 -258.08 0.66 0.29 0.21 
-13.29 7.62 -247.57 1.49 0.03 0.40 
13.88 21.16 -256.34 1.72 0.27 0.69 
4.96 -14.55 -253.67 0.62 0.25 0.58 
7.13 -5.63 -248.10 1.12 0.18 0.65 
-1.02 -2.64 -249.39 0.92 0.30 0.30 
-2.44 -1.00 -249.33 1.09 0.32 0.36 
2.81 -0.19 -248.51 0.92 0.39 0.26 
0.45 -0.38 -248.25 0.95 0.31 0.26 
5.67 -1.73 -247.80 0.96 0.33 0.25 
2.42 1.69 -247.17 0.98 0.38 0.13 
3.00 0.77 -247.08 0.85 0.38 0.06 
-6.38 4.53 -244.51 0.90 0.36 0.09 
-6.92 3.30 -243.37 1.03 0.38 0.16 
4.94 -0.16 -240.49 0.96 -0.03 0.59 
14.85 2.03 -242.95 0.67 0.38 0.45 
4.37 -3.87 -239.54 0.81 0.18 0.48 
1.47 -7.72 -241.09 0.80 0.20 0.17 
0.71 -0.43 -239.52 0.93 0.35 0.16 
2.70 -0.32 -238.72 0.92 0.41 0.15 
0.25 -0.31 -238.31 0.95 0.42 0.09 
-1.05 -0.32 -238.63 0.89 0.39 0.09 
5.28 9.87 -240.87 0.98 0.43 0.06 
8.58 7.58 -228.94 0.86 0.76 0.63 
14.86 2.48 -223.06 0.77 0.29 0.43 
12.71 -9.63 -222.62 1.00 0.38 0.48 
-4.93 1.07 -226.02 0.58 0.33 0.37 
-7.61 -4.88 -226.73 0.92 0.55 0.11 
7.11 -0.41 -228.63 0.89 0.43 0.20 
6.36 1.28 -226.63 0.97 0.35 0.08 
0.92 2.25 -226.69 1.00 0.38 0.12 
-6.74 10.24 -222.81 0.93 0.47 -0.04 
27.48 17.73 -217.63 0.62 -0.07 0.41 
6.68 -2.70 -222.60 0.85 0.34 0.44 
5.55 -2.11 -219.64 0.87 0.34 0.47 
4.14 -1.74 -219.36 1.00 0.35 0.36 
3.69 -1.70 -218.94 0.89 0.40 0.22 
46.04 24.79 -205.52 0.96 0.38 0.10 
-1.12 8.92 -204.00 0.88 0.49 0.12 
4.74 6.99 -200.15 1.08 0.56 0.65 
4.58 -5.59 -191.83 0.43 0.19 0.53 
12.74 -7.58 -186.25 0.91 0.48 0.52 
-1.80 -0.05 -184.61 0.85 0.32 0.34 
-0.15 -0.79 -184.97 1.08 0.26 0.33 
0.81 0.00 -183.55 0.91 0.34 0.20 
2.11 0.04 -183.05 0.94 0.34 0.23 
2.49 0.00 -181.83 0.91 0.38 0.21 
0.30 -8.88 -178.93 1.15 0.31 0.10 
-3.09 -1.45 -176.26 1.00 0.23 0.04 
-5.79 5.00 -174.86 0.90 0.33 0.01 
17.60 10.82 -173.16 1.34 0.43 0.60 
-1.20 -0.01 -166.24 0.70 0.14 0.56 
10.82 -7.08 -161.48 0.88 0.46 0.40 
0.66 -3.58 -162.77 0.86 0.27 0.35 
2.69 0.94 -161.26 0.86 0.31 0.35 
0.14 -1.44 -160.33 0.89 0.39 0.27 
3.61 -0.12 -159.30 0.92 0.40 0.25 
1.86 -0.84 -158.47 0.91 0.36 0.21 
3.32 -3.45 -156.15 0.93 0.36 0.13 
-3.40 0.72 -154.82 0.90 0.30 0.07 
-5.78 5.73 -154.38 0.93 0.35 0.09 
9.71 8.17 -153.45 1.07 0.54 0.41 
3.38 7.25 -147.80 0.70 0.34 0.62 
1.31 -5.26 -136.59 0.93 0.54 0.43 
5.66 -6.27 -137.38 1.11 0.53 0.39 
5.75 2.98 -134.25 0.92 0.45 0.15 
2.78 -0.03 -134.06 0.88 0.46 0.17 
0.53 -0.11 -133.70 0.88 0.47 0.11 
3.45 0.92 -132.24 0.91 0.47 0.09 
0.35 -1.58 -131.24 0.92 0.38 0.05 
-3.07 0.43 -130.05 0.92 0.40 0.02 
-2.99 6.83 -128.26 0.84 0.48 0.12 
6.03 5.17 -125.33 1.07 0.47 0.51 
10.00 -0.87 -118.47 0.65 0.37 0.60 
4.08 -6.56 -120.58 0.83 0.32 0.45 
9.49 -4.47 -120.56 0.77 0.38 0.38 
-0.59 -1.92 -119.02 0.87 0.31 0.25 
-0.65 1.19 -117.06 0.92 0.38 0.25 
