0.00 0.00 0.00 0.00 0.00 0.00 
-119.01 242.79 -186.11 0.96 0.24 0.27 
-0.42 3.12 -188.14 0.95 0.26 0.26 
-1.61 2.43 -190.03 0.96 0.25 0.27 
-1.77 3.13 -192.54 0.96 0.26 0.26 
-1.52 2.63 -194.27 0.95 0.25 0.26 
-1.99 3.05 -196.63 0.95 0.26 0.26 
-1.39 2.61 -198.52 0.96 0.26 0.25 
-1.66 2.54 -200.72 0.95 0.25 0.26 
-1.40 3.15 -203.20 0.96 0.27 0.25 
-1.27 2.63 -204.95 0.96 0.25 0.25 
-0.75 2.42 -207.31 0.96 0.26 0.25 
-0.96 2.92 -208.93 0.95 0.28 0.24 
-0.61 2.77 -210.46 0.95 0.27 0.24 
-9.34 13.35 -220.71 0.97 0.25 0.26 
-0.45 3.18 -222.20 0.96 0.27 0.25 
-2.46 0.24 -223.11 0.92 0.30 0.33 
-15.52 -1.64 -223.92 0.92 0.29 0.19 
-7.46 1.24 -226.28 0.97 0.26 0.27 
-1.46 4.44 -230.05 0.87 0.22 0.45 
0.55 8.17 -235.73 0.74 0.31 0.41 
11.59 3.36 -234.01 0.58 0.46 0.57 
-88.20 6.59 -232.63 1.01 0.09 0.40 
-8.98 0.23 -234.35 1.00 0.19 0.29 
-1.06 1.83 -236.20 0.96 0.27 0.24 
-2.10 2.97 -238.03 0.96 0.28 0.25 
-0.15 2.96 -240.19 0.94 0.27 0.28 
8.54 21.76 -251.42 0.52 0.37 0.43 
0.45 -2.27 -249.51 1.03 0.58 0.15 
-2.36 -0.12 -251.71 0.93 0.28 -0.03 
-7.61 -0.67 -254.23 0.86 0.32 0.04 
-9.47 8.96 -256.98 0.93 0.19 0.26 
-13.25 2.23 -257.58 1.04 0.18 0.26 
-0.64 1.98 -257.72 1.06 0.15 0.34 
0.03 1.84 -258.94 0.95 0.27 0.37 
1.00 3.58 -260.40 0.94 0.26 0.31 
-3.82 2.42 -263.04 0.91 0.25 0.28 
-5.99 1.28 -264.82 1.04 0.19 0.41 
3.15 0.06 -268.89 1.05 0.21 0.26 
1.93 2.93 -274.61 0.99 0.39 0.39 
3.70 12.68 -278.40 0.55 0.23 0.41 
7.37 4.77 -276.58 1.23 0.60 0.68 
3.10 -5.47 -282.00 0.98 0.21 -0.11 
10.22 7.87 -284.34 0.99 0.37 0.16 
6.66 8.15 -276.91 0.94 0.00 0.28 
6.48 2.15 -277.49 1.02 0.15 0.28 
-1.43 1.94 -279.28 0.98 0.26 0.33 
-1.52 2.73 -282.13 0.92 0.30 0.32 
0.84 3.47 -284.16 0.91 0.30 0.28 
2.78 7.75 -289.04 0.94 0.26 0.36 
-0.21 6.99 -295.74 0.83 0.35 0.45 
-0.93 5.98 -295.74 0.55 0.38 0.47 
13.39 -0.44 -297.36 1.33 0.87 0.59 
4.87 -1.88 -299.99 0.88 0.06 -0.08 
-10.14 -4.57 -299.71 1.07 -0.08 0.23 
-7.78 0.74 -301.61 0.97 0.01 0.29 
-8.42 0.92 -304.42 1.00 0.25 0.30 
0.82 4.16 -305.48 0.91 0.33 0.27 
-1.56 2.24 -307.32 0.92 0.35 0.30 
0.03 3.11 -308.61 0.92 0.38 0.28 
5.77 5.25 -312.37 0.91 0.43 0.30 
2.63 11.54 -318.58 0.76 0.35 0.44 
44.89 34.11 321.57 0.81 0.40 0.27 
19.31 2.11 324.06 0.92 0.22 0.22 
3.92 1.54 323.45 0.88 0.38 0.24 
0.74 2.89 322.50 0.94 0.33 0.26 
0.33 2.83 321.97 0.92 0.30 0.27 
0.06 3.01 320.54 1.02 0.30 0.37 
-3.33 3.89 315.58 0.96 0.36 0.40 
-3.52 10.30 311.78 0.69 0.34 0.43 
-5.41 -1.02 313.50 0.78 0.69 0.79 
-20.90 -4.10 314.40 1.35 0.48 -0.06 
-7.62 0.12 312.77 1.03 0.24 0.26 
5.93 5.37 309.36 0.92 0.35 0.28 
-2.85 8.23 303.80 0.96 0.29 0.30 
-2.01 2.36 301.67 0.92 0.27 0.33 
0.84 2.92 298.77 0.90 0.23 0.32 
-7.37 8.45 292.83 0.88 0.21 0.50 
8.54 6.39 293.07 0.60 0.54 0.62 
-17.80 -5.15 294.23 1.21 0.38 0.12 
1.98 0.05 291.32 0.82 0.26 0.02 
-0.14 2.37 286.12 0.82 0.53 0.26 
9.13 7.09 292.49 1.01 0.34 0.22 
3.38 8.06 279.06 0.89 0.27 0.36 
5.40 3.67 275.76 0.87 0.27 0.42 
-0.74 8.75 270.84 0.88 0.34 0.46 
-0.82 9.68 267.51 0.56 0.31 0.43 
0.59 -1.22 269.74 0.99 0.60 0.99 
11.15 0.60 269.92 1.02 0.09 0.01 
0.40 10.46 261.49 0.91 0.33 0.31 
-2.15 3.70 261.91 0.94 0.33 0.27 
-5.58 1.74 260.30 0.92 0.32 0.37 
-3.82 5.54 256.38 0.86 0.21 0.41 
3.28 7.03 254.75 0.80 0.17 0.54 
13.43 2.67 253.88 0.48 0.62 0.56 
-2.99 -1.39 248.33 1.64 0.22 -0.14 
-21.46 -3.80 245.60 0.89 0.37 0.08 
-2.62 6.80 242.33 0.92 0.39 0.30 
12.28 4.85 240.82 0.79 0.65 0.27 
-2.28 1.41 240.34 0.95 0.33 0.24 
-20.27 17.08 213.52 0.83 0.49 0.37 
-41.13 -2.22 203.91 0.86 0.19 0.23 
-6.73 3.46 201.50 0.88 0.31 0.28 
6.56 4.91 203.99 0.78 0.35 0.29 
-2.51 1.91 203.47 0.93 0.36 0.29 
3.59 3.38 202.53 0.94 0.28 0.32 
-0.65 2.42 200.37 0.93 0.30 0.31 
-0.48 2.45 198.75 0.94 0.31 0.29 
5.42 4.70 192.79 0.88 0.39 0.32 
-9.46 8.34 184.21 0.57 0.39 0.33 
10.05 5.87 183.03 0.64 0.78 0.73 
9.40 -0.97 183.34 0.85 0.59 -0.03 
-0.60 -2.84 180.40 0.84 0.23 0.09 
-20.35 -4.15 170.98 0.82 0.36 0.05 
0.98 5.16 168.35 0.96 0.21 0.31 
16.66 7.49 151.10 0.79 0.37 0.32 
1.96 11.86 147.76 0.70 0.34 0.34 
-12.07 -0.97 153.52 1.03 0.58 0.57 
41.79 -1.20 149.68 0.82 0.17 0.01 
8.27 5.96 147.69 0.97 0.37 0.19 
24.43 11.60 147.21 0.68 0.55 0.27 
-6.25 1.47 146.23 0.91 0.32 0.30 
-1.40 2.32 143.76 0.87 0.33 0.26 
57.47 1.82 157.63 0.84 0.38 0.21 
1.33 4.35 156.07 0.93 0.41 0.24 
-0.85 3.37 153.91 0.92 0.35 0.25 
0.00 0.00 318.26 0.95 0.16 0.07 
0.00 0.00 323.01 0.97 0.23 0.25 
0.00 0.00 303.92 1.03 0.14 0.00 
0.00 0.00 310.46 1.37 0.33 -0.34 
0.00 0.00 308.51 1.00 0.27 -0.12 
0.00 0.00 304.42 1.05 0.27 0.01 
0.00 0.00 306.12 0.90 0.24 0.15 
0.00 0.00 287.90 1.31 0.51 0.11 
0.00 0.00 286.23 1.00 0.14 -0.14 
0.00 0.00 287.23 1.02 0.22 -0.12 
0.00 0.00 287.26 1.09 0.28 0.04 
0.00 0.00 281.99 0.96 0.22 0.25 
0.00 0.00 259.10 1.48 0.40 -0.26 
0.00 0.00 253.33 0.96 0.14 -0.12 
0.00 0.00 256.04 1.11 0.19 -0.09 
0.00 0.00 257.51 0.95 0.21 -0.11 
0.00 0.00 263.77 1.02 0.21 -0.02 
0.00 0.00 259.59 0.96 0.15 0.07 
0.00 0.00 255.21 1.01 0.09 0.01 
0.00 0.00 257.78 0.84 0.11 -0.29 
0.00 0.00 255.14 1.12 0.12 -0.16 
0.00 0.00 254.24 0.88 0.10 -0.22 
0.00 0.00 255.33 1.06 0.25 0.00 
0.00 0.00 253.94 0.94 0.14 0.06 
0.00 0.00 251.82 1.13 0.28 -0.03 
0.00 0.00 252.85 0.80 0.14 -0.27 
0.00 0.00 263.92 1.23 0.26 -0.22 
0.00 0.00 272.27 0.95 0.23 -0.11 
0.00 0.00 264.79 1.01 0.07 0.00 
0.00 0.00 264.53 0.89 0.18 0.07 
0.00 0.00 273.41 0.95 0.08 -0.13 
0.00 0.00 275.49 0.98 0.10 -0.30 
0.00 0.00 275.64 0.95 0.05 0.05 
0.00 0.00 275.34 1.00 0.30 0.00 
0.00 0.00 274.10 0.95 0.17 0.05 
0.00 0.00 271.72 1.19 0.32 0.28 
0.00 0.00 267.02 0.82 0.06 -0.21 
0.00 0.00 270.52 1.13 0.15 -0.12 
0.00 0.00 273.57 0.95 0.19 -0.19 
0.00 0.00 266.97 0.91 0.12 0.00 
0.00 0.00 261.23 0.84 0.09 0.03 
0.00 0.00 264.41 1.13 0.27 -0.31 
0.00 0.00 263.55 1.00 0.12 -0.16 
0.00 0.00 267.70 0.99 0.03 0.06 
0.00 0.00 262.03 1.06 0.19 0.03 
0.00 0.00 256.71 0.96 0.20 0.00 
0.00 0.00 254.37 0.81 0.19 0.03 
0.00 0.00 252.81 1.02 0.02 -0.17 
0.00 0.00 253.24 0.88 0.05 -0.16 
0.00 0.00 251.11 1.01 0.30 0.00 
0.00 0.00 249.10 1.05 0.14 -0.03 
0.00 0.00 253.66 0.91 0.22 -0.11 
0.00 0.00 247.82 0.96 0.03 0.12 
0.00 0.00 256.30 0.93 0.20 -0.17 
0.00 0.00 257.66 0.92 0.04 -0.20 
0.00 0.00 253.13 1.05 0.24 0.05 
0.00 0.00 251.12 1.05 0.13 0.11 
0.00 0.00 250.46 1.00 0.20 0.11 
0.00 0.00 242.20 0.85 0.02 -0.17 
0.00 0.00 240.80 1.06 0.20 -0.13 
0.00 0.00 243.53 0.97 0.16 -0.11 
0.00 0.00 236.47 1.00 0.10 0.05 
0.00 0.00 234.39 0.88 0.14 0.16 
0.00 0.00 230.67 0.97 0.16 -0.27 
0.00 0.00 246.91 1.21 0.19 -0.16 
0.00 0.00 251.14 0.97 0.20 -0.10 
0.00 0.00 250.50 0.99 0.18 0.03 
0.00 0.00 255.24 0.97 0.19 0.21 
0.00 0.00 257.34 0.88 0.14 -0.12 
0.00 0.00 253.44 0.92 0.05 -0.11 
0.00 0.00 253.63 0.94 0.18 0.00 
0.00 0.00 248.76 0.87 0.16 0.05 
0.00 0.00 244.11 0.89 0.21 -0.11 
0.00 0.00 242.97 0.96 0.09 -0.21 
0.00 0.00 243.68 1.01 0.28 -0.12 
0.00 0.00 248.35 0.97 0.09 0.05 
0.00 0.00 252.89 1.11 0.10 0.05 
0.00 0.00 238.80 1.04 0.10 -0.22 
0.00 0.00 250.42 1.29 0.32 -0.26 
0.00 0.00 243.45 1.00 0.20 -0.10 
0.00 0.00 236.80 0.98 0.03 0.11 
0.00 0.00 244.55 0.80 0.13 -0.15 
0.00 0.00 246.53 1.01 0.10 -0.06 
0.00 0.00 245.20 0.89 0.16 -0.23 
0.00 0.00 242.40 1.01 0.20 0.00 
0.00 0.00 269.20 1.07 0.01 0.16 
0.00 0.00 274.13 1.04 0.08 -0.20 
0.00 0.00 269.14 0.97 0.22 -0.14 
0.00 0.00 265.93 1.05 0.16 0.21 
0.00 0.00 256.91 1.38 0.45 0.10 
0.00 0.00 262.61 1.01 0.11 -0.18 
0.00 0.00 260.00 0.89 0.23 -0.24 
0.00 0.00 265.77 1.06 0.27 -0.03 
0.00 0.00 260.41 0.91 0.14 0.06 
0.00 0.00 248.96 1.52 0.47 0.08 
0.00 0.00 251.58 0.99 0.14 -0.21 
0.00 0.00 244.72 0.99 0.25 -0.18 
0.00 0.00 232.62 1.05 0.38 0.22 
0.00 0.00 223.85 1.32 0.26 -0.06 
0.00 0.00 281.46 0.84 0.23 0.10 
0.00 0.00 269.66 1.10 0.29 -0.17 
0.00 0.00 271.35 0.97 0.18 0.00 
0.00 0.00 264.33 0.99 0.16 0.02 
0.00 0.00 263.66 0.82 0.16 0.10 
0.00 0.00 269.22 0.93 0.11 -0.26 
0.00 0.00 273.86 0.98 0.18 -0.05 
0.00 0.00 284.29 0.99 0.07 -0.19 
0.00 0.00 280.64 1.04 0.37 0.02 
0.00 0.00 278.11 0.86 0.23 0.08 
0.00 0.00 270.05 1.24 0.27 -0.21 
0.00 0.00 263.18 0.93 0.16 -0.19 
0.00 0.00 251.60 0.98 0.05 -0.29 
0.00 0.00 257.39 1.01 0.14 -0.10 
0.00 0.00 258.62 1.09 0.18 0.00 
0.00 0.00 252.03 1.01 0.11 0.19 
0.00 0.00 253.82 0.92 0.16 0.21 
0.00 0.00 258.52 0.84 0.07 -0.16 
0.00 0.00 264.40 1.02 0.09 -0.08 
0.00 0.00 266.95 0.99 0.18 -0.03 
0.00 0.00 268.23 1.00 0.18 -0.05 
0.00 0.00 261.30 0.98 0.11 0.00 
0.00 0.00 261.76 1.03 0.11 0.06 
0.00 0.00 274.19 0.84 0.11 -0.19 
0.00 0.00 273.79 1.00 0.05 -0.21 
0.00 0.00 279.45 0.88 0.21 -0.17 
0.00 0.00 277.79 1.03 0.16 -0.03 
0.00 0.00 279.07 0.97 0.16 0.00 
0.00 0.00 275.78 0.98 0.15 0.16 
0.00 0.00 266.43 1.19 0.27 -0.26 
0.00 0.00 258.47 0.94 0.04 -0.27 
0.00 0.00 262.20 0.97 0.38 -0.11 
0.00 0.00 261.97 0.97 0.16 -0.08 
0.00 0.00 256.75 0.96 0.19 -0.01 
0.00 0.00 247.55 0.90 0.25 0.10 
0.00 0.00 251.79 1.27 0.32 -0.10 
0.00 0.00 244.12 0.91 0.10 -0.20 
0.00 0.00 241.35 1.07 -0.03 -0.34 
0.00 0.00 236.11 1.04 0.16 -0.01 
0.00 0.00 229.27 0.90 0.20 0.05 
0.00 0.00 227.36 1.11 0.15 0.27 
0.00 0.00 242.97 0.77 0.17 -0.18 
0.00 0.00 223.48 0.84 -0.03 -0.32 
0.00 0.00 246.64 1.04 0.11 -0.21 
0.00 0.00 237.29 1.01 0.31 0.02 
0.00 0.00 233.93 1.02 0.12 0.14 
0.00 0.00 215.09 1.42 0.44 -0.12 
0.00 0.00 213.97 0.96 0.08 -0.21 
0.00 0.00 204.39 1.03 0.05 0.27 
0.00 0.00 198.92 0.93 0.15 -0.11 
0.00 0.00 191.10 0.97 0.06 -0.03 
0.00 0.00 186.93 0.84 0.25 0.09 
0.00 0.00 180.60 0.82 0.11 -0.27 
0.00 0.00 183.21 1.00 0.01 -0.11 
0.00 0.00 179.95 0.97 0.13 -0.18 
0.00 0.00 185.00 1.14 0.26 -0.03 
0.00 0.00 177.21 0.91 0.09 0.11 
0.00 0.00 190.39 0.89 0.05 -0.19 
0.00 0.00 185.87 1.23 0.19 0.05 
0.00 0.00 186.26 1.02 0.18 -0.06 
0.00 0.00 181.36 1.03 0.20 0.09 
0.00 0.00 172.35 1.18 0.18 0.06 
0.00 0.00 171.35 0.93 0.11 -0.26 
0.00 0.00 180.27 0.87 0.12 -0.31 
0.00 0.00 171.18 1.06 0.23 -0.04 
0.00 0.00 172.26 0.84 0.14 0.14 
0.00 0.00 170.90 0.83 0.10 -0.28 
0.00 0.00 176.69 0.89 0.07 -0.25 
0.00 0.00 174.08 0.99 0.31 -0.04 
0.00 0.00 171.03 0.89 0.16 0.12 
0.00 0.00 173.25 1.14 0.27 -0.17 
0.00 0.00 173.03 1.02 0.06 -0.23 
0.00 0.00 177.74 0.95 0.18 -0.13 
0.00 0.00 174.81 1.00 0.19 0.03 
0.00 0.00 169.16 0.87 0.15 0.10 
0.00 0.00 164.77 1.12 0.21 -0.42 
0.00 0.00 162.77 1.00 0.08 -0.23 
0.00 0.00 167.53 1.02 0.14 -0.10 
0.00 0.00 166.27 0.99 0.24 0.00 
0.00 0.00 162.13 1.01 0.13 0.09 
0.00 0.00 156.64 0.84 0.27 0.08 
0.00 0.00 165.27 0.81 0.12 -0.23 
0.00 0.00 140.10 1.03 0.16 0.00 
0.00 0.00 144.21 0.89 0.19 -0.16 
0.00 0.00 140.70 1.01 0.27 -0.05 
0.00 0.00 145.62 1.10 0.13 0.27 
0.00 0.00 143.84 0.78 0.01 -0.27 
0.00 0.00 133.17 0.93 0.23 -0.23 
0.00 0.00 137.16 1.01 0.20 -0.09 
0.00 0.00 128.38 0.98 0.18 0.04 
0.00 0.00 147.72 0.86 0.15 -0.14 
0.00 0.00 152.46 1.01 0.10 -0.19 
0.00 0.00 155.09 0.88 0.10 -0.31 
0.00 0.00 153.09 0.98 0.14 -0.13 
0.00 0.00 152.09 1.03 0.28 0.05 
-79.41 88.25 -151.59 0.98 0.27 0.31 
-0.26 -2.01 -141.15 0.95 0.19 0.33 
3.44 6.01 -126.48 1.04 0.19 0.50 
1.16 1.67 -116.65 0.82 0.15 0.57 
5.12 -1.34 -105.02 0.71 0.18 0.63 
-1.33 -6.32 -95.12 0.80 0.48 0.51 
6.41 -8.60 -81.04 0.98 0.24 0.23 
4.14 -6.37 -69.22 0.92 0.26 0.23 
1.90 -1.84 -54.01 0.91 0.32 0.22 
3.51 -0.83 -40.16 0.98 0.27 0.25 
0.84 -2.23 -20.76 0.93 0.27 0.29 
1.04 -1.97 -7.63 0.96 0.24 0.31 
2.26 14.18 37.87 0.73 0.15 0.62 
8.92 -2.40 51.42 0.96 0.30 0.73 
5.06 -8.93 67.79 1.00 0.30 0.16 
5.33 -4.35 83.23 0.99 0.27 0.26 
2.40 -3.77 97.41 0.96 0.24 0.25 
2.07 -3.34 110.54 0.88 0.22 0.28 
0.91 -2.44 127.68 0.95 0.25 0.28 
1.46 -1.30 142.11 0.94 0.25 0.32 
2.20 3.00 158.14 1.04 0.33 0.45 
1.80 0.51 168.31 0.83 0.10 0.50 
6.23 4.22 182.81 0.75 0.20 0.65 
4.17 -5.02 243.70 0.96 0.31 0.27 
0.64 -2.47 256.31 0.88 0.30 0.29 
0.58 -1.79 269.80 0.93 0.23 0.32 
4.60 3.27 290.61 0.91 0.20 0.42 
-4.26 0.17 302.15 0.87 0.16 0.53 
-1.24 -1.35 311.30 0.83 0.18 0.57 
-0.42 -1.88 -280.10 0.96 0.25 0.25 
-1.32 -2.64 -268.03 0.91 0.30 0.30 
-1.74 -1.15 -250.69 0.96 0.23 0.30 
1.10 -1.71 -236.89 0.95 0.20 0.36 
4.91 -0.10 -220.69 0.93 0.25 0.46 
-5.16 3.57 -208.41 0.76 0.13 0.43 
-4.22 -1.37 -199.67 0.83 0.21 0.64 
1.71 -3.71 -183.24 0.75 0.24 0.74 
-10.72 -6.58 -169.34 0.95 0.32 0.38 
4.17 -8.64 -157.98 0.91 0.29 0.28 
0.43 -4.51 -143.92 1.00 0.26 0.23 
6.41 -0.99 -127.48 0.93 0.36 0.16 
-0.04 -2.57 -112.69 1.02 0.18 0.26 
1.87 -0.13 -97.90 0.93 0.25 0.35 
2.15 0.98 -80.66 0.94 0.19 0.49 
-0.48 0.70 -68.32 0.88 0.12 0.48 
-0.17 5.56 -58.30 0.77 0.16 0.64 
9.69 5.00 -42.32 1.07 0.50 0.78 
5.69 -6.11 -28.18 0.93 0.34 0.13 
-0.07 -5.93 -16.98 1.06 0.16 0.22 
2.36 -2.10 0.40 0.97 0.21 0.26 
-1.48 -3.76 12.45 0.94 0.29 0.28 
1.33 -1.08 30.49 0.98 0.24 0.36 
1.23 3.56 42.69 1.00 0.39 0.48 
32.75 -16.70 97.70 0.80 0.48 0.17 
7.71 -3.69 113.04 0.96 0.36 0.32 
1.87 -2.10 129.06 0.98 0.29 0.26 
-2.06 -2.58 141.92 0.93 0.31 0.32 
1.04 -1.76 155.57 0.95 0.29 0.35 
3.03 3.12 169.79 0.85 0.36 0.53 
-6.74 -0.60 182.15 0.80 0.08 0.49 
2.23 1.86 196.24 0.72 0.17 0.55 
-4.44 -0.57 211.69 0.64 0.30 0.87 
3.65 -8.95 223.80 1.01 0.12 0.20 
-0.13 -8.53 232.68 0.90 0.28 0.20 
-0.87 -3.68 245.37 0.92 0.29 0.26 
4.12 -0.87 260.95 0.93 0.40 0.26 
1.91 -2.01 275.37 0.94 0.32 0.30 
1.05 0.55 291.10 0.90 0.34 0.44 
-3.73 0.35 303.91 0.84 0.25 0.48 
-1.05 1.45 309.96 0.87 0.17 0.62 
1.63 2.94 321.66 0.65 0.15 0.67 
9.03 1.05 -323.69 0.81 0.68 0.48 
13.50 -5.71 -310.49 0.83 0.45 0.22 
5.45 -4.36 -295.10 1.02 0.31 0.23 
4.44 -1.86 -281.53 0.93 0.43 0.24 
-1.55 -3.77 -267.81 1.00 0.15 0.31 
0.72 -2.09 -253.65 0.96 0.28 0.37 
2.14 -0.01 -237.92 0.93 0.30 0.53 
-1.29 0.59 -226.53 0.81 0.12 0.50 
-1.82 6.74 -213.21 0.83 0.10 0.65 
0.00 -2.89 -196.43 0.88 0.30 0.90 
1.48 -11.33 -184.37 1.17 0.28 0.00 
4.68 -5.43 -173.84 0.93 0.27 0.29 
-0.21 -5.89 -156.49 0.92 0.27 0.23 
-1.04 -1.49 -143.56 0.86 0.37 0.33 
-0.03 -1.45 -129.48 0.91 0.32 0.36 
3.68 -1.07 -114.28 0.90 0.29 0.43 
-0.75 2.81 -102.21 0.91 0.32 0.44 
2.14 2.62 -94.23 0.73 0.28 0.58 
1.87 -0.65 -80.71 0.55 0.29 0.74 
-4.86 -6.63 -68.89 1.03 0.45 0.36 
6.65 -11.71 -51.44 1.03 0.21 0.20 
-1.00 -2.53 -34.06 1.02 0.24 0.30 
3.45 -2.18 -21.04 0.82 0.38 0.26 
0.21 -2.20 -7.53 0.93 0.33 0.32 
1.00 1.31 9.95 0.87 0.40 0.46 
-14.14 4.05 19.99 0.92 0.06 0.47 
2.94 -5.86 30.11 0.88 0.29 0.68 
-11.04 0.15 90.90 0.83 0.37 0.35 
4.14 0.08 106.63 0.93 0.30 0.44 
-5.21 7.68 120.02 0.86 0.14 0.53 
2.04 14.39 135.05 0.69 0.20 0.67 
1.34 -1.04 150.52 0.44 0.52 0.81 
-25.66 -17.74 156.35 1.35 0.22 0.44 
3.76 -17.13 164.81 0.83 0.28 0.42 
0.40 -6.76 179.92 0.99 0.34 0.48 
0.81 -3.23 194.01 0.71 0.40 0.44 
2.02 -1.36 213.36 0.92 0.23 0.47 
10.09 3.73 232.96 0.91 0.42 0.52 
11.04 11.20 247.58 0.77 0.18 0.71 
1.67 12.71 263.34 0.30 0.13 0.47 
-6.52 6.80 281.10 1.06 0.00 1.32 
20.32 6.78 292.10 1.16 0.28 0.51 
11.09 -8.29 310.28 0.85 0.25 0.37 
1.71 -2.05 -327.53 0.85 0.46 0.33 
3.67 -2.12 -311.37 0.75 0.29 0.40 
2.22 -2.23 -293.91 0.90 0.29 0.44 
-21.58 -39.97 -235.92 1.15 0.26 0.21 
3.96 -8.23 -225.46 0.95 0.15 0.43 
-1.46 4.44 -202.99 0.91 0.39 0.35 
-0.27 -1.85 -186.20 0.84 0.35 0.41 
0.32 -2.05 -172.16 0.88 0.38 0.42 
-5.94 -0.27 -156.10 1.02 0.33 0.51 
6.43 3.84 -145.87 0.70 0.10 0.48 
2.69 0.68 -130.19 0.72 0.37 0.75 
25.07 -16.46 -105.42 1.27 0.43 0.27 
8.05 8.09 -39.94 0.85 0.35 0.40 
-21.52 -0.30 -29.20 1.01 0.02 0.51 
-3.83 9.18 -14.54 0.74 0.07 0.78 
6.08 16.42 14.52 1.01 0.52 1.12 
7.32 -15.33 17.82 0.84 0.41 0.31 
7.83 -5.02 27.54 0.67 0.64 0.39 
-0.12 -2.37 47.50 1.02 0.43 0.23 
1.61 -4.57 65.60 0.83 0.26 0.37 
0.42 -1.28 79.39 0.84 0.33 0.44 
1.48 -1.84 93.40 0.89 0.31 0.41 
1.62 -1.91 107.32 0.91 0.29 0.42 
2.55 -0.77 120.35 0.97 0.29 0.47 
4.91 -0.26 134.61 0.88 0.37 0.41 
3.99 -2.34 147.90 0.84 0.36 0.42 
3.47 -1.55 161.29 0.89 0.31 0.47 
-17.59 6.36 173.40 0.99 0.29 0.59 
14.00 7.00 191.81 0.59 0.18 0.71 
-4.23 2.10 252.98 0.86 0.41 0.34 
4.39 -8.46 268.94 0.91 0.36 0.37 
-3.21 -0.29 282.64 0.91 0.46 0.39 
