-0.03 0.00 -3.82 1.19 -0.05 -0.03 2823.00
-0.00 0.00 -3.82 1.18 -0.05 -0.04 2863.00
0.03 -0.01 -3.83 1.19 -0.04 -0.04 2904.00
0.04 -0.03 -3.84 1.18 -0.04 -0.03 2944.00
0.01 -0.02 -3.87 1.18 -0.04 -0.04 2983.00
0.01 0.00 -3.90 1.18 -0.04 -0.05 3023.00
-0.01 0.00 -3.91 1.18 -0.05 -0.05 3064.00
-0.03 0.03 -3.91 1.18 -0.05 -0.05 3104.00
0.00 0.00 -3.92 1.18 -0.06 -0.04 3144.00
0.02 -0.01 -3.94 1.18 -0.04 -0.04 3184.00
0.03 -0.01 -3.95 1.18 -0.04 -0.05 3224.00
0.02 -0.02 -3.97 1.19 -0.04 -0.03 3265.00
0.03 -0.00 -3.98 1.18 -0.04 -0.05 3305.00
0.03 -0.01 -3.98 1.18 -0.04 -0.05 3345.00
0.02 -0.02 -3.99 1.18 -0.03 -0.04 3385.00
0.01 0.01 -4.02 1.18 -0.04 -0.05 3426.00
0.00 -0.00 -4.04 1.18 -0.04 -0.04 3466.00
-0.01 0.02 -4.05 1.19 -0.04 -0.05 3506.00
0.01 -0.00 -4.08 1.18 -0.05 -0.04 3546.00
0.01 0.01 -4.10 1.18 -0.04 -0.05 3586.00
0.02 -0.01 -4.10 1.18 -0.04 -0.04 3627.00
0.02 -0.01 -4.12 1.18 -0.04 -0.04 3666.00
0.02 -0.02 -4.12 1.18 -0.04 -0.04 3706.00
0.02 -0.02 -4.15 1.19 -0.04 -0.04 3747.00
-0.01 0.00 -4.19 1.18 -0.04 -0.04 3787.00
0.03 -0.02 -4.21 1.18 -0.04 -0.04 3827.00
0.01 -0.00 -4.25 1.19 -0.04 -0.04 3867.00
-0.02 -0.00 -4.27 1.18 -0.06 -0.03 3907.00
-0.02 0.03 -4.26 1.18 -0.05 -0.05 3948.00
0.02 -0.00 -4.30 1.18 -0.05 -0.04 3988.00
0.01 -0.01 -4.41 1.18 -0.04 -0.04 4028.00
0.02 -0.02 -4.42 1.19 -0.04 -0.04 4068.00
0.06 -0.04 -4.39 1.21 -0.04 -0.04 4109.00
0.14 -0.11 -4.20 1.25 -0.02 -0.01 4149.00
0.18 -0.02 -3.79 1.27 0.01 0.05 4189.00
0.33 0.20 -3.28 1.24 0.06 0.10 4229.00
0.48 0.45 -3.33 1.13 0.17 0.12 4270.00
-0.16 0.15 -3.57 1.16 0.14 0.09 4310.00
-0.52 0.14 -3.21 1.16 -0.05 0.01 4349.00
-0.36 0.20 -2.79 1.07 -0.15 0.01 4389.00
-0.16 0.12 -2.54 1.15 -0.08 0.10 4430.00
-0.17 0.41 -2.62 1.27 -0.02 0.25 4470.00
-0.38 0.44 -3.13 1.23 -0.11 0.17 4510.00
-0.44 0.48 -3.54 1.09 -0.21 0.12 4550.00
-0.25 0.49 -3.94 1.02 -0.20 0.18 4591.00
-0.02 0.36 -4.22 1.07 -0.13 0.19 4631.00
-0.11 0.38 -4.50 1.08 -0.11 0.20 4671.00
-0.22 0.50 -4.55 1.13 -0.12 0.25 4711.00
-0.23 0.20 -4.24 1.13 -0.17 -0.08 4752.00
-0.02 0.15 -4.20 1.24 -0.18 -0.14 4792.00
0.23 0.07 -4.66 1.45 -0.12 -0.11 4832.00
0.64 0.11 -5.32 1.46 -0.01 -0.13 4873.00
0.49 0.20 -5.66 1.40 0.07 -0.12 4913.00
0.20 0.27 -5.54 1.14 0.03 -0.14 4953.00
0.06 0.30 -4.23 1.08 0.04 -0.16 4993.00
-0.35 0.32 -2.94 0.97 -0.03 -0.18 5033.00
-0.52 0.38 -2.10 1.06 -0.16 -0.20 5073.00
-0.39 0.36 -1.18 1.17 -0.20 -0.16 5113.00
-0.31 0.39 -0.67 1.20 -0.23 -0.17 5154.00
-0.09 0.38 -0.60 1.22 -0.20 -0.17 5194.00
-0.07 0.26 -1.11 1.18 -0.15 -0.12 5234.00
0.05 0.23 -2.22 1.12 -0.14 -0.09 5275.00
0.14 0.03 -2.74 1.10 -0.10 -0.05 5315.00
0.26 -0.05 -3.06 1.21 -0.02 -0.06 5355.00
0.08 -0.05 -3.72 1.37 0.00 -0.03 5395.00
-0.07 0.08 -4.12 1.21 -0.07 -0.02 5435.00
-0.08 0.06 -4.07 1.07 -0.09 -0.01 5475.00
0.01 0.00 -3.75 1.08 -0.07 -0.04 5516.00
0.03 0.03 -3.60 1.17 -0.04 -0.07 5556.00
-0.03 0.12 -3.97 1.21 -0.05 -0.10 5596.00
-0.12 0.16 -4.46 1.19 -0.07 -0.11 5636.00
-0.13 0.14 -4.65 1.19 -0.10 -0.10 5676.00
-0.03 0.07 -4.68 1.22 -0.10 -0.06 5716.00
0.04 0.02 -4.64 1.21 -0.08 -0.04 5756.00
0.04 -0.02 -4.51 1.18 -0.05 -0.03 5796.00
0.01 -0.08 -4.35 1.18 -0.03 -0.01 5836.00
-0.08 0.00 -4.15 1.20 -0.05 -0.03 5876.00
-0.17 0.12 -3.90 1.20 -0.10 -0.05 5916.00
-0.14 0.19 -3.66 1.20 -0.11 -0.09 5957.00
-0.06 0.16 -3.54 1.18 -0.11 -0.08 5997.00
0.05 0.09 -3.45 1.18 -0.08 -0.08 6037.00
0.07 0.04 -3.36 1.17 -0.05 -0.06 6077.00
0.02 -0.02 -3.24 1.17 -0.03 -0.04 6117.00
-0.03 -0.02 -3.05 1.18 -0.05 -0.03 6158.00
-0.04 -0.00 -2.90 1.18 -0.06 -0.02 6198.00
-0.00 -0.03 -2.89 1.19 -0.06 -0.01 6238.00
-0.03 0.01 -3.03 1.18 -0.05 -0.03 6278.00
-0.12 0.08 -3.20 1.18 -0.07 -0.05 6318.00
-0.13 0.11 -3.35 1.18 -0.09 -0.06 6358.00
-0.13 0.12 -3.50 1.18 -0.11 -0.07 6397.00
-0.12 0.10 -3.57 1.18 -0.11 -0.06 6438.00
-0.11 0.08 -3.56 1.19 -0.10 -0.05 6478.00
-0.10 0.09 -3.53 1.18 -0.10 -0.05 6518.00
-0.07 0.06 -3.50 1.18 -0.09 -0.04 6558.00
-0.07 0.06 -3.50 1.18 -0.08 -0.05 6598.00
-0.06 0.06 -3.48 1.19 -0.08 -0.05 6638.00
-0.05 0.08 -3.46 1.18 -0.08 -0.07 6678.00
-0.06 0.07 -3.46 1.18 -0.08 -0.06 6719.00
-0.06 0.06 -3.48 1.18 -0.08 -0.06 6759.00
-0.06 0.06 -3.49 1.18 -0.08 -0.06 6799.00
-0.07 0.06 -3.51 1.18 -0.07 -0.05 6839.00
-0.09 0.09 -3.52 1.18 -0.08 -0.06 6879.00
-0.07 0.07 -3.60 1.18 -0.08 -0.06 6919.00
-0.06 0.08 -3.71 1.18 -0.08 -0.07 6959.00
-0.07 0.08 -3.87 1.16 -0.08 -0.07 7000.00
-0.07 0.10 -4.07 1.17 -0.08 -0.08 7040.00
-0.07 0.11 -4.35 1.15 -0.08 -0.07 7079.00
-0.04 0.11 -4.72 1.12 -0.08 -0.08 7119.00
0.03 0.13 -5.16 1.16 -0.06 -0.11 7159.00
0.04 0.12 -5.83 1.25 -0.03 -0.12 7199.00
-0.11 0.15 -6.62 1.27 -0.07 -0.11 7240.00
-0.19 0.19 -6.97 1.21 -0.11 -0.11 7280.00
-0.09 0.12 -6.92 1.17 -0.10 -0.09 7320.00
0.01 0.06 -6.97 1.22 -0.07 -0.07 7360.00
-0.00 0.12 -7.38 1.23 -0.04 -0.10 7401.00
-0.13 0.20 -7.80 1.21 -0.06 -0.11 7441.00
-0.18 0.27 -8.06 1.17 -0.09 -0.13 7481.00
-0.18 0.38 -8.30 1.15 -0.12 -0.17 7521.00
-0.13 0.45 -8.62 1.10 -0.13 -0.21 7561.00
-0.07 0.44 -9.00 1.08 -0.10 -0.20 7602.00
-0.05 0.46 -9.31 1.06 -0.09 -0.22 7642.00
-0.01 0.43 -9.47 1.09 -0.06 -0.24 7682.00
0.03 0.35 -9.45 1.25 -0.03 -0.25 7721.00
0.14 0.21 -9.18 1.44 0.04 -0.21 7762.00
0.14 0.09 -9.00 1.51 0.10 0.05 7802.00
0.08 0.29 -9.07 1.42 0.09 0.14 7842.00
0.19 0.33 -9.32 1.08 0.03 0.16 7882.00
0.64 0.93 -9.12 0.90 0.12 0.37 7922.00
0.71 0.88 -8.70 1.03 0.34 0.42 7963.00
0.01 0.13 -8.46 1.12 0.17 0.20 8003.00
-0.22 -0.10 -9.11 1.14 -0.04 -0.01 8043.00
-0.21 0.16 -9.58 1.21 -0.16 0.03 8083.00
0.18 0.01 -9.51 1.18 -0.10 0.07 8124.00
0.15 0.01 -9.55 1.17 -0.03 0.08 8164.00
0.16 0.03 -9.13 1.17 -0.07 0.05 8204.00
0.19 -0.07 -8.55 1.18 -0.03 0.02 8244.00
0.26 0.02 -8.00 1.18 0.01 -0.02 8285.00
0.36 0.14 -7.27 1.19 0.05 -0.06 8325.00
0.54 0.24 -6.68 1.25 0.13 -0.06 8365.00
0.43 0.18 -6.83 1.18 0.14 -0.03 8404.00
0.41 0.16 -7.25 1.13 0.12 -0.04 8445.00
0.21 0.06 -7.89 1.13 0.11 -0.03 8485.00
-0.06 -0.09 -8.33 1.15 0.05 -0.04 8525.00
-0.24 0.02 -8.56 1.19 -0.03 -0.07 8565.00
-0.22 0.12 -8.70 1.21 -0.10 -0.06 8605.00
-0.17 0.15 -8.80 1.21 -0.13 -0.07 8646.00
0.03 0.04 -8.85 1.21 -0.10 -0.04 8686.00
0.15 -0.05 -8.92 1.20 -0.03 -0.02 8726.00
0.10 -0.06 -9.02 1.17 -0.00 -0.02 8766.00
-0.03 -0.01 -8.90 1.16 -0.01 -0.05 8807.00
-0.12 0.08 -8.55 1.17 -0.05 -0.07 8847.00
-0.04 0.07 -8.15 1.19 -0.07 -0.07 8887.00
0.05 0.00 -7.86 1.18 -0.04 -0.05 8927.00
0.14 -0.06 -7.73 1.16 0.00 -0.02 8968.00
0.06 -0.09 -7.66 1.16 0.02 -0.02 9008.00
-0.13 -0.04 -7.58 1.18 -0.02 -0.03 9048.00
-0.16 0.07 -7.47 1.19 -0.07 -0.05 9088.00
-0.12 0.10 -7.34 1.19 -0.10 -0.05 9127.00
-0.07 0.08 -7.21 1.19 -0.10 -0.05 9168.00
-0.01 0.05 -7.08 1.19 -0.08 -0.05 9208.00
0.01 0.02 -6.92 1.19 -0.06 -0.04 9248.00
0.02 0.01 -6.74 1.18 -0.05 -0.05 9288.00
0.02 -0.00 -6.56 1.18 -0.04 -0.04 9328.00
0.02 0.01 -6.39 1.18 -0.04 -0.05 9368.00
0.00 0.02 -6.26 1.18 -0.04 -0.06 9409.00
-0.02 0.01 -6.18 1.18 -0.05 -0.04 9449.00
-0.02 0.01 -6.15 1.18 -0.06 -0.04 9489.00
-0.04 0.03 -6.11 1.19 -0.06 -0.04 9529.00
-0.05 0.04 -6.07 1.19 -0.07 -0.04 9569.00
-0.04 0.05 -6.03 1.18 -0.07 -0.05 9609.00
-0.01 0.03 -5.99 1.18 -0.07 -0.05 9649.00
0.01 -0.00 -6.01 1.18 -0.05 -0.04 9690.00
0.01 -0.01 -6.02 1.18 -0.05 -0.04 9730.00
-0.01 -0.01 -6.06 1.18 -0.05 -0.04 9769.00
-0.04 0.03 -6.12 1.19 -0.06 -0.04 9809.00
-0.04 0.04 -6.17 1.18 -0.07 -0.05 9849.00
-0.06 0.06 -6.25 1.18 -0.07 -0.05 9889.00
-0.04 0.04 -6.36 1.18 -0.07 -0.05 9929.00
-0.03 0.03 -6.47 1.18 -0.07 -0.05 9970.00
-0.02 0.03 -6.59 1.18 -0.06 -0.05 10010.00
-0.05 0.03 -6.74 1.19 -0.07 -0.04 10050.00
-0.06 0.05 -6.89 1.18 -0.08 -0.04 10090.00
-0.06 0.08 -7.00 1.19 -0.09 -0.05 10130.00
-0.04 0.07 -7.06 1.18 -0.08 -0.06 10170.00
-0.03 0.09 -7.08 1.18 -0.08 -0.08 10211.00
0.02 0.11 -7.11 1.15 -0.08 -0.09 10251.00
0.08 0.09 -7.28 1.13 -0.05 -0.09 10291.00
0.12 0.08 -7.62 1.10 -0.03 -0.09 10331.00
0.15 0.09 -8.29 1.17 -0.00 -0.11 10371.00
0.16 0.10 -9.39 1.30 0.00 -0.14 10412.00
-0.06 0.12 -10.57 1.26 -0.05 -0.10 10451.00
-0.10 0.09 -11.08 1.19 -0.10 -0.06 10491.00
-0.02 0.06 -11.12 1.21 -0.08 -0.07 10532.00
0.12 0.09 -11.44 1.23 -0.04 -0.08 10572.00
0.07 0.16 -12.01 1.20 -0.01 -0.12 10612.00
-0.08 0.22 -12.30 1.15 -0.04 -0.14 10653.00
-0.12 0.24 -12.34 1.15 -0.07 -0.15 10693.00
-0.14 0.34 -12.34 1.15 -0.09 -0.18 10733.00
-0.10 0.42 -12.29 1.12 -0.10 -0.21 10774.00
-0.03 0.46 -12.18 1.14 -0.06 -0.23 10814.00
-0.02 0.48 -12.13 1.08 -0.05 -0.24 10854.00
-0.04 0.50 -12.14 1.10 -0.03 -0.26 10895.00
-0.01 0.48 -12.11 1.16 -0.03 -0.29 10935.00
0.13 0.23 -11.90 1.38 0.04 -0.21 10976.00
0.26 0.35 -11.84 1.56 0.21 0.16 11016.00
-0.24 0.25 -12.64 1.24 0.10 0.17 11056.00
-0.16 0.57 -12.99 1.01 -0.09 0.21 11097.00
0.20 0.42 -12.35 0.89 -0.02 0.23 11137.00
0.53 0.56 -11.66 1.04 0.11 0.32 11176.00
0.31 0.26 -11.45 1.20 0.12 0.21 11217.00
0.31 0.03 -11.74 1.16 0.05 0.09 11257.00
0.32 0.05 -11.99 1.13 0.06 0.06 11297.00
0.42 0.14 -12.31 1.09 0.11 0.08 11338.00
0.22 0.03 -12.61 1.11 0.11 0.08 11378.00
-0.07 -0.07 -12.66 1.21 -0.00 0.03 11418.00
-0.14 -0.01 -12.21 1.20 -0.07 0.01 11458.00
-0.08 -0.01 -11.31 1.20 -0.09 0.02 11499.00
0.28 0.03 -10.13 1.27 -0.01 0.08 11539.00
0.59 0.37 -9.31 1.33 0.18 0.09 11579.00
0.32 0.21 -10.08 1.02 0.14 -0.02 11620.00
0.18 0.14 -10.93 1.08 0.05 -0.08 11660.00
0.09 0.06 -11.24 1.13 0.04 -0.08 11700.00
-0.19 0.04 -11.13 1.16 -0.01 -0.09 11741.00
-0.30 0.11 -10.74 1.18 -0.08 -0.08 11781.00
-0.22 -0.00 -10.37 1.19 -0.09 -0.03 11821.00
-0.06 0.08 -10.21 1.24 -0.11 -0.02 11860.00
0.10 0.04 -10.46 1.23 -0.06 -0.04 11900.00
0.29 -0.06 -10.82 1.20 -0.02 -0.01 11941.00
0.18 -0.02 -10.86 1.17 0.04 0.01 11981.00
-0.00 -0.02 -10.54 1.15 0.01 -0.04 12022.00
0.01 -0.01 -10.14 1.17 -0.02 -0.05 12062.00
0.02 -0.07 -9.79 1.17 -0.01 -0.03 12102.00
0.03 -0.09 -9.60 1.16 -0.02 -0.00 12143.00
0.05 -0.08 -9.69 1.18 -0.03 -0.01 12183.00
0.02 -0.03 -9.95 1.21 -0.04 -0.01 12223.00
0.02 0.04 -10.17 1.20 -0.06 -0.03 12264.00
0.07 -0.01 -10.23 1.18 -0.05 -0.03 12304.00
0.09 -0.08 -10.11 1.17 -0.02 -0.02 12344.00
0.13 -0.09 -9.94 1.17 0.00 -0.01 12385.00
0.10 -0.10 -9.81 1.18 0.01 -0.01 12425.00
0.01 -0.06 -9.68 1.19 -0.01 -0.02 12466.00
0.01 -0.04 -9.60 1.19 -0.03 -0.02 12506.00
0.02 -0.04 -9.56 1.17 -0.04 -0.01 12546.00
0.03 -0.06 -9.53 1.18 -0.02 -0.02 12587.00
0.02 -0.09 -9.47 1.18 -0.02 -0.01 12626.00
-0.02 -0.07 -9.32 1.19 -0.03 -0.01 12666.00
-0.09 -0.02 -9.15 1.19 -0.05 -0.01 12707.00
-0.09 0.01 -9.08 1.19 -0.07 -0.01 12747.00
-0.07 0.03 -9.11 1.19 -0.07 -0.02 12787.00
-0.08 0.05 -9.14 1.19 -0.08 -0.02 12827.00
-0.03 0.02 -9.15 1.18 -0.08 -0.02 12867.00
0.03 0.00 -9.18 1.18 -0.06 -0.03 12908.00
0.08 -0.06 -9.21 1.18 -0.04 -0.02 12948.00
0.06 -0.07 -9.23 1.18 -0.02 -0.01 12988.00
0.05 -0.09 -9.24 1.19 -0.02 -0.01 13029.00
-0.02 -0.04 -9.24 1.18 -0.03 -0.01 13069.00
-0.02 -0.04 -9.14 1.19 -0.05 -0.02 13109.00
-0.09 -0.01 -8.93 1.19 -0.05 -0.02 13150.00
-0.11 0.01 -8.66 1.19 -0.06 -0.02 13190.00
-0.09 0.03 -8.46 1.17 -0.07 -0.02 13230.00
-0.05 -0.00 -8.34 1.17 -0.07 -0.02 13270.00
-0.04 -0.02 -8.23 1.19 -0.06 -0.02 13309.00
-0.06 0.00 -8.02 1.19 -0.07 -0.02 13349.00
-0.07 -0.01 -7.73 1.18 -0.06 -0.02 13390.00
-0.03 0.00 -7.47 1.21 -0.07 -0.01 13430.00
-0.00 0.01 -7.21 1.23 -0.07 -0.00 13470.00
0.06 0.04 -7.02 1.24 -0.07 0.02 13510.00
0.20 0.03 -6.81 1.19 -0.02 0.06 13550.00
0.18 0.19 -6.60 1.17 0.07 0.13 13591.00
-0.19 0.10 -6.25 1.19 0.02 0.10 13631.00
-0.42 0.20 -5.91 1.16 -0.10 0.03 13671.00
-0.31 0.21 -5.79 1.14 -0.15 0.04 13711.00
-0.35 0.25 -5.78 1.18 -0.14 0.14 13752.00
-0.35 0.51 -6.35 1.25 -0.15 0.20 13792.00
-0.33 0.46 -6.99 1.17 -0.19 0.16 13832.00
-0.34 0.46 -7.29 1.12 -0.19 0.14 13873.00
-0.29 0.47 -7.55 1.09 -0.20 0.17 13913.00
-0.20 0.51 -7.96 1.07 -0.20 0.18 13953.00
-0.10 0.47 -8.32 1.04 -0.16 0.21 13993.00
-0.07 0.35 -8.49 1.02 -0.12 0.19 14033.00
0.03 0.32 -8.81 1.08 -0.09 0.21 14073.00
-0.02 0.32 -9.02 1.21 -0.04 0.23 14114.00
0.13 -0.06 -9.44 1.21 -0.08 -0.01 14154.00
0.33 -0.10 -10.18 1.28 0.01 -0.09 14194.00
0.19 -0.16 -10.97 1.49 0.05 -0.02 14234.00
0.28 0.17 -12.09 1.45 -0.06 -0.12 14275.00
0.16 0.35 -12.04 1.28 -0.05 -0.18 14315.00
0.12 0.45 -11.44 1.07 -0.06 -0.21 14355.00
0.20 0.51 -10.50 1.03 -0.01 -0.25 14396.00
0.23 0.40 -10.10 1.01 0.01 -0.22 14436.00
0.10 0.20 -10.56 1.09 0.01 -0.18 14477.00
-0.01 0.12 -11.25 1.16 -0.03 -0.14 14517.00
-0.01 0.14 -11.76 1.20 -0.06 -0.14 14557.00
-0.01 0.15 -11.99 1.23 -0.05 -0.13 14598.00
0.01 0.16 -12.01 1.19 -0.05 -0.13 14638.00
0.03 0.11 -11.96 1.19 -0.04 -0.12 14678.00
0.04 0.04 -11.92 1.19 -0.05 -0.08 14718.00
0.14 0.04 -11.85 1.23 -0.03 -0.09 14758.00
0.14 0.07 -11.83 1.31 0.01 -0.10 14799.00
-0.04 0.06 -11.79 1.19 -0.02 -0.07 14839.00
-0.09 0.01 -11.24 1.06 -0.07 -0.04 14879.00
0.04 -0.06 -10.56 1.15 -0.04 -0.03 14919.00
0.10 -0.05 -10.27 1.23 -0.02 -0.03 14960.00
0.05 -0.02 -10.28 1.22 -0.02 -0.03 15000.00
-0.04 0.03 -10.15 1.17 -0.03 -0.05 15040.00
-0.07 0.08 -9.82 1.17 -0.06 -0.06 15081.00
-0.01 0.11 -9.68 1.17 -0.07 -0.08 15121.00
0.05 0.12 -9.62 1.18 -0.06 -0.09 15161.00
0.05 0.10 -9.60 1.18 -0.04 -0.09 15201.00
0.06 0.02 -9.54 1.18 -0.03 -0.06 15242.00
0.05 0.00 -9.35 1.19 -0.03 -0.06 15282.00
0.02 -0.01 -9.09 1.19 -0.03 -0.04 15322.00
0.07 -0.00 -8.92 1.18 -0.03 -0.05 15362.00
0.11 -0.04 -8.88 1.17 -0.01 -0.04 15403.00
0.02 -0.03 -8.89 1.17 -0.01 -0.04 15442.00
-0.04 0.03 -8.96 1.18 -0.04 -0.05 15482.00
-0.08 0.11 -9.05 1.18 -0.07 -0.09 15523.00
-0.05 0.10 -9.20 1.18 -0.07 -0.09 15563.00
-0.05 0.05 -9.34 1.18 -0.08 -0.06 15603.00
-0.04 0.04 -9.42 1.19 -0.07 -0.05 15643.00
-0.04 0.03 -9.45 1.20 -0.07 -0.05 15683.00
-0.05 0.03 -9.41 1.19 -0.07 -0.04 15723.00
-0.02 0.04 -9.35 1.20 -0.07 -0.05 15764.00
-0.01 0.08 -9.35 1.19 -0.06 -0.07 15804.00
-0.00 0.07 -9.37 1.18 -0.06 -0.07 15844.00
0.02 0.08 -9.37 1.17 -0.05 -0.08 15884.00
-0.00 0.03 -9.37 1.18 -0.05 -0.05 15924.00
-0.00 0.02 -9.36 1.18 -0.04 -0.06 15965.00
-0.04 0.06 -9.30 1.19 -0.05 -0.07 16005.00
-0.05 0.07 -9.20 1.18 -0.07 -0.07 16045.00
-0.04 0.08 -9.12 1.17 -0.06 -0.08 16084.00
-0.02 0.06 -9.10 1.17 -0.06 -0.07 16124.00
-0.02 0.02 -9.16 1.17 -0.06 -0.05 16164.00
-0.03 0.04 -9.18 1.18 -0.06 -0.06 16205.00
-0.03 0.04 -9.15 1.19 -0.07 -0.06 16245.00
-0.01 0.01 -9.07 1.20 -0.06 -0.05 16285.00
-0.01 0.06 -9.05 1.19 -0.05 -0.07 16325.00
-0.01 0.08 -9.12 1.17 -0.05 -0.08 16365.00
0.03 0.08 -9.28 1.18 -0.05 -0.09 16406.00
0.06 0.04 -9.58 1.18 -0.05 -0.07 16446.00
0.05 0.04 -9.89 1.19 -0.04 -0.07 16486.00
0.07 0.02 -10.18 1.19 -0.03 -0.07 16526.00
0.13 0.02 -10.53 1.19 -0.01 -0.07 16567.00
0.17 0.04 -10.95 1.17 -0.01 -0.07 16607.00
0.19 0.01 -11.38 1.18 0.02 -0.05 16647.00
0.15 0.03 -11.90 1.18 0.03 -0.07 16688.00
0.02 0.04 -12.39 1.17 0.00 -0.08 16728.00
-0.08 0.09 -12.67 1.15 -0.03 -0.10 16768.00
-0.12 0.11 -12.78 1.16 -0.06 -0.10 16808.00
-0.00 0.05 -12.95 1.19 -0.06 -0.09 16848.00
0.07 -0.02 -13.21 1.21 -0.03 -0.05 16888.00
0.11 -0.00 -13.37 1.20 -0.00 -0.05 16929.00
0.12 0.09 -13.50 1.18 -0.00 -0.09 16969.00
0.11 0.15 -13.56 1.17 0.00 -0.12 17009.00
0.09 0.16 -13.61 1.16 -0.00 -0.13 17049.00
0.15 0.18 -13.57 1.15 0.01 -0.14 17090.00
0.20 0.14 -13.53 1.14 0.04 -0.11 17130.00
0.17 0.05 -13.56 1.16 0.05 -0.09 17171.00
0.10 0.05 -13.62 1.18 0.04 -0.09 17211.00
0.04 0.08 -13.66 1.21 0.01 -0.10 17251.00
-0.00 0.13 -13.62 1.21 -0.01 -0.12 17292.00
0.04 0.12 -13.52 1.19 -0.02 -0.11 17332.00
0.10 0.12 -13.53 1.17 -0.01 -0.11 17373.00
0.17 0.13 -13.62 1.18 0.01 -0.11 17413.00
0.19 0.15 -13.78 1.18 0.02 -0.12 17453.00
0.28 0.19 -13.96 1.17 0.04 -0.13 17494.00
0.22 0.14 -14.15 1.16 0.06 -0.11 17533.00
0.14 0.10 -14.35 1.16 0.05 -0.10 17573.00
0.10 0.10 -14.47 1.17 0.02 -0.11 17614.00
0.09 0.09 -14.51 1.17 0.01 -0.10 17654.00
0.11 0.07 -14.52 1.19 0.01 -0.09 17695.00
0.13 0.09 -14.52 1.19 0.02 -0.10 17735.00
0.13 0.12 -14.53 1.18 0.02 -0.11 17775.00
0.16 0.12 -14.53 1.17 0.03 -0.11 17816.00
0.14 0.11 -14.54 1.17 0.03 -0.11 17856.00
0.14 0.11 -14.56 1.17 0.02 -0.10 17897.00
0.14 0.11 -14.56 1.18 0.02 -0.10 17937.00
0.15 0.12 -14.55 1.18 0.03 -0.11 17978.00
