-0.03 -0.04 -2.29 1.18 -0.06 -0.04 2818.00
-0.02 -0.01 -2.33 1.18 -0.08 -0.05 2857.00
-0.01 0.00 -2.36 1.19 -0.09 -0.05 2897.00
0.02 -0.01 -2.39 1.19 -0.08 -0.05 2937.00
0.06 -0.05 -2.41 1.18 -0.07 -0.04 2977.00
0.06 -0.06 -2.44 1.18 -0.06 -0.04 3017.00
0.09 -0.07 -2.49 1.18 -0.05 -0.04 3057.00
0.08 -0.09 -2.56 1.18 -0.04 -0.03 3098.00
0.04 -0.06 -2.61 1.18 -0.05 -0.04 3138.00
0.04 -0.04 -2.64 1.18 -0.06 -0.05 3178.00
0.07 -0.06 -2.66 1.18 -0.05 -0.04 3218.00
0.06 -0.07 -2.68 1.18 -0.05 -0.04 3258.00
0.05 -0.06 -2.68 1.19 -0.05 -0.04 3299.00
0.06 -0.06 -2.70 1.18 -0.05 -0.04 3339.00
0.09 -0.08 -2.71 1.18 -0.05 -0.04 3379.00
0.07 -0.08 -2.73 1.18 -0.04 -0.04 3419.00
0.06 -0.06 -2.74 1.18 -0.04 -0.04 3459.00
0.06 -0.07 -2.76 1.18 -0.05 -0.04 3499.00
0.05 -0.06 -2.79 1.18 -0.05 -0.04 3539.00
0.03 -0.06 -2.80 1.18 -0.05 -0.04 3579.00
0.06 -0.05 -2.82 1.18 -0.05 -0.05 3619.00
0.06 -0.05 -2.87 1.18 -0.05 -0.05 3659.00
0.04 -0.07 -2.88 1.19 -0.05 -0.03 3699.00
0.04 -0.05 -2.88 1.18 -0.06 -0.04 3740.00
0.05 -0.05 -2.88 1.18 -0.05 -0.05 3780.00
0.05 -0.06 -2.89 1.18 -0.05 -0.04 3820.00
0.08 -0.06 -2.90 1.19 -0.05 -0.05 3860.00
0.08 -0.06 -2.94 1.18 -0.05 -0.05 3900.00
0.10 -0.07 -2.97 1.18 -0.04 -0.05 3940.00
0.10 -0.09 -3.00 1.19 -0.04 -0.04 3981.00
0.09 -0.08 -3.02 1.19 -0.04 -0.04 4021.00
0.09 -0.08 -3.04 1.18 -0.04 -0.04 4061.00
0.08 -0.07 -3.06 1.18 -0.04 -0.04 4101.00
0.09 -0.08 -3.10 1.18 -0.03 -0.04 4141.00
0.08 -0.08 -3.14 1.18 -0.04 -0.04 4182.00
0.06 -0.06 -3.17 1.18 -0.04 -0.04 4221.00
0.06 -0.06 -3.20 1.18 -0.05 -0.05 4261.00
0.06 -0.06 -3.20 1.18 -0.05 -0.05 4301.00
0.07 -0.07 -3.19 1.18 -0.05 -0.04 4341.00
0.07 -0.09 -3.19 1.18 -0.05 -0.03 4382.00
0.06 -0.08 -3.14 1.21 -0.04 -0.04 4422.00
-0.01 -0.07 -2.96 1.22 -0.06 -0.02 4462.00
0.01 -0.06 -2.51 1.25 -0.07 -0.02 4502.00
0.05 -0.05 -2.06 1.27 -0.07 -0.02 4542.00
0.20 -0.10 -1.90 1.23 -0.05 0.02 4582.00
0.57 0.23 -1.88 1.15 0.05 0.13 4623.00
0.58 0.63 -2.14 1.14 0.20 0.28 4663.00
-0.16 -0.03 -1.57 1.19 0.13 0.07 4703.00
-0.32 0.14 -0.63 1.15 -0.13 -0.00 4743.00
-0.24 0.13 -0.48 1.13 -0.14 0.05 4784.00
-0.09 0.24 -0.71 1.15 -0.08 0.15 4824.00
-0.30 0.33 -1.00 1.14 -0.08 0.20 4864.00
-0.33 0.38 -1.35 1.16 -0.15 0.17 4904.00
-0.14 0.34 -2.04 1.08 -0.17 0.14 4944.00
0.04 0.28 -2.82 1.09 -0.09 0.19 4984.00
-0.03 0.37 -3.43 1.13 -0.07 0.25 5024.00
-0.11 0.39 -3.77 1.09 -0.10 0.24 5065.00
-0.06 0.38 -3.68 1.08 -0.10 0.26 5105.00
-0.06 0.01 -3.26 1.13 -0.11 0.07 5145.00
0.16 -0.03 -3.24 1.25 -0.10 -0.11 5185.00
0.43 -0.14 -3.76 1.48 -0.01 -0.12 5226.00
0.15 -0.01 -4.66 1.51 -0.03 -0.06 5266.00
0.16 0.36 -4.95 1.28 -0.13 -0.20 5306.00
0.27 0.34 -4.49 1.11 -0.05 -0.20 5346.00
0.38 0.34 -4.24 0.98 0.01 -0.22 5387.00
0.28 0.08 -4.53 1.04 0.02 -0.14 5427.00
0.09 0.09 -5.22 1.09 -0.03 -0.14 5467.00
0.10 0.09 -5.79 1.19 -0.06 -0.14 5508.00
0.11 0.08 -6.00 1.18 -0.06 -0.13 5548.00
0.13 0.12 -5.77 1.23 -0.02 -0.16 5587.00
0.02 0.11 -5.44 1.20 -0.03 -0.15 5628.00
-0.04 0.12 -5.11 1.14 -0.07 -0.14 5668.00
0.03 0.08 -4.92 1.15 -0.09 -0.12 5708.00
0.10 0.02 -4.97 1.17 -0.07 -0.09 5748.00
0.12 -0.02 -5.13 1.18 -0.07 -0.06 5788.00
0.31 -0.18 -4.98 1.21 -0.03 -0.02 5829.00
0.47 0.00 -4.60 1.30 0.07 0.03 5869.00
0.20 -0.00 -4.47 1.35 0.12 0.01 5909.00
-0.13 0.08 -4.07 1.17 -0.02 -0.05 5949.00
-0.11 0.16 -3.19 1.04 -0.08 -0.11 5989.00
0.01 0.15 -2.50 1.09 -0.07 -0.14 6029.00
0.03 0.11 -2.60 1.17 -0.06 -0.13 6070.00
0.03 0.05 -2.97 1.19 -0.07 -0.09 6110.00
0.07 -0.04 -3.15 1.19 -0.07 -0.06 6150.00
0.06 -0.07 -3.06 1.21 -0.06 -0.05 6190.00
0.05 -0.09 -2.80 1.21 -0.05 -0.04 6230.00
0.01 -0.09 -2.45 1.18 -0.05 -0.03 6270.00
-0.05 -0.10 -2.16 1.16 -0.05 -0.02 6310.00
-0.16 -0.03 -1.97 1.17 -0.07 -0.03 6350.00
-0.17 0.07 -1.81 1.20 -0.12 -0.06 6390.00
-0.10 0.13 -1.83 1.22 -0.15 -0.05 6431.00
0.06 0.08 -2.09 1.19 -0.12 -0.07 6471.00
0.17 -0.02 -2.31 1.18 -0.07 -0.06 6511.00
0.17 -0.08 -2.44 1.18 -0.04 -0.05 6551.00
0.09 -0.08 -2.36 1.19 -0.04 -0.04 6591.00
0.04 -0.02 -2.15 1.19 -0.05 -0.06 6632.00
0.09 -0.07 -1.95 1.18 -0.05 -0.05 6672.00
0.14 -0.13 -1.87 1.17 -0.03 -0.03 6712.00
0.11 -0.11 -1.89 1.19 -0.02 -0.04 6752.00
0.06 -0.07 -2.02 1.18 -0.04 -0.05 6793.00
0.00 -0.03 -2.21 1.18 -0.06 -0.05 6833.00
-0.01 0.01 -2.36 1.19 -0.08 -0.06 6873.00
0.01 -0.01 -2.48 1.18 -0.08 -0.06 6913.00
0.04 -0.03 -2.61 1.18 -0.07 -0.05 6952.00
0.02 -0.03 -2.77 1.18 -0.07 -0.04 6992.00
0.01 -0.02 -2.95 1.18 -0.07 -0.05 7032.00
-0.03 0.04 -3.02 1.20 -0.09 -0.07 7072.00
0.06 0.06 -2.99 1.19 -0.08 -0.10 7113.00
0.10 0.07 -2.97 1.18 -0.06 -0.11 7153.00
0.16 0.06 -2.98 1.14 -0.04 -0.11 7193.00
0.17 0.03 -3.11 1.13 -0.03 -0.11 7233.00
0.16 0.04 -3.36 1.13 -0.01 -0.12 7274.00
0.16 0.05 -3.79 1.16 -0.01 -0.13 7314.00
0.08 0.10 -4.39 1.21 -0.01 -0.16 7355.00
-0.04 0.02 -4.85 1.21 -0.05 -0.11 7395.00
-0.15 -0.02 -4.91 1.18 -0.09 -0.06 7435.00
-0.12 -0.00 -4.60 1.19 -0.11 -0.05 7475.00
-0.07 0.06 -4.39 1.27 -0.10 -0.07 7515.00
0.02 0.23 -4.47 1.27 -0.09 -0.16 7556.00
-0.02 0.29 -4.63 1.18 -0.09 -0.17 7596.00
0.05 0.25 -4.68 1.17 -0.08 -0.17 7635.00
0.05 0.22 -4.85 1.15 -0.07 -0.16 7675.00
0.04 0.31 -4.94 1.13 -0.06 -0.19 7716.00
0.00 0.32 -5.00 1.08 -0.05 -0.19 7756.00
-0.07 0.37 -5.10 1.05 -0.06 -0.20 7796.00
-0.05 0.37 -5.22 1.06 -0.08 -0.22 7836.00
0.02 0.36 -5.39 1.19 -0.05 -0.26 7876.00
-0.02 0.29 -5.25 1.25 -0.06 -0.25 7917.00
0.10 0.02 -4.82 1.36 -0.02 -0.15 7957.00
0.16 0.02 -4.93 1.48 -0.01 0.10 7997.00
0.65 0.67 -4.81 1.44 0.11 0.34 8038.00
0.28 0.68 -4.95 1.10 0.20 0.28 8078.00
0.69 0.59 -4.78 0.86 0.13 0.22 8118.00
0.53 0.45 -4.02 1.02 0.25 0.21 8158.00
0.01 -0.04 -3.48 1.13 0.12 0.12 8199.00
-0.28 -0.15 -4.21 1.15 -0.02 0.08 8239.00
-0.23 0.01 -5.21 1.22 -0.16 0.07 8279.00
-0.10 0.04 -6.20 1.22 -0.15 0.08 8318.00
-0.06 0.06 -6.96 1.24 -0.16 0.05 8359.00
0.04 0.03 -6.83 1.21 -0.14 -0.02 8399.00
0.14 -0.05 -6.60 1.16 -0.08 -0.04 8439.00
0.06 0.01 -6.42 1.17 -0.05 -0.07 8479.00
0.08 0.07 -6.13 1.16 -0.08 -0.10 8519.00
0.28 -0.03 -5.81 1.24 -0.05 -0.07 8560.00
0.45 -0.08 -5.48 1.23 0.01 -0.01 8600.00
0.65 0.11 -5.30 1.17 0.08 0.00 8640.00
0.54 0.13 -5.68 1.19 0.13 -0.03 8680.00
0.36 0.06 -6.07 1.20 0.11 -0.04 8720.00
0.10 0.01 -5.91 1.14 0.06 -0.08 8761.00
-0.08 -0.01 -5.56 1.11 -0.01 -0.09 8801.00
-0.13 -0.02 -5.29 1.13 -0.06 -0.08 8841.00
-0.09 -0.05 -5.17 1.18 -0.08 -0.05 8881.00
0.00 -0.09 -5.15 1.21 -0.07 -0.00 8921.00
0.04 -0.08 -5.19 1.23 -0.06 0.01 8961.00
0.04 -0.03 -5.37 1.21 -0.07 -0.02 9001.00
0.04 0.00 -5.47 1.20 -0.06 -0.05 9041.00
0.03 0.04 -5.47 1.19 -0.07 -0.06 9081.00
0.10 0.03 -5.42 1.17 -0.07 -0.08 9121.00
0.16 -0.05 -5.33 1.16 -0.04 -0.06 9161.00
0.21 -0.14 -5.28 1.16 -0.01 -0.03 9202.00
0.16 -0.15 -5.29 1.16 0.01 -0.02 9242.00
0.07 -0.09 -5.38 1.17 -0.02 -0.05 9282.00
0.01 -0.07 -5.48 1.18 -0.05 -0.03 9322.00
-0.03 -0.01 -5.49 1.20 -0.08 -0.05 9363.00
0.02 -0.01 -5.39 1.20 -0.08 -0.05 9403.00
0.10 -0.05 -5.22 1.19 -0.07 -0.05 9443.00
0.14 -0.09 -5.07 1.19 -0.04 -0.04 9483.00
0.16 -0.09 -4.97 1.17 -0.02 -0.05 9523.00
0.16 -0.10 -4.95 1.18 -0.01 -0.04 9564.00
0.10 -0.10 -4.94 1.18 -0.01 -0.04 9604.00
0.05 -0.09 -4.86 1.18 -0.04 -0.04 9644.00
0.05 -0.08 -4.78 1.18 -0.05 -0.03 9683.00
0.05 -0.06 -4.71 1.18 -0.05 -0.04 9724.00
0.05 -0.05 -4.65 1.19 -0.05 -0.05 9764.00
0.06 -0.06 -4.59 1.17 -0.06 -0.04 9804.00
0.07 -0.05 -4.55 1.18 -0.06 -0.05 9844.00
0.08 -0.03 -4.59 1.18 -0.05 -0.06 9884.00
0.12 -0.05 -4.65 1.17 -0.04 -0.06 9925.00
0.11 -0.05 -4.66 1.18 -0.04 -0.06 9965.00
0.10 -0.03 -4.67 1.19 -0.03 -0.07 10005.00
0.08 0.04 -4.78 1.15 -0.05 -0.10 10045.00
0.09 0.02 -5.03 1.13 -0.05 -0.10 10086.00
0.16 0.01 -5.45 1.16 -0.05 -0.10 10126.00
0.17 0.01 -6.10 1.20 -0.03 -0.11 10166.00
0.17 -0.02 -7.04 1.25 -0.04 -0.10 10207.00
0.03 0.02 -8.04 1.22 -0.07 -0.06 10247.00
0.04 0.03 -8.63 1.18 -0.10 -0.07 10287.00
0.05 0.06 -8.73 1.21 -0.08 -0.10 10327.00
0.13 0.14 -8.58 1.23 -0.06 -0.13 10368.00
0.15 0.15 -8.41 1.21 -0.03 -0.14 10407.00
0.15 0.14 -8.22 1.16 -0.01 -0.14 10447.00
0.14 0.10 -8.11 1.16 -0.00 -0.13 10488.00
0.14 0.06 -8.20 1.18 -0.00 -0.11 10528.00
0.02 0.12 -8.56 1.18 -0.01 -0.12 10569.00
-0.07 0.20 -8.94 1.15 -0.06 -0.15 10609.00
-0.09 0.26 -9.25 1.13 -0.09 -0.16 10649.00
-0.04 0.25 -9.57 1.11 -0.09 -0.16 10689.00
-0.07 0.30 -9.83 1.09 -0.08 -0.17 10730.00
-0.04 0.21 -9.76 1.15 -0.07 -0.18 10770.00
0.12 0.13 -9.11 1.26 -0.02 -0.17 10810.00
0.10 0.04 -8.21 1.41 0.06 -0.13 10851.00
-0.02 -0.12 -7.52 1.39 0.02 -0.06 10891.00
-0.01 0.09 -6.88 1.33 -0.03 0.14 10931.00
0.23 0.39 -6.76 1.20 -0.06 0.19 10972.00
0.71 0.45 -6.64 1.00 0.10 0.17 11012.00
0.90 0.64 -6.67 1.02 0.23 0.27 11052.00
0.72 0.65 -6.33 1.06 0.33 0.23 11091.00
-0.19 -0.10 -6.43 1.05 0.10 0.11 11132.00
-0.18 -0.12 -6.79 1.14 -0.04 0.07 11172.00
-0.10 0.06 -7.50 1.20 -0.14 0.08 11212.00
-0.01 0.01 -8.09 1.23 -0.10 0.10 11253.00
0.08 0.07 -8.29 1.19 -0.13 0.08 11293.00
0.22 -0.10 -7.99 1.19 -0.04 0.05 11333.00
0.20 -0.14 -7.73 1.15 -0.01 0.02 11373.00
0.26 -0.11 -7.56 1.15 0.01 0.04 11414.00
0.24 -0.11 -7.57 1.17 0.03 0.03 11454.00
0.31 -0.09 -7.45 1.22 0.04 -0.02 11494.00
0.24 -0.10 -7.39 1.27 0.07 0.02 11535.00
0.10 -0.13 -7.10 1.20 0.04 -0.00 11575.00
-0.02 -0.00 -6.50 1.16 -0.03 -0.07 11615.00
0.03 -0.05 -5.88 1.18 -0.02 -0.06 11655.00
-0.05 -0.02 -5.59 1.18 -0.05 -0.06 11696.00
-0.05 -0.02 -5.50 1.17 -0.08 -0.04 11736.00
0.05 -0.08 -5.50 1.16 -0.07 -0.03 11776.00
0.05 -0.06 -5.54 1.20 -0.06 -0.04 11815.00
0.04 -0.04 -5.60 1.22 -0.05 -0.05 11855.00
-0.01 0.00 -5.53 1.20 -0.06 -0.06 11896.00
-0.04 0.01 -5.35 1.17 -0.08 -0.06 11936.00
0.07 -0.03 -5.21 1.18 -0.07 -0.05 11976.00
0.14 -0.08 -5.31 1.19 -0.04 -0.04 12016.00
0.11 -0.09 -5.53 1.19 -0.03 -0.04 12056.00
0.09 -0.06 -5.73 1.18 -0.04 -0.04 12097.00
0.09 -0.04 -5.89 1.17 -0.04 -0.06 12137.00
0.08 -0.04 -5.97 1.17 -0.04 -0.06 12177.00
0.08 -0.09 -6.01 1.17 -0.04 -0.04 12217.00
0.06 -0.10 -6.04 1.18 -0.04 -0.03 12258.00
0.03 -0.07 -6.04 1.18 -0.06 -0.03 12298.00
0.04 -0.06 -5.98 1.18 -0.06 -0.03 12338.00
0.08 -0.07 -5.91 1.18 -0.04 -0.05 12378.00
0.10 -0.13 -5.92 1.19 -0.03 -0.02 12419.00
0.02 -0.07 -5.97 1.18 -0.05 -0.03 12459.00
0.02 -0.03 -6.03 1.18 -0.07 -0.05 12498.00
0.03 -0.02 -6.05 1.18 -0.07 -0.05 12538.00
0.06 -0.06 -6.01 1.18 -0.06 -0.04 12578.00
0.10 -0.07 -5.99 1.19 -0.05 -0.04 12619.00
0.13 -0.10 -5.99 1.19 -0.04 -0.04 12659.00
0.12 -0.10 -6.02 1.19 -0.03 -0.03 12699.00
0.13 -0.11 -6.05 1.19 -0.02 -0.03 12740.00
0.10 -0.11 -6.08 1.18 -0.03 -0.03 12780.00
0.08 -0.06 -6.09 1.18 -0.04 -0.05 12820.00
0.10 -0.06 -6.10 1.18 -0.04 -0.05 12860.00
0.11 -0.08 -6.09 1.18 -0.03 -0.05 12901.00
0.12 -0.09 -6.09 1.18 -0.03 -0.04 12941.00
0.14 -0.13 -6.10 1.18 -0.02 -0.03 12981.00
0.10 -0.12 -6.11 1.18 -0.02 -0.03 13022.00
0.07 -0.09 -6.09 1.18 -0.03 -0.04 13062.00
0.08 -0.10 -6.02 1.18 -0.04 -0.04 13102.00
0.08 -0.12 -5.84 1.23 -0.03 -0.03 13143.00
0.15 -0.14 -5.71 1.21 -0.02 -0.01 13182.00
0.27 -0.12 -5.59 1.21 0.01 0.03 13223.00
0.35 0.04 -5.45 1.24 0.05 0.08 13263.00
0.20 0.11 -5.26 1.21 0.08 0.11 13303.00
0.07 -0.01 -5.03 1.18 0.04 0.07 13343.00
-0.12 -0.02 -4.97 1.18 -0.03 0.03 13384.00
-0.18 0.02 -5.08 1.13 -0.08 0.00 13424.00
-0.13 0.08 -5.30 1.16 -0.09 0.08 13464.00
-0.05 0.26 -5.92 1.18 -0.10 0.15 13504.00
0.08 0.20 -6.44 1.13 -0.07 0.15 13544.00
0.07 0.25 -6.60 1.11 -0.02 0.18 13585.00
0.06 0.27 -6.67 1.09 -0.01 0.19 13625.00
0.07 0.30 -6.82 1.06 -0.02 0.21 13666.00
-0.02 0.31 -6.92 1.04 -0.02 0.22 13706.00
0.06 0.31 -6.85 1.12 -0.03 0.25 13746.00
-0.04 -0.11 -6.35 1.24 -0.04 0.04 13787.00
0.15 0.07 -6.29 1.28 -0.10 -0.15 13827.00
0.65 -0.05 -7.33 1.35 -0.06 -0.17 13867.00
0.32 -0.15 -8.45 1.47 0.06 0.00 13906.00
0.05 0.26 -9.29 1.29 -0.07 -0.17 13946.00
0.12 0.41 -9.33 1.10 -0.10 -0.22 13987.00
0.33 0.36 -8.81 1.08 -0.02 -0.24 14027.00
0.19 0.24 -8.64 1.06 0.01 -0.20 14067.00
0.09 0.12 -8.79 1.10 -0.02 -0.16 14108.00
-0.01 0.11 -8.89 1.14 -0.05 -0.15 14148.00
0.00 0.14 -8.81 1.16 -0.07 -0.16 14188.00
0.01 0.12 -8.65 1.17 -0.07 -0.15 14229.00
0.06 0.08 -8.55 1.16 -0.06 -0.14 14269.00
0.07 0.03 -8.69 1.19 -0.06 -0.10 14309.00
0.13 -0.05 -8.94 1.22 -0.05 -0.07 14350.00
0.22 -0.18 -8.86 1.24 0.00 0.03 14390.00
0.24 -0.07 -8.31 1.38 0.08 0.04 14430.00
-0.01 -0.01 -8.33 1.30 0.01 -0.03 14470.00
-0.11 0.28 -8.08 1.10 -0.11 -0.10 14511.00
0.08 0.18 -7.27 1.05 -0.08 -0.13 14551.00
0.18 0.16 -6.87 1.14 -0.03 -0.16 14590.00
0.12 0.11 -7.07 1.18 -0.02 -0.13 14631.00
0.06 0.11 -7.15 1.16 -0.02 -0.13 14671.00
-0.01 0.09 -6.96 1.17 -0.04 -0.14 14712.00
-0.03 0.07 -6.58 1.19 -0.07 -0.12 14752.00
0.08 -0.09 -6.06 1.17 -0.07 -0.05 14792.00
0.32 0.05 -5.41 1.16 0.03 0.12 14832.00
0.22 0.08 -5.01 1.24 0.09 0.14 14873.00
-0.06 -0.04 -5.03 1.28 0.00 -0.00 14913.00
-0.08 0.25 -5.24 1.21 -0.10 -0.12 14953.00
-0.06 0.30 -5.51 1.15 -0.11 -0.17 14993.00
0.05 0.20 -5.72 1.13 -0.10 -0.15 15034.00
0.08 0.06 -5.64 1.15 -0.06 -0.12 15074.00
0.05 -0.03 -5.39 1.16 -0.04 -0.08 15114.00
0.03 -0.12 -5.11 1.17 -0.05 -0.03 15154.00
0.00 -0.17 -4.84 1.19 -0.05 0.01 15195.00
0.05 -0.09 -4.73 1.23 -0.06 0.03 15235.00
0.10 -0.03 -4.97 1.24 -0.06 -0.02 15275.00
0.07 0.05 -5.25 1.20 -0.06 -0.08 15314.00
0.06 0.09 -5.41 1.17 -0.06 -0.11 15354.00
0.08 0.10 -5.46 1.16 -0.06 -0.13 15395.00
0.12 0.02 -5.47 1.16 -0.05 -0.10 15435.00
0.16 -0.05 -5.47 1.16 -0.03 -0.07 15475.00
0.25 -0.09 -5.49 1.18 0.01 -0.05 15516.00
0.22 -0.13 -5.64 1.17 0.04 -0.02 15556.00
0.12 -0.15 -5.84 1.19 0.03 -0.02 15596.00
-0.05 -0.08 -6.09 1.19 -0.01 -0.05 15637.00
-0.13 0.03 -6.26 1.19 -0.07 -0.08 15677.00
-0.11 0.09 -6.41 1.19 -0.10 -0.10 15717.00
-0.03 0.06 -6.59 1.19 -0.11 -0.08 15757.00
0.09 -0.00 -6.70 1.20 -0.08 -0.08 15798.00
0.17 -0.03 -6.83 1.19 -0.04 -0.07 15838.00
0.19 -0.04 -7.02 1.18 -0.01 -0.07 15878.00
0.21 -0.05 -7.22 1.16 0.01 -0.07 15918.00
0.14 -0.07 -7.45 1.17 0.01 -0.06 15959.00
0.13 -0.05 -7.59 1.18 -0.01 -0.07 15998.00
0.10 -0.01 -7.70 1.18 -0.02 -0.08 16038.00
0.08 -0.02 -7.72 1.18 -0.03 -0.08 16078.00
0.06 0.01 -7.70 1.18 -0.04 -0.09 16119.00
0.11 -0.00 -7.72 1.19 -0.04 -0.08 16159.00
0.16 -0.01 -7.77 1.19 -0.03 -0.08 16199.00
0.19 -0.04 -7.78 1.18 -0.01 -0.07 16240.00
0.23 -0.00 -7.78 1.17 0.01 -0.08 16280.00
0.24 0.02 -7.80 1.17 0.02 -0.09 16320.00
0.21 0.01 -7.84 1.16 0.03 -0.09 16361.00
0.16 -0.02 -7.90 1.17 0.02 -0.09 16401.00
0.14 -0.07 -7.89 1.18 0.00 -0.07 16441.00
0.13 -0.04 -7.78 1.20 0.00 -0.08 16481.00
0.08 0.01 -7.63 1.18 -0.01 -0.09 16522.00
0.12 -0.01 -7.54 1.17 -0.02 -0.09 16562.00
0.13 -0.02 -7.56 1.18 -0.01 -0.08 16602.00
0.11 0.01 -7.64 1.19 -0.02 -0.09 16643.00
0.13 -0.02 -7.71 1.18 -0.02 -0.08 16683.00
0.15 -0.03 -7.76 1.20 -0.01 -0.07 16722.00
0.15 -0.01 -7.81 1.19 -0.01 -0.08 16763.00
0.16 -0.01 -7.87 1.17 -0.01 -0.09 16803.00
0.14 -0.01 -7.88 1.18 0.00 -0.09 16843.00
0.14 -0.02 -7.88 1.17 -0.01 -0.08 16883.00
0.18 -0.02 -7.85 1.18 -0.00 -0.08 16924.00
0.18 -0.01 -7.82 1.17 0.01 -0.08 16964.00
0.18 -0.03 -7.81 1.17 0.01 -0.08 17004.00
0.10 -0.03 -7.85 1.17 -0.00 -0.08 17045.00
0.08 -0.01 -7.87 1.18 -0.02 -0.08 17085.00
0.09 -0.02 -7.90 1.19 -0.03 -0.08 17125.00
0.10 -0.01 -7.94 1.19 -0.04 -0.08 17165.00
0.14 -0.02 -7.94 1.19 -0.03 -0.08 17206.00
0.20 -0.02 -7.89 1.18 -0.01 -0.07 17246.00
0.22 0.01 -7.83 1.18 0.02 -0.09 17286.00
0.23 -0.02 -7.80 1.16 0.03 -0.07 17326.00
0.20 -0.04 -7.80 1.16 0.03 -0.07 17367.00
0.13 -0.06 -7.84 1.17 0.01 -0.07 17406.00
