-0.23 -0.10 2.74 1.18 -0.06 -0.06 3499.00
-0.22 -0.09 2.69 1.18 -0.06 -0.07 3538.00
-0.23 -0.07 2.66 1.18 -0.06 -0.07 3578.00
-0.21 -0.11 2.63 1.18 -0.06 -0.05 3618.00
-0.22 -0.10 2.62 1.18 -0.06 -0.06 3658.00
-0.20 -0.10 2.65 1.18 -0.06 -0.06 3698.00
-0.19 -0.11 2.65 1.18 -0.05 -0.06 3738.00
-0.21 -0.10 2.66 1.18 -0.05 -0.06 3779.00
-0.21 -0.09 2.65 1.18 -0.06 -0.06 3819.00
-0.23 -0.09 2.64 1.19 -0.06 -0.06 3859.00
-0.20 -0.09 2.62 1.19 -0.06 -0.07 3899.00
-0.20 -0.10 2.59 1.18 -0.05 -0.06 3939.00
-0.21 -0.11 2.57 1.18 -0.05 -0.05 3979.00
-0.20 -0.12 2.60 1.19 -0.06 -0.05 4019.00
-0.24 -0.08 2.67 1.19 -0.06 -0.07 4060.00
-0.22 -0.11 2.79 1.18 -0.07 -0.05 4100.00
-0.27 -0.07 2.92 1.18 -0.07 -0.07 4140.00
-0.25 -0.06 3.04 1.19 -0.08 -0.06 4179.00
-0.24 -0.06 3.14 1.18 -0.08 -0.06 4219.00
-0.23 -0.06 3.22 1.19 -0.08 -0.06 4259.00
-0.23 -0.06 3.30 1.20 -0.08 -0.06 4299.00
-0.25 -0.06 3.38 1.19 -0.08 -0.06 4339.00
-0.24 -0.09 3.50 1.17 -0.08 -0.04 4379.00
-0.24 -0.13 3.71 1.18 -0.08 -0.03 4419.00
-0.31 -0.05 4.01 1.21 -0.09 -0.02 4460.00
-0.25 -0.01 4.36 1.20 -0.12 -0.00 4500.00
0.07 -0.06 4.82 1.19 -0.05 0.07 4540.00
0.35 0.30 4.75 1.18 0.10 0.18 4580.00
0.04 0.21 4.71 1.26 0.19 0.17 4620.00
-0.59 -0.02 5.32 1.08 -0.02 0.06 4661.00
-0.60 0.07 5.69 1.12 -0.12 0.04 4701.00
-0.39 0.04 5.83 1.10 -0.12 0.10 4741.00
-0.37 0.20 5.75 1.17 -0.07 0.20 4781.00
-0.49 0.30 5.40 1.19 -0.11 0.20 4822.00
-0.47 0.31 4.97 1.13 -0.13 0.18 4861.00
-0.37 0.28 4.37 1.08 -0.14 0.17 4901.00
-0.33 0.28 3.61 1.08 -0.13 0.19 4941.00
-0.23 0.26 3.00 1.09 -0.11 0.21 4981.00
-0.31 0.16 2.77 1.08 -0.10 0.17 5022.00
-0.37 0.05 2.87 1.10 -0.13 0.13 5062.00
-0.35 -0.02 2.86 1.22 -0.14 0.03 5102.00
-0.16 -0.04 2.49 1.31 -0.17 -0.09 5143.00
0.09 -0.13 1.94 1.46 -0.10 -0.14 5183.00
0.08 -0.15 1.19 1.53 -0.03 -0.04 5223.00
-0.18 0.16 1.03 1.25 -0.07 -0.15 5263.00
-0.13 0.28 1.89 1.07 -0.07 -0.21 5303.00
-0.13 0.23 2.91 1.03 -0.04 -0.21 5344.00
-0.18 0.08 3.17 1.00 -0.06 -0.15 5384.00
-0.19 0.01 2.84 1.05 -0.08 -0.12 5424.00
-0.19 -0.01 2.13 1.13 -0.10 -0.11 5464.00
-0.11 -0.02 1.30 1.23 -0.09 -0.11 5505.00
-0.16 -0.01 0.72 1.22 -0.08 -0.11 5544.00
-0.22 -0.01 0.42 1.21 -0.07 -0.12 5584.00
-0.30 0.01 0.36 1.19 -0.08 -0.12 5624.00
-0.31 0.01 0.38 1.18 -0.11 -0.10 5665.00
-0.26 -0.05 0.45 1.17 -0.10 -0.06 5705.00
-0.15 -0.13 0.61 1.21 -0.06 -0.06 5745.00
-0.11 -0.17 0.83 1.30 -0.01 -0.06 5785.00
-0.25 -0.21 1.16 1.19 -0.02 0.02 5826.00
-0.35 -0.10 1.72 1.09 -0.08 0.00 5866.00
-0.25 -0.05 2.35 1.17 -0.08 -0.06 5906.00
-0.18 0.05 2.42 1.20 -0.06 -0.12 5946.00
-0.22 0.07 2.14 1.17 -0.06 -0.13 5986.00
-0.20 -0.03 2.02 1.15 -0.06 -0.11 6026.00
-0.25 -0.07 2.04 1.18 -0.07 -0.08 6066.00
-0.24 -0.06 2.08 1.20 -0.08 -0.08 6107.00
-0.23 -0.10 2.14 1.18 -0.08 -0.05 6147.00
-0.23 -0.15 2.28 1.18 -0.07 -0.04 6187.00
-0.24 -0.12 2.43 1.19 -0.06 -0.05 6226.00
-0.27 -0.03 2.50 1.19 -0.08 -0.07 6266.00
-0.24 -0.01 2.46 1.18 -0.09 -0.09 6306.00
-0.18 -0.03 2.36 1.18 -0.07 -0.10 6346.00
-0.14 -0.07 2.28 1.18 -0.05 -0.08 6387.00
-0.15 -0.10 2.28 1.18 -0.04 -0.08 6427.00
-0.20 -0.12 2.33 1.18 -0.04 -0.06 6467.00
-0.20 -0.14 2.40 1.19 -0.05 -0.05 6507.00
-0.20 -0.14 2.42 1.19 -0.05 -0.04 6547.00
-0.21 -0.11 2.36 1.19 -0.05 -0.05 6587.00
-0.23 -0.06 2.30 1.18 -0.06 -0.08 6627.00
-0.24 -0.06 2.27 1.17 -0.07 -0.08 6668.00
-0.24 -0.04 2.27 1.18 -0.08 -0.08 6708.00
-0.22 -0.06 2.26 1.18 -0.07 -0.08 6748.00
-0.20 -0.07 2.24 1.18 -0.06 -0.08 6788.00
-0.17 -0.13 2.17 1.18 -0.05 -0.05 6828.00
-0.18 -0.12 2.02 1.18 -0.04 -0.06 6868.00
-0.19 -0.11 1.85 1.17 -0.05 -0.06 6908.00
-0.24 -0.08 1.74 1.18 -0.06 -0.07 6948.00
-0.26 -0.07 1.68 1.19 -0.08 -0.06 6988.00
-0.24 -0.05 1.70 1.19 -0.08 -0.08 7028.00
-0.21 -0.08 1.75 1.18 -0.07 -0.06 7068.00
-0.17 -0.09 1.84 1.18 -0.05 -0.07 7108.00
-0.19 -0.09 1.89 1.18 -0.05 -0.07 7148.00
-0.20 -0.09 1.90 1.18 -0.04 -0.07 7189.00
-0.24 -0.08 1.92 1.18 -0.06 -0.07 7229.00
-0.27 -0.05 1.97 1.18 -0.07 -0.07 7269.00
-0.25 -0.03 2.03 1.18 -0.08 -0.09 7309.00
-0.25 -0.02 2.09 1.18 -0.08 -0.09 7349.00
-0.22 -0.04 2.13 1.17 -0.07 -0.09 7389.00
-0.20 -0.04 2.08 1.18 -0.06 -0.09 7430.00
-0.18 -0.04 2.02 1.18 -0.06 -0.10 7470.00
-0.10 -0.05 1.85 1.18 -0.05 -0.09 7510.00
-0.10 -0.07 1.50 1.17 -0.02 -0.09 7549.00
-0.13 -0.07 0.97 1.14 -0.02 -0.09 7590.00
-0.18 -0.05 0.44 1.11 -0.04 -0.10 7630.00
-0.18 -0.02 -0.18 1.18 -0.04 -0.12 7670.00
-0.24 0.03 -0.90 1.25 -0.06 -0.14 7710.00
-0.32 0.06 -1.46 1.26 -0.09 -0.14 7751.00
-0.32 0.05 -1.58 1.21 -0.11 -0.13 7791.00
-0.22 -0.03 -1.47 1.18 -0.08 -0.10 7831.00
-0.17 -0.04 -1.52 1.19 -0.05 -0.10 7871.00
-0.13 0.01 -1.76 1.19 -0.04 -0.11 7912.00
-0.11 -0.01 -1.88 1.17 -0.01 -0.11 7952.00
-0.28 0.07 -1.96 1.14 -0.03 -0.13 7992.00
-0.40 0.31 -1.79 1.12 -0.10 -0.22 8032.00
-0.49 0.43 -1.37 1.11 -0.14 -0.26 8073.00
-0.43 0.36 -0.73 1.10 -0.15 -0.23 8113.00
-0.29 0.26 0.00 1.18 -0.11 -0.23 8153.00
-0.16 0.27 0.64 1.31 -0.06 -0.23 8194.00
0.04 0.11 0.89 1.43 0.02 -0.15 8233.00
0.15 0.13 0.80 1.39 0.13 0.11 8273.00
-0.10 0.10 0.76 1.27 0.10 0.15 8313.00
-0.01 0.06 0.61 1.13 0.01 0.11 8354.00
0.30 0.41 0.29 1.03 0.06 0.24 8394.00
0.68 0.83 0.44 0.95 0.22 0.34 8434.00
0.07 0.26 0.42 1.01 0.22 0.23 8474.00
-0.38 -0.12 0.47 1.11 0.01 0.12 8515.00
-0.55 -0.07 0.68 1.14 -0.13 0.09 8555.00
-0.54 0.07 0.69 1.18 -0.19 0.09 8595.00
-0.42 0.05 1.04 1.16 -0.20 0.11 8636.00
-0.24 -0.09 1.52 1.18 -0.10 0.14 8676.00
-0.37 -0.04 1.77 1.24 -0.09 0.14 8716.00
-0.42 0.07 1.77 1.26 -0.16 0.05 8756.00
-0.26 0.12 1.63 1.22 -0.18 -0.02 8797.00
-0.08 0.06 1.34 1.17 -0.12 -0.06 8837.00
0.08 -0.09 1.17 1.21 -0.03 -0.06 8877.00
0.17 -0.09 0.93 1.20 0.04 -0.04 8916.00
0.10 -0.11 0.83 1.21 0.08 -0.02 8956.00
0.02 -0.16 0.72 1.15 0.06 -0.00 8997.00
-0.09 -0.20 0.58 1.15 0.04 -0.00 9037.00
-0.29 -0.23 0.60 1.19 0.02 -0.03 9077.00
-0.38 -0.06 0.81 1.18 -0.06 -0.07 9117.00
-0.44 0.02 1.07 1.14 -0.11 -0.07 9157.00
-0.41 -0.00 1.37 1.15 -0.13 -0.08 9198.00
-0.33 -0.03 1.53 1.20 -0.12 -0.06 9238.00
-0.26 -0.08 1.54 1.22 -0.11 -0.04 9278.00
-0.23 -0.12 1.63 1.21 -0.08 -0.04 9318.00
-0.22 -0.09 1.80 1.19 -0.07 -0.05 9358.00
-0.16 -0.09 1.85 1.18 -0.06 -0.06 9399.00
-0.16 -0.10 1.76 1.18 -0.05 -0.06 9439.00
-0.22 -0.11 1.69 1.16 -0.05 -0.05 9479.00
-0.26 -0.09 1.71 1.18 -0.06 -0.06 9519.00
-0.30 -0.08 1.73 1.19 -0.07 -0.05 9559.00
-0.29 -0.08 1.74 1.18 -0.08 -0.04 9598.00
-0.28 -0.06 1.73 1.18 -0.10 -0.06 9638.00
-0.27 -0.06 1.67 1.20 -0.09 -0.05 9678.00
-0.23 -0.09 1.61 1.19 -0.08 -0.05 9718.00
-0.21 -0.10 1.54 1.18 -0.07 -0.05 9758.00
-0.21 -0.11 1.49 1.18 -0.06 -0.05 9799.00
-0.24 -0.10 1.45 1.18 -0.06 -0.04 9839.00
-0.26 -0.08 1.34 1.18 -0.07 -0.05 9879.00
-0.24 -0.08 1.23 1.18 -0.08 -0.06 9919.00
-0.25 -0.07 1.12 1.18 -0.09 -0.05 9959.00
-0.22 -0.08 1.06 1.18 -0.08 -0.06 9999.00
-0.21 -0.10 1.04 1.18 -0.07 -0.05 10039.00
-0.22 -0.11 1.03 1.18 -0.07 -0.04 10079.00
-0.24 -0.08 1.03 1.18 -0.07 -0.06 10119.00
-0.23 -0.09 1.04 1.18 -0.07 -0.05 10160.00
-0.20 -0.08 1.02 1.17 -0.07 -0.06 10200.00
-0.18 -0.10 1.01 1.18 -0.06 -0.06 10240.00
-0.18 -0.13 1.00 1.19 -0.05 -0.05 10279.00
-0.22 -0.11 0.99 1.18 -0.06 -0.05 10319.00
-0.21 -0.09 0.95 1.18 -0.06 -0.06 10360.00
-0.19 -0.12 0.88 1.18 -0.06 -0.05 10400.00
-0.19 -0.10 0.77 1.18 -0.06 -0.06 10440.00
-0.18 -0.16 0.68 1.18 -0.06 -0.04 10480.00
-0.17 -0.15 0.60 1.20 -0.04 -0.04 10520.00
-0.22 -0.04 0.36 1.18 -0.06 -0.08 10561.00
-0.24 0.05 0.11 1.13 -0.07 -0.13 10601.00
-0.30 0.05 -0.19 1.16 -0.09 -0.12 10641.00
-0.25 0.03 -0.50 1.19 -0.10 -0.12 10681.00
-0.17 0.00 -0.82 1.20 -0.08 -0.12 10722.00
-0.18 -0.06 -1.12 1.21 -0.06 -0.10 10762.00
-0.24 -0.04 -1.29 1.18 -0.08 -0.08 10802.00
-0.18 -0.07 -1.35 1.16 -0.06 -0.08 10842.00
-0.17 -0.08 -1.51 1.17 -0.05 -0.08 10883.00
-0.18 -0.10 -1.73 1.21 -0.03 -0.08 10923.00
-0.25 -0.07 -1.99 1.23 -0.05 -0.07 10962.00
-0.32 0.05 -2.17 1.21 -0.07 -0.11 11002.00
-0.35 0.16 -2.32 1.17 -0.10 -0.15 11042.00
-0.34 0.23 -2.48 1.14 -0.11 -0.17 11083.00
-0.27 0.24 -2.65 1.14 -0.09 -0.20 11123.00
-0.30 0.28 -2.86 1.12 -0.09 -0.21 11163.00
-0.30 0.29 -3.00 1.08 -0.09 -0.21 11203.00
-0.24 0.23 -3.05 1.10 -0.08 -0.21 11244.00
-0.16 0.18 -3.03 1.22 -0.05 -0.23 11284.00
-0.13 0.08 -2.92 1.34 -0.01 -0.19 11324.00
-0.09 -0.17 -2.68 1.36 0.00 -0.08 11365.00
0.07 0.15 -2.52 1.48 0.06 0.16 11405.00
-0.01 0.18 -2.39 1.25 0.09 0.15 11445.00
0.05 0.18 -2.38 0.96 0.03 0.13 11486.00
0.56 0.17 -2.26 0.94 0.13 0.07 11526.00
0.46 0.35 -2.29 1.13 0.27 0.18 11566.00
-0.25 -0.05 -2.13 1.20 0.21 0.12 11607.00
-0.35 -0.13 -1.91 1.03 0.01 0.11 11646.00
-0.19 0.01 -1.85 1.11 -0.03 0.16 11686.00
-0.10 -0.15 -2.04 1.14 0.01 0.11 11727.00
-0.26 -0.11 -2.42 1.26 -0.04 0.08 11767.00
-0.33 -0.04 -2.61 1.20 -0.10 0.02 11807.00
-0.28 -0.07 -2.80 1.15 -0.11 0.01 11847.00
-0.27 -0.04 -2.96 1.13 -0.11 0.00 11888.00
-0.12 -0.09 -2.98 1.13 -0.10 -0.02 11928.00
0.11 -0.17 -2.91 1.25 -0.01 -0.04 11968.00
0.10 -0.14 -2.94 1.30 0.06 0.01 12008.00
0.05 -0.15 -2.84 1.19 0.04 0.02 12049.00
0.08 -0.09 -2.51 1.16 0.05 -0.01 12089.00
-0.06 -0.06 -2.04 1.21 0.07 -0.05 12129.00
-0.18 -0.05 -1.31 1.21 0.03 -0.09 12169.00
-0.26 0.01 -0.47 1.17 -0.01 -0.11 12210.00
-0.23 -0.06 0.15 1.13 -0.02 -0.10 12250.00
-0.18 -0.14 0.38 1.19 -0.02 -0.07 12290.00
-0.34 -0.14 0.23 1.23 -0.03 -0.07 12331.00
-0.51 0.03 0.29 1.18 -0.11 -0.06 12370.00
-0.38 0.03 0.56 1.14 -0.15 -0.06 12410.00
-0.24 -0.08 0.69 1.15 -0.11 -0.04 12450.00
-0.18 -0.19 0.77 1.18 -0.05 -0.01 12491.00
-0.28 -0.13 0.84 1.19 -0.05 -0.03 12531.00
-0.35 -0.05 0.91 1.19 -0.09 -0.05 12571.00
-0.32 -0.01 0.89 1.18 -0.11 -0.06 12611.00
-0.24 -0.03 0.74 1.18 -0.10 -0.06 12652.00
-0.21 -0.04 0.49 1.17 -0.09 -0.07 12692.00
-0.19 -0.08 0.27 1.17 -0.07 -0.06 12732.00
-0.19 -0.13 0.08 1.18 -0.06 -0.05 12772.00
-0.24 -0.13 -0.00 1.19 -0.06 -0.04 12812.00
-0.28 -0.10 -0.02 1.19 -0.07 -0.03 12852.00
-0.30 -0.05 0.01 1.18 -0.08 -0.05 12892.00
-0.29 -0.05 0.00 1.18 -0.09 -0.06 12933.00
-0.26 -0.06 -0.07 1.17 -0.09 -0.06 12973.00
-0.26 -0.07 -0.15 1.19 -0.08 -0.05 13012.00
-0.26 -0.09 -0.20 1.19 -0.08 -0.04 13052.00
-0.25 -0.09 -0.20 1.19 -0.08 -0.04 13092.00
-0.23 -0.11 -0.22 1.19 -0.08 -0.03 13132.00
-0.22 -0.11 -0.25 1.20 -0.08 -0.04 13173.00
-0.19 -0.10 -0.31 1.20 -0.07 -0.05 13213.00
-0.18 -0.08 -0.42 1.18 -0.06 -0.06 13253.00
-0.17 -0.09 -0.57 1.18 -0.05 -0.06 13293.00
-0.17 -0.14 -0.74 1.17 -0.04 -0.05 13333.00
-0.19 -0.14 -0.85 1.18 -0.05 -0.04 13373.00
-0.23 -0.11 -0.92 1.18 -0.06 -0.05 13414.00
-0.23 -0.10 -0.99 1.19 -0.06 -0.05 13454.00
-0.22 -0.11 -1.04 1.19 -0.07 -0.05 13494.00
-0.16 -0.12 -1.05 1.19 -0.06 -0.05 13534.00
-0.11 -0.18 -1.08 1.18 -0.03 -0.04 13574.00
-0.10 -0.18 -1.13 1.19 -0.00 -0.04 13615.00
-0.22 -0.18 -1.26 1.19 -0.01 -0.03 13655.00
-0.22 -0.15 -1.45 1.18 -0.04 -0.03 13694.00
-0.21 -0.13 -1.63 1.17 -0.06 -0.03 13735.00
-0.14 -0.19 -1.77 1.19 -0.05 -0.01 13775.00
-0.08 -0.20 -1.79 1.21 -0.03 0.02 13815.00
-0.02 -0.16 -1.58 1.21 0.00 0.05 13856.00
0.01 -0.03 -1.25 1.25 0.04 0.10 13896.00
-0.04 0.06 -0.98 1.26 0.05 0.12 13936.00
-0.14 -0.02 -0.73 1.20 0.05 0.10 13976.00
-0.36 -0.11 -0.56 1.19 -0.01 0.03 14017.00
-0.50 0.01 -0.57 1.15 -0.09 -0.01 14057.00
-0.53 0.11 -0.94 1.13 -0.15 -0.00 14097.00
-0.38 0.07 -1.39 1.10 -0.17 0.08 14137.00
-0.25 0.23 -1.72 1.11 -0.08 0.22 14178.00
-0.26 0.51 -1.88 1.25 0.00 0.37 14218.00
-0.31 0.29 -2.34 1.18 -0.06 0.19 14258.00
-0.40 0.18 -2.56 1.04 -0.08 0.13 14299.00
-0.45 0.17 -2.71 1.05 -0.12 0.12 14339.00
-0.50 0.26 -2.69 1.07 -0.14 0.20 14379.00
-0.47 0.34 -2.47 1.09 -0.15 0.24 14419.00
-0.27 0.27 -2.45 1.10 -0.16 0.20 14459.00
-0.13 -0.01 -2.22 1.14 -0.09 0.12 14499.00
0.18 -0.28 -1.65 1.28 -0.04 -0.06 14540.00
0.17 -0.18 -1.41 1.48 0.04 -0.11 14580.00
0.07 -0.09 -1.81 1.43 0.01 -0.10 14620.00
0.02 0.02 -2.18 1.25 -0.05 -0.13 14660.00
0.14 0.21 -2.50 1.22 -0.02 -0.20 14701.00
0.11 0.23 -2.66 1.16 0.00 -0.20 14741.00
-0.12 0.22 -2.79 1.07 0.01 -0.20 14781.00
-0.28 0.12 -2.63 1.02 -0.05 -0.19 14822.00
-0.39 -0.01 -2.30 1.11 -0.06 -0.15 14862.00
-0.46 0.10 -2.24 1.17 -0.14 -0.13 14902.00
-0.35 0.19 -2.18 1.25 -0.17 -0.17 14943.00
-0.25 0.16 -2.16 1.20 -0.14 -0.17 14983.00
-0.15 0.03 -2.32 1.16 -0.11 -0.13 15024.00
-0.09 -0.10 -2.51 1.16 -0.10 -0.08 15064.00
-0.01 -0.19 -2.59 1.17 -0.08 -0.03 15104.00
-0.00 -0.26 -2.61 1.20 -0.03 0.02 15143.00
0.02 -0.20 -2.71 1.27 0.04 0.00 15184.00
-0.24 -0.13 -2.86 1.32 -0.00 -0.03 15224.00
-0.40 0.09 -2.77 1.18 -0.09 -0.08 15264.00
-0.38 0.18 -2.47 1.08 -0.13 -0.13 15304.00
-0.19 0.09 -2.14 1.11 -0.10 -0.15 15345.00
-0.13 0.03 -2.22 1.19 -0.07 -0.13 15385.00
-0.16 -0.04 -2.29 1.17 -0.06 -0.09 15425.00
0.01 -0.23 -2.09 1.17 -0.02 -0.03 15466.00
0.06 -0.17 -1.84 1.20 0.05 0.01 15506.00
-0.02 -0.15 -1.67 1.21 0.07 0.02 15546.00
-0.18 -0.19 -1.66 1.20 0.02 -0.03 15586.00
-0.31 -0.05 -1.71 1.18 -0.03 -0.08 15627.00
-0.35 0.03 -1.77 1.17 -0.08 -0.11 15667.00
-0.30 0.04 -1.83 1.18 -0.09 -0.12 15707.00
-0.23 -0.07 -1.92 1.16 -0.08 -0.08 15747.00
-0.23 -0.20 -1.97 1.16 -0.05 -0.04 15788.00
-0.29 -0.15 -2.03 1.20 -0.05 -0.03 15827.00
-0.30 -0.05 -2.04 1.22 -0.08 -0.07 15867.00
-0.24 -0.02 -2.07 1.21 -0.09 -0.09 15907.00
-0.16 -0.00 -2.13 1.18 -0.06 -0.11 15947.00
-0.08 -0.02 -2.30 1.17 -0.03 -0.11 15988.00
-0.04 -0.07 -2.63 1.16 -0.01 -0.09 16028.00
-0.04 -0.09 -2.95 1.15 0.00 -0.09 16068.00
-0.11 -0.18 -3.18 1.16 0.02 -0.05 16109.00
-0.21 -0.11 -3.25 1.17 -0.02 -0.08 16149.00
-0.25 -0.05 -3.26 1.16 -0.05 -0.09 16189.00
-0.15 -0.06 -3.20 1.21 -0.05 -0.10 16229.00
-0.12 -0.10 -3.32 1.21 -0.02 -0.08 16270.00
-0.17 -0.14 -3.44 1.19 -0.01 -0.07 16310.00
-0.27 -0.09 -3.50 1.18 -0.04 -0.07 16350.00
-0.22 -0.07 -3.57 1.19 -0.05 -0.08 16390.00
-0.15 -0.06 -3.78 1.19 -0.06 -0.09 16431.00
-0.08 -0.04 -4.02 1.19 -0.02 -0.10 16471.00
-0.07 -0.06 -4.20 1.17 -0.01 -0.10 16510.00
-0.04 -0.06 -4.31 1.18 0.02 -0.09 16550.00
-0.07 -0.05 -4.40 1.18 0.02 -0.10 16591.00
-0.09 -0.06 -4.49 1.17 0.01 -0.10 16631.00
-0.08 -0.08 -4.64 1.18 0.02 -0.09 16672.00
-0.11 -0.08 -4.80 1.18 0.00 -0.09 16712.00
-0.13 -0.04 -4.94 1.18 -0.00 -0.11 16752.00
-0.10 -0.07 -5.04 1.17 -0.01 -0.10 16792.00
-0.11 -0.08 -5.13 1.18 -0.01 -0.09 16833.00
-0.11 -0.06 -5.21 1.19 -0.01 -0.10 16873.00
-0.07 -0.04 -5.28 1.18 -0.01 -0.10 16913.00
-0.05 -0.03 -5.37 1.18 0.01 -0.11 16954.00
-0.02 -0.05 -5.47 1.17 0.01 -0.10 16994.00
-0.04 -0.06 -5.57 1.17 0.02 -0.10 17034.00
-0.04 -0.06 -5.63 1.18 0.03 -0.09 17075.00
-0.06 -0.08 -5.67 1.18 0.03 -0.09 17115.00
-0.06 -0.07 -5.70 1.17 0.02 -0.09 17155.00
-0.09 -0.06 -5.76 1.17 0.02 -0.09 17196.00
-0.09 -0.07 -5.83 1.17 0.01 -0.09 17235.00
-0.08 -0.06 -5.89 1.18 0.01 -0.10 17275.00
-0.06 -0.07 -5.92 1.18 0.01 -0.09 17316.00
-0.08 -0.07 -5.94 1.18 0.01 -0.09 17356.00
-0.06 -0.08 -5.96 1.17 0.01 -0.09 17396.00
-0.10 -0.08 -6.04 1.17 0.01 -0.09 17437.00
-0.09 -0.09 -6.08 1.18 -0.00 -0.08 17477.00
