0.04 -0.05 0.76 1.18 -0.02 -0.04 3907.00
0.04 -0.05 0.82 1.19 -0.02 -0.04 3947.00
0.03 -0.03 0.87 1.18 -0.03 -0.05 3987.00
0.06 -0.03 0.91 1.18 -0.03 -0.05 4028.00
0.07 -0.06 0.93 1.18 -0.02 -0.04 4068.00
0.07 -0.05 0.93 1.18 -0.02 -0.04 4108.00
0.08 -0.06 0.92 1.18 -0.01 -0.04 4149.00
0.07 -0.04 0.91 1.18 -0.02 -0.05 4189.00
0.07 -0.05 0.90 1.18 -0.02 -0.05 4229.00
0.08 -0.04 0.92 1.18 -0.02 -0.05 4269.00
0.09 -0.04 0.93 1.18 -0.01 -0.06 4310.00
0.07 -0.04 0.95 1.18 -0.01 -0.05 4349.00
0.07 -0.06 0.99 1.18 -0.02 -0.04 4389.00
0.05 -0.03 1.05 1.18 -0.02 -0.05 4430.00
0.08 -0.03 1.12 1.18 -0.01 -0.06 4470.00
0.07 -0.04 1.18 1.18 -0.01 -0.05 4510.00
0.07 -0.04 1.26 1.18 -0.01 -0.05 4550.00
0.07 -0.04 1.32 1.18 -0.01 -0.05 4591.00
0.06 -0.04 1.37 1.18 -0.01 -0.05 4631.00
0.06 -0.03 1.42 1.18 -0.02 -0.06 4671.00
0.06 -0.04 1.48 1.18 -0.02 -0.05 4712.00
0.09 -0.04 1.53 1.18 -0.01 -0.05 4752.00
0.07 -0.04 1.58 1.18 -0.01 -0.05 4792.00
0.07 -0.04 1.62 1.18 -0.01 -0.05 4832.00
0.08 -0.06 1.66 1.18 -0.01 -0.05 4873.00
0.05 -0.02 1.70 1.18 -0.02 -0.06 4913.00
0.07 -0.02 1.76 1.18 -0.01 -0.06 4953.00
0.05 -0.01 1.82 1.18 -0.02 -0.07 4994.00
0.05 -0.04 1.89 1.18 -0.02 -0.05 5033.00
0.07 -0.04 1.99 1.18 -0.01 -0.05 5073.00
0.09 -0.03 2.09 1.18 -0.01 -0.06 5113.00
0.05 -0.03 2.26 1.18 -0.00 -0.06 5154.00
0.07 -0.06 2.46 1.19 -0.01 -0.05 5194.00
0.08 -0.11 2.64 1.21 -0.00 -0.02 5234.00
0.13 -0.13 2.69 1.22 -0.00 -0.00 5274.00
0.26 -0.02 2.77 1.21 0.03 0.02 5315.00
0.44 0.26 3.06 1.19 0.12 0.10 5355.00
0.18 0.30 3.51 1.24 0.18 0.15 5395.00
-0.02 -0.06 3.82 1.07 0.05 0.03 5435.00
-0.03 -0.07 3.68 1.11 -0.00 0.03 5475.00
-0.18 -0.02 3.36 1.12 -0.03 0.04 5516.00
-0.23 0.07 2.99 1.16 -0.05 0.08 5556.00
-0.28 0.21 2.64 1.16 -0.08 0.13 5596.00
-0.21 0.31 2.23 1.16 -0.11 0.16 5636.00
-0.04 0.34 1.68 1.12 -0.09 0.17 5677.00
0.16 0.30 1.12 1.10 -0.01 0.18 5716.00
0.09 0.24 0.84 1.09 0.02 0.17 5756.00
0.01 0.09 0.77 1.10 -0.02 0.12 5797.00
0.01 0.14 0.95 1.14 -0.02 0.16 5837.00
0.02 -0.03 1.19 1.21 -0.03 0.08 5877.00
0.18 -0.04 1.17 1.27 -0.03 -0.09 5917.00
0.46 -0.01 0.83 1.41 0.03 -0.10 5958.00
0.47 0.01 0.41 1.41 0.09 -0.01 5998.00
0.24 0.14 0.01 1.26 0.03 -0.12 6038.00
0.08 0.34 0.24 1.10 -0.03 -0.19 6078.00
0.21 0.35 0.80 1.11 -0.02 -0.22 6119.00
0.20 0.33 0.96 1.12 0.01 -0.21 6159.00
0.06 0.34 0.67 1.10 -0.00 -0.22 6199.00
-0.03 0.30 0.48 1.10 -0.05 -0.20 6239.00
-0.01 0.19 0.53 1.16 -0.05 -0.18 6280.00
0.02 0.16 0.83 1.18 -0.06 -0.16 6320.00
0.01 0.12 1.34 1.16 -0.04 -0.14 6360.00
0.02 0.00 1.85 1.16 -0.05 -0.09 6401.00
0.06 -0.03 2.24 1.17 -0.05 -0.07 6440.00
0.15 -0.18 2.59 1.21 -0.01 -0.01 6480.00
0.32 0.06 3.24 1.35 0.09 0.07 6520.00
0.17 -0.00 3.26 1.32 0.09 0.02 6560.00
-0.06 0.15 2.87 1.13 -0.04 -0.06 6601.00
-0.01 0.16 3.14 1.10 -0.06 -0.11 6641.00
-0.06 0.21 3.48 1.14 -0.04 -0.15 6681.00
-0.08 0.23 3.66 1.15 -0.08 -0.15 6721.00
-0.01 0.15 3.87 1.15 -0.08 -0.13 6762.00
0.01 0.12 4.11 1.19 -0.06 -0.12 6802.00
0.05 0.10 4.44 1.19 -0.06 -0.11 6842.00
0.09 -0.00 4.87 1.16 -0.04 -0.08 6882.00
0.12 -0.12 5.34 1.15 -0.02 -0.03 6922.00
0.15 -0.08 5.88 1.16 0.03 0.06 6963.00
0.01 -0.13 6.22 1.24 0.03 0.03 7003.00
-0.11 0.07 6.16 1.25 -0.06 -0.03 7043.00
-0.02 0.24 5.91 1.20 -0.10 -0.10 7083.00
0.02 0.19 5.51 1.16 -0.08 -0.12 7122.00
0.09 0.12 5.17 1.16 -0.05 -0.11 7163.00
0.06 -0.02 5.09 1.17 -0.03 -0.06 7203.00
-0.03 -0.01 5.26 1.18 -0.04 -0.06 7243.00
-0.00 -0.04 5.54 1.17 -0.05 -0.05 7283.00
0.02 -0.10 5.73 1.18 -0.04 -0.01 7323.00
-0.01 -0.06 5.79 1.19 -0.04 -0.01 7364.00
-0.03 0.01 5.78 1.19 -0.05 -0.04 7404.00
-0.04 0.07 5.80 1.18 -0.07 -0.07 7444.00
-0.03 0.05 5.90 1.18 -0.07 -0.07 7484.00
0.01 0.00 6.10 1.17 -0.06 -0.06 7524.00
0.04 -0.04 6.35 1.19 -0.03 -0.05 7564.00
0.04 -0.06 6.54 1.18 -0.02 -0.04 7605.00
0.04 -0.08 6.61 1.18 -0.02 -0.03 7645.00
-0.01 -0.01 6.64 1.19 -0.04 -0.05 7685.00
-0.04 0.04 6.65 1.19 -0.06 -0.07 7725.00
-0.04 0.04 6.71 1.18 -0.07 -0.06 7764.00
-0.00 0.02 6.79 1.18 -0.06 -0.07 7804.00
-0.01 0.00 6.85 1.18 -0.05 -0.06 7845.00
-0.00 -0.02 6.87 1.18 -0.05 -0.04 7885.00
-0.03 0.02 6.85 1.18 -0.06 -0.06 7925.00
0.00 0.01 6.81 1.18 -0.06 -0.06 7965.00
0.01 0.02 6.80 1.18 -0.05 -0.07 8005.00
0.02 -0.00 6.81 1.18 -0.05 -0.06 8045.00
0.05 -0.03 6.81 1.18 -0.03 -0.06 8086.00
0.02 -0.03 6.81 1.18 -0.03 -0.05 8126.00
-0.02 -0.00 6.81 1.19 -0.04 -0.06 8166.00
-0.00 0.02 6.80 1.19 -0.05 -0.07 8206.00
0.02 0.03 6.71 1.18 -0.05 -0.08 8246.00
0.01 0.00 6.58 1.17 -0.04 -0.06 8287.00
0.02 -0.01 6.42 1.17 -0.04 -0.06 8327.00
0.02 -0.02 6.30 1.19 -0.04 -0.06 8367.00
-0.00 0.01 6.20 1.20 -0.05 -0.07 8407.00
0.02 0.01 6.18 1.19 -0.05 -0.06 8446.00
0.08 0.00 6.16 1.19 -0.04 -0.07 8487.00
0.08 0.02 6.17 1.18 -0.03 -0.08 8527.00
0.10 -0.00 6.17 1.18 -0.02 -0.07 8567.00
0.09 0.00 6.17 1.18 -0.01 -0.07 8607.00
0.10 0.00 6.13 1.18 -0.01 -0.07 8648.00
0.08 0.06 6.09 1.17 -0.01 -0.10 8688.00
0.05 0.05 6.03 1.15 -0.02 -0.09 8728.00
0.00 0.09 5.96 1.12 -0.04 -0.10 8768.00
-0.00 0.08 5.87 1.15 -0.04 -0.11 8809.00
-0.01 0.11 5.67 1.20 -0.05 -0.12 8849.00
-0.04 0.15 5.52 1.20 -0.07 -0.13 8889.00
-0.04 0.15 5.56 1.19 -0.07 -0.13 8929.00
0.00 0.14 5.68 1.20 -0.06 -0.14 8969.00
0.03 0.06 5.76 1.20 -0.04 -0.10 9010.00
0.02 0.06 5.83 1.20 -0.04 -0.10 9050.00
0.02 0.02 5.90 1.19 -0.03 -0.08 9090.00
0.02 0.03 6.01 1.19 -0.03 -0.08 9129.00
-0.03 0.09 6.08 1.20 -0.03 -0.10 9170.00
-0.09 0.20 6.00 1.21 -0.05 -0.14 9210.00
-0.12 0.27 5.85 1.16 -0.08 -0.16 9250.00
-0.05 0.27 5.70 1.14 -0.08 -0.16 9290.00
-0.06 0.32 5.47 1.12 -0.07 -0.19 9330.00
-0.05 0.33 5.20 1.12 -0.06 -0.19 9371.00
-0.05 0.38 4.93 1.11 -0.04 -0.21 9411.00
-0.05 0.39 4.67 1.11 -0.04 -0.23 9451.00
-0.11 0.36 4.72 1.16 -0.06 -0.23 9491.00
-0.03 0.30 5.33 1.23 -0.03 -0.24 9532.00
0.06 0.15 6.08 1.32 0.01 -0.18 9572.00
0.13 -0.07 6.45 1.39 0.04 -0.05 9612.00
0.11 0.13 6.61 1.36 0.04 0.13 9653.00
0.24 0.37 6.72 1.24 0.09 0.18 9693.00
0.38 0.38 6.58 1.06 0.13 0.15 9733.00
0.56 0.63 6.90 1.01 0.25 0.25 9773.00
-0.22 -0.02 6.86 1.06 0.19 0.10 9814.00
-0.43 -0.09 6.28 1.12 -0.01 0.07 9853.00
-0.40 0.15 5.39 1.18 -0.16 -0.01 9893.00
-0.36 0.31 4.22 1.24 -0.26 -0.01 9933.00
0.06 0.17 3.71 1.14 -0.21 -0.01 9974.00
0.23 0.02 3.60 1.21 -0.11 -0.01 10014.00
0.23 -0.09 3.77 1.18 -0.02 -0.02 10054.00
0.19 -0.05 4.30 1.17 0.01 -0.03 10095.00
0.19 -0.02 5.19 1.19 0.03 -0.05 10135.00
0.23 -0.02 6.12 1.23 0.05 -0.03 10175.00
0.32 0.03 6.64 1.22 0.07 -0.01 10215.00
0.39 0.10 6.49 1.17 0.09 -0.02 10256.00
0.41 0.16 6.13 1.16 0.10 -0.05 10296.00
0.22 0.11 5.70 1.16 0.09 -0.07 10336.00
-0.04 0.02 5.54 1.14 0.02 -0.08 10376.00
-0.13 0.10 5.69 1.16 -0.06 -0.10 10416.00
-0.09 0.09 5.85 1.17 -0.09 -0.09 10457.00
-0.01 0.00 5.97 1.15 -0.08 -0.05 10497.00
0.11 -0.15 6.04 1.17 -0.03 -0.00 10536.00
0.08 -0.11 6.01 1.20 -0.01 0.01 10577.00
-0.01 -0.02 5.96 1.19 -0.04 -0.03 10617.00
-0.01 0.05 6.07 1.18 -0.06 -0.06 10657.00
0.03 0.06 6.31 1.18 -0.07 -0.07 10697.00
0.12 0.02 6.54 1.18 -0.04 -0.07 10737.00
0.24 -0.04 6.74 1.18 0.01 -0.04 10778.00
0.22 -0.05 6.92 1.18 0.04 -0.03 10818.00
0.16 -0.08 7.08 1.18 0.03 -0.02 10858.00
0.08 -0.07 7.17 1.19 0.01 -0.04 10898.00
0.02 -0.03 7.24 1.19 -0.01 -0.05 10939.00
-0.00 -0.02 7.29 1.18 -0.03 -0.05 10979.00
0.00 -0.04 7.37 1.18 -0.04 -0.04 11019.00
-0.00 -0.06 7.45 1.18 -0.04 -0.04 11060.00
-0.02 -0.06 7.56 1.19 -0.04 -0.03 11100.00
-0.03 -0.01 7.67 1.19 -0.05 -0.05 11140.00
0.01 -0.02 7.75 1.18 -0.05 -0.05 11180.00
0.02 -0.04 7.84 1.17 -0.04 -0.04 11220.00
0.00 -0.03 7.94 1.18 -0.04 -0.05 11260.00
-0.01 -0.03 8.07 1.19 -0.04 -0.04 11300.00
0.01 -0.07 8.24 1.19 -0.04 -0.02 11340.00
0.01 -0.05 8.42 1.19 -0.03 -0.04 11381.00
0.03 -0.08 8.55 1.18 -0.03 -0.03 11421.00
0.01 -0.04 8.63 1.18 -0.03 -0.04 11461.00
-0.02 -0.01 8.66 1.18 -0.04 -0.05 11501.00
-0.01 -0.01 8.71 1.18 -0.05 -0.06 11542.00
-0.04 -0.01 8.77 1.18 -0.06 -0.05 11582.00
-0.04 -0.01 8.84 1.18 -0.06 -0.05 11622.00
-0.02 -0.03 8.93 1.18 -0.05 -0.04 11662.00
-0.01 -0.02 9.00 1.18 -0.05 -0.04 11703.00
-0.02 0.00 9.03 1.18 -0.05 -0.05 11743.00
0.01 -0.01 9.01 1.18 -0.05 -0.05 11783.00
0.01 -0.02 9.01 1.19 -0.05 -0.05 11823.00
0.00 -0.01 9.06 1.19 -0.05 -0.05 11864.00
0.00 -0.01 9.14 1.18 -0.05 -0.06 11904.00
0.00 -0.01 9.22 1.18 -0.04 -0.06 11943.00
0.01 -0.01 9.31 1.18 -0.04 -0.06 11983.00
0.01 -0.02 9.36 1.18 -0.04 -0.05 12023.00
0.00 -0.00 9.41 1.18 -0.05 -0.06 12064.00
0.01 0.02 9.42 1.18 -0.05 -0.07 12104.00
0.04 0.00 9.41 1.18 -0.04 -0.07 12144.00
0.04 0.03 9.32 1.18 -0.03 -0.08 12184.00
0.06 0.04 9.11 1.17 -0.04 -0.09 12225.00
0.07 0.07 8.72 1.15 -0.04 -0.09 12265.00
0.03 0.10 8.23 1.12 -0.04 -0.10 12305.00
0.05 0.10 7.77 1.13 -0.04 -0.12 12346.00
0.06 0.10 7.14 1.20 -0.03 -0.14 12386.00
-0.01 0.14 6.47 1.25 -0.04 -0.14 12426.00
-0.03 0.13 6.11 1.21 -0.07 -0.13 12467.00
0.03 0.09 6.25 1.21 -0.05 -0.12 12507.00
0.07 0.10 6.41 1.22 -0.02 -0.12 12547.00
0.07 0.11 6.50 1.19 0.00 -0.12 12588.00
-0.04 0.12 6.57 1.16 0.00 -0.12 12627.00
-0.09 0.17 6.78 1.15 -0.04 -0.14 12667.00
-0.14 0.23 7.07 1.14 -0.06 -0.16 12708.00
-0.06 0.30 7.19 1.15 -0.06 -0.18 12748.00
-0.03 0.37 7.02 1.13 -0.07 -0.21 12788.00
0.04 0.40 6.72 1.12 -0.04 -0.22 12829.00
0.05 0.41 6.25 1.14 -0.02 -0.23 12869.00
0.10 0.35 6.04 1.30 0.01 -0.27 12909.00
0.06 0.31 6.20 1.43 0.05 -0.26 12950.00
-0.04 0.14 6.47 1.37 0.02 -0.17 12990.00
-0.06 0.02 6.84 1.24 -0.02 0.08 13030.00
0.62 1.39 6.83 1.17 0.07 0.68 13071.00
0.83 1.06 6.54 0.90 0.30 0.29 13111.00
0.44 0.38 6.80 0.96 0.25 0.18 13151.00
-0.01 -0.04 7.01 1.13 0.12 0.10 13191.00
-0.05 -0.08 6.68 1.21 -0.06 0.05 13232.00
0.05 -0.08 5.99 1.23 -0.08 0.02 13272.00
0.26 -0.03 5.66 1.19 -0.06 0.11 13312.00
0.21 0.04 5.77 1.20 -0.02 0.10 13351.00
0.24 -0.08 6.02 1.23 0.01 0.03 13392.00
0.19 -0.03 6.49 1.14 -0.01 -0.03 13432.00
0.18 0.03 7.18 1.10 0.01 -0.08 13472.00
0.26 0.04 8.05 1.18 0.04 -0.09 13513.00
0.41 0.01 8.92 1.24 0.08 -0.02 13553.00
0.66 0.30 9.37 1.30 0.19 0.05 13593.00
0.49 0.21 8.60 1.04 0.16 0.01 13633.00
0.39 0.16 7.54 1.08 0.11 -0.03 13674.00
0.11 0.03 6.94 1.09 0.09 -0.05 13714.00
-0.21 0.04 7.12 1.18 0.01 -0.10 13754.00
-0.26 0.14 7.53 1.21 -0.07 -0.13 13794.00
-0.17 0.22 7.67 1.26 -0.10 -0.16 13834.00
-0.12 0.23 7.62 1.23 -0.12 -0.15 13875.00
-0.01 0.04 7.64 1.15 -0.09 -0.07 13915.00
0.06 -0.10 7.87 1.13 -0.05 0.02 13955.00
0.08 -0.07 8.26 1.17 -0.01 0.05 13996.00
0.15 -0.10 8.54 1.22 0.01 0.00 14035.00
0.10 0.04 8.48 1.24 -0.01 -0.07 14075.00
0.12 0.08 8.36 1.20 -0.02 -0.09 14116.00
0.10 0.05 8.40 1.16 -0.02 -0.08 14156.00
0.13 -0.02 8.63 1.14 -0.01 -0.05 14196.00
0.17 -0.03 8.89 1.16 0.02 -0.05 14236.00
0.10 -0.06 9.12 1.18 0.04 -0.04 14277.00
0.08 -0.09 9.31 1.18 0.01 -0.03 14317.00
0.09 -0.10 9.36 1.18 0.01 -0.03 14357.00
0.06 -0.11 9.33 1.18 -0.00 -0.02 14398.00
-0.00 -0.04 9.30 1.18 -0.02 -0.04 14438.00
-0.03 -0.03 9.32 1.19 -0.04 -0.04 14479.00
-0.02 -0.00 9.37 1.19 -0.06 -0.05 14519.00
0.08 -0.03 9.42 1.18 -0.04 -0.05 14559.00
0.14 -0.09 9.41 1.18 -0.00 -0.03 14599.00
0.11 -0.11 9.35 1.19 0.01 -0.02 14640.00
0.08 -0.07 9.28 1.17 -0.01 -0.04 14680.00
0.07 -0.06 9.22 1.19 -0.01 -0.04 14721.00
0.05 -0.04 9.21 1.18 -0.02 -0.05 14760.00
0.07 -0.04 9.26 1.18 -0.01 -0.05 14800.00
0.09 -0.09 9.35 1.17 0.00 -0.03 14841.00
0.07 -0.10 9.42 1.18 0.01 -0.03 14881.00
0.06 -0.11 9.45 1.19 -0.01 -0.02 14921.00
0.02 -0.06 9.45 1.18 -0.02 -0.04 14962.00
0.03 -0.08 9.43 1.18 -0.02 -0.03 15002.00
0.05 -0.05 9.41 1.19 -0.02 -0.04 15043.00
0.05 -0.06 9.37 1.20 -0.02 -0.04 15083.00
0.07 -0.07 9.32 1.19 -0.01 -0.03 15123.00
0.09 -0.08 9.28 1.18 -0.01 -0.03 15164.00
0.11 -0.09 9.26 1.18 0.00 -0.03 15204.00
0.05 -0.12 9.29 1.16 0.00 -0.02 15244.00
-0.00 -0.05 9.39 1.18 -0.02 -0.05 15285.00
-0.03 -0.07 9.51 1.18 -0.03 -0.03 15325.00
0.00 -0.06 9.67 1.18 -0.03 -0.04 15365.00
0.05 -0.09 9.87 1.18 -0.03 -0.03 15405.00
0.06 -0.11 10.05 1.19 -0.01 -0.03 15446.00
0.07 -0.08 10.09 1.20 -0.01 -0.03 15485.00
0.09 -0.15 10.10 1.20 -0.01 -0.00 15526.00
0.16 -0.12 10.13 1.21 0.00 0.01 15566.00
0.19 -0.07 10.22 1.21 0.03 0.01 15607.00
0.14 -0.12 10.38 1.20 0.02 0.00 15647.00
0.20 -0.05 10.58 1.20 0.02 0.02 15687.00
0.22 0.03 10.93 1.19 0.06 0.05 15728.00
0.12 0.01 11.39 1.19 0.07 0.05 15768.00
-0.04 -0.02 11.72 1.12 0.03 0.05 15808.00
-0.07 -0.04 11.92 1.10 -0.03 0.04 15848.00
-0.11 -0.05 11.93 1.16 -0.04 0.01 15889.00
-0.07 -0.01 11.75 1.17 -0.06 0.04 15929.00
-0.01 -0.02 11.57 1.18 -0.04 0.06 15969.00
0.01 0.07 11.45 1.16 -0.02 0.11 16010.00
-0.03 0.26 11.35 1.18 -0.01 0.20 16050.00
-0.11 0.36 11.08 1.18 -0.04 0.20 16090.00
-0.06 0.26 10.66 1.11 -0.07 0.13 16131.00
0.04 0.18 10.26 1.09 -0.05 0.12 16171.00
0.08 0.18 9.92 1.11 -0.02 0.14 16210.00
0.17 0.21 9.59 1.10 -0.02 0.15 16251.00
0.17 0.16 9.67 1.10 0.02 0.14 16291.00
0.01 -0.03 10.24 1.15 0.01 0.07 16331.00
0.01 -0.08 10.73 1.24 -0.03 -0.08 16372.00
0.23 -0.04 10.52 1.37 -0.02 -0.12 16412.00
0.48 0.01 9.78 1.42 0.05 0.00 16452.00
0.48 0.13 8.80 1.37 0.17 -0.04 16493.00
0.30 0.30 8.22 1.03 -0.00 -0.16 16533.00
0.17 0.33 8.14 1.10 0.00 -0.20 16573.00
0.19 0.33 8.58 1.11 0.02 -0.20 16614.00
0.04 0.32 8.84 1.07 -0.01 -0.21 16654.00
0.05 0.32 9.18 1.14 -0.02 -0.23 16695.00
0.03 0.30 9.51 1.17 -0.02 -0.21 16735.00
0.03 0.25 9.95 1.15 -0.02 -0.19 16775.00
0.02 0.25 10.39 1.13 -0.01 -0.19 16816.00
-0.01 0.16 10.60 1.12 -0.03 -0.15 16856.00
-0.02 0.06 10.53 1.12 -0.06 -0.12 16897.00
0.06 0.08 10.34 1.16 -0.06 -0.12 16936.00
0.14 0.06 9.98 1.33 0.00 -0.13 16976.00
0.02 -0.13 9.57 1.28 -0.00 -0.04 17017.00
-0.14 0.08 10.02 1.13 -0.01 0.16 17057.00
-0.08 0.03 11.30 1.19 -0.05 0.11 17097.00
-0.02 0.13 12.02 1.31 -0.08 -0.05 17138.00
0.11 0.32 11.79 1.24 -0.10 -0.13 17178.00
0.22 0.27 11.45 1.16 -0.06 -0.14 17218.00
0.25 0.17 11.59 1.14 -0.01 -0.13 17259.00
0.18 0.10 12.06 1.17 0.02 -0.11 17299.00
0.06 0.10 12.67 1.17 0.00 -0.11 17339.00
0.04 0.10 13.30 1.15 -0.03 -0.11 17380.00
0.20 -0.06 13.85 1.15 0.00 -0.05 17420.00
0.27 -0.01 14.21 1.18 0.07 0.00 17460.00
0.15 -0.08 14.26 1.19 0.06 0.00 17501.00
0.06 -0.04 13.97 1.17 0.00 -0.04 17541.00
0.01 0.07 13.53 1.14 -0.03 -0.09 17581.00
-0.00 0.10 13.13 1.17 -0.05 -0.11 17622.00
-0.03 0.05 12.85 1.19 -0.06 -0.10 17661.00
-0.06 0.00 12.73 1.22 -0.06 -0.07 17701.00
-0.06 0.01 12.75 1.25 -0.07 -0.05 17741.00
-0.03 0.01 12.88 1.20 -0.08 -0.03 17781.00
0.13 -0.09 13.11 1.16 -0.04 -0.02 17822.00
0.19 -0.05 13.26 1.16 0.01 -0.03 17862.00
0.14 -0.01 13.26 1.20 0.02 -0.06 17903.00
0.09 0.05 13.20 1.20 -0.00 -0.09 17943.00
0.04 0.06 13.20 1.18 -0.02 -0.09 17983.00
0.05 0.01 13.26 1.16 -0.02 -0.07 18024.00
0.07 -0.07 13.36 1.18 -0.01 -0.04 18064.00
0.09 -0.11 13.43 1.19 -0.00 -0.02 18104.00
0.05 -0.09 13.48 1.20 -0.00 -0.02 18145.00
0.02 -0.04 13.49 1.19 -0.03 -0.03 18185.00
0.06 -0.01 13.46 1.19 -0.03 -0.06 18225.00
0.08 -0.01 13.45 1.17 -0.02 -0.06 18266.00
0.11 -0.00 13.46 1.16 -0.01 -0.07 18306.00
0.13 -0.03 13.49 1.17 0.01 -0.05 18345.00
0.07 -0.07 13.55 1.17 0.01 -0.04 18386.00
0.04 -0.06 13.63 1.18 -0.00 -0.05 18426.00
0.06 -0.08 13.70 1.17 -0.01 -0.04 18466.00
0.01 -0.06 13.82 1.18 -0.01 -0.05 18507.00
-0.01 -0.02 13.91 1.18 -0.03 -0.06 18547.00
-0.02 -0.00 13.97 1.18 -0.04 -0.06 18587.00
0.00 -0.03 14.02 1.18 -0.04 -0.06 18628.00
0.03 -0.04 14.06 1.19 -0.03 -0.05 18668.00
0.02 -0.04 14.09 1.19 -0.03 -0.05 18708.00
0.02 -0.05 14.05 1.19 -0.03 -0.05 18749.00
-0.02 0.01 13.99 1.19 -0.05 -0.06 18789.00
0.04 -0.00 13.92 1.18 -0.05 -0.06 18829.00
0.02 0.02 13.89 1.18 -0.04 -0.07 18869.00
0.06 0.02 13.91 1.18 -0.04 -0.08 18910.00
0.09 -0.01 13.99 1.17 -0.02 -0.07 18950.00
0.10 -0.00 14.19 1.18 0.00 -0.07 18990.00
0.08 0.02 14.43 1.18 0.01 -0.09 19031.00
0.05 -0.02 14.64 1.19 0.01 -0.07 19070.00
0.04 0.00 14.86 1.19 -0.01 -0.08 19110.00
0.03 -0.01 15.06 1.18 -0.02 -0.07 19151.00
0.07 0.04 15.20 1.19 -0.00 -0.09 19191.00
0.10 0.01 15.24 1.18 0.01 -0.08 19231.00
0.05 0.02 15.16 1.18 0.01 -0.09 19272.00
0.08 0.07 14.82 1.18 -0.00 -0.10 19312.00
0.09 0.07 14.40 1.19 0.00 -0.11 19352.00
0.06 0.07 13.98 1.17 -0.01 -0.11 19393.00
0.05 0.03 13.54 1.16 -0.01 -0.09 19433.00
0.06 -0.01 13.19 1.17 -0.01 -0.07 19473.00
0.01 0.01 12.97 1.20 -0.00 -0.08 19514.00
0.05 0.05 12.91 1.19 -0.01 -0.09 19554.00
0.09 0.05 12.91 1.20 -0.00 -0.09 19594.00
0.12 0.08 12.96 1.19 0.00 -0.10 19635.00
0.18 0.10 12.96 1.16 0.01 -0.11 19675.00
0.20 0.09 12.87 1.16 0.04 -0.10 19715.00
0.20 0.06 12.61 1.14 0.04 -0.09 19756.00
0.17 0.07 12.38 1.15 0.04 -0.10 19795.00
0.16 0.09 12.28 1.16 0.04 -0.11 19835.00
0.14 0.03 12.21 1.18 0.04 -0.09 19876.00
0.09 0.03 12.24 1.19 0.03 -0.09 19916.00
0.09 0.05 12.36 1.18 0.02 -0.10 19956.00
0.07 0.05 12.53 1.18 0.01 -0.10 19997.00
0.12 0.05 12.69 1.18 0.01 -0.10 20037.00
0.17 0.10 12.78 1.18 0.02 -0.11 20078.00
0.25 0.10 12.81 1.18 0.04 -0.10 20118.00
0.27 0.12 12.77 1.17 0.06 -0.11 20158.00
0.32 0.13 12.79 1.18 0.08 -0.09 20199.00
0.30 0.16 12.86 1.16 0.10 -0.10 20239.00
0.23 0.14 13.05 1.16 0.10 -0.11 20279.00
0.18 0.09 13.15 1.16 0.07 -0.10 20319.00
0.11 0.05 13.16 1.16 0.05 -0.10 20360.00
0.08 0.02 13.12 1.17 0.02 -0.09 20400.00
0.03 0.03 13.07 1.19 -0.00 -0.10 20441.00
0.04 0.05 13.04 1.21 -0.02 -0.10 20481.00
0.12 0.07 13.14 1.19 -0.02 -0.10 20520.00
0.28 0.12 13.30 1.18 0.02 -0.11 20561.00
