-0.20 0.11 -2.11 1.19 -0.15 -0.07 4058.00
-0.13 0.04 -2.01 1.19 -0.12 -0.05 4098.00
-0.08 -0.01 -1.87 1.19 -0.10 -0.04 4137.00
-0.06 -0.03 -1.77 1.19 -0.07 -0.03 4177.00
-0.07 -0.01 -1.74 1.19 -0.07 -0.05 4217.00
-0.10 0.03 -1.72 1.18 -0.07 -0.07 4257.00
-0.13 0.04 -1.65 1.17 -0.08 -0.07 4297.00
-0.13 0.02 -1.60 1.18 -0.09 -0.06 4338.00
-0.18 0.04 -1.56 1.18 -0.09 -0.06 4378.00
-0.19 0.04 -1.53 1.18 -0.10 -0.05 4418.00
-0.19 0.07 -1.53 1.19 -0.11 -0.06 4458.00
-0.18 0.07 -1.58 1.19 -0.12 -0.05 4498.00
-0.15 0.08 -1.62 1.19 -0.12 -0.06 4539.00
-0.14 0.06 -1.60 1.18 -0.11 -0.06 4579.00
-0.13 0.04 -1.54 1.18 -0.10 -0.06 4619.00
-0.10 0.02 -1.49 1.18 -0.09 -0.05 4659.00
-0.10 0.02 -1.49 1.18 -0.08 -0.06 4699.00
-0.10 0.01 -1.52 1.18 -0.08 -0.05 4739.00
-0.15 0.04 -1.56 1.18 -0.09 -0.06 4779.00
-0.16 0.06 -1.59 1.18 -0.10 -0.06 4819.00
-0.19 0.08 -1.61 1.18 -0.11 -0.06 4859.00
-0.17 0.05 -1.60 1.18 -0.11 -0.05 4899.00
-0.15 0.05 -1.59 1.19 -0.11 -0.05 4939.00
-0.14 0.05 -1.59 1.18 -0.11 -0.06 4980.00
-0.15 0.06 -1.59 1.18 -0.10 -0.06 5020.00
-0.13 0.05 -1.59 1.18 -0.11 -0.06 5060.00
-0.15 0.07 -1.59 1.18 -0.11 -0.07 5100.00
-0.12 0.04 -1.59 1.19 -0.10 -0.06 5141.00
-0.13 0.04 -1.59 1.19 -0.10 -0.06 5181.00
-0.15 0.05 -1.58 1.19 -0.09 -0.05 5221.00
-0.14 0.06 -1.57 1.18 -0.09 -0.07 5261.00
-0.15 0.05 -1.54 1.18 -0.10 -0.06 5301.00
-0.18 0.05 -1.46 1.17 -0.10 -0.06 5342.00
-0.18 0.02 -1.33 1.18 -0.11 -0.04 5382.00
-0.21 0.04 -1.14 1.19 -0.11 -0.04 5422.00
-0.24 0.06 -0.88 1.19 -0.12 -0.05 5462.00
-0.23 0.08 -0.61 1.18 -0.13 -0.06 5501.00
-0.25 0.10 -0.37 1.19 -0.13 -0.06 5542.00
-0.22 0.12 -0.24 1.18 -0.14 -0.07 5582.00
-0.23 0.14 -0.21 1.17 -0.14 -0.07 5622.00
-0.20 0.12 -0.23 1.19 -0.14 -0.07 5663.00
-0.17 0.10 -0.30 1.19 -0.13 -0.06 5703.00
-0.16 0.09 -0.38 1.18 -0.12 -0.07 5743.00
-0.15 0.07 -0.43 1.18 -0.11 -0.05 5784.00
-0.14 0.11 -0.59 1.20 -0.13 -0.04 5824.00
-0.03 0.05 -0.73 1.25 -0.12 -0.03 5864.00
0.09 -0.00 -0.91 1.25 -0.09 -0.02 5904.00
0.23 -0.12 -1.19 1.21 -0.03 -0.00 5944.00
0.47 0.23 -1.70 1.17 0.10 0.10 5984.00
0.40 0.36 -2.38 1.16 0.21 0.13 6025.00
-0.23 -0.06 -2.79 1.20 0.12 0.06 6065.00
-0.50 0.06 -2.90 1.18 -0.07 0.00 6105.00
-0.41 0.09 -3.23 1.12 -0.13 0.03 6145.00
-0.29 0.19 -3.53 1.17 -0.10 0.15 6185.00
-0.35 0.28 -3.81 1.22 -0.09 0.17 6225.00
-0.45 0.30 -4.03 1.17 -0.15 0.11 6265.00
-0.39 0.34 -4.07 1.14 -0.20 0.12 6305.00
-0.28 0.38 -4.11 1.12 -0.18 0.18 6346.00
-0.04 0.48 -4.41 1.12 -0.14 0.24 6386.00
0.09 0.40 -4.62 1.06 -0.06 0.23 6426.00
0.22 0.37 -4.67 1.03 0.01 0.21 6467.00
0.29 0.34 -4.50 1.01 0.06 0.21 6507.00
0.19 0.25 -4.57 1.07 0.08 0.18 6547.00
0.35 -0.07 -4.96 1.18 0.06 0.04 6587.00
0.16 0.05 -5.36 1.38 0.09 -0.19 6627.00
-0.22 -0.02 -6.31 1.45 -0.07 -0.18 6668.00
-0.18 0.23 -7.07 1.47 -0.23 -0.13 6708.00
-0.03 0.46 -7.19 1.27 -0.22 -0.23 6748.00
-0.03 0.43 -6.54 1.20 -0.09 -0.23 6788.00
-0.27 0.51 -5.69 0.98 -0.11 -0.23 6829.00
-0.29 0.29 -4.80 0.96 -0.14 -0.20 6868.00
-0.30 0.26 -4.06 1.11 -0.19 -0.16 6908.00
-0.14 0.23 -3.59 1.20 -0.19 -0.15 6949.00
-0.01 0.23 -3.24 1.26 -0.13 -0.16 6989.00
-0.03 0.19 -3.07 1.19 -0.10 -0.15 7029.00
-0.07 0.04 -2.97 1.14 -0.08 -0.09 7069.00
0.01 -0.07 -2.56 1.13 -0.07 0.07 7109.00
0.19 -0.15 -2.23 1.33 0.01 0.03 7150.00
-0.11 0.12 -2.84 1.42 -0.02 -0.06 7190.00
-0.43 0.42 -3.15 1.14 -0.17 -0.11 7230.00
-0.33 0.32 -2.53 1.00 -0.18 -0.14 7270.00
-0.18 0.22 -1.55 1.12 -0.12 -0.17 7311.00
-0.18 0.24 -1.17 1.21 -0.12 -0.17 7351.00
-0.14 0.24 -1.30 1.15 -0.12 -0.16 7391.00
-0.11 0.14 -1.35 1.13 -0.10 -0.13 7432.00
-0.09 -0.01 -1.19 1.17 -0.09 -0.08 7472.00
0.02 -0.18 -1.03 1.21 -0.07 0.02 7512.00
0.05 -0.05 -1.00 1.24 -0.02 0.09 7552.00
-0.15 0.00 -1.32 1.24 -0.05 -0.01 7591.00
-0.32 0.27 -1.62 1.19 -0.14 -0.11 7632.00
-0.33 0.36 -1.89 1.17 -0.17 -0.15 7672.00
-0.29 0.32 -2.11 1.16 -0.19 -0.15 7712.00
-0.17 0.24 -2.23 1.17 -0.17 -0.14 7753.00
-0.05 0.10 -2.27 1.19 -0.13 -0.09 7793.00
0.09 -0.11 -2.23 1.18 -0.07 -0.01 7833.00
0.10 -0.11 -2.18 1.19 -0.00 0.04 7873.00
-0.09 -0.09 -2.15 1.20 -0.01 0.02 7914.00
-0.21 0.06 -2.15 1.21 -0.08 -0.05 7954.00
-0.25 0.20 -2.19 1.19 -0.13 -0.11 7994.00
-0.20 0.19 -2.24 1.17 -0.15 -0.10 8035.00
-0.14 0.08 -2.25 1.16 -0.12 -0.08 8075.00
-0.14 0.03 -2.22 1.16 -0.11 -0.05 8115.00
-0.12 -0.01 -2.15 1.18 -0.10 -0.03 8155.00
-0.11 -0.02 -2.11 1.20 -0.09 -0.01 8195.00
-0.17 0.06 -2.10 1.19 -0.10 -0.04 8235.00
-0.20 0.10 -2.06 1.17 -0.12 -0.07 8275.00
-0.19 0.10 -2.01 1.17 -0.12 -0.07 8315.00
-0.19 0.08 -1.99 1.17 -0.12 -0.05 8355.00
-0.17 0.04 -1.98 1.19 -0.12 -0.04 8396.00
-0.18 0.07 -1.96 1.19 -0.12 -0.04 8436.00
-0.14 0.07 -1.96 1.19 -0.12 -0.05 8476.00
-0.13 0.06 -1.97 1.18 -0.11 -0.06 8516.00
-0.13 0.05 -1.96 1.17 -0.10 -0.06 8557.00
-0.15 0.05 -1.95 1.18 -0.10 -0.06 8597.00
-0.15 0.04 -1.96 1.19 -0.11 -0.04 8637.00
-0.14 0.04 -2.02 1.19 -0.11 -0.03 8677.00
-0.11 0.05 -2.17 1.20 -0.11 -0.05 8717.00
-0.11 0.07 -2.44 1.20 -0.10 -0.06 8757.00
-0.04 0.04 -2.71 1.19 -0.10 -0.06 8798.00
-0.04 0.03 -2.92 1.19 -0.09 -0.06 8838.00
-0.10 0.04 -3.10 1.16 -0.09 -0.06 8878.00
-0.09 0.03 -3.25 1.16 -0.09 -0.05 8918.00
-0.10 0.06 -3.39 1.15 -0.10 -0.05 8957.00
-0.06 0.06 -3.58 1.13 -0.09 -0.07 8997.00
-0.05 0.05 -3.87 1.18 -0.07 -0.09 9037.00
-0.14 0.09 -4.11 1.22 -0.08 -0.11 9078.00
-0.21 0.11 -4.16 1.19 -0.10 -0.10 9118.00
-0.19 0.07 -4.02 1.18 -0.10 -0.09 9158.00
-0.19 0.07 -3.94 1.15 -0.09 -0.08 9198.00
-0.18 0.05 -4.00 1.13 -0.09 -0.08 9238.00
-0.18 -0.01 -4.32 1.19 -0.09 -0.06 9278.00
-0.30 0.04 -4.79 1.23 -0.11 -0.04 9319.00
-0.36 0.15 -5.13 1.26 -0.15 -0.06 9359.00
-0.31 0.24 -5.21 1.24 -0.17 -0.10 9399.00
-0.22 0.35 -5.24 1.20 -0.15 -0.17 9440.00
-0.12 0.35 -5.39 1.12 -0.11 -0.18 9480.00
-0.14 0.32 -5.93 1.05 -0.09 -0.17 9520.00
-0.16 0.29 -6.71 1.04 -0.10 -0.16 9560.00
-0.14 0.35 -7.62 1.11 -0.10 -0.20 9601.00
-0.16 0.35 -8.36 1.22 -0.08 -0.25 9640.00
-0.18 0.30 -8.49 1.30 -0.08 -0.25 9680.00
-0.10 0.20 -7.65 1.36 -0.05 -0.23 9720.00
-0.09 -0.08 -6.74 1.37 -0.03 -0.10 9761.00
0.34 0.68 -7.06 1.51 0.02 0.41 9801.00
0.52 1.07 -7.42 1.14 0.23 0.35 9841.00
0.28 0.47 -7.69 0.83 0.12 0.22 9881.00
0.63 0.45 -7.16 1.00 0.24 0.21 9922.00
0.04 0.00 -7.17 1.12 0.13 0.14 9962.00
-0.11 -0.23 -7.83 1.13 -0.00 0.04 10002.00
-0.30 0.08 -8.71 1.20 -0.10 0.08 10042.00
-0.16 0.04 -8.75 1.18 -0.15 0.14 10083.00
-0.16 0.14 -8.67 1.29 -0.18 0.09 10123.00
-0.02 0.14 -8.12 1.28 -0.18 -0.01 10163.00
0.40 0.02 -7.61 1.16 -0.08 -0.04 10204.00
0.45 0.11 -7.28 1.09 0.07 0.00 10244.00
0.45 0.11 -6.79 1.10 0.11 0.02 10284.00
0.44 0.15 -6.62 1.15 0.13 -0.02 10323.00
0.33 0.04 -7.07 1.19 0.13 -0.03 10364.00
0.18 -0.07 -7.52 1.21 0.07 -0.04 10404.00
0.02 -0.08 -7.51 1.22 0.08 -0.00 10444.00
-0.17 -0.16 -6.88 1.21 0.02 -0.02 10484.00
-0.48 0.05 -5.68 1.17 -0.06 -0.08 10525.00
-0.33 0.04 -4.54 1.15 -0.09 -0.09 10565.00
-0.30 0.04 -4.10 1.20 -0.10 -0.06 10605.00
-0.17 0.07 -4.14 1.24 -0.13 -0.05 10645.00
-0.10 0.08 -4.62 1.22 -0.12 -0.03 10686.00
-0.12 0.08 -5.01 1.18 -0.11 -0.05 10726.00
-0.16 0.10 -5.03 1.16 -0.10 -0.08 10766.00
-0.16 0.08 -4.87 1.16 -0.11 -0.09 10806.00
-0.13 0.01 -4.72 1.18 -0.09 -0.05 10847.00
-0.07 -0.09 -4.68 1.19 -0.06 -0.02 10887.00
-0.17 -0.04 -4.66 1.19 -0.06 -0.02 10927.00
-0.24 0.08 -4.67 1.19 -0.11 -0.04 10967.00
-0.20 0.13 -4.81 1.19 -0.13 -0.06 11008.00
-0.16 0.10 -5.02 1.17 -0.13 -0.06 11047.00
-0.12 0.06 -5.11 1.18 -0.11 -0.05 11087.00
-0.15 0.05 -5.12 1.18 -0.10 -0.03 11127.00
-0.14 0.05 -5.09 1.18 -0.11 -0.04 11168.00
-0.09 0.03 -5.10 1.19 -0.10 -0.04 11208.00
-0.05 0.02 -5.14 1.19 -0.09 -0.05 11248.00
-0.05 -0.00 -5.18 1.18 -0.07 -0.05 11288.00
-0.06 0.01 -5.21 1.17 -0.07 -0.05 11328.00
-0.06 0.01 -5.22 1.18 -0.07 -0.06 11368.00
-0.02 -0.04 -5.21 1.19 -0.06 -0.05 11409.00
-0.02 -0.05 -5.21 1.20 -0.06 -0.03 11449.00
-0.05 -0.03 -5.22 1.19 -0.06 -0.04 11489.00
-0.06 -0.02 -5.24 1.18 -0.06 -0.04 11529.00
-0.06 -0.02 -5.30 1.18 -0.06 -0.05 11569.00
-0.08 -0.03 -5.39 1.17 -0.07 -0.03 11610.00
-0.09 -0.01 -5.49 1.17 -0.08 -0.03 11650.00
-0.08 -0.00 -5.58 1.19 -0.08 -0.05 11689.00
-0.08 0.01 -5.69 1.19 -0.08 -0.04 11729.00
-0.03 -0.01 -5.76 1.18 -0.07 -0.05 11769.00
-0.04 -0.04 -5.80 1.17 -0.06 -0.04 11809.00
-0.02 -0.06 -5.80 1.17 -0.05 -0.04 11850.00
-0.04 -0.04 -5.76 1.18 -0.05 -0.05 11890.00
-0.07 -0.05 -5.70 1.19 -0.05 -0.04 11930.00
-0.07 -0.05 -5.67 1.18 -0.06 -0.04 11970.00
-0.12 -0.00 -5.66 1.19 -0.07 -0.05 12010.00
-0.14 0.02 -5.62 1.18 -0.09 -0.05 12050.00
-0.13 0.02 -5.56 1.18 -0.10 -0.04 12091.00
-0.08 -0.00 -5.49 1.20 -0.09 -0.03 12131.00
-0.04 -0.01 -5.44 1.20 -0.07 -0.05 12171.00
-0.01 -0.01 -5.45 1.18 -0.06 -0.06 12211.00
-0.05 -0.01 -5.49 1.17 -0.05 -0.06 12251.00
-0.06 -0.01 -5.49 1.17 -0.05 -0.07 12292.00
-0.11 -0.01 -5.43 1.18 -0.06 -0.06 12332.00
-0.12 -0.01 -5.36 1.18 -0.07 -0.05 12371.00
-0.10 -0.01 -5.34 1.19 -0.08 -0.05 12411.00
-0.08 -0.01 -5.33 1.19 -0.07 -0.05 12451.00
-0.08 0.02 -5.37 1.19 -0.07 -0.07 12491.00
-0.10 0.02 -5.48 1.18 -0.08 -0.06 12532.00
-0.09 -0.01 -5.58 1.18 -0.08 -0.05 12572.00
-0.12 -0.01 -5.65 1.19 -0.08 -0.04 12612.00
-0.13 0.00 -5.64 1.20 -0.08 -0.05 12652.00
-0.10 0.01 -5.63 1.21 -0.08 -0.04 12692.00
-0.07 -0.00 -5.70 1.20 -0.08 -0.05 12732.00
-0.07 0.04 -5.85 1.17 -0.07 -0.07 12773.00
-0.07 0.02 -6.01 1.15 -0.08 -0.06 12813.00
-0.07 0.09 -6.28 1.16 -0.08 -0.09 12853.00
-0.05 0.08 -6.63 1.15 -0.08 -0.10 12893.00
-0.08 0.11 -6.99 1.14 -0.08 -0.11 12933.00
0.00 0.09 -7.47 1.18 -0.07 -0.12 12974.00
-0.00 0.07 -8.05 1.20 -0.06 -0.11 13014.00
-0.04 0.05 -8.50 1.20 -0.06 -0.10 13053.00
-0.13 0.04 -8.68 1.19 -0.07 -0.08 13093.00
-0.18 0.09 -8.67 1.19 -0.10 -0.09 13133.00
-0.15 0.14 -8.70 1.19 -0.10 -0.12 13174.00
-0.12 0.19 -8.82 1.23 -0.08 -0.16 13214.00
-0.17 0.23 -8.93 1.20 -0.08 -0.16 13254.00
-0.16 0.21 -8.87 1.15 -0.08 -0.16 13295.00
-0.26 0.24 -8.79 1.13 -0.07 -0.17 13335.00
-0.32 0.32 -8.76 1.12 -0.11 -0.18 13375.00
-0.42 0.43 -8.74 1.10 -0.15 -0.18 13416.00
-0.21 0.47 -8.79 1.12 -0.16 -0.24 13456.00
-0.06 0.45 -9.08 1.25 -0.10 -0.30 13496.00
0.19 0.17 -9.60 1.40 -0.03 -0.19 13537.00
0.56 0.45 -9.95 1.51 0.18 0.21 13577.00
0.60 0.69 -10.32 1.12 0.30 0.24 13617.00
0.26 0.29 -10.49 0.92 0.16 0.13 13658.00
0.29 0.07 -9.78 0.96 0.10 0.11 13698.00
0.41 0.21 -9.30 1.10 0.16 0.14 13737.00
0.20 0.18 -9.46 1.19 0.16 0.19 13778.00
-0.02 0.14 -9.83 1.15 0.05 0.21 13818.00
-0.15 0.03 -10.14 1.17 -0.05 0.10 13858.00
-0.07 -0.11 -10.37 1.17 -0.09 0.05 13899.00
0.01 -0.01 -10.45 1.20 -0.09 0.06 13939.00
-0.09 0.06 -10.23 1.23 -0.09 0.00 13979.00
0.09 -0.05 -9.69 1.15 -0.09 -0.02 14019.00
0.08 -0.13 -8.96 1.13 -0.02 0.02 14060.00
0.13 -0.15 -8.03 1.15 -0.01 -0.00 14100.00
0.34 0.03 -7.19 1.19 0.06 -0.02 14140.00
0.40 0.12 -7.16 1.22 0.12 -0.06 14180.00
0.31 0.03 -7.64 1.25 0.13 -0.01 14221.00
0.19 -0.01 -8.02 1.19 0.09 0.00 14261.00
-0.12 -0.13 -8.16 1.18 0.04 -0.02 14301.00
-0.23 0.02 -7.78 1.19 -0.03 -0.08 14341.00
-0.38 0.18 -7.29 1.19 -0.12 -0.11 14382.00
-0.23 0.17 -7.08 1.16 -0.14 -0.10 14422.00
-0.06 0.02 -7.09 1.16 -0.10 -0.06 14461.00
0.05 -0.13 -7.19 1.19 -0.05 -0.01 14502.00
-0.02 -0.11 -7.30 1.20 -0.02 0.01 14542.00
-0.12 -0.02 -7.18 1.19 -0.05 -0.04 14582.00
-0.16 0.08 -7.02 1.18 -0.10 -0.07 14622.00
-0.05 0.01 -6.93 1.18 -0.09 -0.06 14663.00
-0.01 -0.08 -6.84 1.18 -0.05 -0.04 14703.00
-0.08 -0.09 -6.72 1.18 -0.03 -0.02 14743.00
-0.15 -0.01 -6.64 1.18 -0.07 -0.03 14783.00
-0.18 0.04 -6.59 1.19 -0.10 -0.04 14823.00
-0.14 0.06 -6.52 1.20 -0.11 -0.05 14864.00
-0.04 -0.01 -6.52 1.19 -0.08 -0.04 14904.00
0.01 -0.05 -6.57 1.18 -0.05 -0.04 14944.00
-0.02 -0.08 -6.61 1.17 -0.04 -0.03 14984.00
-0.10 -0.04 -6.66 1.17 -0.06 -0.02 15025.00
-0.12 -0.01 -6.70 1.18 -0.07 -0.03 15065.00
-0.13 -0.00 -6.72 1.19 -0.08 -0.03 15105.00
-0.11 -0.01 -6.66 1.19 -0.09 -0.03 15144.00
-0.10 0.00 -6.58 1.18 -0.09 -0.03 15184.00
-0.07 -0.03 -6.54 1.17 -0.08 -0.02 15224.00
-0.03 -0.04 -6.55 1.18 -0.06 -0.03 15265.00
-0.01 -0.04 -6.61 1.18 -0.06 -0.03 15305.00
0.02 -0.06 -6.72 1.18 -0.04 -0.04 15345.00
-0.01 -0.09 -6.79 1.18 -0.04 -0.03 15385.00
-0.07 -0.06 -6.78 1.18 -0.05 -0.04 15426.00
-0.09 -0.04 -6.74 1.18 -0.07 -0.03 15466.00
-0.07 -0.04 -6.71 1.18 -0.07 -0.03 15506.00
-0.05 -0.05 -6.72 1.18 -0.06 -0.03 15546.00
-0.06 -0.04 -6.75 1.18 -0.06 -0.04 15586.00
-0.06 -0.05 -6.79 1.18 -0.06 -0.03 15626.00
-0.07 -0.04 -6.80 1.19 -0.06 -0.04 15667.00
-0.05 -0.05 -6.78 1.18 -0.06 -0.03 15707.00
-0.06 -0.04 -6.77 1.18 -0.06 -0.04 15747.00
-0.07 -0.06 -6.74 1.18 -0.06 -0.02 15787.00
-0.05 -0.05 -6.71 1.19 -0.06 -0.04 15826.00
-0.08 -0.04 -6.72 1.18 -0.06 -0.03 15867.00
-0.06 -0.04 -6.75 1.19 -0.06 -0.04 15907.00
-0.04 -0.05 -6.82 1.18 -0.06 -0.04 15947.00
-0.03 -0.06 -6.94 1.19 -0.05 -0.04 15987.00
0.02 -0.11 -7.14 1.19 -0.04 -0.02 16027.00
0.07 -0.14 -7.43 1.19 -0.02 -0.02 16068.00
0.09 -0.15 -7.86 1.20 0.00 0.01 16108.00
0.19 -0.04 -8.33 1.19 0.03 0.04 16149.00
0.14 0.03 -8.63 1.20 0.07 0.08 16189.00
0.02 0.03 -8.76 1.23 0.06 0.08 16229.00
-0.15 -0.06 -8.70 1.22 0.03 0.04 16269.00
-0.13 -0.04 -8.65 1.14 -0.03 0.02 16309.00
-0.10 -0.10 -8.88 1.07 -0.03 0.02 16350.00
-0.03 -0.07 -9.21 1.07 -0.00 0.06 16390.00
0.04 0.17 -9.25 1.16 0.06 0.17 16430.00
-0.58 0.33 -9.37 1.23 0.04 0.24 16471.00
-0.38 0.28 -10.22 1.15 -0.13 0.09 16510.00
-0.28 0.12 -10.99 1.09 -0.12 0.07 16550.00
-0.13 0.13 -11.55 1.13 -0.10 0.12 16591.00
-0.22 0.19 -11.70 1.17 -0.07 0.17 16631.00
-0.07 0.25 -11.66 1.16 -0.10 0.19 16671.00
-0.11 0.06 -11.53 1.16 -0.05 0.11 16712.00
0.01 0.04 -11.06 1.20 -0.11 -0.08 16752.00
0.27 0.01 -10.48 1.30 -0.05 -0.14 16792.00
0.85 0.11 -10.32 1.44 0.08 -0.11 16833.00
0.64 0.24 -10.84 1.44 0.26 -0.01 16873.00
0.17 0.21 -11.57 1.04 0.06 -0.16 16913.00
-0.06 0.37 -11.33 1.01 -0.04 -0.21 16954.00
0.07 0.31 -10.51 1.07 -0.03 -0.23 16994.00
-0.01 0.29 -10.21 1.10 -0.00 -0.21 17035.00
-0.09 0.29 -10.56 1.10 -0.06 -0.20 17075.00
-0.08 0.31 -10.99 1.14 -0.09 -0.21 17115.00
-0.07 0.31 -11.25 1.15 -0.08 -0.21 17155.00
-0.02 0.26 -11.30 1.14 -0.07 -0.20 17196.00
-0.05 0.14 -11.24 1.14 -0.06 -0.16 17235.00
-0.06 0.06 -11.25 1.19 -0.07 -0.12 17275.00
0.00 0.04 -11.30 1.27 -0.08 -0.13 17316.00
0.07 0.01 -11.06 1.42 -0.01 -0.11 17356.00
-0.03 0.04 -10.59 1.18 -0.01 0.10 17397.00
0.09 -0.02 -9.53 1.02 0.02 0.09 17437.00
-0.02 -0.05 -9.06 1.17 -0.02 -0.03 17477.00
-0.00 0.17 -9.18 1.24 -0.06 -0.12 17518.00
-0.03 0.20 -9.76 1.19 -0.08 -0.12 17558.00
-0.04 0.16 -10.01 1.14 -0.08 -0.13 17598.00
-0.07 0.11 -9.72 1.16 -0.06 -0.13 17638.00
-0.18 0.18 -9.17 1.19 -0.08 -0.14 17679.00
-0.14 0.21 -8.53 1.18 -0.11 -0.16 17719.00
-0.09 0.15 -7.98 1.17 -0.10 -0.14 17759.00
0.09 -0.07 -7.50 1.18 -0.07 -0.06 17800.00
0.26 -0.13 -7.10 1.19 0.01 0.02 17840.00
0.27 -0.04 -6.97 1.21 0.07 0.03 17880.00
0.10 -0.06 -7.39 1.20 0.02 -0.04 17920.00
-0.03 0.07 -7.87 1.17 -0.03 -0.09 17960.00
-0.09 0.10 -8.19 1.17 -0.06 -0.11 18000.00
-0.17 0.15 -8.29 1.17 -0.09 -0.13 18040.00
-0.23 0.16 -8.29 1.16 -0.11 -0.12 18081.00
-0.19 0.13 -8.23 1.18 -0.12 -0.11 18121.00
-0.11 0.05 -8.14 1.20 -0.11 -0.07 18161.00
0.01 -0.08 -7.95 1.20 -0.07 -0.03 18201.00
0.10 -0.15 -7.74 1.21 -0.02 -0.01 18242.00
0.07 -0.08 -7.76 1.21 0.01 -0.04 18282.00
0.01 0.06 -7.95 1.19 -0.01 -0.09 18323.00
-0.07 0.08 -8.14 1.16 -0.03 -0.10 18363.00
-0.09 0.09 -8.28 1.16 -0.06 -0.11 18403.00
-0.08 0.06 -8.40 1.17 -0.07 -0.10 18443.00
-0.08 -0.02 -8.48 1.18 -0.06 -0.07 18484.00
-0.11 -0.06 -8.53 1.19 -0.06 -0.04 18524.00
-0.15 -0.01 -8.54 1.19 -0.07 -0.05 18564.00
-0.16 0.05 -8.58 1.19 -0.09 -0.06 18604.00
-0.16 0.11 -8.65 1.18 -0.10 -0.09 18643.00
-0.10 0.10 -8.68 1.18 -0.10 -0.10 18684.00
-0.09 0.05 -8.66 1.18 -0.08 -0.08 18724.00
-0.05 0.02 -8.58 1.18 -0.07 -0.07 18764.00
-0.04 -0.00 -8.49 1.18 -0.06 -0.07 18804.00
-0.00 -0.02 -8.42 1.18 -0.04 -0.06 18845.00
-0.02 -0.02 -8.41 1.18 -0.04 -0.06 18885.00
-0.05 0.01 -8.42 1.18 -0.04 -0.08 18925.00
-0.06 0.04 -8.43 1.18 -0.06 -0.09 18965.00
-0.08 0.03 -8.44 1.18 -0.06 -0.08 19006.00
-0.08 0.01 -8.45 1.18 -0.06 -0.08 19046.00
-0.07 -0.02 -8.44 1.18 -0.06 -0.06 19086.00
-0.08 -0.00 -8.45 1.18 -0.06 -0.06 19126.00
-0.11 0.02 -8.46 1.19 -0.07 -0.07 19167.00
-0.13 0.04 -8.50 1.18 -0.08 -0.07 19207.00
-0.11 0.04 -8.54 1.17 -0.09 -0.07 19247.00
-0.10 0.04 -8.60 1.19 -0.09 -0.08 19287.00
-0.08 0.08 -8.66 1.20 -0.09 -0.09 19328.00
-0.02 0.06 -8.69 1.18 -0.07 -0.10 19367.00
0.05 0.05 -8.71 1.18 -0.04 -0.10 19407.00
0.07 0.08 -8.84 1.17 -0.02 -0.12 19447.00
0.13 0.07 -9.12 1.15 -0.00 -0.12 19488.00
0.18 0.06 -9.51 1.15 0.02 -0.12 19528.00
0.15 0.01 -9.98 1.15 0.05 -0.09 19568.00
0.02 -0.06 -10.47 1.17 0.04 -0.08 19609.00
-0.09 -0.04 -10.81 1.19 0.00 -0.09 19649.00
-0.12 0.03 -10.96 1.20 -0.02 -0.11 19689.00
-0.18 0.06 -11.01 1.21 -0.05 -0.12 19730.00
-0.14 0.06 -11.09 1.22 -0.06 -0.11 19770.00
-0.06 0.07 -11.31 1.19 -0.05 -0.11 19810.00
-0.01 0.07 -11.57 1.17 -0.04 -0.11 19851.00
0.04 0.10 -11.80 1.18 -0.02 -0.12 19891.00
0.08 0.11 -12.04 1.16 -0.01 -0.13 19932.00
0.10 0.13 -12.26 1.14 0.00 -0.14 19972.00
0.06 0.11 -12.40 1.16 0.01 -0.14 20012.00
0.07 0.08 -12.48 1.17 0.01 -0.13 20052.00
0.08 0.04 -12.51 1.18 0.01 -0.11 20092.00
0.04 0.06 -12.55 1.19 0.01 -0.12 20133.00
0.04 0.11 -12.57 1.19 -0.01 -0.13 20173.00
0.08 0.15 -12.53 1.18 -0.01 -0.15 20214.00
0.13 0.16 -12.44 1.17 0.01 -0.15 20254.00
0.15 0.14 -12.36 1.16 0.02 -0.14 20294.00
0.23 0.12 -12.27 1.16 0.05 -0.12 20335.00
0.24 0.13 -12.34 1.17 0.07 -0.12 20375.00
0.20 0.12 -12.47 1.17 0.07 -0.12 20416.00
0.12 0.10 -12.56 1.17 0.06 -0.13 20456.00
0.07 0.11 -12.63 1.16 0.03 -0.13 20496.00
0.02 0.05 -12.67 1.15 0.02 -0.12 20537.00
