-0.13 0.09 114.68 1.20 -0.08 -0.04 3403.00
-0.11 0.11 115.86 1.21 -0.08 -0.05 3443.00
-0.05 0.10 117.17 1.20 -0.07 -0.06 3483.00
0.00 0.06 118.50 1.18 -0.05 -0.06 3523.00
0.03 0.04 119.77 1.17 -0.03 -0.05 3564.00
0.04 0.02 120.87 1.16 -0.01 -0.05 3604.00
-0.01 0.00 121.91 1.18 -0.02 -0.04 3644.00
-0.09 0.02 122.97 1.19 -0.04 -0.04 3685.00
-0.12 0.04 124.06 1.19 -0.05 -0.04 3725.00
-0.15 0.08 125.23 1.19 -0.07 -0.05 3765.00
-0.13 0.09 126.41 1.19 -0.08 -0.04 3805.00
-0.16 0.12 127.62 1.18 -0.09 -0.05 3846.00
-0.12 0.10 128.79 1.20 -0.08 -0.05 3886.00
-0.09 0.11 129.94 1.18 -0.08 -0.05 3926.00
-0.07 0.09 131.06 1.18 -0.07 -0.06 3965.00
-0.05 0.05 132.21 1.18 -0.06 -0.04 4005.00
-0.08 0.08 133.42 1.19 -0.06 -0.06 4046.00
-0.08 0.08 134.58 1.18 -0.06 -0.05 4086.00
-0.06 0.05 135.70 1.18 -0.06 -0.05 4126.00
-0.07 0.05 136.81 1.18 -0.06 -0.04 4166.00
-0.10 0.09 137.90 1.18 -0.07 -0.06 4206.00
-0.11 0.11 138.99 1.19 -0.08 -0.06 4247.00
-0.11 0.09 140.06 1.19 -0.08 -0.04 4287.00
-0.09 0.10 141.18 1.18 -0.08 -0.05 4327.00
-0.07 0.06 142.29 1.18 -0.06 -0.05 4367.00
-0.06 0.06 143.46 1.19 -0.06 -0.05 4407.00
-0.10 0.08 144.65 1.19 -0.07 -0.04 4448.00
-0.12 0.10 145.87 1.19 -0.08 -0.05 4488.00
-0.09 0.08 147.11 1.18 -0.07 -0.05 4528.00
-0.12 0.06 148.37 1.18 -0.06 -0.04 4568.00
-0.14 0.09 149.68 1.18 -0.07 -0.05 4608.00
-0.18 0.13 150.94 1.18 -0.08 -0.05 4648.00
-0.15 0.13 152.10 1.18 -0.09 -0.05 4688.00
-0.14 0.12 153.17 1.19 -0.10 -0.05 4728.00
-0.13 0.12 154.21 1.19 -0.10 -0.05 4768.00
-0.12 0.12 155.29 1.19 -0.10 -0.05 4809.00
-0.11 0.10 156.40 1.19 -0.09 -0.03 4849.00
-0.11 0.10 157.58 1.18 -0.09 -0.03 4889.00
-0.09 0.09 158.80 1.18 -0.08 -0.04 4929.00
-0.06 0.08 160.02 1.19 -0.07 -0.05 4969.00
-0.03 0.07 161.19 1.19 -0.06 -0.06 5009.00
-0.03 0.04 162.32 1.18 -0.04 -0.05 5050.00
-0.09 0.05 163.42 1.17 -0.05 -0.05 5090.00
-0.12 0.06 164.59 1.18 -0.07 -0.04 5130.00
-0.12 0.10 165.88 1.21 -0.08 -0.05 5170.00
-0.15 0.12 167.50 1.22 -0.09 -0.06 5211.00
-0.01 0.11 169.13 1.23 -0.10 -0.04 5251.00
0.24 0.06 170.78 1.18 -0.01 0.05 5291.00
0.33 0.33 172.34 1.19 0.11 0.13 5331.00
-0.07 0.30 173.75 1.23 0.13 0.15 5371.00
-0.22 0.12 175.10 1.04 -0.02 0.06 5411.00
-0.36 0.14 176.03 1.09 -0.07 -0.01 5451.00
-0.52 0.23 176.57 1.14 -0.14 0.03 5492.00
-0.51 0.39 176.86 1.20 -0.20 0.09 5532.00
-0.41 0.44 177.04 1.16 -0.21 0.11 5573.00
-0.29 0.41 177.39 1.14 -0.18 0.16 5613.00
-0.18 0.47 177.70 1.15 -0.14 0.22 5653.00
-0.11 0.42 178.22 1.11 -0.10 0.19 5694.00
-0.09 0.19 179.07 1.06 -0.08 0.10 5734.00
-0.06 -0.04 180.39 1.17 -0.04 0.01 5774.00
-0.10 0.09 181.68 1.26 -0.09 -0.07 5814.00
0.08 0.20 182.86 1.27 -0.08 -0.19 5855.00
0.16 0.13 183.85 1.45 -0.06 -0.16 5895.00
0.08 0.35 184.31 1.33 -0.07 -0.19 5935.00
0.15 0.54 184.97 1.10 -0.08 -0.22 5976.00
0.26 0.44 186.44 1.05 -0.02 -0.23 6016.00
0.11 0.26 187.72 1.10 0.02 -0.18 6055.00
-0.06 0.25 188.78 1.14 -0.02 -0.17 6096.00
-0.11 0.31 189.87 1.13 -0.08 -0.17 6136.00
-0.03 0.28 190.99 1.16 -0.06 -0.18 6177.00
-0.07 0.30 192.03 1.20 -0.05 -0.18 6217.00
-0.17 0.29 193.07 1.15 -0.08 -0.16 6257.00
-0.19 0.18 194.12 1.12 -0.12 -0.08 6298.00
-0.13 0.06 195.31 1.16 -0.11 -0.01 6338.00
0.11 -0.09 196.86 1.32 -0.05 -0.03 6378.00
-0.02 0.17 197.97 1.52 -0.02 -0.07 6419.00
-0.20 0.50 198.77 1.22 -0.14 -0.11 6459.00
-0.15 0.41 200.33 1.01 -0.13 -0.14 6499.00
0.09 0.32 202.54 1.07 -0.04 -0.17 6540.00
0.01 0.25 204.25 1.13 -0.01 -0.15 6580.00
-0.09 0.24 205.61 1.14 -0.05 -0.14 6621.00
-0.09 0.22 206.89 1.16 -0.07 -0.14 6661.00
-0.07 0.20 208.11 1.18 -0.09 -0.12 6701.00
0.08 -0.07 209.29 1.18 -0.06 -0.01 6740.00
0.21 0.07 210.52 1.18 0.02 0.10 6781.00
-0.00 0.03 211.61 1.23 0.04 0.07 6821.00
-0.22 0.15 212.73 1.23 -0.06 -0.05 6861.00
-0.28 0.37 213.78 1.19 -0.13 -0.13 6902.00
-0.24 0.38 214.67 1.15 -0.13 -0.15 6942.00
-0.14 0.28 215.54 1.15 -0.13 -0.14 6982.00
-0.08 0.14 216.52 1.18 -0.10 -0.09 7023.00
-0.05 0.03 217.67 1.20 -0.08 -0.04 7063.00
-0.10 0.02 218.97 1.20 -0.06 -0.00 7103.00
-0.12 0.08 220.32 1.21 -0.08 -0.03 7143.00
-0.10 0.14 221.55 1.20 -0.09 -0.06 7184.00
-0.08 0.16 222.66 1.19 -0.08 -0.09 7224.00
-0.07 0.17 223.74 1.17 -0.07 -0.09 7264.00
-0.09 0.14 224.82 1.16 -0.07 -0.09 7304.00
-0.13 0.11 225.97 1.17 -0.07 -0.07 7345.00
-0.14 0.12 227.15 1.19 -0.09 -0.06 7385.00
-0.14 0.14 228.34 1.20 -0.09 -0.07 7425.00
-0.08 0.14 229.46 1.20 -0.09 -0.08 7464.00
-0.01 0.14 230.50 1.18 -0.06 -0.09 7505.00
-0.01 0.21 231.30 1.15 -0.05 -0.12 7545.00
-0.02 0.23 231.93 1.11 -0.05 -0.13 7585.00
-0.01 0.19 232.46 1.08 -0.05 -0.12 7626.00
0.01 0.18 232.83 1.10 -0.05 -0.14 7666.00
0.03 0.15 232.87 1.23 -0.04 -0.14 7706.00
-0.06 0.16 232.54 1.35 -0.06 -0.13 7747.00
-0.21 0.25 232.65 1.26 -0.13 -0.10 7787.00
-0.17 0.19 233.79 1.18 -0.15 -0.06 7828.00
-0.06 0.05 235.50 1.19 -0.09 -0.04 7868.00
-0.07 0.13 237.26 1.24 -0.05 -0.07 7908.00
-0.04 0.35 238.82 1.28 -0.06 -0.19 7948.00
-0.09 0.40 240.37 1.18 -0.07 -0.18 7989.00
-0.01 0.36 241.84 1.11 -0.06 -0.18 8029.00
0.00 0.37 242.99 1.11 -0.04 -0.19 8070.00
-0.00 0.44 243.87 1.10 -0.04 -0.21 8110.00
-0.09 0.46 244.58 1.05 -0.05 -0.20 8150.00
-0.08 0.42 245.23 1.04 -0.04 -0.20 8190.00
-0.13 0.41 245.81 1.10 -0.03 -0.22 8230.00
-0.08 0.39 246.47 1.22 -0.02 -0.25 8270.00
-0.23 0.22 247.61 1.32 -0.02 -0.18 8311.00
-0.15 0.03 249.06 1.37 0.01 -0.09 8351.00
-0.18 0.13 249.94 1.35 -0.06 0.10 8392.00
0.23 0.56 250.76 1.30 0.01 0.27 8432.00
0.57 0.83 251.83 1.20 0.20 0.35 8472.00
0.36 0.49 253.06 1.10 0.24 0.19 8513.00
0.12 0.15 254.52 1.06 0.13 0.12 8553.00
-0.05 -0.08 255.70 1.11 0.01 0.04 8593.00
-0.10 -0.03 256.49 1.13 -0.04 0.02 8634.00
-0.11 0.10 256.89 1.11 -0.09 0.01 8674.00
-0.08 0.04 257.74 1.16 -0.09 0.04 8714.00
-0.08 0.12 259.17 1.26 -0.11 0.05 8754.00
0.05 0.05 261.04 1.24 -0.09 -0.00 8794.00
0.28 0.00 263.19 1.18 -0.02 0.00 8835.00
0.43 0.18 265.22 1.18 0.07 -0.01 8875.00
0.43 0.25 266.73 1.21 0.12 -0.05 8914.00
0.37 0.23 267.82 1.24 0.15 -0.05 8955.00
0.23 0.15 268.61 1.00 0.09 -0.04 8995.00
0.20 0.13 269.43 1.07 0.08 -0.05 9035.00
0.09 0.04 270.28 1.18 0.10 -0.02 9075.00
-0.31 -0.06 271.24 1.23 0.02 -0.02 9116.00
-0.49 0.21 272.54 1.19 -0.11 -0.06 9156.00
-0.34 0.28 273.98 1.17 -0.16 -0.09 9196.00
-0.22 0.28 275.32 1.19 -0.15 -0.11 9237.00
-0.03 0.16 276.48 1.18 -0.10 -0.09 9277.00
0.00 0.03 277.61 1.17 -0.04 -0.05 9317.00
-0.10 0.02 278.83 1.17 -0.04 -0.04 9358.00
-0.12 0.09 280.09 1.19 -0.07 -0.04 9398.00
-0.04 0.08 281.25 1.20 -0.06 -0.06 9438.00
0.02 0.05 282.40 1.19 -0.04 -0.05 9478.00
0.05 0.03 283.52 1.18 -0.01 -0.05 9519.00
-0.03 0.04 284.61 1.17 -0.01 -0.05 9559.00
-0.10 0.07 285.71 1.16 -0.04 -0.06 9598.00
-0.15 0.09 286.90 1.18 -0.07 -0.05 9639.00
-0.11 0.08 288.06 1.19 -0.08 -0.05 9679.00
-0.08 0.09 289.25 1.19 -0.07 -0.05 9719.00
-0.05 0.06 290.45 1.19 -0.06 -0.05 9759.00
-0.02 0.07 291.64 1.18 -0.05 -0.06 9800.00
-0.02 0.07 292.79 1.17 -0.05 -0.06 9840.00
-0.02 0.08 293.95 1.18 -0.04 -0.06 9880.00
-0.00 0.06 295.15 1.17 -0.04 -0.07 9920.00
-0.01 0.04 296.39 1.18 -0.03 -0.06 9961.00
-0.03 0.06 297.58 1.17 -0.03 -0.06 10001.00
-0.02 0.04 298.78 1.18 -0.04 -0.06 10041.00
-0.04 0.07 299.99 1.19 -0.04 -0.07 10082.00
-0.00 0.09 301.19 1.18 -0.04 -0.08 10122.00
-0.01 0.07 302.38 1.16 -0.03 -0.07 10162.00
0.05 0.07 303.55 1.18 -0.01 -0.08 10203.00
-0.01 0.10 304.52 1.18 -0.02 -0.09 10243.00
0.01 0.10 305.43 1.16 -0.03 -0.09 10284.00
0.03 0.13 306.15 1.16 -0.03 -0.11 10323.00
0.06 0.13 306.62 1.16 -0.03 -0.11 10363.00
0.06 0.11 306.85 1.19 -0.02 -0.11 10404.00
-0.04 0.16 306.93 1.27 -0.03 -0.13 10444.00
-0.20 0.26 307.17 1.25 -0.09 -0.13 10485.00
-0.21 0.30 307.93 1.19 -0.14 -0.12 10525.00
-0.08 0.24 309.17 1.17 -0.11 -0.13 10566.00
-0.02 0.23 310.62 1.19 -0.07 -0.14 10606.00
0.00 0.26 312.04 1.20 -0.04 -0.15 10646.00
0.01 0.26 313.37 1.17 -0.04 -0.14 10687.00
0.03 0.22 314.62 1.17 -0.02 -0.13 10727.00
0.03 0.18 315.87 1.16 -0.00 -0.11 10768.00
-0.01 0.23 317.10 1.17 0.00 -0.13 10808.00
-0.14 0.31 318.26 1.16 -0.02 -0.15 10849.00
-0.20 0.37 319.43 1.12 -0.07 -0.17 10889.00
-0.15 0.40 320.54 1.09 -0.09 -0.19 10929.00
-0.08 0.42 321.34 1.10 -0.07 -0.19 10970.00
-0.09 0.37 321.87 1.14 -0.06 -0.19 11010.00
-0.08 0.35 322.77 1.28 -0.02 -0.22 11051.00
-0.13 0.28 324.09 1.35 0.01 -0.20 11090.00
-0.23 0.20 326.17 1.34 -0.01 -0.18 11131.00
-0.29 0.04 328.39 1.25 -0.08 -0.03 11171.00
0.01 0.34 329.99 1.26 -0.09 0.16 11211.00
0.62 0.61 330.96 1.10 0.06 0.22 11252.00
0.82 0.92 331.73 1.03 0.23 0.31 11292.00
0.68 0.66 332.98 1.07 0.33 0.16 11332.00
0.05 0.07 334.35 1.07 0.19 0.09 11373.00
-0.17 -0.15 335.43 1.15 0.04 0.03 11413.00
-0.25 0.10 335.91 1.21 -0.08 -0.00 11453.00
-0.12 0.05 336.40 1.18 -0.10 0.02 11494.00
-0.16 0.06 337.10 1.18 -0.09 0.03 11534.00
-0.18 0.13 338.35 1.20 -0.12 0.04 11574.00
-0.08 0.10 339.91 1.21 -0.12 0.00 11615.00
0.03 0.05 341.44 1.20 -0.08 0.00 11655.00
0.06 0.01 343.07 1.14 -0.05 -0.02 11695.00
0.16 0.06 344.96 1.20 0.01 -0.07 11736.00
0.16 0.06 346.75 1.32 0.02 -0.07 11776.00
0.11 0.07 348.38 1.23 -0.01 -0.04 11816.00
0.24 0.11 350.13 1.13 0.03 -0.04 11856.00
0.24 0.16 351.61 1.13 0.09 -0.05 11896.00
0.01 0.04 352.67 1.15 0.06 -0.06 11936.00
-0.24 0.08 353.59 1.14 -0.02 -0.07 11977.00
-0.34 0.17 354.41 1.16 -0.09 -0.08 12017.00
-0.29 0.21 355.31 1.21 -0.13 -0.09 12058.00
-0.22 0.25 356.17 1.23 -0.14 -0.10 12098.00
-0.13 0.19 357.12 1.21 -0.12 -0.09 12138.00
-0.11 0.15 358.22 1.17 -0.09 -0.07 12179.00
-0.08 0.11 359.40 1.16 -0.08 -0.07 12219.00
-0.08 0.07 360.61 1.17 -0.06 -0.06 12259.00
-0.13 0.08 361.82 1.19 -0.07 -0.05 12300.00
-0.09 0.09 362.99 1.20 -0.09 -0.03 12340.00
-0.02 0.10 364.11 1.19 -0.07 -0.06 12380.00
0.01 0.08 365.23 1.18 -0.04 -0.07 12420.00
-0.00 0.07 366.37 1.18 -0.03 -0.06 12461.00
-0.05 0.10 367.47 1.16 -0.03 -0.08 12500.00
-0.08 0.07 368.63 1.17 -0.05 -0.06 12540.00
-0.12 0.09 369.78 1.18 -0.07 -0.06 12581.00
-0.09 0.08 370.85 1.20 -0.08 -0.05 12621.00
-0.08 0.07 371.87 1.19 -0.07 -0.04 12661.00
-0.09 0.08 372.84 1.18 -0.07 -0.04 12701.00
-0.09 0.12 373.78 1.19 -0.08 -0.06 12741.00
-0.06 0.12 374.79 1.20 -0.08 -0.07 12782.00
-0.04 0.10 375.85 1.19 -0.07 -0.06 12822.00
-0.01 0.08 377.01 1.18 -0.05 -0.06 12862.00
0.01 0.05 378.20 1.17 -0.04 -0.06 12902.00
0.02 0.03 379.39 1.17 -0.03 -0.05 12943.00
-0.00 0.04 380.47 1.17 -0.03 -0.06 12983.00
-0.05 0.07 381.52 1.18 -0.04 -0.06 13024.00
-0.06 0.09 382.57 1.18 -0.05 -0.07 13064.00
-0.02 0.06 383.67 1.17 -0.05 -0.06 13104.00
0.01 0.04 384.80 1.17 -0.03 -0.06 13145.00
-0.01 0.04 385.90 1.18 -0.02 -0.06 13185.00
0.01 0.01 387.00 1.19 -0.02 -0.05 13224.00
0.03 0.02 388.12 1.19 -0.01 -0.05 13265.00
0.08 0.03 389.17 1.20 -0.00 -0.06 13305.00
0.04 -0.03 390.20 1.24 0.01 -0.03 13346.00
0.07 -0.05 391.36 1.22 -0.01 -0.02 13386.00
0.18 0.04 392.68 1.20 0.03 0.02 13427.00
0.22 0.18 393.90 1.18 0.10 0.06 13467.00
-0.02 0.13 395.14 1.20 0.08 0.08 13507.00
-0.11 0.00 396.40 1.17 0.02 0.02 13547.00
-0.12 0.01 397.49 1.16 -0.02 0.03 13588.00
-0.09 0.02 398.33 1.20 -0.01 0.03 13628.00
-0.21 0.14 399.15 1.13 -0.05 0.07 13669.00
-0.21 0.19 400.15 1.12 -0.05 0.11 13709.00
-0.23 0.28 401.01 1.16 -0.07 0.13 13749.00
-0.27 0.31 401.84 1.15 -0.11 0.12 13790.00
-0.25 0.38 402.58 1.14 -0.13 0.14 13830.00
-0.16 0.35 403.50 1.10 -0.12 0.16 13870.00
-0.15 0.35 404.74 1.09 -0.10 0.18 13911.00
-0.13 0.28 406.00 1.10 -0.08 0.17 13950.00
-0.22 0.33 407.40 1.18 -0.09 0.19 13991.00
-0.25 0.19 408.80 1.16 -0.14 0.02 14031.00
0.07 0.12 410.12 1.25 -0.12 -0.10 14071.00
0.37 0.08 411.38 1.35 -0.00 -0.13 14112.00
0.41 -0.03 412.26 1.44 0.06 -0.03 14152.00
0.34 0.08 412.95 1.27 0.05 -0.04 14192.00
0.17 0.18 413.86 1.11 0.03 -0.08 14233.00
0.09 0.34 415.40 1.11 0.03 -0.18 14273.00
-0.18 0.35 416.88 1.14 0.00 -0.20 14314.00
-0.29 0.41 418.10 1.12 -0.08 -0.22 14354.00
-0.29 0.42 419.17 1.13 -0.13 -0.21 14394.00
-0.23 0.40 420.14 1.17 -0.15 -0.21 14435.00
-0.17 0.40 420.97 1.19 -0.14 -0.20 14475.00
-0.05 0.30 421.94 1.15 -0.11 -0.18 14516.00
-0.05 0.17 423.05 1.17 -0.09 -0.13 14556.00
-0.03 0.10 424.12 1.21 -0.08 -0.09 14596.00
0.03 0.11 425.14 1.26 -0.07 -0.09 14637.00
0.04 0.14 426.18 1.30 -0.03 -0.11 14676.00
-0.07 0.12 427.38 1.20 -0.04 -0.09 14716.00
-0.19 0.10 429.06 1.07 -0.08 -0.05 14757.00
-0.03 -0.07 430.84 1.08 -0.07 0.01 14797.00
-0.05 -0.03 432.23 1.18 -0.04 0.02 14837.00
-0.13 0.03 433.43 1.23 -0.05 -0.01 14878.00
-0.22 0.15 434.58 1.23 -0.09 -0.05 14918.00
-0.17 0.26 435.79 1.23 -0.12 -0.11 14958.00
-0.03 0.30 436.89 1.20 -0.11 -0.13 14999.00
0.03 0.23 437.94 1.15 -0.06 -0.13 15039.00
0.07 0.16 439.05 1.15 -0.04 -0.10 15080.00
0.02 0.12 440.16 1.17 -0.02 -0.09 15120.00
0.01 0.09 441.38 1.17 -0.02 -0.08 15160.00
-0.09 0.02 442.78 1.16 -0.03 -0.05 15201.00
-0.13 0.03 444.17 1.17 -0.05 -0.04 15241.00
-0.09 0.06 445.40 1.20 -0.06 -0.05 15281.00
-0.07 0.09 446.40 1.20 -0.07 -0.05 15321.00
-0.08 0.14 447.35 1.19 -0.07 -0.07 15362.00
-0.11 0.15 448.36 1.18 -0.07 -0.08 15401.00
-0.13 0.18 449.48 1.18 -0.08 -0.10 15441.00
-0.14 0.15 450.69 1.18 -0.09 -0.08 15482.00
-0.07 0.08 451.92 1.20 -0.08 -0.06 15522.00
-0.04 0.07 453.10 1.20 -0.06 -0.06 15562.00
-0.04 0.13 454.18 1.16 -0.05 -0.08 15603.00
-0.04 0.14 455.18 1.16 -0.05 -0.10 15643.00
-0.04 0.11 456.24 1.20 -0.04 -0.09 15683.00
-0.09 0.12 457.40 1.19 -0.05 -0.09 15724.00
-0.11 0.08 458.59 1.19 -0.04 -0.08 15764.00
-0.09 0.09 459.67 1.19 -0.06 -0.07 15804.00
-0.00 0.15 460.54 1.19 -0.06 -0.09 15845.00
0.06 0.18 461.21 1.17 -0.03 -0.12 15885.00
0.17 0.16 461.80 1.16 0.00 -0.11 15926.00
0.21 0.15 462.37 1.16 0.04 -0.10 15966.00
0.13 0.11 462.99 1.17 0.06 -0.09 16006.00
-0.04 0.06 463.75 1.20 0.04 -0.09 16047.00
-0.28 0.10 464.67 1.16 -0.02 -0.10 16087.00
-0.17 0.18 465.61 1.20 -0.07 -0.12 16126.00
-0.14 0.17 466.62 1.20 -0.07 -0.12 16167.00
-0.05 0.12 467.77 1.20 -0.04 -0.10 16207.00
-0.03 0.13 468.88 1.19 -0.03 -0.10 16248.00
0.08 0.17 469.87 1.18 -0.01 -0.11 16288.00
0.12 0.16 470.57 1.15 0.01 -0.11 16329.00
0.12 0.18 471.21 1.13 0.02 -0.12 16369.00
0.09 0.18 472.01 1.16 0.03 -0.13 16409.00
0.04 0.19 472.90 1.19 0.02 -0.13 16450.00
0.04 0.13 473.92 1.16 0.01 -0.10 16490.00
-0.04 0.10 475.00 1.18 0.00 -0.10 16531.00
