0.05 0.10 -7.59 1.18 -0.07 -0.08 2061.00
0.05 0.12 -7.36 1.18 -0.09 -0.08 2101.00
0.15 0.10 -7.09 1.19 -0.08 -0.07 2142.00
0.15 0.06 -6.78 1.19 -0.07 -0.05 2182.00
0.17 0.08 -6.41 1.18 -0.06 -0.07 2222.00
0.24 0.05 -6.08 1.18 -0.06 -0.05 2262.00
0.14 0.07 -5.76 1.18 -0.07 -0.06 2301.00
0.07 0.08 -5.43 1.18 -0.08 -0.06 2341.00
0.09 0.08 -5.09 1.18 -0.08 -0.06 2381.00
0.21 0.05 -4.76 1.18 -0.07 -0.06 2422.00
0.21 0.08 -4.45 1.18 -0.06 -0.07 2462.00
0.21 0.05 -4.11 1.18 -0.05 -0.06 2502.00
0.22 0.05 -3.74 1.18 -0.05 -0.07 2542.00
0.12 0.06 -3.36 1.18 -0.05 -0.07 2582.00
0.19 0.04 -2.98 1.18 -0.05 -0.06 2623.00
0.18 0.04 -2.59 1.18 -0.05 -0.06 2663.00
0.17 0.05 -2.17 1.19 -0.05 -0.06 2703.00
0.17 0.08 -1.75 1.19 -0.06 -0.07 2743.00
0.12 0.06 -1.41 1.18 -0.06 -0.07 2783.00
0.11 0.03 -1.10 1.17 -0.05 -0.06 2823.00
0.14 0.07 -0.79 1.18 -0.06 -0.07 2864.00
0.18 0.09 -0.53 1.19 -0.07 -0.06 2904.00
0.15 0.13 -0.25 1.18 -0.09 -0.07 2944.00
0.11 0.10 0.01 1.18 -0.09 -0.06 2983.00
0.07 0.07 0.30 1.17 -0.09 -0.06 3023.00
0.06 0.07 0.64 1.18 -0.08 -0.06 3063.00
0.06 0.06 1.07 1.20 -0.09 -0.05 3103.00
0.11 0.12 1.53 1.19 -0.10 -0.07 3144.00
0.12 0.12 1.97 1.18 -0.09 -0.07 3184.00
0.14 0.10 2.38 1.18 -0.08 -0.07 3224.00
0.15 0.09 2.76 1.18 -0.08 -0.06 3264.00
0.13 0.05 3.08 1.19 -0.07 -0.06 3304.00
0.14 0.02 3.39 1.18 -0.05 -0.05 3344.00
0.18 0.04 3.74 1.18 -0.06 -0.06 3385.00
0.20 0.03 4.09 1.22 -0.06 -0.05 3425.00
0.25 0.03 4.40 1.22 -0.06 -0.05 3465.00
0.33 -0.09 4.79 1.22 -0.01 -0.01 3505.00
0.48 0.13 5.06 1.19 0.06 0.07 3545.00
0.58 0.34 5.24 1.20 0.12 0.14 3586.00
0.16 0.14 5.60 1.22 0.11 0.09 3625.00
-0.09 0.07 6.03 1.17 -0.02 0.03 3665.00
-0.11 0.10 6.17 1.13 -0.09 0.02 3705.00
0.01 0.06 6.17 1.14 -0.08 0.05 3745.00
-0.10 0.13 6.16 1.15 -0.07 0.08 3785.00
-0.16 0.27 6.40 1.16 -0.11 0.13 3826.00
-0.17 0.40 6.46 1.15 -0.16 0.16 3866.00
0.01 0.36 6.26 1.13 -0.14 0.18 3906.00
0.18 0.37 6.01 1.12 -0.09 0.19 3947.00
0.20 0.28 5.93 1.10 -0.06 0.17 3987.00
0.21 0.24 6.14 1.11 -0.05 0.16 4027.00
0.16 -0.06 6.58 1.22 -0.04 -0.03 4067.00
0.27 0.19 6.99 1.32 -0.06 -0.18 4108.00
0.36 0.24 7.67 1.24 -0.07 -0.22 4148.00
0.57 0.16 8.13 1.34 0.01 -0.18 4188.00
0.17 0.24 7.90 1.29 0.01 -0.17 4228.00
0.34 0.54 7.43 1.10 -0.10 -0.23 4269.00
0.33 0.49 7.20 1.06 -0.07 -0.27 4308.00
0.37 0.40 7.14 1.15 -0.04 -0.26 4348.00
0.14 0.37 7.19 1.15 -0.06 -0.24 4388.00
0.28 0.30 7.69 1.15 -0.07 -0.21 4429.00
0.30 0.24 8.43 1.15 -0.03 -0.18 4469.00
0.20 0.20 9.17 1.17 -0.02 -0.16 4509.00
0.22 0.15 9.90 1.16 -0.02 -0.13 4550.00
0.12 0.02 10.67 1.15 -0.05 -0.07 4590.00
0.10 -0.02 11.69 1.18 -0.08 -0.03 4630.00
0.34 0.09 12.65 1.41 -0.01 -0.11 4670.00
0.14 0.30 12.71 1.39 -0.00 -0.13 4711.00
0.04 0.49 12.77 1.08 -0.14 -0.13 4751.00
0.15 0.26 13.58 1.02 -0.11 -0.14 4791.00
0.35 0.24 14.47 1.13 -0.03 -0.16 4832.00
0.22 0.26 14.84 1.19 -0.04 -0.16 4872.00
0.12 0.19 15.10 1.15 -0.06 -0.14 4912.00
0.21 0.04 15.45 1.14 -0.06 -0.08 4953.00
0.25 -0.06 15.88 1.19 -0.05 -0.02 4993.00
0.20 -0.12 16.41 1.20 -0.03 0.01 5032.00
0.24 -0.06 16.46 1.22 -0.01 0.01 5073.00
0.15 0.04 16.57 1.21 -0.03 -0.04 5113.00
0.00 0.21 16.84 1.19 -0.07 -0.12 5153.00
0.01 0.28 17.14 1.16 -0.10 -0.14 5194.00
0.04 0.20 17.48 1.15 -0.11 -0.12 5234.00
0.14 0.06 17.91 1.18 -0.10 -0.06 5274.00
0.14 -0.03 18.30 1.20 -0.06 -0.02 5314.00
0.21 -0.01 18.62 1.21 -0.04 -0.02 5355.00
0.16 0.09 18.94 1.20 -0.06 -0.06 5395.00
0.15 0.15 19.27 1.18 -0.07 -0.09 5435.00
0.11 0.15 19.58 1.16 -0.08 -0.11 5475.00
0.18 0.12 19.94 1.16 -0.07 -0.09 5516.00
0.20 0.04 20.31 1.17 -0.06 -0.06 5556.00
0.20 0.02 20.70 1.18 -0.05 -0.06 5596.00
0.11 0.03 21.09 1.19 -0.06 -0.06 5636.00
0.18 0.09 21.49 1.18 -0.07 -0.07 5676.00
0.21 0.12 21.88 1.17 -0.06 -0.10 5716.00
0.23 0.10 22.22 1.16 -0.05 -0.09 5756.00
0.16 0.04 22.52 1.17 -0.04 -0.08 5796.00
0.19 0.03 22.87 1.19 -0.04 -0.07 5837.00
0.13 0.05 23.26 1.20 -0.06 -0.06 5877.00
0.12 0.06 23.70 1.19 -0.07 -0.06 5917.00
0.13 0.10 24.12 1.18 -0.08 -0.07 5957.00
0.09 0.13 24.46 1.19 -0.08 -0.10 5997.00
0.16 0.12 24.77 1.18 -0.07 -0.09 6038.00
0.18 0.12 25.08 1.18 -0.07 -0.10 6078.00
0.18 0.11 25.40 1.19 -0.06 -0.09 6118.00
0.14 0.06 25.74 1.19 -0.05 -0.08 6158.00
0.18 0.10 26.09 1.18 -0.05 -0.08 6199.00
0.18 0.14 26.41 1.18 -0.06 -0.11 6239.00
0.19 0.12 26.66 1.17 -0.06 -0.10 6279.00
0.15 0.11 26.88 1.16 -0.06 -0.10 6319.00
0.25 0.14 27.08 1.16 -0.05 -0.10 6360.00
0.26 0.14 27.30 1.17 -0.06 -0.11 6400.00
0.14 0.17 27.42 1.16 -0.06 -0.13 6439.00
0.25 0.20 27.42 1.13 -0.05 -0.14 6480.00
0.30 0.16 27.26 1.13 -0.04 -0.14 6520.00
0.24 0.21 26.82 1.21 -0.02 -0.17 6561.00
0.17 0.24 26.33 1.27 -0.05 -0.18 6601.00
-0.01 0.25 26.16 1.22 -0.08 -0.16 6641.00
0.09 0.21 26.69 1.17 -0.10 -0.15 6682.00
0.20 0.09 27.34 1.18 -0.06 -0.10 6722.00
0.27 0.07 27.75 1.21 -0.01 -0.08 6762.00
0.03 0.18 28.01 1.19 -0.02 -0.13 6802.00
-0.05 0.36 28.39 1.15 -0.10 -0.18 6843.00
0.04 0.41 28.60 1.14 -0.12 -0.20 6883.00
0.10 0.36 28.59 1.17 -0.09 -0.19 6923.00
0.17 0.45 28.58 1.13 -0.06 -0.22 6964.00
0.14 0.53 28.67 1.12 -0.05 -0.26 7004.00
0.06 0.50 28.85 1.11 -0.05 -0.26 7044.00
0.17 0.55 29.17 1.20 -0.05 -0.30 7085.00
0.20 0.43 29.75 1.32 -0.02 -0.29 7124.00
0.20 0.18 30.57 1.35 -0.01 -0.19 7164.00
0.26 0.02 31.37 1.43 0.03 -0.09 7205.00
0.14 0.08 31.99 1.24 -0.03 0.07 7245.00
0.32 0.19 32.66 1.08 -0.00 0.11 7285.00
0.77 0.29 32.96 1.09 0.10 0.08 7326.00
0.69 0.52 33.24 1.15 0.22 0.22 7366.00
0.17 0.21 33.49 1.09 0.13 0.17 7406.00
0.09 0.01 33.68 1.09 -0.01 0.09 7447.00
0.07 -0.01 33.61 1.13 -0.04 0.06 7487.00
-0.00 0.05 33.38 1.17 -0.08 0.00 7527.00
-0.08 0.14 33.46 1.19 -0.15 -0.02 7567.00
0.10 0.12 33.98 1.19 -0.15 -0.01 7608.00
0.28 0.03 34.81 1.18 -0.11 -0.02 7648.00
0.29 -0.04 35.87 1.19 -0.04 -0.04 7688.00
0.46 -0.02 37.04 1.17 0.02 -0.01 7729.00
0.68 0.14 38.07 1.22 0.07 -0.04 7769.00
0.78 0.22 38.41 1.28 0.15 -0.00 7809.00
0.36 0.03 38.19 1.04 0.09 -0.00 7848.00
0.18 0.09 38.20 1.11 0.00 -0.07 7889.00
0.12 0.14 38.66 1.14 -0.02 -0.11 7929.00
-0.01 0.14 39.23 1.17 -0.05 -0.12 7969.00
-0.07 0.19 39.83 1.19 -0.10 -0.11 8010.00
-0.01 0.18 40.41 1.18 -0.14 -0.08 8050.00
0.07 0.12 41.03 1.20 -0.12 -0.08 8090.00
0.22 0.02 41.58 1.21 -0.06 -0.06 8130.00
0.26 0.02 41.94 1.21 -0.03 -0.04 8171.00
0.22 0.05 42.27 1.18 -0.04 -0.06 8211.00
0.14 0.08 42.64 1.18 -0.05 -0.08 8251.00
0.13 0.07 42.98 1.18 -0.05 -0.08 8291.00
0.23 0.06 43.28 1.19 -0.04 -0.07 8332.00
0.23 -0.00 43.53 1.18 -0.03 -0.05 8372.00
0.15 -0.03 43.77 1.17 -0.03 -0.04 8412.00
0.10 0.08 44.01 1.17 -0.05 -0.07 8453.00
0.07 0.13 44.30 1.18 -0.08 -0.07 8493.00
0.01 0.16 44.64 1.17 -0.11 -0.08 8532.00
-0.02 0.13 45.05 1.17 -0.12 -0.07 8572.00
0.10 0.13 45.49 1.19 -0.12 -0.06 8613.00
0.21 0.06 45.81 1.20 -0.09 -0.05 8653.00
0.25 0.06 46.13 1.20 -0.06 -0.07 8693.00
0.19 0.02 46.48 1.19 -0.04 -0.06 8733.00
0.20 0.07 46.82 1.17 -0.04 -0.07 8774.00
0.16 0.08 47.17 1.16 -0.05 -0.08 8814.00
0.12 0.11 47.52 1.17 -0.08 -0.08 8854.00
0.08 0.07 47.91 1.19 -0.08 -0.06 8894.00
0.10 0.06 48.31 1.20 -0.08 -0.06 8934.00
0.17 0.08 48.72 1.18 -0.07 -0.06 8975.00
0.19 0.09 49.11 1.17 -0.06 -0.08 9015.00
0.19 0.07 49.49 1.18 -0.06 -0.07 9055.00
0.13 0.05 49.82 1.19 -0.06 -0.07 9095.00
0.10 0.07 50.18 1.19 -0.06 -0.07 9135.00
0.27 0.09 50.52 1.18 -0.06 -0.08 9176.00
0.23 0.11 50.85 1.17 -0.05 -0.09 9216.00
0.14 0.09 51.17 1.17 -0.06 -0.08 9255.00
0.05 0.09 51.51 1.18 -0.08 -0.08 9295.00
0.09 0.11 51.89 1.19 -0.09 -0.07 9336.00
0.11 0.10 52.28 1.19 -0.09 -0.06 9376.00
0.12 0.12 52.68 1.19 -0.08 -0.08 9416.00
0.14 0.11 53.07 1.18 -0.08 -0.08 9456.00
0.10 0.09 53.44 1.19 -0.07 -0.09 9496.00
0.17 0.09 53.79 1.18 -0.07 -0.08 9537.00
0.16 0.08 54.07 1.17 -0.06 -0.07 9577.00
0.14 0.09 54.33 1.18 -0.07 -0.07 9617.00
0.13 0.10 54.62 1.18 -0.08 -0.07 9657.00
0.08 0.10 54.95 1.18 -0.08 -0.08 9697.00
0.17 0.11 55.32 1.17 -0.08 -0.09 9738.00
0.18 0.10 55.64 1.17 -0.07 -0.09 9778.00
0.19 0.05 55.95 1.18 -0.06 -0.07 9818.00
0.09 0.05 56.21 1.19 -0.06 -0.07 9858.00
0.15 0.17 56.37 1.20 -0.09 -0.10 9899.00
0.11 0.28 56.41 1.17 -0.12 -0.13 9938.00
0.15 0.27 56.45 1.07 -0.10 -0.15 9978.00
0.38 0.24 56.36 1.10 -0.04 -0.17 10019.00
0.39 0.21 55.73 1.25 0.02 -0.19 10059.00
0.11 0.23 54.58 1.31 -0.02 -0.18 10099.00
-0.04 0.35 53.75 1.19 -0.12 -0.18 10140.00
-0.08 0.28 53.71 1.14 -0.16 -0.15 10180.00
0.16 0.22 54.07 1.19 -0.12 -0.14 10221.00
0.26 0.18 54.46 1.24 -0.07 -0.12 10261.00
0.30 0.14 55.09 1.25 0.00 -0.11 10301.00
0.25 0.28 55.71 1.20 0.03 -0.15 10342.00
0.11 0.32 56.22 1.10 -0.01 -0.18 10382.00
0.08 0.37 56.53 1.07 -0.05 -0.19 10423.00
0.09 0.42 56.46 1.10 -0.07 -0.21 10463.00
0.17 0.46 56.15 1.14 -0.05 -0.23 10503.00
0.05 0.51 55.71 1.10 -0.05 -0.25 10543.00
0.11 0.53 55.58 1.16 -0.06 -0.27 10584.00
0.16 0.43 55.93 1.27 -0.04 -0.29 10624.00
0.15 0.19 56.69 1.43 0.01 -0.21 10664.00
0.09 0.02 57.64 1.43 -0.03 -0.09 10704.00
0.05 0.24 58.98 1.24 -0.10 0.16 10744.00
0.55 0.38 60.16 1.17 -0.01 0.17 10785.00
0.88 0.47 60.81 1.05 0.11 0.18 10825.00
0.99 0.89 61.41 1.15 0.29 0.33 10865.00
0.57 0.53 61.80 1.00 0.29 0.20 10906.00
0.26 -0.05 62.09 1.07 0.11 0.05 10946.00
0.04 -0.14 62.02 1.14 0.00 0.02 10986.00
0.05 -0.01 61.80 1.19 -0.09 -0.00 11026.00
0.00 0.13 61.85 1.23 -0.13 0.01 11067.00
0.29 0.02 62.56 1.20 -0.12 0.05 11107.00
0.36 0.04 63.56 1.20 -0.01 0.09 11147.00
0.45 0.05 64.55 1.17 0.03 0.04 11187.00
0.67 0.18 64.89 1.16 0.10 -0.03 11228.00
0.64 0.18 64.60 1.23 0.13 -0.07 11268.00
0.35 -0.04 64.29 1.09 0.06 -0.02 11308.00
0.17 -0.01 64.62 1.15 -0.00 -0.04 11348.00
0.19 0.06 65.35 1.20 -0.02 -0.08 11388.00
0.13 0.08 66.24 1.21 -0.01 -0.09 11428.00
0.07 0.11 67.34 1.18 -0.03 -0.10 11469.00
0.11 0.06 68.29 1.16 -0.03 -0.08 11509.00
0.09 0.08 68.89 1.16 -0.05 -0.08 11549.00
0.11 0.09 69.14 1.18 -0.06 -0.09 11589.00
0.17 0.08 69.24 1.21 -0.05 -0.08 11630.00
0.08 0.14 69.39 1.20 -0.07 -0.09 11670.00
0.01 0.13 69.64 1.20 -0.09 -0.08 11710.00
0.06 0.16 69.98 1.19 -0.11 -0.08 11751.00
0.17 0.15 70.32 1.18 -0.11 -0.08 11791.00
0.26 0.09 70.60 1.18 -0.07 -0.07 11831.00
0.26 0.03 70.96 1.19 -0.03 -0.07 11871.00
0.30 0.03 71.43 1.18 -0.00 -0.06 11912.00
0.22 0.02 71.98 1.17 -0.00 -0.06 11952.00
0.13 0.07 72.46 1.17 -0.03 -0.08 11992.00
0.21 0.06 72.81 1.16 -0.04 -0.07 12033.00
0.15 0.06 73.14 1.17 -0.05 -0.07 12072.00
0.06 0.06 73.43 1.18 -0.07 -0.06 12112.00
0.06 0.06 73.65 1.19 -0.08 -0.05 12152.00
0.15 0.09 73.89 1.20 -0.08 -0.06 12193.00
0.18 0.09 74.24 1.19 -0.07 -0.07 12233.00
0.19 0.10 74.66 1.18 -0.06 -0.09 12273.00
0.17 0.02 75.08 1.18 -0.04 -0.06 12313.00
0.21 0.04 75.47 1.18 -0.04 -0.07 12354.00
0.16 0.06 75.81 1.18 -0.05 -0.06 12394.00
0.10 0.06 76.13 1.19 -0.06 -0.07 12434.00
0.13 0.09 76.46 1.19 -0.07 -0.07 12475.00
0.14 0.06 76.79 1.18 -0.07 -0.05 12515.00
0.17 0.06 77.11 1.18 -0.07 -0.05 12555.00
0.12 0.03 77.42 1.19 -0.06 -0.05 12595.00
0.18 0.05 77.74 1.18 -0.06 -0.05 12636.00
0.17 0.07 78.06 1.18 -0.06 -0.06 12676.00
0.26 0.07 78.38 1.18 -0.06 -0.06 12716.00
0.13 0.03 78.68 1.19 -0.05 -0.06 12755.00
0.19 0.03 78.98 1.18 -0.06 -0.05 12796.00
0.18 0.04 79.26 1.18 -0.06 -0.04 12836.00
0.10 0.06 79.53 1.18 -0.06 -0.06 12876.00
0.07 0.07 79.85 1.18 -0.07 -0.06 12916.00
0.15 0.10 80.22 1.18 -0.08 -0.07 12957.00
0.19 0.03 80.60 1.18 -0.07 -0.05 12997.00
0.19 0.02 80.98 1.19 -0.05 -0.04 13037.00
0.11 0.04 81.35 1.18 -0.06 -0.06 13077.00
0.18 0.06 81.70 1.18 -0.06 -0.06 13118.00
0.19 0.04 82.00 1.18 -0.05 -0.06 13158.00
0.11 0.03 82.30 1.18 -0.06 -0.05 13198.00
0.16 0.04 82.63 1.18 -0.06 -0.04 13239.00
0.15 0.05 82.94 1.18 -0.06 -0.05 13279.00
0.15 0.06 83.25 1.18 -0.07 -0.05 13319.00
0.12 0.06 83.55 1.17 -0.07 -0.07 13359.00
0.29 0.06 83.82 1.18 -0.05 -0.07 13400.00
0.33 0.03 84.09 1.19 -0.04 -0.05 13440.00
0.21 -0.00 84.35 1.19 -0.02 -0.06 13479.00
0.27 0.01 84.64 1.18 -0.01 -0.06 13520.00
0.25 -0.02 84.86 1.16 -0.01 -0.05 13560.00
0.15 -0.02 85.07 1.19 -0.03 -0.05 13600.00
0.17 0.02 85.24 1.21 -0.04 -0.04 13641.00
0.21 0.04 85.47 1.19 -0.05 -0.06 13681.00
0.16 0.01 85.89 1.20 -0.04 -0.06 13721.00
0.26 0.02 86.27 1.25 -0.05 -0.04 13762.00
0.38 -0.07 86.91 1.27 -0.02 0.01 13802.00
0.44 0.16 87.75 1.23 0.04 0.11 13842.00
0.49 0.30 88.52 1.20 0.13 0.14 13883.00
0.14 0.13 88.79 1.18 0.06 0.08 13923.00
-0.02 0.07 88.80 1.13 -0.04 -0.01 13963.00
-0.00 0.11 88.66 1.11 -0.09 -0.02 14004.00
0.18 0.13 88.33 1.15 -0.06 0.10 14044.00
0.15 0.25 87.83 1.20 -0.02 0.17 14084.00
0.16 0.30 87.44 1.16 -0.03 0.15 14125.00
0.01 0.25 87.39 1.10 -0.06 0.13 14164.00
0.06 0.25 87.37 1.09 -0.07 0.15 14204.00
0.16 0.29 87.42 1.10 -0.05 0.17 14245.00
0.10 0.26 87.78 1.08 -0.04 0.16 14285.00
0.10 0.22 88.18 1.06 -0.07 0.15 14325.00
0.34 0.27 88.58 1.15 0.01 0.20 14366.00
0.24 0.09 88.96 1.19 -0.02 0.10 14406.00
0.22 0.06 89.78 1.23 -0.08 -0.12 14446.00
0.68 0.07 90.37 1.39 -0.03 -0.19 14487.00
0.75 0.07 90.21 1.53 0.11 0.01 14527.00
0.27 0.34 89.72 1.23 0.03 -0.18 14567.00
0.47 0.56 89.33 1.04 -0.06 -0.24 14608.00
0.43 0.45 89.43 1.04 -0.01 -0.24 14648.00
0.30 0.33 89.87 1.09 0.04 -0.22 14688.00
0.07 0.28 90.12 1.12 -0.02 -0.21 14729.00
-0.02 0.31 90.54 1.15 -0.08 -0.22 14769.00
-0.02 0.31 91.04 1.22 -0.11 -0.21 14809.00
0.12 0.34 91.67 1.20 -0.12 -0.20 14850.00
0.19 0.25 92.39 1.17 -0.08 -0.17 14889.00
0.15 0.14 93.03 1.18 -0.05 -0.13 14929.00
0.28 -0.14 93.81 1.19 -0.03 -0.02 14970.00
0.55 0.09 94.99 1.28 0.08 0.07 15010.00
0.31 0.06 95.26 1.44 0.11 -0.04 15050.00
0.18 0.40 94.82 1.22 -0.03 -0.14 15091.00
0.08 0.44 94.87 1.01 -0.09 -0.17 15131.00
0.13 0.22 95.66 1.02 -0.06 -0.14 15171.00
0.21 0.22 96.29 1.16 -0.04 -0.16 15212.00
0.13 0.29 96.45 1.22 -0.04 -0.19 15252.00
0.09 0.31 96.68 1.17 -0.07 -0.17 15293.00
0.06 0.28 97.28 1.16 -0.08 -0.18 15333.00
0.02 0.22 98.11 1.17 -0.10 -0.16 15373.00
0.20 -0.06 99.09 1.16 -0.08 -0.04 15414.00
0.38 0.12 100.25 1.16 0.04 0.16 15454.00
0.23 0.06 101.25 1.27 0.08 0.11 15494.00
-0.06 0.20 101.33 1.31 -0.07 -0.05 15534.00
0.12 0.54 101.20 1.22 -0.16 -0.16 15575.00
0.09 0.40 101.21 1.14 -0.14 -0.19 15614.00
0.30 0.33 101.37 1.13 -0.09 -0.17 15655.00
0.33 0.18 101.77 1.14 -0.04 -0.14 15695.00
0.30 0.10 102.40 1.16 -0.01 -0.11 15736.00
0.25 0.01 103.05 1.15 -0.00 -0.08 15776.00
0.27 -0.09 103.77 1.16 0.02 -0.02 15816.00
0.26 -0.12 104.33 1.20 0.03 -0.00 15857.00
0.14 -0.00 104.41 1.24 -0.01 -0.05 15897.00
0.11 0.19 104.27 1.20 -0.07 -0.11 15938.00
0.10 0.24 104.21 1.18 -0.09 -0.14 15978.00
0.03 0.19 104.27 1.17 -0.09 -0.12 16018.00
0.12 0.12 104.53 1.18 -0.09 -0.09 16059.00
0.18 0.07 104.93 1.18 -0.07 -0.08 16099.00
0.17 -0.02 105.36 1.19 -0.04 -0.05 16139.00
0.23 -0.01 105.72 1.19 -0.02 -0.04 16180.00
0.14 0.06 105.96 1.18 -0.03 -0.07 16220.00
0.14 0.17 106.19 1.17 -0.06 -0.11 16261.00
0.21 0.18 106.49 1.17 -0.08 -0.11 16301.00
0.14 0.11 106.85 1.18 -0.07 -0.10 16340.00
0.24 0.07 107.29 1.18 -0.04 -0.08 16381.00
0.20 0.03 107.80 1.18 -0.02 -0.08 16421.00
0.23 0.01 108.22 1.19 -0.02 -0.06 16462.00
0.20 0.13 108.50 1.23 -0.03 -0.11 16502.00
0.22 0.21 108.69 1.19 -0.05 -0.14 16543.00
0.30 0.18 108.87 1.15 -0.04 -0.13 16583.00
0.34 0.19 108.96 1.14 -0.01 -0.14 16624.00
0.38 0.15 108.95 1.16 0.01 -0.13 16664.00
0.36 0.14 109.02 1.17 0.02 -0.13 16705.00
0.30 0.09 109.22 1.18 0.03 -0.12 16745.00
0.28 0.02 109.39 1.18 0.03 -0.08 16786.00
0.21 0.03 109.48 1.18 0.01 -0.08 16826.00
0.10 0.12 109.63 1.19 -0.02 -0.12 16866.00
0.17 0.23 109.93 1.19 -0.07 -0.16 16907.00
0.19 0.22 110.14 1.19 -0.04 -0.16 16947.00
0.35 0.15 110.42 1.18 -0.01 -0.12 16988.00
0.21 0.09 110.74 1.15 0.01 -0.11 17028.00
0.29 0.13 111.23 1.18 -0.01 -0.12 17069.00
