-0.76 -0.95 -245.64 0.45 -0.62 0.55 
0 0 0 0 0 0 
-54.94 -2.29 -210.00 0.75 -0.12 0.68 
0 0 0 0 0 0 
0 0 0 0 0 0 
23.28 -0.90 -212.87 0.22 -0.25 0.63 
141.61 1.28 -207.59 -0.31 -0.20 0.36 
-17.43 -1.51 -187.67 0.59 -0.40 0.72 
-96.19 -0.86 -202.79 0.36 -0.56 0.86 
0 0 0 0 0 0 
61.58 -0.20 -219.07 -0.01 -0.71 1.14 
24.13 -0.06 -203.65 -0.01 -0.32 0.98 
79.80 -0.95 -197.78 0.36 -0.18 1.01 
0 0 0 0 0 0 
0 0 0 0 0 0 
0 0 0 0 0 0 
111.44 1.59 -173.31 -0.38 -0.24 0.32 
10.55 -1.17 -152.95 0.62 0.36 0.80 
-106.07 -1.26 -150.49 0.48 -0.06 0.90 
0 0 0 0 0 0 
-28.31 -0.27 -161.26 0.06 -0.44 1.05 
67.31 -0.17 -140.84 0.09 -0.70 1.26 
158.25 -1.69 -150.10 0.60 -0.21 0.84 
-19.45 -1.42 -169.93 0.14 0.25 -0.07 
-148.88 0.39 -169.92 -0.21 -0.32 0.92 
0 0 0 0 0 0 
0 0 0 0 0 0 
0 0 0 0 0 0 
-4.99 -0.66 -179.50 0.09 0.30 0.27 
-109.54 -1.61 -173.19 0.63 -0.15 0.89 
0 0 0 0 0 0 
-33.50 -0.22 -184.26 0.03 -0.80 0.90 
97.95 -2.95 -175.40 0.30 -0.01 -0.14 
-173.24 -0.39 -178.62 0.09 0.35 0.55 
-44.05 0.08 -173.12 -0.05 -0.20 1.26 
1.46 -1.30 -164.06 0.68 -0.71 1.10 
-13.10 -0.51 -164.43 0.16 -0.36 0.82 
0 0 0 0 0 0 
0 0 0 0 0 0 
0 0 0 0 0 0 
4.08 -0.16 -190.24 0.03 -0.36 0.95 
0 0 0 0 0 0 
0 0 0 0 0 0 
62.27 -0.24 -183.03 0.11 -0.28 1.31 
-1.10 -0.33 -175.88 0.08 -0.36 0.79 
-3.72 -0.71 -177.67 0.23 -0.42 0.75 
55.12 -0.89 -191.17 0.50 -0.42 1.24 
0 0 0 0 0 0 
60.49 0.82 -188.73 -0.32 -0.17 0.72 
-56.73 -0.54 -195.19 0.26 -0.42 1.10 
0 0 0 0 0 0 
0 0 0 0 0 0 
22.14 -0.46 -196.42 0.13 -0.43 0.75 
0 0 0 0 0 0 
-42.36 -1.97 -207.22 0.02 0.02 -0.01 
0.71 -0.66 -191.13 0.28 -0.60 1.05 
0.96 -0.66 -190.86 0.17 -0.25 0.78 
-2.03 -0.71 -194.12 0.24 -0.36 0.77 
68.23 -0.92 -214.42 0.41 -0.38 1.22 
0 0 0 0 0 0 
19.80 1.05 -212.72 -0.47 -0.45 0.88 
-31.93 -0.58 -228.65 0.27 -0.74 0.99 
0 0 0 0 0 0 
29.49 -0.17 -232.13 0.02 -0.49 0.68 
61.45 -1.20 -204.24 0.32 0.11 0.71 
-3.57 -1.37 -223.58 0.18 -0.02 0.36 
-149.10 0.00 -224.64 -0.02 -0.30 0.85 
30.27 -0.45 -208.71 0.22 -0.57 1.06 
0 0 0 0 0 0 
0 0 0 0 0 0 
16.11 -1.04 -202.80 0.34 -0.23 0.76 
-47.41 3.24 -175.44 -0.35 -0.04 -0.03 
-65.64 -1.63 -181.83 0.82 -0.43 1.02 
-14.17 0.01 -195.44 0.00 -0.77 0.95 
3.41 -0.73 -190.51 0.25 -0.48 0.74 
36.92 0.34 -187.48 -0.20 -0.69 0.98 
0 0 0 0 0 0 
68.61 -1.57 -198.77 0.24 -0.19 0.31 
-0.25 -0.32 -179.24 0.09 -0.47 1.08 
-1.79 -1.32 -174.76 0.38 -0.12 0.67 
-18.84 -1.14 -180.40 0.45 -0.31 0.84 
66.86 -0.05 -195.47 0.00 -0.29 1.15 
0 0 0 0 0 0 
46.10 0.50 -178.19 -0.08 -0.12 0.38 
0 0 0 0 0 0 
-63.81 -0.24 -186.35 0.09 -0.50 1.24 
10.23 0.14 -178.58 -0.11 -0.42 0.85 
99.04 -1.35 -164.20 0.64 -0.38 0.99 
28.35 -1.82 -185.95 0.23 0.17 0.29 
-92.84 0.18 -178.13 -0.04 -0.12 0.99 
-31.13 -0.71 -164.08 0.34 -0.56 1.11 
0 0 0 0 0 0 
-17.46 -0.38 -163.86 0.08 -0.37 0.75 
0 0 0 0 0 0 
96.70 -0.60 -195.65 0.29 -0.57 1.42 
0 0 0 0 0 0 
-71.45 -1.09 -167.58 0.32 -0.12 0.99 
0 0 0 0 0 0 
0 0 0 0 0 0 
-11.39 -0.48 -168.62 0.16 -0.36 0.80 
-9.26 -0.03 -119.03 0.02 -0.59 1.18 
-7.51 -0.47 -115.61 0.10 -0.32 0.65 
0 0 0 0 0 0 
-35.16 -0.96 -122.29 0.40 -0.57 0.91 
28.01 -1.05 -119.25 0.15 -0.30 0.13 
11.86 -0.99 -122.00 0.33 0.11 0.94 
-36.54 0.11 -126.58 -0.10 -0.40 1.28 
-22.26 -0.47 -122.84 0.15 -0.30 0.81 
0 0 0 0 0 0 
41.52 0.11 -111.47 -0.10 -0.49 1.20 
-160.29 -0.43 -152.65 0.14 0.18 0.86 
15.62 -0.39 -128.92 0.26 -0.99 1.21 
-1.21 -0.75 -127.43 0.20 -0.29 0.69 
0 0 0 0 0 0 
-12.58 -0.47 -152.57 0.12 -0.75 1.31 
-100.13 -1.96 -138.32 0.54 -0.12 0.52 
-35.05 -0.63 -141.04 0.32 -0.73 1.15 
-21.67 -0.54 -137.85 0.16 -0.45 0.63 
54.16 -0.10 -127.94 0.00 -0.70 1.24 
72.78 -2.81 -157.13 0.50 0.21 -0.14 
-167.64 0.18 -136.85 -0.08 -0.33 1.08 
12.79 -1.41 -133.39 0.44 -0.25 0.67 
0 0 0 0 0 0 
0 0 0 0 0 0 
-7.55 -0.82 -139.86 0.34 -0.49 0.84 
-52.91 0.77 -164.39 -0.45 -0.43 1.27 
-48.94 -0.58 -162.87 0.17 -0.51 0.61 
5.22 -0.37 -153.97 0.13 -0.66 0.89 
168.53 -1.80 -170.77 0.50 -0.27 0.64 
-80.01 -0.59 -175.74 0.12 0.38 0.55 
53.35 -0.97 -152.88 0.58 -0.66 1.16 
0 0 0 0 0 0 
0 0 0 0 0 0 
-6.00 -1.01 -151.07 0.29 -0.31 0.66 
-79.32 -1.38 -119.06 0.44 -0.28 0.70 
7.74 0.19 -127.75 -0.18 -0.90 1.06 
-12.82 -0.51 -125.02 0.17 -0.48 0.83 
15.17 -0.94 -117.78 0.67 -0.55 2.05 
22.38 -2.09 -140.33 0.23 0.23 -0.03 
0 0 0 0 0 0 
-145.76 0.73 -134.38 -0.29 -0.76 1.00 
-17.74 -0.44 -131.01 0.13 -0.37 0.80 
82.92 -0.60 -155.97 0.22 -0.55 1.66 
113.02 1.19 -146.63 -0.20 0.00 0.37 
-84.20 -2.35 -135.12 0.71 0.05 0.46 
0 0 0 0 0 0 
0 0 0 0 0 0 
-115.92 -0.99 -139.65 0.61 -0.45 1.30 
0 0 0 0 0 0 
-12.89 -1.02 -157.80 0.10 0.11 0.27 
-16.93 -0.92 -127.84 0.22 -0.25 0.61 
-13.68 -1.00 -132.58 0.36 -0.36 0.74 
128.40 -0.47 -170.55 0.18 -0.47 1.42 
0 0 0 0 0 0 
-62.45 -2.62 -133.04 0.56 -0.02 0.28 
0 0 0 0 0 0 
-8.93 -0.89 -138.85 0.30 -0.20 0.74 
0 0 0 0 0 0 
-34.56 -2.89 -166.44 0.36 -0.12 0.15 
0 0 0 0 0 0 
0 0 0 0 0 0 
14.21 -0.98 -143.68 0.54 -0.83 1.35 
0 0 0 0 0 0 
0 0 0 0 0 0 
13.31 -2.90 -152.29 0.05 -0.01 0.00 
0 0 0 0 0 0 
-26.09 -0.34 -148.08 0.10 -0.40 0.80 
0 0 0 0 0 0 
-52.07 -2.91 -174.14 0.24 0.00 -0.15 
0 0 0 0 0 0 
19.85 -0.88 -139.34 0.22 -0.23 0.64 
94.26 0.31 -169.09 -0.24 -0.33 1.13 
48.95 1.65 -152.15 -0.19 -0.17 0.19 
-85.36 -1.82 -144.99 0.72 -0.24 0.79 
-22.23 -0.53 -160.40 0.30 -0.44 1.38 
25.73 0.10 -167.05 -0.08 -0.15 0.70 
-19.71 -0.03 -159.17 -0.01 -0.28 0.86 
44.23 -1.06 -149.95 0.64 -0.47 1.51 
0 0 0 0 0 0 
0 0 0 0 0 0 
0 0 0 0 0 0 
0 0 0 0 0 0 
85.57 -0.15 -195.15 0.00 -0.59 1.31 
-31.94 -0.52 -184.13 0.26 -0.79 1.14 
24.31 -0.58 -188.45 0.17 -0.26 0.72 
-15.55 -0.11 -177.78 0.00 -0.53 0.93 
110.34 -1.35 -168.28 0.90 -0.79 1.24 
-33.01 -2.62 -201.29 0.44 0.28 0.02 
0 0 0 0 0 0 
-138.06 1.02 -201.66 -0.34 0.12 0.61 
0 0 0 0 0 0 
0 0 0 0 0 0 
-11.15 -0.91 -191.51 0.29 -0.19 0.79 
49.07 -0.04 -232.24 -0.04 -0.39 0.85 
0 0 0 0 0 0 
-28.13 -0.22 -225.25 0.05 -0.36 0.75 
-8.87 -2.00 -230.65 0.23 0.18 -0.18 
0 0 0 0 0 0 
-4.23 0.26 -238.48 -0.10 0.15 0.60 
0 0 0 0 0 0 
-6.94 -0.88 -217.27 0.23 -0.33 0.62 
0 0 0 0 0 0 
127.19 0.31 -245.02 -0.27 -0.42 1.24 
0 0 0 0 0 0 
-42.72 -0.69 -249.60 0.45 -0.82 1.31 
139.23 -1.90 -210.98 0.52 -0.38 0.36 
-109.78 0.04 -225.01 -0.02 -0.01 0.24 
0 0 0 0 0 0 
-88.25 0.22 -218.44 -0.20 -0.28 1.37 
-30.58 -0.80 -211.48 0.27 -0.49 0.76 
0 0 0 0 0 0 
-32.44 -0.72 -221.53 0.39 -0.84 1.06 
-92.72 -1.65 -201.19 0.33 -0.05 0.33 
-100.93 -1.52 -204.23 0.56 0.04 0.95 
-149.25 -0.60 -208.77 0.52 -0.86 1.63 
29.58 -0.45 -211.40 0.10 -0.25 0.64 
-10.16 -0.16 -206.76 0.03 -0.32 0.84 
0 0 0 0 0 0 
0 0 0 0 0 0 
129.04 -0.42 -200.18 0.20 -0.32 1.43 
-16.70 -0.99 -209.54 0.28 -0.29 0.69 
-22.60 -1.11 -214.24 0.38 -0.35 0.71 
25.97 -0.85 -230.76 0.46 -0.66 1.42 
174.30 1.38 -227.19 -0.37 -0.27 0.53 
-64.41 -2.05 -216.29 0.31 -0.06 0.24 
-110.97 -1.36 -213.70 0.46 -0.15 0.91 
0 0 0 0 0 0 
3.15 -0.35 -226.04 0.17 -0.57 1.26 
0 0 0 0 0 0 
10.01 0.47 -213.94 -0.32 -0.71 1.11 
0 0 0 0 0 0 
-116.99 -0.28 -227.88 0.17 -0.98 1.37 
-4.97 -0.95 -229.86 0.35 -0.50 0.73 
88.86 -0.36 -249.17 0.16 -0.74 1.67 
-11.97 1.26 -219.19 -0.09 0.12 -0.12 
-156.47 -1.34 -213.74 0.28 -0.06 0.57 
-67.32 -0.98 -222.35 0.62 -0.71 1.33 
18.25 0.19 -229.90 -0.09 -0.39 0.66 
0 0 0 0 0 0 
0 0 0 0 0 0 
0 0 0 0 0 0 
0 0 0 0 0 0 
0 0 0 0 0 0 
0 0 0 0 0 0 
-61.30 -0.40 -261.88 0.22 -0.85 0.78 
10.73 -0.56 -259.52 0.15 -0.48 0.64 
64.08 -0.32 -240.72 0.14 -1.12 1.22 
0 0 0 0 0 0 
0 0 0 0 0 0 
0 0 0 0 0 0 
4.90 -0.32 -244.46 0.04 -0.09 0.71 
-25.06 -0.75 -256.70 0.22 -0.35 0.76 
0 0 0 0 0 0 
0 0 0 0 0 0 
0 0 0 0 0 0 
-15.29 -0.19 -256.21 0.02 -0.15 0.72 
3.47 -0.18 -236.62 0.04 -0.28 1.34 
160.46 -1.32 -242.66 0.65 -0.55 1.10 
0 0 0 0 0 0 
0 0 0 0 0 0 
0 0 0 0 0 0 
0 0 0 0 0 0 
0 0 0 0 0 0 
91.35 1.29 -231.28 -0.46 -0.29 0.67 
-99.03 -1.85 281.25 1.02 -1.19 0.36 
37.47 -0.06 313.78 0.00 -0.54 0.99 
-7.49 -0.09 317.83 0.00 -0.35 0.82 
79.05 0.15 321.45 -0.11 -0.69 1.26 
55.28 -2.14 313.58 0.51 0.04 0.50 
-145.48 2.44 290.00 -0.37 0.15 0.06 
-51.23 -0.26 298.73 0.17 -0.67 1.24 
52.43 -0.96 308.84 0.33 -0.16 0.78 
-12.04 -1.06 305.82 0.39 -0.28 0.89 
77.34 -0.72 280.68 0.49 -0.54 1.57 
131.25 0.70 282.30 -0.24 -0.20 0.64 
-13.10 -1.81 289.66 0.40 0.11 0.35 
-113.39 -1.44 293.10 0.59 -0.10 1.00 
19.44 -0.89 282.02 0.43 -0.49 1.05 
-11.40 -0.55 282.25 0.14 -0.40 0.67 
-18.76 0.07 291.36 -0.06 -0.50 1.05 
119.61 -1.72 299.30 0.93 -0.50 1.04 
27.32 -3.58 280.03 0.63 0.04 0.09 
-67.33 -0.13 277.47 0.03 -0.18 0.91 
-65.00 -0.53 287.55 0.35 -0.37 1.35 
9.33 -1.60 295.71 0.44 -0.16 0.60 
-10.00 -1.44 296.05 0.53 -0.30 0.76 
0 0 0 0 0 0 
0 0 0 0 0 0 
0 0 0 0 0 0 
-46.00 -0.14 315.52 0.06 -0.75 1.00 
127.46 -0.88 321.30 0.40 -0.63 1.15 
0 0 0 0 0 0 
0 0 0 0 0 0 
52.04 -2.21 305.50 0.60 0.10 0.67 
20.30 -1.14 323.01 0.56 -0.78 0.78 
118.82 0.02 303.64 -0.02 -0.57 1.11 
-23.67 1.00 317.68 -0.16 0.26 0.30 
0 0 0 0 0 0 
-86.73 -2.18 325.00 0.73 -0.20 0.72 
-19.23 -0.25 -324.76 0.08 -0.95 0.93 
147.64 -1.85 -317.42 1.09 -0.39 1.07 
30.63 -3.28 324.47 0.39 0.04 0.10 
-62.91 -0.05 317.98 0.01 0.01 0.81 
5.60 -0.65 -319.74 0.32 -0.73 1.07 
19.29 -1.06 -316.63 0.31 -0.27 0.71 
-26.06 -0.51 -315.40 0.15 -0.30 0.83 
-16.51 -1.10 -321.08 0.43 -0.51 0.81 
67.82 0.15 319.48 -0.13 -0.79 1.00 
68.97 0.40 -326.88 -0.10 -0.05 0.65 
0 0 0 0 0 0 
-88.74 -1.74 -313.33 0.41 0.27 0.39 
39.07 -0.10 -324.76 0.01 -0.51 0.73 
-20.13 -0.63 -323.03 0.22 -0.44 0.79 
59.70 -0.23 -314.30 0.18 -1.24 1.47 
107.50 -2.70 -326.02 0.27 0.05 0.15 
-88.23 -1.45 -326.83 0.34 0.21 0.58 
-42.45 0.14 -318.23 -0.01 -0.42 0.98 
14.85 -0.83 -308.61 0.35 -0.48 1.14 
-15.26 -0.73 -305.67 0.18 -0.15 0.59 
-36.86 -1.12 -308.83 0.41 -0.31 0.84 
147.83 -0.22 320.68 0.00 -0.40 1.44 
41.39 -2.32 -321.39 0.13 -0.03 0.05 
-98.47 -1.73 -312.21 0.35 0.22 0.30 
-152.28 -1.79 -311.49 0.89 -0.13 1.03 
29.54 -0.39 -324.20 0.12 -0.49 1.04 
-35.62 -0.55 -320.25 0.19 -0.18 0.88 
55.22 -0.03 -308.71 -0.04 -0.45 1.28 
158.86 -2.64 -310.36 0.95 0.20 0.53 
-27.90 -1.53 -324.28 0.16 0.14 0.23 
-122.06 0.25 -313.72 -0.08 0.00 1.12 
44.54 -1.39 -298.15 0.49 -0.28 0.76 
-9.90 -0.77 -296.93 0.26 -0.32 0.82 
-10.12 -1.38 -307.72 0.54 -0.37 0.81 
96.49 0.27 320.98 -0.28 -0.60 1.29 
30.99 -0.70 -323.68 0.12 -0.14 0.37 
-106.82 -1.94 -313.53 0.62 0.22 0.62 
-59.05 -0.90 -318.62 0.56 -0.52 1.36 
27.67 -0.03 -321.42 -0.01 -0.49 0.73 
-38.28 -0.08 -317.33 0.00 -0.23 0.79 
38.70 -0.10 -307.79 0.10 -0.84 1.59 
12.46 -2.84 322.71 0.40 0.03 0.24 
0 0 0 0 0 0 
0 0 0 0 0 0 
-78.83 0.72 319.53 -0.27 0.01 0.72 
109.22 -0.11 279.07 -0.07 -0.61 1.35 
0 0 0 0 0 0 
0 0 0 0 0 0 
0 0 0 0 0 0 
136.31 -2.74 259.88 0.86 -0.11 0.42 
19.83 -2.79 244.18 0.23 0.08 -0.07 
-146.78 -0.02 234.56 -0.04 -0.26 0.55 
-87.37 -0.38 255.08 0.19 -1.06 1.13 
140.28 -1.61 267.11 0.67 -0.62 0.64 
-16.52 -0.84 267.66 0.17 -0.14 0.66 
-34.10 -0.93 266.44 0.35 -0.44 0.77 
16.87 -0.71 242.50 0.26 -0.61 1.20 
228.67 1.15 237.61 -0.44 -0.65 0.83 
0 0 0 0 0 0 
-78.14 -2.02 266.39 0.59 -0.39 0.20 
-18.64 -0.57 211.18 0.17 -0.43 0.69 
64.19 -0.07 233.04 -0.04 -0.81 1.48 
166.09 -1.85 235.33 0.62 -0.35 0.34 
-11.52 -0.17 201.58 -0.02 -0.30 0.19 
-122.03 0.35 184.19 -0.40 -0.73 0.76 
39.22 -0.94 224.03 0.48 -0.71 1.08 
-29.99 -0.35 223.62 0.05 -0.35 0.58 
-29.19 -1.10 214.46 0.40 -0.34 0.85 
49.63 -0.39 198.05 0.15 -0.82 1.53 
13.21 3.73 214.69 -0.72 0.07 0.07 
-71.45 -2.48 241.94 0.24 -0.10 0.11 
-107.47 -2.03 240.94 1.13 -0.29 1.12 
-124.19 0.22 207.48 -0.27 -1.47 1.01 
27.97 -0.56 212.73 0.16 -0.48 0.65 
0 0 0 0 0 0 
0 0 0 0 0 0 
59.44 -0.67 236.23 0.47 -0.67 1.30 
-38.71 -0.44 223.55 0.09 -0.44 0.42 
-50.81 -0.82 221.68 0.27 -0.18 0.77 
23.22 -0.34 206.29 0.10 -0.57 1.71 
88.49 0.83 212.19 -0.34 -0.70 0.48 
-12.27 1.79 231.73 -0.09 0.07 0.04 
-106.68 -1.23 234.82 0.45 -0.10 0.89 
0 0 0 0 0 0 
-9.84 -0.64 224.91 0.29 -0.20 1.27 
27.79 0.15 240.86 -0.09 -0.63 1.06 
83.07 -0.70 243.64 0.30 -0.59 1.44 
29.12 -2.11 233.22 0.42 0.19 0.40 
-147.58 -1.13 215.41 0.18 0.21 0.43 
-58.78 1.02 220.07 -0.49 -0.45 0.93 
6.50 -0.21 228.30 0.04 -0.53 1.26 
-14.55 -1.09 232.23 0.32 -0.25 0.66 
-29.03 -0.64 230.20 0.21 -0.40 0.91 
0 0 0 0 0 0 
41.81 -0.79 218.16 0.37 -0.51 1.25 
-90.25 -1.86 256.13 0.47 0.07 0.51 
-17.37 -1.55 256.04 0.59 -0.21 0.87 
-27.58 -0.93 249.25 0.55 -0.78 1.16 
7.57 -0.44 246.50 0.12 -0.44 0.67 
-0.47 -0.38 251.89 0.13 -0.52 0.93 
49.23 -0.54 260.08 0.32 -0.60 1.32 
75.17 -1.29 257.94 0.16 -0.12 0.27 
-35.64 -1.26 240.33 0.21 0.28 0.38 
-149.04 -0.35 246.76 0.02 -0.66 0.74 
6.48 -0.38 266.40 0.21 -0.59 1.11 
-4.35 -1.06 270.47 0.30 -0.25 0.68 
-16.38 -0.64 268.68 0.18 -0.23 0.79 
-4.87 -1.05 257.27 0.46 -0.56 1.08 
159.40 0.32 243.50 -0.16 -0.03 1.03 
-11.26 -1.21 267.13 0.19 0.25 0.21 
-111.44 -1.29 274.22 0.40 0.29 0.72 
-119.48 -1.13 272.39 0.62 -0.24 1.23 
-46.93 0.43 264.01 -0.25 -0.52 1.00 
-16.95 -0.27 265.12 0.08 -0.38 0.73 
0 0 0 0 0 0 
13.12 0.06 275.77 -0.11 -0.67 1.16 
-88.49 -1.05 237.92 0.22 0.18 0.53 
-89.93 0.15 242.61 -0.09 -0.46 1.12 
-4.71 -0.23 255.71 0.12 -0.33 1.10 
8.62 -1.02 258.02 0.29 -0.20 0.68 
-21.06 -0.84 247.53 0.35 -0.40 0.95 
0 0 0 0 0 0 
140.98 0.30 233.79 -0.22 -0.50 1.20 
-70.71 -1.58 251.88 0.64 0.09 1.03 
-85.90 -0.78 237.18 0.33 -0.57 1.06 
0 0 0 0 0 0 
-18.64 -0.63 241.68 0.22 -0.47 0.71 
77.47 -2.46 236.58 0.41 0.23 0.19 
-119.00 -1.10 228.97 0.11 0.19 0.30 
-210.01 0.55 235.50 -0.29 -0.51 1.00 
-19.03 -0.35 250.49 0.14 -0.33 1.22 
-2.06 -0.87 253.82 0.21 -0.19 0.63 
0 0 0 0 0 0 
-22.19 -0.75 249.05 0.25 -0.46 0.79 
0 0 0 0 0 0 
45.95 1.74 257.19 -0.14 -0.12 0.08 
-12.00 -0.20 239.52 0.05 -0.66 1.02 
-3.32 -0.45 240.27 0.15 -0.60 0.68 
-11.27 0.18 246.66 -0.15 -0.64 0.94 
36.92 -0.98 259.91 0.60 -0.52 1.34 
116.27 -1.66 238.86 0.14 0.18 0.12 
-98.18 -0.51 221.12 0.02 -0.01 0.40 
14.27 -0.66 242.39 0.59 -1.65 1.19 
-13.46 -1.05 245.59 0.29 -0.38 0.59 
-23.66 -0.79 243.90 0.27 -0.60 0.64 
-8.57 -0.73 229.08 0.40 -0.91 0.99 
145.08 0.96 225.27 -0.52 -0.75 0.78 
0 0 0 0 0 0 
0 0 0 0 0 0 
30.59 1.10 247.55 -0.08 0.06 -0.12 
-21.12 0.29 259.59 -0.20 -0.71 0.94 
179.38 -1.54 255.16 0.68 -0.33 0.85 
80.06 -1.78 234.02 0.18 0.26 -0.07 
-177.34 -1.23 227.91 0.31 -0.17 0.56 
-108.84 0.23 242.06 -0.11 -1.06 1.07 
24.06 -0.76 254.90 0.26 -0.72 0.75 
0 0 0 0 0 0 
-10.34 -1.13 256.75 0.34 -0.34 0.63 
91.88 0.96 237.08 -0.27 -0.38 0.45 
0 0 0 0 0 0 
0 0 0 0 0 0 
-79.55 -1.24 261.12 0.28 -0.35 0.42 
119.80 -0.92 271.10 0.53 -0.70 1.41 
87.99 -1.48 262.52 0.20 -0.33 -0.02 
-89.48 -1.48 247.30 0.18 0.23 0.31 
-101.90 -0.61 260.18 0.33 -0.46 1.10 
42.09 -0.67 273.27 0.34 -0.85 1.03 
15.65 -1.02 276.03 0.37 -0.57 0.70 
-27.56 -1.00 273.28 0.32 -0.47 0.67 
38.70 -0.92 259.88 0.56 -0.96 1.08 
159.08 1.39 257.55 -0.48 -0.35 0.67 
0 0 0 0 0 0 
-19.27 -1.35 278.36 0.08 0.13 0.00 
-35.48 -0.23 262.46 0.05 -0.72 0.94 
-29.36 -0.37 274.88 0.10 -0.53 0.71 
130.30 -1.10 279.96 0.83 -0.85 1.55 
89.28 -2.82 264.81 0.49 0.19 0.12 
-120.70 -1.30 246.77 0.16 0.11 0.33 
-135.11 0.26 256.94 -0.12 -0.82 0.86 
0 0 0 0 0 0 
43.51 -1.22 275.61 0.93 -0.74 1.30 
-49.43 -1.07 259.51 0.51 -0.77 0.84 
38.69 -0.61 241.05 0.30 -0.78 1.39 
132.70 1.96 266.55 -0.27 -0.30 0.00 
-114.00 -1.53 289.97 0.32 -0.35 0.45 
-52.52 -1.70 284.38 0.88 -0.62 0.97 
-4.53 -0.38 256.07 0.14 -0.68 0.78 
37.46 -0.30 256.42 0.07 -0.57 0.68 
44.98 -0.09 266.16 -0.01 -0.82 1.01 
170.29 -1.16 281.02 0.80 -0.52 1.35 
77.54 -1.75 257.98 0.31 -0.34 0.13 
-115.10 2.51 235.51 -0.56 -0.09 0.17 
-87.80 -0.40 245.85 0.09 -0.83 1.36 
11.44 -1.01 264.25 0.44 -0.63 0.86 
-22.19 -0.63 264.78 0.17 -0.42 0.76 
-11.39 -1.16 257.49 0.47 -0.44 0.87 
-8.06 -0.09 246.21 -0.02 -1.07 1.06 
189.53 2.35 256.86 -0.64 0.01 0.35 
-156.10 -1.40 288.98 0.27 -0.28 0.25 
-110.84 -1.63 288.44 0.69 -0.46 0.91 
-53.10 -1.01 270.52 0.59 -0.75 0.97 
29.64 -0.13 266.68 -0.02 -0.69 0.70 
49.94 -0.41 279.74 0.13 -0.63 0.99 
89.26 -1.42 292.61 0.88 -0.55 1.08 
48.48 -2.12 269.70 0.41 -0.05 0.34 
-163.64 2.52 236.28 -0.69 0.31 -0.05 
18.54 -0.38 259.87 0.14 -1.16 1.30 
11.69 -1.29 282.00 0.49 -0.45 0.72 
-35.01 -0.67 277.52 0.19 -0.43 0.74 
-13.94 -0.33 261.14 0.14 -0.73 1.09 
152.12 1.17 271.21 -0.39 -0.70 0.43 
-17.35 0.61 301.88 -0.07 0.12 0.22 
-68.12 -1.50 307.24 0.64 -0.66 0.92 
-44.31 -0.57 281.03 0.24 -0.60 1.14 
0.40 0.15 271.27 -0.14 -0.74 0.70 
-8.75 -0.20 275.36 0.03 -0.63 0.66 
28.85 0.08 297.26 -0.14 -0.98 1.18 
103.69 -1.53 301.34 0.65 -0.37 0.83 
67.71 -0.24 274.11 0.02 -0.29 0.03 
-80.08 1.39 247.91 -0.55 -0.35 0.49 
-133.93 0.00 262.32 -0.09 -1.19 1.02 
-15.03 -0.95 272.06 0.26 -0.28 0.62 
-10.13 -0.50 267.99 0.14 -0.48 0.76 
44.89 -0.44 251.43 0.20 -1.03 1.11 
138.44 1.17 247.70 -0.54 -0.48 0.90 
-59.66 0.82 288.05 -0.13 -0.36 0.02 
-112.03 -2.01 290.78 0.89 -0.19 0.96 
-66.26 -0.13 261.61 0.12 -1.05 0.89 
33.28 0.29 258.73 -0.17 -0.58 0.67 
-6.47 -0.13 265.94 0.01 -0.54 0.80 
78.13 -0.43 291.50 0.32 -0.91 1.29 
144.92 -1.07 288.51 0.32 -0.22 0.65 
3.32 0.75 257.08 -0.10 0.12 0.19 
-65.43 -0.03 257.53 -0.31 -1.67 1.05 
0 0 0 0 0 0 
0 0 0 0 0 0 
0 0 0 0 0 0 
-47.91 -0.40 312.52 0.18 -0.41 1.35 
-9.30 0.16 307.57 -0.13 -0.48 0.72 
-29.63 -0.10 311.54 0.02 -0.53 0.78 
-1.73 -0.01 325.60 -0.05 -0.62 1.27 
174.89 -1.20 -326.06 0.51 -0.40 0.93 
-82.53 -2.22 310.60 0.58 -0.36 0.38 
-115.61 0.35 312.21 -0.21 -0.36 1.13 
-16.31 -0.62 325.47 0.37 -0.76 1.20 
-9.00 -0.74 -326.18 0.22 -0.49 0.67 
-2.38 -0.86 327.28 0.33 -0.47 0.87 
35.95 -0.62 310.17 0.36 -0.71 1.28 
96.89 1.17 313.52 -0.46 -0.26 0.77 
-14.59 -1.96 -319.53 0.08 0.00 0.07 
-77.23 -1.87 -311.19 0.59 -0.09 0.63 
-57.97 -1.28 -323.95 0.66 -0.39 1.29 
19.12 0.25 327.02 -0.16 -0.62 0.86 
-9.21 -0.25 -323.52 0.07 -0.43 0.77 
20.24 -0.27 -313.94 0.09 -0.62 1.20 
0 0 0 0 0 0 
137.06 -1.48 -319.11 0.62 -0.37 0.84 
-129.13 -0.40 -315.22 0.16 -0.80 1.07 
19.10 -1.04 -302.13 0.46 -0.69 0.88 
