-52.56 -2.28 111.91 1.23 -0.84 -0.13 
0 0 0 0 0 0 
0 0 0 0 0 0 
0 0 0 0 0 0 
0 0 0 0 0 0 
-90.56 1.05 293.58 -0.45 0.38 -0.36 
31.10 -0.76 303.46 0.33 -0.66 0.88 
23.25 -1.60 -307.81 0.62 0.01 0.81 
-0.39 -0.64 -299.30 0.16 0.14 0.74 
1.96 -1.05 -324.05 0.37 0.27 0.81 
-57.13 -1.47 285.57 0.50 -0.38 0.57 
-2.71 -0.63 277.19 0.31 -0.91 1.01 
17.51 -0.48 292.32 0.59 -0.39 1.57 
17.39 -0.33 308.18 0.10 0.07 0.24 
37.12 1.65 311.36 -0.67 0.30 -0.85 
-74.84 1.19 301.54 -0.75 0.10 -0.79 
66.09 -1.62 295.97 0.61 -0.36 1.21 
-6.00 -0.90 292.47 0.45 -0.08 1.35 
11.81 -0.93 315.47 0.42 -0.71 0.77 
6.53 -1.56 -290.61 0.56 0.22 0.80 
-3.87 -0.78 -289.07 0.23 -0.08 0.79 
-13.86 -1.15 -320.41 0.46 0.34 0.77 
0 0 0 0 0 0 
-33.90 -1.76 292.37 0.72 -0.11 0.78 
98.72 1.38 -318.92 -0.11 0.09 0.31 
-9.87 1.51 -315.51 -0.83 0.33 -0.97 
-64.52 1.48 -326.70 -0.78 0.20 -0.64 
13.40 -2.15 296.62 0.73 -0.27 1.10 
9.47 -0.84 292.68 0.40 -0.35 1.45 
34.42 -0.89 313.66 0.36 -0.72 0.73 
-1.97 -1.53 -295.02 0.59 0.16 0.88 
9.47 -0.70 -302.70 0.24 0.03 0.96 
-16.92 -1.70 312.12 0.67 0.01 0.75 
-41.75 -1.36 275.63 0.56 -0.70 0.63 
-2.50 -0.59 283.88 0.45 -0.54 1.49 
46.56 -0.23 302.39 0.38 -0.34 0.94 
47.28 2.12 306.18 -0.55 0.23 -0.53 
-36.91 1.30 305.91 -0.93 0.53 -0.84 
-51.26 1.45 290.65 -0.17 -0.11 -0.02 
18.83 -1.40 288.61 0.51 -0.29 1.55 
32.64 -0.30 296.93 0.10 -0.45 1.23 
-17.86 -0.62 -326.88 0.19 -0.50 0.64 
-46.21 -1.21 -299.09 0.43 0.14 0.95 
21.28 -0.34 -306.77 0.10 0.15 1.10 
53.18 -1.39 292.53 0.36 -0.12 0.66 
-40.87 -0.95 277.81 0.52 -0.84 1.12 
4.41 -0.21 285.78 0.45 -0.22 1.50 
18.86 0.82 302.02 -0.01 0.05 -0.10 
-26.51 1.60 304.50 -1.06 0.47 -1.29 
-73.16 0.68 280.09 -0.41 0.20 -0.52 
-24.31 -2.31 272.92 0.77 -0.12 1.00 
-18.58 -0.69 271.31 0.32 -0.42 1.43 
-11.29 -1.15 289.14 0.43 -0.54 0.79 
3.95 -1.75 -327.41 0.58 -0.30 0.66 
0 0 0 0 0 0 
-2.41 -0.81 -318.75 0.29 0.24 0.92 
-3.40 -0.72 282.11 0.59 -0.73 1.51 
75.50 -0.59 294.39 0.46 -0.26 0.77 
66.32 2.18 293.39 -0.41 0.00 -0.44 
-38.55 2.02 294.07 -1.16 0.26 -0.64 
-38.47 2.73 284.05 -0.28 -0.03 -0.01 
0 0 0 0 0 0 
36.25 -1.49 280.26 0.46 0.03 1.22 
21.89 -1.69 -272.23 0.56 0.16 0.76 
0 0 0 0 0 0 
0 0 0 0 0 0 
-1.25 -0.65 -278.22 0.21 0.21 0.96 
69.51 1.31 -308.99 -0.11 0.07 -0.35 
-38.04 1.66 -314.48 -1.23 0.64 -0.78 
-59.49 2.20 -321.87 -0.20 0.05 -0.02 
-34.03 -1.33 323.64 0.32 -0.16 1.13 
-18.96 -0.62 323.82 0.31 -0.38 1.56 
23.64 -1.16 -297.74 0.39 -0.53 0.62 
-25.39 -1.24 -268.53 0.43 0.09 0.86 
-7.93 -0.45 -277.36 0.16 0.29 0.89 
-31.55 -1.90 324.13 0.65 -0.12 0.66 
3.30 -1.22 311.56 0.66 -0.83 1.01 
54.40 -0.39 323.34 0.47 -0.26 1.18 
64.54 1.20 323.50 -0.04 0.04 -0.15 
-45.52 1.94 319.85 -1.36 0.34 -0.79 
0 0 0 0 0 0 
-47.95 1.48 310.12 -0.16 -0.07 0.07 
19.86 -1.13 326.19 0.51 -0.64 0.75 
-1.29 -1.34 -291.51 0.40 -0.15 0.68 
18.80 -0.67 -292.24 0.25 0.22 1.09 
31.60 -1.38 317.66 0.47 -0.14 0.63 
-13.63 -1.57 291.83 0.59 -0.45 0.83 
6.69 -0.44 299.28 0.44 -0.53 1.74 
63.08 -0.48 314.36 0.29 -0.29 0.48 
7.78 2.24 324.01 -0.59 0.16 -0.55 
-68.67 1.48 315.15 -0.89 0.34 -0.66 
-19.32 -2.79 303.03 0.41 -0.07 0.35 
0.80 -1.07 297.83 0.59 -0.43 1.91 
0 0 0 0 0 0 
9.73 -0.96 323.80 0.42 -0.62 0.79 
32.54 -0.72 310.07 0.35 0.22 1.02 
-34.42 -1.96 273.70 0.54 -0.09 0.49 
-38.08 -0.98 258.68 0.46 -0.54 1.05 
8.41 -0.32 272.24 0.52 -0.43 1.69 
29.46 1.41 284.40 -0.09 0.09 -0.22 
-41.29 2.01 280.36 -1.33 0.48 -0.59 
0 0 0 0 0 0 
-10.49 -0.91 268.11 0.00 -0.18 0.06 
1.04 -0.59 269.73 0.30 -0.78 0.92 
2.40 -1.53 309.91 0.44 -0.26 0.63 
-24.74 -0.85 -326.83 0.34 0.25 0.99 
39.34 -1.06 282.65 0.55 0.07 0.98 
-38.67 -0.88 248.89 0.29 -0.59 0.58 
22.44 -0.17 255.03 0.29 -0.56 1.84 
0 0 0 0 0 0 
90.83 -1.53 274.60 0.12 -0.09 0.00 
-27.87 2.65 263.28 -0.33 -0.01 0.00 
0 0 0 0 0 0 
4.12 -2.52 261.05 1.13 0.11 1.21 
-10.64 -1.62 -297.51 0.54 -0.01 0.75 
-6.04 -0.73 -306.70 0.32 0.40 1.00 
47.69 -1.19 313.52 0.54 -0.16 0.87 
0 0 0 0 0 0 
-26.26 -0.74 292.44 0.28 -0.69 0.58 
107.32 -0.99 312.20 0.27 -0.29 0.15 
-11.03 2.05 311.62 -1.04 0.21 -0.97 
-76.03 2.36 309.00 -0.79 0.06 -0.24 
-10.10 -2.22 306.67 0.58 -0.11 0.73 
12.68 -0.90 326.09 0.49 -0.74 1.22 
8.17 -1.66 -292.11 0.57 -0.17 0.70 
-13.32 -1.11 -277.77 0.36 0.06 0.82 
12.88 -1.06 -299.25 0.52 0.04 1.11 
-2.39 -1.45 320.06 0.53 -0.29 0.67 
2.90 -1.00 302.12 0.34 -0.59 0.70 
22.63 -0.35 311.80 0.53 -0.16 1.73 
45.87 -2.53 313.87 0.15 -0.04 0.02 
15.49 2.15 315.34 -1.03 0.28 -0.85 
-70.52 1.31 303.85 -0.54 0.04 -0.40 
0 0 0 0 0 0 
3.48 -1.95 298.31 0.56 -0.15 1.02 
1.57 -1.55 -271.11 0.50 -0.27 0.72 
2.55 -1.10 -255.76 0.41 0.17 1.02 
8.86 -1.03 -285.06 0.48 0.04 0.89 
-23.13 -1.68 -323.95 0.57 -0.30 0.50 
-5.82 -0.45 322.40 0.19 -0.88 1.19 
5.24 -0.25 -319.08 0.52 -0.38 1.33 
12.09 1.81 -313.81 -0.50 0.20 -0.61 
-22.17 2.37 -314.23 -1.20 0.47 -0.01 
-20.18 -1.44 -323.51 0.02 -0.10 -0.01 
-40.52 -1.18 324.90 0.45 -0.19 1.45 
1.38 -0.75 -311.19 0.44 -0.79 1.01 
14.22 -1.75 -271.97 0.51 -0.27 0.58 
1.66 -1.12 -248.35 0.38 0.10 0.94 
34.79 -1.02 -292.22 0.43 -0.07 0.87 
-44.28 -1.37 -323.36 0.49 -0.39 0.62 
-13.76 -0.79 319.91 0.30 -0.71 0.81 
25.36 -0.44 -323.99 0.54 -0.36 1.74 
43.39 -0.74 -315.36 0.06 -0.11 0.04 
19.01 2.28 -308.51 -0.99 0.23 -0.66 
-120.58 1.77 -319.69 -0.71 0.17 -0.38 
31.95 -2.14 315.78 0.46 0.09 0.72 
-18.51 -1.05 315.00 0.52 -0.29 1.45 
10.79 -1.17 -316.37 0.51 -0.54 0.79 
-8.55 -1.82 -276.06 0.70 -0.20 0.73 
8.58 -1.02 -264.95 0.39 0.34 1.01 
10.60 -1.52 -296.37 0.64 0.04 0.79 
-2.67 -1.69 317.37 0.73 -0.48 0.72 
-20.77 -1.09 304.61 0.43 -0.62 0.74 
10.25 -0.73 314.15 0.67 -0.29 1.50 
46.72 -1.55 322.18 0.15 -0.11 0.02 
-14.12 1.72 -323.50 -1.10 0.25 -0.91 
-38.98 2.42 323.19 -0.41 -0.09 -0.04 
27.49 -2.17 315.71 0.77 -0.15 0.98 
-0.58 -0.91 315.85 0.42 -0.32 1.43 
0 0 0 0 0 0 
0 0 0 0 0 0 
4.87 -1.43 -296.81 0.54 -0.56 0.59 
0 0 0 0 0 0 
38.16 -0.76 -308.69 0.54 -0.40 0.93 
-100.58 1.37 -305.86 -0.85 0.52 -0.62 
-27.01 -3.04 -318.90 0.41 -0.11 0.26 
-24.67 -1.37 -322.87 0.75 -0.23 1.81 
3.21 -0.70 -300.15 0.35 -0.71 0.81 
-20.55 -2.05 -258.18 0.54 0.03 0.59 
0 0 0 0 0 0 
-9.94 -0.81 -268.16 0.45 0.43 1.31 
-24.64 -0.93 -324.69 0.53 -0.70 1.38 
53.54 -0.33 -310.49 0.58 -0.50 1.37 
56.73 1.21 -299.79 -0.21 0.26 -0.74 
-61.38 1.74 -300.65 -1.21 0.58 -0.63 
-8.13 -3.40 -316.93 0.52 -0.22 0.13 
-3.56 -1.35 -318.99 0.77 0.01 2.16 
3.05 -1.04 -294.10 0.59 -0.67 0.72 
-34.38 -1.54 -253.62 0.31 -0.11 0.49 
-9.97 -1.05 -250.06 0.56 0.07 1.38 
0 0 0 0 0 0 
55.52 -1.37 -290.13 0.47 0.16 0.65 
35.12 -0.64 -284.75 0.86 -0.27 1.54 
10.28 1.87 -284.25 -0.26 0.11 -0.34 
-42.34 2.63 -283.04 -1.58 0.14 -0.40 
-0.46 0.23 -291.22 -0.11 -0.20 0.09 
-5.58 -1.96 -291.08 0.92 0.02 1.41 
3.53 -1.25 -266.08 0.68 -0.50 0.94 
8.20 -1.45 -226.70 0.39 -0.02 0.66 
-28.19 -1.00 -225.35 0.38 0.25 0.98 
-51.41 -1.78 -270.01 0.49 -0.07 0.42 
0 0 0 0 0 0 
-48.84 -1.45 -292.94 0.65 -0.68 0.70 
21.49 2.24 -264.04 -0.80 -0.09 -0.53 
-47.91 2.34 -270.86 -1.01 0.42 -0.01 
-25.16 -2.83 -284.20 0.70 -0.39 0.39 
-20.50 -0.96 -267.73 0.69 -1.13 1.54 
1.51 -2.22 -222.55 0.63 -0.23 0.44 
-15.42 -0.98 -211.35 0.43 0.28 1.17 
40.81 -0.97 -247.86 0.44 0.00 0.87 
-20.52 -1.67 -286.55 0.61 -0.73 0.40 
45.70 -0.40 -269.43 0.47 -0.52 2.27 
88.65 -1.75 -255.01 0.54 -0.27 0.17 
14.51 1.96 -251.13 -0.78 0.38 -0.74 
-80.15 1.28 -266.36 -0.52 0.16 -0.42 
-11.97 -2.56 -277.61 0.60 -0.32 0.73 
3.44 -0.69 -258.21 0.33 -0.61 0.97 
-26.90 -1.65 -220.41 0.46 -0.28 0.53 
-27.29 -0.82 -207.07 0.38 0.38 1.27 
18.56 -0.95 -242.94 0.43 -0.09 0.86 
-48.02 -2.01 -283.82 0.54 -0.21 0.43 
11.79 -0.57 -282.79 0.34 -0.77 1.64 
51.19 -0.29 -269.71 0.56 -0.39 0.97 
30.62 1.89 -261.34 -0.48 0.13 -0.64 
-85.38 1.74 -260.85 -1.03 0.29 -0.61 
11.78 -2.97 -268.17 0.73 -0.21 0.50 
-15.40 -1.30 -270.66 0.82 -0.33 1.96 
0 0 0 0 0 0 
-2.42 -1.12 -238.90 0.46 -0.55 0.63 
0 0 0 0 0 0 
0 0 0 0 0 0 
91.40 -0.98 -274.38 0.38 0.02 0.83 
-62.65 1.68 -261.56 -0.95 0.36 -0.55 
-2.77 -3.47 -275.13 0.95 -0.06 0.41 
-44.53 -1.16 -279.27 0.77 -0.66 1.93 
26.35 -1.63 -240.36 0.60 -0.38 0.56 
-41.41 -1.38 -204.88 0.38 0.17 0.70 
41.46 -1.14 -257.73 0.61 0.08 1.16 
37.44 -1.48 -297.45 0.40 -0.56 0.36 
-23.97 -0.67 -300.51 0.46 -0.53 1.76 
57.47 -1.18 -288.36 0.47 -0.12 0.46 
29.43 1.95 -284.79 -0.57 0.27 -0.65 
-124.73 1.59 -294.49 -0.97 0.40 -0.51 
-6.88 -2.10 -300.47 0.38 -0.22 0.58 
-48.81 -0.86 -300.56 0.48 -0.22 1.80 
12.67 -1.23 -267.39 0.42 -0.39 0.64 
-60.42 -1.18 -228.40 0.46 0.17 1.02 
51.40 -1.07 -254.22 0.45 0.17 0.83 
-21.32 -1.66 -293.86 0.81 -0.45 0.75 
-11.58 -0.95 -306.61 0.49 -0.63 1.15 
42.80 0.00 -297.69 0.32 -0.43 1.52 
72.70 -0.22 -289.27 0.08 -0.12 -0.19 
-1.68 1.62 -284.30 -1.08 0.53 -1.20 
-102.03 0.86 -298.11 -0.39 0.19 -0.43 
16.34 -1.82 -305.45 0.50 -0.30 1.05 
-5.43 -0.57 -303.39 0.27 -0.45 1.46 
-8.07 -1.11 -267.19 0.32 -0.54 0.57 
-27.85 -1.08 -238.35 0.43 0.33 1.05 
60.76 -0.94 -277.46 0.48 0.13 1.10 
-0.11 -1.59 -321.93 0.66 -0.59 0.61 
23.51 -0.60 -322.81 0.43 -0.76 1.61 
52.09 -0.18 -307.98 0.34 -0.30 0.92 
11.94 1.73 -304.35 -0.72 0.25 -0.89 
-119.39 1.80 -313.68 -1.02 0.36 -0.64 
5.04 -2.39 326.62 0.27 -0.19 0.20 
-8.79 -0.63 -323.74 0.35 -0.63 1.56 
27.11 -0.98 -290.13 0.30 -0.60 0.43 
-46.42 -0.87 -258.09 0.38 0.54 1.09 
28.21 -1.13 -285.09 0.57 0.34 1.01 
-20.05 -2.28 320.52 0.85 -0.37 0.49 
0 0 0 0 0 0 
-4.47 -0.61 320.17 0.40 -0.86 1.49 
50.32 1.49 -312.76 -0.38 0.37 -0.74 
-110.78 1.66 -325.80 -0.84 0.34 -0.59 
-42.00 -3.43 318.68 0.53 -0.19 0.15 
0 0 0 0 0 0 
-0.45 -0.12 201.82 0.12 -0.56 1.52 
-0.45 -0.12 201.82 0.12 -0.56 1.52 
35.01 -0.38 213.96 0.38 -0.40 0.74 
51.10 -0.93 223.02 0.08 -0.06 -0.08 
13.02 1.56 228.47 -0.60 0.41 -1.22 
-61.27 1.16 224.49 -0.95 0.37 -1.45 
-37.72 0.56 216.91 -0.39 0.22 -0.51 
0 0 0 0 0 0 
0 0 0 0 0 0 
0 0 0 0 0 0 
0 0 0 0 0 0 
0 0 0 0 0 0 
0 0 0 0 0 0 
0 0 0 0 0 0 
0 0 0 0 0 0 
0 0 0 0 0 0 
11.17 -0.72 261.59 0.56 -0.34 1.05 
36.84 1.67 264.39 -0.46 0.32 -0.78 
-85.15 1.07 260.30 -0.77 0.37 -0.92 
12.45 -1.48 252.78 0.35 -0.05 0.84 
13.26 -0.79 255.14 0.28 -0.08 1.64 
0 0 0 0 0 0 
9.08 -0.64 284.33 0.20 -0.34 0.72 
21.89 -0.98 246.66 0.42 0.20 0.87 
0 0 0 0 0 0 
-12.82 -1.10 203.87 0.46 -0.91 0.55 
12.49 1.65 257.51 -0.62 0.43 -0.83 
-73.42 1.29 243.16 -0.80 0.54 -0.64 
-23.00 -1.22 223.49 0.04 -0.24 0.13 
-3.59 -0.67 221.61 0.30 -0.24 1.86 
-5.16 -0.96 275.76 0.30 -0.50 0.55 
-24.75 -1.30 310.76 0.50 0.35 0.97 
26.04 -0.73 289.25 0.41 0.21 1.29 
0 0 0 0 0 0 
27.06 -1.05 244.57 0.39 -0.43 0.53 
43.44 0.78 276.27 -0.04 0.00 -0.58 
16.05 1.96 272.91 -1.13 0.22 -0.75 
-84.29 2.03 266.22 -0.61 0.03 -0.28 
0 0 0 0 0 0 
11.31 -1.45 245.20 0.29 -0.24 0.90 
-22.26 -1.88 -303.26 0.62 -0.17 0.76 
0 0 0 0 0 0 
6.34 -0.75 -305.89 0.31 0.33 1.06 
-11.42 -0.10 288.89 0.37 -0.32 1.25 
45.59 2.38 303.89 -0.21 0.01 -0.21 
0 0 0 0 0 0 
-61.29 1.31 305.79 -1.06 0.71 -1.25 
-7.00 -0.48 287.57 0.19 -0.31 1.58 
0 0 0 0 0 0 
16.80 -0.82 323.73 0.27 -0.56 0.66 
0.49 -0.78 275.89 0.33 -0.03 0.90 
-15.94 -0.50 242.80 0.09 -0.37 0.53 
-24.54 -0.43 235.22 0.19 -0.59 1.22 
4.16 -0.13 242.92 0.30 -0.28 1.35 
105.96 2.02 259.61 -0.09 0.07 -0.10 
-16.16 1.31 258.78 -1.00 0.42 -1.21 
-131.94 1.80 249.72 -0.30 0.13 0.02 
-38.43 -0.39 240.09 -0.08 -0.32 1.15 
-14.77 0.12 240.20 -0.16 -0.39 1.29 
-20.42 -0.31 268.40 0.04 -0.52 0.78 
-33.81 -1.02 304.99 0.32 -0.02 0.85 
2.96 -0.33 310.33 0.06 -0.12 0.90 
17.56 -0.88 263.70 0.41 -0.02 1.01 
11.41 -0.82 223.53 0.36 -0.85 0.73 
-10.03 -0.26 213.54 0.04 -0.55 0.93 
-0.17 -0.13 219.22 0.12 -0.39 1.47 
99.73 0.25 234.75 0.12 -0.29 0.81 
72.83 1.54 238.88 -0.42 0.30 -0.81 
-60.26 1.60 233.84 -0.83 0.40 -0.61 
0 0 0 0 0 0 
-83.77 2.20 220.29 -0.41 0.13 0.08 
-9.11 -0.61 259.14 0.17 -0.56 0.59 
-53.16 -1.26 299.31 0.44 0.05 0.99 
1.91 -0.45 291.99 0.15 -0.01 0.93 
41.02 -0.73 259.83 0.31 0.08 0.90 
-6.60 -0.94 226.63 0.31 -0.48 0.69 
-5.00 -0.19 224.93 0.04 -0.49 1.14 
22.03 0.06 238.04 0.17 -0.27 1.53 
48.92 2.03 250.26 -0.31 0.27 -0.27 
-4.78 1.31 247.91 -0.92 0.39 -1.00 
-76.48 2.34 228.15 -0.37 -0.06 -0.03 
8.28 -0.90 219.57 0.12 -0.58 1.11 
10.91 -0.24 225.80 0.05 -0.53 1.03 
-6.94 -0.80 257.39 0.20 -0.45 0.68 
-4.56 -0.75 283.47 0.27 0.37 1.03 
8.00 -0.49 276.42 0.15 -0.15 0.88 
61.77 -1.00 235.72 0.48 0.06 1.01 
45.99 -1.02 207.06 0.41 -0.76 0.60 
3.41 -0.26 208.79 0.15 -0.55 1.35 
53.84 0.67 233.27 -0.04 -0.22 0.61 
-22.73 1.75 230.84 -0.83 0.25 -1.09 
-86.32 1.10 218.80 -0.55 0.35 -0.48 
-14.94 -1.69 213.78 0.33 -0.09 1.00 
5.04 -0.38 215.21 0.11 -0.16 1.54 
0 0 0 0 0 0 
4.20 -0.25 228.18 0.08 -0.62 0.79 
8.94 -0.48 241.64 0.19 0.00 0.94 
35.46 -0.80 200.34 0.30 0.18 0.78 
-18.54 -0.62 187.45 0.28 -0.75 1.04 
38.83 -0.24 193.43 0.24 -0.43 1.58 
77.26 1.32 203.61 -0.11 -0.26 0.17 
-18.90 1.79 202.63 -1.04 0.41 -0.77 
-50.84 2.50 193.97 -0.63 -0.01 -0.11 
-13.46 -1.00 185.94 0.17 -0.27 1.28 
-12.58 -0.35 188.74 0.13 -0.59 1.08 
-21.48 -0.67 218.67 0.21 -0.39 0.76 
33.90 -1.10 257.36 0.32 -0.10 0.89 
19.93 -0.45 254.32 0.16 -0.29 0.98 
48.68 -0.61 227.20 0.23 0.03 0.78 
17.02 -0.65 197.02 0.21 -0.26 0.80 
0 0 0 0 0 0 
-17.31 -0.20 200.77 0.08 -0.56 1.39 
-18.71 1.84 207.42 -0.95 0.45 -0.44 
-0.74 -0.66 189.05 0.02 -0.14 0.57 
-1.84 -0.65 186.59 0.21 -0.38 1.27 
-5.90 0.06 193.36 -0.07 -0.53 0.91 
-44.42 -0.45 222.41 0.06 -0.63 0.67 
-95.82 -0.34 236.70 0.10 -0.10 1.19 
67.81 -0.35 220.77 0.18 -0.29 1.14 
70.42 -0.53 187.76 0.22 -0.46 0.64 
-4.94 0.11 178.86 -0.11 -0.70 0.99 
34.35 0.17 188.79 0.08 -0.50 1.56 
66.00 3.01 207.86 -0.14 0.07 0.00 
-33.52 1.60 209.04 -0.91 0.44 -1.29 
-68.25 1.25 184.00 -0.49 0.28 -0.28 
23.22 -1.61 172.76 0.57 -0.21 1.26 
-2.64 -0.35 180.74 0.13 -0.51 1.06 
-6.74 -0.95 216.36 0.31 -0.48 0.74 
-15.13 -0.88 245.09 0.32 0.48 0.93 
3.34 -0.58 242.19 0.21 0.02 0.90 
30.23 -1.11 202.33 0.43 0.11 0.80 
-11.52 -1.05 176.81 0.42 -0.54 0.84 
-0.70 -0.42 174.11 0.18 -0.33 1.15 
48.57 -0.01 184.09 0.28 -0.18 1.38 
104.04 2.14 192.93 -0.21 0.13 -0.23 
-25.13 1.77 186.79 -1.04 0.60 -0.91 
-74.59 2.57 174.68 -0.40 0.03 -0.05 
-20.77 -0.97 170.50 0.02 -0.33 1.08 
-12.37 0.16 174.73 -0.17 -0.87 1.09 
-7.05 -0.93 215.18 0.24 -0.40 0.71 
-18.11 -1.08 245.69 0.48 0.12 1.19 
33.20 -0.35 244.85 0.07 0.03 0.78 
21.79 -1.32 202.73 0.54 0.05 0.88 
-5.35 -0.60 169.07 0.25 -0.81 0.81 
0 0 0 0 0 0 
-3.59 -0.08 168.85 0.04 -0.38 1.49 
-25.06 1.59 183.70 -0.95 0.48 -1.11 
-105.13 1.01 172.02 -0.44 0.35 -0.33 
0 0 0 0 0 0 
0 0 0 0 0 0 
0 0 0 0 0 0 
54.38 0.15 175.83 0.19 -0.32 1.14 
73.51 2.67 186.37 -0.45 0.02 -0.26 
-0.71 2.42 185.40 -1.04 0.35 -0.46 
-79.35 2.24 174.91 -0.76 0.11 -0.22 
-11.08 -1.31 171.78 0.23 -0.16 0.93 
-24.96 -0.63 168.03 0.22 -0.37 1.55 
3.89 -0.68 197.55 0.28 -0.59 0.74 
-3.46 -1.21 233.70 0.39 0.24 0.78 
3.37 -0.63 226.04 0.25 0.18 1.19 
9.25 -1.16 187.90 0.33 0.09 0.57 
-41.39 -0.84 164.05 0.31 -0.42 0.95 
12.98 -0.48 167.01 0.27 -0.43 1.49 
47.49 -0.02 176.42 0.07 0.00 0.27 
-61.84 1.72 177.91 -1.08 0.32 -1.00 
-104.21 1.70 163.26 -0.22 0.10 -0.07 
0 0 0 0 0 0 
0 0 0 0 0 0 
-79.83 -0.70 153.22 0.14 -0.59 1.26 
59.83 -1.10 117.34 0.43 -0.01 0.82 
-6.04 -1.12 88.93 0.48 -0.86 0.83 
17.32 -0.43 89.21 0.39 -0.30 1.57 
76.46 -0.18 99.07 0.19 -0.21 0.49 
80.18 1.96 105.89 -0.49 0.13 -0.66 
-93.65 1.49 103.17 -0.87 0.51 -0.63 
-46.84 1.72 83.36 -0.20 -0.01 0.09 
0 0 0 0 0 0 
-24.74 -1.21 82.20 0.42 -0.25 1.35 
-8.39 -1.48 139.43 0.43 -0.38 0.60 
-11.56 -1.14 161.36 0.39 0.11 0.83 
0.01 -0.97 139.11 0.45 0.14 1.05 
-0.38 -1.39 98.11 0.49 -0.15 0.68 
-18.51 -0.53 86.48 0.33 -0.66 1.31 
0 0 0 0 0 0 
0 0 0 0 0 0 
0 0 0 0 0 0 
0 0 0 0 0 0 
-19.75 -0.57 154.41 0.13 -0.58 0.58 
0 0 0 0 0 0 
0 0 0 0 0 0 
43.68 -1.13 56.42 0.40 -0.22 0.76 
0 0 0 0 0 0 
0 0 0 0 0 0 
0 0 0 0 0 0 
0 0 0 0 0 0 
0 0 0 0 0 0 
0 0 0 0 0 0 
0 0 0 0 0 0 
0 0 0 0 0 0 
0 0 0 0 0 0 
61.54 -1.80 -31.17 0.52 -0.02 0.60 
0 0 0 0 0 0 
-25.81 -1.00 -56.78 0.37 -0.68 0.84 
0 0 0 0 0 0 
48.01 1.86 -44.55 -0.55 0.24 -0.61 
-53.98 -0.77 -85.97 0.40 -0.38 1.89 
-14.14 -0.91 -43.17 0.25 -0.41 0.57 
-36.25 -0.46 -34.94 0.16 0.41 1.19 
5.57 -0.43 -66.48 0.17 0.16 0.82 
-9.51 -0.59 -78.86 0.36 -0.85 1.31 
57.51 0.03 -67.53 0.28 -0.45 1.45 
67.09 1.08 -55.86 -0.14 0.20 -0.66 
-107.10 1.69 -67.68 -0.92 0.49 -0.45 
-2.93 -1.47 -84.00 0.20 -0.03 0.73 
-10.57 -0.46 -78.21 0.22 -0.85 1.47 
17.15 -1.19 -31.22 0.34 -0.26 0.64 
1.89 -0.69 -21.27 0.27 0.40 1.12 
71.96 -1.10 -77.32 0.41 -0.20 0.83 
9.07 -0.82 -96.63 0.49 -0.94 1.13 
69.62 -0.90 -108.52 0.21 -0.11 0.32 
0 0 0 0 0 0 
-14.45 1.53 -111.44 -0.67 0.01 -1.31 
-11.16 -0.30 -133.69 0.00 -0.34 1.57 
0 0 0 0 0 0 
13.28 -1.15 -85.46 0.30 -0.45 0.47 
17.28 -1.39 -125.10 0.52 0.09 0.77 
-73.32 -0.77 -142.54 0.40 -0.72 1.16 
64.46 0.01 -130.58 0.38 -0.39 1.01 
38.92 1.89 -122.42 -0.47 0.12 -0.67 
-79.25 1.31 -141.53 -0.68 0.27 -0.52 
-0.13 -2.01 -150.33 0.72 -0.13 1.28 
27.16 -0.79 -115.10 0.40 -0.65 1.00 
-29.00 -1.14 -73.44 0.45 0.30 0.91 
10.83 -1.05 -112.47 0.48 0.45 0.96 
-31.35 -1.09 -156.25 0.46 -0.80 0.73 
12.53 -0.49 -154.56 0.31 -0.33 1.30 
55.96 -2.23 -141.13 0.12 0.04 -0.01 
-32.77 1.75 -143.50 -1.12 0.33 -1.14 
-43.77 -1.88 -154.32 0.31 -0.40 0.49 
0 0 0 0 0 0 
-19.32 0.04 -148.70 -0.14 -0.83 1.11 
49.47 -0.75 -173.77 0.33 -0.11 0.93 
-48.29 -0.85 -201.78 0.27 -0.44 0.80 
54.65 -0.20 -187.30 0.47 -0.32 1.65 
-1.32 2.11 -178.33 -0.29 -0.14 -0.34 
-57.08 1.32 -178.99 -0.97 0.48 -0.64 
42.19 -2.37 -192.37 0.63 -0.33 0.73 
-17.75 -0.84 -187.55 0.50 -0.20 1.69 
-13.23 -1.31 -135.24 0.44 -0.48 0.52 
5.39 -0.68 -143.15 0.46 0.98 1.36 
-25.30 -0.97 -188.59 0.29 -0.46 0.44 
19.85 -0.19 -187.96 0.30 -0.49 1.88 
57.71 0.11 -176.18 0.01 -0.06 -0.15 
-3.94 1.91 -172.96 -1.09 0.51 -0.70 
-45.01 -3.86 -194.17 0.14 0.00 0.03 
-42.96 -0.65 -201.92 0.34 -0.20 1.87 
-24.51 -0.84 -141.62 0.16 -0.32 0.42 
20.10 -0.68 -164.06 0.37 0.40 1.17 
-1.32 -0.41 -206.54 0.12 -0.70 0.53 
13.30 -0.41 -206.70 0.35 -0.43 1.91 
0 0 0 0 0 0 
89.41 0.05 -186.47 0.07 -0.03 -0.30 
-53.95 -2.37 -214.37 0.36 -0.09 0.45 
-44.12 -0.33 -199.05 0.22 -0.86 1.42 
-15.00 -1.05 -152.03 0.27 -0.02 0.68 
28.68 -0.47 -163.09 0.22 0.30 1.19 
0 0 0 0 0 0 
20.21 -1.28 -220.38 0.50 -0.50 0.77 
0 0 0 0 0 0 
54.37 1.47 -200.30 -0.16 -0.07 -0.39 
0 0 0 0 0 0 
15.04 -1.89 -243.17 0.49 -0.37 0.92 
-26.66 -1.32 -155.18 0.35 -0.09 0.63 
4.34 -0.68 -173.36 0.28 0.25 1.06 
10.82 -1.27 -235.30 0.44 -0.61 0.60 
4.19 -0.21 -232.06 0.23 -0.54 1.72 
32.64 -0.82 -214.69 0.09 0.02 -0.12 
