-27.74 2.04 -214.30 -1.14 0.25 -0.69 
0 0 0 0 0 0 
0 0 0 0 0 0 
0 0 0 0 0 0 
0 0 0 0 0 0 
0 0 0 0 0 0 
0 0 0 0 0 0 
0 0 0 0 0 0 
45.80 2.56 -129.05 -0.97 -0.38 -0.15 
0 0 0 0 0 0 
251.98 2.96 -123.39 -0.99 0.26 -0.01 
-248.28 -0.20 -171.49 0.15 -0.93 1.11 
-190.29 0.30 -148.56 -0.08 -0.57 1.02 
-171.52 2.56 -131.16 -0.57 -0.14 0.19 
-144.19 3.22 -129.95 -0.89 -0.03 -0.10 
10.30 3.29 -127.09 -0.92 -0.04 0.07 
7.89 2.51 -127.21 -0.93 -0.40 -0.08 
251.98 2.88 -109.15 -0.94 0.29 0.08 
207.66 2.84 -115.57 -1.08 -0.06 -0.21 
-47.33 -1.63 -142.55 0.98 -0.04 1.91 
-120.87 0.20 -130.07 0.04 -0.21 1.16 
-248.28 3.09 -115.17 -0.95 -0.24 0.09 
0 0 0 0 0 0 
-174.53 2.57 -108.27 -0.97 -0.34 -0.09 
7.78 2.84 -98.70 -0.95 -0.24 -0.10 
204.79 2.72 -100.50 -1.25 -0.37 0.09 
251.98 2.51 -109.84 -1.14 0.35 -0.25 
110.16 0.03 -98.47 -0.09 -1.01 0.49 
-128.76 0.63 -93.38 -0.20 -0.22 1.12 
-216.35 2.30 -72.15 -0.60 -0.38 -0.08 
-134.35 3.23 -58.00 -0.81 -0.14 -0.01 
-2.48 2.51 -55.53 -0.97 -0.37 -0.22 
0 0 0 0 0 0 
-0.45 3.19 -59.09 -1.04 -0.04 -0.11 
-39.76 -1.01 -98.36 0.99 -0.30 2.24 
-130.24 0.19 -86.69 -0.04 -0.18 1.30 
-248.28 0.64 -64.88 -0.29 -0.84 0.10 
-181.75 1.87 -50.88 -0.83 -0.53 -0.10 
0 0 0 0 0 0 
-151.01 2.55 -46.41 -0.91 -0.23 0.13 
219.26 2.50 -51.18 -0.87 -0.28 0.35 
251.98 2.07 -38.64 -1.58 0.78 -0.74 
-248.28 -0.87 -72.42 0.57 -0.86 1.85 
-143.29 0.26 -60.61 0.00 0.13 1.23 
-228.10 2.27 -43.58 -0.73 -0.41 0.27 
-206.55 2.54 -28.73 -0.66 -0.22 0.06 
-76.40 2.32 -20.74 -0.94 -0.29 0.25 
23.44 2.87 -22.52 -0.86 -0.05 0.24 
51.97 2.73 -25.58 -0.89 -0.25 0.25 
251.98 3.08 -35.82 -1.25 0.30 -0.15 
167.56 1.68 -66.11 -0.67 0.31 -0.25 
251.98 -0.19 -51.44 0.24 1.50 0.96 
-210.14 1.06 -28.44 -0.25 -0.08 0.75 
-198.16 3.20 -14.10 -1.01 -0.14 0.10 
-168.59 3.20 -4.76 -0.90 -0.08 0.02 
-57.91 3.14 -2.57 -1.00 -0.11 -0.01 
23.90 2.56 -3.58 -0.92 -0.40 -0.02 
251.98 3.11 -21.91 -1.20 -0.26 0.19 
247.64 2.39 -35.55 -1.04 0.32 -0.22 
-19.57 -1.83 -69.01 1.07 0.15 1.69 
-185.74 0.62 -52.37 -0.17 -0.28 1.06 
-248.28 1.99 -30.80 -0.69 -0.45 0.08 
-172.79 2.67 -18.09 -0.88 -0.20 0.09 
-93.43 1.94 -7.54 -0.79 -0.41 0.33 
16.64 2.33 -8.70 -0.81 -0.41 0.17 
81.83 2.49 -16.72 -0.94 -0.21 0.39 
251.98 3.33 -34.54 -1.06 0.00 0.18 
200.45 1.30 -62.87 -0.56 0.32 0.25 
128.07 -0.23 -55.25 0.19 0.73 0.54 
-248.28 0.22 -28.52 0.01 -0.27 0.73 
-248.28 1.92 -9.88 -0.69 -0.46 -0.06 
-126.06 2.15 7.46 -0.85 -0.40 0.24 
6.31 2.86 8.02 -0.92 -0.21 0.14 
39.99 2.48 5.43 -0.87 -0.37 0.24 
251.98 3.07 -11.13 -1.17 0.30 -0.08 
224.89 2.01 -33.90 -0.28 0.01 0.09 
52.75 -0.04 -26.83 0.02 0.94 0.74 
-248.28 0.54 -2.79 -0.22 -0.73 0.69 
-248.28 1.79 14.64 -0.95 -0.64 -0.23 
30.63 1.51 27.17 -0.82 -0.37 0.69 
46.38 2.05 25.58 -0.73 -0.44 0.31 
251.98 2.64 7.49 -1.17 0.25 -0.18 
251.98 -0.54 -24.19 -0.03 0.23 0.15 
-183.97 -0.05 -17.00 0.04 0.12 1.19 
-220.26 2.29 5.79 -0.91 -0.55 0.20 
-221.55 2.18 21.42 -1.10 -0.50 -0.03 
29.63 1.88 23.32 -0.83 -0.21 0.58 
89.27 2.20 17.49 -0.85 -0.40 0.44 
251.98 2.92 0.79 -1.06 0.33 -0.15 
248.50 -0.99 -37.56 0.05 0.00 0.81 
-248.28 0.24 -42.00 -0.14 -0.11 1.03 
-248.28 2.12 -15.45 -0.70 -0.44 0.16 
-168.10 1.78 2.95 -0.85 -0.55 0.26 
-11.97 0.99 13.21 -0.65 0.30 1.14 
2.66 2.36 11.90 -0.78 -0.15 0.40 
251.98 2.64 -0.31 -0.89 0.01 0.39 
177.06 1.38 -25.02 -1.19 0.81 -0.28 
-101.25 -2.00 -50.76 1.21 -0.24 1.47 
-248.28 1.11 -15.76 -0.23 -0.41 0.55 
-248.28 2.25 2.08 -1.13 -0.47 -0.12 
-114.26 1.42 12.07 -0.90 -0.62 0.41 
14.19 2.18 9.43 -0.78 -0.33 0.36 
156.24 2.10 2.40 -0.70 -0.59 0.40 
251.98 2.33 -10.80 -1.42 0.68 -0.17 
251.98 -3.11 -39.90 1.72 -0.22 1.03 
0 0 0 0 0 0 
-201.18 0.84 -32.53 -0.36 -0.61 0.85 
-118.03 1.74 -7.58 -1.03 -0.86 0.20 
24.10 2.10 -13.09 -0.75 -0.51 0.19 
206.22 2.67 -37.28 -1.01 -0.28 0.26 
251.98 2.81 -66.11 -0.94 0.19 0.05 
61.25 0.98 -41.95 -0.56 -1.01 0.69 
-247.61 0.99 -12.00 -0.45 -0.92 0.36 
-172.35 1.54 10.90 -0.57 -0.45 0.01 
-115.52 1.70 19.93 -0.87 -0.48 0.40 
15.60 2.69 19.00 -0.77 -0.19 0.20 
221.80 2.55 14.82 -0.78 -0.41 0.26 
251.98 3.14 -7.63 -1.27 0.22 -0.16 
251.98 -3.09 -38.56 2.22 0.06 1.48 
0 0 0 0 0 0 
-192.03 0.09 -27.70 0.04 -0.43 1.12 
-20.73 1.93 10.62 -0.90 -0.50 0.50 
103.96 1.92 5.65 -0.73 -0.46 0.51 
251.98 1.98 -16.60 -0.72 0.52 0.24 
156.08 1.77 -58.24 -0.68 -0.26 0.17 
175.80 -1.47 -37.80 0.75 -0.06 0.88 
-248.28 2.23 -16.34 -0.64 -0.26 0.43 
-197.65 1.66 -0.07 -0.92 -0.72 -0.07 
-38.89 2.33 13.05 -1.00 -0.24 0.46 
30.41 2.75 13.65 -0.85 0.23 0.15 
251.98 3.10 -16.81 -1.10 0.15 0.20 
251.98 0.12 -50.84 -0.18 0.27 0.30 
-39.77 0.10 -49.16 -0.08 0.64 0.83 
-229.08 1.71 -11.16 -0.64 -0.56 0.10 
-153.00 2.31 5.38 -0.98 -0.29 0.27 
47.77 2.54 10.42 -0.97 -0.17 0.37 
32.50 2.51 8.44 -0.86 -0.37 0.16 
0 0 0 0 0 0 
251.98 3.34 1.48 -1.09 -0.15 0.07 
0 0 0 0 0 0 
-140.39 0.43 80.15 -0.12 -0.55 0.97 
44.16 2.20 122.70 -0.98 -0.02 0.58 
32.61 3.15 126.75 -0.96 -0.14 0.06 
149.19 2.60 119.54 -0.96 -0.25 0.35 
241.13 -0.07 70.88 -0.11 -0.44 0.25 
108.96 0.15 99.73 -0.02 -0.70 1.00 
-203.00 0.74 133.22 -0.27 -0.88 0.41 
-173.21 1.38 167.80 -0.48 -0.33 0.20 
-30.50 2.20 163.33 -0.92 -0.34 0.53 
221.94 2.75 140.95 -0.84 -0.03 0.43 
0 0 0 0 0 0 
211.06 2.25 115.84 -0.80 -0.39 0.25 
-248.28 0.72 155.30 -0.30 -0.93 0.39 
-165.43 1.67 179.07 -0.55 -0.40 -0.05 
3.22 2.64 169.75 -1.12 0.11 0.43 
251.98 3.16 167.11 -1.04 0.15 0.00 
198.67 2.68 140.50 -0.56 0.00 0.19 
25.97 0.17 142.19 -0.12 0.42 0.84 
-224.26 0.76 162.87 -0.28 -0.80 0.71 
0 0 0 0 0 0 
0 0 0 0 0 0 
-208.24 2.38 188.22 -0.60 -0.30 0.00 
251.98 -2.84 68.61 0.87 0.23 0.69 
-226.95 -0.12 64.22 0.05 -1.16 0.93 
-161.74 1.24 96.28 -0.47 -0.72 0.46 
-173.53 2.64 119.53 -0.85 -0.20 -0.12 
-75.35 2.23 124.59 -1.08 -0.13 0.64 
27.44 2.77 127.00 -0.86 -0.25 0.08 
159.67 3.11 117.57 -0.99 -0.17 0.22 
206.82 2.90 92.08 -1.37 0.00 -0.19 
-211.84 -0.62 70.90 0.98 -2.41 1.77 
-167.94 0.44 94.07 -0.10 -0.57 1.03 
-211.33 1.38 121.78 -0.36 -0.41 -0.01 
-203.55 3.00 143.06 -0.44 -0.09 0.10 
0 0 0 0 0 0 
-4.53 2.28 139.88 -1.05 -0.50 -0.28 
248.16 2.16 117.86 -0.74 -0.04 -0.19 
114.27 -0.72 137.76 0.38 0.49 1.06 
-159.37 1.21 177.66 -0.52 -0.96 0.47 
-179.98 2.74 200.25 -0.55 -0.13 0.01 
-125.84 2.74 199.02 -1.29 0.30 0.42 
98.86 2.46 205.02 -0.81 -0.40 0.06 
237.44 2.59 193.69 -1.19 0.44 -0.23 
195.39 2.05 148.29 -1.13 -0.14 -0.40 
215.22 -0.45 148.02 0.22 0.84 0.96 
-183.81 0.44 191.79 -0.18 -1.16 0.28 
-134.22 2.07 221.96 -0.53 -0.27 -0.05 
-107.09 2.46 223.08 -1.02 0.10 0.54 
98.10 2.61 221.52 -0.89 -0.29 0.23 
251.98 2.60 198.05 -0.98 0.27 -0.26 
251.98 -2.99 153.70 2.43 0.73 1.61 
-183.15 0.53 171.61 -0.12 -0.82 1.38 
-212.40 2.02 210.55 -0.43 -0.33 -0.04 
-73.87 2.29 217.83 -0.83 0.23 0.41 
28.68 2.27 215.39 -1.04 -0.53 -0.20 
125.12 2.86 199.41 -0.87 -0.15 0.26 
204.88 2.87 173.52 -0.93 0.16 0.02 
68.99 -2.46 123.76 1.74 -0.85 1.53 
-185.22 0.41 141.95 -0.05 -1.14 1.08 
-190.38 1.69 189.12 -0.33 -0.33 -0.10 
-56.92 1.73 204.11 -0.40 0.19 0.34 
127.68 2.31 201.30 -0.85 -0.44 0.26 
97.20 3.00 172.45 -0.77 0.15 0.07 
0 0 0 0 0 0 
0 0 0 0 0 0 
2.02 -2.05 118.16 0.34 -0.18 0.59 
123.56 2.66 144.74 -0.88 -0.25 0.23 
233.88 2.76 128.46 -1.04 0.28 -0.10 
131.63 -3.57 87.12 2.09 0.32 0.76 
-150.79 0.31 117.13 -0.09 -0.98 1.07 
-208.51 2.00 147.31 -0.37 -0.25 0.04 
-57.73 2.31 155.86 -0.63 0.21 0.23 
29.64 1.81 154.00 -1.00 -1.01 0.01 
251.98 3.59 148.52 -1.17 0.01 -0.02 
207.83 -1.04 95.75 0.04 -0.08 0.53 
-15.23 0.11 105.00 0.00 -0.03 1.04 
-197.52 0.51 148.28 -0.21 -0.93 0.45 
-102.19 2.49 166.05 -0.66 0.22 0.16 
32.68 2.98 156.86 -1.38 -0.29 0.17 
221.17 2.86 150.30 -0.85 0.01 0.22 
203.33 2.95 128.79 -0.94 0.12 -0.07 
186.39 -0.65 151.07 0.36 -1.22 0.94 
-248.28 0.50 180.48 -0.16 -0.99 0.79 
-195.44 2.11 212.78 -0.25 -0.14 -0.03 
0 0 0 0 0 0 
-39.30 3.32 217.75 -1.21 0.06 0.00 
215.45 -0.55 134.50 -0.04 0.34 0.05 
-196.98 0.74 125.93 -0.67 1.58 1.13 
-248.26 0.55 163.15 -0.24 -1.12 0.35 
-131.09 1.70 192.41 -0.46 -0.34 -0.05 
0 0 0 0 0 0 
0 0 0 0 0 0 
-28.48 3.06 193.34 -1.26 0.07 0.24 
-208.90 0.42 221.32 -0.13 -1.12 0.99 
-212.31 1.82 260.14 -0.31 -0.19 -0.16 
0 0 0 0 0 0 
-96.17 2.73 262.42 -0.78 0.19 0.18 
165.02 2.50 255.91 -1.26 0.33 -0.17 
-219.04 0.40 249.97 -0.16 -1.64 0.93 
-248.28 0.30 301.05 -0.09 -0.96 0.24 
-166.92 2.39 324.25 -0.25 -0.07 -0.08 
-50.03 2.62 319.70 -1.65 0.46 0.58 
90.50 2.50 281.53 -0.99 0.35 0.13 
194.45 0.75 257.11 -0.29 -0.43 0.41 
106.23 -0.87 262.67 0.33 0.30 1.20 
-213.87 0.02 302.20 0.02 -1.09 0.53 
-173.89 0.19 -318.71 -0.15 -0.40 -0.13 
235.67 2.11 -319.13 -1.37 -0.16 0.73 
153.40 2.76 323.29 -0.86 -0.24 0.23 
34.45 3.18 296.97 -1.06 -0.01 0.15 
251.98 -2.65 247.47 0.99 -0.12 0.98 
-248.28 0.08 257.29 -0.07 -0.43 0.91 
-248.28 0.65 296.34 -0.38 -0.99 -0.24 
-48.31 2.77 313.56 -0.58 -0.07 0.10 
-3.55 2.98 307.39 -1.80 -0.21 0.50 
200.06 3.02 300.45 -0.97 -0.26 0.08 
251.98 3.15 277.98 -1.18 -0.03 -0.13 
-203.53 -0.94 242.16 1.52 -2.73 1.92 
-213.53 0.17 267.77 -0.06 -1.44 0.67 
-181.67 1.55 307.55 -0.25 -0.25 -0.03 
-20.84 2.87 282.91 -1.63 0.00 0.54 
158.91 3.04 292.01 -0.79 -0.03 0.21 
46.35 2.00 273.35 -0.87 0.48 -0.27 
249.29 -3.18 223.60 1.26 -0.28 0.72 
-224.42 0.28 228.00 -0.15 -0.77 1.28 
-169.72 0.85 280.18 -0.19 -0.41 -0.01 
-53.97 1.62 289.05 -0.46 0.48 0.05 
30.97 2.68 287.17 -1.25 -0.40 -0.16 
