-70.62 -1.55 178.79 0.86 -1.16 -1.00 
0 0 0 0 0 0 
11.83 -1.61 -278.78 1.21 -1.31 0.08 
0 0 0 0 0 0 
0 0 0 0 0 0 
0 0 0 0 0 0 
0 0 0 0 0 0 
0 0 0 0 0 0 
0 0 0 0 0 0 
-141.34 -3.00 -287.23 1.39 -0.37 -0.32 
0 0 0 0 0 0 
-28.59 -2.95 -290.99 1.42 -0.35 -0.26 
-40.35 -2.26 -253.98 1.38 -0.96 0.00 
8.44 -1.51 -203.68 0.97 -1.42 -0.53 
67.71 -1.08 -153.12 0.16 -0.36 -0.31 
16.14 -0.67 -138.56 0.08 0.28 0.79 
0 0 0 0 0 0 
23.47 2.01 -143.82 -0.64 -0.25 0.48 
-105.45 -2.37 -229.70 1.10 -0.78 -0.12 
-84.94 -3.38 -248.05 1.37 -0.29 -0.06 
-174.61 -3.16 -250.64 1.46 0.03 -0.35 
40.83 -3.35 -252.80 1.17 -0.10 0.09 
-45.97 -3.51 -248.34 1.08 -0.03 -0.05 
-155.45 -1.70 -222.49 0.99 -1.00 0.05 
-61.37 -1.34 -147.04 0.63 -1.22 -0.93 
5.93 -1.26 -113.29 0.09 -0.40 -0.35 
32.89 -0.15 -114.18 0.01 0.03 0.95 
20.92 2.09 -122.36 -0.71 -0.21 0.43 
-248.28 1.28 -141.62 -0.40 0.26 0.42 
15.47 -1.76 -203.55 0.70 -0.64 -0.10 
-47.96 -2.58 -230.85 1.34 -0.77 -0.04 
-98.68 -3.32 -231.02 1.61 -0.31 -0.07 
-116.35 -2.81 -226.57 0.97 -0.05 -0.38 
-11.71 -2.98 -218.95 1.05 -0.29 -0.19 
-134.90 -1.74 -180.93 0.94 -1.02 -0.62 
44.37 -1.45 -138.26 0.75 -1.32 -1.40 
133.69 -1.05 -119.81 0.06 -0.22 -0.59 
157.49 -0.18 -129.28 0.00 0.00 0.50 
37.04 2.11 -132.49 -0.73 -0.24 0.54 
0.34 2.31 -154.40 -0.91 -0.08 0.33 
-248.28 -0.73 -187.49 0.39 -1.05 -0.18 
-2.67 -2.25 -249.68 0.90 -0.74 -0.01 
-35.71 -2.69 -274.32 1.61 -0.65 -0.37 
62.54 -3.55 -279.31 1.00 0.07 0.00 
-38.23 -3.10 -275.85 1.07 -0.27 -0.08 
-229.42 -1.82 -236.54 0.83 -0.80 -0.78 
-35.16 -1.33 -209.62 0.68 -1.01 -1.51 
185.06 -1.57 -187.87 0.32 -0.34 -0.90 
170.33 -0.69 -194.77 0.05 0.14 0.43 
171.20 2.45 -203.74 -0.75 -0.31 0.31 
-61.13 2.30 -231.05 -1.01 0.20 -0.21 
0 0 0 0 0 0 
-168.76 -1.38 -284.28 0.73 -1.26 -0.02 
13.38 -3.00 -317.91 0.98 0.01 -0.32 
5.51 -3.09 -316.79 1.03 -0.20 -0.18 
-37.61 -2.79 -298.47 1.07 -0.49 -0.12 
-71.18 -1.74 -251.40 1.07 -1.38 -0.47 
75.30 -1.78 -201.10 0.60 -0.64 -0.83 
173.64 -2.85 -190.57 0.40 0.22 0.09 
36.83 2.27 -213.53 -0.96 -0.01 0.36 
-237.64 -0.08 -250.07 0.09 -0.81 0.05 
21.60 -1.93 -299.69 0.63 -0.53 -0.08 
-4.27 -3.39 -327.63 1.82 -0.30 0.24 
-51.47 -3.27 324.60 1.04 -0.11 -0.24 
-30.90 -2.91 -325.18 1.13 -0.36 -0.14 
-60.95 -2.87 -307.59 1.15 -0.36 -0.15 
-126.55 -1.70 -257.29 0.86 -1.54 -1.23 
155.96 -1.08 -218.25 0.29 -0.72 -0.86 
85.63 -0.85 -197.83 0.01 -0.13 -0.05 
45.93 1.76 -204.19 -0.54 -0.50 0.32 
17.43 1.86 -241.93 -0.91 0.11 0.48 
-54.85 -0.98 -291.93 0.36 -0.69 0.15 
8.83 -3.04 -326.15 0.99 -0.31 0.12 
-104.30 -2.73 322.22 1.57 -0.87 -0.21 
-8.62 -3.20 324.11 1.12 -0.20 -0.14 
6.90 -3.12 326.87 1.01 -0.16 -0.19 
-68.84 -2.34 -307.61 1.13 -0.78 -0.21 
2.92 -1.93 -257.31 1.26 -1.29 -0.89 
76.80 -1.72 -213.12 0.45 -0.65 -0.71 
80.36 -0.58 -205.32 0.02 -0.04 0.36 
94.88 2.57 -220.49 -0.95 -0.19 0.26 
-248.28 1.09 -245.71 -0.20 -0.35 0.17 
39.93 0.02 -289.45 0.07 -0.66 -0.25 
7.63 -2.58 -319.37 0.89 -0.48 -0.03 
-75.95 -2.86 324.24 1.19 -0.31 -0.33 
-89.05 -3.00 323.98 0.91 -0.12 -0.28 
-24.91 -3.04 327.23 1.02 -0.19 -0.24 
-106.49 -2.44 -300.15 1.21 -0.68 -0.24 
10.93 -1.77 -249.60 1.12 -1.87 -1.51 
134.60 -2.44 -215.17 0.42 -0.08 -0.58 
173.31 -0.27 -231.37 0.04 -0.42 0.75 
-41.46 1.82 -260.34 -0.69 -0.10 0.45 
-228.90 -0.41 -303.02 0.23 -1.07 -0.15 
10.84 -1.75 304.04 0.58 -0.64 -0.21 
-73.55 -2.80 287.27 1.72 -0.81 -0.30 
-5.26 -3.01 283.93 1.19 -0.31 -0.19 
-23.56 -2.96 285.82 1.02 -0.20 -0.24 
-111.55 -2.37 307.11 1.03 -0.63 -0.18 
5.61 -1.56 -294.59 0.81 -1.47 -1.05 
205.85 -1.60 -249.71 0.33 -0.66 -0.94 
118.71 -1.40 -244.61 0.30 0.31 0.59 
15.87 1.63 -266.56 -0.51 -0.28 0.47 
-248.28 -0.05 -266.55 -0.12 0.17 0.72 
20.76 -0.32 -316.30 0.19 -0.59 -0.14 
47.75 -1.81 300.05 0.80 -1.01 0.00 
-93.69 -2.42 290.22 1.41 -0.80 -0.39 
-32.23 -2.75 293.78 0.99 -0.35 -0.23 
-103.47 -1.87 320.96 1.17 -1.14 -0.15 
59.31 -1.41 -271.52 0.67 -1.39 -0.70 
97.59 -0.74 -229.10 0.04 -0.17 -0.27 
67.05 -0.44 -229.70 0.03 -0.03 0.75 
-32.21 2.36 -234.13 -0.90 0.04 0.40 
-62.25 1.66 -250.52 -0.59 -0.14 0.59 
-88.97 -1.80 -300.02 0.12 -0.10 -0.01 
0 0 0 0 0 0 
-61.40 -2.76 311.24 1.19 -0.66 0.00 
-17.04 -1.93 -294.61 1.27 -1.20 -0.15 
25.78 -1.46 -231.73 0.62 -1.00 -0.84 
24.64 -0.25 -206.87 -0.01 -0.17 0.41 
127.02 2.57 -202.90 -0.90 -0.32 0.30 
42.89 2.02 -200.35 -0.66 0.28 0.38 
-180.77 1.81 -212.09 -0.71 0.05 0.49 
-154.31 -1.17 -274.28 0.50 -0.50 -0.33 
-36.22 -1.93 -320.23 0.76 -0.86 -0.14 
0 0 0 0 0 0 
-110.05 -3.03 317.76 2.16 -0.66 -0.36 
-73.96 -1.86 -278.11 1.17 -1.26 -0.70 
59.07 -1.58 -237.17 0.63 -1.10 -1.11 
97.83 -0.54 -212.79 -0.05 -0.50 -0.44 
106.13 0.00 -206.52 -0.04 -0.21 0.57 
100.57 2.06 -210.82 -0.86 -0.42 0.35 
-145.58 1.44 -248.00 -0.51 0.15 0.53 
-236.29 -2.30 -292.02 0.69 -0.39 -0.45 
-104.52 -2.34 -316.60 1.43 -0.88 -0.17 
-47.21 -2.72 -322.11 1.43 -0.69 -0.23 
-18.51 -2.77 -322.57 0.97 -0.10 -0.39 
-49.45 -2.79 -313.00 1.14 -0.46 -0.14 
-30.40 -1.62 -266.61 1.17 -1.30 -0.57 
66.11 -1.32 -216.31 0.56 -1.11 -0.73 
119.09 -2.73 -186.94 0.20 -0.15 -0.02 
0 0 0 0 0 0 
91.72 1.97 -186.15 -0.54 0.02 0.52 
-248.28 -1.72 -286.72 0.45 -0.54 -0.10 
2.87 -2.82 -326.64 1.06 -0.43 0.04 
0 0 0 0 0 0 
0 0 0 0 0 0 
-168.54 -3.25 317.29 1.86 -0.55 -0.11 
-168.54 -3.25 317.29 1.86 -0.55 -0.11 
13.94 -1.44 -237.64 1.06 -1.54 -0.50 
0 0 0 0 0 0 
0 0 0 0 0 0 
26.35 -0.86 -168.91 0.06 -0.21 -0.28 
26.64 1.92 -155.55 -0.60 -0.07 0.40 
-139.97 1.71 -184.57 -0.54 0.00 0.58 
-114.09 -1.28 -234.33 0.26 -0.51 -0.08 
-99.61 -2.54 -264.88 1.26 -0.81 -0.24 
0 0 0 0 0 0 
-3.36 -3.05 -265.45 1.09 -0.18 -0.34 
-91.68 -1.51 -178.93 0.98 -1.67 -0.94 
150.09 -1.68 -128.88 0.69 -0.78 -0.91 
0 0 0 0 0 0 
91.73 -1.20 -121.59 0.10 0.10 0.34 
-207.30 -0.03 -185.18 -0.04 -0.51 0.06 
-14.90 -3.04 -235.19 0.26 0.03 -0.10 
-100.89 -3.44 -252.01 1.49 0.15 -0.30 
-21.10 -2.98 -249.19 1.07 -0.11 -0.27 
0.80 -2.67 -245.12 0.99 -0.29 -0.34 
47.72 -2.40 -219.22 1.37 -0.82 -0.10 
89.96 -1.55 -156.34 0.94 -1.12 -0.80 
57.56 -1.00 -128.25 0.06 0.19 0.27 
53.63 2.13 -133.74 -0.65 -0.27 0.41 
-72.62 0.49 -143.56 -0.45 0.19 0.83 
-172.88 -0.08 -193.32 0.08 -0.91 0.16 
-73.40 -3.15 -234.37 0.84 -0.26 -0.08 
-126.39 -3.05 -250.76 1.63 -0.52 -0.39 
22.36 -2.60 -250.56 0.89 -0.24 -0.37 
-9.61 -2.93 -243.32 1.12 -0.29 -0.17 
-81.94 -1.56 -193.02 1.35 -1.69 -0.55 
107.86 -1.64 -142.72 0.83 -1.01 -0.91 
62.71 -1.27 -114.69 0.05 0.22 0.02 
138.47 0.53 -120.84 -0.18 -0.27 0.82 
12.06 2.24 -121.34 -0.90 0.18 0.52 
-103.64 0.94 -155.53 -0.29 -0.36 0.64 
-13.16 0.48 -205.03 -0.15 -0.45 0.03 
-11.76 -2.86 -247.15 1.28 -0.53 -0.23 
-58.11 -3.28 -263.27 1.72 -0.48 -0.01 
-13.53 -2.96 -263.31 0.99 -0.13 -0.31 
-108.58 -2.83 -237.18 1.11 -0.31 -0.04 
-25.34 -1.53 -186.88 1.13 -1.69 -0.37 
94.60 -1.76 -136.33 0.72 -0.78 -0.55 
-9.51 -1.38 -103.70 0.09 0.18 0.18 
44.68 1.94 -111.06 -0.67 -0.14 0.58 
-27.52 2.58 -123.14 -0.77 0.08 0.29 
-144.82 1.17 -158.29 -0.31 -0.58 0.31 
94.82 1.78 -207.80 -0.41 -0.34 -0.02 
-6.01 -2.96 -246.62 1.13 -0.51 0.00 
-102.48 -3.02 -256.03 1.57 -0.50 -0.26 
-29.90 -3.08 -253.67 1.09 -0.25 -0.21 
-78.35 -2.56 -232.54 1.15 -0.53 -0.03 
22.12 -1.41 -181.99 1.04 -1.58 -0.53 
111.22 -1.33 -131.94 0.45 -0.86 -0.60 
56.84 -0.19 -111.20 -0.04 0.17 0.31 
47.28 1.33 -116.76 -0.47 -0.19 0.68 
34.30 2.03 -128.04 -0.86 0.01 0.43 
-184.74 0.96 -170.41 -0.27 -0.58 0.19 
-77.24 -2.70 -220.41 0.68 -0.41 -0.24 
0 0 0 0 0 0 
-120.45 -2.92 -234.46 1.54 -0.48 -0.32 
-30.68 -1.89 -164.25 1.20 -1.12 -0.21 
96.89 -1.30 -113.95 0.61 -1.07 -0.56 
69.73 -0.19 -75.94 -0.03 -0.14 -0.22 
22.88 0.15 -74.59 -0.07 0.04 0.72 
17.59 2.69 -82.12 -0.85 -0.17 0.23 
0 0 0 0 0 0 
-179.47 1.27 -114.85 -0.28 -0.36 0.40 
-90.90 -2.73 -210.73 1.53 -0.61 -0.36 
0 0 0 0 0 0 
0 0 0 0 0 0 
16.38 -2.89 -210.90 1.04 -0.20 -0.29 
63.67 2.23 -139.49 -0.68 -0.33 0.33 
-146.87 1.93 -184.65 -0.40 0.12 0.28 
-20.76 -1.22 -234.66 0.31 -0.79 -0.02 
-2.94 -2.69 -268.01 1.43 -0.78 -0.13 
-67.61 -2.54 -263.17 1.51 -0.75 -0.25 
6.58 -3.16 -263.15 1.11 -0.19 -0.16 
-72.90 -2.49 -240.68 1.06 -0.62 -0.26 
7.65 -1.36 -190.37 0.87 -1.45 -0.64 
127.87 -0.80 -140.07 0.13 -0.92 -0.72 
73.33 -1.77 -121.14 0.20 0.25 0.29 
28.97 1.37 -130.70 -0.56 -0.60 0.59 
17.17 1.58 -152.07 -0.70 0.09 0.59 
-206.54 0.85 -182.04 -0.27 -0.73 0.04 
-35.87 -1.89 -243.99 1.01 -0.95 -0.49 
-81.86 -2.61 -266.42 1.75 -0.66 -0.46 
-24.47 -2.93 -263.57 0.89 -0.22 -0.24 
-48.61 -2.92 -255.05 1.13 -0.37 -0.08 
-83.32 -1.39 -205.00 1.16 -1.49 -0.36 
89.29 -1.66 -154.45 0.73 -1.15 -0.79 
68.70 -0.69 -127.28 0.00 0.25 0.14 
134.11 1.54 -132.79 -0.52 -0.26 0.65 
-46.57 2.17 -154.08 -1.01 0.02 0.42 
-91.01 0.87 -195.77 -0.40 -0.82 0.04 
-130.56 -2.42 -245.27 0.57 -0.35 -0.30 
-107.03 -2.36 -263.56 1.32 -0.73 -0.49 
29.46 -2.52 -263.47 0.97 -0.32 -0.41 
-15.36 -3.06 -261.58 1.12 -0.20 -0.20 
-80.89 -2.34 -238.53 1.17 -0.71 -0.14 
-26.78 -1.61 -187.98 1.11 -1.52 -0.60 
140.94 -1.30 -137.93 0.22 -0.29 -0.72 
53.84 -0.81 -126.71 0.16 0.20 0.72 
-81.81 2.32 -137.38 -0.86 -0.29 0.36 
-180.28 0.95 -159.87 -0.24 -0.35 0.51 
-52.74 -0.79 -209.37 0.17 -0.48 0.03 
-43.35 -2.78 -245.24 1.03 -0.46 -0.09 
-82.84 -2.66 -257.91 1.40 -0.55 -0.34 
-31.70 -2.88 -248.44 1.11 -0.34 -0.23 
-167.48 -1.70 -205.09 1.14 -1.27 -0.49 
12.83 -1.47 -154.79 0.81 -1.46 -1.40 
172.70 -2.95 -118.80 0.33 0.07 -0.20 
43.67 0.37 -129.27 -0.15 0.36 0.69 
-99.88 2.42 -143.68 -0.90 -0.08 0.39 
-71.03 1.54 -182.78 -0.51 -0.65 0.04 
-44.84 -2.62 -244.97 0.68 -0.41 -0.17 
-140.42 -3.31 -264.12 1.82 -0.41 -0.28 
-26.71 -3.29 -256.44 1.09 -0.16 -0.02 
-19.94 -2.91 -251.43 1.07 -0.27 -0.24 
-103.01 -2.01 -208.05 1.22 -1.06 -0.42 
71.33 -1.41 -158.00 0.87 -1.49 -0.82 
116.15 0.39 -119.14 -0.13 0.06 -0.34 
78.90 -0.31 -122.37 0.11 0.07 1.09 
-42.76 1.89 -146.29 -0.72 0.04 0.49 
-168.64 -0.03 -188.35 -0.06 -1.02 0.05 
-72.83 -2.12 -226.54 0.40 -0.30 -0.11 
-95.74 -2.71 -248.97 1.66 -0.68 -0.44 
-24.19 -3.13 -247.41 1.12 -0.27 -0.12 
-0.82 -2.99 -242.72 1.09 -0.29 -0.19 
-83.52 -1.72 -192.67 1.28 -1.21 -0.12 
83.31 -1.49 -142.12 0.80 -1.52 -0.71 
59.30 -1.67 -106.46 0.11 0.21 -0.05 
81.86 1.57 -110.85 -0.46 -0.21 0.52 
-78.84 1.98 -131.55 -0.92 0.22 0.46 
-144.21 -0.23 -173.58 -0.02 -0.81 0.37 
-68.00 -2.85 -220.40 0.56 -0.28 -0.09 
-28.07 -3.14 -242.80 1.45 -0.49 -0.16 
-49.06 -3.08 -241.27 0.84 -0.09 -0.24 
-20.33 -2.98 -237.07 1.05 -0.22 -0.21 
-112.39 -1.96 -202.54 1.18 -1.05 -0.19 
37.68 -1.66 -151.99 0.93 -1.34 -1.35 
138.28 -2.89 -118.89 0.45 -0.19 -0.24 
121.21 1.22 -121.00 -0.40 0.24 0.59 
-79.13 1.90 -137.78 -0.74 0.06 0.43 
-86.39 1.01 -187.54 -0.36 -0.69 0.04 
-5.04 -2.07 -235.43 0.35 -0.30 -0.08 
-129.58 -3.29 -250.23 1.84 -0.39 -0.23 
11.83 -3.11 -251.56 1.07 -0.25 -0.10 
-199.40 -1.69 -176.11 1.12 -1.33 -0.62 
59.35 -1.61 -131.17 0.60 -1.02 -1.09 
162.06 -3.58 -106.14 0.36 0.15 0.00 
63.32 1.17 -113.22 -0.38 -0.38 0.54 
-41.21 1.98 -136.67 -0.83 -0.08 0.45 
-127.47 0.78 -181.96 -0.20 -0.44 0.14 
-23.99 -2.33 -231.46 0.92 -0.65 -0.20 
-94.72 -3.08 -249.50 1.81 -0.49 -0.33 
-18.34 -3.03 -247.44 0.89 -0.09 -0.25 
-11.75 -2.83 -239.13 1.13 -0.42 -0.08 
-89.94 -1.59 -191.46 1.12 -1.37 -0.45 
59.20 -1.73 -141.16 0.65 -0.92 -0.89 
92.22 -0.77 -119.98 0.04 0.11 0.23 
33.35 1.81 -124.21 -0.72 -0.52 0.38 
-25.62 2.29 -147.86 -0.62 -0.12 0.36 
-168.39 -1.55 -197.61 0.21 -0.37 -0.09 
-58.90 -2.24 -236.27 1.48 -1.05 -0.54 
-102.67 -2.54 -242.28 1.64 -0.78 -0.44 
-25.64 -2.67 -241.22 0.95 -0.22 -0.40 
-4.77 -2.82 -239.53 1.03 -0.28 -0.27 
-73.42 -2.31 -212.90 1.17 -0.73 -0.20 
21.28 -1.28 -163.26 0.82 -1.52 -0.65 
104.87 -1.30 -117.49 0.29 -0.59 -0.51 
48.56 0.01 -107.05 -0.03 -0.15 0.40 
65.02 2.22 -110.84 -0.64 -0.36 0.22 
-89.64 2.00 -147.22 -0.60 -0.43 0.10 
-91.03 -2.56 -197.23 0.55 -0.32 -0.06 
-52.13 -3.09 -229.30 1.72 -0.48 -0.40 
-34.09 -3.27 -221.94 1.21 -0.13 -0.12 
9.74 -3.15 -219.23 1.05 -0.13 -0.21 
-70.74 -2.80 -205.23 1.23 -0.47 -0.09 
-27.52 -1.60 -154.68 1.04 -1.42 -0.59 
117.99 -1.58 -104.88 0.52 -0.67 -0.68 
84.49 -0.20 -89.25 -0.02 0.11 0.33 
38.90 1.82 -94.43 -0.51 -0.32 0.43 
-107.90 2.72 -125.75 -0.82 0.05 0.22 
-77.59 -2.44 -187.94 0.58 -0.45 -0.09 
-71.59 -3.18 -213.89 1.65 -0.45 -0.22 
-31.06 -2.79 -208.18 1.04 -0.38 -0.02 
21.09 -2.95 -210.57 1.06 -0.32 -0.17 
16.82 -3.25 -210.66 1.00 -0.16 -0.11 
10.45 -3.20 -213.75 1.04 -0.20 -0.10 
17.86 -3.25 -215.08 0.99 -0.18 -0.03 
-14.30 -3.23 -211.39 1.01 -0.19 -0.04 
-11.30 -3.32 -210.24 0.94 -0.15 -0.02 
-187.16 -1.91 -162.16 1.63 -1.56 0.00 
0 0 0 0 0 0 
48.01 2.37 -134.63 -0.72 -0.31 0.29 
0 0 0 0 0 0 
-114.95 1.84 -167.32 -0.53 -0.16 0.31 
-114.95 1.84 -167.32 -0.53 -0.16 0.31 
-121.00 -1.55 -215.70 0.52 -0.71 -0.11 
-37.09 -2.48 -240.32 0.80 -0.53 -0.22 
0 0 0 0 0 0 
0 0 0 0 0 0 
0 0 0 0 0 0 
81.93 -2.86 -161.07 0.13 0.03 0.08 
104.47 0.25 -161.11 -0.02 -0.11 0.35 
26.30 1.77 -180.94 -0.97 0.46 0.43 
-248.28 0.77 -225.32 -0.28 -0.76 -0.21 
-29.19 -1.84 -275.08 0.84 -0.81 -0.33 
-54.39 -3.14 -302.78 1.44 -0.30 -0.34 
-46.84 -2.79 -300.74 0.87 -0.22 -0.34 
-24.43 -2.90 -290.55 1.18 -0.33 -0.21 
-64.36 -1.46 -240.50 1.06 -1.51 -0.77 
98.37 -1.61 -190.20 0.60 -0.83 -0.94 
30.72 0.64 -198.39 -0.23 -0.30 0.63 
-72.96 1.57 -230.28 -0.69 0.19 0.67 
-37.56 -0.59 -292.72 0.22 -0.69 0.03 
0 0 0 0 0 0 
86.65 -2.38 320.31 1.27 -0.88 0.17 
0.32 -2.71 -326.22 1.15 -0.50 -0.08 
38.92 -1.69 -275.92 1.26 -1.49 -0.20 
60.10 -1.32 -225.37 0.61 -1.09 -0.68 
90.03 -1.21 -197.27 0.17 0.34 0.30 
-5.94 2.77 -195.29 -0.81 0.00 0.31 
-120.45 1.33 -218.20 -0.70 0.22 0.69 
0 0 0 0 0 0 
-179.10 -0.32 -280.40 0.22 -0.77 -0.22 
30.25 -3.27 -321.40 1.02 -0.21 0.03 
-28.16 -3.21 -319.32 1.14 -0.16 -0.14 
0 0 0 0 0 0 
-73.70 -1.91 -269.02 1.33 -1.36 -0.45 
53.17 1.90 -211.07 -0.33 0.03 0.34 
-42.68 1.54 -234.74 -0.66 -0.01 0.53 
-48.40 0.73 -284.49 -0.21 -0.68 0.09 
21.67 -2.49 321.11 1.01 -0.70 -0.07 
-87.55 -3.22 304.95 1.37 -0.20 -0.30 
17.50 -3.20 308.11 0.88 0.07 -0.15 
-83.29 -2.80 -324.12 1.25 -0.51 -0.10 
-16.04 -1.61 -273.82 1.15 -1.43 -0.55 
92.64 -1.63 -223.52 0.50 -0.73 -0.63 
68.82 0.60 -207.50 -0.14 0.14 0.31 
37.51 2.07 -206.06 -0.70 0.11 0.50 
-101.95 1.98 -242.87 -0.64 -0.04 0.47 
-61.49 -1.39 -305.31 0.36 -0.51 -0.11 
0 0 0 0 0 0 
-56.46 -3.13 316.99 1.61 -0.50 -0.28 
-70.48 -1.89 -278.29 1.31 -1.34 -0.27 
136.62 -1.66 -215.41 0.65 -0.87 -0.71 
139.58 -0.83 -201.73 0.08 0.29 0.46 
46.80 2.06 -228.08 -0.91 0.05 0.46 
-163.03 -0.99 -277.74 0.27 -0.53 0.32 
29.60 -1.67 -327.50 0.86 -1.17 -0.40 
-72.73 -2.58 305.07 1.93 -0.92 -0.38 
-70.45 -2.55 318.21 1.04 -0.35 -0.26 
-142.97 -1.65 -286.84 1.24 -1.48 -0.50 
124.58 -1.64 -236.79 0.75 -1.05 -1.13 
96.84 -1.29 -223.66 0.22 0.30 0.47 
-50.56 3.27 -224.39 -1.01 -0.18 0.06 
-148.92 1.02 -275.68 -0.24 -0.16 0.35 
-73.91 -1.83 -325.68 0.40 -0.42 -0.23 
-153.52 -2.80 288.79 1.97 -0.58 -0.61 
-41.70 -2.73 283.36 0.94 -0.25 -0.36 
-47.64 -2.60 301.04 1.19 -0.57 -0.07 
51.44 -1.57 -304.02 1.20 -1.62 -0.71 
95.85 -2.12 -244.44 0.22 -0.10 -0.30 
62.10 -0.13 -250.56 -0.02 0.03 0.86 
0 0 0 0 0 0 
-39.42 1.40 -272.67 -0.58 0.02 0.66 
-17.19 -1.98 271.89 1.20 -0.88 -0.58 
-8.32 -3.09 277.52 1.31 -0.33 0.00 
-70.26 -2.33 294.47 1.10 -0.60 -0.30 
-102.99 -1.60 -319.73 1.00 -1.32 -1.12 
94.99 -2.24 -278.84 0.73 -0.54 -1.20 
52.17 1.68 -293.94 -0.38 -0.27 0.36 
-70.18 1.71 -323.99 -0.68 -0.02 0.48 
-84.69 -0.42 281.61 0.10 -0.59 0.12 
-1.37 -2.79 231.62 1.41 -0.79 -0.15 
-173.53 -3.17 220.59 1.77 -0.44 -0.39 
12.06 -2.83 216.72 0.96 -0.22 -0.28 
-69.58 -2.46 241.47 1.25 -0.70 -0.20 
-19.81 -1.59 291.52 1.09 -1.51 -0.61 
81.36 -1.89 -302.14 0.28 -0.20 -0.37 
148.80 0.37 -304.18 -0.11 0.26 0.46 
-40.19 2.25 -322.90 -0.84 0.04 0.44 
-139.77 1.20 282.96 -0.29 -0.39 0.12 
0 0 0 0 0 0 
-19.84 -2.83 233.20 0.91 -0.48 -0.09 
-33.16 -2.77 243.81 1.19 -0.49 -0.13 
-9.85 -1.64 292.64 1.20 -1.27 -0.18 
34.08 -1.29 -312.67 0.58 -1.14 -0.55 
77.14 -1.05 -292.83 0.11 0.14 0.36 
55.57 2.18 -303.02 -0.66 0.00 0.42 
-108.56 1.24 315.68 -0.48 -0.32 0.54 
-205.16 -2.02 274.88 0.45 -0.47 -0.09 
-84.16 -2.82 245.08 1.53 -0.59 -0.25 
-31.00 -2.91 251.25 1.04 -0.39 -0.23 
-28.06 -2.78 255.50 1.08 -0.34 -0.25 
-102.58 -2.01 291.81 1.13 -1.00 -0.30 
10.67 -1.65 -313.00 0.98 -1.61 -1.16 
111.06 -0.50 -285.92 0.01 0.08 0.22 
53.61 1.71 -295.75 -0.65 -0.52 0.46 
-158.23 0.92 322.71 -0.29 -0.26 0.48 
-117.39 -0.73 279.71 0.34 -0.94 -0.17 
21.63 -2.92 241.96 1.35 -0.54 0.02 
-84.70 -2.70 227.85 1.80 -0.85 -0.23 
-61.65 -2.78 230.15 1.06 -0.28 -0.32 
-126.68 -2.10 269.79 1.24 -1.01 -0.32 
39.41 -1.40 319.84 0.81 -1.43 -0.79 
93.13 -2.60 -291.60 0.38 -0.21 -0.30 
36.50 1.41 -295.38 -0.38 0.08 0.53 
0 0 0 0 0 0 
13.33 2.28 -312.36 -0.90 -0.16 0.35 
1.25 -2.60 213.21 1.24 -0.79 -0.01 
-92.33 -2.91 201.42 1.61 -0.61 -0.39 
-10.29 -2.86 203.71 1.01 -0.28 -0.26 
-87.84 -2.15 234.09 1.23 -0.87 -0.24 
-34.75 -1.23 284.13 0.83 -1.43 -1.01 
80.79 -2.62 326.79 0.40 -0.21 -0.31 
98.41 1.28 323.79 -0.27 -0.10 0.41 
-10.10 2.30 302.16 -0.86 -0.37 0.16 
-108.14 0.07 243.48 0.00 -0.50 0.05 
-26.17 -2.30 193.48 1.08 -0.78 -0.25 
2.93 -2.88 180.68 1.65 -0.66 -0.25 
-3.89 -2.87 184.85 1.09 -0.26 -0.30 
0 0 0 0 0 0 
-98.48 -2.19 216.38 1.23 -0.88 -0.33 
79.54 -0.35 300.45 0.02 -0.11 0.55 
-16.81 1.78 274.84 -0.75 -0.10 0.47 
-248.28 -1.29 237.07 0.62 -0.88 -0.18 
-28.42 -2.38 187.33 1.04 -0.66 -0.33 
-55.57 -2.26 165.71 1.36 -0.81 -0.49 
-19.61 -2.87 168.82 1.06 -0.21 -0.24 
-114.89 -2.07 212.99 1.20 -0.99 -0.45 
50.54 -1.67 263.54 0.84 -1.34 -1.06 
93.83 -1.34 289.81 0.14 0.08 0.35 
73.15 2.31 276.74 -0.74 -0.11 0.39 
-210.59 1.11 252.34 -0.27 0.13 0.46 
-202.96 -1.41 202.33 0.29 -0.45 -0.25 
-52.48 -2.85 169.80 1.79 -0.71 -0.28 
16.94 -3.13 167.99 1.12 -0.25 -0.13 
-10.62 -2.85 169.99 1.18 -0.44 -0.12 
-93.74 -1.66 216.23 1.15 -1.31 -0.43 
87.60 -1.60 266.28 0.77 -1.20 -1.04 
105.86 -2.22 289.55 0.19 0.17 0.08 
64.27 2.30 275.13 -0.88 -0.28 0.33 
-25.19 2.01 230.45 -0.51 0.21 0.33 
-22.29 -1.47 180.70 0.26 -0.45 0.10 
-9.22 -3.05 149.84 1.28 -0.52 -0.14 
-107.93 -2.52 151.69 1.28 -0.69 -0.05 
-70.61 -2.73 158.91 1.08 -0.43 -0.21 
-48.86 -1.72 208.96 1.31 -1.47 -0.60 
133.00 -1.54 259.30 0.81 -0.93 -0.95 
123.64 -2.24 282.89 0.28 0.17 0.30 
-15.70 1.82 272.92 -0.63 -0.21 0.44 
-140.92 1.53 229.77 -0.33 -0.21 0.36 
-184.52 -3.25 179.76 0.64 -0.04 -0.28 
0 0 0 0 0 0 
0 0 0 0 0 0 
-139.01 -3.11 168.77 1.82 -0.43 -0.35 
-126.16 2.63 298.88 -0.92 -0.02 0.28 
-22.83 0.59 248.88 -0.14 -0.65 0.26 
-26.17 -1.17 199.12 0.27 -0.48 -0.14 
-35.76 -2.49 165.62 1.48 -0.88 -0.36 
0 0 0 0 0 0 
9.94 -2.97 172.20 1.38 -0.44 0.07 
2.25 -1.69 310.52 0.73 -1.10 -1.00 
103.25 -1.16 -324.57 0.04 0.15 0.11 
-18.58 1.35 303.12 -0.55 -0.05 0.57 
-183.99 -0.69 243.50 0.08 -0.35 0.20 
-103.02 -2.54 198.70 0.79 -0.47 -0.16 
-123.32 -2.80 175.60 1.85 -0.58 -0.47 
2.07 -2.85 178.89 0.87 -0.22 -0.19 
-84.02 -2.32 209.18 1.18 -0.80 -0.04 
0 0 0 0 0 0 
15.93 -1.50 259.48 1.08 -1.66 -0.76 
13.15 1.51 279.24 -0.63 0.08 0.73 
-164.88 1.62 253.43 -0.53 -0.18 0.45 
-91.03 0.16 203.92 0.01 -1.06 -0.22 
11.38 -2.59 164.32 0.92 -0.60 0.06 
-105.71 -3.07 152.24 1.93 -0.52 -0.39 
-81.34 -3.27 159.30 0.77 0.07 -0.10 
-74.55 -2.51 180.50 1.13 -0.68 -0.11 
-100.56 -1.58 230.80 0.97 -1.37 -0.77 
117.35 -1.87 277.80 0.59 -0.54 -0.79 
122.18 0.25 281.20 -0.11 0.31 0.35 
100.96 1.94 275.96 -0.63 -0.18 0.55 
-117.21 1.70 256.71 -0.69 -0.24 0.43 
-118.61 -0.08 206.96 0.01 -0.28 -0.19 
13.47 -2.50 157.20 1.37 -1.04 0.00 
146.57 -1.97 155.54 1.09 -0.59 -0.62 
-58.79 -2.64 177.53 1.10 -0.53 -0.18 
-51.64 -1.76 227.83 1.22 -1.39 -0.63 
44.76 -1.80 277.87 0.66 -0.81 -0.94 
0 0 0 0 0 0 
0 0 0 0 0 0 
120.59 -1.37 293.35 0.08 -0.04 0.20 
0 0 0 0 0 0 
-65.74 -2.31 194.00 1.06 -0.58 -0.31 
89.31 -1.48 311.44 0.23 -0.32 -0.59 
0 0 0 0 0 0 
159.54 -0.07 326.12 0.02 0.19 0.58 
-122.29 1.09 235.55 -0.13 -0.22 0.07 
-38.54 -2.82 191.75 1.09 -0.67 -0.21 
-99.44 -2.43 180.34 2.00 -1.17 -0.74 
-87.18 -2.04 202.58 1.02 -0.79 -0.05 
27.47 -1.34 253.13 0.81 -1.42 -0.20 
55.05 -1.17 303.43 0.38 -0.76 -0.63 
0 0 0 0 0 0 
51.91 -0.53 321.71 0.01 0.15 0.30 
-167.90 -0.38 208.50 0.03 -1.09 -0.03 
-6.08 -2.26 168.34 1.28 -0.97 -0.31 
-59.18 -2.76 150.26 1.49 -0.61 -0.34 
-24.87 -2.98 153.59 0.96 -0.08 -0.29 
4.52 -1.58 216.46 1.31 -1.37 -0.30 
46.49 -1.62 266.77 0.60 -0.95 -0.70 
93.73 -1.68 286.93 0.11 -0.04 0.20 
111.53 1.96 280.93 -0.62 0.10 0.50 
-146.73 1.99 248.30 -0.67 -0.05 0.51 
-101.37 0.00 208.23 0.04 -1.17 -0.05 
82.15 -2.65 158.48 1.03 -0.62 -0.03 
0 0 0 0 0 0 
-199.58 -2.85 139.52 2.11 -0.95 -0.17 
-20.99 -1.95 277.09 1.08 -1.31 -1.24 
151.82 -1.82 306.29 0.25 0.02 -0.40 
80.18 0.85 300.76 -0.22 0.17 0.54 
-59.21 1.48 290.37 -0.66 -0.06 0.72 
-146.82 -0.10 228.77 0.05 -0.56 0.01 
122.88 -2.27 178.77 1.46 -1.02 -0.78 
0 0 0 0 0 0 
0 0 0 0 0 0 
-201.90 -2.95 181.55 1.34 -0.28 -0.25 
-154.57 1.48 221.94 -0.70 -0.39 0.40 
-168.75 -0.76 172.18 0.05 -0.11 0.16 
-2.84 -2.88 122.18 1.66 -0.83 -0.11 
-47.82 -2.29 103.28 1.43 -0.77 -0.45 
-93.15 -2.47 106.43 0.89 -0.47 -0.19 
-59.94 -1.90 153.69 1.29 -1.42 -0.30 
85.06 -1.64 203.99 0.86 -1.18 -1.02 
102.97 -2.48 234.89 0.21 0.18 0.01 
12.68 1.10 227.10 -0.43 0.17 0.68 
-248.28 -1.16 152.47 0.35 -0.63 -0.25 
-28.00 -2.47 112.50 1.17 -0.85 -0.15 
26.76 -2.48 90.47 1.65 -0.94 -0.50 
0 0 0 0 0 0 
0 0 0 0 0 0 
