16.17 -3.08 -115.70 1.00 -0.16 -0.34 
0 0 0 0 0 0 
39.64 2.70 -230.32 -1.33 -0.36 0.23 
0 0 0 0 0 0 
0 0 0 0 0 0 
0 0 0 0 0 0 
19.94 3.23 -225.72 -0.84 -0.04 0.07 
-8.50 2.92 -231.81 -0.70 -0.14 0.08 
12.97 2.41 -232.10 -0.92 -0.28 0.30 
24.89 1.97 -227.59 -0.83 -0.18 0.73 
0 0 0 0 0 0 
0 0 0 0 0 0 
0 0 0 0 0 0 
0 0 0 0 0 0 
0 0 0 0 0 0 
0 0 0 0 0 0 
0 0 0 0 0 0 
0 0 0 0 0 0 
-43.00 1.57 -220.89 -0.41 -0.24 -0.15 
42.99 2.48 -217.35 -0.81 -0.05 0.36 
-11.77 3.16 -227.82 -1.29 0.08 0.18 
12.05 3.21 -223.72 -1.19 -0.04 0.11 
12.46 3.02 -229.93 -1.17 -0.09 0.19 
0.80 2.98 -239.90 -0.78 -0.12 -0.15 
62.80 2.54 -232.49 -0.84 -0.20 0.28 
35.64 2.85 -230.22 -0.71 -0.32 0.08 
4.21 1.42 -229.91 -0.26 -0.17 -0.63 
47.20 -0.03 -228.25 0.05 -0.43 -1.55 
-8.45 -0.50 -228.66 0.16 -0.22 -2.01 
-110.48 -0.89 -237.18 0.10 -0.13 -1.16 
69.12 2.17 -239.88 -0.55 -0.20 0.05 
30.37 1.93 -233.38 -0.79 -0.23 0.53 
-25.37 3.25 -239.38 -0.67 0.03 0.07 
-27.06 2.70 -243.24 -0.67 -0.15 0.21 
-12.36 3.22 -249.72 -1.40 -0.06 0.19 
16.17 2.51 -246.89 -1.04 -0.46 0.01 
0.88 2.92 -244.32 -1.24 -0.17 0.19 
35.17 2.87 -245.19 -0.96 -0.23 0.15 
51.47 0.88 -251.25 -0.16 -0.19 -0.29 
-5.53 2.64 -252.67 -0.96 -0.28 0.17 
36.13 2.25 -246.68 -0.57 -0.34 0.33 
73.57 1.84 -247.57 -0.37 -0.20 -0.51 
-36.68 0.69 -251.99 -0.21 -0.13 -1.36 
10.25 0.15 -255.22 -0.15 -0.52 -1.99 
-48.32 -0.21 -248.84 -0.19 -0.60 -1.34 
-99.43 -0.46 -243.81 -0.09 -0.43 -0.50 
-14.19 1.15 -237.44 -0.70 -0.40 0.81 
5.87 2.33 -237.15 -0.64 0.26 0.12 
12.12 2.74 -232.84 -0.74 0.24 0.06 
8.27 2.83 -236.53 -1.26 0.41 0.07 
-6.13 3.04 -241.96 -1.26 -0.19 0.13 
32.11 3.05 -235.15 -1.27 0.06 0.19 
8.41 2.93 -238.34 -1.04 -0.16 0.18 
33.09 3.05 -243.38 -0.72 0.06 -0.08 
-33.51 2.43 -241.77 -0.70 -0.25 0.21 
42.81 2.14 -239.06 -0.86 -0.32 0.60 
48.42 2.70 -241.65 -0.47 -0.13 -0.26 
47.26 0.88 -251.54 -0.16 -0.37 -0.89 
-3.00 0.27 -259.58 -0.16 -0.63 -1.74 
-42.45 -0.30 -250.38 -0.21 -0.62 -1.55 
-89.13 1.55 -244.22 -0.30 -0.18 0.04 
-5.68 1.52 -239.63 -0.66 -0.16 0.63 
-12.20 2.47 -234.41 -0.75 0.33 0.09 
-41.97 2.77 -239.06 -0.62 -0.04 0.18 
16.42 3.17 -246.48 -0.91 -0.14 0.06 
-2.70 2.93 -248.67 -1.21 -0.29 0.07 
-10.45 3.22 -245.65 -1.22 -0.03 0.11 
13.98 2.82 -242.68 -1.18 -0.29 0.10 
16.67 3.39 -249.56 -0.59 -0.01 0.03 
-17.70 2.74 -246.43 -0.50 -0.18 0.04 
46.54 2.30 -249.24 -0.83 -0.26 0.53 
9.96 2.71 -251.82 -0.54 -0.11 -0.31 
15.77 0.19 -252.13 0.15 -0.35 -1.21 
18.28 -0.08 -254.29 0.10 -0.27 -2.11 
-41.95 -0.83 -254.32 0.08 -0.28 -1.56 
-33.06 0.57 -253.91 -0.34 -0.09 -0.47 
-22.36 1.16 -252.21 -0.61 -0.31 0.62 
42.14 2.86 -244.68 -0.93 0.04 0.26 
3.97 3.00 -240.45 -0.60 -0.11 -0.01 
-20.57 2.76 -255.10 -1.10 -0.45 0.03 
-6.15 3.35 -253.13 -1.34 -0.04 0.05 
-16.84 3.28 -253.25 -1.24 -0.07 0.02 
21.99 2.97 -252.80 -1.08 -0.25 -0.01 
45.46 2.89 -258.61 -0.86 -0.18 0.07 
21.41 2.63 -253.18 -0.83 -0.27 0.05 
2.24 2.79 -255.70 -0.75 -0.28 0.15 
13.24 1.06 -260.70 -0.15 -0.04 -0.67 
-6.07 0.12 -265.83 0.06 -0.53 -1.10 
-40.46 -0.37 -267.94 0.22 -0.53 -2.21 
-31.01 -1.33 -266.68 0.29 -0.33 -1.26 
-24.20 0.07 -256.15 -0.29 -0.56 0.60 
11.60 1.62 -253.43 -0.56 0.32 -0.43 
-13.03 2.92 -248.93 -0.41 -0.09 -0.03 
-69.21 3.47 -253.59 -1.06 -0.04 0.09 
23.32 3.02 -261.88 -1.49 0.31 0.12 
6.40 3.03 -255.24 -1.18 -0.18 0.06 
62.60 3.17 -249.27 -1.32 0.18 0.10 
10.59 3.17 -256.82 -0.78 0.06 0.09 
12.52 2.52 -258.22 -0.38 0.16 -0.02 
41.08 1.23 -249.89 -0.63 -0.26 0.97 
17.27 3.76 -260.48 -0.41 -0.04 0.00 
66.53 0.81 -265.54 -0.20 -0.45 -0.97 
-4.40 0.18 -270.31 -0.07 -0.57 -2.15 
-39.44 -0.57 -262.25 -0.01 -0.56 -1.50 
-112.35 2.26 -260.28 -0.39 0.03 -0.12 
4.51 0.60 -258.41 -0.41 -0.13 1.03 
-35.26 2.98 -261.42 -0.57 -0.10 0.04 
-36.15 2.58 -263.56 -0.73 -0.27 0.10 
-28.01 3.34 -279.98 -1.34 0.08 0.09 
-5.06 2.90 -280.32 -1.22 -0.29 0.13 
24.70 2.82 -270.77 -1.24 -0.20 0.21 
-35.38 2.80 -275.24 -1.08 0.16 0.22 
23.41 1.51 -288.04 -0.29 0.36 0.03 
60.60 2.67 -284.23 -0.78 -0.05 0.26 
28.56 2.90 -289.04 -0.79 -0.07 0.34 
2.41 1.93 -298.39 -0.40 -0.18 -0.47 
91.83 0.32 -295.25 -0.03 -0.18 -1.20 
-49.84 -0.21 -297.53 0.12 -0.19 -2.30 
-53.02 -1.07 -305.76 0.13 -0.33 -1.32 
16.67 1.52 -305.78 -0.32 -0.06 0.20 
40.34 1.97 -302.70 -0.79 -0.05 0.61 
-37.21 2.54 -304.79 -0.46 -0.10 0.16 
34.83 2.00 -304.66 -0.75 -0.40 0.32 
-36.40 2.76 325.69 -1.41 0.11 0.42 
0.12 2.85 -326.18 -1.14 -0.29 0.12 
17.00 2.58 -324.29 -1.26 -0.35 0.32 
0 0 0 0 0 0 
56.63 2.86 -322.42 -1.09 -0.29 0.03 
22.18 2.46 327.28 -0.59 -0.29 0.32 
5.60 1.05 317.32 -0.23 -0.02 -0.86 
-28.61 0.45 309.32 -0.19 -0.58 -1.43 
-2.26 -0.47 318.00 -0.08 -0.48 -1.58 
-29.49 0.21 322.05 -0.31 -0.49 -0.48 
-24.82 1.39 -324.49 -0.67 -0.20 0.61 
17.16 2.24 -322.79 -0.58 -0.24 0.19 
-15.31 2.94 -320.07 -0.54 -0.04 0.11 
-12.74 2.88 318.25 -1.38 -0.35 0.13 
-23.91 2.61 312.40 -1.12 -0.48 0.06 
8.02 2.87 318.12 -1.25 -0.31 0.10 
27.12 2.62 323.41 -1.13 -0.44 0.12 
-34.50 3.08 314.04 -0.39 0.01 -0.05 
22.57 2.63 314.12 -0.59 -0.04 0.21 
29.75 2.38 312.66 -0.75 -0.06 0.58 
7.64 1.28 297.40 -0.22 -0.33 -0.46 
91.75 0.26 285.80 0.10 -0.54 -1.56 
14.60 -0.36 291.55 -0.04 -1.08 -1.78 
-18.35 -0.73 308.67 -0.04 -0.49 -0.72 
-37.61 0.71 315.95 -0.41 -0.40 0.50 
-1.65 2.18 322.11 -0.82 0.00 0.50 
-13.80 2.85 327.59 -0.49 -0.05 0.10 
70.56 2.52 319.57 -0.89 -0.09 0.37 
-13.06 2.05 308.87 -1.23 -0.78 0.50 
5.01 2.41 312.05 -0.91 -0.41 0.24 
6.10 2.65 322.79 -1.25 -0.41 0.21 
51.43 2.97 -324.97 -0.91 -0.16 0.12 
24.04 2.98 318.41 -0.48 -0.07 0.07 
27.18 2.28 314.66 -0.92 -0.10 0.36 
29.80 2.47 310.59 -0.51 -0.15 0.33 
2.41 1.12 303.68 -0.22 -0.37 -0.72 
-5.64 0.51 295.25 0.06 -0.62 -1.63 
8.03 -0.60 300.66 0.10 -0.77 -1.89 
-44.42 -0.72 305.16 -0.03 -0.43 -1.24 
-59.90 0.81 310.02 -0.40 -0.16 0.48 
-15.19 2.15 313.48 -0.74 0.42 -0.09 
-26.03 2.37 319.66 -0.29 0.06 0.14 
85.50 1.89 315.00 -0.64 -0.32 0.43 
-20.28 2.46 299.12 -1.73 -0.69 0.37 
29.94 2.36 302.70 -1.03 -0.28 0.39 
-4.48 2.64 304.09 -1.26 -0.42 0.29 
30.57 2.37 295.42 -0.30 -0.19 0.03 
59.45 2.45 296.63 -0.96 0.04 0.47 
-10.81 3.48 292.01 -0.48 -0.08 -0.06 
55.60 0.20 277.71 0.04 -0.34 -0.96 
15.19 0.10 270.15 -0.14 -0.75 -1.65 
-58.65 -0.52 280.43 -0.03 -0.66 -1.38 
-23.19 0.91 295.34 -0.48 -0.25 -0.62 
-54.68 2.29 297.02 -0.93 -0.10 0.43 
-1.42 2.89 300.21 -0.73 -0.03 0.19 
-0.99 1.86 302.60 -0.31 0.24 0.03 
-80.24 3.11 265.05 -1.39 -0.30 0.00 
-4.30 2.09 263.20 -1.34 -0.83 0.23 
59.63 2.10 289.64 -1.13 -0.65 0.38 
43.89 2.95 295.81 -0.53 -0.08 0.12 
29.55 2.31 289.54 -0.59 -0.28 0.28 
13.85 3.07 284.19 -0.67 -0.22 0.13 
7.66 1.07 280.66 -0.24 -0.04 -0.77 
35.54 0.53 279.14 -0.37 -0.54 -1.69 
-10.08 -0.21 284.09 -0.25 -0.55 -1.60 
-12.98 1.00 299.10 -0.34 0.06 -0.34 
-40.39 1.47 304.80 -0.77 0.03 0.77 
-36.57 2.77 306.10 -0.67 0.19 0.12 
-18.74 3.23 303.68 -0.62 -0.01 0.05 
160.34 3.11 279.79 -0.84 -0.11 0.04 
-57.68 1.85 258.25 -1.41 -1.06 0.50 
25.12 1.82 279.12 -1.02 -0.84 0.33 
45.78 2.76 303.31 -1.16 -0.12 0.40 
0 0 0 0 0 0 
-9.97 2.48 296.03 -0.72 0.36 0.06 
-41.72 1.73 268.56 -0.40 -0.34 -0.42 
35.01 0.04 264.70 0.18 -0.03 -1.16 
25.89 -0.33 264.56 0.09 -0.62 -1.85 
-4.85 -0.58 272.50 -0.04 -0.24 -1.11 
0 0 0 0 0 0 
-77.62 2.09 278.21 -0.38 -0.10 -0.09 
-45.19 3.06 279.83 -0.50 0.03 0.08 
26.09 3.22 257.32 -0.98 0.14 -0.02 
-28.60 1.77 226.24 -1.05 -1.13 0.09 
-15.87 1.66 240.45 -1.03 -0.99 -0.09 
17.35 1.68 269.70 -0.96 -0.82 0.05 
-54.41 3.10 278.61 -0.89 -0.15 -0.05 
-17.36 2.77 276.20 -0.27 0.08 -0.01 
60.02 1.66 272.96 -0.85 0.08 0.86 
1.54 3.14 265.95 -0.47 -0.18 -0.05 
-59.64 0.32 263.39 0.11 -0.36 -1.03 
12.55 0.00 259.89 0.02 -0.15 -2.19 
-17.63 -0.85 266.12 0.07 -0.47 -1.35 
-49.49 0.99 290.05 -0.52 -0.12 0.56 
-37.78 2.13 293.23 -0.81 0.08 0.52 
-6.42 2.71 291.00 -0.67 0.22 0.02 
-35.04 2.99 287.62 -1.01 -0.11 0.18 
4.99 3.20 276.30 -1.17 0.10 0.19 
-19.71 2.78 264.62 -1.34 -0.41 0.21 
8.73 2.77 271.67 -1.22 -0.33 0.12 
48.83 2.72 276.05 -1.12 -0.31 0.13 
-2.79 1.30 272.96 -0.30 -0.41 0.14 
27.86 1.98 272.89 -0.98 -0.29 0.74 
36.03 3.38 267.87 -0.56 -0.15 -0.01 
63.20 0.70 258.68 -0.08 -0.34 -0.79 
77.21 -0.35 254.93 -0.09 -0.86 -2.40 
-78.87 -0.07 281.23 -0.07 -0.06 -0.61 
-83.21 1.70 287.45 -0.60 -0.25 0.30 
63.65 2.32 290.70 -1.32 0.20 0.91 
-14.28 2.63 290.94 -0.41 -0.15 0.07 
48.35 2.76 284.21 -0.88 -0.27 0.13 
-24.20 2.28 265.94 -1.42 -0.49 0.45 
6.10 2.10 269.48 -0.76 -0.49 0.17 
-8.32 2.33 276.14 -1.17 -0.62 0.23 
-1.79 2.07 293.83 -1.05 -0.62 0.27 
-18.02 2.93 281.34 -0.40 -0.08 0.04 
-34.34 1.14 283.68 -0.70 -0.53 1.01 
29.31 2.80 276.60 -0.34 -0.17 -0.11 
92.56 0.72 278.41 0.04 -0.62 -1.08 
-15.03 0.03 275.66 -0.06 -0.58 -2.21 
-75.03 -1.03 288.37 0.12 -0.61 -1.27 
-117.74 0.18 298.69 -0.27 -0.16 0.65 
-40.87 2.32 305.80 -1.21 0.16 0.89 
-6.28 2.63 303.13 -0.54 0.19 0.13 
-8.38 3.09 276.98 -1.06 -0.11 0.16 
15.07 2.21 278.40 -1.21 -0.73 0.13 
17.93 2.24 288.65 -1.07 -0.64 0.02 
46.58 2.68 308.33 -1.18 -0.45 0.14 
-84.32 2.78 290.34 -0.34 0.07 -0.02 
61.03 2.00 294.39 -0.58 -0.36 0.18 
44.42 2.14 291.63 -0.67 -0.31 0.55 
61.53 2.12 286.13 -0.46 -0.29 -0.39 
-11.06 0.84 278.57 -0.42 -0.55 -1.95 
-22.21 -0.05 286.32 -0.27 -0.87 -1.59 
-57.02 0.45 294.10 -0.35 -0.44 -0.44 
-26.74 0.98 303.50 -0.68 -0.40 0.79 
-55.64 2.24 295.07 -0.78 -0.20 0.33 
9.47 2.78 301.57 -0.76 -0.12 0.18 
-8.36 3.39 286.83 -1.36 0.01 0.12 
0.44 2.72 284.24 -1.42 -0.50 0.22 
-7.35 2.77 289.20 -1.00 -0.31 0.12 
18.35 3.13 291.14 -0.98 -0.15 0.10 
97.98 0.79 291.47 -0.23 -0.59 0.06 
11.28 2.62 292.91 -0.90 -0.30 0.11 
28.93 2.55 293.78 -0.65 -0.35 0.29 
90.06 0.84 284.75 -0.22 -0.53 -0.90 
-5.63 0.29 286.79 -0.29 -0.48 -1.70 
-43.61 -0.31 291.62 -0.13 -0.52 -1.35 
-34.00 1.10 302.02 -0.43 -0.38 0.03 
-16.65 1.29 311.42 -0.58 0.11 0.74 
-48.62 2.55 306.69 -0.50 0.16 0.11 
11.18 3.18 305.41 -0.95 -0.13 0.10 
0 0 0 0 0 0 
0 0 0 0 0 0 
88.36 0.69 -126.58 -0.24 -0.35 -1.18 
1.30 1.45 -101.25 -0.63 0.00 0.70 
32.75 3.07 -99.21 -0.64 -0.03 0.10 
-28.64 2.79 -96.63 -0.82 0.14 0.16 
12.56 2.96 -106.83 -0.94 -0.12 0.23 
4.70 2.72 -113.50 -1.26 -0.43 -0.07 
16.71 2.67 -103.52 -1.26 -0.30 0.17 
21.96 2.97 -102.75 -1.23 -0.11 0.25 
-3.71 2.96 -110.66 -0.46 -0.06 -0.08 
18.38 2.87 -110.24 -0.74 -0.15 0.09 
46.41 2.34 -109.35 -0.82 -0.20 0.50 
27.56 2.62 -112.16 -0.49 -0.19 -0.27 
0 0 0 0 0 0 
17.49 -0.17 -110.09 0.44 0.03 -1.37 
-85.72 0.72 -84.43 -0.50 -0.54 0.05 
-67.39 1.61 -78.71 -0.71 -0.18 0.64 
25.69 3.30 -72.36 -0.79 -0.03 0.06 
-6.46 2.89 -70.70 -0.48 -0.10 0.09 
11.07 2.98 -74.28 -0.90 0.24 0.16 
-8.15 2.19 -89.68 -1.36 -0.82 0.23 
0.05 2.67 -83.20 -1.09 -0.37 0.08 
5.28 2.51 -78.62 -1.16 -0.47 0.04 
48.39 3.21 -71.84 -1.04 -0.08 0.08 
-15.45 2.57 -76.57 -0.53 -0.20 -0.13 
77.54 1.85 -76.37 -0.82 -0.39 0.51 
42.00 2.83 -78.18 -0.56 -0.20 0.23 
43.72 1.36 -80.01 -0.40 -0.34 -0.69 
-18.18 0.47 -89.03 -0.09 -0.45 -1.27 
-16.21 -0.30 -86.28 -0.07 -0.47 -2.00 
9.26 -0.66 -85.40 0.02 -0.47 -0.65 
-33.49 0.68 -74.29 -0.35 0.07 0.61 
43.44 2.40 -68.40 -0.86 -0.22 0.33 
15.19 2.90 -65.70 -0.56 0.00 0.11 
-9.13 2.38 -75.35 -0.73 -0.07 0.40 
-37.89 2.44 -101.41 -1.26 -0.62 0.17 
-6.19 2.57 -94.41 -1.26 -0.48 0.18 
39.11 3.02 -81.78 -1.21 -0.02 0.23 
96.10 2.85 -87.55 -0.65 -0.18 0.10 
-30.02 1.35 -88.67 -0.30 -0.41 0.14 
27.10 2.06 -89.67 -0.79 -0.24 0.67 
0 0 0 0 0 0 
-18.76 2.94 -96.89 -0.60 -0.26 -0.11 
-1.90 -0.53 -91.39 -0.06 -0.57 -1.53 
-13.87 -0.10 -81.14 -0.14 -0.29 -0.43 
1.30 1.86 -75.21 -0.83 -0.08 0.59 
19.78 2.40 -70.56 -0.70 -0.22 0.24 
-24.74 3.12 -68.78 -0.60 0.01 0.11 
52.54 3.00 -64.93 -1.14 -0.26 0.14 
5.85 2.79 -75.09 -1.54 -0.47 0.12 
37.84 2.85 -66.49 -1.28 -0.32 0.07 
-10.29 2.45 -73.14 -0.88 -0.33 0.21 
58.00 3.13 -83.14 -0.39 -0.07 -0.02 
63.65 1.93 -83.23 -0.82 -0.33 0.46 
6.08 2.37 -81.19 -0.65 -0.39 0.31 
43.00 2.20 -87.47 -0.72 0.06 -0.68 
-25.48 0.56 -95.68 -0.11 -0.43 -1.39 
-3.68 -0.12 -95.20 -0.13 -0.60 -2.06 
-29.95 -0.30 -87.95 -0.21 -0.43 -0.76 
-25.45 1.11 -82.01 -0.48 -0.15 0.48 
-65.63 1.70 -75.72 -0.81 -0.05 1.00 
-18.81 2.38 -70.60 -0.57 -0.22 0.16 
57.02 2.82 -72.06 -0.92 -0.01 0.24 
-15.01 3.32 -91.32 -1.35 -0.09 -0.08 
-0.19 2.94 -84.49 -1.30 -0.30 0.02 
42.28 2.61 -76.08 -1.20 -0.42 0.10 
0 0 0 0 0 0 
43.37 2.87 -73.93 -0.87 -0.23 -0.02 
0 0 0 0 0 0 
49.91 2.71 -85.99 -0.62 -0.33 0.18 
-26.14 -0.58 -95.85 0.07 -0.67 -1.96 
-26.59 -1.13 -87.92 0.10 -0.35 -0.73 
-35.31 0.59 -83.49 -0.53 -0.24 0.89 
34.47 2.38 -78.32 -0.59 -0.22 -0.15 
-15.09 3.18 -79.44 -0.71 -0.04 0.05 
38.14 2.55 -88.21 -0.93 -0.26 0.28 
-18.44 2.85 -106.46 -1.29 -0.35 0.12 
-4.64 2.23 -102.72 -0.98 -0.58 0.04 
19.76 2.16 -92.68 -1.29 -0.70 0.20 
-7.93 2.69 -92.82 -0.77 -0.22 0.16 
37.23 2.97 -94.31 -0.43 -0.09 0.04 
12.39 1.85 -96.06 -0.88 -0.19 0.74 
30.73 2.62 -100.38 -0.53 -0.22 0.24 
83.78 0.39 -121.65 0.00 -0.50 -0.57 
-7.72 -0.02 -125.14 0.14 -0.83 -2.13 
-69.38 -0.74 -117.73 0.08 -0.77 -1.43 
5.29 0.38 -101.93 -0.11 0.19 -0.18 
-99.74 0.90 -93.45 -0.51 -0.20 0.78 
111.41 2.87 -82.63 -1.01 0.29 0.00 
-4.56 2.96 -76.43 -0.68 -0.13 0.08 
-28.23 3.16 -94.73 -1.14 -0.16 0.11 
-8.96 1.85 -99.06 -1.09 -0.91 -0.29 
10.14 2.52 -91.29 -1.29 -0.51 0.06 
13.72 2.20 -87.10 -1.27 -0.57 0.51 
6.66 -0.17 -90.75 0.00 -0.23 0.02 
33.67 2.09 -84.56 -0.88 0.08 0.63 
15.28 3.20 -92.32 -0.50 -0.14 0.11 
34.94 1.23 -102.34 -0.40 -0.55 -0.96 
0 0 0 0 0 0 
-101.17 0.52 -119.48 0.08 -0.77 -2.46 
-27.58 0.44 -101.71 -0.44 -0.19 1.08 
19.25 2.20 -103.21 -0.51 -0.20 0.15 
-20.19 1.16 -105.52 -0.26 0.42 0.12 
-18.60 3.03 -116.64 -0.89 -0.12 0.17 
13.69 2.83 -110.08 -1.41 -0.46 0.12 
18.50 2.55 -103.30 -1.10 -0.41 0.13 
28.59 0.72 -102.10 -0.30 -0.69 -0.05 
-55.68 2.57 -107.42 -0.60 -0.16 0.16 
56.31 1.55 -108.04 -0.64 -0.55 0.72 
61.52 2.37 -110.96 -0.55 -0.34 -0.32 
58.00 0.29 -117.96 0.12 -0.24 -1.32 
-48.58 -0.63 -114.24 0.04 -0.75 -2.26 
-12.23 -1.97 -106.77 0.23 0.05 -0.41 
64.06 0.56 -97.20 -0.48 -0.54 0.70 
2.40 2.66 -94.32 -0.75 -0.02 0.26 
-72.46 2.48 -99.72 -0.66 0.02 0.32 
0 0 0 0 0 0 
-42.22 2.48 -125.82 -0.95 -0.41 0.04 
115.95 2.63 -71.33 -1.16 -0.46 0.20 
4.25 -0.49 -79.63 0.03 -0.05 0.10 
0 0 0 0 0 0 
24.36 2.29 -81.94 -0.83 -0.01 0.56 
66.06 -0.38 -98.65 0.08 -0.98 -2.24 
0 0 0 0 0 0 
-59.84 -0.79 -86.10 0.01 -0.40 -0.89 
-21.29 2.42 -87.11 -0.66 -0.28 0.15 
43.35 2.65 -92.63 -0.59 0.20 0.13 
-27.71 1.90 -127.25 -0.88 -0.89 0.03 
12.15 1.72 -122.66 -1.10 -1.01 -0.01 
44.36 2.54 -90.63 -1.08 -0.45 0.18 
-75.09 2.53 -93.10 -0.72 -0.35 0.15 
28.98 3.16 -97.83 -0.75 0.04 0.06 
34.35 2.71 -98.57 -0.71 -0.36 0.19 
0 0 0 0 0 0 
-5.42 0.60 -105.90 -0.15 -0.13 -0.83 
-21.75 0.83 -110.04 -0.20 -0.18 -0.18 
-18.39 2.09 -111.10 -0.81 -0.15 0.47 
33.64 2.51 -106.98 -0.70 -0.20 0.22 
58.94 3.10 -115.00 -0.53 -0.08 0.00 
27.95 1.99 -161.95 -1.00 -0.82 -0.12 
0 0 0 0 0 0 
0 0 0 0 0 0 
-7.27 1.67 -154.53 -1.12 -1.04 -0.03 
36.86 2.42 -113.35 -0.48 -0.24 0.31 
84.09 0.65 -123.84 -0.08 -0.31 -0.58 
-40.61 0.31 -129.53 -0.11 -1.19 -2.51 
-72.66 -1.57 -120.62 0.40 -0.70 -1.01 
-61.36 -0.05 -104.80 -0.23 -0.28 0.58 
145.78 1.41 -90.66 -0.61 -0.09 1.11 
0 0 0 0 0 0 
-67.97 2.62 -101.25 -0.37 0.14 0.00 
-10.81 3.07 -93.57 -1.31 -0.17 0.00 
29.38 2.23 -87.34 -0.73 0.11 -0.40 
6.66 1.62 -100.05 -0.38 -0.32 0.16 
84.62 3.40 -115.03 -0.59 -0.12 0.05 
66.12 0.91 -130.88 -0.14 -0.38 -0.98 
41.72 0.03 -129.14 -0.31 -0.72 -2.16 
-69.59 -0.73 -111.20 0.06 -0.57 -0.88 
-45.49 1.05 -96.55 -0.72 -0.21 0.98 
7.82 2.41 -104.02 -0.63 0.35 0.07 
-63.73 1.89 -122.47 -0.52 0.36 -0.26 
-22.28 2.20 -136.06 -1.05 -0.73 -0.09 
1.04 2.08 -126.34 -1.09 -0.70 -0.06 
36.41 2.74 -117.12 -1.15 -0.34 0.00 
26.39 2.81 -113.63 -0.79 -0.27 -0.07 
-57.39 1.92 -115.55 -0.32 0.00 -0.28 
0.66 1.96 -115.75 -0.84 -0.21 0.53 
19.62 2.82 -116.88 -0.67 -0.19 0.24 
16.41 1.32 -124.30 -0.23 -0.30 -0.49 
-1.22 0.47 -128.01 -0.09 -0.44 -1.49 
18.91 -0.26 -123.52 -0.04 -0.61 -2.04 
-27.57 -0.88 -112.43 0.02 -0.24 -0.90 
-11.56 1.13 -108.82 -0.58 -0.29 0.64 
26.54 2.92 -107.23 -0.73 0.05 0.16 
-6.94 2.64 -107.02 -0.52 -0.16 0.08 
-35.08 3.03 -108.17 -0.96 0.07 0.21 
-24.88 2.81 -128.53 -1.35 -0.48 -0.05 
25.89 2.62 -119.92 -1.03 -0.38 0.01 
18.86 2.81 -109.25 -1.20 -0.23 0.19 
22.84 2.20 -105.75 -0.92 -0.52 -0.01 
-11.07 1.99 -107.69 -0.37 0.12 -0.27 
0 0 0 0 0 0 
34.22 1.83 -111.58 -0.89 -0.22 0.76 
-74.90 0.23 -151.00 0.32 -0.85 -1.93 
-40.71 -1.21 -136.00 0.27 -0.63 -1.51 
-0.97 1.08 -124.51 -0.29 -0.12 -0.23 
-44.11 1.10 -121.79 -0.51 -0.15 0.80 
30.61 3.17 -121.54 -0.75 -0.09 -0.06 
-0.55 2.62 -120.05 -0.78 -0.29 0.11 
17.58 2.47 -125.45 -0.93 -0.48 -0.13 
-41.71 2.65 -140.87 -1.36 -0.49 0.21 
6.47 2.78 -134.87 -1.01 -0.30 0.02 
-0.40 2.39 -129.54 -1.26 -0.58 0.09 
-30.02 2.54 -124.94 -1.06 -0.49 -0.06 
38.03 2.44 -120.89 -0.20 -0.06 0.08 
11.44 1.96 -124.69 -0.83 -0.37 0.65 
19.51 2.36 -130.66 -0.55 -0.44 -0.21 
-12.30 0.05 -140.52 0.23 -0.62 -1.30 
-22.13 -0.72 -137.44 0.21 -0.95 -2.33 
-11.39 -0.69 -132.36 0.02 -0.26 -0.56 
-110.45 0.54 -125.09 -0.33 -0.19 0.61 
89.10 2.56 -116.15 -1.16 -0.20 0.53 
-1.30 2.13 -116.78 -0.72 -0.43 0.22 
-14.01 2.53 -117.65 -0.85 -0.39 -0.11 
-25.29 2.79 -136.72 -1.45 -0.48 0.05 
7.38 2.48 -128.27 -1.15 -0.52 0.06 
30.49 2.20 -118.75 -1.10 -0.64 -0.22 
-6.48 2.23 -122.20 -0.94 -0.52 0.06 
-9.32 1.98 -123.86 -0.34 -0.21 -0.17 
34.94 1.99 -129.73 -0.90 -0.29 0.74 
14.76 2.41 -137.90 -0.45 -0.36 -0.13 
89.28 0.38 -159.64 0.00 -0.64 -0.74 
18.75 0.03 -161.80 -0.02 -1.04 -2.28 
-27.23 -1.23 -146.91 0.28 -0.78 -1.18 
-69.94 0.64 -138.70 -0.30 -0.40 -0.10 
-12.89 1.42 -135.57 -0.70 -0.42 0.64 
-11.85 3.10 -135.91 -0.78 0.05 0.07 
29.33 2.45 -138.22 -0.51 -0.23 -0.05 
96.28 2.48 -144.36 -0.98 -0.44 -0.04 
-7.14 1.91 -148.54 -1.10 -0.87 0.26 
15.60 2.20 -136.65 -1.15 -0.72 0.22 
59.41 2.60 -119.82 -1.07 -0.38 0.14 
31.35 2.56 -117.28 -0.49 -0.18 -0.14 
-1.39 2.08 -117.88 -0.45 -0.27 0.12 
39.12 1.84 -121.92 -0.65 -0.29 0.74 
11.99 1.44 -131.37 -0.22 -0.43 -0.25 
55.12 -0.07 -135.00 0.32 -0.75 -1.38 
-28.05 -0.33 -133.34 0.00 -0.52 -2.35 
-44.54 -1.00 -124.70 0.18 -0.36 -0.95 
-33.03 1.16 -126.45 -0.44 -0.42 0.12 
-1.10 1.35 -127.45 -0.58 -0.01 0.72 
13.71 2.58 -126.14 -0.49 -0.20 0.07 
-58.06 2.07 -152.88 -0.76 -0.54 0.16 
-19.08 1.89 -171.23 -0.90 -0.78 -0.10 
28.48 1.89 -160.62 -1.10 -0.84 0.07 
15.63 1.86 -148.04 -0.98 -0.79 0.21 
-42.96 2.73 -148.97 -0.77 -0.27 0.03 
26.47 2.11 -148.23 -0.44 0.20 0.22 
44.89 1.85 -154.75 -0.74 0.15 0.77 
40.79 1.74 -165.57 -0.30 -0.36 -0.26 
55.33 0.35 -178.88 -0.12 -0.41 -1.43 
-69.65 -0.03 -175.01 -0.33 -0.82 -2.34 
-78.61 -0.62 -166.48 -0.02 -0.40 -0.73 
-46.17 1.03 -164.82 -0.48 -0.20 0.53 
71.99 1.23 -159.11 -0.59 -0.72 0.59 
-88.97 2.60 -164.18 -0.47 0.00 0.19 
-36.98 2.83 -174.58 -1.13 -0.34 0.04 
-49.91 2.15 -205.20 -1.34 -0.79 0.30 
-5.79 2.29 -202.15 -1.04 -0.59 0.19 
51.70 2.06 -181.26 -1.21 -0.82 0.15 
26.75 3.08 -178.19 -0.82 -0.03 0.13 
51.62 1.91 -176.66 -0.31 -0.24 -0.08 
5.98 1.79 -182.83 -0.87 0.09 0.86 
41.09 2.77 -192.14 -0.52 -0.30 -0.01 
37.18 0.46 -201.05 0.00 -0.78 -1.12 
-38.00 0.04 -203.34 -0.22 -0.92 -2.37 
-31.47 -0.73 -191.14 0.06 -0.44 -1.08 
-61.90 1.43 -188.93 -0.43 -0.18 0.29 
