22.02 0.93 -185.71 -0.50 -0.28 0.81 
0 0 0 0 0 0 
-36.35 0.97 212.68 -0.57 0.39 -0.61 
-36.35 0.97 212.68 -0.57 0.39 -0.61 
-5.85 -4.62 190.95 0.08 0.00 0.00 
0 0 0 0 0 0 
-29.26 -2.99 175.91 1.64 -0.29 0.90 
0 0 0 0 0 0 
-13.71 -2.54 174.78 1.25 0.01 0.67 
0 0 0 0 0 0 
-1.64 -2.27 187.98 1.31 -0.20 0.57 
0 0 0 0 0 0 
83.89 -0.15 204.14 0.20 -0.26 0.53 
83.89 -0.15 204.14 0.20 -0.26 0.53 
35.77 2.35 214.65 -0.45 0.05 -0.36 
-26.91 1.72 216.11 -0.64 0.56 -0.95 
-14.17 1.39 207.64 -0.86 0.17 -0.90 
0 0 0 0 0 0 
37.42 0.68 183.32 -0.21 -0.26 0.06 
0 0 0 0 0 0 
30.57 -3.55 162.12 1.46 -0.15 0.57 
0 0 0 0 0 0 
32.13 -3.27 151.60 1.37 0.15 0.52 
0 0 0 0 0 0 
0 0 0 0 0 0 
0 0 0 0 0 0 
0 0 0 0 0 0 
0 0 0 0 0 0 
67.27 3.40 187.43 -0.22 0.07 0.01 
0 0 0 0 0 0 
28.85 -2.33 142.52 0.52 0.00 0.69 
0 0 0 0 0 0 
60.12 -3.09 123.50 1.33 0.27 0.56 
-16.51 -1.51 147.39 1.17 -0.11 0.88 
92.66 -0.06 153.82 0.11 0.00 0.38 
52.33 1.22 150.52 -0.10 -0.03 -0.37 
-25.29 0.69 140.53 -0.76 0.23 -1.39 
-85.35 1.36 126.79 -0.77 -0.10 -0.54 
-59.02 -2.04 127.45 0.30 -0.22 0.50 
-85.00 -2.67 117.04 1.03 -0.05 0.78 
0 0 0 0 0 0 
-33.88 -2.99 118.75 1.28 -0.04 0.54 
40.90 -1.14 137.31 0.74 -0.21 0.77 
52.67 0.97 146.61 -0.10 0.06 0.48 
37.76 2.38 154.57 -0.67 0.30 -0.60 
-20.26 0.70 148.57 -0.66 0.37 -1.19 
-42.35 1.61 136.14 -0.70 0.07 -0.39 
-51.60 -0.33 126.80 -0.15 -0.43 0.55 
1.02 -2.82 119.81 0.99 -0.22 0.77 
-13.38 -3.67 110.79 1.46 -0.17 0.36 
5.59 -3.39 108.31 1.37 0.01 0.31 
-7.37 -3.10 111.08 1.23 -0.05 0.18 
-23.39 -2.20 117.62 1.34 0.10 0.46 
12.59 -1.41 130.07 0.89 -0.27 0.74 
56.72 0.34 144.23 0.05 0.01 0.49 
27.67 2.32 147.23 -0.32 0.23 -0.35 
-24.27 0.87 143.93 -0.63 0.30 -1.31 
-34.61 1.51 132.78 -0.72 0.18 -0.50 
-54.84 0.53 121.42 -0.22 -0.05 0.34 
-12.84 -1.42 111.30 0.29 -0.09 0.78 
18.01 -3.62 101.37 1.22 -0.03 0.41 
17.89 -3.92 96.58 1.38 0.03 0.10 
9.60 -3.39 100.54 1.20 -0.05 0.00 
32.76 -2.76 96.15 1.24 0.28 0.20 
25.19 -1.57 100.18 1.03 -0.04 0.76 
34.51 0.23 100.48 0.08 0.11 0.62 
64.40 2.23 108.92 -0.41 0.25 -0.40 
-18.63 0.78 106.68 -0.67 0.57 -1.33 
-53.83 1.51 96.29 -0.70 0.25 -0.49 
-26.38 1.14 88.36 -0.42 0.12 0.42 
-26.67 -0.80 79.27 0.10 -0.17 0.81 
-6.12 -2.26 72.22 0.76 -0.06 0.87 
18.82 -3.11 72.02 1.25 -0.10 0.64 
-5.43 -2.68 72.60 1.16 -0.04 0.55 
-2.07 -2.10 77.09 1.10 -0.28 0.60 
11.96 -1.12 95.50 0.81 -0.44 0.81 
78.35 0.28 110.14 0.06 -0.23 0.70 
41.24 2.91 116.77 -0.40 0.15 0.13 
36.10 1.88 119.95 -0.47 0.36 -0.48 
-8.36 0.78 114.29 -0.68 0.41 -1.28 
-52.54 1.50 102.02 -0.57 0.04 -0.40 
-36.18 0.28 91.21 -0.30 0.13 0.64 
-13.08 -2.60 80.45 0.72 0.27 0.67 
11.06 -3.66 70.20 1.42 -0.02 0.39 
-10.65 -3.16 68.76 1.33 0.08 0.40 
-45.48 -2.58 77.95 1.40 0.14 0.37 
29.28 -1.79 91.10 1.04 -0.27 0.60 
41.31 -0.51 103.44 0.24 -0.17 0.64 
38.21 2.52 114.93 -0.31 0.19 0.18 
48.60 1.93 125.69 -0.62 0.45 -0.58 
-33.45 0.93 117.27 -0.71 0.59 -0.95 
-46.94 1.46 100.87 -0.63 0.12 -0.31 
-1.14 -1.96 91.35 0.38 -0.14 0.69 
12.37 -3.58 85.04 1.23 -0.27 0.22 
10.43 -3.93 80.02 1.35 -0.11 -0.11 
-3.61 -3.64 80.50 1.28 -0.02 0.01 
2.28 -3.06 80.83 1.32 -0.21 -0.07 
-35.49 -2.50 93.89 1.25 -0.11 0.37 
33.41 -1.38 102.83 0.79 -0.17 0.70 
58.31 0.42 112.54 0.03 -0.03 0.56 
42.46 3.19 125.45 -0.52 0.10 -0.20 
-38.55 1.03 126.29 -0.72 0.69 -1.39 
-81.51 0.95 111.34 -0.51 0.38 -0.60 
0 0 0 0 0 0 
-43.20 -0.36 98.63 -0.11 -0.21 0.50 
27.67 -3.88 76.71 1.31 -0.04 0.17 
5.95 -3.00 76.75 1.19 0.10 0.34 
-52.07 -2.64 82.91 1.62 0.17 0.35 
0 0 0 0 0 0 
38.54 -2.15 93.18 1.23 -0.09 0.51 
-7.60 2.12 105.80 -0.58 0.33 -0.61 
-65.08 1.24 97.21 -0.73 0.24 -0.81 
-45.94 1.29 89.31 -0.54 -0.19 0.35 
-82.58 -2.77 83.27 0.57 0.17 0.56 
-93.47 -3.11 76.75 1.14 -0.11 0.51 
0 0 0 0 0 0 
-1.07 -3.69 69.03 1.48 -0.24 0.33 
67.70 -1.60 116.34 0.97 -0.45 0.50 
78.55 0.19 128.48 0.06 -0.11 0.40 
74.32 3.31 132.98 -0.49 0.00 0.18 
-53.55 1.57 137.82 -0.72 0.42 -1.27 
-59.93 1.08 120.52 -0.54 0.25 -0.59 
0 0 0 0 0 0 
-21.80 -0.34 103.26 -0.09 -0.20 0.39 
7.32 -3.77 77.03 1.41 -0.07 0.20 
-28.35 -2.93 79.89 1.15 -0.17 0.33 
2.18 -2.25 83.90 1.75 0.26 0.78 
-39.72 -1.58 92.32 0.98 -0.32 0.44 
43.10 0.34 105.42 0.02 -0.08 0.57 
35.17 2.54 110.16 -0.36 0.04 0.28 
75.74 1.65 120.21 -0.62 0.20 -1.02 
-86.79 1.28 113.02 -0.75 0.21 -0.77 
-36.06 2.14 106.30 -0.61 -0.04 0.16 
-30.44 -2.21 97.00 0.46 -0.09 0.67 
-27.35 -3.22 83.32 1.13 -0.26 0.61 
-19.26 -3.86 72.67 1.02 -0.14 0.02 
-9.08 -2.96 76.37 1.23 -0.13 0.26 
-28.81 -1.96 99.70 1.36 -0.11 0.65 
82.64 -0.88 113.45 0.49 -0.28 0.63 
68.44 1.61 121.95 -0.16 0.12 0.30 
0 0 0 0 0 0 
56.37 2.04 125.91 -0.57 0.45 -0.57 
0 0 0 0 0 0 
-51.39 -0.13 100.25 -0.04 0.07 0.21 
2.87 -3.96 74.15 1.47 -0.19 -0.08 
-15.68 -3.25 75.94 1.25 -0.01 0.22 
8.02 -3.15 85.30 1.30 -0.07 0.05 
32.29 -2.46 98.04 1.28 -0.03 0.43 
73.31 -1.04 106.23 0.78 -0.38 0.83 
74.31 0.61 119.50 0.00 -0.16 0.29 
73.24 2.18 122.46 -0.57 0.36 -0.48 
-51.58 1.01 110.82 -0.71 0.31 -0.96 
-28.73 1.83 98.62 -0.34 0.14 0.04 
7.41 -2.22 85.60 0.49 0.18 0.68 
-30.15 -3.48 77.17 1.17 -0.04 0.44 
-16.45 -4.11 64.72 1.58 -0.09 0.08 
-1.26 -3.30 65.81 1.24 0.03 0.11 
-17.28 -2.32 73.93 1.26 -0.11 0.48 
5.92 -1.60 89.69 0.98 -0.41 0.65 
46.93 -0.57 105.22 0.32 -0.16 0.62 
107.38 2.67 121.47 -0.27 0.07 0.17 
28.82 1.76 127.49 -0.64 0.54 -0.86 
-57.46 0.63 119.99 -0.65 0.47 -1.11 
-79.19 0.37 108.11 -0.17 0.23 0.00 
-15.94 -1.71 98.67 0.31 0.00 0.79 
-58.90 -3.44 93.14 1.08 -0.16 0.45 
-22.59 -4.03 85.86 1.49 -0.04 0.15 
-32.19 -3.08 89.39 1.39 0.00 0.37 
-1.77 -2.73 91.43 1.51 0.13 0.30 
-14.82 -2.38 97.21 1.14 -0.19 0.33 
11.48 -0.85 109.02 0.54 -0.09 0.81 
47.90 2.63 117.77 -0.25 0.11 0.17 
29.34 2.33 121.45 -0.70 0.44 -0.51 
-24.28 1.07 117.39 -0.83 0.43 -1.33 
0 0 0 0 0 0 
-81.40 1.56 103.14 -0.58 0.04 -0.42 
-44.11 -3.34 83.15 1.38 -0.11 0.60 
3.66 -2.90 83.43 1.35 -0.01 0.55 
-3.60 -2.14 89.30 1.45 -0.09 0.61 
46.67 -1.44 100.45 1.14 -0.51 0.81 
88.75 1.48 120.29 -0.15 -0.09 0.26 
77.78 2.40 128.48 -0.39 0.31 -0.18 
0 0 0 0 0 0 
0 0 0 0 0 0 
-9.21 0.86 128.64 -0.67 0.35 -1.76 
16.28 -4.06 71.66 1.43 0.00 -0.04 
-3.44 -3.32 74.96 1.22 -0.09 0.04 
-45.79 -2.41 93.39 1.50 -0.10 0.37 
76.45 -1.59 104.02 0.88 -0.17 0.59 
0 0 0 0 0 0 
140.51 0.24 109.12 0.11 0.10 0.73 
-12.26 1.26 114.26 -0.96 0.19 -1.59 
-29.17 1.96 96.27 -0.68 0.20 -0.28 
-3.99 -2.04 82.70 0.27 -0.12 0.45 
-12.73 -3.36 74.06 1.21 -0.23 0.57 
0 0 0 0 0 0 
-0.74 -3.85 60.45 1.59 -0.15 0.06 
14.63 -2.79 77.54 1.58 -0.09 0.26 
20.75 -1.94 83.05 1.05 -0.15 0.59 
22.80 0.09 94.72 0.20 -0.11 0.59 
34.34 1.78 108.71 -0.20 0.17 -0.22 
52.13 0.86 111.69 -0.76 0.37 -1.98 
-67.05 1.28 99.20 -0.54 0.06 -0.50 
-45.32 -0.70 86.03 -0.01 -0.03 0.25 
17.69 -2.48 74.92 0.76 -0.07 0.86 
-20.12 -3.87 62.21 1.43 -0.07 0.26 
-8.66 -3.33 59.39 1.34 0.02 0.37 
-56.68 -2.42 68.15 1.53 0.18 0.56 
-10.44 -1.83 85.06 1.14 -0.27 0.64 
52.01 -0.76 98.45 0.41 -0.23 0.66 
56.64 2.44 104.94 -0.27 0.04 0.24 
2.90 2.47 101.62 -0.70 -0.03 -0.63 
-0.09 0.89 97.32 -0.83 -0.02 -1.34 
-14.99 1.68 92.82 -0.70 -0.01 -0.32 
0 0 0 0 0 0 
-75.53 -1.45 83.09 0.10 0.15 0.35 
-4.98 -3.53 51.80 1.36 -0.06 0.29 
-3.07 -2.83 61.86 1.41 -0.01 0.32 
-4.05 -2.19 79.46 1.35 -0.31 0.38 
1.24 -1.26 95.72 0.57 -0.06 0.67 
22.06 3.40 103.21 -0.50 -0.12 0.10 
12.27 2.06 108.38 -0.58 0.15 -0.71 
-21.48 0.87 105.99 -0.72 0.17 -1.06 
-58.82 1.67 89.42 -0.56 0.14 -0.25 
-18.62 -0.85 68.87 0.00 -0.43 0.56 
-26.27 -3.78 46.73 1.43 -0.36 0.19 
-22.69 -3.76 34.74 1.66 -0.34 0.00 
12.19 -2.93 39.16 1.40 -0.22 0.27 
-56.42 -2.73 63.75 1.67 -0.32 0.18 
58.44 -1.70 86.03 0.85 -0.37 0.58 
62.95 0.48 106.07 0.01 -0.08 0.19 
46.27 2.33 120.18 -0.57 0.18 -0.58 
-27.03 0.68 111.31 -0.66 0.61 -1.26 
-28.80 -1.17 84.61 0.04 -0.04 -0.27 
-63.00 -2.87 63.10 0.78 -0.39 0.50 
3.18 -3.78 47.72 1.68 -0.46 0.18 
0 0 0 0 0 0 
-13.35 -2.63 49.62 1.37 -0.22 0.67 
93.02 -0.44 96.80 0.26 -0.01 0.53 
0 0 0 0 0 0 
49.69 3.63 93.87 -0.40 -0.07 0.04 
6.67 -2.65 62.14 0.57 -0.39 0.40 
-29.82 -3.56 52.88 1.30 -0.04 0.52 
3.41 -3.92 42.15 1.52 -0.12 0.01 
4.35 -3.21 45.55 1.44 0.04 0.28 
-4.15 -2.98 51.83 1.43 -0.06 0.16 
5.87 -2.19 66.59 1.32 -0.20 0.44 
108.70 -0.12 85.47 0.15 -0.40 0.58 
44.20 2.25 91.16 -0.27 0.03 -0.30 
0 0 0 0 0 0 
-50.69 1.00 81.81 -0.83 0.43 -1.44 
32.64 -3.46 18.62 1.33 -0.11 0.59 
-37.39 -3.82 3.84 1.44 -0.18 0.17 
38.93 -3.24 3.56 1.38 -0.02 0.39 
-4.55 -2.58 15.81 1.63 -0.02 0.30 
39.01 -1.88 36.09 1.14 -0.27 0.53 
86.53 2.10 59.00 -0.17 0.21 0.08 
92.59 2.22 64.54 -0.85 0.49 -0.56 
-45.92 0.47 54.30 -0.51 0.62 -0.60 
-89.99 -0.87 35.66 0.00 -0.18 -0.17 
-10.74 -3.66 24.85 1.81 -0.25 0.59 
0 0 0 0 0 0 
6.05 -3.22 111.27 1.12 -0.18 -0.16 
6.05 -3.22 111.27 1.12 -0.18 -0.16 
0 0 0 0 0 0 
0 0 0 0 0 0 
0 0 0 0 0 0 
0 0 0 0 0 0 
-38.91 -1.81 136.22 0.79 -0.58 0.38 
-35.16 1.51 203.44 -0.64 0.66 -0.86 
-12.97 1.39 181.29 -0.54 0.01 -0.38 
0.01 -3.02 144.80 0.90 -0.42 0.48 
74.09 -3.75 129.23 1.56 0.15 0.44 
-28.97 -2.91 131.64 1.25 0.09 0.42 
-23.99 -2.57 140.44 1.35 -0.02 0.41 
18.38 -1.36 169.05 0.92 -0.30 0.76 
51.40 0.39 193.21 0.03 -0.37 0.58 
30.73 2.37 209.29 -0.51 0.27 -0.35 
-59.69 1.11 187.82 -0.76 0.38 -0.93 
-20.24 1.88 157.36 -0.39 -0.08 -0.19 
18.95 -3.53 125.10 1.17 -0.28 0.40 
13.64 -3.64 103.25 1.33 -0.22 0.06 
33.72 -3.31 105.01 1.16 -0.13 0.00 
-18.12 -2.51 115.63 1.45 -0.09 0.37 
10.29 -1.77 132.50 1.27 -0.25 0.71 
29.38 0.01 156.56 0.14 -0.33 0.43 
54.36 3.02 179.07 -0.42 0.20 -0.06 
1.08 0.67 178.64 -0.57 0.62 -1.66 
-74.94 1.35 149.49 -0.48 0.22 -0.25 
-30.84 -2.24 128.52 0.40 -0.30 0.48 
-3.87 -3.18 122.33 1.03 -0.09 0.51 
0 0 0 0 0 0 
24.35 -3.89 112.29 1.63 0.18 0.23 
-11.37 -1.46 132.09 1.07 -0.29 0.83 
116.18 -0.71 138.57 0.57 -0.21 0.67 
113.72 1.75 148.84 -0.22 -0.01 0.37 
45.67 1.42 151.54 -0.46 0.08 -0.81 
0 0 0 0 0 0 
-47.26 0.71 142.91 -0.57 0.50 -0.91 
-26.12 -3.51 120.47 1.10 -0.11 0.49 
14.71 -3.51 114.50 1.67 -0.28 0.43 
6.99 -3.16 116.56 1.10 -0.16 0.17 
8.75 -2.30 121.98 1.36 0.01 0.65 
14.74 -1.23 136.11 0.93 -0.29 0.86 
78.56 0.23 157.52 0.10 -0.33 0.56 
39.38 2.82 177.36 -0.46 0.18 -0.22 
-38.70 0.71 176.17 -0.44 0.61 -1.55 
-26.31 0.82 144.64 -0.44 0.37 -0.33 
-45.81 -2.59 129.17 0.51 -0.11 0.52 
-39.26 -4.14 106.61 1.53 -0.09 0.17 
-15.79 -3.40 108.73 1.54 0.33 0.06 
2.79 -3.14 112.27 1.19 0.09 -0.18 
-59.29 -2.53 128.06 1.36 -0.16 0.26 
7.93 -1.09 149.43 0.80 -0.56 0.68 
11.07 0.74 171.55 -0.02 -0.04 0.44 
33.70 1.84 187.36 -0.40 0.37 -0.54 
-18.90 0.43 186.30 -0.48 0.43 -1.56 
-29.32 1.13 166.36 -0.53 0.14 -0.49 
-61.64 -1.27 144.87 0.10 -0.34 0.38 
-6.56 -2.82 120.13 1.00 -0.22 0.82 
49.08 -3.53 102.86 1.39 -0.14 0.27 
-5.94 -3.15 102.77 1.24 -0.11 0.25 
-41.09 -2.73 116.51 1.26 0.04 0.31 
19.48 -1.35 133.91 1.20 -0.43 0.72 
31.63 -0.34 149.00 0.27 -0.18 0.66 
6.00 4.03 166.66 -0.29 0.01 0.01 
-8.58 1.11 173.70 -0.47 0.67 -1.34 
-29.35 0.50 154.30 -0.64 0.43 -0.87 
-30.50 -1.19 136.54 0.05 0.04 0.37 
-2.49 -3.29 126.89 1.02 -0.11 0.41 
2.07 -4.18 121.21 1.47 -0.14 -0.22 
-24.49 -3.54 121.77 1.35 -0.05 -0.16 
-14.21 -2.94 121.65 1.21 0.07 -0.27 
13.34 -2.56 136.43 1.43 -0.16 0.14 
25.22 -1.77 159.26 1.02 -0.50 0.32 
70.92 -0.18 175.80 0.20 -0.04 0.57 
108.32 2.43 186.92 -0.32 0.16 0.25 
33.18 1.62 184.30 -0.57 0.42 -1.03 
-40.87 0.94 174.68 -0.71 0.38 -0.86 
5.70 1.83 155.57 -0.28 -0.09 -0.07 
-20.75 -3.57 139.73 1.22 -0.31 0.36 
-53.50 -4.07 134.75 1.70 -0.20 -0.18 
-38.29 -3.77 133.91 1.44 0.02 -0.14 
34.27 -2.98 134.80 1.36 -0.13 -0.13 
-16.90 -2.52 152.34 1.80 -0.38 0.02 
96.15 -1.44 169.10 0.93 -0.41 0.63 
87.22 0.43 183.80 0.07 -0.12 0.37 
72.02 2.59 196.79 -0.59 0.14 -0.40 
-11.77 1.54 192.75 -0.94 0.36 -1.07 
-39.64 1.08 184.11 -0.67 0.26 -0.69 
-35.58 -3.03 168.53 0.25 0.16 0.07 
-24.78 -4.26 158.17 1.49 -0.04 0.10 
0.48 -3.78 152.87 1.64 -0.19 -0.03 
-0.39 -3.36 155.39 1.15 0.03 0.06 
-1.17 -2.68 161.74 1.67 -0.06 0.22 
47.72 -1.95 176.08 1.39 -0.36 0.57 
80.93 -0.93 189.96 0.42 -0.28 0.45 
67.06 2.74 199.23 -0.33 0.12 -0.20 
28.48 1.40 193.54 -0.67 0.38 -1.17 
-57.16 1.09 189.23 -0.72 0.11 -0.79 
-76.83 0.15 179.47 -0.10 0.18 -0.12 
-45.95 -2.92 181.98 1.00 -0.15 0.57 
-32.38 -3.62 172.80 1.54 -0.31 0.32 
-15.58 -3.19 171.11 1.48 -0.09 0.51 
18.18 -2.21 173.98 1.67 -0.04 0.78 
20.06 -1.96 185.42 1.16 -0.38 0.42 
57.27 0.41 198.43 0.03 -0.06 0.38 
42.46 2.71 203.76 -0.54 0.30 -0.27 
-35.35 1.39 203.39 -0.77 0.39 -1.45 
-140.78 1.11 196.14 -0.66 0.29 -0.60 
-69.38 -1.61 169.23 0.04 0.06 0.08 
-49.57 -3.23 148.11 1.29 -0.45 0.60 
-9.95 -3.80 128.71 1.71 -0.27 0.25 
-37.43 -3.05 129.78 1.28 -0.16 0.38 
-51.69 -2.54 138.25 1.40 -0.01 0.52 
-10.17 -1.70 142.76 1.06 -0.12 0.66 
11.38 0.15 159.45 0.09 -0.14 0.47 
38.53 3.59 169.91 -0.58 0.07 -0.09 
-0.97 1.29 172.13 -0.69 0.42 -1.34 
-64.45 0.74 163.21 -0.65 0.30 -0.84 
-61.31 0.62 152.75 -0.20 -0.09 0.25 
22.31 -2.86 146.91 0.88 0.07 0.72 
-11.30 -3.96 142.43 1.43 -0.12 0.23 
-25.50 -3.08 144.57 1.37 -0.09 0.44 
-23.98 -2.52 147.23 1.38 0.00 0.50 
-6.86 -1.84 157.70 1.12 -0.21 0.59 
79.03 -1.31 171.18 0.56 -0.06 0.62 
76.95 3.01 183.22 -0.38 0.20 -0.04 
39.51 1.64 184.42 -0.59 0.44 -0.79 
-31.84 0.40 174.89 -0.48 0.50 -1.12 
12.27 2.64 150.73 -0.39 0.02 -0.05 
-2.99 -2.64 138.36 0.61 -0.04 0.60 
-19.91 -3.83 123.64 1.50 -0.14 0.38 
7.54 -2.86 125.56 1.13 -0.16 0.33 
-54.84 -2.11 134.08 1.34 -0.14 0.57 
19.67 -1.00 147.92 0.56 -0.19 0.74 
62.34 0.74 160.97 -0.06 -0.07 0.61 
41.35 2.86 171.82 -0.36 0.18 -0.13 
-31.01 1.20 170.55 -0.90 0.48 -1.65 
-43.37 0.87 154.90 -0.59 0.32 -0.63 
13.82 0.06 138.20 -0.09 -0.08 0.21 
0 0 0 0 0 0 
-70.97 -3.26 123.29 1.01 -0.29 0.48 
16.26 -3.00 131.20 1.07 -0.23 0.05 
-37.68 -2.14 141.68 1.57 -0.11 0.60 
65.02 -0.84 149.85 0.46 -0.09 0.66 
-42.84 3.54 161.48 -0.30 0.06 0.05 
-36.75 1.78 163.10 -0.60 0.37 -1.01 
-55.96 1.48 157.41 -0.92 0.42 -0.86 
-45.48 0.94 143.72 -0.29 0.16 -0.32 
-18.83 -3.43 130.65 1.27 -0.08 0.59 
59.74 -3.57 129.18 1.45 -0.08 0.35 
-6.66 -2.74 128.95 1.28 -0.12 0.48 
-46.69 -2.23 133.90 1.72 -0.04 0.59 
-10.45 -1.58 151.77 0.78 -0.26 0.49 
3.44 3.35 168.72 -0.35 0.08 -0.03 
19.25 2.04 172.54 -0.88 0.29 -0.88 
-63.97 0.86 165.86 -0.76 0.40 -1.05 
-44.47 -3.87 147.47 0.52 0.13 0.02 
-29.76 -3.29 133.77 1.22 -0.45 0.46 
-53.18 -3.31 125.94 1.52 -0.08 0.50 
0 0 0 0 0 0 
-7.92 -2.62 128.39 1.36 -0.04 0.59 
31.57 2.27 177.95 -0.29 0.37 0.14 
-39.36 1.58 183.37 -0.60 0.37 -1.25 
-64.26 0.70 169.54 -0.70 0.44 -1.05 
-27.90 0.88 148.99 -0.26 -0.28 0.03 
30.94 -3.67 135.25 1.14 -0.16 0.35 
23.50 -3.89 125.20 1.61 0.00 0.31 
-21.26 -3.34 124.96 1.31 0.02 0.20 
-69.22 -2.55 131.30 1.45 0.06 0.45 
3.15 -1.59 161.57 1.03 -0.41 0.59 
40.06 0.48 185.47 0.02 -0.08 0.48 
34.18 2.40 200.21 -0.48 0.30 -0.28 
-20.41 0.66 196.22 -0.65 0.78 -1.12 
-62.07 -0.09 174.52 -0.10 0.30 -0.07 
-24.37 -3.41 158.57 1.15 -0.34 0.43 
-25.22 -4.47 150.62 1.75 0.06 0.13 
-7.63 -3.23 152.41 1.35 0.06 0.33 
-41.32 -2.71 154.41 1.41 0.15 0.26 
-59.70 -2.13 176.79 1.34 -0.34 0.40 
19.43 -0.22 212.86 0.18 -0.20 0.50 
61.54 2.01 224.63 -0.41 0.35 -0.38 
-9.36 1.36 222.09 -1.07 0.71 -1.34 
-104.16 0.22 203.40 -0.43 0.26 -0.70 
-33.04 -2.70 187.89 0.33 -0.13 0.28 
39.11 -3.64 178.65 1.45 -0.21 0.44 
-13.33 -3.35 175.00 1.55 -0.05 0.49 
-55.54 -2.56 175.58 1.57 0.09 0.42 
-38.59 -2.20 184.96 1.58 0.00 0.57 
54.83 -1.11 203.07 0.57 -0.15 0.59 
54.17 2.02 208.90 -0.14 0.15 -0.13 
13.42 1.57 209.84 -0.71 0.30 -1.19 
-73.09 0.64 201.61 -0.57 0.47 -0.97 
-34.01 -0.92 179.06 0.00 -0.02 -0.10 
-41.41 -3.65 164.52 1.40 -0.07 0.49 
-15.19 -3.74 154.11 1.74 -0.06 0.43 
0 0 0 0 0 0 
-17.74 -2.59 154.82 1.14 0.00 0.64 
57.18 -1.09 206.27 0.75 -0.23 0.79 
65.67 3.39 217.41 -0.28 0.10 -0.01 
64.03 1.39 227.14 -0.48 0.32 -0.82 
-41.27 0.99 221.20 -0.81 0.54 -0.92 
-33.83 -0.02 201.91 -0.07 0.00 -0.20 
-22.46 -3.39 192.13 1.29 -0.29 0.56 
-12.08 -3.48 188.66 1.43 0.05 0.46 
-6.58 -2.89 189.79 1.16 -0.05 0.34 
-39.04 -1.95 200.37 1.38 -0.25 0.69 
29.79 -1.18 222.65 0.77 -0.41 0.66 
72.83 1.98 238.69 -0.13 0.01 0.18 
9.26 1.52 242.73 -0.61 0.42 -0.96 
-76.48 1.09 235.67 -0.81 0.52 -0.95 
-41.83 -0.31 216.58 -0.04 0.10 -0.13 
-13.92 -2.62 203.35 0.80 -0.37 0.72 
-90.91 -3.23 199.96 1.33 -0.25 0.59 
-12.23 -2.46 200.00 1.10 -0.23 0.65 
-31.43 -1.90 207.04 1.47 -0.14 0.88 
25.91 -1.62 226.90 1.09 -0.40 0.63 
67.37 0.67 243.34 -0.01 0.12 0.32 
55.63 1.76 258.15 -0.47 0.20 -0.82 
-125.46 0.46 243.19 -0.68 0.92 -0.97 
0 0 0 0 0 0 
-0.35 1.96 216.18 -0.21 0.06 -0.04 
-5.61 -2.24 196.39 1.15 -0.15 0.78 
14.73 -2.05 202.68 1.36 -0.01 0.81 
-3.00 -1.52 221.00 0.92 -0.17 0.67 
75.09 0.38 236.80 0.03 -0.08 0.39 
64.12 1.92 247.83 -0.42 -0.01 -0.59 
-28.10 1.20 240.86 -1.04 0.48 -1.35 
-12.87 0.84 223.30 -0.53 0.04 -0.50 
-33.48 -3.15 203.46 0.61 -0.08 0.37 
-18.81 -3.32 187.60 1.31 -0.34 0.59 
-27.01 -3.03 183.16 1.37 -0.03 0.72 
15.34 -2.36 185.39 1.16 -0.13 0.59 
-18.44 -1.95 200.88 1.47 -0.39 0.61 
53.35 -0.88 224.37 0.50 -0.17 0.64 
62.12 2.62 235.10 -0.28 0.18 -0.16 
-39.84 1.27 227.41 -0.98 0.14 -1.50 
0 0 0 0 0 0 
-85.02 0.94 218.93 -0.71 0.12 -0.78 
-14.30 -3.74 173.52 1.60 -0.11 0.34 
0 0 0 0 0 0 
5.83 -2.77 176.64 1.25 0.03 0.38 
68.96 1.01 237.83 -0.01 0.00 0.04 
29.63 1.64 239.60 -0.58 0.09 -1.30 
-75.58 1.06 232.49 -0.78 0.44 -0.92 
-28.74 0.50 211.59 -0.23 0.10 -0.33 
51.07 -3.92 183.96 2.00 -0.13 0.44 
-43.13 -2.83 186.23 1.38 -0.08 0.58 
-40.97 -2.50 192.34 1.44 -0.03 0.50 
-39.59 -1.86 214.45 1.21 -0.47 0.59 
64.41 -0.48 236.78 0.29 -0.20 0.53 
117.16 1.80 245.47 -0.71 0.24 -0.90 
-103.23 1.34 234.80 -0.88 0.35 -0.75 
0 0 0 0 0 0 
-67.71 -2.25 224.06 0.29 -0.07 0.41 
4.41 -2.23 223.31 1.12 -0.27 0.57 
12.89 -1.98 243.01 1.37 -0.47 0.70 
87.58 -1.07 262.98 0.61 -0.30 0.80 
84.51 2.32 275.50 -0.17 0.05 -0.17 
47.05 1.62 273.52 -1.11 0.36 -1.36 
