67.50 -3.08 -24.99 1.12 -0.22 -0.17 
0 0 0 0 0 0 
0 0 0 0 0 0 
0 0 0 0 0 0 
0 0 0 0 0 0 
0 0 0 0 0 0 
0 0 0 0 0 0 
0 0 0 0 0 0 
0 0 0 0 0 0 
0 0 0 0 0 0 
-72.78 0.85 -180.22 -0.70 -0.26 1.22 
0 0 0 0 0 0 
51.37 1.41 -176.31 -0.84 0.14 1.18 
0 0 0 0 0 0 
68.09 0.88 -228.98 -0.28 -0.46 0.05 
0 0 0 0 0 0 
-35.23 -0.15 -142.14 0.16 -0.24 1.90 
0 0 0 0 0 0 
0 0 0 0 0 0 
153.22 -2.92 -170.11 0.32 -0.03 0.05 
11.18 1.15 -129.97 -0.93 -0.10 1.52 
0 0 0 0 0 0 
143.19 0.88 -138.38 -0.20 0.35 0.69 
-9.10 -0.19 -87.45 0.05 -0.30 1.98 
136.28 0.82 -72.96 -0.10 0.34 1.48 
214.00 0.48 -110.83 -0.01 0.12 0.28 
14.48 0.31 -115.95 -0.28 -1.22 -0.89 
-48.54 1.12 -104.45 -0.60 -0.87 -0.04 
-114.68 2.03 -87.07 -0.51 -0.30 0.02 
-113.72 1.42 -90.14 -1.22 -0.48 0.69 
33.34 1.35 -79.44 -0.86 0.02 1.24 
158.85 1.53 -90.60 -0.36 0.17 0.54 
111.87 1.95 -114.98 -0.46 -0.21 -0.17 
10.52 0.06 -114.67 -0.30 -0.77 0.77 
-36.03 -0.45 -76.85 0.00 -0.63 1.43 
8.36 -0.09 -38.86 0.20 0.06 1.67 
183.17 0.28 -37.95 0.03 0.21 1.17 
0 0 0 0 0 0 
0 0 0 0 0 0 
175.27 -2.59 -81.46 0.20 -0.03 0.10 
40.64 1.32 -45.19 -1.03 0.21 1.49 
125.76 1.45 -63.36 -0.29 0.25 0.34 
102.54 0.97 -93.08 -0.15 -0.17 0.11 
-2.58 -0.87 -98.44 0.07 -0.73 0.84 
19.82 -1.01 -51.75 0.51 -1.28 1.64 
24.98 -0.77 -10.68 0.84 0.00 1.62 
143.00 0.17 -11.85 0.17 0.34 1.17 
127.26 -2.57 -74.04 0.49 -0.04 0.30 
34.67 1.25 -49.62 -0.56 -0.77 -0.12 
-105.52 2.64 -20.72 -0.72 -0.23 -0.07 
-139.17 1.83 -14.57 -0.61 0.32 0.24 
-91.97 1.46 -23.89 -0.96 0.16 1.03 
69.60 1.71 -23.42 -0.88 0.08 0.95 
118.46 2.03 -44.32 -0.41 0.25 0.21 
99.50 0.17 -71.11 -0.10 -0.30 0.17 
107.93 -2.06 -42.41 0.88 -0.56 1.22 
77.23 -1.76 8.14 1.44 -0.08 1.45 
99.40 -0.65 33.18 0.69 0.34 1.09 
0 0 0 0 0 0 
251.98 2.13 18.35 -0.95 0.57 0.70 
-121.26 1.61 64.31 -0.47 -0.54 0.22 
-163.73 2.46 82.98 -0.55 0.08 0.19 
-77.33 1.15 83.48 -0.58 0.34 0.62 
74.94 0.95 84.95 -0.90 0.32 1.69 
157.72 1.23 70.34 -0.24 0.10 0.44 
158.27 2.08 49.89 -0.24 0.07 -0.09 
77.86 -1.65 76.70 0.62 -0.47 1.36 
-49.88 -0.55 139.57 0.84 0.35 2.04 
100.95 0.22 159.74 0.16 0.51 1.04 
126.06 0.40 150.05 -0.08 -0.58 -0.01 
0 0 0 0 0 0 
0 0 0 0 0 0 
213.83 1.98 131.25 -1.22 0.96 0.33 
105.70 1.39 209.15 -0.51 0.19 0.71 
161.30 -0.91 183.70 0.03 -0.06 0.22 
-81.82 -0.67 218.33 0.10 -0.78 1.68 
-18.97 -0.17 273.60 0.42 0.08 1.85 
0 0 0 0 0 0 
65.70 -1.13 269.84 0.10 -0.04 0.11 
-100.32 -0.16 174.24 0.24 -1.56 0.03 
-103.35 2.97 204.53 -0.74 0.01 -0.06 
-209.41 1.51 201.06 -1.08 0.44 0.88 
33.72 1.39 212.68 -0.98 0.48 1.43 
213.48 1.61 205.90 -0.22 0.29 0.09 
110.45 -0.86 183.94 0.04 -0.39 0.43 
-92.98 -0.28 192.71 -0.34 -1.44 1.16 
-0.31 0.80 247.32 -0.19 0.19 1.99 
222.18 2.54 270.03 -1.16 0.55 -0.05 
0 0 0 0 0 0 
191.70 0.77 240.11 -0.36 0.51 0.17 
-45.51 1.52 290.67 -0.90 0.00 0.69 
107.76 1.99 292.01 -0.79 0.16 0.76 
91.83 1.71 280.54 -0.10 -0.05 0.08 
-2.44 0.58 264.42 -0.43 -0.67 0.28 
-137.83 0.14 278.94 -0.45 -0.76 1.71 
-46.45 0.66 324.68 -0.28 -0.05 1.62 
117.18 1.05 -323.97 -0.15 0.09 0.44 
152.04 2.24 -324.50 -1.34 0.70 0.45 
122.07 -2.33 281.10 0.19 -0.14 0.16 
-95.17 1.01 -323.74 -0.31 -0.57 -0.06 
-205.77 2.14 -310.94 -0.88 0.10 0.44 
-11.22 1.39 -302.50 -1.16 0.29 1.22 
79.57 1.82 -302.95 -0.71 0.36 0.64 
72.96 1.75 326.90 -0.16 0.05 0.12 
23.25 -0.61 311.73 -0.07 -0.86 0.52 
-103.74 0.15 -287.43 -0.28 -0.70 2.02 
83.72 -0.11 -257.67 0.26 0.15 1.14 
138.13 2.04 -255.48 -0.44 -0.07 0.33 
244.64 2.37 -253.83 -1.43 0.70 0.32 
-106.18 -1.53 -303.58 1.12 -1.44 0.55 
-158.97 2.34 -267.77 -0.28 0.00 -0.11 
-92.51 1.54 -266.34 -1.24 0.39 1.18 
45.63 1.63 -262.28 -0.80 0.46 0.95 
169.31 -1.90 -284.44 0.05 0.03 -0.05 
0 0 0 0 0 0 
-85.87 -0.26 -290.00 -0.30 -1.26 1.19 
123.03 1.88 -230.91 -0.28 -0.27 -0.14 
246.57 2.44 -241.54 -1.08 0.54 0.32 
-33.16 0.34 -279.66 -0.09 -1.30 0.16 
-173.96 2.54 -253.45 -0.45 -0.17 0.01 
-118.55 1.98 -243.70 -0.68 0.34 0.33 
-14.04 1.48 -244.00 -1.13 -0.02 1.32 
138.02 1.79 -240.17 -0.58 0.18 0.60 
87.89 3.07 -271.50 -0.11 0.00 0.00 
-63.07 -0.05 -275.26 -0.38 -1.24 1.00 
-81.00 0.04 -228.35 -0.11 -0.53 1.92 
92.15 0.19 -213.93 0.13 0.40 1.06 
250.15 2.88 -187.47 -0.78 -0.14 0.15 
226.60 0.76 -227.53 -0.54 0.93 -0.02 
-240.53 2.98 -190.16 -0.55 0.03 -0.12 
-169.57 2.03 -188.62 -0.78 0.33 0.35 
-147.94 1.61 -196.82 -1.24 -0.27 1.08 
72.89 1.19 -188.39 -0.59 0.22 1.09 
191.22 -0.01 -206.77 -0.01 0.18 -0.09 
-12.44 -0.95 -222.97 0.07 -1.30 0.82 
-169.47 0.60 -195.19 -0.63 -0.50 2.00 
33.55 0.00 -174.30 0.31 0.18 1.30 
0 0 0 0 0 0 
251.98 2.40 -170.17 -1.05 0.58 0.35 
-158.29 2.15 -115.66 -0.96 0.28 0.24 
-28.66 1.27 -111.25 -1.35 -0.73 1.63 
0 0 0 0 0 0 
0 0 0 0 0 0 
121.26 -2.03 -152.55 0.26 -0.14 0.23 
251.98 2.29 -60.13 -0.94 0.63 0.02 
-197.33 0.72 -76.53 -0.51 -1.73 -0.67 
-163.12 2.89 -47.80 -0.65 0.08 -0.08 
-101.03 2.13 -39.16 -1.10 0.25 0.49 
13.56 1.31 -39.36 -0.87 0.41 1.20 
47.99 2.38 -57.05 -0.48 0.00 0.31 
101.82 2.75 -78.88 -0.38 -0.08 0.04 
47.75 0.28 -90.85 -0.39 -0.83 0.43 
-93.58 -0.19 -59.05 -0.19 -0.74 1.29 
-23.92 0.08 -12.10 -0.01 -0.15 1.74 
76.80 -0.03 -15.66 0.13 0.22 0.52 
76.71 2.47 -11.25 -1.05 -0.28 0.39 
154.03 2.97 -20.28 -1.03 0.23 0.25 
15.70 -1.93 -69.78 0.75 -0.86 0.10 
-45.27 1.50 -34.96 -0.63 -0.68 -0.07 
-141.34 2.64 -21.58 -0.90 -0.02 0.24 
-136.38 2.09 -31.64 -1.22 -0.05 0.70 
13.82 1.92 -30.05 -0.78 -0.29 0.53 
122.78 1.75 -26.70 -0.82 0.23 0.83 
139.70 2.39 -43.93 -0.23 0.00 -0.10 
11.28 -0.03 -51.48 -0.31 -0.87 0.72 
-110.75 -0.16 -9.74 -0.18 -1.11 1.75 
-17.00 0.32 31.04 -0.10 -0.25 1.51 
84.71 1.28 32.85 -0.21 0.07 0.55 
95.93 2.60 33.21 -0.76 -0.24 -0.16 
151.89 2.56 38.05 -1.53 0.84 0.14 
27.55 -2.50 -11.94 0.86 -0.47 0.63 
-66.57 1.04 20.93 -0.39 -0.68 -0.13 
-150.85 2.80 31.88 -0.82 0.14 0.14 
-78.89 1.98 26.95 -1.19 0.32 0.75 
10.81 2.48 31.26 -0.94 -0.08 0.48 
93.82 2.47 24.25 -0.75 0.15 0.35 
103.93 2.16 5.60 -0.31 -0.13 0.11 
50.43 0.23 -8.88 -0.34 -0.77 0.53 
-81.36 0.02 4.46 -0.28 -0.71 1.02 
-51.85 0.15 44.47 -0.18 -0.36 1.54 
22.72 0.84 65.87 -0.25 -0.01 1.04 
163.75 2.63 71.60 -0.91 -0.20 0.42 
205.06 3.01 54.49 -0.72 0.18 -0.06 
-17.32 0.88 108.14 -0.26 -0.54 -0.22 
-165.32 2.92 120.95 -0.79 -0.11 0.07 
-110.88 2.35 122.50 -1.00 0.17 0.43 
-6.66 1.95 122.21 -1.05 -0.08 0.78 
115.53 2.14 123.17 -0.76 0.09 0.58 
112.12 3.22 97.56 -0.44 0.00 0.03 
73.91 -0.12 82.05 -0.21 -0.65 0.61 
-23.87 -0.58 108.42 0.06 -0.66 1.35 
-55.93 -0.06 152.95 0.06 -0.24 1.71 
54.51 0.78 179.61 -0.20 -0.08 1.16 
251.98 2.70 191.12 -0.99 0.43 0.37 
-44.14 0.07 150.67 0.00 -1.28 -0.02 
-83.61 2.44 183.08 -0.79 -0.33 -0.07 
-144.07 2.81 189.75 -0.88 0.14 0.11 
-37.04 2.10 183.56 -1.30 0.10 0.75 
25.61 2.15 184.66 -0.99 0.02 0.67 
125.17 1.93 175.76 -0.63 0.39 0.39 
131.65 1.06 153.13 -0.17 -0.20 -0.12 
-43.76 -0.11 153.35 -0.24 -0.85 0.84 
-118.59 -0.55 188.54 0.01 -0.67 1.68 
-16.13 0.14 231.94 -0.03 -0.30 1.32 
126.19 1.40 242.75 -0.29 0.27 0.56 
206.25 2.94 252.38 -1.61 0.31 0.44 
132.06 1.34 207.67 -0.17 -0.15 -0.16 
-28.81 0.57 230.93 -0.41 -1.23 -0.46 
-165.67 2.93 238.31 -0.86 0.06 -0.07 
-86.96 2.68 231.79 -1.68 0.09 0.43 
32.96 2.59 236.04 -0.99 0.17 0.43 
142.87 3.08 225.58 -0.51 -0.09 0.00 
75.11 2.03 214.77 -0.43 -0.23 0.02 
-4.18 0.76 212.40 -0.62 -0.63 0.77 
-108.24 0.68 235.17 -0.71 -0.73 1.29 
-75.76 0.94 266.12 -0.43 -0.13 1.22 
48.14 2.06 269.19 -0.22 -0.15 0.18 
77.25 2.75 273.12 -1.37 0.20 0.48 
199.79 2.38 258.58 -0.70 0.32 -0.22 
-56.58 0.04 254.18 -0.02 -1.33 -0.61 
-124.79 2.95 270.99 -0.59 0.06 -0.04 
-83.95 2.79 270.22 -1.05 0.25 0.05 
-8.74 2.63 271.46 -1.07 -0.20 0.36 
73.22 2.71 275.66 -0.96 0.00 0.39 
106.38 3.29 261.68 -0.47 -0.03 0.00 
73.13 1.25 244.53 -0.36 -0.36 0.17 
-0.33 0.20 250.49 -0.45 -0.85 1.12 
-95.02 0.50 274.88 -0.42 -0.62 1.28 
-41.84 1.15 303.33 -0.47 0.01 1.13 
18.74 2.30 298.68 -0.29 -0.24 0.04 
60.01 2.62 302.71 -1.42 0.08 0.56 
190.29 3.39 306.03 -1.20 -0.07 -0.12 
-49.40 0.72 -314.13 -0.33 -0.68 -0.38 
-161.39 2.82 -305.70 -0.98 -0.10 0.10 
-128.61 2.48 -304.01 -1.30 -0.21 0.37 
-8.22 2.05 -301.78 -0.88 -0.14 0.61 
153.81 2.32 -303.12 -0.72 0.01 0.47 
148.38 2.93 -317.91 -0.49 -0.11 -0.01 
46.92 1.09 314.57 -0.40 -0.46 0.23 
4.05 -0.20 319.35 -0.21 -0.90 1.00 
-32.26 -0.45 -296.70 0.06 -0.51 1.44 
69.61 0.26 -252.47 -0.02 -0.18 1.04 
92.23 1.30 -256.03 -0.33 0.23 0.71 
51.70 2.92 -256.81 -0.63 -0.14 0.08 
116.94 2.92 -249.96 -1.61 0.46 0.36 
11.87 -3.26 -299.72 0.66 -0.18 0.22 
-42.23 1.63 -270.35 -0.41 -0.44 0.05 
-144.16 2.88 -261.08 -0.84 -0.10 0.06 
-90.63 2.72 -266.83 -0.98 0.19 0.16 
9.83 2.19 -263.43 -1.06 0.05 0.65 
87.13 2.71 -264.52 -0.93 0.12 0.34 
130.93 3.06 -284.07 -0.45 0.05 -0.04 
139.19 0.67 -301.81 -0.35 -0.44 0.36 
14.49 -0.52 -291.08 -0.07 -0.76 1.02 
-41.06 -0.41 -243.76 0.14 -0.76 1.66 
-45.73 0.86 -209.29 -0.33 -0.08 1.13 
108.76 2.31 -209.46 -0.31 -0.25 0.02 
81.38 2.83 -203.17 -1.53 0.11 0.47 
0 0 0 0 0 0 
211.32 1.80 -218.98 -0.60 0.40 -0.29 
-95.71 3.12 -162.51 -0.95 0.00 0.06 
-53.38 2.42 -169.01 -1.41 0.05 0.59 
12.83 2.49 -168.28 -1.13 -0.08 0.49 
158.31 2.88 -175.35 -0.57 0.18 0.01 
114.43 0.60 -204.67 -0.18 -0.38 0.03 
38.84 -0.60 -215.90 0.02 -0.84 0.92 
-50.84 -1.40 -200.77 0.59 -0.66 1.29 
21.54 -0.58 -137.89 0.33 -0.33 1.45 
52.88 0.79 -125.41 -0.15 0.09 0.94 
134.44 1.71 -120.67 -0.38 -0.42 -0.13 
0 0 0 0 0 0 
0 0 0 0 0 0 
105.83 2.98 -116.82 -1.89 0.77 0.22 
97.91 2.22 -62.75 -0.94 0.22 0.55 
124.02 2.54 -78.04 -0.41 0.12 -0.07 
26.31 -0.22 -96.52 -0.15 -0.78 0.59 
-29.12 -0.65 -86.24 0.00 -0.90 1.04 
-40.29 -0.76 -44.51 0.34 -0.95 1.54 
26.34 -0.11 -11.56 0.22 -0.32 1.25 
91.17 1.10 -6.08 -0.06 -0.20 0.29 
98.89 2.71 -6.86 -1.02 -0.31 0.21 
179.88 2.99 -16.83 -1.21 0.22 0.25 
-25.32 -1.78 -66.58 0.69 -0.83 0.29 
-143.83 1.59 -38.78 -0.64 -0.70 -0.09 
-74.29 2.61 -32.55 -1.30 0.11 0.38 
-12.54 1.91 -36.45 -0.86 -0.41 0.52 
95.02 2.46 -36.55 -1.00 0.18 0.53 
165.68 2.54 -51.64 -0.25 -0.02 -0.10 
110.55 -0.41 -70.14 -0.05 -0.53 0.36 
-1.37 -0.81 -60.95 0.00 -0.93 1.16 
-0.44 -1.26 -16.00 0.57 -0.73 1.26 
-49.91 -0.49 20.11 0.55 -0.40 1.51 
101.78 0.75 31.79 -0.01 -0.18 -0.07 
56.65 2.80 35.71 -1.62 -0.27 0.52 
240.73 2.27 32.21 -0.80 0.52 -0.28 
-6.06 -0.04 56.90 -0.07 -1.13 -0.29 
-142.26 3.14 77.87 -0.68 0.04 0.03 
-105.94 2.45 71.75 -1.48 0.12 0.56 
16.45 2.51 73.25 -1.07 0.00 0.51 
202.96 2.93 63.43 -0.50 0.14 -0.02 
152.71 -0.69 37.43 0.01 -0.31 0.18 
29.02 -1.19 39.09 0.37 -0.81 1.14 
-50.26 -1.18 80.86 0.62 -0.66 1.55 
-41.16 -0.50 127.74 0.44 -0.09 1.48 
123.87 0.84 132.69 -0.10 -0.08 0.63 
27.60 2.11 130.58 -0.85 -0.52 -0.22 
118.84 3.18 148.82 -1.75 0.50 0.06 
118.18 -3.10 99.07 0.68 -0.39 0.12 
-112.44 0.62 132.81 -0.28 -0.77 -0.04 
-162.68 2.81 146.58 -0.89 -0.12 0.13 
-42.08 2.27 144.95 -1.46 0.06 0.80 
53.02 2.54 143.70 -1.02 -0.15 0.44 
133.13 2.74 126.62 -0.57 0.23 0.05 
163.22 -1.07 102.16 0.10 -0.40 0.00 
83.15 -1.46 106.68 0.52 -1.29 1.27 
7.73 -1.43 157.23 0.99 -0.70 1.98 
29.44 -0.14 201.79 0.33 -0.14 1.11 
32.90 1.19 195.37 -0.44 -0.76 -0.59 
-3.61 2.68 201.66 -1.37 -0.21 0.48 
208.18 2.25 197.71 -0.82 0.53 -0.35 
-175.41 0.39 192.73 -0.20 -2.04 -0.85 
-96.16 2.61 209.15 -0.43 -0.08 -0.08 
-134.77 2.68 197.46 -1.64 0.05 0.34 
-40.61 2.63 196.09 -0.85 -0.20 0.22 
90.24 2.60 206.32 -1.27 0.18 0.54 
180.28 2.88 195.92 -0.48 0.11 0.05 
112.38 -0.57 177.98 -0.03 -0.67 0.11 
-27.55 -0.72 188.18 0.05 -0.94 1.24 
-79.01 -0.05 226.68 -0.10 -0.29 1.94 
-9.52 0.63 255.84 -0.13 0.10 1.22 
83.93 1.07 260.40 -0.16 -0.38 -0.24 
25.10 2.98 264.65 -1.60 -0.18 0.40 
191.50 2.35 254.62 -0.67 0.18 -0.35 
0 0 0 0 0 0 
0 0 0 0 0 0 
-123.18 -0.06 250.79 0.16 -2.22 -0.59 
223.73 0.51 239.43 -0.04 -0.12 -0.06 
93.64 -0.37 221.96 -0.10 -0.74 0.15 
-16.86 -0.33 242.84 -0.23 -1.24 1.83 
-49.16 0.83 279.87 -0.48 0.37 1.65 
170.35 -1.03 297.42 0.43 -0.53 -0.02 
37.65 2.61 303.00 -1.58 0.15 0.59 
244.15 2.04 306.31 -0.83 0.44 -0.44 
-223.39 0.41 286.30 -0.01 -1.39 -0.58 
-80.66 1.40 297.43 -0.43 -0.41 0.13 
-73.31 2.65 289.29 -1.32 0.18 0.34 
-51.56 2.21 286.35 -0.89 -0.36 0.25 
30.06 1.92 303.85 -1.22 -0.43 0.91 
147.09 1.56 295.90 -0.19 0.23 0.06 
87.63 -1.24 274.92 0.12 -0.70 0.02 
-82.51 -0.33 289.67 -0.17 -0.75 1.59 
-78.02 -0.10 -325.69 0.21 -0.20 2.03 
53.59 0.49 -321.48 -0.02 0.06 0.49 
43.35 3.04 -317.79 -1.19 -0.22 0.14 
158.22 1.48 314.82 -0.52 0.54 -0.33 
0 0 0 0 0 0 
0.00 0.00 0.00 0.00 0.00 0.00 
158.59 2.58 90.29 0.03 0.27 0.00 
129.43 1.81 68.50 0.00 -0.02 -0.41 
16.29 0.96 81.55 0.57 -1.21 1.65 
-20.23 1.48 137.79 0.82 -0.21 1.99 
35.07 2.04 159.82 0.47 0.20 1.02 
130.26 4.80 175.61 -1.21 0.12 0.66 
0 0 0 0 0 0 
235.31 5.66 170.49 -0.88 0.15 -0.05 
-117.11 4.77 241.07 -0.44 -0.16 -0.02 
-134.19 4.49 245.58 -1.56 0.15 0.73 
0 0 0 0 0 0 
22.60 4.35 255.32 -1.01 0.33 0.88 
45.80 1.34 229.25 0.24 -0.99 1.17 
-118.22 2.79 272.45 -0.39 -0.37 2.00 
-19.97 2.98 308.53 -0.08 0.21 1.19 
64.58 1.93 304.04 0.14 -0.36 0.33 
41.58 5.19 305.50 -1.47 -0.09 0.53 
0 0 0 0 0 0 
0 0 0 0 0 0 
0 0 0 0 0 0 
113.11 2.82 -314.41 -0.32 -0.66 0.25 
-18.23 2.17 -311.63 -0.32 -1.07 1.16 
-106.66 2.56 -263.06 -0.26 -0.48 1.75 
19.80 3.43 -233.36 -0.23 0.09 1.04 
90.74 3.46 -229.42 -0.14 -0.28 -0.16 
99.16 5.80 -218.19 -1.48 0.22 0.15 
109.10 3.75 -250.39 -0.06 -0.05 0.02 
-98.66 4.71 -200.08 -0.68 -0.30 -0.14 
-129.24 4.71 -187.87 -1.05 0.52 0.22 
-57.22 4.64 -183.21 -0.93 0.13 0.52 
55.72 4.63 -175.02 -1.07 0.35 0.64 
197.52 2.98 -182.46 -0.16 0.25 -0.26 
-89.25 2.19 -164.73 -0.26 -0.74 1.20 
-126.70 2.89 -123.24 -0.50 -0.34 1.96 
4.73 3.04 -89.44 -0.09 0.16 1.26 
88.90 4.71 -81.58 -0.38 -0.18 -0.12 
164.04 5.08 -70.42 -1.59 0.40 0.64 
0 0 0 0 0 0 
117.77 -0.71 -104.64 0.35 -0.05 -0.08 
-88.97 4.63 -85.03 -1.40 -0.16 0.71 
-0.55 5.08 -76.77 -0.97 -0.01 0.35 
32.42 4.82 -83.87 -0.53 0.20 0.26 
134.35 4.12 -100.21 -0.08 0.02 -0.05 
0 0 0 0 0 0 
-24.10 2.18 -102.71 -0.27 -1.37 0.81 
0 0 0 0 0 0 
85.31 3.50 -13.60 -0.06 -0.20 0.04 
-91.83 3.04 -21.18 -0.37 -1.54 -0.77 
-120.57 5.29 -1.33 -0.75 0.00 -0.17 
-53.99 4.84 6.52 -1.42 0.39 0.43 
0 0 0 0 0 0 
-23.04 5.01 13.64 -0.91 -0.01 0.35 
60.97 3.64 6.77 -0.43 -0.45 0.15 
0 0 0 0 0 0 
-72.44 3.03 40.26 -0.68 -1.02 0.87 
85.74 3.85 72.55 -0.29 -0.31 -0.25 
170.97 5.24 94.73 -2.19 0.54 0.61 
120.63 -0.15 50.12 0.31 -0.21 0.03 
-2.99 1.72 97.21 0.22 -0.83 -0.12 
-156.09 4.65 118.00 -1.26 0.01 0.49 
-59.05 4.32 118.70 -1.13 -0.08 0.87 
97.10 4.45 135.11 -1.07 0.26 0.81 
169.71 1.93 122.86 0.04 0.15 0.12 
52.81 3.03 126.09 -0.41 -0.73 0.36 
-186.93 3.07 165.09 -0.82 -0.57 1.70 
0 0 0 0 0 0 
0 0 0 0 0 0 
9.97 3.69 189.23 -0.39 0.28 1.03 
-138.93 5.30 299.05 -0.95 0.18 0.04 
-24.27 4.55 311.60 -1.15 -0.31 0.68 
159.83 4.82 326.06 -0.90 0.18 0.54 
123.48 0.17 304.12 0.30 -0.33 -0.05 
-7.79 2.10 326.70 -0.26 -1.20 1.44 
-67.86 2.86 -280.22 -0.35 -0.35 1.66 
43.68 3.45 -265.31 -0.21 0.16 0.98 
22.95 4.23 -262.14 -0.58 -0.41 -0.25 
0 0 0 0 0 0 
79.82 5.57 -258.90 -1.45 0.11 0.41 
0 0 0 0 0 0 
-84.63 4.67 -166.65 -0.62 0.24 0.10 
0 0 0 0 0 0 
80.18 4.98 -143.66 -1.23 0.10 0.55 
-82.61 2.51 -140.17 -0.55 -0.97 1.41 
-57.64 3.06 -86.27 -0.24 -0.05 1.82 
84.87 4.06 -77.20 -0.27 -0.17 0.45 
40.86 4.50 -70.48 -0.79 -0.46 -0.24 
185.91 5.35 -59.89 -0.93 0.26 0.26 
-169.34 2.69 -55.34 -0.02 -1.80 -0.86 
-116.20 4.77 -37.13 -0.66 -0.20 -0.13 
-70.70 4.83 -29.98 -1.32 0.07 0.49 
-28.38 4.68 -22.17 -0.97 -0.12 0.53 
54.68 4.62 -7.23 -1.01 0.70 0.28 
139.52 5.04 -14.37 -0.35 -0.06 -0.10 
13.08 3.13 -20.79 -0.44 -0.57 0.44 
-82.89 2.66 14.50 -0.52 -0.81 1.54 
-56.00 3.37 50.90 -0.39 -0.03 1.62 
92.39 4.50 55.39 -0.26 -0.19 -0.10 
28.99 5.21 62.02 -1.60 0.27 0.44 
64.01 3.74 13.22 -0.25 -0.11 -0.22 
-76.00 2.51 40.60 -0.09 -0.95 -0.65 
-145.17 5.25 52.26 -0.88 0.09 0.07 
-68.58 5.08 53.09 -1.27 0.25 0.26 
6.71 5.10 63.65 -1.00 -0.07 0.37 
121.72 5.12 73.25 -0.62 -0.10 0.22 
93.50 4.61 58.47 -0.35 -0.17 0.07 
-31.28 1.82 60.56 -0.23 -1.04 0.80 
-120.63 2.96 132.29 -0.32 -0.25 1.61 
47.04 3.65 152.28 -0.26 0.08 0.73 
28.37 4.97 157.49 -0.77 -0.33 0.00 
0 0 0 0 0 0 
140.94 5.34 167.13 -1.50 0.59 0.29 
-104.41 3.98 197.31 -0.54 -0.31 -0.39 
-99.88 5.57 203.15 -1.59 0.07 0.08 
-18.92 4.94 214.23 -1.12 0.04 0.53 
106.11 5.15 217.98 -0.64 0.19 0.20 
142.00 3.64 212.48 -0.40 -0.42 -0.17 
-49.62 2.30 227.43 -0.35 -1.04 1.17 
-88.17 3.32 277.81 -0.62 -0.20 1.59 
33.97 3.39 295.65 -0.19 0.05 0.91 
0 0 0 0 0 0 
74.62 3.79 298.95 -0.46 -0.48 -0.42 
-41.77 2.50 279.83 -0.15 -1.22 -1.23 
0 0 0 0 0 0 
-118.96 5.04 294.20 -0.54 -0.07 -0.11 
60.84 4.70 -326.85 -0.93 0.00 0.62 
114.66 4.23 319.49 -0.24 -0.22 -0.02 
44.69 2.53 301.54 -0.21 -0.65 0.25 
-72.44 2.40 325.09 -0.47 -0.84 1.45 
-94.05 3.40 -292.05 -0.54 -0.10 1.63 
42.10 3.52 -283.09 -0.12 -0.14 0.41 
40.61 5.08 -278.16 -1.16 -0.28 0.30 
164.16 6.22 -275.52 -1.16 -0.03 0.00 
2.65 2.46 -292.51 0.15 -1.90 -1.00 
-54.08 3.43 -261.83 -0.38 -0.48 -0.20 
0 0 0 0 0 0 
-154.10 5.01 -250.20 -1.24 0.40 0.01 
93.39 4.04 -254.02 -0.28 -0.25 -0.01 
-20.18 2.57 -252.65 -0.51 -0.88 0.70 
-143.15 3.66 -231.56 -0.96 0.16 1.52 
19.17 3.68 -204.26 -0.41 0.15 1.09 
79.82 3.98 -197.71 -0.38 -0.40 -0.20 
26.54 5.21 -188.45 -1.57 0.14 0.55 
196.43 5.26 -194.18 -0.79 0.25 -0.17 
-55.85 2.60 -164.05 -0.12 -1.44 -0.81 
-151.63 5.15 -147.23 -0.54 -0.11 -0.01 
0 0 0 0 0 0 
-137.34 5.01 -141.65 -1.40 0.43 0.30 
115.96 3.29 -151.43 -0.19 -0.29 -0.08 
-109.03 2.69 -120.00 -0.71 -1.08 1.58 
17.08 2.93 -63.79 -0.11 -0.03 1.71 
82.49 2.52 -64.65 0.02 -0.41 -0.44 
41.55 5.17 -57.88 -1.64 0.14 0.57 
0 0 0 0 0 0 
138.39 4.57 -75.47 -0.34 0.15 -0.22 
0 0 0 0 0 0 
0 0 0 0 0 0 
-112.53 4.47 -1.25 -0.67 0.16 0.27 
-98.54 2.87 47.97 -0.62 -0.37 1.49 
38.65 3.34 85.23 -0.41 0.10 1.52 
48.57 3.02 76.80 -0.01 -0.10 0.11 
0 0 0 0 0 0 
55.04 5.04 88.64 -1.60 0.01 0.56 
-80.74 3.58 149.90 -0.40 -0.58 -0.13 
-133.27 5.15 164.23 -0.78 -0.19 0.00 
-47.22 4.30 174.37 -1.18 -0.05 0.80 
77.26 4.85 184.43 -1.04 0.25 0.50 
147.33 4.39 169.21 -0.17 0.00 0.12 
60.72 2.81 164.18 -0.28 -0.51 0.33 
-26.86 1.48 193.64 0.03 -1.04 1.44 
-87.50 2.39 239.62 0.01 -0.25 1.71 
21.10 3.21 262.61 -0.15 0.28 1.04 
74.99 3.13 263.27 -0.08 -0.37 -0.34 
-0.76 5.15 265.32 -1.19 -0.18 0.31 
162.73 5.52 271.05 -1.07 0.13 -0.20 
-254.08 2.60 241.91 0.00 -1.31 -0.78 
-114.99 5.02 269.20 -0.91 -0.21 -0.18 
-98.83 5.46 273.60 -1.47 -0.01 0.11 
-60.08 5.08 279.67 -0.93 -0.21 0.25 
81.74 4.97 290.41 -1.04 0.09 0.49 
115.84 4.97 283.81 -0.48 -0.18 0.08 
85.18 4.00 272.97 -0.44 -0.34 0.17 
0 0 0 0 0 0 
-43.01 2.27 299.39 -0.33 -1.27 1.15 
115.81 5.60 -296.64 -0.30 -0.10 0.06 
35.33 5.08 -297.37 -0.89 -0.29 0.09 
122.23 5.76 -294.36 -1.44 0.14 0.26 
-167.09 0.37 317.41 1.29 -1.01 -0.17 
-42.66 2.92 -306.86 -0.34 -0.92 -0.16 
0 0 0 0 0 0 
0 0 0 0 0 0 
-74.12 4.93 -289.50 -0.94 0.10 0.20 
-84.58 2.08 -227.04 -0.18 -0.82 1.63 
-64.31 3.05 -191.45 -0.29 0.17 1.78 
57.36 3.09 -191.05 -0.04 0.11 0.53 
76.95 4.58 -183.86 -0.73 -0.40 -0.06 
59.86 5.16 -173.95 -1.63 0.53 0.44 
112.91 3.02 -205.13 -0.11 0.15 -0.18 
-113.45 3.76 -190.62 -0.42 -0.63 -0.13 
-174.23 4.17 -172.53 -0.27 -0.22 -0.01 
-85.19 4.02 -166.90 -1.26 0.53 1.00 
59.72 4.56 -158.65 -0.83 0.20 0.59 
116.23 3.95 -173.38 -0.15 0.11 -0.10 
5.39 2.13 -178.86 -0.17 -0.84 0.90 
-108.63 2.58 -142.74 -0.49 -0.85 1.50 
0 0 0 0 0 0 
-29.39 3.42 -108.70 -0.40 0.52 1.56 
137.55 5.05 -80.40 -1.97 0.57 0.60 
128.71 1.04 -113.49 0.84 -1.47 1.18 
-188.60 4.14 -87.21 -0.50 -0.43 -0.22 
-116.21 5.37 -76.99 -0.75 0.11 0.00 
-6.15 4.48 -69.15 -1.37 0.21 0.63 
48.33 4.57 -58.06 -1.01 0.25 0.70 
0 0 0 0 0 0 
0 0 0 0 0 0 
92.32 3.92 -73.99 -0.24 0.29 -0.05 
29.45 4.97 4.06 -0.83 -0.30 0.17 
84.36 5.71 -1.79 -1.63 0.26 0.29 
-40.34 2.21 -17.72 0.30 -1.41 -0.56 
-83.52 3.02 9.60 -0.21 -0.52 -0.36 
-57.92 4.76 21.45 -0.78 0.15 0.20 
-93.28 4.77 21.59 -1.47 0.05 0.64 
102.69 4.90 18.53 -0.47 0.20 0.16 
99.57 2.00 5.79 -0.07 -0.49 0.18 
-59.60 2.31 34.72 -0.35 -1.06 1.41 
-40.11 3.01 84.11 -0.36 0.59 1.80 
94.45 3.21 88.62 -0.12 0.11 0.60 
21.97 5.39 91.18 -1.45 -0.05 0.19 
182.10 5.28 95.91 -1.49 0.55 0.33 
-9.43 2.80 156.51 -0.29 -1.14 -0.29 
-76.82 4.11 178.59 -0.35 0.00 0.23 
-150.37 3.99 170.55 -1.18 -0.04 1.05 
0 0 0 0 0 0 
49.24 4.06 178.02 -0.80 0.30 0.93 
0 0 0 0 0 0 
-96.29 2.57 189.92 -0.55 -1.02 1.57 
4.13 4.81 193.84 -0.90 -0.28 0.32 
106.72 4.96 212.14 -1.70 0.82 0.58 
93.18 0.23 168.34 0.98 -0.75 0.53 
-89.75 2.81 200.05 -0.15 -0.61 -0.36 
-132.11 5.31 211.74 -1.10 -0.09 -0.03 
-93.89 4.06 213.15 -1.31 -0.46 1.03 
70.48 4.60 228.73 -0.85 0.02 0.63 
142.55 4.02 224.84 -0.29 0.24 0.26 
119.80 2.34 222.96 -0.13 -0.40 -0.21 
0 0 0 0 0 0 
-160.53 2.77 256.25 -0.73 -0.79 1.73 
63.36 4.13 264.20 -0.66 -0.50 -0.14 
120.75 5.39 276.15 -1.57 0.34 0.32 
207.58 0.71 243.99 0.09 -0.09 -0.08 
-94.99 3.84 284.56 -0.56 -0.53 -0.07 
