1.32 8.80 20.39 0.96 0.01 0.23 
-3.29 16.31 -65.40 0.62 0.53 0.97 
-35.53 44.62 -65.88 1.01 0.02 0.44 
-22.03 30.38 -65.07 1.03 0.01 0.27 
-6.28 6.69 -63.95 1.01 0.08 0.24 
-6.67 5.49 -64.16 1.01 0.06 0.26 
-48.52 84.12 30.21 1.42 -1.09 0.84 
34.27 27.94 84.92 1.07 -1.03 0.54 
10.83 20.03 130.17 0.19 -0.20 0.22 
-2.11 -5.50 148.66 0.45 0.46 0.46 
7.49 14.35 149.45 0.11 -0.02 1.42 
-8.25 11.40 149.51 0.01 0.08 1.02 
-11.90 7.52 146.91 0.33 0.07 1.02 
19.59 9.11 137.86 -0.02 0.14 1.83 
19.96 19.12 148.09 -0.12 0.02 0.60 
-26.50 17.52 154.72 0.41 0.51 0.34 
-39.17 4.27 142.13 0.48 0.19 1.53 
-1.39 5.13 140.99 -0.52 -0.10 1.10 
-12.18 17.22 144.42 0.06 -0.08 1.03 
-3.42 16.27 152.76 0.03 -0.15 1.30 
22.93 1.31 157.33 0.33 0.46 0.92 
17.08 -7.97 150.83 0.59 0.40 0.51 
-25.26 9.94 143.16 -0.02 0.46 0.69 
-38.12 25.55 152.06 0.08 0.31 1.36 
2.55 9.23 155.98 0.32 0.29 0.90 
-14.47 10.24 151.02 0.31 0.03 0.85 
-1.04 -2.16 141.63 0.01 -0.07 1.55 
8.02 11.51 137.11 -0.20 0.13 1.08 
7.69 25.36 149.22 -0.03 0.15 0.19 
-27.33 72.63 192.99 -0.12 0.08 1.37 
-132.95 34.86 117.54 0.07 -0.30 1.44 
-3.86 8.73 117.18 0.18 -0.01 0.82 
-11.05 9.43 121.29 -0.02 -0.12 1.06 
13.76 14.48 125.89 0.26 0.00 1.51 
15.60 -1.52 121.75 0.46 0.34 0.78 
-25.67 -2.38 110.19 0.15 0.36 0.50 
-32.57 26.44 120.29 -0.25 0.33 1.37 
-10.83 12.04 132.57 0.49 -0.22 1.43 
-11.85 5.61 133.96 0.15 0.00 0.81 
-11.43 7.59 124.11 0.36 -0.04 1.12 
14.95 11.41 111.20 -0.06 -0.17 1.56 
25.40 17.92 118.70 -0.26 0.15 0.69 
-8.09 15.91 132.84 0.37 0.24 0.09 
-24.07 4.30 134.56 0.74 0.42 1.20 
-18.53 5.22 126.26 -0.11 -0.14 1.45 
-2.71 9.62 125.62 0.08 -0.03 0.90 
-10.54 13.48 132.06 -0.09 -0.16 1.08 
-2.90 10.23 138.14 0.80 0.05 1.47 
15.30 -2.52 131.96 0.34 0.08 0.69 
-11.09 -9.69 120.03 0.20 0.09 0.18 
-14.72 19.35 120.40 -0.09 0.27 1.00 
-9.10 17.26 135.37 -0.10 0.14 1.37 
-3.03 9.32 139.99 0.37 0.21 0.80 
-14.21 16.21 126.02 0.33 -0.04 1.07 
10.32 5.69 109.42 -0.04 -0.20 1.69 
23.36 15.05 115.75 -0.15 0.11 0.99 
-1.93 26.44 129.76 0.00 0.35 0.07 
-44.41 8.54 131.49 0.65 0.46 0.79 
-35.62 6.90 111.97 -0.46 -0.22 1.37 
-12.96 15.84 114.42 -0.03 -0.20 0.83 
-2.14 14.21 127.29 -0.10 -0.43 1.42 
-119.78 41.43 127.09 -0.29 -0.07 0.98 
-4.92 8.60 142.89 0.21 -0.54 1.44 
2.84 10.06 149.99 0.45 -0.12 1.04 
112.67 45.05 160.69 -0.32 -0.18 0.76 
9.09 8.13 176.86 0.19 0.32 0.14 
-37.02 15.92 185.99 0.58 0.32 0.59 
-8.14 12.91 177.98 0.64 0.06 1.14 
-6.42 11.80 168.18 -0.16 -0.53 1.25 
-1.33 11.84 170.66 0.11 -0.15 0.74 
-0.03 12.22 185.12 0.11 -0.20 1.37 
25.71 11.23 188.20 0.69 -0.02 1.13 
12.91 -8.24 181.84 0.45 0.26 0.49 
-17.89 4.94 170.28 0.11 0.22 0.53 
-26.59 13.59 172.86 -0.15 0.22 0.83 
5.69 15.66 189.99 0.28 0.00 1.83 
3.71 10.21 196.09 0.39 0.10 0.87 
-15.66 10.06 186.56 0.40 0.05 1.06 
3.86 -1.15 172.20 0.08 -0.02 1.44 
33.42 20.42 175.52 -0.47 0.57 0.88 
-2.31 26.63 187.74 0.00 0.38 0.10 
-30.54 18.12 194.22 0.40 0.48 0.50 
-20.90 3.63 185.69 0.36 0.25 1.24 
-8.67 3.91 175.20 -0.35 0.22 1.20 
-16.38 12.29 174.29 -0.02 0.16 0.93 
-5.63 18.04 181.50 -0.07 0.15 1.35 
13.03 11.62 187.04 0.46 0.23 1.20 
-7.57 -10.02 178.48 0.36 -0.01 0.35 
-18.67 1.70 171.16 -0.07 0.26 0.60 
-21.23 20.90 172.86 0.00 -0.15 1.30 
3.98 18.04 181.77 0.30 -0.17 1.37 
4.51 8.86 184.66 0.24 0.11 0.78 
-8.90 9.11 179.05 0.21 -0.01 0.95 
-5.04 1.68 169.13 0.26 0.10 1.39 
3.69 7.18 159.46 -0.26 -0.42 1.30 
23.11 19.98 174.44 -0.01 -0.10 0.36 
-24.15 16.84 186.66 0.31 0.18 0.29 
-23.20 6.66 183.52 0.36 -0.06 0.98 
-14.06 3.77 173.41 0.63 -0.57 1.45 
-2.75 14.36 176.13 0.03 -0.05 0.80 
-4.32 12.90 186.40 -0.02 -0.40 1.37 
7.84 13.19 191.54 0.60 -0.02 1.59 
28.20 -8.20 182.52 0.37 0.05 0.39 
-28.58 -8.29 175.02 0.02 0.44 0.47 
-24.00 15.30 176.01 -0.12 0.17 1.16 
-6.80 19.69 190.04 0.17 -0.24 1.41 
3.54 9.74 197.12 0.37 0.16 0.88 
-13.87 7.98 194.96 0.24 0.02 0.82 
-10.31 4.70 183.40 0.38 0.00 1.50 
28.68 8.00 172.68 -0.61 -0.06 1.13 
21.51 25.42 181.78 -0.06 0.29 0.42 
-11.60 15.83 195.65 0.39 0.49 0.29 
-37.12 4.89 195.59 0.73 0.09 1.08 
-3.97 8.67 182.29 -0.04 0.05 1.32 
-4.65 8.97 181.14 -0.12 0.12 0.93 
-12.37 13.93 188.24 -0.09 -0.11 1.15 
-1.17 11.56 196.70 0.72 -0.21 1.47 
21.25 -7.40 193.21 0.46 0.35 0.50 
-14.71 1.38 184.26 0.17 0.06 0.51 
-12.94 16.30 184.02 -0.30 0.37 1.01 
-6.09 23.72 198.96 -0.03 0.28 1.20 
9.21 11.06 207.79 0.37 0.22 1.18 
-4.93 9.58 205.96 0.14 0.05 0.77 
-11.89 3.65 195.96 0.31 -0.11 1.32 
26.31 4.02 183.64 -0.17 0.19 1.44 
26.83 17.05 191.15 -0.18 0.12 0.61 
-11.79 24.50 198.20 0.22 0.43 0.05 
-34.67 7.91 201.19 0.41 0.54 0.73 
-19.06 0.51 194.81 0.38 0.23 1.20 
-6.14 4.12 187.50 -0.03 0.07 1.20 
-10.47 12.98 189.26 0.04 -0.08 0.93 
-3.63 11.20 200.01 0.19 0.02 1.52 
14.95 13.83 198.68 0.59 0.23 1.07 
1.43 -12.41 194.47 0.33 0.19 0.22 
-25.13 3.58 188.36 -0.32 0.36 0.54 
-48.23 21.29 196.12 -0.06 0.07 1.31 
9.92 14.07 210.15 0.35 -0.23 1.30 
-1.73 8.30 211.37 0.21 0.05 0.75 
-6.59 5.44 201.76 0.51 0.04 1.16 
8.69 2.81 184.89 -0.01 -0.10 1.61 
20.76 17.32 184.99 -0.37 -0.03 0.98 
8.25 22.98 197.05 0.15 0.30 0.36 
-22.03 8.06 204.64 0.51 0.53 0.51 
-30.41 5.49 197.44 0.45 0.16 1.17 
-13.32 10.40 192.96 -0.01 -0.20 1.35 
1.10 8.30 195.45 0.00 -0.17 0.93 
-9.24 18.44 208.17 0.09 -0.22 1.50 
28.06 6.69 208.28 0.79 0.00 1.37 
15.76 -5.80 202.07 0.23 0.13 0.22 
-17.39 1.70 193.78 0.05 0.34 0.58 
-25.57 17.03 195.98 -0.12 -0.01 1.22 
-19.02 11.34 209.82 0.24 -0.38 1.45 
-2.58 9.19 213.50 0.28 0.14 0.75 
-16.45 5.80 206.99 0.25 -0.02 1.12 
6.71 -0.03 191.82 0.17 -0.12 1.58 
3.97 12.62 186.72 -0.19 0.17 0.99 
5.18 23.93 201.02 0.00 0.12 0.28 
-21.93 11.18 211.07 0.41 0.42 0.46 
-23.75 5.37 211.22 0.62 0.11 0.94 
-27.18 3.21 201.09 0.17 -0.09 1.49 
-4.10 10.48 202.15 0.01 -0.03 0.87 
-8.89 14.01 212.74 0.26 -0.35 1.55 
20.33 13.23 211.65 0.66 0.22 1.09 
-5.43 -6.81 192.64 0.29 0.01 0.33 
-19.79 5.58 184.53 -0.13 0.29 0.66 
-33.57 19.29 194.51 -0.04 -0.51 1.22 
-21.35 4.89 210.49 0.34 -0.76 1.39 
-2.10 8.61 213.40 0.29 0.00 0.69 
-17.63 9.94 203.92 0.43 -0.27 1.06 
16.39 18.65 182.55 0.01 -0.56 1.64 
30.62 20.91 187.32 -0.40 -0.24 0.72 
-9.59 17.51 206.68 0.21 0.22 0.24 
-36.73 11.37 216.52 0.24 0.11 0.75 
-22.75 2.66 212.67 0.37 -0.08 1.28 
6.70 14.18 204.31 -0.17 -0.43 1.11 
-10.34 11.07 208.33 -0.14 -0.34 0.97 
-7.22 8.24 219.93 0.38 -0.49 1.58 
21.91 3.30 210.47 0.43 0.07 0.90 
-2.13 -10.15 199.61 0.22 0.25 0.13 
-26.82 8.13 197.66 -0.12 0.16 1.21 
-7.10 12.45 212.50 -0.03 -0.11 1.38 
-4.67 10.21 222.60 0.59 -0.12 1.13 
-9.38 7.36 220.02 0.27 -0.19 0.83 
-9.57 6.89 205.66 0.28 -0.44 1.40 
43.68 19.26 200.03 -0.17 -0.28 1.16 
20.32 20.84 210.96 0.04 0.03 0.36 
-29.70 14.20 221.47 0.30 0.43 0.37 
-34.07 4.05 223.04 0.48 0.00 1.01 
-10.02 15.51 211.38 0.11 -0.43 1.35 
-0.84 8.73 209.19 -0.13 -0.22 0.95 
-5.30 13.55 220.25 -0.03 -0.37 1.20 
12.43 11.24 227.27 0.46 -0.59 1.48 
21.06 -0.34 217.60 0.31 0.11 0.30 
-13.20 -10.57 202.52 0.10 0.42 0.46 
-32.68 16.34 204.86 -0.05 0.23 0.87 
-13.84 13.85 221.60 0.04 -0.25 1.37 
1.78 8.07 230.71 0.39 -0.19 1.10 
-16.89 7.38 228.08 0.23 -0.23 0.86 
-2.21 10.88 213.05 0.34 -0.28 1.30 
30.76 14.12 200.60 -0.30 -0.35 1.31 
17.00 34.12 217.25 -0.26 0.28 0.44 
-23.20 13.56 233.68 0.36 0.18 0.48 
-97.79 -52.23 188.30 0.04 0.39 0.28 
-43.12 21.33 196.26 -0.13 -0.39 1.51 
1.26 14.17 212.04 0.55 -0.19 1.58 
-2.64 7.98 212.82 0.25 -0.05 0.70 
-12.83 10.07 196.35 0.21 -0.29 1.19 
12.45 8.10 184.30 -0.14 -0.09 1.48 
25.56 37.95 202.18 -0.06 0.20 0.41 
-21.73 12.42 219.52 0.22 0.26 0.41 
-32.71 6.29 223.58 0.69 0.33 0.91 
-21.19 14.60 207.15 0.01 -0.30 1.41 
7.86 11.76 204.73 0.01 -0.06 0.84 
-11.04 10.44 214.88 -0.02 -0.29 1.15 
2.61 12.17 228.40 0.30 -0.10 1.33 
20.08 5.58 220.31 0.49 0.07 0.83 
-2.09 -8.43 210.80 0.12 0.32 0.12 
-34.11 5.80 202.77 -0.08 0.17 0.87 
-17.31 14.84 207.41 -0.04 -0.32 1.38 
-70.53 217.92 -127.43 0.00 -0.05 1.10 
8.81 12.47 -124.48 0.33 0.07 1.39 
14.75 0.63 -127.59 0.33 0.21 0.90 
-2.76 -9.32 -132.90 0.09 0.32 0.22 
-19.91 9.29 -135.70 0.09 0.48 0.88 
-25.74 17.78 -131.55 0.00 0.00 0.99 
-15.25 12.68 -123.10 0.13 -0.01 1.36 
63.15 36.61 -147.68 -0.19 0.08 1.36 
6.83 18.57 -139.53 -0.21 0.15 0.60 
-15.67 21.51 -130.94 0.29 0.58 0.39 
-24.93 7.92 -131.78 0.33 0.42 0.93 
-29.33 -0.91 -138.92 0.10 0.17 1.14 
-9.56 8.58 -144.31 0.00 0.09 1.10 
-7.23 12.21 -143.64 0.11 -0.05 0.90 
-9.90 9.34 -136.14 0.00 -0.14 0.99 
3.46 14.30 -129.53 0.17 -0.03 1.35 
18.71 4.72 -130.14 0.43 0.02 1.06 
16.85 -4.36 -135.13 0.17 0.45 0.31 
-16.94 -1.39 -140.93 0.33 0.51 0.40 
-20.69 18.30 -139.94 0.05 0.42 0.95 
-16.36 13.32 -129.24 0.14 0.13 1.32 
-5.63 10.35 -126.72 0.26 0.18 1.02 
24.37 59.17 -95.91 -0.12 0.24 0.47 
-14.31 19.93 -85.79 0.18 0.57 0.28 
-33.44 10.84 -81.13 0.28 0.40 0.75 
-18.88 4.34 -88.70 0.48 0.07 1.28 
-15.97 8.08 -95.90 -0.37 -0.17 1.25 
-9.86 10.49 -95.01 0.00 -0.15 0.88 
-5.01 11.84 -88.58 -0.06 -0.19 1.11 
13.96 16.06 -78.08 0.23 -0.01 1.33 
20.10 3.56 -80.52 0.18 0.19 0.85 
3.42 -2.80 -91.19 0.13 0.19 0.27 
-26.14 5.23 -98.82 0.07 0.49 0.64 
-26.72 23.72 -94.81 0.00 -0.08 1.13 
-15.71 13.14 -83.51 -0.15 -0.01 1.29 
-5.84 12.27 -82.24 0.23 0.00 1.02 
-9.87 8.70 -86.04 0.24 -0.22 0.98 
-2.70 6.18 -97.68 0.19 -0.44 1.36 
21.49 12.32 -104.61 -0.18 -0.12 1.29 
17.68 23.04 -93.34 -0.06 0.10 0.46 
-17.57 20.42 -84.23 0.13 0.70 0.40 
-31.51 9.16 -79.61 0.37 0.32 0.82 
-23.53 2.15 -85.74 0.34 -0.06 1.04 
-18.32 7.21 -95.10 0.42 -0.45 1.29 
2.68 9.02 -98.73 0.10 -0.21 1.00 
-6.98 10.68 -95.36 -0.02 -0.23 0.99 
7.14 22.57 -83.33 -0.07 -0.14 1.30 
15.21 5.64 -77.80 0.48 0.01 1.18 
19.00 -10.74 -82.56 0.29 0.36 0.38 
-33.06 2.64 -95.18 0.20 0.42 0.53 
-24.22 19.87 -97.74 -0.14 0.07 1.00 
-17.17 13.19 -87.42 0.00 -0.40 1.34 
0.18 10.52 -78.75 0.49 -0.37 1.19 
-8.76 7.87 -81.55 0.17 -0.29 0.91 
-14.18 5.35 -94.91 0.20 -0.37 1.13 
10.19 9.75 -105.51 0.03 -0.45 1.49 
30.49 18.44 -99.92 -0.30 -0.12 0.72 
-2.33 18.40 -82.65 0.02 0.28 0.45 
-20.55 24.46 -106.94 0.05 -0.47 1.02 
-10.94 11.73 -101.75 0.08 -0.33 0.96 
12.24 10.56 -89.05 0.36 -0.53 1.41 
27.33 2.01 -95.62 0.52 0.19 0.96 
9.55 -6.91 -106.64 0.33 0.45 0.32 
-28.23 -0.57 -113.55 0.04 0.48 0.54 
-43.40 13.16 -108.47 -0.20 -0.24 0.82 
-21.48 6.36 -100.10 0.15 -0.61 1.35 
7.55 8.41 -88.85 0.45 -0.35 1.12 
-10.12 7.95 -90.47 0.28 -0.27 0.83 
-11.15 6.47 -103.87 0.32 -0.46 1.18 
-3.45 19.19 -112.65 0.19 -0.62 1.37 
30.13 15.52 -108.88 -0.30 0.05 0.63 
3.47 17.83 -94.35 0.00 0.35 0.31 
-28.81 13.50 -81.61 0.33 0.21 0.72 
-30.74 6.37 -82.01 0.40 -0.04 0.88 
1.06 11.22 -91.24 0.21 0.00 1.19 
-7.50 11.82 -97.67 -0.03 -0.23 0.88 
-8.82 11.40 -92.70 0.08 -0.32 1.02 
4.76 14.64 -80.52 0.17 -0.37 1.37 
17.94 9.60 -81.93 0.50 0.09 1.21 
4.98 -1.40 -96.85 0.20 -0.03 0.53 
-22.76 -5.70 -113.51 0.10 0.32 0.44 
-24.20 13.16 -111.78 -0.01 -0.19 1.07 
-13.02 17.22 -99.49 -0.06 -0.52 1.20 
-7.36 6.04 -86.98 0.22 -0.26 1.07 
-8.76 10.78 -86.82 0.34 -0.27 0.85 
-12.62 5.68 -93.91 0.39 -0.34 1.15 
23.29 17.79 -106.43 -0.14 -0.35 1.29 
23.30 17.17 -98.33 -0.12 0.08 0.67 
-7.08 16.44 -82.11 0.18 0.42 0.44 
-23.35 13.23 -74.49 0.36 0.36 0.73 
-14.65 6.67 -80.89 0.41 0.05 1.29 
-24.76 5.74 -91.14 0.02 -0.36 1.23 
-4.14 9.96 -93.14 0.06 -0.21 0.89 
-11.29 10.78 -83.98 0.06 -0.33 1.12 
4.15 11.13 -75.31 0.34 -0.24 1.29 
4.55 3.45 -82.62 0.53 -0.21 0.77 
9.78 -5.48 -97.58 0.09 0.28 0.43 
-27.86 4.05 -104.93 0.00 0.27 0.70 
-24.37 13.62 -99.34 0.00 -0.39 1.08 
-6.21 12.67 -86.44 0.09 -0.50 1.03 
-5.83 4.45 -78.82 0.47 -0.34 0.97 
60.07 54.54 -64.53 -0.28 -0.42 0.90 
0.43 17.22 -45.06 -0.03 0.11 0.17 
-2.30 9.74 -28.36 0.47 0.16 0.83 
-16.74 3.18 -27.26 0.45 0.15 1.18 
-22.47 8.03 -34.47 0.30 -0.03 1.27 
-5.80 9.16 -37.42 0.16 -0.18 1.02 
-4.51 15.11 -31.83 -0.03 -0.32 1.11 
26.55 14.55 -25.07 0.47 -0.04 1.44 
33.64 12.44 -29.45 0.23 0.19 0.55 
-22.49 -7.73 -29.91 0.14 0.49 0.23 
-22.30 5.71 -36.45 -0.10 0.28 0.81 
-26.56 14.63 -39.81 -0.22 0.20 0.99 
-15.72 12.89 -29.60 0.07 -0.01 1.30 
3.87 13.03 -22.21 0.33 0.25 0.94 
-11.69 5.43 -24.65 0.16 0.18 0.89 
-19.64 1.99 -37.01 0.24 -0.12 1.21 
20.02 9.76 -45.53 -0.07 -0.02 1.18 
16.67 23.85 -37.07 -0.13 0.19 0.29 
-25.24 14.19 -22.39 0.38 0.25 0.45 
-15.16 3.68 -17.49 0.51 0.40 0.93 
-9.15 12.53 -26.56 0.31 -0.13 1.33 
-0.43 9.96 -28.49 0.12 -0.08 1.01 
-8.28 14.38 -23.15 0.03 -0.21 1.14 
5.51 15.71 -14.94 0.35 -0.03 1.53 
9.89 -2.09 -20.17 0.35 0.08 0.58 
-25.04 -5.91 -32.52 0.11 0.27 0.59 
-28.56 10.00 -36.88 -0.03 -0.21 1.00 
6.61 14.53 -28.24 -0.12 -0.22 1.35 
4.17 8.93 -17.72 0.42 -0.50 1.37 
-13.21 7.08 -18.48 0.20 -0.25 0.76 
-8.61 10.02 -29.22 0.32 -0.26 1.17 
4.86 10.94 -42.66 -0.10 -0.33 1.65 
21.14 20.55 -32.69 -0.35 -0.18 0.52 
-22.43 9.87 -15.97 0.22 0.31 0.37 
-15.31 6.68 -9.36 0.64 0.28 0.83 
-1.90 4.31 -16.20 0.68 0.01 1.42 
-3.36 5.84 -25.03 0.23 -0.53 1.28 
-15.33 13.99 -21.60 0.07 -0.14 0.87 
-4.32 11.30 -8.71 0.04 -0.24 1.19 
9.97 13.95 -3.67 0.61 -0.10 1.42 
6.25 -3.46 -19.39 0.24 0.07 0.35 
-11.07 -2.39 -32.18 -0.06 -0.04 0.78 
-15.81 9.72 -33.37 0.03 -0.23 1.22 
-19.26 6.97 -18.55 0.05 -0.50 1.47 
-8.51 8.49 -12.25 0.26 0.03 0.74 
-21.63 7.47 -17.27 0.33 -0.23 0.97 
3.99 5.39 -35.15 0.23 -0.18 1.18 
18.90 17.13 -45.23 -0.14 -0.26 1.60 
1.64 17.60 -30.65 0.02 0.11 0.35 
-14.85 16.12 -14.55 0.42 0.54 0.63 
-14.03 4.48 -13.76 0.44 0.00 1.11 
-26.85 10.30 -21.04 0.31 -0.03 1.24 
-11.08 5.00 -23.97 -0.08 -0.54 1.03 
-11.21 11.87 -16.22 -0.07 -0.54 0.96 
11.43 11.16 -6.30 0.44 -0.54 1.38 
17.88 5.58 -8.44 0.51 0.35 0.68 
-27.12 23.47 46.46 0.17 -0.53 1.40 
-3.03 10.30 50.19 0.35 -0.16 0.69 
-16.03 8.60 43.53 0.51 -0.33 0.94 
5.51 17.93 24.16 0.25 -0.68 1.44 
19.68 15.26 27.91 -0.41 -0.52 0.84 
-3.15 20.62 47.07 -0.04 0.41 0.29 
-8.82 8.19 61.83 0.52 0.23 0.80 
-16.50 7.33 57.71 0.54 0.04 1.17 
-17.78 9.30 46.62 0.56 -0.41 1.20 
2.06 11.14 41.73 0.07 -0.39 1.07 
-9.20 9.63 45.26 0.19 -0.24 0.94 
-5.40 10.61 55.58 0.02 -0.35 1.08 
53.20 62.89 151.31 0.36 -0.29 1.18 
-10.40 7.42 151.91 0.23 -0.14 0.89 
-15.65 10.40 137.72 0.38 -0.31 1.07 
-2.36 10.02 121.22 0.05 -0.39 1.25 
13.03 10.68 116.95 -0.23 -0.17 1.04 
10.06 18.37 128.43 0.03 0.03 0.71 
-10.50 16.23 141.36 0.15 0.30 0.66 
-3.06 7.05 149.98 0.36 0.29 1.01 
-15.15 2.28 149.69 0.50 0.13 1.17 
-24.79 9.72 141.82 0.46 -0.20 1.04 
-5.00 12.13 138.20 0.08 -0.27 0.97 
51.82 37.05 115.43 0.39 0.00 0.86 
7.90 4.04 102.62 0.12 0.42 0.39 
-19.42 -2.80 95.37 -0.14 0.36 0.52 
-25.76 7.71 96.07 -0.11 0.07 0.98 
-16.16 16.44 113.67 -0.18 -0.41 0.92 
-7.59 16.18 125.37 0.46 -0.18 1.21 
-7.60 6.70 125.88 0.14 -0.09 0.93 
-16.30 4.19 109.19 0.17 -0.10 1.15 
3.54 8.11 91.91 0.12 -0.25 1.46 
-76.43 -5.58 137.41 0.30 0.26 0.74 
-1.04 1.01 130.33 0.69 0.10 1.43 
-12.02 13.60 107.27 -0.04 -0.21 1.16 
-1.92 10.41 108.60 0.05 -0.19 0.85 
-8.32 8.80 114.54 0.18 -0.16 1.20 
4.55 22.13 127.51 0.17 -0.06 1.35 
7.06 20.04 132.36 0.51 0.20 1.03 
1.46 9.98 118.71 0.14 0.16 0.75 
-1.43 -2.29 101.27 -0.03 0.25 0.64 
-7.74 -1.13 87.71 -0.22 0.12 0.85 
-11.59 2.70 93.37 -0.12 0.13 0.94 
-0.02 13.74 104.40 0.00 0.07 1.24 
-9.52 12.52 120.41 0.18 -0.24 1.30 
-8.83 4.84 121.99 0.18 -0.03 0.84 
-8.58 3.10 112.21 0.33 0.00 1.12 
0.40 10.08 94.61 0.17 -0.11 1.56 
15.19 22.79 89.82 -0.36 -0.15 0.84 
-7.85 18.29 105.09 -0.14 -0.13 0.47 
-21.70 14.87 122.30 0.10 0.20 0.83 
-13.86 3.18 131.30 0.20 0.23 0.93 
12.92 6.41 115.67 0.40 0.24 1.14 
-10.11 -1.02 101.48 -0.10 -0.34 1.26 
-4.18 8.98 103.89 0.11 -0.08 0.96 
-0.07 19.32 117.22 0.07 -0.17 1.26 
8.39 20.91 129.35 0.39 0.30 1.35 
7.23 13.26 120.95 0.20 0.20 0.86 
12.73 6.95 103.07 -0.06 0.12 0.58 
-6.03 -5.15 86.23 -0.25 0.18 0.54 
-1.94 -5.05 82.82 -0.30 -0.10 0.93 
-34.34 14.04 46.44 0.49 0.11 1.15 
6.90 8.53 27.34 0.15 0.00 1.54 
7.72 29.91 24.26 -0.29 -0.04 0.83 
-2.36 21.95 40.72 -0.11 0.04 0.42 
-14.18 10.48 54.97 0.31 0.36 0.89 
-21.30 3.31 58.62 0.34 0.15 0.89 
-9.46 0.71 49.43 0.45 -0.09 1.22 
-8.26 9.40 44.35 -0.02 -0.21 1.15 
-4.21 12.75 50.33 0.13 -0.14 1.16 
10.66 24.11 56.34 0.12 0.16 1.40 
11.30 13.74 53.56 0.21 0.21 0.86 
1.24 5.48 36.04 0.11 0.28 0.69 
0.95 -4.87 23.56 -0.18 0.21 0.53 
-13.22 -2.86 10.72 -0.31 -0.26 0.56 
-6.84 7.56 31.29 -0.17 -0.18 1.45 
-2.47 22.32 54.59 0.46 -0.14 1.03 
-10.91 4.81 52.51 0.14 -0.03 0.95 
-8.41 -0.91 38.74 0.33 -0.05 1.21 
8.48 11.44 24.05 0.01 -0.05 1.49 
12.07 29.04 25.58 -0.26 0.26 0.65 
-15.03 13.23 41.72 -0.22 0.06 0.54 
-21.86 13.40 54.61 0.07 0.15 0.84 
-19.32 1.44 58.04 0.14 -0.04 0.92 
13.70 1.28 48.73 0.28 0.16 1.22 
-5.74 5.96 33.37 -0.02 -0.34 1.20 
-7.49 10.70 33.53 -0.04 -0.13 0.97 
8.82 31.82 53.15 0.27 0.05 1.62 
0.21 2.41 53.95 0.37 0.10 1.53 
16.96 12.24 51.58 0.24 0.21 0.94 
5.08 3.82 44.71 0.13 0.05 0.77 
12.05 -2.25 32.95 -0.11 0.05 0.36 
1.88 -3.47 25.42 -0.26 0.20 0.42 
-48.98 -2.91 -16.32 0.53 -0.51 0.64 
-73.65 -226.60 319.09 1.27 -0.79 0.49 
-55.93 25.38 -325.44 0.03 0.17 1.01 
-4.71 9.65 -325.71 0.05 0.14 1.03 
-6.66 9.41 -326.19 0.04 0.11 1.00 
-5.66 10.07 -326.89 0.07 0.09 0.96 
-0.22 10.16 322.58 0.12 0.04 1.15 
11.14 3.01 318.43 -0.13 0.33 1.31 
-1.20 19.06 -327.39 -0.21 0.20 0.56 
-6.81 16.90 -314.90 0.30 0.08 0.64 
-21.25 7.21 -315.81 0.30 0.01 1.00 
-1.92 6.69 -325.13 0.32 -0.14 1.27 
-10.13 7.63 323.65 -0.23 -0.02 1.16 
-9.11 11.56 324.85 0.01 -0.09 0.93 
-6.94 14.00 -325.22 -0.06 -0.01 1.09 
4.38 12.19 -318.10 0.11 -0.04 1.26 
8.78 12.03 -316.39 0.16 0.11 1.22 
17.86 -8.94 -321.24 0.16 0.30 0.40 
-14.81 1.84 323.80 0.14 0.32 0.65 
-25.74 5.28 316.20 0.01 0.21 0.85 
-12.62 10.03 316.64 -0.10 -0.09 1.21 
-13.87 16.35 -327.24 0.03 0.15 1.04 
-11.48 12.72 -320.95 0.02 -0.22 1.04 
-10.98 8.70 -320.05 0.16 -0.12 0.98 
-6.81 8.41 -324.77 0.14 -0.22 1.02 
-10.25 7.23 318.74 0.13 -0.38 1.29 
13.60 12.47 309.65 -0.21 -0.26 1.34 
9.37 22.13 323.24 -0.24 0.27 0.50 
-12.62 15.33 -319.80 0.10 0.49 0.69 
-20.21 26.94 321.70 -0.05 -0.24 1.25 
-7.69 10.89 323.37 0.03 -0.20 0.97 
-0.11 11.93 -324.82 -0.05 -0.17 1.12 
-5.69 16.37 -320.44 0.09 0.03 1.28 
16.65 6.59 -317.73 0.20 0.00 1.06 
7.86 -4.83 -323.87 0.10 0.31 0.50 
-12.23 0.94 324.79 0.00 0.34 0.75 
-20.20 8.73 323.40 -0.04 0.19 0.95 
-3.04 17.19 327.20 -0.10 0.08 1.17 
-6.61 10.70 -319.90 0.31 -0.21 1.22 
-9.47 9.44 -316.76 0.20 -0.02 1.04 
-9.53 9.39 -318.89 0.14 -0.06 0.96 
-7.65 4.76 -326.97 0.29 -0.16 1.17 
13.56 11.02 319.02 0.17 0.06 1.20 
18.74 16.50 319.10 -0.08 0.23 0.83 
-1.54 19.19 -323.53 0.02 0.29 0.60 
-16.22 13.90 -313.00 0.28 0.32 0.73 
-19.30 8.07 -310.16 0.30 0.21 1.00 
-8.76 5.40 -315.37 0.28 -0.05 1.13 
10.34 62.90 -275.19 0.12 -0.08 1.18 
-1.85 7.57 -271.03 0.20 -0.11 1.13 
-79.08 58.07 -288.53 0.15 -0.17 0.99 
-5.13 4.55 -296.22 0.19 -0.22 1.10 
1.50 7.92 -309.81 0.40 -0.23 1.50 
16.21 12.83 -313.17 -0.21 -0.04 1.05 
0.34 15.38 -303.68 -0.10 0.23 0.47 
-9.72 12.43 -290.07 0.25 0.36 0.59 
-19.24 14.36 -283.46 0.29 0.50 0.82 
-17.78 1.78 -283.73 0.37 0.10 0.94 
-16.06 5.64 -289.82 0.57 -0.01 1.09 
-3.48 13.58 -298.60 0.18 -0.19 1.12 
-6.07 8.55 -297.24 0.16 -0.15 0.98 
-4.60 13.99 -290.61 0.13 -0.19 1.16 
2.90 11.67 -284.92 0.22 -0.18 1.11 
22.48 8.23 -284.86 0.33 0.20 1.15 
21.29 -3.45 -289.93 0.38 0.51 0.40 
4.49 -7.67 -295.84 0.14 0.71 0.27 
-23.20 0.80 -299.84 0.25 0.59 0.58 
-21.60 16.64 -299.45 0.06 0.45 0.92 
-11.39 16.91 -291.91 0.00 0.36 1.06 
-8.24 9.60 -281.24 0.30 0.04 1.19 
-8.63 12.06 -277.43 0.27 0.10 1.01 
-7.05 7.54 -279.01 0.21 0.02 1.00 
-6.52 3.50 -287.10 0.15 -0.03 0.96 
6.02 9.15 -301.27 0.22 0.01 1.39 
27.13 21.46 -306.18 -0.23 0.37 0.89 
-2.24 21.94 -294.20 -0.06 0.55 0.35 
-14.72 17.58 -282.98 0.26 0.53 0.57 
-19.52 11.02 -275.11 0.37 0.45 0.82 
-23.31 5.62 -276.00 0.41 0.20 0.97 
-11.61 7.92 -282.22 0.29 0.14 1.09 
-10.28 10.41 -287.63 -0.07 -0.24 1.13 
-8.18 12.64 -286.99 0.10 -0.10 0.96 
3.64 12.12 -280.82 0.12 -0.03 1.22 
11.96 12.84 -279.11 0.47 0.02 1.23 
5.80 5.93 -279.18 0.29 0.19 0.67 
-2.45 -5.11 -287.19 0.25 0.33 0.66 
-17.10 4.78 -294.90 0.08 0.14 0.75 
-17.45 17.00 -294.81 0.07 -0.06 1.20 
-8.01 16.04 -286.71 -0.16 0.03 1.15 
-3.95 9.95 -277.44 0.18 -0.11 1.17 
-6.75 8.85 -275.69 0.15 -0.04 0.92 
-7.56 9.59 -281.92 0.16 -0.16 1.01 
-5.49 10.98 -298.53 0.23 -0.15 1.20 
19.20 10.75 -308.69 -0.29 -0.14 1.27 
6.81 20.32 -297.16 -0.25 0.17 0.46 
-8.97 20.29 -281.86 0.15 0.31 0.61 
-25.36 5.05 -271.97 0.31 0.24 0.86 
-17.52 2.55 -275.95 0.43 0.16 1.13 
-15.42 10.48 -283.65 0.23 -0.08 1.16 
-3.51 11.36 -287.30 -0.05 -0.36 1.01 
-8.31 10.90 -284.00 0.11 -0.29 1.01 
-0.76 13.96 -275.32 0.08 -0.38 1.32 
18.51 14.47 -276.42 0.30 -0.21 0.96 
1.68 -5.85 -285.63 0.29 0.25 0.56 
-32.23 5.31 -292.81 -0.06 0.18 0.80 
-45.00 6.31 -289.24 -0.13 -0.40 1.08 
-11.45 10.07 -277.61 0.18 -0.49 1.19 
-1.20 8.24 -270.15 0.33 -0.19 0.95 
-8.57 7.20 -270.43 0.20 -0.23 0.96 
-8.21 8.78 -277.20 0.31 -0.36 1.02 
5.88 13.36 -292.21 0.31 -0.40 1.43 
22.52 17.05 -293.97 -0.17 0.00 1.21 
3.10 17.36 -280.50 -0.05 0.13 0.43 
-22.87 18.05 -267.33 0.34 0.20 0.57 
-16.89 6.95 -264.90 0.37 0.28 0.86 
-17.89 2.70 -269.40 0.66 -0.15 1.26 
-6.53 15.65 -277.83 0.13 -0.37 1.15 
-2.53 11.59 -277.86 0.13 -0.08 0.93 
-7.10 9.50 -270.74 0.01 -0.28 1.15 
-2.54 11.49 -265.95 0.48 -0.23 1.29 
-88.21 26.10 -279.81 0.05 0.15 1.03 
-16.82 14.45 -266.05 0.06 -0.21 1.20 
-0.26 10.89 -258.22 0.31 -0.13 1.08 
-8.77 7.29 -258.06 0.17 -0.18 1.02 
-4.41 7.49 -262.90 0.30 -0.30 1.02 
-2.59 8.68 -275.28 0.21 -0.26 1.36 
-42.95 69.08 -250.66 0.15 -0.26 0.94 
-2.33 11.13 -242.88 0.11 -0.32 1.12 
-1.26 13.36 -241.45 0.28 -0.11 1.52 
11.82 0.81 -245.67 0.45 0.19 0.70 
-4.12 -2.10 -259.32 0.37 0.37 0.66 
-28.54 3.79 -263.45 0.05 0.20 0.55 
-19.92 21.01 -258.52 0.00 -0.26 1.15 
-10.39 13.07 -246.58 0.19 -0.28 1.29 
-3.16 11.42 -240.46 0.33 -0.19 0.95 
-14.01 8.60 -242.61 0.28 -0.16 0.98 
-12.71 7.27 -251.95 0.39 -0.19 1.09 
2.95 15.68 -265.76 0.06 -0.38 1.50 
31.85 23.61 -258.88 -0.24 -0.15 0.78 
-7.43 20.83 -240.29 -0.02 0.38 0.33 
-20.65 7.12 -229.43 0.28 0.20 0.84 
-16.27 1.15 -232.47 0.45 0.05 1.09 
-12.61 4.76 -240.69 0.50 -0.32 1.21 
-4.27 10.87 -247.53 0.23 -0.32 1.16 
-8.06 10.93 -246.29 0.17 -0.25 0.96 
-10.32 10.30 -239.88 0.00 -0.29 1.09 
4.58 16.40 -229.75 0.25 -0.37 1.21 
15.56 6.13 -227.29 0.42 0.00 1.17 
14.62 -5.72 -237.86 0.15 0.37 0.35 
-25.01 -6.95 -245.52 0.17 0.30 0.61 
-21.50 8.73 -245.37 0.06 0.12 1.07 
-12.73 13.46 -234.41 0.10 -0.10 1.29 
-13.40 8.47 -224.93 0.41 -0.13 1.26 
-2.85 9.12 -222.62 0.28 -0.08 0.89 
-12.22 7.37 -225.96 0.28 -0.15 1.00 
-2.46 2.97 -239.98 0.44 -0.03 1.17 
19.59 17.48 -254.84 -0.02 -0.33 1.45 
10.39 23.89 -244.15 -0.27 -0.02 0.54 
-13.07 18.77 -225.60 0.27 0.46 0.40 
-24.12 4.72 -218.45 0.39 0.10 0.84 
-5.17 1.06 -222.08 0.50 0.23 1.21 
-8.55 10.85 -232.54 0.13 0.16 1.23 
-7.18 11.41 -233.85 0.13 0.02 0.95 
-11.40 10.61 -227.54 0.02 -0.06 1.08 
-1.15 13.55 -219.93 0.37 -0.18 1.30 
8.24 3.18 -229.98 0.45 0.01 0.67 
-5.55 3.11 -243.89 0.24 0.06 0.35 
-15.31 9.21 -249.49 -0.14 0.11 0.88 
-26.22 16.69 -242.95 -0.06 -0.22 1.18 
-13.92 10.61 -231.62 0.11 -0.37 1.17 
-4.77 9.02 -226.35 0.30 -0.12 0.94 
-7.41 8.52 -228.07 0.23 -0.30 0.99 
-9.64 8.50 -236.47 0.34 -0.46 1.04 
-10.67 8.49 -254.53 -0.02 -0.45 1.14 
18.18 17.87 -254.66 -0.23 -0.34 1.06 
9.26 18.03 -238.47 -0.13 0.00 0.34 
-16.72 7.84 -223.58 0.35 0.16 0.67 
-22.96 2.21 -216.96 0.44 0.07 0.96 
-13.65 5.92 -220.32 0.45 0.15 1.17 
-3.26 11.11 -226.23 0.17 -0.46 1.22 
-9.77 10.43 -225.03 0.17 -0.31 1.00 
-4.30 12.51 -218.40 -0.06 -0.31 1.23 
23.84 14.68 -215.96 0.72 -0.07 1.37 
15.69 6.68 -220.95 0.27 0.20 0.68 
-9.19 -1.68 -230.27 0.07 0.17 0.64 
-26.70 14.52 -229.27 -0.31 0.17 0.85 
-15.81 11.92 -218.07 0.07 -0.66 1.40 
3.97 10.63 -210.79 0.27 -0.15 1.16 
-7.52 8.12 -209.01 0.12 -0.01 0.89 
-9.97 7.31 -213.74 0.20 -0.20 1.06 
-7.14 8.10 -228.05 0.27 -0.21 1.21 
16.03 9.57 -242.76 -0.16 -0.17 1.44 
5.47 24.73 -233.72 -0.07 0.08 0.61 
-41.97 61.66 -230.93 0.05 0.08 0.84 
-10.68 12.91 -223.60 -0.04 -0.07 1.07 
9.66 16.64 -213.98 0.17 -0.04 1.42 
14.60 10.93 -219.60 0.43 0.16 0.85 
-2.50 -14.07 -229.60 0.19 0.17 0.25 
21.70 52.91 -205.46 0.29 0.02 0.90 
-15.91 5.71 -207.53 0.18 -0.12 0.94 
-9.58 7.85 -216.94 0.37 -0.15 1.17 
27.48 11.20 -233.99 -0.02 -0.24 1.27 
24.91 21.66 -230.41 -0.11 0.05 0.84 
-11.46 26.68 -214.89 0.06 0.53 0.37 
-28.26 1.28 -204.33 0.42 0.30 0.90 
3.84 7.69 -207.34 0.32 0.30 1.16 
-6.59 8.43 -219.03 0.00 -0.13 1.17 
46.88 -41.72 -268.32 0.26 0.31 0.34 
-28.22 -12.70 -273.56 0.25 0.31 0.60 
-15.50 46.32 -265.51 0.25 0.09 0.88 
-11.54 4.89 -269.74 0.37 -0.03 0.87 
-6.05 3.15 -288.05 0.39 0.02 1.45 
13.72 10.74 -307.26 -0.15 -0.01 1.55 
-8.13 24.43 -295.14 -0.26 0.00 0.61 
-21.47 30.25 -276.10 0.21 0.36 0.51 
-8.83 5.49 -265.02 0.50 0.24 0.97 
-12.72 -3.22 -272.34 0.47 0.11 1.29 
5.04 9.25 -286.26 0.00 -0.16 1.27 
-6.00 12.59 -283.12 -0.06 -0.05 0.93 
2.77 21.33 -267.71 0.33 -0.02 1.70 
12.63 20.30 -267.11 0.55 0.32 1.03 
11.33 6.41 -288.26 0.01 0.22 0.49 
-2.73 -13.41 -305.10 -0.20 0.16 0.48 
-36.05 4.68 -286.29 -0.33 -0.04 1.24 
