0.00 0.00 0.00 0.00 0.00 0.00 
131.01 275.81 -49.35 -0.73 -0.33 0.44 
5.09 -51.06 -39.59 -0.17 0.30 1.18 
32.64 20.75 -90.03 -0.28 0.67 0.77 
-13.44 -41.73 -148.72 0.43 -0.17 0.18 
-8.16 -38.11 -178.91 1.12 -0.99 0.53 
-7.04 -26.70 -198.74 1.66 -0.63 0.64 
-0.62 -8.56 -203.14 1.18 -0.40 0.32 
4.90 0.04 -205.17 1.00 -0.23 -0.15 
-4.69 13.30 -185.78 1.24 -0.78 0.29 
24.21 8.96 -119.64 1.02 -1.22 0.00 
19.22 -9.53 -75.16 -0.04 -0.67 -0.07 
10.29 -6.55 -51.94 -0.28 0.01 0.43 
11.01 0.90 -60.23 -0.35 0.28 1.09 
14.06 12.37 -57.59 -0.69 0.07 0.20 
-0.85 3.88 -56.08 -0.80 0.10 0.46 
2.31 -12.99 -57.26 -0.31 0.04 1.30 
40.55 26.27 -116.42 -0.35 0.60 0.75 
-5.68 -14.32 -175.35 0.14 -0.55 0.12 
-8.99 -20.94 -207.33 0.56 -1.10 0.42 
10.60 -19.62 -229.73 0.95 -0.70 0.46 
6.19 -20.70 -240.57 1.28 -0.70 0.62 
6.44 -1.65 -242.32 0.94 -0.07 -0.04 
1.38 5.42 -241.19 1.12 -0.32 0.23 
83.21 -70.83 -142.46 -0.11 0.02 0.28 
-0.64 -4.41 -143.46 -0.19 0.06 1.13 
5.23 15.98 -147.77 -0.52 -0.07 0.73 
1.51 6.35 -146.03 -0.71 -0.04 0.39 
12.48 -14.45 -120.48 -0.89 0.33 0.82 
1.73 -6.95 -121.32 -0.27 0.17 1.12 
24.69 14.77 -168.70 -0.20 0.74 0.55 
-7.55 -103.76 -211.94 1.37 -0.37 0.74 
6.22 -3.56 -210.42 1.15 -0.16 0.31 
-9.83 12.45 -210.81 1.12 -0.37 0.32 
-17.51 -0.46 -166.92 1.28 -1.51 0.52 
22.43 11.67 -114.27 0.83 -1.18 0.07 
15.46 6.64 -62.86 0.07 -0.29 0.16 
1.81 -4.57 -39.65 -0.16 0.34 0.56 
14.74 3.70 -44.81 -0.40 0.41 1.11 
7.40 18.49 -50.68 -0.64 0.09 0.37 
-0.36 -6.90 -45.89 -0.79 0.03 0.48 
-9.08 -26.20 -40.10 -0.37 0.90 0.97 
32.56 14.85 -72.49 -0.14 0.69 0.84 
47.59 -20.20 -119.87 -0.39 0.23 0.22 
-23.41 -10.64 -152.62 0.97 -0.99 0.47 
2.59 -30.70 -175.83 1.06 -0.79 0.83 
16.66 -24.97 -181.90 0.90 -0.21 0.57 
0.30 4.53 -183.42 1.09 -0.32 0.34 
36.57 -46.58 -47.54 -0.06 0.22 0.36 
5.80 0.53 -50.02 -0.21 0.33 1.15 
8.70 17.19 -57.30 -0.67 -0.13 0.28 
1.13 -6.44 -48.16 -0.84 -0.09 0.49 
2.80 4.10 -59.62 -0.35 -0.28 1.31 
41.80 19.97 -107.00 -0.30 0.50 0.41 
-21.69 -43.48 -165.93 0.54 -0.99 0.22 
8.06 -29.99 -194.84 1.06 -0.73 0.64 
7.72 -17.99 -207.28 1.38 -0.72 0.60 
24.21 1.74 -207.95 1.16 0.12 0.48 
44.16 -40.49 -18.33 0.00 -0.19 0.15 
15.71 -2.93 -19.90 -0.21 0.38 1.01 
10.50 22.71 -25.98 -0.57 -0.07 0.22 
6.19 -11.39 -16.05 -0.91 0.50 0.43 
25.01 1.41 -29.98 -0.45 0.09 1.19 
49.37 8.99 -76.88 -0.35 0.42 0.14 
-27.91 -71.13 -124.70 0.88 -0.85 0.30 
19.13 -40.12 -151.68 1.64 -0.75 0.73 
-1.03 -14.96 -151.99 1.35 -0.46 0.74 
-4.14 13.45 -148.68 1.10 -0.36 0.16 
1.25 2.72 -120.77 1.13 -0.99 0.22 
24.69 -2.09 -72.22 0.94 -1.76 0.09 
25.18 3.44 -19.58 0.09 -0.57 0.05 
12.22 -6.49 5.77 0.02 0.50 0.45 
2.80 10.76 0.43 -0.36 0.14 1.07 
6.28 16.06 -1.14 -0.69 0.09 0.16 
-8.01 -10.79 9.41 -0.71 -0.05 0.59 
8.15 14.20 -8.92 -0.40 0.04 0.91 
17.11 10.04 -56.30 -0.15 0.22 0.17 
13.10 -30.66 -102.65 0.55 -0.81 0.23 
4.25 -35.16 -128.19 1.06 -0.71 0.71 
13.51 -19.66 -137.04 1.46 -0.56 0.71 
19.26 2.45 -139.93 1.06 0.00 0.21 
-2.69 12.76 -137.83 1.21 -0.35 0.36 
-22.39 29.66 -80.07 1.26 -1.33 0.70 
21.03 25.40 -27.43 0.51 -0.60 0.15 
-6.65 -9.02 13.43 -0.21 0.13 0.43 
18.73 6.71 9.37 -0.37 0.50 1.18 
0.62 14.75 4.77 -0.72 -0.10 0.16 
6.26 -17.26 33.71 -1.06 0.26 0.48 
11.01 7.60 25.33 -0.46 -0.16 0.90 
37.73 12.58 -21.81 -0.23 0.23 0.38 
1.45 -16.73 -68.95 0.69 -0.57 0.16 
9.76 -33.25 -101.05 0.69 -0.95 0.51 
2.12 -22.73 -113.30 1.29 -0.74 0.42 
25.55 9.58 -114.96 0.98 0.03 0.19 
-7.30 6.90 -107.46 1.14 -0.54 0.32 
-6.39 3.41 -59.70 1.12 -1.62 0.04 
28.56 -12.39 -6.79 0.78 -1.36 -0.26 
19.36 -4.36 29.35 -0.21 0.12 0.19 
10.14 -6.24 33.50 -0.31 0.28 0.80 
5.02 20.32 27.05 -0.54 -0.02 0.60 
0.61 3.18 33.31 -0.78 -0.04 0.26 
-4.46 10.58 24.04 -0.81 0.43 0.61 
37.16 5.13 -34.87 -0.54 0.52 0.38 
7.74 -23.88 -82.02 0.16 -0.75 0.25 
4.62 -23.62 -107.16 0.42 -0.78 0.60 
3.29 -33.94 -135.26 1.43 -0.38 0.93 
1.34 -8.09 -137.33 1.32 -0.20 0.69 
-14.74 9.48 -132.41 1.06 -0.55 0.17 
-19.89 5.96 -92.96 1.22 -1.29 0.01 
8.71 -12.28 -40.05 0.51 -1.29 -0.08 
17.80 -14.88 0.11 -0.22 -0.68 0.22 
10.63 -5.86 19.32 -0.24 0.24 0.46 
5.50 14.22 8.94 -0.43 -0.02 0.87 
4.23 1.21 5.62 -0.67 -0.06 0.41 
2.53 -2.64 14.92 -1.09 0.23 0.70 
14.30 8.82 -1.83 -0.29 0.24 1.23 
14.91 1.65 -48.97 -0.44 0.52 -0.15 
-7.33 -18.19 -95.20 0.27 -0.91 0.10 
-6.10 3.95 -102.85 1.01 -0.34 0.00 
-10.75 16.34 -73.36 1.33 -1.13 0.35 
16.13 -3.97 -20.44 0.97 -1.56 -0.19 
28.12 -14.67 25.02 0.03 0.28 0.22 
5.24 8.07 17.88 -0.37 0.31 0.96 
6.98 5.17 15.87 -0.63 0.08 0.22 
14.22 26.81 -5.00 -0.27 0.27 1.23 
24.97 -12.31 -64.17 -0.43 0.13 0.14 
17.17 -34.81 -90.74 0.42 -0.33 0.51 
0.57 -42.80 -102.29 1.20 -0.50 0.82 
6.48 -26.49 -106.94 1.71 -0.57 0.74 
4.19 3.36 -109.15 0.86 -0.11 0.22 
-16.16 13.62 -88.29 1.24 -0.81 0.34 
-24.17 -8.29 -35.38 0.92 -1.46 -0.01 
31.13 -18.95 17.78 0.45 -0.93 -0.13 
11.18 -4.54 48.12 -0.03 0.20 0.36 
10.68 9.05 44.04 -0.36 0.50 1.05 
7.65 13.93 33.83 -0.71 -0.02 0.21 
-0.28 -20.22 42.54 -1.01 -0.21 0.50 
-0.30 25.99 9.21 -0.48 -0.02 0.84 
24.73 8.78 -38.16 -0.31 0.21 0.08 
13.52 -24.99 -79.58 0.81 -0.81 0.51 
2.84 -26.89 -101.48 1.18 -0.77 1.04 
-0.37 -39.65 -110.84 1.39 -0.48 0.69 
-12.83 18.97 -108.65 1.21 -0.54 0.39 
-37.72 -12.71 -42.52 0.93 -1.84 -0.26 
20.61 -20.72 10.12 0.46 -0.94 -0.25 
24.13 -24.58 51.31 -0.15 0.00 0.36 
8.44 13.82 42.35 -0.22 0.53 0.98 
-0.25 10.89 34.70 -0.70 -0.06 0.30 
-4.20 -20.05 39.28 -0.79 -0.24 0.56 
-6.20 22.16 17.87 -0.39 0.27 0.93 
13.61 20.63 -26.04 -0.42 0.17 0.53 
28.87 -14.30 -81.27 -0.07 -0.41 0.24 
4.10 -21.03 -109.83 0.80 -0.75 0.55 
0.84 -28.14 -128.74 1.13 -0.80 0.69 
13.42 -15.87 -128.94 1.08 -0.38 0.44 
6.85 -5.59 -132.85 1.10 -0.38 -0.02 
-15.83 3.05 -117.67 1.14 -0.70 0.26 
9.88 4.96 -64.76 1.10 -1.58 0.05 
35.07 -7.64 -12.11 0.39 -0.76 -0.18 
16.96 -4.31 13.18 -0.15 0.20 0.33 
8.49 10.61 8.11 -0.53 0.37 0.89 
7.75 8.54 0.15 -0.62 0.05 0.38 
-0.02 -6.73 6.01 -1.02 -0.11 0.48 
2.22 6.56 -8.06 -0.69 0.21 0.72 
25.95 -134.32 -98.01 1.21 -0.59 0.83 
9.90 -28.76 -103.20 1.28 -0.37 0.50 
19.13 -1.88 -104.82 1.10 -0.33 0.37 
-4.44 10.15 -97.77 1.15 -0.46 0.23 
-3.88 8.01 -54.31 1.22 -1.19 0.24 
10.16 -3.71 -1.13 0.62 -1.18 -0.10 
14.90 -8.06 38.64 -0.17 -0.32 0.19 
13.14 -4.66 54.30 -0.33 0.11 0.48 
9.32 6.84 48.23 -0.49 0.23 0.91 
7.97 11.12 44.54 -0.61 0.01 0.42 
9.64 -3.40 53.16 -0.82 0.01 0.42 
2.26 -1.93 46.99 -0.26 0.68 1.35 
35.51 17.62 1.31 -0.39 0.51 0.50 
-1.25 -15.76 -45.59 0.09 -0.32 0.26 
-4.94 -30.32 -74.95 0.61 -1.09 0.71 
10.08 -36.80 -89.34 1.20 -0.74 1.00 
6.35 -21.91 -94.92 1.21 -0.47 0.48 
6.16 2.68 -97.16 1.14 -0.18 0.60 
-0.53 2.59 -97.73 1.03 -0.40 0.17 
-10.49 10.76 -71.21 1.21 -0.97 0.37 
7.15 -6.23 -18.30 0.70 -1.72 -0.05 
34.61 -14.27 36.36 -0.07 -0.62 0.06 
11.07 -3.71 53.48 -0.32 0.17 0.46 
11.36 6.09 50.86 -0.48 0.33 1.01 
9.62 8.60 47.50 -0.63 0.02 0.42 
7.59 4.22 46.62 -0.69 0.15 0.52 
2.54 -12.36 57.65 -0.83 0.47 0.77 
7.38 4.04 54.58 -0.39 0.38 1.02 
31.56 9.52 7.20 -0.49 0.41 0.36 
1.83 0.83 -39.93 0.01 -0.43 0.49 
10.14 -33.38 -76.85 0.67 -0.98 0.92 
11.12 -28.96 -95.50 0.93 -0.68 0.71 
14.70 -15.69 -98.22 1.15 -0.18 0.60 
5.25 -5.45 -99.78 1.00 -0.39 0.17 
4.20 -0.60 -101.31 1.04 -0.20 0.27 
-15.43 11.20 -80.67 1.01 -0.95 0.33 
9.22 0.30 -33.17 0.90 -1.37 0.12 
28.25 -1.48 16.90 0.29 -0.81 0.01 
10.77 -5.20 45.76 -0.29 0.07 0.32 
9.87 5.04 42.34 -0.30 0.39 0.98 
1.69 10.42 30.96 -0.75 -0.08 0.42 
-3.35 -19.08 36.23 -0.83 -0.29 0.62 
-2.67 6.96 27.49 -0.43 0.01 0.95 
34.59 28.64 -31.43 -0.36 0.07 0.48 
-17.06 -13.31 -78.57 0.44 -0.70 0.34 
4.69 -19.91 -108.38 0.84 -0.79 0.56 
-1.04 -24.30 -126.99 1.28 -0.63 0.54 
12.36 -9.97 -131.14 1.15 -0.41 0.27 
12.12 -0.39 -133.27 1.03 -0.21 0.20 
0.39 13.56 -119.87 1.31 -0.61 0.40 
26.94 17.48 -69.39 1.02 -1.33 0.37 
11.25 13.50 -16.48 0.25 -0.67 0.26 
10.21 0.18 16.48 -0.13 0.06 0.33 
6.13 -11.50 34.92 -0.73 -0.17 0.45 
22.83 12.18 6.53 -0.49 0.39 1.00 
26.36 1.99 -40.60 -0.35 -0.03 0.30 
-21.93 -11.10 -81.14 0.21 -0.83 0.29 
-4.76 -21.56 -113.15 0.77 -1.12 0.49 
2.86 -19.95 -133.25 1.10 -0.93 0.70 
6.78 -11.80 -134.44 1.02 -0.34 0.32 
0.67 2.47 -136.61 1.00 -0.38 0.23 
45.19 -70.33 -15.42 -0.21 -0.05 0.28 
6.13 -4.19 -13.39 -0.25 0.16 0.90 
11.45 13.29 -20.99 -0.48 -0.04 0.77 
0.58 7.71 -25.99 -0.76 -0.04 0.42 
-2.44 -8.37 -34.63 -0.85 -0.20 0.42 
2.03 -12.16 -42.17 0.12 -0.09 1.91 
27.07 21.76 -74.64 -0.37 0.03 0.79 
13.78 3.00 -121.78 -0.15 -0.26 0.27 
-3.60 -24.07 -158.26 0.73 -0.88 0.57 
1.00 -33.80 -183.74 1.16 -0.94 0.36 
3.29 -13.09 -190.86 1.13 -0.54 0.47 
4.33 -2.02 -195.71 0.95 -0.40 -0.04 
-6.41 8.04 -199.22 1.10 -0.38 0.21 
40.83 -76.79 -59.53 -0.07 -0.08 0.36 
0.27 -4.48 -48.39 -0.17 0.41 0.93 
10.71 15.25 -59.94 -0.27 0.08 0.73 
5.31 1.45 -60.24 -0.64 -0.15 0.38 
8.35 -15.18 -42.55 -0.57 0.18 1.39 
25.36 14.93 -71.55 -0.43 0.43 0.67 
-9.64 -8.81 -118.70 -0.02 -0.13 0.25 
14.03 -15.05 -157.68 0.57 -1.29 0.38 
-0.71 -23.34 -181.95 1.10 -0.76 0.64 
3.87 -16.80 -190.97 1.12 -0.57 0.33 
4.45 -6.10 -193.19 1.15 -0.39 0.38 
-12.64 8.43 -195.29 1.06 -0.29 0.14 
-16.14 21.68 -149.79 1.26 -1.43 0.22 
13.36 -8.11 -96.88 0.68 -1.40 -0.29 
4.90 -15.45 -50.41 0.00 -0.32 -0.07 
-3.13 -12.01 -27.12 -0.25 0.40 0.68 
7.05 6.93 -32.61 -0.45 0.29 1.10 
0.60 5.69 -38.19 -0.62 0.04 0.30 
0.73 -3.50 -35.04 -0.73 -0.16 0.79 
14.95 9.37 -43.85 -0.28 0.54 1.06 
20.92 11.03 -102.78 -0.35 0.33 0.20 
10.65 -44.83 -174.21 0.71 -1.00 0.56 
-2.07 -0.26 -176.46 0.60 -0.97 0.54 
6.12 -12.40 -197.77 1.10 -0.45 0.48 
-16.45 11.63 -131.27 0.88 -1.54 0.07 
-16.45 11.63 -131.27 0.88 -1.54 0.07 
6.46 -6.55 -91.06 0.62 -1.50 -0.34 
5.19 -8.54 -64.60 0.29 -0.99 -0.27 
3.19 -7.67 -13.92 -0.07 0.47 0.79 
3.69 18.69 -29.65 -0.57 0.02 0.42 
0.00 0.00 0.00 0.00 0.00 0.00 
40.89 32.76 -319.19 -0.25 -0.01 0.89 
16.34 4.51 292.39 -0.29 -0.01 0.35 
-20.88 -19.36 258.67 0.30 -0.55 0.47 
9.78 -18.90 235.19 0.82 -0.95 0.64 
-3.65 -27.89 217.35 1.35 -0.85 0.45 
14.87 -1.48 221.39 1.10 -0.65 0.44 
-0.87 -0.56 224.94 1.03 -0.24 0.07 
-2.89 8.80 243.62 1.21 -0.76 0.32 
-11.26 -4.77 285.93 1.00 -1.58 -0.10 
14.60 -29.96 -310.34 0.17 -0.69 -0.37 
14.98 -22.42 -282.08 -0.33 -0.02 0.59 
4.58 -2.93 -279.25 -0.24 -0.05 1.07 
3.27 7.39 -276.06 -0.40 -0.23 1.02 
-1.39 9.23 -268.79 -0.67 -0.12 0.65 
-4.59 7.18 -262.50 -0.74 0.01 0.65 
-26.69 -38.96 -264.79 -0.53 -0.24 0.62 
0.87 0.59 -264.30 -0.47 -0.42 1.03 
7.60 23.16 -276.97 -0.22 -0.09 1.04 
24.31 28.03 319.93 -0.21 -0.32 0.60 
-8.09 -9.06 276.27 0.14 -0.44 0.12 
-14.45 -14.91 258.00 0.87 -0.79 0.27 
-5.90 -15.70 243.17 1.07 -0.44 0.18 
0.40 -5.05 240.49 1.23 -0.37 0.10 
173.40 -3.71 135.97 0.89 -1.04 -0.04 
39.05 188.87 111.65 -0.09 -0.29 1.25 
10.24 37.58 71.80 -0.35 -0.20 0.47 
10.72 14.48 40.59 -0.17 -0.63 -0.28 
4.96 -8.10 6.91 0.48 -0.82 0.12 
2.34 -8.19 -23.69 1.13 -0.63 -0.21 
24.49 -13.32 -38.64 1.26 -0.66 0.05 
0.51 -3.15 -39.22 0.96 -0.13 -0.07 
-13.97 8.89 -19.08 1.18 -0.73 0.08 
-2.87 -3.07 33.68 0.98 -1.38 -0.32 
7.07 -28.10 86.44 0.39 -0.83 -0.36 
15.07 -18.96 116.83 -0.25 0.10 0.26 
4.70 -7.80 126.27 -0.40 0.03 0.77 
-25.49 -31.40 138.98 -0.83 -0.27 0.45 
-4.47 -27.61 132.35 -0.43 -0.38 1.19 
6.69 15.37 129.17 -0.11 -0.37 1.20 
39.98 42.02 81.88 -0.50 -0.15 0.45 
-3.61 0.54 38.99 0.13 -0.80 0.36 
22.49 -25.76 10.20 0.68 -0.93 0.31 
13.02 -22.28 -12.36 1.22 -0.67 0.52 
4.60 -12.95 -17.94 1.15 -0.46 0.22 
12.86 4.19 -13.86 1.01 -0.25 0.34 
-7.08 3.39 -7.57 1.11 -0.36 0.11 
-3.09 2.83 28.03 1.35 -1.04 0.03 
6.54 -5.85 78.71 0.70 -1.18 -0.23 
16.34 -12.55 121.86 0.07 -0.53 0.06 
8.00 -14.69 144.14 -0.27 -0.26 0.65 
135.90 259.42 -1.49 -0.22 -0.11 1.08 
13.31 23.79 -29.32 -0.36 -0.41 0.17 
-21.60 -3.07 -66.55 0.38 -1.05 0.19 
-5.21 -13.03 -96.25 1.05 -0.97 0.29 
12.91 -19.19 -114.53 1.14 -0.59 0.27 
10.63 -39.34 59.15 0.94 -1.18 -0.39 
10.50 -20.59 100.60 0.30 -0.86 -0.34 
14.81 -23.65 130.06 -0.21 -0.40 0.25 
8.21 -12.21 146.47 -0.23 -0.17 0.77 
-1.15 7.79 149.13 -0.40 -0.32 1.04 
7.40 8.97 154.27 -0.52 -0.23 0.64 
61.80 127.81 98.99 -0.22 -0.09 1.17 
14.93 35.06 55.03 -0.20 -0.10 0.37 
-1.93 19.02 20.59 0.44 -1.17 -0.02 
4.23 -6.99 -5.87 0.43 -1.21 0.24 
9.85 -17.06 -31.24 0.94 -0.74 0.20 
-10.53 24.56 10.01 1.12 -0.38 0.24 
-3.13 -1.45 57.68 1.31 -1.29 -0.09 
15.28 -14.75 110.71 0.81 -1.09 -0.46 
9.77 -20.43 156.10 -0.07 -0.51 -0.01 
4.12 -22.07 182.60 -0.27 0.06 0.58 
144.90 190.34 18.00 -0.12 0.23 1.25 
12.35 27.18 -29.30 -0.17 0.01 0.30 
11.02 -9.40 -68.08 0.44 -1.36 0.08 
4.19 -15.27 -98.21 1.07 -1.05 0.39 
11.78 -25.26 -122.53 1.31 -0.70 0.44 
-0.67 -10.14 -123.15 1.13 -0.26 0.28 
129.28 -107.44 77.43 -0.02 -0.42 0.13 
12.54 -12.59 94.68 -0.31 0.28 0.79 
2.29 4.73 96.50 -0.43 0.03 1.15 
7.84 9.05 93.55 -0.60 -0.02 0.66 
-4.45 2.89 93.51 -0.72 -0.15 0.59 
-12.64 -0.51 110.61 -0.62 0.04 1.11 
6.05 -3.43 106.08 -0.62 -0.42 0.97 
24.94 33.16 79.32 -0.36 0.08 0.79 
21.39 9.76 32.03 -0.13 -0.60 0.30 
3.74 -17.44 -1.82 0.79 -1.01 0.51 
-5.37 -24.79 -23.02 1.05 -0.73 0.51 
9.84 -13.62 -33.13 1.18 -0.29 0.44 
9.22 -0.89 -27.56 0.96 -0.12 0.05 
-8.41 3.95 -18.65 1.15 -0.33 0.29 
-11.59 7.42 23.14 1.38 -0.88 0.19 
18.47 -13.77 89.10 0.60 -1.05 -0.21 
6.33 -19.97 135.87 -0.13 -0.29 0.18 
5.75 -16.28 160.02 -0.24 0.14 0.81 
2.05 -0.06 162.68 -0.18 0.10 1.25 
5.55 12.56 161.19 -0.48 0.02 0.72 
-5.09 10.37 162.52 -0.73 -0.05 0.63 
-12.76 -3.20 163.48 -0.77 -0.27 0.65 
-2.76 -20.34 168.82 -0.28 -0.41 1.34 
11.08 20.78 159.12 -0.06 -0.12 1.27 
17.70 33.84 112.07 -0.22 -0.14 0.40 
4.80 -4.25 77.10 0.24 -0.86 0.34 
-2.42 -26.27 42.58 0.93 -0.75 0.49 
-3.75 -24.30 25.29 1.25 -0.85 0.41 
8.50 -14.20 21.84 1.11 -0.30 0.30 
44.11 -84.01 219.69 0.35 -0.88 -0.41 
11.37 -22.03 250.47 -0.19 -0.07 0.27 
2.01 -8.41 260.86 -0.24 0.13 1.17 
8.91 17.95 258.58 -0.53 -0.21 0.77 
0.20 8.48 260.60 -0.73 -0.18 0.48 
-20.55 -23.86 257.26 -0.82 -0.11 0.47 
4.64 9.57 260.99 -0.48 -0.08 0.95 
9.85 26.07 247.13 -0.26 -0.13 1.14 
14.56 17.78 189.85 -0.16 -0.17 0.37 
-22.63 -17.80 147.98 0.51 -0.68 0.03 
-0.50 -23.67 117.25 1.24 -0.96 0.16 
10.53 -15.20 111.76 1.30 -0.44 0.36 
2.97 -3.00 113.65 1.04 -0.08 -0.11 
0.78 -2.07 116.87 0.98 -0.17 -0.07 
-42.31 12.72 145.68 1.30 -0.77 0.27 
-0.17 -18.49 207.48 1.03 -1.14 -0.44 
19.04 -26.02 253.81 0.25 -0.75 -0.35 
11.61 -22.99 285.12 -0.23 -0.07 0.52 
4.68 -6.87 290.98 -0.23 0.16 1.04 
1.42 15.67 289.48 -0.42 -0.07 0.83 
-3.40 4.01 292.34 -0.78 -0.16 0.56 
9.20 -4.96 292.24 -0.84 0.05 0.76 
-0.83 -15.62 287.34 -0.28 -0.23 1.34 
1.12 5.69 286.62 -0.20 -0.21 1.23 
22.66 37.88 248.57 -0.30 0.17 0.65 
-4.16 7.16 201.28 0.27 -0.56 0.03 
-9.91 -15.99 168.96 0.92 -0.84 0.16 
-12.27 -15.85 148.87 1.23 -0.94 0.06 
8.46 -11.63 141.72 1.11 -0.55 0.25 
2.00 -1.41 140.86 0.98 -0.21 -0.09 
-13.00 5.00 150.04 1.20 -0.43 0.19 
0.68 6.13 189.65 1.24 -1.09 -0.05 
21.74 -6.11 242.68 0.80 -1.19 -0.23 
10.80 -9.38 287.87 -0.10 -0.50 0.24 
1.88 -10.32 319.63 -0.28 0.13 0.63 
4.58 -5.96 326.03 -0.27 0.15 0.96 
4.55 13.77 326.11 -0.37 -0.05 0.87 
-1.75 4.02 -324.75 -0.78 0.10 0.57 
-4.18 3.67 -320.25 -0.72 -0.27 0.77 
-12.15 -11.51 -315.90 -0.73 0.05 0.80 
44.46 -113.90 197.74 1.04 -0.93 0.12 
-1.55 -16.06 184.25 1.26 -0.69 0.46 
4.08 -8.31 184.26 1.05 -0.35 0.16 
3.99 -0.98 187.03 1.00 -0.20 0.07 
-24.96 10.50 210.21 1.20 -0.67 0.19 
5.51 4.56 255.38 1.16 -1.14 0.03 
6.00 -10.76 308.14 0.47 -0.68 -0.07 
7.01 -21.56 -310.50 -0.34 0.12 0.50 
1.96 -5.78 -300.75 -0.26 0.07 1.06 
4.63 17.12 -298.17 -0.61 -0.15 0.55 
-18.53 -3.91 -295.10 -0.70 -0.13 0.69 
6.61 -1.72 -288.15 -0.04 -0.42 1.58 
2.36 9.37 -289.84 -0.18 -0.33 1.27 
13.05 37.82 -323.00 -0.25 0.00 0.79 
-9.61 3.71 285.30 0.12 -0.62 0.24 
-12.04 -14.05 249.72 0.67 -0.85 0.17 
7.22 -18.93 223.60 1.02 -0.55 0.26 
-5.23 -10.46 205.41 1.26 -0.54 0.03 
1.57 -67.11 -265.42 1.08 -1.32 -0.51 
17.50 -31.68 -221.71 0.33 -1.03 -0.52 
16.92 -25.25 -191.58 -0.12 -0.17 0.24 
8.54 -9.56 -180.34 -0.24 0.06 1.00 
6.02 11.95 -180.03 -0.31 0.03 1.05 
-2.70 0.16 -178.65 -0.69 -0.26 0.51 
-10.75 -6.04 -169.98 -0.65 -0.32 0.78 
-0.94 -0.84 -166.96 -0.47 -0.30 1.05 
15.11 34.58 -200.73 -0.22 0.00 0.80 
-15.35 14.04 -244.21 0.19 -0.65 0.07 
-3.67 -6.14 -279.53 0.85 -0.93 0.14 
11.82 -14.63 -312.05 1.22 -1.07 0.29 
18.40 -13.94 -317.35 1.08 -0.44 0.21 
3.78 -2.53 -317.29 0.95 -0.15 -0.12 
-13.91 7.39 -300.18 1.17 -0.61 0.24 
2.54 -1.74 -257.69 1.22 -1.02 -0.05 
9.38 -15.91 -206.28 0.63 -1.20 -0.36 
21.92 -19.22 -164.01 0.00 -0.51 0.00 
17.42 -17.67 -140.63 -0.17 -0.02 0.71 
3.36 2.26 -140.07 -0.19 0.17 1.28 
-7.00 16.43 -141.95 -0.55 -0.03 0.60 
-8.12 -0.24 -146.64 -0.68 -0.21 0.55 
-5.74 -21.87 -141.49 -0.64 -0.52 0.84 
2.75 -0.35 -142.86 -0.50 -0.15 0.96 
11.82 37.24 -169.73 -0.29 0.18 0.80 
-6.30 21.37 -217.26 0.12 -0.49 0.09 
1.86 -11.52 -258.09 0.81 -1.05 0.15 
-5.07 -12.82 -279.45 1.17 -0.84 0.09 
7.34 -12.26 -286.02 1.12 -0.48 0.26 
5.50 -2.02 -283.58 1.03 -0.12 -0.05 
-9.57 6.40 -272.69 1.11 -0.42 0.11 
1.69 4.63 -227.59 1.20 -1.10 -0.20 
12.86 -6.91 -174.56 0.71 -1.24 -0.16 
10.78 -11.01 -121.80 -0.08 -0.59 -0.14 
2.31 -28.64 -92.55 -0.18 0.22 0.75 
1.39 7.50 -90.04 -0.24 0.05 1.17 
-5.53 -6.57 -88.19 -0.46 -0.53 1.05 
31.36 45.04 -114.71 -0.33 -0.06 0.86 
-5.14 17.22 -160.15 -0.07 -0.33 0.27 
5.94 2.35 -198.24 0.68 -1.37 0.10 
10.44 -31.97 -245.53 1.42 -0.75 0.18 
0.37 -12.15 -255.41 1.25 -0.48 0.13 
10.19 -6.05 -253.93 1.17 -0.35 0.28 
-5.87 2.46 -251.29 1.01 -0.18 0.00 
-22.68 7.20 -212.66 1.14 -0.77 -0.10 
1.81 -10.97 -164.10 0.99 -1.25 -0.23 
22.35 -41.32 -108.55 0.11 -0.75 -0.31 
8.78 -23.30 -84.09 -0.20 0.20 0.84 
-33.69 -23.80 -81.38 -0.97 -0.32 0.59 
51.20 74.82 -129.90 -0.44 0.05 0.82 
-0.25 15.87 -174.40 -0.13 -0.30 0.19 
2.57 -8.08 -214.36 0.56 -0.92 0.15 
2.92 -21.59 -244.10 1.08 -0.83 0.20 
1.37 -18.72 -252.79 1.21 -0.53 0.34 
-1.66 0.15 -250.14 0.97 -0.12 0.10 
-14.29 5.44 -233.89 1.13 -0.64 0.10 
6.33 -12.64 -190.08 1.19 -1.28 -0.25 
21.12 -15.52 -143.94 0.48 -1.02 -0.47 
17.51 -16.54 -105.23 -0.13 -0.45 0.19 
7.93 -12.86 -82.69 -0.24 0.09 0.76 
8.54 6.08 -81.56 -0.30 -0.14 1.17 
0.93 12.56 -80.30 -0.64 -0.21 0.45 
-2.26 -0.94 -78.24 -0.86 -0.24 0.56 
0.00 -14.80 -75.45 -0.52 -0.24 1.02 
5.29 7.07 -78.74 -0.35 -0.40 1.15 
-1.03 35.62 -12.73 1.12 -0.41 0.15 
-12.86 2.72 31.07 1.26 -1.18 -0.09 
14.16 -20.55 84.09 0.88 -1.05 -0.67 
2.15 20.13 84.72 -0.83 -0.05 0.36 
-17.58 -16.93 93.56 -0.76 -0.52 0.73 
2.64 -0.67 90.06 -0.33 -0.17 1.29 
19.85 32.77 68.47 -0.29 -0.06 1.14 
16.74 17.64 21.18 -0.10 0.03 0.30 
-19.88 -16.16 -24.71 0.86 -0.75 0.02 
-10.84 -17.98 -63.21 1.80 -1.01 0.24 
15.05 -16.15 -66.44 1.29 -0.69 0.70 
1.75 7.41 -63.05 1.00 -0.21 -0.08 
9.80 -2.64 -60.18 0.90 -0.21 0.00 
0.00 0.00 0.00 0.00 0.00 0.00 
-290.57 -130.61 -196.80 1.02 -0.45 0.04 
-9.08 5.57 -198.06 1.09 -0.22 0.16 
-16.11 4.35 -165.92 1.32 -0.82 0.03 
5.60 -20.31 -115.98 1.04 -1.16 -0.70 
6.60 -40.07 -75.33 0.08 -0.63 -0.20 
13.85 -19.33 -63.56 -0.13 -0.12 0.60 
3.09 1.66 -61.42 -0.10 -0.28 1.24 
-1.01 20.65 -62.33 -0.55 -0.24 0.59 
-7.18 2.33 -58.80 -0.81 -0.34 0.58 
-8.50 -20.77 -60.31 -0.52 -0.74 0.93 
-2.68 2.55 -65.09 -0.26 -0.25 1.18 
-118.78 30.37 114.38 1.19 -0.80 -0.06 
10.81 -28.46 177.05 0.88 -1.33 -0.55 
14.46 -26.25 219.27 0.16 -0.74 -0.36 
182.07 299.03 -206.65 -0.26 -0.28 0.51 
-8.40 25.37 -220.49 0.88 -0.06 -0.15 
-22.74 11.37 -202.56 1.19 -0.68 0.22 
-4.22 0.44 -156.77 1.27 -1.19 -0.05 
6.65 -8.14 -138.52 -0.19 0.32 1.09 
0.87 19.25 -145.49 -0.47 0.03 0.77 
-5.86 1.60 -145.08 -0.58 0.00 0.66 
-12.66 -0.78 -140.61 -0.61 0.05 0.82 
-14.96 1.24 -136.02 -0.51 -0.17 1.00 
1.08 4.70 -140.33 -0.32 -0.26 1.13 
11.22 34.36 -165.92 -0.24 -0.08 1.05 
-0.42 24.39 -212.73 -0.16 -0.48 0.35 
-29.10 15.01 -248.76 0.20 -0.88 -0.16 
-0.14 -6.95 -280.63 0.60 -0.75 0.24 
9.66 -13.52 -310.61 1.04 -0.98 0.00 
23.85 -11.86 -324.65 1.03 -0.64 0.15 
0.42 4.24 -324.60 0.91 -0.12 0.12 
-23.99 14.05 -309.90 1.12 -0.53 0.19 
-16.11 -2.37 -269.97 1.12 -1.07 -0.20 
15.12 -16.11 -225.29 0.68 -1.08 -0.62 
17.87 -21.28 -188.37 -0.10 -0.49 -0.08 
3.45 -17.83 -166.79 -0.31 -0.06 0.54 
2.61 -4.31 -162.63 -0.19 0.05 1.19 
0.46 16.24 -165.91 -0.41 -0.15 0.92 
-10.87 3.48 -159.71 -0.71 -0.13 0.71 
-4.43 3.94 -156.07 -0.58 -0.04 0.87 
-11.14 -15.57 -155.64 -0.71 -0.21 0.71 
3.77 11.65 -161.82 -0.07 -0.29 1.25 
13.52 43.79 -203.87 -0.27 0.02 0.59 
-19.96 9.38 -244.82 -0.05 -0.90 0.13 
-0.80 1.51 -279.32 0.44 -0.87 0.08 
1.21 -13.52 -309.78 1.19 -0.94 0.25 
1.33 -7.16 -326.20 1.26 -0.58 -0.07 
5.00 6.45 -324.28 0.87 0.00 0.29 
-18.19 6.88 -319.89 1.01 -0.37 0.06 
-12.21 8.86 -287.89 1.11 -0.94 0.19 
4.11 -5.51 -238.20 0.78 -1.39 -0.51 
7.88 -13.60 -191.67 0.08 -0.61 -0.08 
4.91 -15.75 -162.58 -0.28 0.04 0.47 
0.44 -5.46 -153.26 -0.30 0.06 1.00 
3.17 14.65 -155.49 -0.50 0.00 0.86 
-8.29 7.27 -155.53 -0.76 0.06 0.64 
-17.79 -3.13 -156.85 -0.79 -0.06 0.62 
-5.03 0.74 -156.20 -0.52 -0.38 1.11 
4.14 7.93 -160.12 -0.26 -0.36 1.16 
5.68 41.76 -193.25 -0.22 0.02 0.68 
-61.70 25.34 -243.49 0.29 -0.83 -0.43 
3.89 4.62 -283.36 0.74 -0.75 -0.38 
6.24 -14.31 -313.51 1.22 -0.55 0.15 
-0.78 -1.45 -320.34 1.15 -0.54 0.10 
-7.75 6.75 -316.91 1.03 -0.27 -0.04 
-18.71 1.14 -274.23 1.25 -1.00 -0.30 
17.51 -19.55 -212.05 0.69 -1.03 -0.51 
15.06 -17.58 -176.97 -0.13 -0.41 0.01 
6.79 -12.76 -160.94 -0.31 -0.02 0.70 
-1.37 3.17 -159.41 -0.33 0.09 1.13 
0.50 16.29 -160.88 -0.52 -0.08 0.67 
-7.35 -3.46 -156.68 -0.74 -0.17 0.65 
-10.10 -1.41 -150.63 -0.49 -0.08 0.94 
-1.19 4.52 -153.90 -0.41 -0.28 1.28 
3.85 15.62 -159.41 -0.18 -0.21 1.29 
12.97 37.37 -203.25 -0.36 0.02 0.43 
-2.58 6.91 -265.89 0.42 -0.51 0.17 
1.33 -15.60 -299.50 1.05 -0.96 0.44 
4.19 -13.46 -323.52 1.07 -0.94 0.17 
31.34 7.88 -325.64 1.03 -0.29 0.47 
-12.66 7.30 -322.37 1.09 -0.24 0.20 
-124.13 -10.64 -323.19 -0.72 -0.16 0.61 
-10.72 -6.68 -319.04 -0.73 -0.33 0.78 
2.15 8.43 -319.30 -0.56 -0.34 0.87 
10.92 37.95 302.68 -0.16 0.12 0.92 
24.58 -51.76 212.00 1.29 -0.77 0.30 
6.06 1.95 212.82 0.98 -0.34 0.10 
-8.96 9.01 216.60 1.06 -0.42 0.20 
-9.68 9.77 248.80 1.26 -1.10 0.14 
12.16 -4.18 298.75 1.05 -1.40 -0.36 
11.08 -16.49 -308.20 0.10 -0.48 -0.13 
2.70 -18.96 -283.45 -0.24 0.14 0.61 
-0.66 0.46 -278.69 -0.34 0.03 1.06 
5.28 14.40 -281.12 -0.43 -0.08 1.02 
-8.88 8.91 -283.00 -0.68 0.10 0.65 
-8.17 4.44 -279.94 -0.68 -0.20 0.62 
-14.83 -5.04 -282.38 -0.73 -0.33 0.60 
-0.96 -6.12 -280.59 -0.29 -0.44 1.35 
17.38 51.25 -314.02 -0.18 0.01 0.96 
6.47 28.36 290.98 0.07 -0.40 0.01 
-7.31 0.91 247.69 0.80 -1.24 0.08 
-7.54 -8.97 218.48 1.08 -0.98 0.10 
2.63 -6.50 202.75 1.10 -0.55 0.39 
-2.93 -3.64 200.93 0.99 -0.38 0.14 
-10.78 6.53 203.91 1.04 -0.33 0.22 
-18.82 5.75 232.17 1.13 -1.02 0.00 
4.90 -9.18 282.09 0.99 -1.35 -0.36 
11.71 -21.39 -325.61 0.27 -0.90 -0.36 
2.59 -19.11 -292.59 -0.30 -0.11 0.27 
-0.11 -14.43 -279.61 -0.17 0.31 1.06 
1.51 15.28 -283.46 -0.25 0.17 1.09 
-8.67 12.31 -286.17 -0.74 -0.17 0.45 
-7.13 -1.27 -282.63 -0.68 -0.17 0.84 
-8.57 -4.94 -278.69 -0.29 0.00 1.46 
9.17 18.38 -288.99 0.01 -0.15 1.43 
9.76 38.86 322.70 -0.42 0.00 0.46 
2.45 18.17 283.81 -0.06 -0.73 0.00 
-0.17 -2.37 245.68 0.71 -0.89 -0.03 
2.75 -17.02 217.16 1.25 -0.90 0.14 
6.03 -10.71 205.74 1.19 -0.51 0.21 
-0.82 1.90 204.72 0.98 -0.07 0.10 
-19.86 11.46 218.38 1.15 -0.45 0.07 
-4.93 4.54 247.54 1.18 -0.96 0.00 
1.59 -4.15 290.92 0.73 -1.28 -0.26 
20.23 -16.67 -316.23 -0.10 -0.57 -0.02 
6.99 -20.20 -286.89 -0.21 -0.21 0.55 
-3.18 -5.72 -280.46 -0.23 0.17 1.16 
-0.66 20.75 -285.46 -0.44 -0.03 0.85 
-9.14 9.39 -281.33 -0.68 -0.35 0.57 
-7.97 -2.17 -279.48 -0.75 -0.07 0.73 
-12.30 -10.89 -279.52 -0.58 -0.37 0.95 
3.41 26.52 -288.76 -0.18 -0.28 1.26 
14.98 38.34 316.49 -0.24 -0.11 0.37 
-19.61 13.50 268.39 0.37 -1.14 -0.08 
-3.64 -4.43 242.27 0.92 -1.29 -0.12 
20.62 -2.62 219.95 1.29 -0.95 0.01 
10.66 2.95 219.07 1.04 -0.09 0.21 
-2.49 0.24 218.89 1.01 -0.28 -0.05 
-23.55 11.30 230.31 1.14 -0.45 0.26 
-28.63 -11.22 278.30 1.19 -1.38 -0.53 
-6.70 -50.30 -303.94 -0.02 -0.24 -0.47 
13.39 -29.58 -276.44 -0.08 0.14 0.71 
3.63 5.44 -278.87 -0.09 0.07 1.49 
-3.36 15.95 -283.27 -0.58 0.03 0.62 
-8.59 -5.39 -285.57 -0.76 -0.15 0.63 
-4.91 -2.38 -287.31 -0.69 -0.23 0.92 
-0.58 -0.53 -288.17 -0.36 -0.24 1.04 
2.28 35.33 -318.52 -0.22 0.12 0.96 
-9.45 35.66 280.93 0.39 -1.08 0.21 
-7.67 -7.70 240.77 0.84 -1.12 -0.16 
6.18 -18.03 209.31 1.27 -0.77 0.23 
5.78 -8.94 200.89 1.12 -0.38 0.32 
-2.15 -0.08 198.36 0.94 -0.16 -0.14 
-16.09 9.89 206.44 1.08 -0.32 0.16 
-13.35 3.91 250.35 1.25 -1.32 -0.12 
11.22 -13.85 300.29 0.83 -1.24 -0.51 
8.22 -20.45 -309.30 -0.05 -0.27 -0.01 
-0.49 -17.08 -290.47 -0.16 0.29 0.81 
1.30 13.64 -294.13 -0.32 0.00 1.11 
-7.39 13.10 -296.14 -0.68 -0.08 0.51 
-23.56 -4.87 -300.32 -0.92 -0.13 0.56 
-4.66 -5.37 -295.53 -0.41 -0.22 1.30 
-22.11 -27.93 238.17 0.88 -1.01 0.19 
-6.92 -10.44 209.80 1.10 -0.77 0.02 
6.24 -15.97 198.07 1.32 -0.44 0.44 
-4.60 6.79 199.31 0.99 -0.13 -0.09 
-28.47 14.87 224.65 1.22 -0.70 0.09 
-0.73 -5.16 270.50 1.01 -1.16 -0.36 
12.25 -23.87 323.19 0.15 -0.64 -0.16 
3.86 -23.18 -304.45 -0.54 -0.13 0.44 
2.61 -10.25 -298.24 -0.23 -0.19 1.05 
3.07 17.09 -300.90 -0.47 -0.26 0.88 
-12.38 0.58 -300.64 -0.76 -0.30 0.43 
-6.63 -8.07 -297.03 -0.58 -0.26 1.05 
-3.88 4.62 -298.48 -0.53 -0.41 0.94 
10.36 37.75 -319.33 -0.21 -0.23 1.04 
2.25 28.30 288.12 -0.18 -0.15 0.23 
6.82 3.06 247.95 0.37 -0.94 0.11 
-3.47 -11.60 209.63 0.98 -1.12 0.11 
-107.91 33.07 297.51 1.14 -0.91 0.07 
5.09 -7.54 -310.68 1.03 -1.24 -0.46 
13.02 -19.12 -265.60 0.28 -0.77 -0.37 
-2.91 -31.40 -231.15 -0.28 -0.08 0.43 
5.29 4.84 -230.55 -0.13 0.00 1.41 
-7.34 14.93 -234.56 -0.65 -0.30 0.41 
-12.15 -1.25 -237.64 -0.82 -0.21 0.66 
8.54 -18.19 -238.96 -0.55 -0.35 0.89 
4.02 11.98 -245.39 -0.18 -0.52 1.23 
13.19 47.83 -308.03 -0.21 -0.12 0.30 
-8.53 7.22 300.34 0.52 -0.99 -0.17 
-1.43 -8.69 268.61 0.99 -0.91 0.12 
2.59 -16.31 246.02 1.25 -0.54 0.31 
17.49 -4.45 239.82 1.09 -0.24 0.09 
-9.86 8.25 242.64 1.11 -0.17 0.12 
-32.84 10.63 261.68 1.13 -0.53 0.08 
-12.64 1.58 299.41 1.04 -1.09 -0.17 
5.38 -14.95 -310.04 0.57 -1.24 -0.50 
7.00 -29.62 -268.72 -0.07 -0.45 -0.24 
-0.04 -26.52 -243.27 -0.11 0.08 0.67 
7.18 9.80 -245.50 -0.37 -0.08 1.43 
-2.94 17.82 -248.72 -0.52 -0.04 0.55 
-3.00 7.19 -241.51 -0.74 -0.16 0.63 
-21.10 -8.47 -240.59 -0.62 -0.17 0.89 
-6.63 10.50 -243.23 -0.52 0.01 1.07 
-4.66 23.09 -286.26 -0.31 -0.21 0.60 
-16.40 12.99 319.67 0.37 -0.96 0.19 
37.16 1.00 283.38 0.77 -0.91 -0.17 
-12.55 -10.57 256.20 1.39 -0.45 -0.04 
1.25 -5.45 255.03 1.22 -0.26 0.25 
-8.44 4.37 256.99 1.01 0.02 -0.13 
-25.52 15.16 272.10 1.21 -0.32 0.15 
-13.75 2.76 309.01 1.22 -0.97 0.04 
6.73 6.10 -298.72 0.62 -1.11 -0.08 
2.88 -10.93 -249.49 0.18 -0.77 -0.11 
-16.42 -29.40 -210.99 -0.18 -0.08 0.25 
-2.03 -3.61 -207.07 -0.12 0.09 1.58 
-0.25 15.77 -212.96 -0.49 -0.07 0.66 
-21.59 -3.09 -211.92 -0.67 -0.08 0.43 
-3.43 -5.28 -215.12 -0.59 -0.72 1.00 
1.20 16.11 -224.76 -0.22 -0.62 1.06 
12.16 45.55 -273.21 -0.07 -0.15 0.53 
37.49 -48.38 151.30 0.97 -1.23 -0.24 
1.05 -35.67 200.99 0.11 -0.26 -0.18 
-12.02 -19.80 231.00 0.15 0.22 1.31 
-0.38 14.78 228.43 -0.16 -0.01 1.17 
-7.44 3.81 228.49 -0.75 -0.22 0.40 
-8.09 -9.29 234.04 -0.54 -0.50 0.93 
0.91 6.45 220.38 -0.30 -0.41 1.23 
15.51 38.91 173.71 -0.30 0.00 0.53 
-22.94 -5.95 123.60 0.34 -0.50 -0.05 
-17.19 -19.04 80.89 1.38 -0.63 0.11 
-2.23 -15.12 51.09 1.72 -0.65 0.20 
-2.80 3.17 52.00 1.18 -0.31 0.23 
-33.40 14.28 64.13 1.19 -0.37 0.21 
-15.72 3.85 94.49 1.19 -0.87 0.05 
4.30 -3.81 143.46 0.94 -1.34 -0.43 
5.65 -24.44 193.15 0.30 -0.55 -0.19 
-5.60 -33.16 228.49 -0.08 0.10 0.53 
-1.02 13.52 225.30 -0.07 0.01 1.47 
-10.93 7.31 225.76 -0.71 -0.17 0.42 
2.60 -17.80 220.88 -0.27 -0.22 1.35 
-0.09 3.22 220.40 -0.19 -0.20 1.45 
7.87 27.35 198.31 -0.09 -0.07 1.19 
9.08 19.26 175.53 -0.26 -0.08 0.58 
10.98 5.12 138.20 -0.20 -0.27 0.24 
-7.22 -2.97 116.68 0.32 -0.57 0.05 
-18.42 -17.88 89.17 1.15 -0.41 0.12 
-11.84 -12.25 71.07 1.52 -0.30 0.04 
25.91 -9.67 53.32 1.37 -0.27 0.00 
-2.46 -3.74 49.98 1.35 -0.23 0.42 
-9.55 6.20 51.41 1.08 -0.02 0.01 
-8.06 3.44 52.80 0.99 0.07 -0.08 
-23.16 10.09 64.79 1.23 -0.31 0.23 
-5.55 5.74 127.22 1.20 -1.47 -0.16 
-1.38 -36.07 201.63 0.07 -0.40 -0.01 
1.21 -11.72 225.21 0.00 0.13 0.32 
