0.00 0.00 0.00 0.00 0.00 0.00 
-60.59 48.50 5.48 1.01 -0.08 0.06 
-6.63 46.24 19.91 -0.87 -0.30 0.32 
-1.62 8.80 20.22 -0.87 -0.33 0.33 
-3.98 9.86 19.31 -0.88 -0.37 0.29 
-2.25 8.50 19.75 -0.88 -0.36 0.29 
-2.56 8.35 19.73 -0.87 -0.36 0.27 
-2.17 8.96 18.59 -0.86 -0.36 0.29 
-2.37 8.90 19.58 -0.88 -0.42 0.25 
7.78 8.67 26.11 -1.06 -0.52 0.63 
11.83 17.32 34.36 -1.09 -0.40 0.47 
14.71 30.78 28.86 -0.56 -0.07 0.02 
-5.69 35.48 25.38 -0.20 -0.27 -0.23 
-9.60 16.37 25.68 -0.41 -0.10 -1.59 
-9.02 -12.53 26.61 -0.52 -0.28 -0.95 
-14.91 -22.83 27.99 -0.47 -0.03 -0.30 
-23.80 -10.71 29.62 -0.63 0.01 0.38 
-19.33 9.10 26.84 -0.81 0.12 0.64 
-10.65 8.85 13.48 -1.11 -0.56 0.16 
14.39 13.65 8.64 -0.89 -0.51 0.63 
-3.40 9.38 12.45 -0.86 -0.52 0.31 
-1.41 9.08 13.68 -0.85 -0.43 0.28 
-1.18 8.80 12.89 -0.85 -0.44 0.23 
-3.23 8.77 13.64 -1.14 -0.48 0.39 
3.27 14.91 22.63 -1.27 -0.44 0.44 
6.56 26.78 27.34 -0.81 -0.47 0.25 
7.79 29.16 30.07 -0.47 -0.13 -0.11 
-3.62 30.02 34.80 -0.57 -0.02 -0.48 
-4.24 26.75 32.26 -0.31 0.01 -1.06 
-5.53 -14.41 27.91 -0.34 -0.17 -1.24 
2.02 -28.88 30.76 -0.30 -0.18 -0.44 
-9.33 -16.91 30.15 -0.66 -0.21 0.41 
-13.06 4.51 30.94 -0.62 -0.24 0.57 
-7.30 13.36 30.29 -1.40 -0.32 0.35 
-2.37 4.08 20.31 -0.94 -0.47 0.26 
-0.82 7.89 18.26 -0.85 -0.49 0.27 
-1.80 9.45 19.92 -0.82 -0.36 0.31 
-2.47 9.03 19.69 -0.88 -0.42 0.29 
-1.48 8.45 17.85 -0.84 -0.44 0.28 
2.62 8.28 19.91 -1.00 -0.42 0.44 
8.10 14.93 28.52 -1.13 -0.47 0.71 
2.39 21.87 27.90 -0.72 -0.27 0.36 
12.49 23.69 27.56 -0.46 -0.19 0.07 
-9.82 32.26 33.22 -0.43 -0.04 -0.40 
2.63 26.17 33.70 -0.33 0.08 -0.87 
-7.47 -4.52 30.21 -0.40 -0.06 -1.36 
-7.87 -25.57 27.99 -0.37 -0.03 -0.61 
-19.69 -18.71 20.50 -0.56 -0.07 0.10 
-11.64 -4.00 12.45 -0.80 -0.32 0.36 
-1.05 17.93 9.78 -0.93 -0.49 0.23 
-1.18 9.27 10.10 -0.82 -0.41 0.24 
-1.77 9.03 9.95 -0.85 -0.49 0.19 
1.30 8.19 10.71 -0.88 -0.43 0.26 
8.39 7.98 19.23 -1.14 -0.58 0.59 
5.34 19.03 21.67 -0.96 -0.37 0.42 
-7.95 27.50 22.24 -0.56 -0.36 -0.11 
4.31 43.95 33.93 -0.06 -0.19 -0.35 
3.78 24.36 33.60 -0.01 0.14 -1.05 
-1.14 -2.63 35.90 -0.01 -0.16 -1.52 
-0.32 -23.07 37.02 -0.20 -0.03 -0.95 
-5.75 -24.71 35.82 -0.42 -0.07 -0.32 
-15.25 -17.60 36.40 -0.47 -0.05 0.30 
1.53 -4.04 34.30 -0.80 -0.62 0.60 
-10.88 21.51 26.62 -0.76 -0.03 0.59 
1.12 4.59 20.40 -1.09 0.04 0.30 
-7.29 19.35 6.59 -0.99 -0.23 0.38 
-0.77 8.72 8.21 -0.89 -0.31 0.31 
-1.05 8.99 8.20 -0.90 -0.33 0.33 
-1.52 8.35 7.85 -0.86 -0.37 0.32 
0.73 12.26 8.96 -1.00 -0.44 0.36 
4.54 9.03 12.38 -0.98 -0.34 0.44 
5.10 12.90 15.30 -1.21 -0.32 0.33 
12.88 27.65 19.46 -0.79 -0.33 0.22 
8.65 36.53 24.64 -0.51 -0.23 -0.08 
1.66 38.62 20.76 -0.16 -0.02 -0.59 
0.73 20.55 20.16 -0.13 -0.06 -0.94 
4.73 -6.16 19.00 -0.10 -0.22 -1.45 
-5.78 -26.88 16.26 -0.18 -0.06 -0.83 
-5.06 -21.80 11.78 -0.68 -0.19 -0.23 
-8.52 -15.42 14.26 -0.66 -0.12 0.36 
-19.98 4.35 18.48 -0.61 0.04 0.68 
0.10 11.62 10.75 -0.91 -0.41 0.88 
-4.88 9.33 6.64 -0.89 -0.20 0.69 
-4.51 6.78 5.62 -1.04 -0.27 0.48 
-5.37 12.21 3.33 -0.95 -0.34 0.36 
-3.41 8.33 2.34 -0.88 -0.34 0.38 
-1.86 8.36 0.54 -0.85 -0.38 0.34 
-2.26 8.70 0.20 -0.86 -0.37 0.39 
1.87 8.64 4.81 -1.11 -0.36 0.52 
-20.23 108.50 11.52 -0.39 -0.18 -0.29 
-5.21 31.68 15.91 -0.22 0.08 -0.71 
2.81 16.94 15.57 -0.06 -0.04 -1.47 
-2.30 -11.89 14.39 -0.14 -0.20 -1.34 
-10.84 -30.95 14.16 -0.37 -0.02 -0.45 
-6.66 -20.62 16.79 -0.62 -0.08 0.19 
-15.77 -2.43 14.76 -0.70 -0.27 0.58 
-2.84 3.27 11.99 -0.92 -0.38 0.46 
6.69 15.59 13.85 -0.96 -0.35 0.42 
2.88 3.76 8.94 -0.78 -0.56 0.36 
-3.11 7.96 8.68 -1.00 -0.71 0.33 
-1.55 8.66 7.76 -0.80 -0.44 0.29 
-1.65 8.52 8.20 -0.81 -0.51 0.25 
-2.22 8.56 7.60 -0.82 -0.50 0.27 
-1.59 10.04 7.93 -0.93 -0.54 0.27 
-4.66 10.88 14.52 -1.04 -0.68 0.51 
-0.03 19.79 22.95 -0.93 -0.42 0.24 
-7.43 22.73 24.57 -0.78 -0.64 -0.13 
8.52 31.52 41.65 -0.49 -0.15 -0.36 
6.05 32.74 55.13 -0.23 0.16 -0.59 
1.87 20.80 56.98 -0.04 0.18 -0.97 
-1.52 -9.65 53.97 0.04 0.00 -1.46 
-3.56 -24.28 51.61 -0.23 0.02 -0.75 
-6.68 -22.77 48.88 -0.46 -0.17 -0.21 
-15.10 -12.61 46.02 -0.71 -0.23 0.30 
2.83 2.30 51.55 -0.62 -0.16 0.67 
-4.04 10.46 43.67 -0.82 -0.05 0.35 
1.06 0.27 38.22 -0.93 -0.48 0.32 
-9.64 10.85 29.61 -0.92 -0.50 0.42 
-3.13 9.97 28.32 -0.78 -0.43 0.29 
-2.81 8.28 27.56 -0.83 -0.51 0.27 
-2.23 8.50 28.02 -0.82 -0.46 0.25 
-1.88 8.15 28.17 -0.86 -0.52 0.26 
12.69 5.48 35.32 -0.96 -0.72 0.38 
7.79 18.46 48.43 -1.16 -0.39 0.53 
7.31 23.23 45.84 -0.90 -0.15 0.11 
1.70 31.57 47.41 -0.47 -0.26 -0.04 
-3.14 29.04 46.74 -0.44 -0.12 -0.30 
2.56 26.01 43.94 -0.28 -0.01 -0.79 
7.22 -6.08 42.87 -0.30 -0.36 -1.54 
-3.89 -19.33 48.14 -0.38 -0.22 -0.65 
-8.85 -20.28 48.90 -0.66 -0.08 -0.23 
-21.53 -12.12 48.05 -0.77 -0.09 0.30 
-11.35 -6.02 44.63 -0.96 -0.42 0.41 
6.71 9.91 40.14 -0.77 -0.29 0.57 
-5.16 9.25 37.55 -0.91 -0.26 0.44 
-3.28 6.44 30.95 -0.90 -0.47 0.31 
-2.33 9.16 30.47 -0.90 -0.51 0.36 
-1.94 8.08 29.13 -0.82 -0.43 0.32 
-2.92 8.09 29.45 -0.81 -0.48 0.30 
-1.68 8.13 30.28 -0.82 -0.51 0.28 
0.61 8.90 32.85 -1.00 -0.47 0.33 
6.48 7.59 42.27 -1.06 -0.48 0.47 
-0.14 22.79 50.71 -0.90 -0.35 0.40 
12.65 29.75 53.61 -0.82 -0.24 0.14 
4.98 35.68 64.69 -0.43 -0.04 -0.18 
2.45 33.65 67.53 -0.14 0.06 -0.60 
-4.79 19.74 66.36 -0.10 0.11 -1.49 
0.43 -18.33 65.09 -0.12 0.00 -1.34 
-3.03 -28.20 65.79 -0.38 -0.05 -0.46 
-14.49 -14.31 63.25 -0.64 -0.06 0.15 
-10.27 -7.41 55.32 -0.76 -0.36 0.55 
-10.24 9.76 53.23 -0.89 -0.12 0.25 
0.82 4.05 50.48 -0.93 -0.43 0.61 
5.47 6.78 45.71 -1.10 -0.22 0.24 
1.50 11.52 42.49 -0.86 -0.31 0.35 
-5.61 7.95 39.03 -0.88 -0.50 0.31 
-3.88 9.50 38.29 -0.83 -0.45 0.31 
-2.17 8.49 38.76 -0.84 -0.53 0.26 
-2.56 8.02 38.27 -0.81 -0.52 0.29 
-2.11 8.96 39.19 -1.03 -0.51 0.32 
4.62 8.20 48.35 -1.00 -0.31 0.50 
2.32 19.59 57.55 -0.87 -0.61 0.26 
1.07 28.33 65.56 -0.62 -0.48 0.02 
-3.20 37.06 75.20 -0.35 0.01 -0.29 
3.96 24.59 80.45 -0.23 0.11 -0.79 
-20.97 24.90 71.21 0.18 0.32 -1.28 
-0.02 -1.87 68.28 -0.02 0.04 -1.22 
-5.32 -18.53 63.78 -0.14 0.10 -0.91 
-0.45 -21.09 58.66 -0.49 0.04 -0.39 
-4.02 -18.80 53.04 -0.67 -0.02 0.16 
2.51 -5.29 55.04 -0.57 -0.07 0.70 
3.50 12.41 53.94 -0.92 0.01 0.33 
-1.56 6.34 45.07 -0.96 -0.07 0.50 
1.69 5.76 35.33 -0.97 -0.47 0.31 
-6.86 9.87 26.99 -0.99 -0.30 0.62 
-3.33 8.20 26.92 -0.79 -0.54 0.38 
-3.46 8.33 26.03 -0.77 -0.53 0.35 
-4.03 7.68 25.03 -0.75 -0.54 0.36 
-3.22 9.79 25.50 -0.82 -0.61 0.36 
1.37 9.43 33.12 -0.92 -0.60 0.39 
9.53 11.28 49.49 -0.94 -0.49 0.70 
-19.00 68.24 40.46 -0.18 0.12 -1.47 
2.48 -8.80 39.78 -0.14 -0.22 -1.35 
-2.06 -22.48 41.04 -0.26 -0.06 -0.77 
-6.28 -22.14 40.22 -0.60 0.02 -0.11 
-13.27 -8.25 38.74 -0.65 -0.04 0.32 
-6.58 -4.00 34.85 -1.01 -0.57 0.40 
-11.30 12.81 32.53 -0.70 0.00 0.54 
-8.13 7.50 20.45 -0.85 -0.48 0.58 
-0.12 8.50 16.60 -0.90 -0.68 0.54 
-2.81 9.04 16.86 -0.79 -0.52 0.32 
-3.34 9.55 16.24 -0.75 -0.58 0.31 
-2.02 9.66 17.05 -0.81 -0.58 0.32 
-0.16 11.88 22.57 -1.06 -0.72 0.27 
6.80 12.14 35.62 -0.94 -0.49 0.59 
2.22 22.67 37.96 -0.84 -0.38 0.26 
0.98 36.92 49.67 -0.54 -0.41 0.01 
-4.54 37.42 54.75 -0.16 -0.02 -0.57 
-3.17 16.59 53.70 -0.17 0.08 -1.39 
-2.25 -16.93 56.55 -0.23 -0.17 -1.13 
-3.52 -21.97 57.38 -0.42 0.02 -0.65 
-0.18 -26.78 57.20 -0.71 -0.42 0.23 
0.02 -0.16 66.54 -0.89 0.05 0.65 
-6.26 11.71 62.96 -1.02 -0.14 0.37 
-1.35 10.74 54.52 -1.09 -0.01 0.43 
-5.81 6.38 43.46 -0.85 -0.39 0.22 
-7.70 11.10 37.24 -0.96 -0.68 0.33 
-3.11 7.02 36.64 -0.75 -0.53 0.25 
-2.07 8.26 36.22 -0.77 -0.60 0.23 
-2.77 7.75 35.71 -0.80 -0.60 0.24 
5.20 10.07 41.95 -0.92 -0.71 0.43 
-2.61 17.02 53.64 -1.06 -0.56 0.39 
-2.08 20.27 58.70 -0.95 -0.37 0.14 
10.71 35.65 69.34 -0.46 -0.19 -0.14 
-3.10 35.83 79.79 -0.14 0.00 -0.41 
-1.82 25.00 76.01 -0.07 -0.03 -1.48 
0.30 -14.00 76.17 -0.14 -0.16 -1.35 
-8.92 -23.30 76.10 -0.33 -0.08 -0.51 
-8.84 -19.44 76.55 -0.62 -0.02 0.03 
-10.85 -10.19 66.94 -0.57 -0.18 0.50 
-7.14 13.79 69.48 -0.82 -0.25 0.52 
-2.80 8.90 65.44 -1.12 -0.29 0.25 
-5.94 8.85 57.45 -0.82 -0.27 0.21 
-4.13 7.15 57.54 -0.91 -0.49 0.23 
-3.08 8.73 56.35 -0.84 -0.47 0.25 
-2.03 8.38 56.09 -0.84 -0.47 0.26 
0.12 8.35 56.35 -0.95 -0.47 0.32 
3.91 8.74 64.21 -1.05 -0.51 0.47 
-10.86 16.34 66.22 -1.02 -0.51 0.44 
2.42 21.94 70.17 -0.75 -0.23 0.04 
7.11 31.09 85.95 -0.53 -0.09 -0.29 
1.16 29.40 98.48 -0.31 0.19 -0.65 
3.18 22.23 96.64 -0.16 0.23 -1.08 
2.60 -2.20 95.89 -0.21 -0.05 -1.21 
-3.12 -14.43 96.41 -0.28 0.07 -1.03 
-6.87 -22.60 93.45 -0.40 0.11 -0.58 
-14.75 -14.22 91.84 -0.65 -0.06 0.16 
6.26 4.43 85.58 -0.73 0.04 0.74 
2.98 29.37 91.59 -1.03 -0.89 0.39 
-3.72 9.36 83.42 -1.11 -0.13 0.38 
-6.17 7.78 78.02 -1.07 -0.41 0.31 
-2.53 9.14 74.93 -1.00 -0.44 0.34 
-1.00 8.84 76.34 -0.88 -0.40 0.26 
-1.62 9.13 76.34 -0.85 -0.47 0.28 
6.71 8.20 80.97 -0.83 -0.64 0.30 
-71.64 -211.92 60.87 -0.26 -0.07 -0.65 
-17.23 -20.21 52.99 -0.59 -0.14 0.01 
-13.29 -4.88 42.90 -0.69 -0.34 0.24 
0.23 1.26 47.95 -0.86 -0.24 0.70 
0.84 8.26 47.55 -0.93 -0.15 0.31 
-3.26 8.10 37.93 -1.09 -0.38 0.32 
-2.07 9.46 36.58 -0.94 -0.60 0.28 
-2.76 8.05 36.83 -0.80 -0.46 0.29 
-2.22 8.42 39.06 -0.80 -0.48 0.29 
-0.85 6.83 41.17 -1.11 -0.73 0.36 
-13.41 24.37 50.07 -0.88 -0.35 0.54 
9.40 23.93 61.40 -0.65 -0.50 0.06 
5.29 33.71 69.01 -0.44 -0.16 -0.16 
-0.16 32.38 74.88 -0.16 -0.11 -0.55 
4.35 16.26 77.06 -0.02 0.16 -1.10 
-0.13 -12.00 79.51 -0.10 -0.12 -1.19 
-0.09 2.68 79.62 -0.10 -0.08 -1.15 
-3.47 -16.06 78.17 -0.41 0.03 -0.56 
11.35 -1.99 73.41 -0.89 -0.52 0.62 
11.35 -1.99 73.41 -0.89 -0.52 0.62 
0.00 0.00 0.00 0.00 0.00 0.00 
-183.63 304.14 47.97 -0.97 -0.15 0.35 
-1.32 6.67 48.46 -0.91 -0.27 0.31 
-1.33 6.99 46.32 -0.92 -0.32 0.27 
1.50 5.83 46.55 -0.96 -0.36 0.30 
11.00 6.94 46.55 -0.98 -0.31 0.69 
16.67 21.13 58.54 -1.06 -0.22 0.45 
10.01 23.36 61.44 -0.58 -0.16 0.00 
8.68 19.03 66.95 -0.09 0.00 -0.13 
-1.48 20.36 64.65 -0.43 0.27 -0.73 
3.12 0.66 60.47 -0.45 -0.06 -1.61 
-2.76 -27.47 60.88 -0.36 -0.11 -0.63 
-6.68 -26.66 58.04 -0.47 -0.20 0.22 
-9.83 -9.73 55.99 -0.67 -0.06 0.67 
-11.41 4.03 46.38 -0.95 -0.77 0.51 
-14.68 9.28 40.13 -0.88 -0.06 0.29 
-5.06 11.76 32.40 -0.90 -0.35 0.27 
1.76 6.97 33.02 -1.15 -0.44 0.29 
6.78 4.72 40.27 -1.23 -0.40 0.41 
17.49 18.20 44.14 -0.81 -0.16 0.39 
3.64 25.60 40.80 -0.67 -0.18 0.12 
-14.66 39.49 39.76 -0.25 -0.15 -0.69 
3.38 15.68 40.57 -0.22 0.03 -0.96 
0.00 -5.12 38.85 -0.25 0.03 -1.33 
-1.38 -21.61 38.98 -0.34 -0.03 -0.84 
-2.55 -28.80 41.79 -0.54 0.00 -0.08 
-9.44 -7.78 44.26 -0.72 0.05 0.48 
6.93 14.26 44.07 -0.65 -0.17 0.95 
1.12 7.42 33.74 -0.98 0.05 0.55 
-6.01 10.37 20.10 -1.17 -0.18 0.20 
-0.07 8.48 14.94 -0.97 -0.54 0.31 
-0.84 6.10 15.53 -0.87 -0.43 0.21 
-1.61 7.34 13.75 -0.85 -0.46 0.23 
-1.28 6.80 12.20 -0.86 -0.48 0.20 
1.89 5.56 16.18 -1.07 -0.51 0.31 
7.24 11.95 24.50 -0.98 -0.45 0.51 
8.51 12.99 28.18 -1.03 -0.36 0.16 
9.05 25.62 31.99 -0.64 -0.10 -0.13 
-1.45 28.07 35.49 -0.52 0.19 -0.42 
-3.27 26.05 27.51 -0.25 -0.10 -1.06 
-5.82 2.35 25.09 -0.38 -0.22 -1.22 
-3.34 -16.94 25.54 -0.45 -0.11 -0.79 
-5.94 -27.90 24.52 -0.60 -0.03 -0.12 
-10.29 -15.17 21.20 -0.60 -0.07 0.47 
-1.72 13.66 18.52 -0.74 -0.61 0.60 
5.73 3.23 11.19 -1.01 -0.25 0.48 
-1.75 7.43 4.82 -1.00 -0.27 0.25 
-2.54 8.14 -2.27 -1.06 -0.42 0.28 
-1.75 5.90 -2.96 -0.81 -0.54 0.20 
-1.68 6.53 -5.14 -0.80 -0.51 0.22 
0.53 6.42 -4.79 -0.88 -0.56 0.23 
4.02 5.14 -0.16 -0.96 -0.54 0.30 
-5.61 90.66 21.41 -0.54 -0.14 -0.34 
2.97 25.95 22.35 -0.33 0.10 -0.63 
-1.91 0.61 16.02 -0.19 -0.07 -1.41 
-1.38 -23.53 15.26 -0.93 -0.14 0.61 
-4.47 9.26 14.64 -0.81 -0.06 0.58 
-0.80 10.46 8.21 -0.81 0.00 0.42 
2.73 6.21 0.93 -1.00 -0.37 0.44 
-3.04 6.21 -3.57 -1.07 -0.48 0.26 
-1.09 6.93 -4.68 -0.83 -0.42 0.28 
-0.58 6.33 -5.16 -0.86 -0.44 0.25 
-0.40 6.56 -6.05 -0.85 -0.45 0.24 
2.64 5.86 -5.88 -0.87 -0.47 0.28 
7.02 4.03 2.52 -1.15 -0.52 0.44 
23.92 17.50 17.29 -0.90 -0.20 0.38 
-2.07 17.19 14.65 -0.72 -0.16 0.29 
1.36 29.15 14.97 -0.63 -0.06 -0.18 
7.82 29.49 21.11 -0.35 0.01 -0.42 
-8.51 -91.82 12.83 -0.64 0.05 -0.30 
-12.65 -10.34 11.60 -0.82 -0.06 0.24 
-14.78 -8.69 10.93 -0.89 -0.08 0.38 
-3.76 1.31 5.58 -0.94 -0.42 0.48 
4.39 7.99 6.19 -0.84 -0.48 0.55 
-0.12 7.37 -0.15 -0.93 -0.36 0.45 
-5.32 3.35 -10.85 -0.89 -0.56 0.23 
-2.62 6.74 -12.55 -0.90 -0.59 0.21 
-0.29 12.29 -13.81 -0.83 -0.55 0.20 
-1.22 2.40 -10.57 -0.98 -0.51 0.27 
4.70 8.67 -1.32 -0.99 -0.52 0.47 
6.20 17.83 7.46 -0.96 -0.34 0.30 
12.28 28.22 11.46 -0.78 -0.06 0.00 
4.80 30.50 14.53 -0.43 0.00 -0.35 
6.81 21.56 15.88 -0.34 0.08 -0.73 
6.87 6.56 15.75 -0.26 -0.23 -1.31 
-5.78 -13.78 16.24 -0.38 -0.17 -0.97 
-3.40 -23.16 18.73 -0.48 -0.11 -0.56 
-16.46 -21.44 21.26 -0.76 -0.08 0.25 
-11.89 -7.67 18.11 -0.98 -0.27 0.47 
0.33 -0.33 14.47 -0.87 -0.29 0.59 
-4.51 7.37 3.47 -1.01 0.00 0.44 
-1.93 4.67 -10.39 -1.02 -0.43 0.42 
-0.12 7.54 -11.00 -0.81 -0.58 0.33 
-0.70 7.05 -11.46 -0.79 -0.44 0.31 
-2.16 6.08 -12.55 -0.80 -0.45 0.30 
-2.02 6.78 -14.06 -0.81 -0.55 0.30 
-2.07 8.08 -15.09 -0.78 -0.50 0.28 
-1.10 7.65 -11.30 -1.02 -0.58 0.29 
3.81 14.70 1.86 -1.06 -0.35 0.39 
0.10 15.31 9.49 -0.85 -0.39 0.24 
7.41 25.95 8.02 -0.60 0.00 -0.11 
-1.50 24.76 11.01 -0.43 -0.11 -0.34 
-0.41 25.33 12.63 -0.35 -0.01 -0.80 
3.17 8.58 12.84 -0.20 -0.02 -1.19 
-4.27 -15.04 12.09 -0.28 -0.10 -1.06 
-1.52 -22.59 11.99 -0.52 -0.10 -0.65 
2.62 -18.99 11.00 -0.71 -0.01 -0.07 
-13.90 -9.59 6.24 -0.66 -0.08 0.36 
-4.32 4.41 6.26 -0.88 0.06 0.28 
-1.70 2.11 7.85 -1.15 -0.35 0.51 
-4.93 8.88 1.30 -0.98 -0.22 0.46 
-2.89 5.58 -4.37 -0.97 -0.43 0.27 
-1.59 7.15 -5.98 -0.83 -0.50 0.23 
-1.63 7.27 -6.51 -0.84 -0.53 0.23 
-1.64 7.36 -7.87 -0.84 -0.53 0.23 
0.26 6.35 -3.78 -1.02 -0.42 0.40 
7.31 12.77 8.74 -0.98 -0.61 0.59 
12.78 24.00 14.59 -0.88 -0.26 0.17 
21.26 25.68 13.81 -0.71 0.04 -0.02 
-11.72 30.61 6.04 -0.26 -0.14 -0.52 
2.81 17.91 3.66 -0.15 0.03 -1.09 
-10.70 -10.29 1.04 -0.19 -0.31 -1.18 
-6.25 -21.68 6.57 -0.39 -0.14 -0.74 
-15.44 -18.68 7.10 -0.51 0.12 -0.13 
-16.13 -8.30 -2.65 -0.83 -0.06 0.25 
-10.74 -2.63 -14.77 -1.10 -0.30 0.49 
-15.32 7.47 -18.79 -1.10 -0.17 0.31 
-0.94 1.98 -22.47 -0.98 -0.44 0.22 
-7.21 7.33 -32.17 -1.02 -0.39 0.45 
0.13 6.65 -31.90 -0.85 -0.45 0.28 
-1.47 7.01 -33.20 -0.84 -0.45 0.26 
-1.60 6.27 -33.73 -0.82 -0.48 0.23 
-1.07 5.92 -34.17 -0.82 -0.52 0.24 
-0.81 6.59 -34.40 -0.83 -0.50 0.23 
6.31 3.62 -24.54 -1.24 -0.45 0.48 
3.42 26.08 -20.27 -0.89 -0.45 0.45 
14.69 26.34 -18.21 -0.72 -0.31 0.08 
1.70 33.07 -16.09 -0.44 -0.20 -0.22 
-1.74 23.07 -20.82 -0.33 -0.05 -0.65 
-0.30 9.36 -21.22 -0.20 -0.29 -1.51 
-2.25 -5.60 -20.43 -0.35 -0.30 -1.01 
-3.02 -19.44 -19.85 -0.42 -0.15 -0.78 
-4.75 -23.23 -16.96 -0.57 -0.15 -0.17 
-12.55 -11.08 -15.62 -0.78 -0.19 0.25 
-7.09 -7.33 -16.59 -0.81 -0.31 0.59 
-10.94 15.16 -22.13 -1.12 -0.01 0.27 
-0.33 8.32 -31.72 -1.15 -0.25 0.55 
-2.25 5.79 -37.74 -0.98 -0.46 0.37 
-1.26 8.79 -37.22 -0.89 -0.39 0.32 
-1.51 6.79 -38.07 -0.88 -0.41 0.26 
-1.45 7.09 -37.72 -0.92 -0.43 0.30 
-0.71 8.30 -30.64 -1.13 -0.39 0.38 
14.65 10.77 -22.34 -0.98 -0.37 0.38 
5.58 13.78 -19.39 -0.90 -0.37 0.28 
8.33 31.71 -15.71 -0.69 -0.14 0.04 
3.25 38.12 -16.69 -0.24 0.02 -0.56 
8.63 15.41 -16.41 -0.27 0.04 -1.14 
3.89 -9.31 -17.65 -0.20 0.05 -1.45 
-1.57 -27.49 -19.63 -0.23 -0.06 -0.84 
-7.80 -26.00 -23.23 -0.55 0.06 -0.08 
-27.84 -8.80 -30.80 -0.71 -0.41 0.38 
7.47 -3.56 -31.56 -0.87 -0.64 0.44 
-2.41 10.01 -34.98 -0.93 -0.15 0.32 
-3.63 5.04 -49.10 -0.99 -0.63 0.24 
65.68 116.95 14.88 -0.79 -0.64 0.51 
-3.40 16.69 24.38 -0.70 -0.47 -0.01 
7.39 23.15 29.77 -0.62 0.01 -0.14 
0.10 20.75 25.98 -0.43 0.19 -0.69 
-3.44 4.35 23.96 -0.62 -0.20 -0.98 
0.60 0.97 23.17 -0.64 -0.16 -0.71 
-2.69 -15.58 24.47 -0.56 -0.01 -0.91 
-11.46 -21.79 26.45 -0.57 -0.15 0.00 
-19.37 -5.58 26.30 -0.69 -0.11 0.47 
-0.41 4.64 19.82 -0.77 -0.08 0.76 
-2.30 5.73 10.86 -1.23 -0.27 0.32 
-1.82 7.70 9.37 -1.01 -0.29 0.30 
-2.40 6.40 7.39 -0.90 -0.37 0.25 
-1.36 7.70 4.77 -0.90 -0.39 0.24 
1.33 2.80 6.11 -1.10 -0.47 0.52 
8.86 17.60 18.66 -1.02 -0.49 0.47 
1.12 21.45 23.94 -0.64 -0.24 -0.06 
7.38 24.85 23.19 -0.35 0.03 -0.31 
1.94 21.04 17.86 -0.30 -0.09 -0.92 
0.23 -0.37 17.81 -0.48 -0.24 -1.05 
-8.17 -7.89 18.98 -0.52 -0.06 -1.01 
-10.70 -26.06 18.18 -0.47 -0.08 -0.43 
-13.91 -13.22 17.87 -0.74 -0.10 0.30 
-11.49 1.33 9.93 -0.92 0.03 0.49 
-15.96 11.79 -3.51 -1.00 -0.44 0.21 
-0.20 7.93 -10.15 -1.11 -0.48 0.48 
-2.12 6.93 -11.32 -0.87 -0.44 0.29 
26.24 64.83 29.98 -0.92 -0.55 0.37 
7.14 25.91 37.09 -0.21 -0.36 0.17 
3.63 19.56 37.56 -0.39 -0.02 -0.46 
-3.65 9.72 32.09 -0.62 -0.05 -1.17 
-4.48 -17.46 35.43 -0.59 -0.14 -0.99 
-5.12 -24.13 37.46 -0.44 0.27 -0.05 
-26.93 -5.25 33.46 -0.44 -0.01 0.58 
5.77 10.57 26.58 -0.95 -0.51 0.64 
7.83 10.50 18.61 -1.02 -0.07 0.19 
0.39 4.36 10.88 -1.17 -0.30 0.30 
-0.09 4.11 13.49 -0.84 -0.49 0.20 
-2.00 7.43 10.67 -0.85 -0.46 0.22 
-1.10 6.69 10.49 -0.91 -0.49 0.25 
3.25 7.76 18.14 -0.95 -0.68 0.33 
9.75 14.95 30.20 -1.02 -0.52 0.42 
7.29 25.40 35.23 -0.92 -0.25 -0.11 
3.68 30.35 37.56 -0.56 0.03 -0.57 
-4.90 26.26 39.70 -0.28 0.02 -0.87 
-1.90 1.46 36.80 -0.28 0.04 -1.39 
-3.56 -27.94 34.99 -0.29 -0.06 -0.83 
-8.59 -21.26 33.39 -0.62 -0.02 -0.06 
-2.70 -12.82 26.87 -0.85 -0.02 0.48 
-12.66 10.09 20.01 -0.94 0.46 0.63 
-8.65 4.07 13.91 -0.94 -0.46 0.20 
-3.48 4.13 2.15 -0.97 -0.44 0.57 
-5.07 9.97 1.83 -0.91 -0.60 0.52 
-0.12 5.89 2.37 -0.79 -0.48 0.32 
-0.75 6.50 2.16 -0.85 -0.48 0.34 
1.38 7.13 5.74 -1.10 -0.49 0.40 
11.33 14.73 20.15 -1.12 -0.67 0.62 
5.94 23.38 25.47 -0.72 -0.32 0.21 
1.20 27.09 22.08 -0.19 0.06 -0.18 
2.79 20.27 22.10 -0.50 0.01 -0.64 
0.86 7.66 21.27 -0.40 -0.16 -1.18 
-5.48 -19.19 23.79 -0.53 -0.23 -0.93 
-12.42 -24.36 27.22 -0.49 0.02 0.01 
-5.27 -2.05 28.48 -0.71 -0.19 0.45 
-2.35 3.00 20.64 -1.09 0.10 0.51 
-18.09 12.67 4.70 -1.01 -0.29 0.27 
0.41 7.18 -2.83 -1.07 -0.69 0.16 
1.41 5.54 -0.81 -0.90 -0.46 0.21 
-1.37 6.25 -3.21 -0.84 -0.48 0.09 
-1.07 7.03 -2.66 -1.03 -0.56 0.21 
8.05 18.47 16.42 -1.04 -0.57 0.35 
8.99 24.26 21.06 -0.85 -0.39 0.07 
7.47 30.23 26.55 -0.47 -0.06 -0.32 
-3.88 22.49 21.94 -0.43 0.00 -0.62 
-4.98 12.46 24.18 -0.50 -0.20 -1.18 
-4.11 -13.95 26.68 -0.47 -0.15 -1.14 
-1.98 -28.76 36.41 -0.40 0.00 -0.33 
-19.13 -11.32 35.75 -0.67 0.14 0.42 
-6.67 5.06 32.63 -0.90 -0.08 0.56 
-9.44 18.27 25.27 -1.11 -0.14 0.55 
-2.21 3.55 12.20 -1.07 -0.54 0.40 
-3.36 7.70 6.49 -1.06 -0.42 0.32 
-3.71 6.60 3.14 -0.81 -0.44 0.22 
-0.58 5.56 1.70 -0.82 -0.53 0.22 
0.45 4.14 1.54 -0.85 -0.52 0.31 
-0.65 4.39 10.68 -1.41 -0.49 0.45 
14.87 20.39 28.03 -0.88 -0.31 0.41 
7.25 30.64 32.69 -0.79 -0.16 -0.02 
-3.03 33.01 37.32 -0.27 -0.04 -0.32 
1.34 25.33 36.46 -0.25 0.21 -1.01 
-6.34 -5.05 30.30 -0.15 -0.04 -1.42 
-1.77 -22.83 25.47 -0.25 0.10 -0.89 
6.57 -25.89 24.07 -0.59 0.09 -0.13 
-12.65 -10.25 16.89 -0.76 0.04 0.34 
2.88 -3.90 15.87 -1.09 -0.69 0.44 
0.98 13.46 13.46 -0.91 -0.06 0.23 
-0.48 6.75 5.91 -1.12 -0.29 0.26 
0.27 6.15 1.63 -1.05 -0.28 0.46 
-1.98 7.36 -1.19 -0.86 -0.39 0.27 
0.09 5.31 -3.19 -0.86 -0.40 0.24 
-1.39 7.22 -4.73 -0.95 -0.47 0.27 
3.06 3.96 -1.53 -1.11 -0.40 0.54 
12.72 25.25 -2.88 -0.87 -0.31 0.32 
-0.10 6.35 -3.01 -0.96 -0.43 0.36 
-1.66 28.73 -10.05 -0.30 -0.17 0.08 
-1.13 19.17 -9.92 -0.34 -0.15 -0.33 
1.13 15.58 -11.42 -0.45 -0.10 -0.79 
-1.10 8.48 -12.31 -0.50 -0.12 -0.92 
-3.08 0.96 -10.71 -0.64 -0.49 -1.19 
-3.06 -7.06 -7.53 -0.51 -0.31 -1.05 
-0.06 13.31 211.93 -1.06 -0.19 0.40 
-10.55 6.05 204.72 -1.08 -0.47 0.33 
-7.76 4.35 203.42 -0.89 -0.29 0.37 
-5.76 5.79 202.02 -0.89 -0.29 0.29 
-3.46 3.02 201.66 -1.23 -0.34 0.59 
-1.74 7.34 211.48 -0.95 -0.35 0.62 
0.06 15.66 209.68 -0.90 -0.05 0.31 
-2.84 28.96 201.25 -0.65 -0.28 0.08 
-5.46 30.57 196.76 -0.41 0.06 -0.51 
-8.47 20.66 188.70 -0.29 -0.20 -1.03 
-3.12 -5.31 188.05 -0.29 -0.31 -1.30 
-10.54 -27.97 185.81 -0.31 -0.06 -0.88 
-6.07 -23.58 184.74 -0.61 -0.17 -0.09 
-9.16 -16.83 185.57 -0.64 0.08 0.40 
-16.74 5.58 177.23 -1.05 -0.26 0.38 
3.44 11.05 178.83 -0.88 -0.39 0.58 
-12.04 7.59 164.91 -1.00 -0.21 0.22 
-12.69 7.48 156.70 -1.00 -0.49 0.28 
-4.07 4.53 156.93 -0.81 -0.61 0.24 
-8.01 7.24 155.34 -0.81 -0.48 0.25 
-5.84 6.03 153.35 -0.87 -0.53 0.22 
14.76 14.82 165.20 -0.96 -0.61 0.78 
-11.99 26.70 165.31 -0.83 -0.42 0.11 
-0.39 26.01 171.82 -0.50 -0.30 -0.30 
-0.82 24.30 173.88 -0.31 -0.10 -0.51 
-3.62 18.85 167.20 -0.12 -0.04 -0.87 
-0.80 -8.37 172.69 -0.09 -0.23 -1.32 
-10.29 -18.77 173.81 -0.28 -0.17 -1.01 
-9.74 -23.83 174.18 -0.53 -0.09 -0.57 
-20.69 -28.07 173.40 -0.57 -0.01 0.01 
-25.69 -6.51 171.28 -0.74 -0.29 0.48 
-7.30 15.08 170.19 -1.06 -0.10 0.54 
-4.82 6.16 163.68 -0.90 -0.23 0.33 
-5.98 5.60 158.45 -0.96 -0.53 0.46 
-9.82 10.51 155.84 -0.88 -0.59 0.30 
-7.94 5.05 153.08 -0.85 -0.39 0.29 
-7.91 5.79 150.75 -0.86 -0.46 0.22 
-9.69 6.71 148.48 -0.98 -0.44 0.18 
-4.62 4.49 153.69 -1.13 -0.50 0.27 
4.79 15.09 162.28 -0.97 -0.33 0.67 
5.17 26.59 162.32 -0.68 -0.37 0.00 
-3.24 30.92 164.87 -0.43 -0.15 -0.22 
-6.39 32.39 161.37 0.00 -0.03 -0.82 
-2.75 7.14 158.61 -0.06 -0.10 -1.40 
-6.50 -12.82 159.87 -0.16 -0.27 -1.15 
-6.30 -23.51 162.47 -0.31 -0.17 -0.77 
-15.82 -22.64 161.54 -0.52 -0.01 -0.25 
-17.26 -13.47 159.82 -0.79 -0.31 0.14 
-11.56 -5.11 158.11 -0.82 -0.07 0.74 
-6.12 16.84 156.15 -0.83 0.03 0.81 
-9.98 4.73 148.55 -0.91 -0.14 0.42 
-9.76 8.33 139.04 -1.00 -0.42 0.40 
-4.61 4.87 141.77 -0.85 -0.51 0.30 
-10.04 6.51 137.50 -0.87 -0.39 0.34 
-7.33 4.46 136.50 -0.86 -0.38 0.32 
-8.82 9.41 136.42 -1.00 -0.44 0.40 
-0.88 7.58 145.59 -1.34 -0.48 0.41 
1.53 20.79 149.28 -0.88 -0.23 0.52 
-3.74 28.13 147.25 -0.59 -0.31 0.07 
-5.01 28.56 145.16 -0.42 -0.01 -0.47 
0.93 28.47 137.85 -0.09 -0.05 -0.79 
1.91 1.93 140.89 -0.12 -0.27 -1.21 
-8.47 -9.39 142.02 -0.17 -0.33 -1.15 
-6.91 -24.24 144.93 -0.45 -0.22 -0.67 
-12.45 -26.80 146.83 -0.59 -0.17 -0.33 
-10.57 -18.67 153.32 -0.49 -0.10 0.63 
-18.25 -0.95 150.82 0.00 -0.09 1.71 
-17.67 14.38 140.96 -0.73 -0.16 0.45 
-14.07 3.49 130.07 -1.14 -0.26 0.48 
-11.29 4.92 123.18 -0.86 -0.38 0.39 
-8.02 6.03 122.01 -0.94 -0.58 0.27 
-8.26 5.04 120.11 -0.81 -0.36 0.28 
-7.85 6.99 117.51 -0.88 -0.49 0.27 
-2.67 5.39 122.34 -1.09 -0.47 0.45 
0.53 15.66 128.38 -1.00 -0.24 0.57 
-0.50 25.55 132.93 -0.80 -0.46 0.18 
-3.14 30.94 135.92 -0.49 -0.16 -0.20 
-6.24 26.80 138.92 -0.31 0.07 -0.61 
-1.14 13.41 137.61 -0.21 0.03 -1.28 
-4.79 -5.25 134.84 -0.32 -0.21 -1.27 
-9.25 -20.30 135.16 -0.32 -0.12 -0.85 
-9.91 -25.25 135.04 -0.50 0.07 -0.16 
-30.23 -15.54 128.25 -0.56 -0.21 0.26 
-9.62 -3.03 126.35 -0.94 -0.52 0.60 
-23.51 13.77 121.03 -0.42 0.28 1.11 
-8.75 6.88 110.69 -0.85 -0.37 0.36 
-10.44 5.42 100.33 -1.18 -0.43 0.44 
-7.20 5.15 98.84 -0.79 -0.44 0.31 
-7.15 5.75 95.55 -0.85 -0.48 0.30 
-8.18 4.44 98.06 -1.02 -0.70 0.35 
-0.73 7.74 111.18 -1.15 -0.35 0.33 
2.58 18.91 118.44 -0.88 -0.25 0.38 
-1.42 35.03 114.32 -0.55 -0.12 -0.12 
-7.97 31.97 109.12 -0.26 -0.13 -0.46 
-18.81 26.87 105.37 0.04 -0.51 -1.51 
-9.05 -2.62 103.40 -0.18 -0.34 -1.11 
-14.45 -12.02 104.18 -0.20 -0.33 -1.08 
-12.92 -21.96 105.81 -0.38 -0.15 -0.67 
-2.68 -25.59 109.97 -0.54 -0.19 -0.22 
-12.89 -17.66 108.84 -0.67 -0.05 0.64 
-14.91 11.54 105.42 -0.79 0.02 0.49 
-6.06 4.57 99.53 -1.01 -0.36 0.30 
-25.03 3.62 95.72 -0.80 -0.49 0.29 
-7.23 5.76 95.14 -0.87 -0.52 0.33 
-1.06 2.49 98.47 -1.03 -0.55 0.43 
-2.56 13.19 101.19 -0.91 -0.43 0.69 
2.64 21.80 100.02 -0.74 -0.29 0.46 
1.82 31.87 97.97 -0.53 -0.24 -0.10 
-4.98 31.65 95.32 -0.30 -0.23 -0.50 
-14.56 21.05 89.60 -0.16 -0.48 -1.16 
-7.68 0.52 87.56 -0.19 -0.55 -1.16 
-13.01 -17.39 89.39 -0.26 -0.44 -1.06 
-9.00 -26.01 92.44 -0.49 -0.23 -0.44 
-17.84 -18.52 92.69 -0.67 -0.18 0.02 
-24.04 -9.85 93.45 -0.76 -0.09 0.37 
-22.62 3.23 91.86 -0.57 -0.09 0.60 
-3.95 11.07 85.88 -0.69 -0.15 0.25 
-10.78 5.48 71.15 -0.98 -0.52 0.50 
-4.44 6.42 71.29 -0.91 -0.45 0.33 
-7.02 4.99 69.92 -0.81 -0.48 0.26 
-6.82 4.85 69.50 -0.90 -0.53 0.33 
-2.66 5.07 80.69 -1.14 -0.43 0.42 
-12.77 17.61 88.00 -0.86 -0.31 0.64 
6.53 24.76 93.64 -0.64 -0.23 0.09 
-1.86 33.26 93.04 -0.40 -0.05 -0.36 
-2.83 35.22 93.61 0.04 -0.14 -0.81 
6.41 -4.02 90.60 0.02 -0.17 -1.56 
-0.32 -30.11 93.88 -0.09 -0.32 -1.18 
-14.25 -34.76 97.53 -0.35 -0.01 -0.20 
-28.56 -9.81 94.76 -0.56 0.27 0.54 
-20.57 -5.09 82.92 -0.99 -0.55 0.42 
-7.69 5.58 80.49 -0.73 -0.45 0.26 
-7.36 5.76 79.23 -0.82 -0.57 0.25 
-5.80 6.55 80.07 -1.02 -0.67 0.36 
3.28 8.34 94.89 -0.97 -0.62 0.45 
2.01 19.91 101.57 -0.78 -0.36 0.35 
-1.99 32.08 104.00 -0.53 -0.18 -0.11 
0.42 31.02 103.89 -0.36 0.01 -0.47 
-23.02 23.90 101.84 -0.30 -0.32 -1.30 
-6.54 -2.91 101.27 -0.20 -0.13 -1.41 
-8.48 -28.10 102.32 -0.26 -0.17 -0.99 
-13.77 -26.96 102.10 -0.55 0.00 -0.09 
-11.93 -15.42 104.24 -0.72 -0.17 0.45 
-16.37 -0.79 96.13 -0.77 -0.20 0.46 
-23.35 18.94 83.69 -1.08 -0.66 0.48 
-10.20 2.49 78.53 -0.95 -0.54 0.29 
-8.02 4.60 75.64 -1.14 -0.57 0.38 
-7.93 4.75 74.31 -0.77 -0.52 0.22 
-7.49 5.90 71.71 -0.82 -0.59 0.23 
-7.02 5.11 70.87 -0.86 -0.58 0.29 
-24.26 101.11 55.66 -0.50 0.06 -0.38 
-3.46 29.98 54.87 -0.26 0.00 -0.59 
-8.58 13.67 51.88 -0.02 -0.22 -1.47 
-14.51 -21.10 48.23 -0.18 -0.16 -1.25 
-6.34 -32.36 52.47 -0.34 -0.11 -0.57 
-17.76 -20.18 53.33 -0.58 -0.02 0.00 
-16.45 -6.05 52.30 -0.67 -0.09 0.47 
-3.81 -8.82 37.55 -0.74 -0.21 0.53 
-12.53 0.47 29.81 -1.06 -0.55 0.47 
-11.35 8.34 26.11 -0.99 -0.56 0.19 
-9.22 5.69 23.37 -0.86 -0.50 0.31 
-8.18 5.93 20.32 -0.84 -0.44 0.30 
-5.93 5.82 18.92 -0.94 -0.49 0.30 
2.92 3.32 23.96 -1.01 -0.41 0.56 
-8.87 12.74 34.13 -1.00 -0.25 0.24 
10.89 12.22 36.53 -0.84 -0.11 0.44 
21.01 22.94 37.89 -0.63 -0.10 0.02 
5.99 29.56 28.18 -0.44 -0.10 -0.39 
-16.76 19.88 15.33 -0.12 -0.34 -1.49 
-22.83 -9.54 10.93 -0.28 -0.28 -1.32 
-6.41 -40.84 13.44 -0.33 0.04 -0.41 
-21.49 -16.75 9.01 -0.56 0.07 0.34 
-24.24 8.31 5.29 -0.72 0.21 0.43 
-9.99 7.56 -1.59 -1.19 -0.55 0.23 
-12.03 2.95 -12.90 -0.84 -0.48 0.22 
-7.23 2.03 -21.48 -1.02 -0.65 0.54 
-5.14 7.02 -21.12 -0.77 -0.49 0.26 
-7.86 5.42 -23.39 -0.79 -0.67 0.23 
-7.16 6.05 -24.60 -0.75 -0.56 0.26 
-6.22 5.32 -22.78 -0.93 -0.67 0.27 
1.67 5.52 -8.77 -0.99 -0.71 0.43 
1.27 17.62 3.74 -0.89 -0.50 0.36 
2.39 24.31 6.60 -0.67 -0.33 0.05 
1.08 30.11 9.73 -0.49 -0.28 -0.21 
-6.03 32.60 6.01 0.00 -0.12 -0.78 
-4.44 4.40 4.95 -0.10 -0.20 -1.38 
-13.10 -13.16 2.98 -0.22 -0.23 -1.18 
-9.96 -26.60 2.87 -0.32 -0.14 -0.50 
-13.30 -27.43 0.32 -0.56 -0.08 -0.02 
-25.51 -22.88 -6.64 -0.64 -0.46 0.68 
-27.64 5.54 -7.95 -0.84 -0.19 0.73 
-0.94 11.28 -11.44 -1.00 -0.45 0.37 
4.53 1.16 -11.27 -0.89 -0.47 0.33 
-6.64 7.22 -19.53 -0.98 -0.35 0.34 
-8.75 5.51 -21.34 -0.83 -0.47 0.31 
-7.95 4.57 -23.68 -0.82 -0.48 0.31 
-9.61 5.20 -25.43 -0.79 -0.51 0.31 
-6.89 6.16 -26.32 -0.92 -0.59 0.38 
2.55 6.79 -14.16 -0.91 -0.71 0.41 
-2.89 15.93 -8.32 -1.00 -0.32 0.56 
3.63 22.85 -11.72 -0.69 -0.16 0.12 
-4.04 27.44 -10.29 -0.65 -0.29 -0.11 
-10.79 26.65 -13.51 -0.49 -0.02 -0.59 
-10.23 23.53 -16.83 -0.24 -0.07 -0.95 
-3.71 -1.55 -17.90 -0.16 -0.11 -1.35 
-8.43 -16.83 -19.82 -0.26 -0.13 -1.04 
-6.75 -26.17 -20.92 -0.55 -0.13 -0.61 
-8.03 -24.26 -23.25 -0.65 -0.15 0.16 
-14.83 -8.76 -25.08 -0.70 0.01 0.47 
-16.06 16.77 -26.76 -0.67 -0.15 0.77 
-6.75 7.76 -31.53 -0.87 -0.06 0.37 
-4.43 3.72 -42.94 -0.99 -0.65 0.32 
-6.60 5.86 -41.79 -0.80 -0.55 0.27 
-8.72 6.06 -44.05 -0.82 -0.50 0.24 
-7.21 4.90 -44.75 -0.79 -0.53 0.24 
-4.77 6.16 -44.83 -0.89 -0.54 0.24 
-0.43 6.50 -35.12 -1.12 -0.40 0.45 
-5.22 17.16 -24.86 -0.73 -0.42 0.44 
4.81 14.24 -21.36 -0.90 -0.16 0.16 
2.80 26.42 -16.79 -0.60 -0.14 -0.19 
-23.32 33.88 -22.59 -0.17 0.06 -0.70 
-4.43 8.98 -25.64 -0.33 -0.01 -1.33 
-14.60 -13.21 -28.80 -0.37 -0.16 -1.11 
-13.86 -26.57 -31.90 -0.46 0.13 -0.46 
-18.71 -14.55 -36.65 -0.60 -0.06 0.10 
-18.60 -4.94 -40.11 -0.87 -0.29 0.49 
-12.22 10.93 -44.00 -1.13 -0.46 0.25 
-15.24 1.04 -53.99 -0.76 -0.16 0.39 
-9.48 4.50 -62.55 -0.88 -0.76 0.32 
19.83 -14.45 -90.18 -0.12 -0.17 -1.18 
-8.80 -26.96 -87.57 -0.31 -0.29 -1.13 
-8.20 -25.69 -80.18 -0.55 -0.03 -0.38 
-17.23 -17.23 -79.81 -0.63 0.03 0.24 
-12.74 -8.20 -81.75 -0.77 -0.22 0.54 
-22.18 11.60 -84.93 -0.95 -0.19 0.61 
-9.12 13.25 -95.13 -0.94 -0.51 0.34 
-8.45 3.56 -103.79 -1.14 -0.60 0.34 
-9.12 5.53 -105.86 -0.75 -0.44 0.22 
-7.75 4.98 -106.95 -0.80 -0.62 0.19 
-9.05 5.28 -108.14 -0.77 -0.56 0.19 
-7.13 5.01 -109.24 -0.78 -0.61 0.17 
2.00 5.50 -100.57 -1.28 -0.70 0.36 
3.58 14.10 -87.64 -0.94 -0.63 0.49 
5.01 26.05 -82.30 -0.74 -0.27 0.18 
-1.49 28.89 -82.59 -0.36 -0.25 -0.19 
-45.07 42.84 -99.50 -0.05 -0.08 -0.86 
-2.12 5.42 -100.17 -0.08 -0.15 -0.94 
-4.30 2.40 -100.69 0.00 0.00 -1.52 
-4.16 -4.74 -102.13 -0.07 -0.04 -1.42 
-2.13 -23.52 -102.83 -0.13 -0.09 -0.90 
5.30 -15.77 -100.35 -0.35 0.00 -0.41 
-14.53 -13.00 -101.85 -0.75 -0.38 0.15 
-6.48 -3.64 -101.66 -0.82 -0.14 0.25 
-8.79 -5.03 -104.00 -0.82 -0.06 0.27 
-5.16 -1.48 -108.03 -1.03 -0.46 0.46 
-11.15 17.84 -108.43 -0.98 0.00 0.37 
-1.72 9.87 -112.19 -1.42 -0.34 0.28 
-8.70 5.12 -122.07 -1.00 -0.20 0.27 
-5.71 2.02 -126.82 -1.03 -0.44 0.44 
-7.61 6.48 -130.09 -0.93 -0.65 0.28 
-4.47 5.19 -130.80 -0.81 -0.51 0.25 
-6.08 5.56 -132.96 -0.78 -0.55 0.25 
-4.74 5.63 -134.10 -0.79 -0.57 0.25 
-6.07 6.00 -133.15 -0.95 -0.55 0.30 
