-4.81 -1.18 -287.05 1.04 -0.05 0.09 
-35.30 3.92 65.76 1.01 -0.17 0.10 
-5.52 -1.85 65.67 1.04 -0.14 0.05 
-8.10 -0.63 61.24 1.05 -0.16 0.11 
-12.28 0.47 55.50 1.09 -0.17 0.06 
-4.51 0.70 53.04 0.99 -0.17 0.05 
-5.36 -1.66 48.92 1.04 -0.15 0.10 
-4.19 0.90 44.61 1.07 -0.21 0.14 
-0.79 -0.35 43.31 1.02 -0.16 0.08 
1.79 -2.44 38.80 1.18 -0.04 0.13 
1.21 -3.70 30.99 1.04 -0.19 0.10 
-1.03 -0.52 27.96 1.06 -0.05 0.09 
-4.76 4.96 24.12 1.13 0.05 0.20 
5.18 27.80 12.76 1.09 0.11 0.59 
-5.16 29.35 4.11 0.88 0.10 0.61 
-3.41 15.30 -13.59 0.16 0.00 0.67 
-6.85 0.36 -22.53 0.30 0.02 0.99 
5.44 -13.81 -25.78 0.48 0.21 0.94 
-1.34 2.73 -23.91 0.50 0.21 1.06 
-2.15 23.05 -20.17 0.24 0.05 0.83 
4.17 -11.23 -28.14 0.14 0.12 0.69 
-7.13 20.02 -20.18 0.63 -0.11 1.38 
-3.12 32.56 -13.55 0.00 -0.06 1.21 
-0.02 26.11 -9.32 -0.31 0.00 0.70 
0.49 18.57 -10.99 -0.62 0.12 0.35 
-3.01 9.51 -20.88 -0.96 0.11 0.25 
0.78 -5.08 -30.49 -0.42 -0.05 0.38 
3.82 19.97 -26.76 -0.46 0.06 0.79 
-5.79 14.65 -35.83 -1.45 -0.02 -0.20 
-24.16 -97.97 -68.32 -0.49 -0.24 0.97 
-1.92 -10.83 -74.48 -0.04 -0.06 1.42 
5.20 4.17 -81.97 -0.11 0.07 0.91 
2.86 -12.23 -84.08 0.57 -0.09 1.01 
-11.52 12.86 -82.24 0.87 -0.01 1.29 
-7.95 12.75 -85.07 -0.34 0.06 0.64 
14.06 -9.29 -95.85 -0.06 0.15 0.91 
-26.11 13.94 -91.95 0.85 -0.08 1.26 
-13.53 25.83 -82.94 0.00 -0.11 1.14 
-1.03 30.07 -71.72 -0.37 -0.06 0.76 
3.17 26.23 -69.74 -0.57 0.15 0.53 
-7.17 14.69 -83.06 -1.06 0.07 -0.18 
1.66 -16.06 -92.92 0.02 -0.19 0.88 
-2.06 26.89 -93.68 -1.01 0.11 0.08 
2.23 -25.29 -105.79 -1.35 0.09 -0.48 
-8.60 -2.23 -112.71 0.29 0.33 1.46 
-11.46 10.05 -112.28 -0.79 0.04 0.13 
-11.23 -33.03 -123.65 -0.79 -0.12 0.59 
6.80 -12.39 -129.73 -0.44 -0.54 1.26 
5.68 -5.13 -141.21 -0.30 -0.15 0.73 
9.01 -23.45 -147.67 0.81 0.07 1.24 
-0.55 24.56 -141.51 0.91 0.06 1.12 
-4.66 16.15 -140.10 -0.44 -0.10 0.68 
6.96 -8.08 -148.81 -0.13 0.03 0.65 
-8.74 -5.70 -160.06 1.10 -0.01 1.54 
-10.35 17.67 -157.60 0.50 -0.04 1.55 
-5.55 35.74 -151.61 -0.21 0.00 0.89 
-7.15 35.46 -147.68 -0.49 0.08 0.45 
1.71 27.81 -153.90 -0.91 0.12 0.05 
8.20 -10.25 -166.03 -0.90 0.11 0.13 
9.70 -15.21 -175.87 0.41 0.47 1.50 
-11.55 22.86 -171.58 -0.77 0.00 0.50 
-3.19 4.95 -181.84 -1.43 -0.15 -0.50 
9.11 -31.50 -189.07 0.21 0.51 1.36 
-7.92 17.67 -178.01 -0.38 -0.10 0.58 
-10.46 -4.22 -175.74 -1.01 0.04 0.23 
-189.97 12.82 -315.71 1.15 0.06 1.53 
-14.18 27.89 -308.63 0.33 0.02 1.39 
-9.02 43.53 -303.13 -0.40 -0.09 0.64 
2.90 28.73 -300.79 -0.53 -0.09 0.32 
4.83 12.12 -311.69 -1.12 0.08 -0.44 
5.12 -27.33 -313.20 -0.29 0.21 0.28 
-6.45 20.65 -315.47 -0.46 0.20 0.73 
-1.98 29.41 -321.61 -1.13 -0.08 -0.29 
-0.76 -15.14 -318.92 -1.01 -0.05 -0.27 
1.41 -15.99 -327.10 0.60 0.10 1.85 
-4.46 23.95 -321.32 -0.64 -0.21 0.26 
-17.23 -14.11 324.49 -0.95 0.05 -0.05 
5.68 -11.14 316.59 -0.74 0.00 1.00 
7.01 0.08 312.31 -0.62 -0.21 0.66 
19.30 -32.18 303.66 1.10 0.62 1.67 
-7.12 20.33 312.06 0.47 0.16 1.31 
-6.77 18.91 314.55 -0.85 -0.22 0.34 
43.21 -21.40 303.87 0.44 0.29 1.29 
-18.00 12.51 311.65 0.40 0.35 1.49 
-7.84 30.34 322.43 -0.51 -0.15 1.22 
-0.62 27.11 325.93 -0.42 -0.05 0.35 
0.88 9.68 316.80 -1.16 0.00 -0.57 
-1.11 -17.59 306.27 -0.47 -0.18 -0.11 
-18.16 22.28 309.45 -0.39 -0.38 0.89 
-0.15 25.92 308.39 -1.37 -0.07 -0.56 
9.77 -42.47 299.93 -1.08 -0.20 -0.63 
-22.82 4.74 291.78 -0.05 -0.37 1.29 
-11.31 11.29 298.51 -0.63 -0.13 0.37 
-11.06 -14.12 299.58 -1.16 0.08 0.27 
1.40 -12.10 288.12 -0.64 -0.30 0.82 
8.67 -8.48 276.10 -0.43 0.02 0.84 
14.28 -46.66 279.23 1.15 0.51 1.44 
-5.58 21.98 286.22 0.40 0.38 1.13 
-3.87 2.91 283.70 -0.75 0.18 0.45 
25.84 -34.75 281.84 0.50 0.27 0.64 
3.11 28.11 289.28 0.68 0.12 1.40 
-10.76 32.62 295.51 -0.15 0.03 0.95 
-1.64 29.34 297.40 -0.44 0.00 0.27 
4.02 26.07 288.63 -1.23 0.17 -0.01 
4.84 -4.99 280.84 -0.77 -0.07 -0.13 
-23.77 6.42 272.73 0.18 -0.12 1.44 
-1.86 38.36 268.47 -0.95 -0.03 0.04 
3.26 -19.34 258.42 -1.44 -0.24 -0.87 
-2.11 -16.71 250.13 0.28 0.04 1.46 
-12.01 27.15 256.96 -0.79 -0.19 0.29 
-9.99 2.53 257.52 -1.02 0.04 -0.08 
-8.43 -17.58 252.30 -0.74 0.25 0.46 
2.82 -19.81 237.92 -0.98 -0.10 0.67 
14.48 -12.70 225.64 -0.09 -0.11 1.09 
-10.49 15.09 229.99 0.45 -0.22 1.45 
-3.16 9.73 232.65 -0.57 -0.20 0.51 
16.07 -12.28 218.53 -0.54 0.12 0.57 
-9.33 0.32 208.89 0.66 -0.08 1.84 
-14.67 35.17 214.81 -0.07 -0.05 1.25 
-9.50 31.20 221.35 -0.55 -0.10 0.41 
-0.94 25.80 220.98 -0.84 -0.08 0.01 
-0.76 5.70 217.50 -1.12 -0.08 -0.34 
14.57 -24.29 218.77 -0.55 -0.07 -0.18 
-9.30 20.19 213.97 -0.35 -0.70 0.68 
-1.06 20.62 215.45 -1.22 0.14 0.06 
-4.99 4.71 209.47 -1.16 -0.24 -0.15 
14.72 -28.30 201.63 -0.33 -0.07 0.36 
-14.86 34.88 209.11 -0.50 -0.06 0.59 
-15.01 4.94 204.33 -0.99 -0.11 0.15 
-5.26 -8.50 208.15 -0.92 -0.03 0.12 
2.22 -25.98 201.65 -0.85 -0.37 0.72 
11.85 -15.05 192.95 -0.63 0.01 0.42 
10.37 -26.83 178.04 0.91 0.87 1.75 
-15.52 17.34 187.02 0.17 0.25 0.96 
-1.70 1.63 181.28 -0.57 0.08 0.63 
29.00 -34.92 167.43 0.99 0.64 1.33 
-26.87 23.30 180.05 0.26 0.02 1.44 
-18.28 29.15 188.07 -0.31 -0.03 0.76 
-4.14 19.22 192.62 -0.79 -0.11 0.58 
8.82 16.64 184.52 -1.07 -0.10 0.20 
12.93 -13.01 177.49 -0.43 0.00 0.09 
-6.98 26.70 181.16 -0.37 -0.25 0.76 
-3.27 22.01 183.41 -1.15 0.03 0.00 
1.07 -7.61 179.56 -1.28 -0.26 -0.34 
20.95 -23.11 183.15 -0.19 0.05 0.41 
-10.69 17.88 178.88 -0.35 -0.04 0.84 
-9.51 8.22 185.76 -0.69 -0.08 0.21 
-5.55 -7.34 192.47 -0.90 0.10 0.38 
-14.64 -26.11 180.39 -0.50 0.03 0.30 
13.03 -13.82 171.51 -0.40 0.35 1.08 
8.44 -16.86 162.35 0.96 0.32 1.37 
-13.77 25.28 167.96 0.31 0.30 1.05 
-3.71 7.78 162.52 -0.60 0.00 0.35 
-2.90 -2.59 141.54 1.41 0.33 1.53 
10.14 106.74 143.73 -1.01 -0.02 0.01 
11.01 5.57 138.52 -0.95 -0.09 -0.42 
-10.21 -1.62 130.25 0.08 0.20 1.22 
-3.25 25.21 133.63 -0.80 0.01 0.16 
-6.28 -12.38 122.78 -1.14 -0.23 -0.84 
20.80 -33.75 125.13 0.32 0.15 0.54 
-12.51 29.29 122.36 -0.58 0.01 0.50 
-11.70 12.74 127.69 -0.99 -0.06 0.06 
-15.81 -3.32 126.19 -0.85 -0.07 -0.29 
-6.10 -40.84 116.50 -0.87 0.17 0.25 
21.43 -22.02 103.57 -0.45 0.07 0.77 
7.03 -35.87 78.53 1.14 0.32 1.55 
-3.98 26.79 85.30 0.65 0.36 1.14 
-55.57 105.24 101.03 0.06 0.19 1.34 
-6.51 40.88 105.21 -0.26 -0.05 0.73 
2.26 29.46 104.44 -0.63 0.02 0.13 
1.78 14.49 97.42 -1.06 0.00 -0.22 
11.55 -15.66 89.88 -0.75 -0.07 -0.03 
-3.18 37.43 94.93 -0.40 -0.45 0.71 
-12.19 27.00 89.04 -1.14 0.14 -0.23 
0.96 -6.71 83.26 -1.19 0.00 -0.45 
9.72 -23.54 81.29 -0.33 0.01 0.44 
-3.31 17.52 84.56 -0.41 -0.07 0.70 
-13.55 13.60 86.73 -0.69 -0.02 0.00 
-6.69 -27.79 82.12 -0.97 0.00 0.14 
22.46 -15.11 58.26 -0.49 -0.14 0.94 
-15.96 1.10 54.16 0.56 -0.33 1.34 
-71.49 124.25 77.37 0.15 0.05 1.20 
-7.16 36.87 83.98 -0.33 -0.07 0.79 
4.21 30.76 83.57 -0.74 -0.03 0.32 
9.38 -2.78 77.18 -1.26 -0.09 -0.36 
4.58 -18.09 65.93 0.26 0.32 1.24 
-0.12 21.96 72.59 -0.89 0.12 0.55 
-6.30 12.76 68.01 -1.12 -0.03 -0.27 
1.52 -10.76 56.53 -1.46 -0.03 -0.44 
-6.42 -5.74 41.71 0.22 -0.14 1.15 
-4.83 19.18 51.88 -0.62 -0.12 0.27 
-13.60 -4.97 54.54 -1.08 0.12 0.04 
-1.99 -26.59 43.78 -0.57 -0.14 0.90 
3.54 -6.84 36.01 -0.57 0.08 0.83 
7.93 -29.63 30.83 0.70 0.24 1.54 
-8.30 15.69 33.19 0.51 0.15 1.23 
-1.85 14.04 31.33 -0.63 0.31 0.46 
18.81 -41.72 25.66 0.56 0.23 1.17 
-1.86 14.63 37.64 0.63 0.15 1.51 
-11.30 35.38 42.79 -0.32 -0.06 1.08 
1.54 35.44 48.27 -0.49 -0.01 0.29 
2.61 16.30 40.55 -1.00 0.11 -0.12 
12.29 -21.92 37.12 -0.69 -0.12 -0.05 
-6.87 24.71 37.80 -0.45 -0.16 0.71 
-3.40 25.00 30.45 -1.33 -0.08 -0.14 
8.48 -13.20 21.61 -1.08 -0.16 -0.26 
-20.58 5.19 8.93 0.00 -0.11 1.22 
-8.21 11.58 19.27 -0.58 -0.16 0.23 
-13.41 -17.58 14.35 -0.73 0.00 0.39 
0.43 -22.77 7.15 -0.54 0.00 1.20 
1.98 -19.22 -5.00 -0.21 -0.20 1.02 
6.59 -21.87 -20.18 0.38 0.44 1.06 
1.38 22.75 -9.78 0.66 -0.02 1.05 
-8.98 8.13 -10.19 -0.31 0.16 0.74 
9.81 -8.22 -20.89 -0.40 0.20 0.48 
-15.49 11.70 -30.96 1.07 -0.19 1.31 
-21.20 20.26 -27.26 0.11 0.01 1.42 
-8.28 38.64 -20.86 -0.11 -0.05 0.82 
0.82 27.23 -26.73 -0.77 -0.20 0.28 
7.24 15.06 -29.63 -0.86 -0.07 0.00 
6.86 -13.32 -38.68 -0.73 0.00 0.05 
-7.73 17.26 -44.46 -0.35 -0.34 0.82 
-8.35 22.23 -42.97 -1.01 -0.10 0.19 
5.75 -6.81 -45.95 -1.29 -0.33 -0.45 
-11.55 -9.65 -54.08 0.08 0.25 1.18 
-15.38 23.31 -50.94 -0.82 -0.24 0.35 
-9.66 1.28 -46.52 -0.83 -0.16 0.07 
-1.40 -33.23 -47.73 -0.78 0.21 0.39 
8.16 -17.89 -56.56 -0.56 0.05 1.21 
7.63 -14.58 -75.39 -0.11 0.09 0.85 
-0.85 -4.74 -76.57 1.13 0.15 1.57 
-7.53 11.56 -72.87 0.02 0.16 0.93 
3.10 7.74 -76.88 -0.29 0.08 0.69 
0.80 -5.58 -81.04 1.37 0.00 1.71 
-13.13 21.05 -75.44 0.23 0.32 1.54 
-6.92 41.20 -67.69 -0.17 0.20 0.56 
3.55 14.24 -55.82 -0.38 -0.09 0.60 
10.34 20.23 -64.97 -0.93 0.19 0.23 
7.15 -2.65 -80.90 -1.21 -0.05 -0.15 
14.09 -17.44 -85.37 0.15 0.13 0.97 
-12.77 28.07 -81.68 -0.80 0.10 0.52 
-5.74 11.86 -95.81 -1.58 -0.07 -0.47 
4.04 -18.03 -102.90 -0.42 -0.05 0.21 
-16.54 18.82 -102.04 -0.15 -0.46 1.00 
-11.96 14.40 -93.23 -0.56 0.04 0.31 
-15.62 -13.92 -96.21 -1.11 0.00 0.18 
2.20 -19.52 -102.84 -0.52 -0.50 0.79 
4.22 -15.10 -113.06 -0.66 -0.02 0.68 
22.60 -34.73 -123.23 0.42 0.02 1.09 
17.96 19.61 -112.05 0.83 0.14 1.21 
-11.04 3.95 -109.32 -0.39 0.00 0.69 
-46.96 73.52 -75.01 -0.07 0.11 1.23 
-7.98 31.08 -71.09 -0.19 -0.23 0.99 
0.53 28.75 -65.20 -0.70 -0.23 0.36 
8.49 10.66 -69.46 -0.99 -0.10 -0.04 
30.40 -36.78 -68.03 -0.12 -0.03 0.61 
4.56 11.39 -68.44 -0.34 0.24 0.93 
-10.74 23.26 -68.60 -1.16 -0.11 0.10 
10.06 -0.20 -69.77 -1.29 0.07 -0.45 
13.84 -30.59 -78.91 0.06 0.05 0.90 
-7.56 28.81 -74.80 -0.08 0.18 0.72 
-13.98 5.63 -74.16 -1.10 0.05 0.23 
-9.28 -16.56 -76.45 -0.68 -0.19 0.62 
-3.76 -16.91 -88.13 -0.48 -0.13 0.87 
3.89 -11.24 -94.62 -0.12 -0.03 1.03 
12.75 -11.44 -101.13 -0.03 0.02 0.70 
-31.45 16.51 -112.86 0.79 -0.63 0.94 
-18.82 10.42 -107.57 0.62 0.04 0.92 
-2.80 3.88 -111.94 -0.39 0.13 0.73 
-30.18 79.82 -100.13 0.08 -0.09 1.32 
-0.69 4.65 -99.89 0.00 -0.08 1.25 
-0.45 31.82 -98.91 -0.30 -0.07 0.84 
9.40 15.56 -111.99 -1.16 0.02 -0.11 
-24.87 24.02 -116.14 -0.02 -0.47 1.03 
-6.99 13.55 -115.86 -0.55 0.11 0.48 
-3.86 12.96 -115.26 -1.15 -0.03 0.14 
-0.98 11.00 -118.41 -1.60 -0.04 -0.26 
1.55 -0.53 -121.92 -1.25 -0.27 -0.23 
-2.86 3.41 61.19 1.06 -0.02 0.18 
-4.70 -5.79 253.23 0.99 -0.09 0.14 
-12.94 -7.11 260.42 1.03 -0.06 0.16 
-1.29 -4.49 263.02 1.04 -0.09 0.12 
-0.87 -4.25 264.97 1.02 -0.08 0.14 
-1.88 -3.54 269.53 1.02 -0.11 0.15 
0.64 -2.69 271.63 0.96 -0.04 0.14 
67.67 -139.59 236.55 0.68 -0.53 1.04 
-12.14 -3.01 249.13 0.82 -0.52 1.17 
-4.31 5.75 273.59 0.19 -0.35 0.79 
-4.97 2.30 276.07 -0.31 -0.33 0.45 
3.05 -6.45 255.14 0.45 -0.20 1.16 
-9.44 -2.30 260.19 0.77 -0.56 1.21 
-11.77 16.72 288.22 0.41 -0.50 1.24 
-10.74 20.65 313.07 -0.37 -0.38 0.76 
-12.41 18.13 -322.81 -0.47 -0.42 0.45 
-4.64 7.48 -310.13 -0.71 -0.10 0.41 
6.85 5.88 -305.22 -1.23 0.00 0.08 
4.21 -10.22 -315.47 -0.79 -0.10 0.17 
-18.73 14.41 -298.04 -0.15 -0.62 0.97 
-3.99 10.42 -284.47 -1.23 0.14 -0.06 
-3.12 -4.69 -290.15 -1.26 -0.01 -0.28 
-0.07 -16.64 -307.42 0.00 -0.45 0.82 
-7.29 6.10 -280.73 -0.42 -0.34 0.29 
-21.36 -24.01 -276.94 -0.98 0.45 0.32 
-6.40 -28.21 -305.11 -0.58 -0.89 0.94 
-0.57 -8.76 -313.80 -0.30 -0.46 1.00 
-2.40 -12.68 326.23 0.22 -0.32 0.94 
-14.94 13.48 -319.91 1.04 -0.77 1.22 
-4.87 9.46 -298.74 0.15 -0.27 0.76 
-7.09 0.47 -296.07 -0.40 -0.21 0.71 
-3.04 -23.98 -306.28 0.69 -0.32 1.13 
-12.01 -5.79 -306.45 0.91 -0.46 1.23 
-17.44 15.49 -284.80 0.36 -0.19 1.28 
-13.00 20.16 -264.89 -0.26 -0.49 0.86 
-2.41 20.09 -243.74 -0.49 -0.29 0.81 
3.07 14.87 -239.40 -0.98 -0.01 0.23 
-1.87 -19.20 -256.47 -0.13 -0.12 0.55 
-11.55 13.29 -231.77 -0.28 -0.51 0.98 
-0.42 16.71 -212.03 -1.08 -0.07 0.06 
-1.43 -7.17 -222.30 -1.18 0.04 0.14 
10.21 -28.80 -232.79 0.28 -0.13 1.31 
-15.28 7.67 -212.12 -0.37 -0.28 0.69 
-15.28 -14.31 -205.40 -0.94 -0.03 0.51 
-7.60 -33.95 -216.02 -0.50 -0.12 0.92 
1.61 -7.06 -221.54 -0.18 -0.65 1.11 
4.71 -8.00 -223.95 -0.03 -0.53 0.80 
-0.46 -11.21 -237.82 0.89 -0.63 1.00 
2.85 16.54 -206.53 1.01 -0.37 1.11 
-11.31 4.81 -203.12 -0.55 -0.05 0.71 
12.02 -9.08 -213.44 -0.17 -0.12 0.77 
-4.48 -9.26 -221.98 0.78 -0.30 1.33 
-12.75 4.60 -197.14 0.49 -0.34 1.16 
-15.06 12.69 -172.50 -0.20 -0.65 1.21 
-6.89 18.72 -146.44 -0.12 -0.53 0.94 
4.98 23.11 -134.12 -0.88 0.01 0.32 
7.43 -1.28 -139.31 -0.90 0.15 -0.17 
-12.91 -7.29 -147.74 0.58 -0.60 1.93 
-4.57 20.41 -123.40 -0.91 -0.10 0.39 
0.74 1.14 -122.00 -1.61 0.50 -0.64 
0.59 -20.83 -131.64 -0.45 -0.20 0.28 
-5.61 12.68 -107.27 -0.26 -0.44 0.50 
-16.24 2.93 -98.79 -0.96 -0.05 0.00 
-6.84 -29.48 -107.08 -0.83 -0.11 0.46 
-9.11 -17.25 -118.85 -0.36 -0.46 1.17 
2.62 -10.36 -130.78 0.00 -0.40 1.09 
13.69 -20.10 -147.37 0.41 -0.30 1.27 
-8.60 6.02 -125.44 0.89 -0.51 1.14 
-8.62 -7.52 -117.76 -0.23 -0.15 0.77 
2.25 -3.98 -127.05 -0.22 -0.10 0.87 
0.45 -23.10 -142.56 1.49 -0.20 1.49 
-6.74 9.40 -117.01 0.81 0.06 1.40 
-14.48 6.01 -99.19 -0.09 -0.39 1.03 
-10.95 24.97 -68.65 -0.03 -0.47 1.07 
30.44 46.08 -44.13 -0.91 -0.19 0.26 
8.06 -18.23 -53.47 -0.88 0.10 -0.37 
-14.77 -3.85 -45.85 0.45 -0.51 1.57 
-2.61 17.29 -29.90 -1.20 -0.03 0.28 
-2.06 -3.93 -32.49 -1.50 0.31 -0.24 
14.72 -21.20 -44.22 -0.11 -0.49 0.86 
-10.43 16.04 -27.14 -0.57 -0.12 0.28 
-10.16 -20.69 -20.23 -1.00 0.09 0.21 
-3.12 -22.39 -38.56 -0.16 -0.72 1.18 
-6.56 -11.25 -41.60 -0.06 -0.61 1.25 
-1.45 -30.29 -65.01 1.13 -0.12 1.47 
-2.81 2.75 -47.86 0.88 -0.42 1.23 
-10.34 4.17 -36.17 -0.41 0.02 0.69 
2.20 -4.93 -41.73 -0.02 -0.18 0.87 
-12.44 -12.61 -52.84 1.22 -0.22 1.45 
-9.73 11.47 -32.01 0.56 -0.13 1.21 
-12.34 15.47 -15.06 0.02 -0.29 1.29 
-13.15 24.72 5.88 -0.30 -0.34 0.83 
-0.05 23.26 19.98 -0.82 -0.24 0.56 
6.66 -0.33 19.49 -1.00 0.04 -0.07 
-5.38 -12.78 7.98 -0.03 -0.42 0.93 
-6.51 15.62 25.80 -0.63 -0.23 0.71 
-11.28 13.90 36.07 -1.40 -0.02 -0.02 
-2.63 -8.80 32.43 -1.18 -0.13 -0.01 
14.89 -16.10 18.07 -0.10 -0.23 0.91 
-11.57 11.51 34.06 -0.39 -0.20 0.70 
-5.55 -3.18 42.64 -0.78 -0.16 0.43 
-1.73 -26.69 45.97 -0.72 -0.01 0.67 
-4.37 -22.71 26.08 -0.55 -0.38 1.09 
-1.57 -12.05 25.09 -0.50 -0.45 0.82 
10.23 -23.04 16.24 0.49 -0.15 1.08 
-5.78 11.36 29.30 0.84 -0.40 1.21 
-13.08 7.06 37.82 -0.41 0.00 0.64 
3.83 -10.40 36.45 0.02 -0.25 0.91 
-15.34 -5.40 33.48 0.96 -0.17 1.41 
-6.90 17.87 56.03 0.34 -0.38 1.27 
-12.64 21.52 78.30 -0.36 -0.36 1.04 
-10.20 21.73 96.08 -0.58 -0.27 0.70 
3.62 18.12 104.48 -0.90 0.00 0.10 
6.26 -4.47 99.31 -0.93 -0.05 0.11 
3.29 -17.79 88.91 -0.42 -0.50 0.42 
-13.13 13.51 104.13 -0.69 -0.13 0.56 
-11.52 7.07 110.81 -1.27 -0.20 -0.06 
2.90 -4.78 105.20 -1.30 -0.21 0.10 
-17.37 1.94 114.76 0.10 -0.88 0.81 
-11.34 -1.25 133.15 -0.66 -0.14 0.19 
-5.51 -15.78 131.20 -0.85 -0.37 0.53 
-5.23 -19.73 125.68 -0.49 -0.37 0.79 
3.42 -7.46 129.20 -0.48 -0.24 1.02 
5.31 -11.11 122.32 -0.16 -0.29 1.16 
32.89 -71.40 68.77 0.58 -0.24 1.11 
-3.26 11.25 89.16 0.76 -0.57 1.22 
-15.54 23.18 112.78 -0.15 -0.53 1.22 
-3.60 26.94 132.64 -0.58 -0.01 0.38 
4.68 17.62 143.13 -0.98 0.03 0.21 
0.38 3.13 138.43 -0.93 0.12 0.27 
0.89 -8.93 127.88 -0.38 -0.33 0.67 
-8.05 18.23 143.56 -0.66 -0.25 0.38 
-7.68 2.92 148.22 -1.43 0.18 -0.51 
-1.33 -16.87 136.37 -0.99 -0.07 -0.01 
-16.88 1.85 141.44 -0.05 -0.84 0.96 
-11.68 4.92 154.83 -0.83 -0.06 0.48 
-12.12 -1.28 158.77 -0.82 -0.34 0.27 
-10.05 -21.17 147.55 -0.81 -0.58 0.34 
9.96 -15.63 143.43 -0.71 -0.20 0.80 
13.82 -22.33 127.27 0.09 -0.37 1.24 
-8.74 2.53 145.93 0.36 -0.86 1.22 
-11.21 10.47 161.92 -0.18 -0.32 0.83 
0.18 -5.25 159.52 -0.46 -0.28 0.43 
-0.44 -26.66 140.58 1.00 -0.45 1.43 
-5.80 12.27 162.95 0.54 -0.54 1.47 
-15.44 28.72 185.82 -0.25 -0.33 0.94 
1.12 28.05 206.88 -0.58 -0.13 0.60 
4.90 9.63 209.23 -1.04 0.09 -0.10 
8.51 -21.95 191.91 0.00 -0.33 0.60 
-14.51 18.26 211.35 -0.54 -0.20 0.60 
-6.92 11.61 221.73 -0.95 0.06 0.00 
-4.09 3.24 221.41 -1.41 0.08 -0.03 
2.89 -16.76 214.52 -0.87 -0.05 0.11 
-15.76 -3.39 213.95 0.06 -0.83 1.19 
-8.77 9.45 234.01 -0.65 -0.26 0.27 
-14.01 -14.56 234.79 -0.75 0.04 0.34 
-6.62 -21.59 221.72 -0.55 -0.76 0.88 
-0.69 -10.60 215.25 -0.16 -0.61 1.03 
-3.19 -10.20 208.38 -0.08 -0.46 0.86 
4.96 -19.44 203.03 0.83 -0.69 1.43 
-19.79 17.96 223.21 0.95 -0.19 1.13 
-7.52 4.92 233.38 -0.29 -0.19 0.68 
-0.67 -7.49 229.72 -0.19 -0.25 0.62 
-3.23 -12.27 219.25 0.79 -0.46 1.48 
-13.44 16.06 239.61 0.27 -0.24 1.49 
-9.35 26.19 262.75 -0.20 -0.62 1.00 
-8.02 24.39 283.94 -0.51 -0.42 0.42 
-1.00 12.44 293.02 -0.90 0.06 0.08 
5.48 -4.98 283.50 -1.02 -0.18 0.04 
-11.47 -5.97 280.06 -0.18 -0.79 0.94 
-11.52 9.04 297.13 -0.78 -0.30 0.53 
-3.01 6.09 307.92 -1.20 -0.02 0.05 
-2.90 -1.93 306.63 -1.14 -0.05 0.04 
10.57 -11.20 296.24 -0.63 -0.35 0.50 
-13.95 3.37 305.60 -0.11 -0.74 0.82 
-11.57 0.10 -327.33 -0.52 -0.24 0.27 
-9.53 -7.50 326.16 -1.00 0.02 0.33 
-13.76 -23.74 310.46 -0.44 -0.45 0.65 
1.05 -22.39 299.53 -0.20 -0.69 1.00 
-0.98 -9.47 290.56 0.07 -0.29 0.95 
8.23 -18.65 279.17 0.59 -0.26 1.12 
-1.92 5.22 305.43 0.70 -0.18 1.09 
-3.30 1.92 320.00 0.04 -0.23 0.88 
-0.13 -0.80 318.66 -0.15 -0.28 0.76 
-19.75 7.03 323.94 0.84 -1.07 1.06 
-24.71 17.41 -320.52 0.25 -0.42 1.02 
-16.91 21.59 -297.20 -0.19 -0.70 1.02 
-10.37 21.96 -272.09 -0.53 -0.53 0.65 
-1.60 13.39 -255.46 -0.77 -0.23 0.18 
-3.68 10.22 -244.94 -0.72 -0.07 0.03 
15.07 -16.78 -256.49 -1.14 0.28 -0.14 
-4.99 -11.48 -266.84 0.43 -0.99 1.32 
-1.39 9.09 -248.24 -0.81 -0.22 0.41 
-7.82 2.93 -240.51 -1.38 -0.15 0.21 
-8.93 -15.78 -242.40 -1.04 -0.02 0.03 
-7.17 -9.87 -244.53 0.15 -0.22 1.35 
-13.27 7.17 -227.51 -0.52 -0.39 0.58 
-15.25 -9.35 -209.71 -1.09 0.00 0.41 
-17.04 -19.88 -224.33 -0.62 -0.27 0.60 
2.24 -23.67 -234.62 -0.24 -0.86 1.07 
0.29 -1.88 -238.84 -0.12 -0.52 1.08 
2.13 -11.82 -249.61 0.10 -0.14 0.80 
-23.06 -2.52 -243.87 0.70 -0.80 0.95 
-12.43 7.45 -228.72 0.10 -0.30 0.81 
-1.73 -2.85 -225.55 -0.18 -0.36 0.82 
13.11 -5.79 -235.80 0.70 -0.10 1.29 
-10.90 9.48 -216.12 0.71 -0.47 1.39 
-13.56 20.34 -191.76 0.03 -0.53 1.16 
-7.78 26.05 -167.77 -0.35 -0.23 0.72 
-4.45 16.61 -154.50 -0.75 -0.18 0.36 
-2.91 10.22 -147.65 -0.91 -0.04 0.09 
1.68 1.18 -154.56 -1.09 0.11 0.08 
-1.01 -19.46 -165.72 0.41 -0.74 1.45 
-12.78 12.69 -147.25 -0.83 -0.18 0.46 
-9.27 2.59 -146.24 -1.43 -0.19 -0.05 
23.54 -21.39 -150.58 -0.72 -0.29 0.17 
-2.35 5.24 -147.22 -0.29 -0.59 0.80 
-15.70 4.61 -133.14 -0.71 -0.07 0.49 
-12.98 -8.55 -125.01 -0.86 -0.05 0.31 
-8.49 -15.36 -136.96 -0.58 0.02 0.71 
-6.26 -15.05 -146.96 -0.51 -0.70 1.14 
0.14 -9.36 -159.30 -0.24 -0.22 0.78 
4.76 -26.99 -170.78 0.65 -0.41 1.03 
-4.14 5.92 -156.39 0.63 -0.33 1.05 
-7.13 9.30 -134.60 -0.08 -0.23 0.74 
-1.32 -1.99 -137.40 -0.35 -0.20 0.70 
7.30 -24.27 -144.88 0.69 -0.39 1.19 
-2.87 3.19 -129.25 0.81 -0.37 1.06 
-1.37 8.06 -104.80 0.36 -0.45 1.10 
-12.74 17.56 -92.70 -0.08 -0.39 1.07 
-2.94 15.69 -73.22 -0.37 -0.45 0.88 
-6.44 19.07 -58.69 -0.61 -0.24 0.64 
4.61 10.16 -59.26 -1.05 0.16 0.14 
5.10 -23.12 -75.51 0.06 -0.37 0.99 
-9.19 11.08 -58.70 -0.38 -0.41 0.84 
-12.76 13.70 -46.73 -1.18 -0.22 0.18 
-4.70 -2.49 -50.26 -1.21 0.07 -0.07 
-11.64 -13.60 -64.71 0.02 -0.61 1.08 
-13.09 9.09 -44.20 -0.54 -0.42 0.47 
-13.43 -9.81 -38.15 -0.82 -0.05 0.39 
-18.40 -19.59 -54.04 -0.63 -0.18 0.54 
2.47 -12.47 -66.31 -0.24 -0.58 0.93 
-2.61 -8.03 -80.86 0.33 -0.80 1.36 
7.66 -20.46 -88.78 0.32 -0.21 1.08 
-1.63 2.76 -73.02 0.80 -0.40 0.95 
-5.07 3.07 -55.08 -0.01 -0.23 0.84 
2.48 -3.27 -57.70 0.03 -0.40 0.87 
-10.34 -8.74 -69.32 0.94 -0.36 1.28 
-10.10 7.23 -45.62 0.69 -0.29 1.28 
-19.27 24.51 -27.06 -0.10 -0.51 1.30 
-12.91 27.89 -6.50 -0.62 -0.46 0.63 
-7.79 17.82 7.92 -0.62 -0.24 0.21 
4.57 0.10 11.25 -1.04 0.08 -0.16 
10.05 -16.01 4.72 -0.55 -0.19 0.57 
-18.54 -1.05 13.48 0.03 -0.66 1.10 
-12.56 12.58 29.12 -0.94 -0.16 0.28 
-4.77 8.96 40.17 -1.32 0.13 -0.02 
8.28 -15.72 30.67 -0.47 -0.16 0.39 
-10.27 10.14 38.95 -0.32 -0.63 0.86 
-61.52 42.65 90.62 -0.40 -0.11 0.72 
7.57 -18.27 71.87 0.46 -0.03 1.22 
-5.75 0.68 85.33 0.62 -0.51 1.03 
-9.82 8.96 108.89 0.11 -0.47 1.05 
-11.97 21.92 129.64 -0.29 -0.26 1.16 
-4.45 26.25 150.04 -0.64 -0.28 0.61 
1.30 23.92 163.28 -0.73 0.01 0.25 
0.30 0.86 160.13 -1.07 0.29 -0.57 
-2.24 -34.23 151.61 -0.18 -0.10 0.77 
-15.56 16.57 168.99 -0.77 -0.21 0.58 
-7.35 15.96 179.05 -1.17 0.30 -0.32 
3.40 -22.66 165.46 -0.97 0.13 -0.22 
-0.39 -17.93 150.74 -0.03 -0.32 1.23 
-18.98 20.13 174.43 -0.63 -0.51 0.32 
-12.83 -6.37 183.93 -0.96 0.17 0.17 
-5.44 -18.62 165.97 -0.74 -0.42 0.52 
2.17 -22.22 153.42 -0.34 -0.71 1.13 
10.35 -11.07 141.45 -0.19 -0.21 0.73 
-23.14 -10.55 126.95 0.88 -0.62 1.07 
-8.39 3.18 152.62 0.76 -0.53 1.12 
-9.09 0.41 163.56 -0.38 -0.33 0.86 
9.04 -4.01 156.59 -0.21 -0.12 0.58 
-12.71 -1.82 156.84 1.02 -1.01 1.17 
-7.35 19.56 177.90 0.41 -0.49 1.44 
-17.44 26.35 206.47 -0.21 -0.47 0.77 
-11.78 22.15 230.61 -0.60 -0.46 0.39 
0.07 8.20 243.56 -0.88 -0.14 0.14 
7.58 -10.28 235.21 -1.00 0.14 -0.11 
-14.31 3.07 232.00 0.20 -0.73 1.48 
-0.30 10.39 250.55 -1.16 -0.07 0.17 
-2.66 -2.19 247.70 -1.32 0.02 0.07 
4.16 -20.56 234.80 -0.09 -0.38 1.13 
-8.97 9.22 254.35 -0.39 -0.27 0.46 
-12.82 -10.32 253.76 -0.89 0.10 0.28 
-6.36 -23.00 240.39 -0.82 -0.34 0.45 
7.51 -15.33 227.70 -0.57 -0.29 0.93 
-29.80 1.12 209.77 0.78 -0.62 1.25 
-1.74 -1.11 209.33 0.65 -0.69 1.12 
-14.16 4.18 227.51 0.16 -0.16 1.07 
-5.95 1.22 233.57 -0.27 -0.30 0.83 
4.26 -2.16 235.66 -0.53 -0.22 0.57 
5.91 -11.84 231.55 0.15 -0.18 0.80 
0.00 0.00 0.00 0.00 0.00 0.00 
148.12 -56.78 -100.96 0.65 -0.39 1.37 
-4.24 17.90 -90.36 0.12 -0.24 0.92 
-1.50 3.65 -87.66 -0.65 -0.36 0.93 
-6.19 -25.84 -79.80 0.44 -0.50 1.08 
-2.51 17.68 -59.62 -0.08 -0.71 1.45 
-5.22 32.01 -36.78 -0.19 -0.40 0.96 
0.44 28.09 -20.93 -0.86 -0.07 0.19 
-3.68 5.91 -31.13 -0.78 -0.05 0.16 
-5.05 -0.09 -33.29 -0.10 -0.70 1.12 
-1.86 18.21 -17.20 -0.84 -0.17 0.45 
-3.79 9.16 -19.56 -1.28 0.15 -0.27 
5.12 -3.63 -31.55 -0.86 -0.06 0.46 
-7.80 14.25 -26.32 -0.17 -0.62 0.76 
-10.09 5.33 -16.29 -0.72 -0.02 0.28 
-15.03 -28.76 -33.69 -0.55 0.06 0.65 
3.92 -14.20 -53.27 -0.34 -0.53 1.19 
0.90 1.13 -70.60 0.06 -0.52 1.19 
11.44 -14.00 -80.51 0.33 -0.42 0.97 
-5.19 13.57 -79.20 0.78 -0.41 1.02 
-11.54 9.06 -69.40 0.10 -0.53 0.85 
0.69 5.43 -75.49 -0.55 -0.10 0.69 
18.31 -2.17 -87.24 0.70 -0.37 1.17 
-4.35 11.92 -81.43 0.76 -0.41 1.04 
-10.08 21.98 -64.29 0.03 -0.63 1.25 
-9.14 32.75 -33.41 -0.53 -0.51 0.81 
-21.25 72.21 38.41 -0.47 -0.29 0.48 
-1.74 18.72 38.16 -1.54 0.54 -0.87 
16.71 -19.01 16.58 -0.75 -0.14 0.00 
-11.29 17.01 21.71 -0.07 -0.71 1.00 
-8.06 1.71 35.59 -0.63 0.00 0.06 
-16.22 -28.61 6.72 -0.84 0.12 0.57 
8.24 -10.56 -9.93 -0.43 -0.64 0.97 
6.02 -10.32 -35.19 -0.14 -0.17 1.05 
-13.23 -4.75 -54.91 0.97 -0.56 1.51 
-8.86 9.37 -35.23 0.37 -0.28 1.10 
-1.66 6.61 -36.93 -0.45 -0.31 0.65 
10.87 -12.05 -57.12 0.89 -0.26 1.24 
-4.09 12.49 -50.63 0.81 -0.42 1.33 
-13.83 19.34 -28.41 0.08 -0.72 1.18 
-30.62 23.18 -11.33 -0.61 -0.63 0.56 
-2.97 20.98 -0.02 -0.84 -0.29 0.22 
8.61 7.77 1.43 -0.90 -0.11 0.14 
-3.77 -5.57 -12.46 -0.02 -0.42 1.25 
-5.24 10.41 -4.17 -0.90 -0.35 0.30 
11.81 12.95 10.80 -1.28 0.00 -0.24 
5.82 -0.03 -3.10 -1.28 -0.02 -0.29 
5.50 -4.66 -16.25 -0.01 -0.49 0.98 
-12.26 13.39 -0.01 -0.64 -0.28 0.10 
-4.52 -21.22 -4.04 -1.20 -0.09 0.41 
-3.13 -24.93 -22.30 -0.15 -0.25 1.00 
6.25 -8.44 -31.89 -0.19 -0.17 1.02 
8.73 -1.09 -44.12 0.01 -0.38 1.05 
-17.51 19.27 -42.48 0.88 -0.54 0.96 
-4.63 11.23 -28.67 0.03 -0.05 0.92 
3.06 2.91 -34.07 -0.30 0.00 0.61 
15.64 -19.36 -41.51 1.23 0.04 1.32 
-4.02 22.64 -21.02 0.76 -0.15 1.26 
-14.33 34.67 3.08 -0.11 -0.59 1.03 
2.30 29.05 28.82 -0.56 -0.30 0.63 
5.76 27.81 36.89 -0.99 0.14 -0.05 
11.56 -5.48 17.58 -0.79 0.09 0.00 
-6.15 16.85 21.33 -0.32 -0.65 0.68 
-8.35 8.27 34.55 -1.27 0.15 0.16 
9.74 0.44 26.34 -1.18 0.12 -0.09 
3.71 -7.57 8.72 0.09 -0.64 0.98 
-11.24 13.47 25.61 -0.37 -0.28 0.35 
-8.82 -11.08 22.43 -1.08 0.14 0.30 
0.21 -14.07 -7.32 -0.38 -0.74 0.74 
8.80 -0.97 -21.63 -0.04 -0.72 1.17 
9.30 2.50 -34.02 0.09 -0.81 0.88 
-9.42 5.87 -35.80 0.55 -1.01 0.87 
-16.41 13.54 -25.17 -0.14 -0.20 0.84 
10.29 -1.94 -27.18 -0.34 -0.27 0.47 
-9.06 -8.74 -37.74 1.10 -0.62 1.73 
-9.52 20.26 -13.97 0.47 -0.57 1.33 
-7.02 33.15 10.40 -0.40 -0.39 0.91 
-11.06 36.98 39.24 -0.76 -0.05 0.31 
9.71 15.45 44.00 -0.73 0.11 -0.07 
6.56 0.15 29.89 -0.86 -0.07 -0.19 
-14.92 4.80 33.11 -0.01 -0.78 1.10 
-4.77 20.52 48.89 -0.98 0.00 0.00 
3.31 0.55 37.17 -1.43 0.24 -0.58 
29.69 -23.59 17.77 -0.70 -0.10 0.41 
-6.20 13.39 32.48 -0.25 -0.74 0.66 
-7.68 4.45 43.89 -0.98 0.08 0.25 
-5.78 -17.34 23.03 -0.70 -0.15 0.57 
2.97 -11.96 7.90 -0.49 -0.53 0.87 
-1.91 -12.16 -14.64 -0.06 -0.44 0.97 
15.05 -21.81 -26.12 0.96 -0.08 1.28 
-11.09 22.48 0.21 0.44 -0.35 0.81 
-3.24 2.82 -7.36 -0.30 -0.18 0.64 
1.55 -13.32 -31.14 0.74 -0.32 1.17 
0.33 12.69 -20.94 0.93 -0.53 1.39 
-13.69 31.53 2.38 0.04 -0.60 1.30 
-5.81 35.97 29.41 -0.49 -0.28 0.55 
-1.81 19.24 37.30 -0.90 -0.03 0.13 
1.54 7.39 29.51 -0.94 0.06 -0.16 
7.10 -7.33 15.51 -0.17 -0.53 0.91 
-9.23 11.43 30.24 -0.54 -0.27 0.37 
-7.56 9.75 25.28 -1.86 0.51 -0.47 
15.13 -19.56 17.58 -1.00 -0.38 0.03 
12.73 -77.22 -54.59 -0.39 -0.85 1.02 
4.28 -0.03 -67.71 -0.11 -0.52 1.12 
10.02 -7.74 -86.61 0.36 -0.39 0.99 
3.52 8.85 -78.58 0.75 -0.93 0.79 
-4.32 7.71 -65.68 0.08 -0.21 0.84 
8.53 0.17 -72.85 -0.20 -0.12 0.58 
-19.20 16.34 -76.00 1.13 -0.97 1.03 
-7.84 24.67 -51.42 0.24 -0.30 1.23 
-5.17 37.85 -20.36 -0.34 -0.25 0.87 
-5.63 26.13 -3.22 -0.59 -0.27 0.28 
4.01 11.56 -0.46 -0.94 0.14 0.03 
8.61 -5.77 -18.31 -0.81 -0.03 0.21 
-1.75 18.49 -1.60 -0.59 -0.68 0.52 
-5.43 21.06 24.11 -1.07 0.08 0.04 
9.48 -4.52 13.30 -1.23 0.31 -0.50 
16.31 -15.75 -3.88 -0.36 -0.21 0.57 
-8.46 25.13 18.17 -0.64 -0.30 0.70 
-12.72 2.65 26.87 -0.68 0.08 -0.05 
-9.18 -22.20 3.56 -0.94 0.25 0.43 
1.57 -14.62 -13.06 -0.76 -0.72 0.92 
2.32 -5.12 -31.74 -0.32 -0.43 0.88 
5.13 -3.85 -50.57 0.09 -0.43 1.07 
-16.15 8.40 -47.90 0.45 -0.91 0.90 
-8.93 8.82 -32.99 0.11 -0.35 0.92 
3.38 0.34 -41.24 -0.44 -0.09 0.61 
28.63 -10.58 -67.34 0.94 0.03 1.36 
-5.94 19.13 -43.18 0.47 -0.38 1.48 
-11.76 33.89 -16.95 -0.09 -0.54 1.15 
-7.86 32.91 4.15 -0.62 -0.23 0.26 
1.79 10.70 7.31 -0.88 0.03 0.02 
3.87 -4.89 -5.75 -0.83 0.06 0.22 
28.79 -48.55 -69.60 -1.01 0.07 -0.07 
-7.12 -4.04 -78.71 0.05 -0.64 1.26 
-11.04 14.17 -59.03 -0.60 -0.54 0.44 
-5.02 -6.39 -57.14 -1.00 -0.08 0.23 
2.37 -15.87 -73.57 -0.63 -0.28 0.81 
3.76 -3.95 -86.67 -0.35 -0.70 0.96 
8.29 -2.35 -97.64 -0.12 -0.48 0.80 
7.11 -12.60 -115.42 0.93 -0.39 1.45 
-5.71 12.15 -97.08 0.66 -0.47 1.19 
-5.03 7.81 -88.28 -0.20 -0.21 0.71 
2.39 -3.40 -94.88 -0.04 -0.04 0.89 
5.86 -13.47 -109.48 1.17 -0.21 1.49 
-14.71 32.05 -87.11 0.33 -0.38 1.40 
-6.41 39.33 -60.98 -0.31 -0.22 0.95 
1.50 30.17 -41.41 -0.64 -0.03 0.35 
9.33 17.14 -41.26 -1.01 0.04 0.01 
-0.11 -10.48 -54.64 -0.26 -0.22 0.35 
-12.17 17.50 -39.76 -0.66 -0.32 0.55 
-5.09 10.94 -35.88 -1.25 0.18 0.07 
4.42 1.20 -47.56 -1.15 0.04 -0.02 
-5.02 3.38 -57.53 -0.04 -0.47 1.06 
-9.00 11.80 -45.41 -0.83 -0.20 0.33 
-0.49 1.16 -52.90 -0.96 0.03 -0.07 
-5.43 -25.44 -72.34 -0.70 -0.28 0.59 
10.20 -7.86 -83.74 -0.36 -0.73 0.95 
4.84 -0.51 -88.89 -0.01 -0.68 1.06 
25.89 -32.98 -105.52 0.45 -0.54 1.17 
2.97 12.10 -86.69 0.58 -0.05 1.19 
-8.91 11.87 -75.20 -0.25 -0.38 0.79 
6.68 -1.20 -83.00 -0.41 -0.30 0.67 
18.40 -14.28 -102.56 0.72 0.03 1.30 
-24.11 11.09 -87.85 0.74 -0.15 1.25 
-9.13 18.94 -68.80 -0.03 -0.83 1.08 
-12.71 30.69 -39.70 -0.43 -0.44 0.56 
6.76 27.80 -22.60 -0.71 -0.17 0.11 
-56.31 42.82 37.51 -0.81 -0.49 0.27 
-3.55 18.80 43.28 -1.40 0.19 -0.15 
10.26 -6.80 32.72 -1.02 0.00 -0.13 
8.49 -11.93 6.07 0.19 -0.38 1.32 
-17.46 14.66 26.25 -0.51 -0.59 0.45 
-9.42 -4.84 29.82 -0.96 0.00 0.10 
1.73 -21.63 5.32 -0.68 -0.52 0.76 
6.70 -2.79 -3.77 -0.26 -1.03 1.10 
6.78 -2.28 -23.63 -0.28 -0.07 0.78 
19.86 -2.31 -41.30 0.97 -0.72 1.18 
-7.79 16.56 -11.01 0.77 -0.52 1.15 
-7.32 10.72 -9.23 -0.57 0.01 0.61 
9.95 -9.33 -33.33 0.23 -0.14 0.95 
-7.64 2.52 -38.07 0.75 -0.76 1.26 
-12.47 18.82 -11.75 0.15 -0.56 1.34 
-5.28 35.71 18.43 -0.34 -0.10 0.79 
-4.96 29.38 34.92 -0.80 -0.23 0.41 
6.06 18.94 43.59 -1.06 0.18 -0.11 
22.42 -8.32 30.80 -0.78 0.25 0.09 
-6.01 -2.91 22.27 -0.11 -1.06 1.19 
-11.89 24.04 37.44 -0.94 -0.07 0.30 
-2.07 2.77 35.30 -1.42 0.64 -0.60 
9.07 -3.61 18.88 -0.91 0.01 0.04 
2.40 -5.11 13.70 -0.07 -0.32 1.11 
-25.39 19.05 26.76 -0.81 0.09 0.19 
-7.93 -12.75 20.97 -1.03 0.05 -0.05 
1.25 -21.63 -2.99 -0.58 -0.53 0.66 
0.30 -5.80 -21.70 -0.25 -0.47 1.25 
8.78 -13.06 -34.32 0.20 -0.35 1.14 
-4.40 14.01 -35.00 0.54 -0.55 0.99 
-4.41 10.24 -19.13 0.27 -0.34 0.97 
-7.56 7.55 -12.00 -0.33 -0.21 0.85 
15.26 -3.59 -33.48 -0.15 -0.11 0.69 
-18.02 -10.60 -44.46 1.25 -0.94 1.30 
-4.00 29.23 -16.66 0.43 -0.35 1.48 
-10.27 40.90 10.16 -0.17 -0.34 0.72 
-1.13 29.17 26.87 -0.66 -0.12 0.17 
5.53 16.97 29.67 -1.04 0.18 -0.11 
12.73 -3.30 17.77 -1.01 -0.04 -0.24 
-8.29 6.62 13.69 -0.13 -0.67 1.07 
-8.87 18.37 25.45 -0.96 -0.10 0.14 
-0.18 -0.60 16.29 -1.32 0.17 -0.56 
18.93 -19.08 4.58 -0.54 -0.21 0.43 
-4.07 16.23 11.56 -0.27 -0.66 0.77 
-4.27 0.08 25.57 -0.80 -0.26 0.24 
-6.26 -11.47 16.13 -1.00 -0.13 0.50 
-8.43 -16.37 2.29 -0.32 -0.32 0.56 
3.42 -10.37 -8.24 -0.35 -0.61 0.94 
-2.64 -6.03 -22.53 -0.19 -0.21 1.15 
14.52 -16.36 -58.37 1.00 0.07 1.48 
-6.39 7.86 -40.48 0.69 -0.09 1.07 
-14.10 6.70 -44.05 -0.13 -0.14 0.87 
-2.73 -1.35 -58.12 -0.09 -0.23 0.59 
-20.20 -6.21 -79.07 1.02 -0.58 1.32 
-15.59 20.96 -54.29 0.32 -0.39 1.33 
-14.96 29.58 -27.87 -0.31 -0.44 0.94 
-3.76 26.05 -5.89 -0.54 -0.45 0.31 
-2.28 14.52 1.54 -0.77 -0.18 0.12 
4.77 5.71 -1.27 -1.09 0.00 -0.07 
19.12 -6.75 -14.39 -0.79 -0.12 0.21 
-15.97 22.21 1.91 -0.65 -0.65 0.45 
2.80 19.69 15.12 -1.23 0.25 -0.27 
12.81 -13.55 -4.31 -1.00 0.11 -0.37 
-17.73 15.59 -1.57 -0.01 -0.95 1.04 
-11.01 5.14 12.88 -0.84 -0.01 0.19 
2.35 -12.36 13.43 -1.07 -0.07 0.40 
-3.81 -11.79 -5.40 -0.56 -0.61 0.84 
-1.30 -4.48 -18.47 -0.31 -0.58 0.95 
2.94 -3.10 -31.32 -0.36 -0.38 0.73 
3.37 -13.59 -61.02 0.72 -0.36 1.23 
-3.71 13.58 -57.01 0.72 -0.63 1.07 
-7.82 10.65 -49.01 -0.18 -0.39 0.89 
7.25 -1.18 -55.02 -0.30 -0.20 0.44 
3.55 22.63 -52.70 0.85 -0.52 1.09 
-16.04 25.99 -37.64 -0.08 -0.56 0.95 
-10.99 21.14 -15.54 -0.46 -0.66 0.88 
-7.26 26.94 5.95 -0.72 -0.23 0.38 
3.62 17.89 18.57 -0.93 -0.01 0.07 
13.83 6.81 16.48 -0.95 0.39 -0.34 
18.22 -21.48 0.49 -0.37 -0.26 0.63 
-4.73 16.91 15.38 -0.39 -0.64 0.58 
-4.07 21.59 31.45 -1.19 0.08 -0.22 
2.74 -5.76 17.97 -1.06 0.27 -0.37 
6.42 -17.22 1.33 -0.09 -0.51 1.01 
-10.61 15.99 20.13 -0.42 -0.33 0.45 
-8.26 -4.64 22.09 -1.03 0.18 0.22 
-11.46 -9.38 -2.21 -0.80 -0.85 0.49 
0.02 -2.40 -11.48 -0.57 -0.35 0.68 
6.71 0.66 -21.69 -0.34 -0.60 0.78 
19.81 -9.43 -47.30 -0.13 -0.43 0.70 
-16.40 -0.47 -70.96 1.07 -0.80 1.22 
-4.73 12.92 -52.63 0.57 -0.32 1.04 
-4.34 2.98 -53.60 -0.41 -0.40 0.82 
11.65 -11.64 -64.91 0.42 -0.12 0.86 
-6.09 7.14 -61.24 0.63 -0.69 0.70 
-2.64 10.21 -46.43 0.30 -0.69 1.11 
-6.70 25.71 -25.44 -0.08 -0.58 1.07 
-12.43 31.47 -3.41 -0.49 -0.37 0.50 
0.93 21.76 12.54 -0.83 -0.32 0.17 
9.81 15.67 18.93 -1.01 0.04 -0.05 
19.11 -6.81 2.59 -0.87 -0.01 -0.05 
-12.91 13.32 8.30 -0.31 -0.72 0.87 
-13.27 17.60 22.20 -1.09 0.04 0.11 
2.58 5.72 16.46 -1.32 0.35 -0.30 
8.82 -18.15 -0.60 -0.31 -0.19 0.64 
-10.90 18.83 11.56 -0.25 -0.64 0.78 
-6.21 1.84 24.28 -1.12 -0.07 0.11 
-10.36 -17.56 2.94 -0.85 -0.19 0.46 
4.21 -13.32 -8.31 -0.29 -0.60 0.98 
6.36 5.31 -25.63 0.20 -0.59 1.07 
-0.40 3.27 -26.42 0.03 -0.61 1.04 
-0.27 5.29 -35.14 0.06 -0.36 0.81 
7.73 -13.04 -45.64 0.46 -0.08 0.96 
-11.26 12.75 -45.46 0.51 -1.05 0.85 
-3.14 10.67 -35.81 0.63 -0.10 1.19 
-4.93 5.64 -34.73 -0.44 -0.21 0.62 
1.70 2.13 -36.45 -0.37 -0.31 0.73 
