0.00 0.00 0.00 0.00 0.00 0.00 
189.23 32.60 -1.20 0.98 0.15 0.26 
5.02 0.83 -1.40 0.99 0.15 0.27 
4.95 1.29 -1.45 1.00 0.15 0.27 
6.15 1.37 -0.55 0.98 0.16 0.26 
5.20 2.23 -0.13 0.99 0.15 0.26 
5.69 1.82 0.61 0.99 0.09 0.26 
4.91 1.06 0.93 1.00 0.11 0.28 
-1.94 1.97 3.01 1.01 0.03 0.34 
-0.29 -0.39 4.69 0.91 0.08 0.31 
1.15 1.96 2.33 0.96 0.03 0.30 
5.93 -0.31 0.52 1.01 0.02 0.18 
5.42 1.14 -2.36 0.87 0.07 0.05 
37.41 -11.78 -8.87 1.30 0.31 0.15 
-5.97 9.08 -6.89 0.89 0.20 0.53 
17.99 5.70 -11.77 0.99 0.12 0.24 
4.68 1.63 -11.26 0.97 0.17 0.22 
6.32 1.67 -12.45 1.00 0.19 0.20 
12.48 3.66 -11.51 1.03 0.09 0.18 
0.18 -1.07 -6.77 0.80 0.10 0.06 
-10.55 -4.13 -4.55 1.14 0.19 0.39 
8.19 2.37 -6.98 0.89 0.19 0.48 
-2.83 -4.20 -6.41 1.15 0.14 0.19 
1.93 1.08 -4.31 0.98 0.15 0.30 
2.15 1.22 -4.31 1.04 0.16 0.24 
1.84 0.41 -4.82 0.97 0.08 0.22 
2.12 0.55 -7.45 1.01 0.09 0.30 
8.40 1.74 -7.66 0.99 0.08 0.25 
7.16 3.47 -7.96 1.03 0.13 0.25 
2.52 1.69 -7.38 0.80 0.15 0.08 
15.00 7.28 -7.77 1.24 0.24 -0.12 
27.92 8.22 -5.71 0.90 0.17 0.62 
8.44 0.47 -6.72 0.60 0.28 0.42 
7.83 -2.91 -0.78 0.89 0.06 0.29 
3.96 -0.47 -0.56 1.00 0.15 0.31 
6.60 1.59 -0.52 0.93 0.19 0.26 
3.33 0.31 -0.12 0.99 0.18 0.24 
5.48 3.07 0.24 0.97 0.12 0.19 
5.74 -0.57 -0.05 1.02 0.14 0.16 
9.02 3.11 1.66 1.00 0.13 0.06 
-1.50 4.21 0.04 1.00 0.10 -0.05 
-16.66 -0.97 1.36 1.09 0.11 0.69 
4.90 -4.76 8.07 0.93 0.14 0.23 
2.12 -1.06 8.94 1.00 0.11 0.16 
53.32 10.81 13.89 0.94 0.22 0.13 
12.05 3.44 13.92 1.06 0.24 -0.06 
-15.75 -3.31 15.83 1.40 0.02 0.78 
25.02 2.15 13.06 0.71 0.24 0.54 
16.60 1.31 14.49 1.10 0.22 0.29 
-5.10 3.29 12.10 1.05 0.19 0.28 
3.36 1.17 10.92 0.93 0.22 0.26 
2.34 1.30 11.33 0.96 0.10 0.22 
2.02 6.69 12.19 1.02 0.15 0.19 
10.69 0.91 11.53 0.98 0.11 0.12 
4.44 -0.09 9.28 0.98 0.17 0.10 
7.45 4.59 8.82 0.86 0.30 0.08 
17.62 7.02 11.21 1.58 0.79 0.54 
62.21 8.89 27.72 1.01 0.26 0.13 
2.49 1.32 27.66 0.94 0.15 0.05 
3.74 10.02 25.85 1.24 0.17 -0.19 
16.59 6.64 31.08 1.01 0.29 0.81 
-3.78 1.51 32.48 0.63 0.33 0.39 
20.66 1.56 40.23 0.70 0.29 0.30 
9.56 0.90 39.15 0.99 0.00 0.25 
3.95 0.65 37.71 0.98 0.14 0.27 
2.57 -0.50 36.64 1.01 0.05 0.27 
5.88 3.09 34.81 1.01 0.17 0.20 
12.60 1.03 32.19 1.03 0.14 0.07 
9.13 0.92 32.42 1.03 0.12 0.06 
3.35 3.48 32.12 0.81 0.27 0.03 
29.30 8.02 28.98 1.27 0.25 0.10 
8.94 2.62 29.61 0.77 0.33 0.53 
2.58 -5.35 29.49 0.81 0.25 0.36 
3.13 1.56 28.54 0.85 0.34 0.20 
-0.03 0.49 28.43 0.97 0.26 0.39 
4.15 2.49 28.93 0.87 0.20 0.31 
3.40 -1.04 29.63 0.88 0.22 0.25 
8.83 1.72 28.29 0.89 0.24 0.22 
8.20 1.82 27.37 0.96 0.10 0.14 
-3.21 -1.49 28.57 0.76 0.16 0.05 
-2.07 4.69 28.24 1.21 0.18 -0.09 
4.80 3.16 29.86 0.86 0.76 0.68 
6.90 -3.21 30.89 0.76 0.12 0.62 
11.43 -5.44 30.52 0.99 0.52 0.39 
-3.10 -1.24 30.55 0.96 -0.03 0.19 
2.82 0.19 30.22 0.94 0.24 0.18 
4.51 1.53 30.97 0.94 0.25 0.18 
7.17 3.22 30.37 0.96 0.22 0.17 
12.89 2.47 31.00 1.14 0.17 0.23 
7.18 1.45 30.53 0.91 0.31 0.07 
-8.17 -3.12 30.39 1.04 0.23 -0.01 
-3.97 -0.17 30.57 1.16 0.39 0.12 
11.27 -3.26 30.92 0.52 0.10 0.40 
9.06 -8.22 35.51 1.16 0.32 0.54 
-10.88 3.82 36.89 0.87 0.11 0.25 
6.50 4.12 36.23 1.00 0.24 0.18 
4.14 2.31 36.31 0.95 0.22 0.20 
6.01 2.00 36.38 0.97 0.26 0.17 
2.79 1.25 35.19 0.96 0.30 0.17 
10.45 3.06 35.65 0.99 0.18 0.13 
11.03 1.29 36.04 0.95 0.28 0.05 
3.99 8.62 33.61 1.03 0.15 -0.06 
4.95 9.98 31.98 0.97 0.41 0.73 
17.75 6.10 31.44 0.69 0.43 0.53 
3.75 2.83 33.95 0.94 0.42 0.29 
-3.17 0.21 31.22 0.99 0.27 0.27 
2.13 1.23 31.26 0.96 0.32 0.23 
3.96 1.39 32.09 0.98 0.24 0.23 
5.52 1.29 32.52 0.98 0.23 0.20 
5.02 1.71 32.40 1.00 0.23 0.25 
8.98 1.06 31.06 0.99 0.24 0.13 
5.12 -0.44 29.32 0.88 0.29 0.09 
3.24 2.40 30.28 0.98 0.29 0.00 
13.73 5.44 28.21 1.04 0.51 0.11 
7.40 1.19 27.18 0.80 0.00 0.53 
12.69 0.86 33.42 0.92 0.28 0.37 
6.36 3.65 30.96 0.92 0.27 0.24 
2.96 -0.14 31.27 0.99 0.30 0.26 
5.12 0.74 30.22 0.96 0.32 0.18 
5.33 0.89 29.90 0.99 0.32 0.17 
2.73 1.24 27.68 0.96 0.26 0.09 
35.87 12.17 22.12 0.93 0.33 0.19 
5.29 0.94 21.38 0.98 0.28 0.18 
6.23 4.18 19.84 0.90 0.19 0.18 
12.86 4.21 20.51 0.91 0.37 0.15 
6.16 1.73 21.70 0.84 0.30 0.04 
21.62 4.04 20.47 0.96 0.25 0.16 
