0.00 0.00 0.00 0.00 0.00 0.00 
-119.01 242.79 -186.11 0.96 0.24 0.27 
-0.42 3.12 -188.14 0.95 0.26 0.26 
-1.61 2.43 -190.03 0.96 0.25 0.27 
-1.77 3.13 -192.54 0.96 0.26 0.26 
-1.52 2.63 -194.27 0.95 0.25 0.26 
-1.99 3.05 -196.63 0.95 0.26 0.26 
-1.39 2.61 -198.52 0.96 0.26 0.25 
-1.66 2.54 -200.72 0.95 0.25 0.26 
-1.40 3.15 -203.20 0.96 0.27 0.25 
-1.27 2.63 -204.95 0.96 0.25 0.25 
-0.75 2.42 -207.31 0.96 0.26 0.25 
-0.96 2.92 -208.93 0.95 0.28 0.24 
-0.61 2.77 -210.46 0.95 0.27 0.24 
-9.34 13.35 -220.71 0.97 0.25 0.26 
-0.45 3.18 -222.20 0.96 0.27 0.25 
-2.46 0.24 -223.11 0.92 0.30 0.33 
-15.52 -1.64 -223.92 0.92 0.29 0.19 
-7.46 1.24 -226.28 0.97 0.26 0.27 
-1.46 4.44 -230.05 0.87 0.22 0.45 
0.55 8.17 -235.73 0.74 0.31 0.41 
11.59 3.36 -234.01 0.58 0.46 0.57 
-88.20 6.59 -232.63 1.01 0.09 0.40 
-8.98 0.23 -234.35 1.00 0.19 0.29 
-1.06 1.83 -236.20 0.96 0.27 0.24 
-2.10 2.97 -238.03 0.96 0.28 0.25 
-0.15 2.96 -240.19 0.94 0.27 0.28 
8.54 21.76 -251.42 0.52 0.37 0.43 
0.45 -2.27 -249.51 1.03 0.58 0.15 
-2.36 -0.12 -251.71 0.93 0.28 -0.03 
-7.61 -0.67 -254.23 0.86 0.32 0.04 
-9.47 8.96 -256.98 0.93 0.19 0.26 
-13.25 2.23 -257.58 1.04 0.18 0.26 
-0.64 1.98 -257.72 1.06 0.15 0.34 
0.03 1.84 -258.94 0.95 0.27 0.37 
1.00 3.58 -260.40 0.94 0.26 0.31 
-3.82 2.42 -263.04 0.91 0.25 0.28 
-5.99 1.28 -264.82 1.04 0.19 0.41 
3.15 0.06 -268.89 1.05 0.21 0.26 
1.93 2.93 -274.61 0.99 0.39 0.39 
3.70 12.68 -278.40 0.55 0.23 0.41 
7.37 4.77 -276.58 1.23 0.60 0.68 
3.10 -5.47 -282.00 0.98 0.21 -0.11 
10.22 7.87 -284.34 0.99 0.37 0.16 
6.66 8.15 -276.91 0.94 0.00 0.28 
6.48 2.15 -277.49 1.02 0.15 0.28 
-1.43 1.94 -279.28 0.98 0.26 0.33 
-1.52 2.73 -282.13 0.92 0.30 0.32 
0.84 3.47 -284.16 0.91 0.30 0.28 
2.78 7.75 -289.04 0.94 0.26 0.36 
-0.21 6.99 -295.74 0.83 0.35 0.45 
-0.93 5.98 -295.74 0.55 0.38 0.47 
13.39 -0.44 -297.36 1.33 0.87 0.59 
4.87 -1.88 -299.99 0.88 0.06 -0.08 
-10.14 -4.57 -299.71 1.07 -0.08 0.23 
-7.78 0.74 -301.61 0.97 0.01 0.29 
-8.42 0.92 -304.42 1.00 0.25 0.30 
0.82 4.16 -305.48 0.91 0.33 0.27 
-1.56 2.24 -307.32 0.92 0.35 0.30 
0.03 3.11 -308.61 0.92 0.38 0.28 
5.77 5.25 -312.37 0.91 0.43 0.30 
2.63 11.54 -318.58 0.76 0.35 0.44 
44.89 34.11 321.57 0.81 0.40 0.27 
19.31 2.11 324.06 0.92 0.22 0.22 
3.92 1.54 323.45 0.88 0.38 0.24 
0.74 2.89 322.50 0.94 0.33 0.26 
0.33 2.83 321.97 0.92 0.30 0.27 
0.06 3.01 320.54 1.02 0.30 0.37 
-3.33 3.89 315.58 0.96 0.36 0.40 
-3.52 10.30 311.78 0.69 0.34 0.43 
-5.41 -1.02 313.50 0.78 0.69 0.79 
-20.90 -4.10 314.40 1.35 0.48 -0.06 
-7.62 0.12 312.77 1.03 0.24 0.26 
5.93 5.37 309.36 0.92 0.35 0.28 
-2.85 8.23 303.80 0.96 0.29 0.30 
-2.01 2.36 301.67 0.92 0.27 0.33 
0.84 2.92 298.77 0.90 0.23 0.32 
-7.37 8.45 292.83 0.88 0.21 0.50 
8.54 6.39 293.07 0.60 0.54 0.62 
-17.80 -5.15 294.23 1.21 0.38 0.12 
1.98 0.05 291.32 0.82 0.26 0.02 
-0.14 2.37 286.12 0.82 0.53 0.26 
9.13 7.09 292.49 1.01 0.34 0.22 
3.38 8.06 279.06 0.89 0.27 0.36 
5.40 3.67 275.76 0.87 0.27 0.42 
-0.74 8.75 270.84 0.88 0.34 0.46 
-0.82 9.68 267.51 0.56 0.31 0.43 
0.59 -1.22 269.74 0.99 0.60 0.99 
11.15 0.60 269.92 1.02 0.09 0.01 
0.40 10.46 261.49 0.91 0.33 0.31 
-2.15 3.70 261.91 0.94 0.33 0.27 
-5.58 1.74 260.30 0.92 0.32 0.37 
-3.82 5.54 256.38 0.86 0.21 0.41 
3.28 7.03 254.75 0.80 0.17 0.54 
13.43 2.67 253.88 0.48 0.62 0.56 
-2.99 -1.39 248.33 1.64 0.22 -0.14 
-21.46 -3.80 245.60 0.89 0.37 0.08 
-2.62 6.80 242.33 0.92 0.39 0.30 
12.28 4.85 240.82 0.79 0.65 0.27 
-2.28 1.41 240.34 0.95 0.33 0.24 
-20.27 17.08 213.52 0.83 0.49 0.37 
-41.13 -2.22 203.91 0.86 0.19 0.23 
-6.73 3.46 201.50 0.88 0.31 0.28 
6.56 4.91 203.99 0.78 0.35 0.29 
-2.51 1.91 203.47 0.93 0.36 0.29 
3.59 3.38 202.53 0.94 0.28 0.32 
-0.65 2.42 200.37 0.93 0.30 0.31 
-0.48 2.45 198.75 0.94 0.31 0.29 
5.42 4.70 192.79 0.88 0.39 0.32 
-9.46 8.34 184.21 0.57 0.39 0.33 
10.05 5.87 183.03 0.64 0.78 0.73 
9.40 -0.97 183.34 0.85 0.59 -0.03 
-0.60 -2.84 180.40 0.84 0.23 0.09 
-20.35 -4.15 170.98 0.82 0.36 0.05 
0.98 5.16 168.35 0.96 0.21 0.31 
16.66 7.49 151.10 0.79 0.37 0.32 
1.96 11.86 147.76 0.70 0.34 0.34 
-12.07 -0.97 153.52 1.03 0.58 0.57 
41.79 -1.20 149.68 0.82 0.17 0.01 
8.27 5.96 147.69 0.97 0.37 0.19 
24.43 11.60 147.21 0.68 0.55 0.27 
-6.25 1.47 146.23 0.91 0.32 0.30 
-1.40 2.32 143.76 0.87 0.33 0.26 
57.47 1.82 157.63 0.84 0.38 0.21 
1.33 4.35 156.07 0.93 0.41 0.24 
-0.85 3.37 153.91 0.92 0.35 0.25 
