17.75 62.83 -17.71 -0.43 0.21 0.52 4354.00
18.51 64.56 -17.30 -0.52 0.34 0.53 4384.00
17.85 65.85 -16.78 -0.66 0.47 0.51 4414.00
16.13 67.27 -17.21 -0.75 0.45 0.52 4445.00
16.05 68.24 -18.54 -0.92 0.37 0.50 4475.00
17.65 68.73 -19.61 -1.05 0.49 0.35 4506.00
18.90 68.42 -21.13 -1.01 0.66 0.32 4537.00
18.79 67.56 -23.70 -0.92 0.65 0.37 4568.00
17.99 65.82 -27.07 -0.73 0.43 0.51 4598.00
17.75 62.82 -31.16 -0.49 0.21 0.66 4629.00
18.43 59.01 -35.77 -0.20 0.04 0.88 4660.00
20.29 55.46 -40.25 0.04 -0.12 1.11 4690.00
22.86 52.57 -44.26 0.38 -0.25 1.39 4721.00
26.05 50.93 -47.14 0.57 -0.31 1.51 4752.00
28.87 51.43 -48.38 0.41 -0.15 1.40 4783.00
29.21 53.60 -48.52 0.13 0.06 1.22 4812.00
26.95 57.42 -48.19 -0.17 0.07 1.02 4843.00
24.09 61.95 -47.53 -0.47 -0.02 0.81 4874.00
22.40 66.12 -46.81 -0.74 -0.06 0.67 4904.00
22.63 69.69 -46.06 -1.08 -0.03 0.57 4935.00
23.77 72.29 -44.78 -1.30 0.16 0.39 4966.00
23.94 74.38 -43.52 -1.31 0.40 0.18 4997.00
22.54 76.15 -42.45 -1.42 0.54 -0.01 5027.00
19.81 77.39 -42.50 -1.34 0.53 0.08 5059.00
18.24 77.51 -43.59 -1.36 0.43 0.01 5090.00
18.27 75.36 -45.49 -1.16 0.35 0.13 5121.00
18.80 71.60 -47.96 -0.87 0.26 0.30 5151.00
18.84 65.85 -51.03 -0.45 0.11 0.65 5182.00
18.31 60.88 -54.18 -0.14 -0.12 0.98 5213.00
18.82 57.56 -56.37 0.03 -0.25 1.07 5243.00
19.30 54.61 -57.76 0.08 -0.24 1.19 5274.00
19.35 53.03 -58.69 0.04 -0.23 1.26 5305.00
19.31 52.34 -59.10 -0.15 -0.22 1.22 5335.00
18.95 52.29 -58.98 -0.30 -0.15 1.13 5365.00
17.72 52.96 -58.83 -0.39 -0.10 1.03 5396.00
16.28 53.87 -58.83 -0.47 -0.16 0.92 5427.00
15.49 54.80 -58.61 -0.42 -0.21 0.78 5457.00
14.41 56.07 -58.21 -0.36 -0.21 0.68 5488.00
12.87 57.05 -57.66 -0.33 -0.25 0.63 5518.00
11.29 57.44 -56.61 -0.34 -0.26 0.66 5549.00
9.48 57.14 -55.26 -0.23 -0.23 0.58 5579.00
7.68 57.52 -53.99 -0.22 -0.29 0.59 5610.00
6.72 56.31 -52.34 -0.32 -0.26 0.66 5641.00
6.05 55.40 -50.56 -0.23 -0.18 0.57 5670.00
4.60 53.50 -48.90 -0.35 -0.20 0.62 5701.00
3.53 51.68 -47.25 -0.35 -0.20 0.64 5732.00
2.33 48.17 -45.61 -0.46 -0.14 0.64 5763.00
1.06 44.45 -44.31 -0.34 -0.10 0.54 5793.00
-1.25 39.39 -43.52 -0.35 -0.15 0.75 5823.00
-3.15 32.80 -42.67 -0.23 -0.30 0.78 5854.00
-3.78 25.37 -41.06 -0.03 -0.21 1.01 5884.00
-3.87 17.43 -39.42 0.16 -0.03 1.19 5915.00
-3.79 9.67 -38.68 0.42 -0.00 1.44 5946.00
-2.66 2.18 -37.50 0.53 0.17 1.66 5977.00
-2.64 -4.07 -37.04 0.84 0.35 1.62 6006.00
-3.67 -8.40 -38.09 0.90 0.17 1.83 6037.00
-4.11 -12.83 -38.73 0.84 0.23 1.75 6068.00
-6.32 -15.26 -40.65 1.02 0.10 1.59 6098.00
-8.73 -16.00 -42.90 0.90 -0.26 1.49 6128.00
-9.38 -16.59 -44.35 0.76 -0.29 1.28 6159.00
-10.12 -16.81 -45.89 0.71 -0.17 1.10 6190.00
-11.30 -16.53 -47.37 0.59 -0.19 1.02 6220.00
-12.30 -16.90 -48.59 0.48 -0.14 0.95 6251.00
-13.67 -17.64 -49.87 0.46 -0.07 0.87 6281.00
-15.17 -18.31 -51.24 0.37 -0.02 0.79 6311.00
-16.65 -19.08 -52.71 0.24 0.11 0.71 6342.00
-17.94 -20.00 -54.80 0.12 0.25 0.65 6373.00
-18.98 -22.12 -57.68 0.07 0.38 0.59 6404.00
-20.90 -25.26 -61.71 0.38 0.33 0.65 6434.00
-22.65 -28.17 -66.73 0.81 0.17 0.73 6465.00
-24.36 -30.64 -71.94 1.40 0.01 0.76 6496.00
-27.16 -33.50 -76.50 1.94 -0.05 0.74 6526.00
-31.15 -34.53 -81.27 2.42 -0.40 0.83 6557.00
-34.19 -33.91 -83.87 1.93 -0.82 0.74 6588.00
-35.27 -32.72 -83.26 1.43 -0.79 0.55 6619.00
-35.24 -31.17 -80.70 1.29 -0.43 0.47 6650.00
-35.16 -29.45 -77.97 1.14 -0.24 0.45 6681.00
-34.66 -28.25 -75.65 1.02 -0.28 0.48 6712.00
-33.82 -27.39 -72.80 0.79 -0.24 0.50 6743.00
-33.09 -26.94 -69.87 0.57 -0.07 0.54 6773.00
-33.20 -27.11 -67.61 0.38 0.03 0.55 6804.00
-33.45 -28.11 -66.15 0.25 0.08 0.64 6835.00
-33.63 -29.62 -65.45 0.21 0.12 0.70 6865.00
-33.70 -31.04 -65.50 0.13 0.21 0.75 6896.00
-33.54 -32.93 -66.50 0.06 0.37 0.85 6926.00
-33.23 -34.99 -69.51 0.38 0.44 0.94 6957.00
-32.79 -36.30 -73.77 0.71 0.43 0.89 6987.00
-33.63 -37.62 -79.21 1.29 0.30 0.91 7018.00
-35.55 -39.15 -84.62 1.75 -0.01 0.76 7049.00
-38.12 -39.00 -87.85 1.77 -0.11 0.67 7079.00
-41.60 -39.01 -90.47 1.55 -0.21 0.71 7111.00
-44.28 -38.49 -92.03 1.48 -0.36 0.73 7142.00
-45.24 -37.45 -92.20 1.08 -0.40 0.66 7173.00
-44.61 -36.36 -91.33 1.11 -0.30 0.63 7203.00
-43.57 -35.01 -90.06 1.07 -0.16 0.62 7234.00
-42.62 -33.71 -88.70 1.06 -0.12 0.69 7265.00
-41.75 -32.12 -87.16 1.10 -0.12 0.76 7296.00
-40.81 -30.16 -85.46 1.10 -0.17 0.83 7327.00
-39.62 -28.00 -83.54 1.11 -0.19 0.84 7358.00
-38.60 -25.54 -81.33 1.11 -0.18 0.89 7389.00
-37.81 -22.79 -79.13 1.21 -0.29 1.02 7419.00
-35.59 -19.38 -76.42 1.08 -0.36 1.08 7450.00
-32.45 -15.46 -73.30 1.15 -0.25 1.07 7481.00
-30.32 -10.35 -70.39 1.10 -0.18 1.08 7511.00
-28.38 -4.44 -66.85 0.87 -0.09 1.04 7541.00
-27.31 1.95 -63.06 0.73 0.03 1.14 7572.00
-27.20 8.80 -59.46 0.48 0.14 1.15 7603.00
-28.39 14.81 -55.67 0.22 0.18 1.31 7633.00
-29.51 21.19 -51.81 0.13 0.24 1.27 7664.00
-30.15 28.09 -48.02 -0.09 0.34 1.24 7695.00
-30.09 35.24 -44.54 -0.24 0.43 1.07 7725.00
-30.00 42.56 -41.68 -0.35 0.50 0.96 7755.00
-29.82 50.13 -39.62 -0.45 0.41 0.85 7786.00
-29.10 57.30 -38.13 -0.58 0.28 0.73 7817.00
-28.02 63.13 -37.06 -0.66 0.18 0.65 7847.00
-26.29 68.14 -36.33 -0.70 0.18 0.55 7878.00
-24.85 71.61 -36.70 -0.60 0.10 0.55 7909.00
-23.24 74.32 -37.88 -0.53 -0.08 0.53 7940.00
-21.37 77.31 -38.75 -0.48 -0.15 0.43 7969.00
-20.17 80.30 -39.25 -0.43 -0.10 0.37 8000.00
-19.92 83.18 -39.71 -0.45 -0.11 0.34 8031.00
-19.38 85.65 -39.82 -0.50 -0.07 0.25 8062.00
-19.38 87.33 -39.61 -0.62 0.05 0.20 8093.00
-20.17 88.21 -39.45 -0.72 0.14 0.16 8124.00
-20.79 88.22 -39.55 -0.82 0.19 0.12 8155.00
-20.53 87.27 -39.97 -0.98 0.31 0.05 8185.00
-20.46 85.82 -40.72 -1.12 0.43 0.01 8217.00
-20.48 84.17 -41.91 -1.23 0.51 -0.06 8248.00
-20.29 82.25 -43.32 -1.51 0.65 -0.27 8279.00
-19.82 79.22 -45.90 -1.45 0.75 -0.23 8309.00
-19.49 74.96 -50.16 -1.11 0.52 -0.01 8340.00
-19.29 68.92 -55.07 -0.63 0.22 0.37 8371.00
-19.40 62.40 -59.96 -0.09 -0.04 0.97 8401.00
-18.64 59.50 -64.78 0.44 -0.42 1.22 8432.00
-16.17 56.86 -67.86 0.85 -0.77 1.66 8463.00
-12.79 54.96 -68.65 1.02 -0.79 1.80 8494.00
-11.56 56.23 -67.50 0.55 -0.49 1.46 8523.00
-12.86 60.35 -65.68 0.02 -0.32 1.11 8554.00
-13.66 65.06 -63.50 -0.37 -0.28 0.85 8585.00
-13.17 69.51 -60.75 -0.62 -0.07 0.59 8615.00
-12.55 73.38 -58.19 -0.97 0.13 0.41 8646.00
-12.67 76.30 -56.15 -1.25 0.29 0.27 8677.00
-13.52 78.53 -54.43 -1.26 0.31 0.19 8709.00
-14.28 80.26 -52.95 -1.38 0.40 -0.04 8739.00
-14.74 81.48 -51.73 -1.53 0.59 -0.32 8770.00
-15.07 82.00 -51.74 -1.78 0.75 -0.68 8801.00
-14.65 79.68 -53.22 -1.81 0.79 -0.61 8832.00
-14.40 75.30 -55.85 -1.44 0.72 -0.44 8862.00
-14.80 69.44 -59.88 -0.90 0.43 0.08 8893.00
-15.99 60.68 -64.70 -0.32 0.09 0.76 8924.00
-16.06 55.92 -69.36 0.33 -0.30 1.11 8954.00
-14.24 52.68 -72.33 0.56 -0.49 1.36 8985.00
-11.73 50.06 -73.75 0.33 -0.32 1.40 9016.00
-10.74 48.36 -74.64 0.14 -0.17 1.41 9047.00
-11.64 48.18 -75.09 -0.10 -0.23 1.34 9077.00
-12.49 49.10 -75.01 -0.40 -0.27 1.15 9108.00
-12.45 50.00 -74.78 -0.60 -0.19 1.01 9139.00
-12.16 50.45 -74.52 -0.75 -0.11 0.94 9169.00
-12.46 50.49 -74.35 -0.75 -0.05 0.94 9199.00
-13.33 50.28 -74.21 -0.68 -0.08 0.96 9230.00
-14.06 50.13 -74.10 -0.54 -0.14 0.96 9261.00
-14.50 50.30 -73.88 -0.43 -0.16 0.93 9291.00
-15.46 50.65 -73.40 -0.28 -0.19 0.89 9322.00
-17.26 51.88 -72.47 -0.22 -0.27 0.79 9353.00
-19.54 53.08 -70.83 -0.22 -0.31 0.68 9383.00
-22.74 54.56 -68.63 -0.20 -0.35 0.62 9413.00
-26.24 56.15 -65.87 -0.23 -0.44 0.56 9444.00
-29.35 57.45 -62.37 -0.25 -0.45 0.50 9475.00
-32.04 58.29 -58.72 -0.23 -0.43 0.49 9505.00
-33.47 58.98 -54.67 -0.27 -0.36 0.42 9536.00
-33.71 58.85 -50.50 -0.33 -0.16 0.40 9566.00
-34.17 58.24 -46.38 -0.37 0.04 0.30 9596.00
-36.42 56.62 -42.86 -0.53 0.12 0.44 9627.00
-36.72 53.13 -39.50 -0.67 0.19 0.32 9659.00
-38.14 47.86 -36.39 -0.65 0.49 0.53 9689.00
-40.77 40.38 -34.00 -0.58 0.67 0.48 9719.00
-47.07 32.12 -32.66 -0.25 0.62 0.97 9750.00
-52.40 23.73 -32.94 0.04 0.56 1.24 9781.00
-56.29 16.68 -35.64 0.47 0.29 1.46 9811.00
-56.98 11.11 -38.14 0.40 0.19 1.53 9842.00
-56.82 5.76 -41.19 0.53 0.29 1.42 9873.00
-57.18 2.29 -44.79 0.62 0.17 1.35 9903.00
-57.73 -1.40 -48.06 0.60 0.12 1.39 9933.00
-59.16 -5.95 -52.12 0.74 -0.03 1.51 9964.00
-60.96 -10.10 -56.17 0.95 -0.22 1.55 9995.00
-63.63 -13.14 -59.41 0.99 -0.30 1.56 10025.00
-66.59 -15.45 -62.82 1.00 -0.49 1.60 10056.00
-68.43 -17.09 -65.60 1.05 -0.66 1.57 10086.00
-69.53 -17.49 -67.67 1.01 -0.59 1.41 10117.00
-70.61 -16.44 -69.13 0.84 -0.47 1.19 10147.00
-71.75 -14.96 -70.45 0.63 -0.34 1.04 10178.00
-72.77 -13.51 -71.79 0.47 -0.23 0.91 10209.00
-73.59 -12.03 -73.04 0.27 -0.11 0.88 10240.00
-72.93 -10.23 -74.27 0.03 0.11 0.66 10270.00
-71.46 -7.72 -75.86 -0.38 0.53 0.35 10301.00
-69.74 -7.52 -79.11 -0.42 0.68 0.21 10332.00
-68.97 -10.81 -83.97 -0.11 0.56 0.50 10362.00
-69.47 -15.66 -89.74 0.64 0.34 1.01 10393.00
-70.62 -19.91 -95.13 1.73 0.05 1.45 10424.00
-72.27 -22.74 -99.28 2.51 -0.32 1.53 10455.00
-74.25 -22.34 -101.38 1.95 -0.65 1.40 10485.00
-75.97 -20.40 -101.20 1.44 -0.72 1.03 10516.00
-76.23 -17.80 -99.14 1.15 -0.58 0.83 10547.00
-74.78 -15.98 -96.18 1.15 -0.42 0.76 10578.00
-73.86 -14.09 -92.94 1.04 -0.17 0.70 10609.00
-74.24 -12.20 -89.62 0.79 -0.07 0.77 10640.00
-74.59 -10.80 -86.45 0.61 -0.01 0.73 10670.00
-74.79 -9.14 -83.40 0.31 0.13 0.67 10700.00
-74.83 -7.74 -80.73 0.03 0.31 0.64 10731.00
-74.62 -7.25 -79.04 -0.15 0.47 0.67 10762.00
-73.56 -7.58 -78.32 -0.24 0.64 0.64 10792.00
-72.27 -7.18 -78.45 -0.45 0.97 0.35 10823.00
-71.22 -9.02 -81.44 -0.36 1.06 0.47 10854.00
-70.06 -12.21 -86.33 -0.05 0.79 0.50 10885.00
-70.45 -17.32 -91.81 0.50 0.66 0.79 10915.00
-71.65 -23.45 -98.23 1.43 0.42 1.22 10946.00
-73.41 -27.77 -103.21 1.91 0.09 1.13 10977.00
-76.04 -28.96 -106.70 1.77 -0.08 1.17 11009.00
-76.51 -29.89 -109.64 1.55 -0.29 1.11 11039.00
-75.81 -30.21 -111.37 1.16 -0.21 0.94 11070.00
-75.85 -29.24 -111.90 1.13 -0.20 0.90 11101.00
-75.13 -27.93 -111.38 0.92 -0.11 0.79 11131.00
-74.07 -26.84 -110.63 0.80 0.02 0.73 11162.00
-72.95 -26.09 -109.64 0.71 0.14 0.74 11193.00
-72.88 -26.04 -108.88 0.70 0.21 0.81 11224.00
-73.04 -25.95 -108.16 0.72 0.14 0.91 11254.00
-72.92 -25.97 -107.27 0.79 0.16 0.95 11285.00
-72.69 -25.53 -106.39 0.79 0.13 1.04 11316.00
-72.27 -25.33 -105.37 0.82 0.17 1.11 11345.00
-72.14 -24.66 -104.23 0.86 0.20 1.20 11376.00
-72.00 -23.42 -102.93 0.83 0.22 1.32 11407.00
-71.79 -21.88 -101.47 0.83 0.30 1.39 11438.00
-71.92 -19.73 -100.19 0.81 0.36 1.45 11468.00
-72.36 -16.79 -98.92 0.79 0.38 1.52 11499.00
-72.75 -13.10 -97.76 0.79 0.38 1.47 11530.00
-73.36 -8.97 -96.85 0.80 0.37 1.47 11560.00
-74.11 -4.20 -95.96 0.76 0.31 1.50 11591.00
-74.94 0.91 -94.98 0.75 0.26 1.44 11622.00
-75.74 6.40 -93.99 0.73 0.22 1.38 11652.00
-76.59 12.33 -92.97 0.71 0.14 1.29 11682.00
-77.04 19.55 -91.79 0.56 0.13 1.06 11713.00
-77.59 27.04 -90.68 0.34 0.14 0.98 11744.00
-77.72 33.68 -89.94 0.27 0.06 0.94 11774.00
-77.04 40.81 -89.23 0.18 0.04 0.76 11805.00
-76.38 47.79 -88.48 -0.01 0.11 0.65 11836.00
-76.12 54.43 -88.11 -0.15 0.12 0.56 11867.00
-75.76 60.13 -87.88 -0.31 0.09 0.48 11897.00
-75.13 65.16 -87.55 -0.41 0.11 0.35 11927.00
-75.01 69.66 -87.46 -0.45 0.14 0.31 11959.00
-74.99 73.34 -87.60 -0.45 0.09 0.27 11990.00
-74.69 76.26 -87.55 -0.55 0.11 0.17 12020.00
-74.88 78.23 -87.42 -0.57 0.15 0.17 12051.00
-75.45 79.70 -87.67 -0.55 0.11 0.20 12083.00
-75.76 80.63 -87.83 -0.64 0.09 0.20 12113.00
-75.80 80.92 -87.85 -0.71 0.10 0.25 12144.00
-75.89 80.95 -87.84 -0.81 0.13 0.28 12176.00
-75.58 80.89 -87.64 -0.97 0.19 0.22 12207.00
-74.99 80.33 -87.08 -1.14 0.37 0.04 12237.00
-74.65 79.10 -86.76 -1.39 0.61 -0.15 12268.00
-74.62 77.16 -87.40 -1.54 0.79 -0.25 12299.00
-74.76 73.78 -89.76 -1.34 0.73 -0.04 12331.00
-74.26 69.66 -92.83 -1.08 0.55 0.17 12361.00
-73.73 64.61 -96.51 -0.68 0.38 0.47 12392.00
-73.62 58.67 -100.70 -0.15 0.18 0.96 12423.00
-72.94 55.25 -104.92 0.41 -0.20 1.34 12453.00
-71.11 52.02 -107.46 0.88 -0.47 1.68 12484.00
-69.51 50.49 -107.70 0.97 -0.46 1.68 12515.00
-70.45 52.06 -106.38 0.39 -0.24 1.32 12546.00
-73.12 54.90 -104.91 0.05 -0.25 1.15 12576.00
-74.50 58.66 -102.91 -0.16 -0.31 0.95 12607.00
-73.92 62.58 -100.05 -0.47 -0.05 0.69 12638.00
-74.20 66.03 -97.29 -0.78 0.17 0.56 12668.00
-74.68 68.62 -94.66 -1.19 0.30 0.48 12699.00
-74.49 70.19 -91.60 -1.54 0.58 0.22 12730.00
-74.78 71.12 -88.84 -1.75 1.00 -0.11 12761.00
-76.41 71.21 -88.21 -1.79 1.13 -0.08 12791.00
-77.86 70.52 -89.45 -1.73 0.93 -0.13 12822.00
-78.14 68.24 -91.96 -1.51 0.71 0.03 12854.00
-77.67 64.88 -95.07 -1.18 0.58 0.18 12884.00
-77.94 60.19 -99.27 -0.69 0.36 0.61 12915.00
-78.32 56.06 -103.88 -0.21 0.07 0.90 12946.00
-77.88 53.40 -108.30 0.12 -0.25 1.10 12977.00
-75.85 50.46 -110.71 0.36 -0.43 1.32 13007.00
-73.58 48.27 -111.75 0.37 -0.24 1.41 13038.00
-73.31 47.43 -112.47 0.20 -0.20 1.38 13069.00
-74.04 48.21 -112.34 -0.07 -0.25 1.21 13100.00
-74.41 49.88 -111.55 -0.29 -0.21 1.00 13130.00
-76.35 57.26 -103.37 -0.60 0.11 0.75 13344.00
-76.89 57.94 -102.21 -0.60 0.08 0.74 13375.00
-77.24 58.83 -100.89 -0.59 0.08 0.69 13405.00
-77.64 59.78 -99.42 -0.53 0.10 0.66 13435.00
-78.13 60.83 -97.69 -0.61 0.09 0.64 13466.00
-78.40 61.23 -95.53 -0.58 0.17 0.57 13497.00
-79.68 62.07 -93.38 -0.46 0.20 0.47 13528.00
-81.24 63.15 -91.28 -0.46 0.16 0.30 13558.00
-82.66 63.71 -89.02 -0.58 0.20 0.17 13589.00
-83.48 61.51 -86.94 -0.62 0.28 0.19 13620.00
-84.88 58.17 -85.06 -0.51 0.39 0.23 13650.00
-88.06 54.07 -83.68 -0.48 0.37 0.32 13681.00
-91.09 48.59 -82.74 -0.36 0.29 0.44 13712.00
-93.54 42.16 -82.28 -0.23 0.33 0.58 13743.00
-96.67 35.80 -82.77 0.00 0.26 0.73 13773.00
-99.17 30.30 -83.90 0.12 0.10 0.87 13804.00
-100.38 23.82 -84.83 0.19 0.10 0.97 13834.00
-101.62 17.05 -86.19 0.44 0.12 1.19 13864.00
-103.31 10.01 -87.45 0.67 0.09 1.41 13895.00
-105.76 3.54 -88.69 0.79 0.03 1.58 13926.00
-108.22 -2.25 -89.90 0.92 -0.08 1.84 13957.00
-109.54 -7.17 -91.03 1.06 -0.19 1.96 13987.00
-110.00 -10.82 -91.69 1.05 -0.18 1.97 14017.00
-110.44 -13.24 -91.89 1.00 0.03 1.81 14048.00
-111.91 -13.96 -92.51 0.86 -0.00 1.62 14078.00
-113.01 -13.93 -92.81 0.63 -0.06 1.44 14109.00
-113.92 -13.92 -92.96 0.50 0.08 1.28 14140.00
-115.31 -13.29 -93.55 0.40 0.17 1.17 14171.00
-116.70 -12.46 -94.55 0.24 0.24 1.08 14201.00
-117.39 -11.18 -96.05 0.07 0.31 0.92 14232.00
-117.02 -9.39 -97.98 -0.27 0.58 0.57 14263.00
-117.34 -9.41 -101.78 -0.14 0.52 0.46 14294.00
-117.75 -10.99 -106.20 -0.08 0.40 0.42 14324.00
-118.80 -14.38 -111.26 0.29 0.25 0.61 14355.00
-119.45 -18.25 -116.74 1.10 0.07 1.04 14386.00
-119.41 -22.65 -121.90 2.06 -0.17 1.20 14416.00
-120.40 -24.91 -125.30 2.45 -0.32 1.20 14448.00
-122.79 -24.36 -126.78 1.89 -0.55 1.14 14479.00
-124.91 -22.26 -126.33 1.41 -0.63 0.75 14510.00
-126.49 -19.68 -124.18 1.07 -0.45 0.57 14540.00
-127.32 -17.94 -121.64 0.99 -0.40 0.51 14571.00
-127.98 -17.13 -118.63 0.76 -0.24 0.52 14603.00
-129.43 -16.93 -115.58 0.54 -0.11 0.53 14633.00
-131.25 -17.01 -112.76 0.38 -0.04 0.65 14664.00
-131.95 -17.75 -110.43 0.18 0.04 0.73 14695.00
-131.53 -19.05 -108.75 0.04 0.20 0.84 14726.00
-130.45 -20.06 -108.01 -0.05 0.42 0.86 14756.00
-129.13 -20.88 -108.43 -0.22 0.62 0.86 14787.00
-127.28 -22.65 -110.72 -0.07 0.74 0.86 14818.00
-123.81 -34.88 -130.58 1.84 0.15 1.04 14941.00
-124.67 -36.07 -134.34 1.68 0.15 1.01 14971.00
-126.49 -37.12 -137.54 1.49 -0.05 1.07 15002.00
-128.32 -37.26 -139.60 1.39 -0.18 1.01 15034.00
-129.92 -35.79 -139.93 1.17 -0.25 0.91 15065.00
-129.91 -33.37 -139.04 1.05 -0.20 0.78 15095.00
-128.13 -30.69 -137.70 0.88 0.02 0.62 15126.00
-126.52 -28.41 -136.64 0.77 0.19 0.58 15158.00
-126.32 -27.17 -135.83 0.74 0.26 0.70 15188.00
-127.33 -26.54 -135.31 0.81 0.16 0.88 15219.00
-128.18 -25.88 -134.63 0.88 0.01 1.11 15249.00
-128.09 -25.06 -133.56 1.06 -0.10 1.26 15280.00
-127.78 -23.56 -131.94 1.18 -0.04 1.34 15310.00
-127.96 -21.25 -130.00 1.28 -0.01 1.36 15341.00
-128.69 -17.95 -127.50 1.22 -0.02 1.45 15372.00
-129.22 -14.09 -124.38 1.17 -0.02 1.49 15403.00
-129.89 -9.62 -120.74 1.07 0.06 1.42 15433.00
-130.95 -3.70 -116.71 0.82 0.15 1.24 15464.00
-132.25 2.56 -112.63 0.52 0.18 1.14 15495.00
-133.17 8.54 -108.63 0.33 0.19 1.02 15525.00
-134.11 14.43 -104.37 0.20 0.22 0.99 15556.00
-134.79 20.74 -100.35 0.10 0.23 0.93 15587.00
-135.08 26.78 -96.83 -0.01 0.16 0.88 15618.00
-134.28 32.31 -93.85 -0.10 0.10 0.83 15648.00
-132.63 37.60 -91.18 -0.17 0.05 0.79 15679.00
-130.40 42.34 -88.78 -0.23 0.08 0.75 15710.00
-128.46 46.46 -86.94 -0.27 0.09 0.72 15740.00
-126.16 50.47 -85.39 -0.34 0.10 0.70 15771.00
-123.65 54.37 -83.82 -0.42 0.18 0.60 15802.00
-121.74 58.26 -82.56 -0.41 0.28 0.54 15833.00
-120.11 62.05 -81.90 -0.52 0.29 0.47 15863.00
-117.44 65.35 -81.48 -0.63 0.36 0.36 15894.00
-114.71 68.60 -81.29 -0.80 0.53 0.11 15925.00
-111.94 69.79 -81.50 -1.07 0.77 -0.08 15955.00
-110.31 70.12 -82.44 -1.29 1.00 -0.39 15986.00
-109.76 68.08 -85.20 -1.23 0.97 -0.15 16017.00
-109.16 64.77 -88.85 -1.15 0.86 -0.25 16048.00
-108.79 60.43 -93.24 -0.85 0.73 -0.08 16078.00
-108.68 53.68 -99.04 -0.38 0.42 0.33 16110.00
-108.90 47.12 -104.65 0.10 0.14 0.70 16140.00
-107.43 43.23 -109.30 0.67 0.01 0.92 16171.00
-106.00 39.60 -112.81 1.20 -0.11 1.55 16201.00
-105.21 36.52 -114.09 1.22 -0.25 1.75 16232.00
-107.19 37.14 -113.36 0.74 -0.23 1.53 16263.00
-111.06 40.92 -112.02 0.39 -0.37 1.29 16293.00
-113.36 45.89 -109.56 0.06 -0.40 0.95 16324.00
-113.28 50.75 -106.33 -0.31 -0.22 0.73 16355.00
-112.58 55.14 -102.76 -0.62 0.02 0.64 16386.00
-112.33 58.96 -98.98 -0.99 0.23 0.52 16417.00
-111.65 61.70 -95.11 -1.32 0.51 0.29 16448.00
-111.25 63.43 -91.62 -1.53 0.88 -0.01 16479.00
-112.15 64.73 -89.57 -1.56 1.11 -0.01 16509.00
-112.14 65.41 -89.45 -1.69 1.04 -0.07 16540.00
-110.93 64.40 -90.30 -1.84 1.12 -0.37 16572.00
-110.42 61.43 -92.28 -1.64 1.14 -0.35 16603.00
-110.55 57.11 -95.47 -1.31 0.93 -0.16 16633.00
-110.43 51.02 -99.99 -0.77 0.61 0.29 16664.00
-110.08 43.30 -105.14 -0.25 0.32 0.69 16695.00
-107.98 38.00 -109.83 0.24 0.22 0.94 16726.00
-106.78 33.93 -113.43 0.62 0.20 1.13 16756.00
-106.75 30.14 -115.86 0.58 0.22 1.29 16787.00
-109.38 27.43 -118.16 0.57 0.02 1.41 16818.00
-112.78 27.21 -119.88 0.18 -0.31 1.33 16848.00
-115.11 28.31 -120.52 -0.16 -0.47 1.10 16879.00
-115.58 29.82 -120.51 -0.36 -0.32 0.91 16910.00
-115.07 30.88 -120.39 -0.47 -0.21 0.84 16941.00
-114.45 31.21 -119.91 -0.56 -0.15 0.82 16971.00
-113.74 30.80 -118.99 -0.52 -0.03 0.88 17002.00
-113.38 30.37 -118.14 -0.43 0.05 0.94 17033.00
-112.99 30.39 -117.37 -0.34 0.09 0.90 17063.00
-112.73 31.02 -116.66 -0.34 0.06 0.86 17094.00
-112.20 31.87 -115.61 -0.32 0.08 0.74 17125.00
-112.47 33.24 -114.48 -0.36 0.14 0.63 17156.00
-112.99 33.80 -113.48 -0.45 0.08 0.66 17185.00
-112.97 33.51 -112.01 -0.42 0.17 0.63 17216.00
-120.66 19.40 -102.98 -0.19 0.10 0.72 17462.00
-121.93 14.89 -102.40 -0.15 0.14 0.74 17492.00
-123.22 9.72 -102.07 0.04 0.05 0.81 17523.00
-124.33 3.78 -101.52 0.19 0.09 0.96 17554.00
-126.01 -2.52 -101.32 0.41 0.02 1.10 17585.00
-127.60 -8.42 -100.69 0.54 -0.00 1.32 17615.00
-129.63 -14.08 -100.37 0.76 -0.05 1.49 17646.00
-131.12 -19.41 -100.40 0.94 -0.15 1.79 17677.00
-131.95 -24.21 -99.93 0.99 -0.15 1.80 17708.00
-132.93 -27.38 -99.37 0.95 -0.17 1.79 17738.00
-134.23 -29.78 -98.48 0.80 0.04 1.66 17769.00
-136.35 -31.28 -98.27 0.64 -0.00 1.69 17800.00
-137.27 -32.23 -97.91 0.44 0.09 1.63 17830.00
-138.54 -32.36 -98.27 0.31 0.27 1.60 17861.00
-139.51 -31.83 -99.28 0.18 0.31 1.52 17892.00
-139.53 -30.07 -100.92 -0.01 0.44 1.20 17923.00
-139.61 -27.60 -103.34 -0.35 0.63 0.75 17953.00
-140.04 -26.09 -107.59 -0.31 0.54 0.46 17983.00
-140.06 -26.16 -113.22 -0.16 0.33 0.30 18014.00
-140.69 -30.13 -119.19 0.35 0.17 0.44 18044.00
-141.42 -33.06 -125.62 1.34 -0.05 0.80 18076.00
-142.31 -37.49 -131.09 2.58 -0.47 1.30 18107.00
-143.17 -39.29 -132.99 2.85 -0.79 1.45 18138.00
-144.72 -36.90 -131.28 1.84 -0.68 1.08 18169.00
-146.79 -32.82 -128.67 1.19 -0.52 0.74 18200.00
-147.56 -29.22 -125.66 1.14 -0.53 0.65 18231.00
-146.80 -26.39 -121.76 0.92 -0.32 0.61 18262.00
-146.00 -23.66 -117.24 0.46 0.04 0.66 18292.00
-146.88 -22.31 -113.38 0.25 0.25 0.79 18323.00
-148.10 -21.35 -110.53 0.08 0.37 0.79 18354.00
-149.44 -20.39 -108.58 -0.24 0.45 0.78 18384.00
-150.06 -20.85 -107.76 -0.43 0.50 0.90 18415.00
-149.59 -21.96 -108.08 -0.47 0.68 0.88 18446.00
-148.89 -23.28 -109.79 -0.51 0.88 0.83 18477.00
-148.18 -24.94 -113.46 -0.38 0.93 0.76 18507.00
-147.94 -27.12 -119.21 -0.01 0.72 0.71 18538.00
-148.51 -30.36 -125.89 0.45 0.54 0.74 18569.00
-149.30 -33.93 -132.42 1.15 0.28 0.82 18599.00
-150.13 -38.64 -138.70 1.85 0.07 0.83 18631.00
-150.91 -42.24 -143.70 2.13 -0.10 0.92 18662.00
-151.42 -44.68 -147.11 1.82 -0.20 0.98 18693.00
-151.90 -46.21 -149.91 1.55 -0.28 0.96 18724.00
-151.62 -46.40 -151.36 1.11 -0.28 0.89 18755.00
-151.26 -46.12 -151.73 1.03 -0.21 0.76 18786.00
-151.14 -45.42 -151.46 0.96 -0.11 0.68 18818.00
-150.71 -44.69 -150.67 0.85 -0.01 0.65 18848.00
-150.20 -44.40 -149.87 0.78 0.11 0.65 18879.00
-150.11 -44.67 -149.31 0.80 0.10 0.66 18910.00
-148.79 -37.94 -134.91 1.20 0.21 1.71 19310.00
-149.61 -32.25 -134.40 1.28 0.14 1.61 19341.00
-150.54 -25.38 -133.76 1.22 0.03 1.47 19372.00
-151.37 -18.34 -132.99 1.31 -0.05 1.32 19402.00
-151.91 -11.07 -131.89 1.25 -0.11 1.13 19433.00
-152.09 -3.83 -130.64 1.20 -0.16 0.98 19464.00
-151.81 3.30 -129.23 1.06 -0.16 0.86 19494.00
-151.38 10.60 -127.60 0.92 -0.13 0.69 19525.00
-151.02 18.17 -125.92 0.78 -0.09 0.56 19557.00
-150.65 25.48 -124.06 0.55 -0.03 0.33 19588.00
-150.15 33.23 -122.06 0.28 0.07 0.19 19618.00
-150.01 41.04 -120.16 0.06 0.13 0.10 19649.00
-151.36 48.95 -118.46 -0.17 0.15 0.02 19680.00
-151.74 53.68 -116.85 -0.44 0.19 -0.08 19710.00
-151.22 57.24 -115.66 -0.61 0.29 -0.16 19742.00
-150.91 59.83 -115.09 -0.81 0.36 -0.28 19773.00
-151.18 61.21 -114.53 -1.12 0.42 -0.35 19804.00
-152.10 61.48 -113.93 -1.28 0.49 -0.37 19834.00
-153.06 60.41 -114.00 -1.36 0.50 -0.30 19866.00
-153.24 58.10 -114.67 -1.44 0.52 -0.29 19897.00
-152.83 54.53 -115.91 -1.42 0.55 -0.22 19928.00
-152.37 49.86 -117.81 -1.19 0.50 -0.03 19959.00
-151.75 43.94 -120.38 -0.77 0.35 0.33 19990.00
-151.24 37.10 -123.37 -0.29 0.21 0.67 20021.00
-150.40 31.70 -126.67 0.24 0.04 1.15 20051.00
-148.43 26.62 -129.58 0.94 -0.19 1.78 20082.00
-146.03 22.95 -130.36 1.51 -0.38 2.02 20113.00
-145.35 23.86 -128.07 0.68 -0.10 1.67 20144.00
-147.33 27.17 -125.92 0.15 0.11 1.30 20174.00
-150.09 31.45 -124.52 -0.08 -0.02 1.09 20205.00
-151.05 36.54 -122.02 -0.49 0.02 0.78 20236.00
-151.22 40.99 -118.94 -0.85 0.25 0.56 20267.00
-151.72 44.30 -116.55 -1.08 0.44 0.40 20297.00
-152.46 46.61 -114.25 -1.32 0.57 0.30 20329.00
-153.28 48.52 -111.98 -1.51 0.77 -0.01 20360.00
-154.22 49.20 -111.33 -1.59 0.91 -0.12 20390.00
-154.45 48.58 -112.45 -1.60 0.82 -0.20 20421.00
-153.45 45.70 -114.45 -1.54 0.80 -0.18 20453.00
-152.74 41.38 -117.20 -1.34 0.81 -0.12 20484.00
-152.30 35.96 -121.05 -0.93 0.63 0.15 20514.00
-151.76 28.22 -126.12 -0.36 0.34 0.63 20545.00
-150.22 21.88 -131.70 0.41 0.04 1.24 20576.00
-147.04 17.37 -135.64 1.04 -0.15 1.44 20606.00
-144.20 13.96 -136.21 0.88 0.03 1.58 20637.00
-144.23 11.86 -136.22 0.67 0.19 1.62 20668.00
-146.55 12.26 -136.42 0.31 0.08 1.42 20699.00
-148.59 14.34 -136.45 -0.16 -0.07 1.14 20729.00
-149.21 16.37 -136.23 -0.46 -0.07 0.94 20760.00
-148.44 18.08 -133.53 -0.35 0.20 0.84 20944.00
-148.18 18.56 -133.41 -0.38 0.20 0.78 20975.00
-150.10 18.73 -133.68 -0.29 0.17 0.71 21067.00
-150.64 18.42 -133.78 -0.33 0.18 0.73 21098.00
-151.16 17.78 -133.87 -0.27 0.20 0.72 21129.00
-151.85 16.85 -134.00 -0.21 0.21 0.71 21159.00
-153.06 16.30 -134.49 -0.18 0.13 0.71 21190.00
-153.50 14.73 -134.61 -0.27 0.07 0.76 21221.00
-153.98 12.71 -134.41 -0.11 0.14 0.77 21252.00
-155.33 10.82 -134.23 -0.14 0.10 0.88 21282.00
-156.47 8.42 -133.94 -0.14 0.01 0.86 21313.00
-157.35 6.34 -133.45 -0.14 -0.04 0.80 21344.00
-157.86 4.24 -132.80 -0.20 -0.11 0.74 21374.00
-157.64 0.86 -131.59 -0.24 0.01 0.68 21405.00
-158.82 -3.52 -130.84 -0.10 0.03 0.71 21436.00
-159.55 -8.13 -130.14 -0.04 -0.08 0.75 21467.00
-160.04 -13.44 -129.05 0.04 -0.03 0.73 21497.00
-161.19 -19.93 -128.14 0.30 0.01 0.94 21528.00
-161.96 -26.88 -127.34 0.53 0.03 1.20 21559.00
-162.23 -33.89 -126.63 0.77 0.08 1.49 21590.00
-162.58 -40.08 -125.87 1.02 0.18 1.67 21620.00
-164.19 -45.08 -125.67 1.27 0.18 1.81 21651.00
-166.19 -48.18 -126.28 1.28 -0.10 1.95 21682.00
-167.57 -49.33 -125.90 1.32 -0.28 1.71 21712.00
-169.20 -49.08 -125.04 1.07 -0.30 1.43 21743.00
-170.35 -48.51 -123.78 0.96 -0.25 1.33 21774.00
-170.72 -47.83 -122.60 0.79 -0.13 1.14 21805.00
-170.59 -46.86 -121.53 0.50 0.07 1.02 21835.00
-170.96 -46.14 -120.81 0.26 0.33 1.00 21866.00
-171.06 -45.33 -121.75 0.10 0.44 0.94 21897.00
-169.57 -44.33 -123.19 -0.25 0.70 0.59 21927.00
-169.40 -43.60 -126.34 -0.44 0.93 0.30 21958.00
-170.15 -45.31 -132.35 -0.21 0.67 0.34 21989.00
-172.31 -49.67 -139.59 0.42 0.30 0.60 22020.00
-173.61 -53.24 -146.49 1.41 0.02 1.04 22051.00
-174.43 -58.14 -151.78 2.54 -0.25 1.00 22082.00
-175.04 -61.49 -154.34 3.25 -0.61 1.23 22113.00
-176.75 -60.37 -153.64 2.12 -0.70 0.77 22145.00
-178.42 -56.89 -151.25 1.34 -0.67 0.46 22175.00
-178.23 -53.64 -147.71 1.04 -0.55 0.41 22206.00
-175.68 -52.21 -143.69 1.02 -0.31 0.29 22237.00
-173.96 -50.53 -139.55 0.67 0.02 0.41 22268.00
-174.72 -49.92 -135.15 0.39 0.21 0.68 22299.00
-175.59 -50.46 -131.34 0.26 0.40 0.93 22330.00
-176.25 -51.45 -129.14 0.11 0.57 1.13 22361.00
-176.30 -52.33 -128.56 -0.01 0.66 1.29 22391.00
-176.00 -53.07 -128.93 -0.09 0.84 1.31 22422.00
-176.17 -53.34 -131.05 -0.03 0.96 1.21 22453.00
-176.99 -53.18 -135.59 0.13 0.99 1.06 22483.00
-177.72 -52.89 -141.84 0.41 0.73 0.52 22513.00
-180.29 -54.34 -149.41 0.97 0.39 0.32 22545.00
-181.54 -58.44 -157.05 2.04 -0.04 0.56 22576.00
-181.10 -61.64 -161.32 2.38 -0.23 0.53 22606.00
-182.14 -63.60 -163.50 1.73 -0.13 0.80 22638.00
-183.64 -64.53 -165.77 1.50 -0.26 0.82 22669.00
-183.85 -63.75 -166.59 1.06 -0.33 0.64 22700.00
-183.37 -62.29 -166.23 0.90 -0.26 0.53 22731.00
-182.53 -61.40 -165.55 0.90 -0.07 0.47 22762.00
-181.89 -60.52 -164.86 0.88 0.04 0.51 22793.00
-181.24 -60.20 -164.00 0.82 0.11 0.53 22823.00
-181.35 -60.20 -163.32 0.87 0.14 0.58 22855.00
-181.02 -60.36 -162.71 0.84 0.06 0.61 22886.00
-180.01 -60.75 -161.94 0.84 0.03 0.56 22917.00
-178.41 -61.03 -160.89 0.85 0.01 0.55 22948.00
-176.03 -61.67 -159.39 0.87 0.12 0.58 22979.00
-174.11 -62.51 -157.93 0.95 0.22 0.60 23010.00
-172.56 -63.70 -156.35 0.95 0.27 0.76 23042.00
-171.04 -65.28 -154.91 1.01 0.33 0.90 23072.00
-169.34 -67.08 -153.46 1.05 0.43 1.17 23103.00
-167.81 -68.23 -152.15 1.17 0.54 1.48 23134.00
-167.15 -67.45 -151.22 1.29 0.67 1.66 23164.00
-167.70 -64.50 -151.08 1.25 0.58 1.70 23194.00
-168.30 -59.96 -151.21 1.23 0.51 1.64 23225.00
-168.77 -54.70 -151.53 1.21 0.55 1.53 23256.00
-169.97 -49.08 -152.15 1.21 0.54 1.50 23286.00
-171.83 -42.64 -153.00 1.23 0.39 1.40 23317.00
-173.50 -35.52 -153.80 1.18 0.25 1.30 23348.00
-174.78 -28.56 -154.80 1.30 0.18 1.13 23378.00
-175.76 -21.03 -155.96 1.06 -0.00 0.89 23410.00
-176.27 -13.73 -156.64 0.98 -0.05 0.72 23441.00
-176.55 -6.25 -156.99 0.84 -0.10 0.66 23472.00
-176.61 0.68 -156.81 0.64 -0.06 0.58 23502.00
-177.13 7.36 -156.35 0.43 -0.01 0.52 23533.00
-178.16 13.60 -155.74 0.29 -0.02 0.50 23564.00
-178.69 20.06 -154.74 0.10 -0.02 0.38 23595.00
-178.56 27.21 -153.48 -0.20 0.05 0.23 23625.00
-178.60 31.81 -152.24 -0.39 0.13 0.22 23656.00
-178.93 35.59 -151.38 -0.48 0.17 0.20 23687.00
-179.57 38.79 -150.45 -0.55 0.17 0.17 23718.00
-180.51 41.38 -149.52 -0.62 0.20 0.10 23749.00
-181.87 43.27 -148.55 -0.76 0.25 0.13 23780.00
-182.64 44.28 -147.84 -0.98 0.34 0.01 23812.00
-182.64 44.02 -147.98 -1.19 0.43 -0.09 23842.00
-182.45 42.71 -148.36 -1.41 0.52 -0.16 23873.00
-182.42 40.01 -149.52 -1.52 0.58 -0.11 23905.00
-182.36 35.91 -151.72 -1.18 0.48 0.16 23936.00
-182.04 30.47 -154.65 -0.73 0.30 0.56 23966.00
-181.29 24.50 -158.07 -0.13 0.15 0.99 23997.00
-180.24 20.15 -161.82 0.57 -0.11 1.53 24028.00
-178.20 16.53 -164.00 1.31 -0.36 2.02 24058.00
-176.54 16.72 -163.14 1.07 -0.22 1.84 24089.00
-178.19 20.48 -161.07 0.32 0.08 1.35 24120.00
-181.55 24.84 -159.85 0.02 0.07 1.11 24151.00
-183.46 30.04 -158.48 -0.35 -0.03 0.83 24181.00
-183.71 35.22 -156.35 -0.85 0.10 0.58 24213.00
-183.94 38.95 -154.55 -1.29 0.33 0.31 24244.00
-184.97 41.42 -153.36 -1.43 0.42 0.10 24274.00
-186.36 43.06 -152.21 -1.61 0.48 -0.13 24306.00
-187.18 43.34 -151.89 -1.80 0.58 -0.33 24337.00
-187.12 41.65 -152.87 -1.78 0.59 -0.33 24368.00
-186.40 37.89 -154.75 -1.63 0.61 -0.30 24399.00
-186.03 32.40 -157.62 -1.19 0.52 -0.02 24430.00
-185.86 24.10 -161.51 -0.56 0.31 0.47 24461.00
-185.89 15.78 -166.15 0.20 0.07 1.02 24492.00
-184.08 11.21 -170.28 0.85 -0.12 1.36 24522.00
-181.90 8.02 -172.42 1.06 -0.11 1.54 24553.00
-181.21 6.29 -173.37 0.72 0.01 1.53 24584.00
-182.89 6.43 -173.57 0.32 0.01 1.37 24614.00
-185.89 7.77 -173.53 -0.11 -0.09 1.20 24645.00
-187.52 9.51 -173.72 -0.40 -0.23 1.07 24676.00
-186.99 10.73 -173.74 -0.57 -0.22 0.98 24707.00
-185.83 11.08 -173.51 -0.60 -0.08 0.99 24737.00
-185.49 10.92 -173.22 -0.56 0.01 1.04 24768.00
-185.50 10.72 -173.01 -0.45 0.00 1.09 24799.00
-185.26 10.85 -172.91 -0.34 0.01 1.06 24829.00
-184.92 11.54 -172.90 -0.32 0.00 0.99 24860.00
-184.78 12.47 -172.76 -0.35 0.02 0.91 24891.00
-185.05 13.60 -172.52 -0.40 0.02 0.80 24922.00
-185.53 14.62 -172.28 -0.48 0.00 0.72 24952.00
-185.89 15.42 -172.09 -0.51 -0.02 0.61 24983.00
-185.97 16.03 -171.92 -0.54 -0.05 0.52 25014.00
-185.64 15.99 -171.63 -0.53 -0.03 0.49 25044.00
-185.31 15.44 -171.02 -0.48 0.04 0.37 25076.00
-186.01 13.68 -170.41 -0.43 0.08 0.41 25107.00
-187.03 11.19 -169.92 -0.37 0.01 0.45 25138.00
-187.21 8.05 -169.27 -0.31 -0.01 0.47 25168.00
-187.85 4.50 -168.73 -0.23 -0.02 0.48 25199.00
-187.91 -0.21 -168.24 -0.17 -0.12 0.55 25230.00
-186.40 -5.60 -167.17 -0.01 -0.06 0.58 25261.00
-185.83 -11.80 -165.72 0.17 0.12 0.76 25291.00
-186.55 -18.57 -164.83 0.52 0.11 0.88 25322.00
-186.79 -24.66 -164.03 0.68 -0.03 1.09 25353.00
-185.96 -30.57 -162.53 0.82 0.03 1.12 25383.00
-185.23 -36.16 -160.97 0.99 0.18 1.14 25414.00
-185.35 -41.31 -159.89 1.07 0.20 1.08 25445.00
-184.87 -46.69 -158.52 1.02 0.16 1.23 25475.00
-184.75 -52.56 -156.98 1.22 0.21 1.55 25505.00
-184.81 -57.48 -155.26 1.27 0.26 1.42 25536.00
-186.67 -61.47 -153.37 1.29 0.30 1.41 25567.00
-189.36 -64.48 -151.93 1.14 0.16 1.52 25597.00
-191.54 -66.94 -150.77 1.18 0.10 1.54 25628.00
-192.52 -68.20 -149.98 0.99 0.13 1.51 25659.00
-192.70 -68.71 -149.66 0.82 0.27 1.50 25690.00
-192.63 -68.33 -149.97 0.56 0.44 1.31 25720.00
-192.83 -67.63 -150.88 0.09 0.69 1.00 25751.00
-195.09 -67.66 -154.08 0.14 0.73 0.80 25782.00
-197.85 -68.49 -158.61 0.24 0.49 0.58 25812.00
-200.82 -69.99 -164.23 0.78 0.28 0.31 25843.00
-204.07 -71.10 -171.24 1.66 -0.02 0.16 25875.00
-205.50 -73.26 -177.13 2.66 -0.45 0.42 25906.00
-204.41 -74.32 -178.59 2.19 -0.55 0.56 25936.00
-204.29 -73.71 -177.80 1.59 -0.45 0.41 25968.00
-205.00 -71.56 -175.41 1.19 -0.36 0.30 25999.00
-204.41 -69.38 -172.56 1.23 -0.27 0.20 26030.00
-202.57 -67.63 -169.51 0.99 -0.10 0.25 26061.00
-201.47 -66.41 -166.13 0.88 -0.05 0.39 26092.00
-201.47 -65.57 -161.99 0.62 0.09 0.46 26123.00
-202.18 -65.77 -157.90 0.43 0.25 0.70 26153.00
-202.80 -67.13 -155.12 0.30 0.42 1.03 26184.00
-202.71 -69.12 -153.95 0.19 0.49 1.40 26215.00
-201.87 -70.39 -153.98 0.20 0.68 1.49 26246.00
-202.13 -71.03 -155.55 0.39 0.90 1.39 26276.00
-204.81 -70.80 -159.22 0.77 0.78 1.17 26307.00
-208.46 -68.93 -165.26 1.32 0.35 0.90 26338.00
-211.29 -66.26 -171.79 1.60 -0.20 0.58 26369.00
-212.60 -64.17 -175.02 1.64 -0.42 0.16 26400.00
-212.67 -64.31 -176.97 1.34 -0.38 0.28 26431.00
-212.33 -64.87 -178.08 1.31 -0.41 0.49 26463.00
-211.04 -64.75 -177.62 0.99 -0.32 0.50 26493.00
-209.06 -64.10 -176.47 0.90 -0.11 0.45 26524.00
-207.69 -63.36 -175.53 0.81 0.09 0.44 26556.00
-207.24 -62.96 -175.04 0.74 0.18 0.52 26587.00
-207.64 -62.94 -174.73 0.75 0.17 0.56 26617.00
-208.53 -63.04 -174.46 0.75 0.13 0.59 26649.00
-209.12 -63.36 -174.44 0.75 0.07 0.61 26680.00
-209.13 -63.98 -174.44 0.74 0.01 0.62 26711.00
-208.77 -64.89 -174.35 0.78 0.04 0.59 26742.00
-208.53 -66.09 -174.20 0.84 0.07 0.58 26773.00
-208.36 -67.34 -174.09 0.93 0.06 0.60 26804.00
-207.55 -68.50 -173.99 0.98 0.04 0.67 26834.00
-206.07 -69.79 -173.76 1.01 0.13 0.72 26866.00
-205.12 -71.12 -173.56 1.04 0.22 0.86 26897.00
-204.44 -72.60 -173.61 1.16 0.22 1.09 26928.00
-203.11 -74.05 -173.44 1.23 0.25 1.01 26958.00
-202.54 -74.32 -173.39 1.33 0.24 1.62 26989.00
-201.67 -72.84 -173.47 1.36 0.24 1.76 27020.00
-200.73 -69.15 -173.53 1.38 0.34 1.59 27051.00
-201.08 -64.02 -173.98 1.37 0.36 1.43 27081.00
-201.92 -57.53 -174.61 1.32 0.23 1.26 27112.00
-202.53 -50.45 -175.12 1.23 0.16 1.14 27143.00
-202.98 -43.30 -175.44 1.12 0.11 1.03 27173.00
-203.61 -35.94 -175.59 1.08 0.11 0.91 27204.00
-204.47 -28.62 -175.68 0.98 0.07 0.81 27235.00
-205.09 -20.98 -175.67 0.83 -0.03 0.93 27266.00
-204.92 -14.08 -175.66 0.66 0.00 0.60 27296.00
-204.84 -6.73 -175.81 0.59 -0.01 0.59 27327.00
-204.75 0.77 -175.43 0.36 -0.00 0.52 27358.00
-204.71 7.87 -174.41 0.11 0.09 0.36 27388.00
-206.78 14.65 -173.26 -0.09 0.14 0.26 27419.00
-209.00 20.58 -172.15 -0.28 0.06 0.19 27450.00
-208.84 24.11 -170.56 -0.45 0.01 0.13 27482.00
-206.93 25.15 -169.18 -0.64 0.13 0.16 27512.00
-205.50 25.52 -168.42 -0.84 0.33 0.14 27543.00
-205.72 25.32 -167.81 -0.97 0.43 0.16 27574.00
-206.68 24.23 -167.25 -1.12 0.48 0.23 27606.00
-206.81 22.32 -167.24 -1.31 0.58 0.20 27636.00
-206.24 18.97 -168.20 -1.41 0.72 0.19 27667.00
-206.12 14.45 -170.74 -1.11 0.69 0.40 27698.00
-205.86 9.36 -174.31 -0.76 0.48 0.60 27728.00
-205.24 3.55 -178.03 -0.27 0.39 0.72 27759.00
-204.99 -2.54 -182.77 0.45 0.24 0.98 27790.00
-202.83 -8.57 -187.47 1.48 0.08 1.61 27821.00
-201.67 -12.19 -188.75 2.29 0.08 2.19 27851.00
-203.42 -10.79 -187.09 1.49 -0.02 1.76 27882.00
-206.43 -6.45 -185.41 0.59 -0.09 1.36 27913.00
-207.76 -1.53 -183.88 0.22 -0.13 1.02 27943.00
-207.36 4.33 -181.99 -0.19 0.00 0.73 27974.00
-206.80 9.50 -180.21 -0.74 0.19 0.65 28005.00
-207.62 13.43 -178.02 -1.06 0.29 0.52 28037.00
-208.53 15.67 -175.91 -1.21 0.38 0.48 28067.00
-208.92 17.31 -174.07 -1.39 0.53 0.29 28098.00
-209.03 17.85 -173.23 -1.61 0.69 -0.00 28129.00
-216.36 -13.06 -194.06 -0.23 0.05 0.74 28775.00
-216.85 -13.98 -194.43 -0.20 0.04 0.66 28806.00
-217.49 -15.64 -194.83 -0.16 -0.01 0.67 28836.00
-217.45 -17.66 -195.10 -0.07 -0.01 0.65 28868.00
-217.76 -20.06 -195.22 -0.03 0.02 0.70 28899.00
-218.19 -23.09 -195.26 0.07 0.01 0.73 28930.00
-218.81 -26.02 -195.44 0.17 -0.02 0.73 28960.00
-218.59 -29.30 -195.52 0.25 -0.02 0.79 28991.00
-218.77 -32.98 -195.56 0.41 0.05 0.81 29022.00
-219.44 -36.46 -196.14 0.59 -0.03 0.88 29052.00
-219.47 -39.93 -196.21 0.64 -0.07 0.87 29083.00
-219.72 -43.72 -196.24 0.73 -0.09 0.94 29114.00
-219.70 -47.45 -196.53 0.85 -0.22 0.94 29145.00
-218.82 -51.16 -195.63 0.89 -0.20 0.97 29175.00
-218.35 -55.37 -194.18 0.95 -0.11 1.00 29206.00
-218.37 -59.43 -192.71 1.05 -0.12 1.03 29236.00
-218.23 -63.15 -191.17 1.12 -0.17 1.06 29266.00
-217.53 -66.91 -189.46 1.10 -0.20 1.03 29297.00
-216.54 -70.68 -187.45 1.13 -0.18 1.03 29328.00
-215.60 -74.19 -184.98 1.15 -0.13 1.04 29359.00
-214.54 -77.79 -181.53 1.05 0.12 1.14 29389.00
-217.84 -86.80 -176.09 1.08 0.39 1.73 29481.00
-217.64 -86.31 -177.33 1.09 0.47 1.62 29512.00
-217.54 -84.68 -179.55 0.89 0.59 1.35 29543.00
-218.94 -82.85 -182.54 0.75 0.64 1.13 29574.00
-221.87 -81.67 -186.46 0.80 0.54 1.03 29604.00
-225.09 -79.79 -191.84 1.05 0.30 0.79 29635.00
-227.90 -76.93 -197.71 1.29 0.06 0.49 29666.00
-230.20 -74.77 -203.43 1.64 -0.04 0.07 29697.00
-231.83 -73.96 -208.78 2.23 -0.19 0.19 29728.00
-232.00 -73.68 -212.52 2.04 -0.44 0.45 29759.00
-231.65 -73.17 -213.96 1.47 -0.52 0.51 29790.00
-231.66 -70.90 -212.45 1.23 -0.37 0.34 29821.00
-232.49 -67.52 -209.74 1.30 -0.17 0.20 29852.00
-232.51 -63.75 -206.90 1.38 -0.06 0.20 29883.00
-230.95 -61.07 -204.30 1.11 -0.02 0.21 29915.00
-229.15 -58.75 -201.38 0.77 0.04 0.43 29945.00
-228.63 -57.10 -198.22 0.42 0.11 0.61 29976.00
-228.80 -56.17 -194.57 0.04 0.24 0.73 30007.00
-229.66 -56.83 -191.34 -0.31 0.39 0.99 30038.00
-229.82 -59.28 -189.79 -0.46 0.42 1.32 30068.00
-228.97 -62.85 -189.07 -0.42 0.55 1.69 30099.00
-230.32 -64.46 -206.42 1.05 0.06 0.75 30718.00
-228.21 -63.30 -202.97 0.80 0.18 0.73 30749.00
-226.95 -62.54 -199.48 0.55 0.39 0.77 30811.00
-229.05 -64.58 -192.48 0.49 0.37 1.24 30872.00
-227.46 -63.38 -191.08 1.10 0.40 1.67 30964.00
-226.98 -61.10 -191.64 1.15 0.34 1.86 30995.00
-229.02 -23.31 -195.53 0.56 -0.01 0.92 31179.00
-229.62 -0.92 -195.54 0.07 -0.08 0.74 31271.00
-228.65 5.92 -195.73 -0.01 -0.11 0.66 31302.00
-227.41 14.28 -195.57 -0.16 -0.02 0.24 31333.00
-227.83 19.53 -195.38 -0.28 0.04 0.36 31364.00
-228.56 25.57 -195.48 -0.35 -0.02 0.22 31394.00
-228.49 30.03 -195.29 -0.48 -0.05 0.12 31426.00
-227.93 32.39 -194.66 -0.59 0.04 0.19 31457.00
-228.30 34.31 -193.69 -0.70 0.16 0.16 31489.00
-229.03 35.41 -193.17 -0.78 0.19 0.13 31519.00
-229.31 35.56 -192.90 -0.94 0.22 0.09 31550.00
-229.04 34.68 -192.28 -1.21 0.35 -0.04 31582.00
-229.15 33.19 -191.96 -1.53 0.53 -0.16 31612.00
-229.43 30.36 -193.02 -1.42 0.54 0.03 31643.00
-229.15 26.29 -195.44 -1.14 0.38 0.25 31675.00
-228.08 21.50 -198.28 -0.80 0.24 0.51 31706.00
-227.08 20.87 -204.94 -0.38 -0.16 0.71 31951.00
-226.90 25.87 -202.99 -0.72 -0.01 0.49 31982.00
-226.49 29.56 -200.86 -1.06 0.21 0.27 32013.00
-227.13 31.56 -198.86 -1.22 0.37 0.17 32045.00
-228.86 32.67 -196.68 -1.43 0.47 -0.04 32075.00
-230.93 33.00 -194.41 -1.62 0.59 -0.18 32106.00
-232.18 31.92 -193.33 -1.75 0.70 -0.26 32137.00
-231.58 28.77 -194.16 -1.66 0.77 -0.19 32168.00
-230.50 24.18 -196.24 -1.39 0.73 -0.06 32199.00
-230.04 18.67 -199.19 -0.98 0.59 0.20 32230.00
-230.08 12.10 -203.07 -0.54 0.36 0.57 32261.00
-229.32 5.72 -207.27 -0.00 0.16 0.94 32291.00
-227.70 1.07 -211.60 0.51 0.03 1.15 32322.00
-225.96 -3.14 -213.93 0.79 0.00 1.38 32353.00
-225.62 -6.97 -214.92 0.86 0.03 1.59 32384.00
-227.02 -8.96 -215.10 0.91 -0.07 1.66 32414.00
-229.20 -7.94 -214.15 0.40 -0.15 1.50 32445.00
-231.06 -5.82 -212.90 0.10 -0.12 1.35 32476.00
-231.77 -2.85 -212.12 0.33 -0.08 1.18 32506.00
-231.44 1.64 -211.20 0.21 -0.04 0.94 32537.00
-231.12 6.20 -209.73 -0.09 0.07 0.79 32568.00
-232.04 10.15 -208.05 -0.31 0.13 0.72 32599.00
-233.76 13.81 -205.79 -0.47 0.13 0.65 32629.00
-235.78 16.94 -202.82 -0.61 0.20 0.63 32660.00
-237.55 20.19 -200.54 -0.73 0.25 0.57 32691.00
-237.60 22.95 -199.22 -1.02 0.24 0.44 32721.00
-236.83 25.03 -197.02 -1.27 0.42 0.27 32753.00
-238.42 26.41 -194.70 -1.32 0.59 0.20 32784.00
-241.28 27.08 -193.31 -1.26 0.45 0.31 32815.00
-242.30 26.52 -192.39 -1.20 0.38 0.42 32845.00
-242.46 25.24 -191.99 -1.05 0.48 0.50 32877.00
-243.20 23.77 -192.28 -0.88 0.43 0.57 32908.00
-244.07 22.34 -193.07 -0.75 0.33 0.58 32939.00
-244.42 20.90 -194.24 -0.67 0.31 0.52 32969.00
-244.93 19.06 -195.97 -0.62 0.31 0.44 33001.00
-245.94 16.44 -198.08 -0.53 0.26 0.37 33032.00
-247.47 13.19 -200.68 -0.46 0.12 0.36 33062.00
-248.47 8.57 -203.44 -0.44 0.02 0.40 33093.00
-249.26 3.33 -205.81 -0.36 -0.04 0.43 33124.00
-250.16 -2.21 -207.69 -0.34 -0.04 0.42 33155.00
-251.12 -8.54 -209.54 -0.25 -0.03 0.49 33185.00
-251.40 -15.34 -211.58 -0.17 0.01 0.57 33216.00
-251.74 -22.56 -213.53 -0.09 0.08 0.50 33247.00
-253.42 -30.47 -215.73 0.11 0.10 0.63 33277.00
-255.43 -38.43 -218.83 0.43 -0.01 0.77 33308.00
-256.64 -46.09 -222.06 0.63 -0.19 0.82 33339.00
-257.03 -53.72 -224.63 0.97 -0.24 0.86 33370.00
-256.82 -60.19 -226.85 1.20 -0.25 0.96 33400.00
-256.36 -66.72 -228.33 1.27 -0.14 0.97 33432.00
-256.81 -72.41 -229.74 1.62 -0.11 1.00 33463.00
-257.91 -77.72 -231.07 1.76 -0.09 1.21 33494.00
-259.16 -81.94 -232.59 1.96 -0.26 1.32 33524.00
-259.77 -84.34 -233.43 1.51 -0.38 1.40 33556.00
-259.22 -85.17 -233.34 1.32 -0.32 1.32 33587.00
-258.52 -84.90 -232.43 1.06 -0.10 1.38 33617.00
-257.99 -84.51 -231.41 0.91 0.16 1.42 33648.00
-257.40 -83.90 -231.27 0.71 0.36 1.43 33679.00
-256.65 -82.39 -232.02 0.49 0.55 1.27 33710.00
-256.47 -80.24 -233.76 0.33 0.72 0.88 33740.00
-258.61 -79.26 -237.74 0.68 0.59 0.68 33770.00
-261.22 -78.28 -243.51 1.10 0.22 0.39 33802.00
-262.60 -78.60 -248.55 1.56 -0.07 0.23 33832.00
-262.41 -79.63 -252.02 1.96 -0.17 0.41 33864.00
-261.35 -80.99 -253.95 1.73 -0.25 0.56 33895.00
-260.91 -80.89 -254.67 1.48 -0.38 0.56 33926.00
-261.32 -79.03 -253.72 1.23 -0.31 0.42 33957.00
-261.70 -75.67 -251.50 1.39 -0.18 0.25 33988.00
-260.44 -71.91 -248.60 1.49 -0.05 0.18 34020.00
-257.97 -68.72 -245.56 1.24 0.07 0.21 34051.00
-255.49 -65.22 -242.05 0.83 0.22 0.55 34081.00
-255.09 -62.89 -237.95 0.29 0.45 0.69 34112.00
-257.39 -62.03 -234.99 -0.13 0.58 1.02 34143.00
-259.21 -62.60 -233.43 -0.44 0.46 1.21 34173.00
-259.45 -63.80 -233.03 -0.36 0.42 1.34 34204.00
-258.74 -64.76 -233.37 -0.29 0.63 1.25 34235.00
-258.93 -65.24 -235.31 -0.17 0.75 1.04 34266.00
-260.08 -66.19 -238.74 0.11 0.63 0.74 34296.00
-262.32 -67.18 -243.81 0.69 0.48 0.55 34327.00
-264.18 -68.76 -249.86 1.42 0.24 0.56 34358.00
-263.97 -71.68 -254.84 2.12 -0.03 0.69 34390.00
-261.73 -72.91 -256.92 1.88 -0.04 0.72 34420.00
-260.38 -74.77 -257.95 1.20 0.04 0.76 34452.00
-261.12 -76.03 -259.03 1.02 -0.02 0.79 34483.00
-262.41 -75.68 -258.94 0.99 -0.07 0.66 34513.00
-263.02 -74.31 -258.11 0.91 0.02 0.55 34544.00
-262.85 -73.12 -257.25 0.91 0.13 0.44 34576.00
-262.65 -72.30 -256.52 0.88 0.18 0.45 34607.00
-262.42 -72.12 -255.34 0.81 0.23 0.51 34637.00
-263.17 -72.78 -253.81 0.79 0.32 0.64 34669.00
-265.00 -73.97 -253.46 0.92 0.19 0.79 34700.00
-265.88 -74.64 -253.15 1.03 -0.06 0.82 34731.00
-264.66 -74.80 -251.74 0.98 -0.04 0.79 34761.00
-263.22 -74.98 -250.31 1.08 0.10 0.86 34793.00
-262.01 -75.40 -249.01 1.07 0.16 1.07 34824.00
-260.94 -76.85 -247.69 1.19 0.19 1.34 34854.00
-259.98 -77.78 -245.89 1.25 0.27 1.63 34885.00
-259.80 -77.65 -244.89 1.51 0.19 1.97 34915.00
-258.53 -73.45 -243.77 1.78 0.01 1.94 34946.00
-256.84 -66.52 -241.30 1.67 0.26 1.58 34976.00
-257.09 -59.23 -239.20 1.35 0.40 1.28 35007.00
-258.22 -51.93 -237.51 1.07 0.26 0.97 35038.00
-259.12 -44.81 -235.51 0.94 0.20 0.88 35068.00
-259.21 -36.99 -233.06 0.49 0.28 0.29 35099.00
-260.67 -29.13 -231.38 0.23 0.29 0.17 35130.00
-262.62 -19.34 -230.30 0.01 0.14 0.13 35161.00
-263.78 -11.84 -228.99 -0.24 0.03 0.11 35192.00
-263.40 -7.63 -227.82 -0.41 0.02 0.26 35223.00
-262.73 8.80 -220.04 -0.90 0.25 0.47 35440.00
-262.37 9.24 -219.69 -0.93 0.25 0.46 35471.00
-262.04 9.11 -219.56 -0.92 0.27 0.49 35502.00
-261.58 8.67 -219.78 -0.91 0.26 0.53 35532.00
-260.61 8.16 -220.38 -0.96 0.26 0.49 35564.00
-259.45 7.49 -220.87 -1.07 0.33 0.36 35595.00
-258.79 6.28 -221.26 -1.14 0.42 0.25 35625.00
-258.75 4.17 -221.95 -1.25 0.47 0.13 35657.00
-258.78 0.94 -223.55 -1.09 0.41 0.27 35688.00
-258.20 -2.82 -225.91 -0.95 0.35 0.40 35719.00
-256.90 -6.46 -228.66 -0.69 0.24 0.52 35749.00
-255.00 -9.61 -231.29 -0.40 0.21 0.55 35780.00
-253.36 -14.50 -234.16 0.12 0.21 0.98 35811.00
-251.71 -19.63 -237.59 0.89 0.03 1.74 35842.00
-249.88 -24.04 -238.61 1.78 -0.04 1.96 35872.00
-250.93 -23.15 -237.29 1.21 0.01 1.66 35903.00
-254.03 -19.81 -236.02 0.25 -0.02 1.39 35934.00
-256.42 -15.74 -235.04 0.08 -0.08 1.12 35964.00
-257.02 -10.39 -233.58 -0.23 -0.04 0.71 35995.00
-256.74 -6.15 -231.56 -0.64 0.14 0.70 36026.00
-257.52 -2.48 -229.60 -0.97 0.29 0.50 36057.00
-259.00 -0.11 -227.73 -1.20 0.38 0.40 36088.00
-260.26 1.65 -225.27 -1.50 0.54 0.12 36119.00
-261.33 2.43 -223.19 -1.69 0.77 -0.11 36150.00
-262.12 1.84 -223.31 -1.57 0.75 0.04 36180.00
-261.41 -0.24 -225.06 -1.47 0.57 0.06 36212.00
-259.91 -3.56 -226.96 -1.31 0.53 0.11 36243.00
-259.05 -7.71 -229.29 -1.07 0.51 0.24 36274.00
-258.51 -12.71 -232.27 -0.72 0.36 0.50 36304.00
-257.04 -18.29 -235.26 -0.37 0.21 0.71 36335.00
-255.01 -21.83 -237.61 -0.03 0.21 0.76 36366.00
-254.00 -25.77 -240.24 0.43 0.21 1.13 36397.00
-253.18 -30.84 -242.86 1.11 0.03 1.68 36427.00
-252.47 -34.92 -242.85 1.40 -0.09 1.83 36458.00
-253.54 -34.93 -241.21 0.70 -0.04 1.60 36489.00
-255.26 -32.56 -240.18 -0.01 1.38 3651900
-254.20 -26.27 -238.71 0.02 0.03 0.92 36582.00
-253.21 -24.29 -237.32 0.15 0.30 0.94 36613.00
-254.72 -22.70 -236.73 0.32 0.32 1.12 36643.00
-256.58 -22.11 -235.61 0.47 0.16 1.31 36674.00
-258.55 -19.00 -232.19 0.31 0.23 1.06 36705.00
-261.21 -13.07 -227.79 -0.05 0.43 0.88 36736.00
-263.64 -6.26 -223.85 -0.48 0.52 0.51 36765.00
-264.81 0.43 -220.72 -0.78 0.64 0.25 36796.00
-264.69 5.89 -218.17 -1.19 0.74 -0.10 36828.00
-265.26 11.08 -212.68 -2.04 1.28 -1.05 36858.00
-270.38 14.93 -207.35 -2.15 2.01 -1.24 36889.00
-278.38 10.99 -213.55 -0.55 0.77 0.43 36920.00
-277.07 3.47 -221.24 -0.49 -0.24 1.11 36951.00
-271.28 -1.25 -223.49 -0.64 -0.17 0.95 36981.00
-270.62 -4.69 -224.70 -0.32 0.22 1.01 37012.00
-272.59 -5.42 -226.54 -0.35 0.07 0.80 37043.00
-274.29 -6.21 -227.57 -0.53 -0.01 0.61 37073.00
-275.19 -8.25 -228.41 -0.59 0.06 0.54 37103.00
-276.19 -11.38 -230.27 -0.61 0.05 0.53 37135.00
-276.85 -15.36 -232.19 -0.57 0.00 0.56 37166.00
-277.60 -19.51 -233.84 -0.51 0.02 0.54 37196.00
-278.78 -24.61 -235.53 -0.43 0.00 0.56 37227.00
-279.74 -30.35 -237.43 -0.30 -0.03 0.59 37258.00
-279.81 -36.14 -239.31 -0.22 -0.04 0.62 37288.00
-279.59 -42.68 -240.76 -0.17 0.03 0.58 37319.00
-280.48 -49.92 -242.30 0.07 0.06 0.62 37350.00
-281.23 -56.82 -243.77 0.18 0.04 0.57 37381.00
-282.24 -64.63 -245.03 0.51 0.10 0.72 37411.00
-283.47 -71.88 -248.48 1.19 -0.04 0.84 37442.00
-283.26 -79.04 -251.42 1.27 -0.20 0.93 37474.00
-282.39 -85.93 -252.49 1.52 -0.09 0.92 37505.00
-282.37 -91.47 -253.72 1.87 -0.01 1.08 37535.00
-284.13 -96.04 -254.11 1.70 -0.08 1.13 37567.00
-286.62 -99.18 -254.32 1.57 -0.24 1.17 37598.00
-287.86 -101.02 -254.56 1.52 -0.37 1.16 37628.00
-286.87 -102.14 -254.21 1.11 -0.28 1.06 37659.00
-285.43 -102.77 -253.28 1.10 -0.04 0.94 37690.00
-285.48 -103.03 -252.47 1.00 0.14 0.98 37721.00
-286.17 -103.06 -252.33 0.92 0.20 1.09 37751.00
-286.14 -102.55 -252.80 0.75 0.21 1.29 37783.00
-284.73 -101.21 -253.00 0.27 0.44 1.10 37814.00
-284.10 -100.90 -253.55 0.14 0.84 0.87 37844.00
-289.84 -106.29 -277.67 1.24 -0.45 0.62 38062.00
-289.54 -104.39 -275.67 1.40 -0.25 0.51 38093.00
-289.85 -100.36 -272.62 1.66 -0.03 0.28 38124.00
-288.96 -95.98 -269.70 1.74 -0.02 0.37 38156.00
-285.65 -92.41 -265.85 1.32 0.04 0.33 38187.00
-282.57 -89.23 -261.36 0.89 0.29 0.45 38217.00
-282.79 -87.32 -256.99 0.47 0.50 0.70 38248.00
-284.47 -86.48 -253.34 0.12 0.52 0.89 38279.00
-285.06 -86.73 -250.43 -0.11 0.58 1.04 38309.00
-284.41 -87.63 -248.56 -0.17 0.72 1.15 38340.00
-283.79 -88.43 -248.42 -0.20 0.89 1.20 38371.00
-289.87 -90.54 -266.63 0.91 0.30 0.39 38494.00
-290.54 -92.17 -272.85 1.48 0.09 0.36 38525.00
-289.45 -94.47 -276.99 2.06 0.08 0.31 38556.00
-287.98 -97.73 -280.21 2.23 0.11 0.64 38588.00
-286.86 -100.60 -282.61 1.73 -0.00 0.76 38619.00
-287.34 -101.67 -284.02 1.30 -0.16 0.71 38649.00
-288.59 -101.18 -283.98 0.98 -0.23 0.62 38681.00
-288.78 -99.76 -282.68 1.08 -0.09 0.46 38712.00
-288.19 -97.91 -281.14 1.07 0.07 0.39 38743.00
-287.37 -96.94 -279.68 1.05 0.17 0.38 38774.00
-287.23 -96.56 -278.54 1.15 0.12 0.53 38805.00
-286.74 -96.65 -277.29 1.37 0.02 0.70 38836.00
-285.52 -96.02 -275.84 1.59 -0.06 0.67 38867.00
-283.29 -94.42 -273.34 1.43 0.00 0.70 38898.00
-280.88 -92.79 -269.96 1.28 0.23 0.72 38929.00
-279.45 -91.40 -267.32 0.98 0.22 0.90 38961.00
-277.35 -90.75 -263.77 0.91 0.32 1.09 38991.00
-275.21 -89.71 -259.99 1.06 0.50 1.31 39022.00
-273.12 -87.34 -256.78 1.11 0.61 1.41 39052.00
-271.29 -82.93 -253.33 1.00 0.70 1.19 39083.00
-271.02 -77.63 -250.11 0.73 0.83 0.92 39113.00
-271.99 -72.11 -248.26 0.53 0.73 0.79 39144.00
-272.39 -67.11 -247.18 0.35 0.55 0.72 39175.00
-272.08 -62.83 -246.64 0.22 0.49 0.65 39205.00
-272.58 -59.70 -246.91 0.28 0.43 0.74 39236.00
-272.98 -56.80 -247.75 0.29 0.32 0.85 39267.00
-273.05 -54.43 -248.64 0.29 0.29 1.04 39298.00
-273.22 -52.32 -249.56 0.31 0.39 1.30 39328.00
-273.39 -49.37 -251.38 0.30 0.38 1.63 39359.00
-273.26 -45.77 -254.04 0.31 0.35 1.54 39390.00
-273.23 -41.02 -257.52 0.36 0.26 1.50 39421.00
-273.19 -35.46 -261.33 0.39 0.09 1.38 39452.00
-272.92 -29.65 -264.97 0.37 -0.07 1.27 39483.00
-272.73 -23.63 -268.10 0.34 -0.19 1.12 39514.00
-273.00 -17.54 -270.26 0.22 -0.27 0.99 39544.00
-273.69 -11.38 -271.62 0.12 -0.31 0.87 39575.00
-274.54 -4.38 -272.28 -0.05 -0.34 0.58 39606.00
-274.95 2.55 -272.01 -0.26 -0.27 0.33 39636.00
-274.79 9.19 -270.77 -0.42 -0.17 0.09 39667.00
-274.26 13.47 -269.43 -0.65 -0.11 0.09 39698.00
-273.20 15.96 -268.04 -0.79 0.02 0.08 39730.00
-272.97 17.14 -266.83 -0.83 0.12 0.14 39760.00
-272.71 17.73 -265.82 -0.92 0.19 0.18 39792.00
-272.20 17.66 -265.04 -0.92 0.27 0.17 39823.00
-271.65 17.16 -264.44 -1.14 0.39 0.09 39854.00
-271.20 15.85 -263.81 -1.44 0.56 -0.11 39885.00
-271.57 13.27 -264.05 -1.46 0.66 -0.06 39916.00
-271.91 9.54 -265.38 -1.35 0.58 0.07 39947.00
-271.26 5.21 -267.35 -1.14 0.49 0.14 39977.00
-270.00 -0.18 -269.88 -0.81 0.47 0.28 40009.00
-268.98 -6.30 -272.98 -0.38 0.38 0.49 40039.00
-268.54 -13.55 -276.65 0.15 0.29 0.91 40070.00
-267.23 -20.00 -280.84 0.98 0.16 1.56 40100.00
-265.34 -26.60 -283.70 1.98 0.07 1.98 40131.00
-265.43 -27.65 -283.76 1.91 0.03 1.96 40163.00
-267.82 -24.25 -282.47 0.76 -0.01 1.56 40194.00
-270.64 -20.03 -281.38 0.35 -0.12 1.30 40224.00
-271.70 -14.44 -279.88 0.14 -0.16 1.03 40255.00
-271.20 -8.27 -277.78 -0.25 -0.03 0.69 40286.00
-271.11 -3.08 -275.60 -0.70 0.13 0.53 40316.00
-272.20 0.80 -272.94 -0.93 0.23 0.49 40347.00
-273.47 3.61 -270.01 -1.06 0.38 0.39 40378.00
-274.29 6.19 -266.40 -1.46 0.69 0.07 40410.00
-275.34 7.53 -264.53 -1.75 0.95 -0.21 40440.00
-276.15 7.14 -265.41 -1.69 0.79 -0.02 40471.00
-274.97 4.94 -267.33 -1.61 0.64 -0.00 40502.00
-273.85 1.42 -269.51 -1.41 0.62 0.08 40532.00
-274.03 -3.02 -272.17 -1.14 0.51 0.21 40564.00
-274.60 -8.29 -275.25 -0.75 0.31 0.46 40595.00
-274.08 -13.83 -278.61 -0.37 0.17 0.65 40626.00
-271.96 -18.93 -281.59 -0.01 0.20 0.72 40656.00
-270.28 -24.07 -284.92 0.48 0.27 0.94 40687.00
-269.17 -29.91 -288.40 1.15 0.23 1.32 40718.00
-269.02 -35.50 -290.42 1.70 0.05 1.76 40749.00
-270.49 -37.27 -290.00 1.36 -0.13 1.76 40779.00
-273.50 -35.95 -288.54 0.74 -0.19 1.55 40810.00
-276.08 -32.93 -286.82 0.70 -0.16 1.37 40841.00
-276.79 -28.61 -285.13 0.56 -0.14 1.17 40871.00
-276.05 -24.22 -283.09 0.38 0.00 1.06 40902.00
-276.29 -19.51 -281.24 0.15 0.07 0.95 40933.00
-277.10 -14.77 -278.99 -0.32 0.00 0.94 40964.00
-277.59 -10.31 -275.16 -0.76 0.10 0.72 40994.00
-278.66 -6.48 -270.10 -0.78 0.43 0.69 41025.00
-279.71 -1.86 -266.65 -0.84 0.56 0.47 41056.00
-279.17 1.57 -263.67 -1.22 0.67 0.27 41086.00
-279.13 3.82 -260.12 -1.40 0.95 0.11 41117.00
-281.98 5.29 -257.82 -1.36 1.03 0.14 41148.00
-284.82 6.07 -257.80 -1.24 0.71 0.29 41180.00
-285.07 5.53 -259.30 -0.99 0.45 0.47 41210.00
-283.84 4.03 -261.40 -0.77 0.33 0.58 41241.00
-283.60 2.29 -263.30 -0.63 0.26 0.67 41272.00
-284.58 1.00 -264.84 -0.55 0.13 0.67 41303.00
-285.17 0.08 -265.85 -0.65 0.07 0.57 41333.00
-285.18 -1.23 -266.61 -0.68 0.17 0.44 41364.00
-285.83 -3.36 -267.67 -0.59 0.24 0.35 41395.00
-287.07 -6.22 -268.99 -0.58 0.17 0.31 41425.00
-288.12 -10.59 -270.34 -0.50 0.13 0.32 41457.00
-289.22 -15.69 -271.75 -0.36 0.12 0.33 41488.00
-290.71 -21.99 -273.34 -0.29 0.08 0.39 41519.00
-292.12 -29.34 -274.93 -0.08 0.03 0.49 41549.00
-293.12 -36.61 -276.71 0.13 -0.02 0.61 41580.00
-294.01 -44.00 -278.45 0.38 -0.04 0.74 41611.00
-294.62 -50.95 -280.21 0.62 -0.08 0.92 41641.00
-295.05 -58.13 -281.28 0.88 -0.06 1.16 41672.00
-296.73 -64.88 -281.61 1.11 0.03 1.32 41703.00
-300.16 -70.39 -282.77 1.17 -0.07 1.40 41734.00
-303.35 -74.23 -284.19 1.14 -0.34 1.50 41763.00
-305.46 -77.37 -285.53 0.99 -0.57 1.48 41794.00
-305.76 -79.93 -286.00 0.71 -0.56 1.42 41825.00
-305.14 -82.21 -285.93 0.74 -0.39 1.46 41856.00
-304.11 -83.87 -285.34 0.74 -0.14 1.48 41886.00
-303.67 -84.78 -284.90 0.71 0.09 1.47 41917.00
-303.73 -84.55 -285.43 0.56 0.17 1.38 41949.00
-303.50 -83.46 -286.54 0.34 0.24 1.16 41979.00
-303.51 -81.91 -288.44 0.09 0.31 0.93 42010.00
-303.80 -81.08 -291.37 -0.04 0.28 0.80 42041.00
-303.40 -80.39 -294.47 -0.01 0.25 0.54 42072.00
-305.02 -81.95 -297.97 0.41 0.26 0.47 42102.00
-306.37 -82.33 -302.57 0.92 0.13 0.42 42133.00
-306.48 -84.39 -307.78 1.62 -0.04 0.50 42165.00
-304.36 -88.39 -311.79 2.53 -0.28 0.83 42195.00
-301.49 -91.92 -313.09 2.07 -0.35 1.19 42226.00
-300.55 -92.58 -311.97 1.63 -0.24 1.09 42258.00
-302.64 -88.95 -309.79 1.54 -0.22 0.77 42289.00
-304.08 -83.97 -306.92 1.52 -0.20 0.46 42319.00
-303.59 -79.33 -303.32 1.30 -0.08 0.41 42351.00
-302.80 -76.58 -299.56 0.94 0.04 0.56 42382.00
-303.62 -75.19 -295.08 0.52 0.16 0.83 42413.00
-305.06 -75.01 -290.55 0.18 0.26 1.02 42443.00
-305.48 -75.65 -287.25 0.01 0.42 1.21 42474.00
-305.01 -76.73 -285.08 -0.16 0.56 1.38 42505.00
-304.30 -77.87 -283.93 -0.23 0.66 1.46 42535.00
-304.09 -78.98 -283.97 -0.22 0.73 1.53 42566.00
-303.91 -78.90 -285.46 -0.17 0.75 1.41 42597.00
-304.35 -77.22 -288.99 -0.07 0.64 1.15 42628.00
-304.72 -75.16 -293.47 -0.03 0.46 0.71 42658.00
-306.10 -74.74 -298.83 0.23 0.35 0.42 42689.00
-308.23 -75.88 -304.58 0.62 0.15 0.35 42720.00
-310.06 -78.34 -310.28 1.22 -0.02 0.39 42752.00
-311.08 -82.19 -314.99 2.05 -0.18 0.78 42782.00
-311.39 -86.48 -318.37 2.59 -0.43 1.23 42813.00
-312.26 -87.73 -318.99 2.00 -0.63 1.31 42845.00
-313.01 -84.87 -317.05 1.52 -0.58 0.98 42875.00
-312.59 -79.71 -314.07 1.60 -0.43 0.73 42906.00
-310.10 -73.57 -310.17 1.46 -0.17 0.53 42938.00
-307.71 -68.63 -306.43 1.23 0.03 0.54 42969.00
-307.33 -65.20 -302.62 0.77 0.10 0.76 42999.00
-307.79 -62.31 -298.14 0.46 0.07 0.84 43030.00
-306.92 -59.30 -293.31 0.05 0.17 0.75 43061.00
-306.32 -57.63 -288.85 -0.27 0.37 0.71 43091.00
-306.63 -57.58 -284.67 -0.42 0.48 0.85 43122.00
-308.51 -58.35 -280.99 -0.28 0.46 0.97 43153.00
-309.39 -58.72 -278.52 -0.14 0.14 1.25 43184.00
-307.21 -59.27 -275.63 0.00 0.42 1.17 43214.00
-306.66 -59.39 -274.41 0.18 0.51 1.26 43245.00
-306.37 -58.77 -274.10 0.23 0.29 1.34 43276.00
-305.73 -57.53 -273.95 0.31 0.24 1.29 43307.00
-305.59 -55.64 -274.26 0.25 0.20 1.33 43338.00
-305.69 -53.42 -274.82 0.19 0.12 1.37 43369.00
-305.73 -50.79 -275.32 0.10 0.02 1.48 43400.00
-305.99 -48.47 -275.52 0.04 0.02 1.59 43430.00
-305.59 -43.86 -275.77 -0.02 0.01 1.55 43461.00
-305.14 -39.05 -275.59 -0.10 0.06 1.45 43492.00
-305.22 -33.88 -275.40 -0.10 0.10 1.35 43523.00
-304.82 -28.57 -275.34 -0.15 0.07 1.22 43553.00
-303.60 -22.86 -275.69 -0.24 0.02 1.07 43584.00
-301.95 -17.09 -276.25 -0.34 0.01 0.87 43615.00
-300.65 -11.76 -277.15 -0.37 -0.02 0.72 43645.00
-299.27 -6.54 -278.31 -0.42 -0.08 0.54 43676.00
-297.80 -2.44 -279.43 -0.41 -0.11 0.47 43707.00
-296.20 1.28 -280.28 -0.43 -0.11 0.41 43738.00
-294.81 4.06 -280.70 -0.46 -0.04 0.37 43768.00
-294.09 6.46 -281.20 -0.47 0.01 0.35 43800.00
-293.37 8.06 -281.50 -0.56 0.02 0.38 43831.00
-292.51 8.98 -281.52 -0.61 0.11 0.37 43862.00
-292.63 9.57 -281.68 -0.68 0.16 0.39 43892.00
-292.63 9.86 -281.81 -0.72 0.15 0.39 43924.00
-292.34 9.83 -281.95 -0.83 0.20 0.38 43955.00
-292.15 9.80 -281.95 -1.00 0.29 0.22 43985.00
-292.11 9.60 -282.02 -1.28 0.39 0.10 44017.00
-292.15 8.04 -282.69 -1.44 0.43 -0.03 44048.00
-291.91 5.55 -283.84 -1.41 0.44 -0.08 44079.00
-291.26 1.99 -285.55 -1.22 0.37 0.09 44110.00
-289.92 -2.81 -287.33 -0.99 0.34 0.19 44141.00
-288.56 -8.52 -289.22 -0.67 0.35 0.45 44172.00
-287.58 -13.89 -291.74 -0.33 0.27 0.71 44203.00
-285.53 -17.17 -294.26 0.02 0.21 0.69 44233.00
-283.62 -21.47 -296.67 0.35 0.24 1.11 44264.00
-281.35 -27.69 -299.09 1.08 0.11 1.83 44295.00
-280.10 -32.56 -299.70 1.71 0.00 2.27 44325.00
-282.10 -31.49 -297.81 1.11 0.12 1.94 44356.00
-286.84 -27.70 -296.93 0.58 0.04 1.65 44387.00
-289.89 -21.94 -296.32 0.70 -0.09 1.23 44418.00
-290.74 -15.49 -295.04 0.28 -0.05 0.81 44448.00
-290.28 -8.58 -293.19 -0.35 0.12 0.53 44479.00
-290.77 -3.81 -291.15 -0.95 0.30 0.32 44510.00
-291.77 -0.67 -289.72 -1.35 0.32 0.21 44540.00
-292.48 1.86 -287.21 -1.68 0.49 -0.10 44572.00
-294.08 4.29 -284.58 -1.95 0.70 -0.38 44603.00
-294.87 5.12 -284.15 -2.04 0.72 -0.37 44634.00
-293.84 3.52 -285.23 -1.89 0.62 -0.33 44665.00
-292.71 -0.14 -286.89 -1.55 0.56 -0.06 44696.00
-292.71 -4.68 -288.68 -1.25 0.47 0.10 44727.00
-293.32 -9.81 -291.08 -1.00 0.35 0.31 44759.00
-293.14 -15.70 -294.22 -0.61 0.20 0.57 44789.00
-290.93 -21.07 -297.55 -0.27 0.11 0.66 44820.00
-287.58 -25.24 -299.85 0.04 0.20 0.49 44851.00
-286.01 -29.62 -301.90 0.55 0.30 0.82 44881.00
-284.56 -35.30 -304.77 1.16 0.28 1.27 44912.00
-284.19 -41.15 -306.04 1.47 0.13 1.59 44943.00
-293.23 -41.50 -302.05 0.62 -0.03 1.39 45035.00
-294.92 -37.56 -300.47 0.73 -0.01 1.19 45066.00
-295.00 -33.42 -298.92 0.53 0.09 1.01 45096.00
-295.12 -28.76 -297.16 0.29 0.23 0.88 45127.00
-297.30 -24.06 -295.67 -0.20 0.26 0.79 45158.00
-300.47 -20.95 -295.69 -0.59 -0.03 0.94 45189.00
-301.41 -17.89 -293.82 -0.78 -0.01 0.85 45219.00
-303.40 -14.16 -291.40 -0.90 0.18 0.77 45250.00
-305.16 -10.24 -290.83 -1.08 -0.02 0.75 45282.00
-304.38 -6.15 -289.49 -1.31 0.03 0.63 45313.00
-303.88 -1.98 -287.19 -1.52 0.35 0.23 45343.00
-305.74 2.51 -284.18 -1.62 0.70 -0.28 45374.00
-309.95 6.01 -282.87 -1.54 0.77 -0.23 45406.00
-314.16 6.42 -284.83 -1.11 0.25 0.35 45436.00
-313.40 4.27 -287.19 -1.04 -0.21 0.56 45467.00
-310.38 2.48 -287.72 -0.87 -0.11 0.57 45498.00
-309.92 2.38 -288.62 -0.72 -0.01 0.48 45530.00
-310.82 2.71 -289.45 -0.78 -0.07 0.37 45560.00
-311.45 3.41 -290.42 -0.76 -0.10 0.22 45591.00
-311.79 2.20 -291.56 -0.76 -0.10 0.13 45623.00
-311.29 -0.52 -292.60 -0.68 -0.08 0.13 45654.00
-311.08 -4.44 -293.50 -0.64 -0.00 0.10 45684.00
-311.12 -10.01 -294.53 -0.53 0.04 0.15 45716.00
-311.10 -16.48 -295.52 -0.42 0.10 0.20 45747.00
-311.99 -24.37 -297.07 -0.18 0.10 0.29 45777.00
-312.92 -31.77 -299.27 -0.03 0.04 0.44 45808.00
-313.54 -39.87 -301.33 0.17 -0.03 0.66 45839.00
-312.65 -47.63 -303.35 0.56 -0.10 0.99 45870.00
-311.22 -54.98 -304.48 0.77 0.02 1.22 45900.00
-310.57 -62.45 -306.33 1.05 -0.09 1.63 45931.00
-309.89 -69.71 -307.45 1.19 -0.15 1.82 45962.00
-310.48 -75.24 -308.10 1.20 -0.17 1.94 45992.00
-311.34 -79.18 -308.79 1.03 -0.27 1.92 46023.00
-311.77 -81.44 -309.21 0.84 -0.31 1.76 46054.00
-311.92 -82.31 -309.13 0.55 -0.22 1.58 46085.00
-312.18 -82.80 -308.88 0.38 -0.04 1.48 46115.00
-312.53 -82.96 -308.86 0.26 0.10 1.43 46146.00
-312.76 -82.38 -309.47 0.16 0.16 1.37 46178.00
-312.17 -81.12 -310.51 0.01 0.24 1.17 46209.00
-311.32 -79.67 -312.08 -0.15 0.42 0.94 46239.00
-311.16 -79.24 -315.09 -0.14 0.43 0.81 46270.00
-311.24 -79.67 -318.96 0.09 0.31 0.75 46301.00
-311.74 -81.52 -322.98 0.50 0.25 0.82 46331.00
-312.16 -83.37 -327.92 1.22 0.03 1.01 46362.00
-312.00 -85.95 -332.50 1.82 -0.24 1.11 46393.00
-311.57 -88.03 -334.42 2.07 -0.39 1.22 46425.00
-312.41 -87.18 -334.30 1.52 -0.34 1.09 46455.00
-313.71 -84.36 -332.96 1.33 -0.37 0.82 46486.00
-313.70 -80.69 -330.54 1.26 -0.32 0.66 46518.00
-312.82 -77.83 -327.73 1.10 -0.17 0.57 46548.00
-312.55 -75.57 -324.65 0.93 -0.06 0.61 46579.00
-313.44 -74.09 -321.19 0.57 -0.01 0.73 46610.00
-314.10 -73.23 -317.06 0.19 0.07 0.85 46641.00
-314.71 -73.15 -312.81 -0.22 0.33 0.93 46671.00
-315.78 -73.64 -309.54 -0.50 0.52 1.01 46702.00
-316.25 -75.23 -307.42 -0.67 0.67 1.15 46733.00
-316.10 -77.24 -306.48 -0.58 0.80 1.25 46764.00
-315.66 -78.62 -307.35 -0.44 0.84 1.23 46794.00
-314.75 -78.64 -310.17 -0.37 0.82 0.99 46825.00
-313.69 -78.17 -314.64 -0.13 0.74 0.69 46856.00
-314.24 -78.29 -320.33 0.23 0.47 0.61 46886.00
-314.90 -79.66 -326.57 0.75 0.20 0.63 46917.00
-313.68 -83.02 -331.73 1.38 0.09 0.59 46949.00
-312.70 -87.88 -335.52 1.92 0.15 0.83 46980.00
-313.06 -93.21 -339.11 1.91 -0.05 1.19 47010.00
-314.28 -96.01 -341.18 1.69 -0.20 1.26 47041.00
-316.53 -96.06 -341.85 1.28 -0.33 1.15 47072.00
-317.77 -94.34 -341.16 0.95 -0.33 0.93 47102.00
-316.99 -91.89 -339.43 1.00 -0.21 0.82 47134.00
-315.08 -90.27 -337.34 0.91 0.03 0.87 47165.00
-314.58 -89.34 -335.43 0.87 0.25 1.04 47196.00
-316.09 -89.46 -333.80 0.86 0.25 1.40 47226.00
-317.91 -89.68 -332.12 1.07 0.08 1.74 47257.00
-318.62 -88.58 -329.94 1.33 -0.09 2.01 47287.00
-317.72 -84.52 -327.07 1.30 -0.06 1.90 47319.00
-316.49 -79.06 -324.35 1.15 0.13 1.65 47348.00
-315.82 -71.84 -321.55 1.03 0.24 1.46 47379.00
-315.56 -64.38 -318.68 0.74 0.32 1.02 47410.00
-316.24 -57.34 -316.40 0.52 0.35 0.68 47440.00
-317.88 -50.06 -314.27 0.36 0.27 0.36 47471.00
-319.04 -41.77 -311.62 0.14 0.19 0.24 47502.00
-319.65 -34.03 -308.84 -0.08 0.24 0.20 47534.00
-321.14 -27.67 -307.24 -0.26 0.20 0.17 47564.00
-322.35 -22.52 -305.83 -0.45 0.15 0.19 47595.00
-323.10 -17.97 -304.73 -0.59 0.15 0.22 47626.00
-323.58 -14.32 -303.97 -0.71 0.15 0.24 47657.00
-323.94 -11.87 -303.48 -0.85 0.15 0.31 47688.00
-324.17 -10.48 -303.34 -0.90 0.09 0.47 47719.00
-323.89 -9.66 -303.31 -0.94 0.05 0.57 47751.00
-323.25 -9.60 -303.26 -0.89 0.02 0.70 47781.00
-322.60 -9.41 -302.92 -0.80 0.01 0.74 47812.00
-322.19 -8.73 -302.30 -0.77 0.02 0.72 47843.00
-321.81 -7.59 -301.55 -0.77 0.07 0.67 47874.00
-321.30 -6.41 -300.78 -0.81 0.14 0.59 47904.00
-320.97 -5.40 -300.01 -0.78 0.21 0.55 47935.00
-320.92 -4.56 -299.47 -0.83 0.25 0.50 47966.00
-320.64 -3.77 -299.35 -0.88 0.23 0.44 47997.00
-319.74 -3.34 -299.44 -0.94 0.25 0.38 48028.00
-318.65 -3.34 -299.69 -1.00 0.31 0.29 48059.00
-317.79 -3.60 -299.92 -1.15 0.42 0.11 48090.00
-316.93 -5.06 -300.53 -1.26 0.52 0.02 48121.00
-316.70 -7.11 -301.70 -1.25 0.59 -0.06 48152.00
-316.64 -10.78 -303.73 -1.33 0.57 -0.02 48183.00
-315.99 -15.60 -306.78 -1.15 0.46 0.06 48215.00
-314.59 -21.27 -310.30 -0.83 0.34 0.33 48245.00
-312.20 -27.59 -314.01 -0.44 0.22 0.56 48276.00
-309.30 -33.49 -317.06 0.00 0.26 0.77 48307.00
-307.36 -37.59 -320.38 0.69 0.28 1.14 48337.00
-304.80 -43.37 -323.68 1.53 0.13 1.78 48368.00
-302.97 -48.09 -323.55 2.18 0.08 2.36 48399.00
-304.14 -45.95 -321.36 1.65 0.23 1.98 48430.00
-307.44 -40.86 -320.69 0.59 0.12 1.43 48460.00
-310.04 -34.17 -319.85 0.26 -0.00 0.98 48491.00
-311.47 -27.51 -317.74 -0.10 0.08 0.66 48522.00
-313.26 -21.86 -315.52 -0.51 0.13 0.55 48552.00
-314.99 -18.24 -313.27 -1.06 0.07 0.55 48583.00
-315.46 -14.72 -309.76 -1.18 0.20 0.57 48615.00
-315.36 -10.24 -305.55 -1.25 0.54 0.20 48646.00
-314.60 -5.64 -301.30 -1.76 1.11 -0.57 48676.00
-315.48 -2.81 -299.75 -2.07 1.45 -1.11 48707.00
-315.78 -3.82 -302.35 -1.92 1.03 -0.72 48739.00
-313.08 -8.51 -305.79 -1.68 0.69 -0.37 48770.00
-311.17 -14.43 -308.30 -1.43 0.67 -0.20 48800.00
-311.97 -20.98 -311.27 -0.98 0.51 0.26 48831.00
-314.20 -27.67 -315.21 -0.59 0.17 0.61 48863.00
-313.19 -32.29 -318.45 -0.21 -0.04 0.68 48893.00
-309.61 -37.21 -320.99 0.17 0.04 0.89 48924.00
-304.75 -41.90 -323.20 0.66 0.17 1.01 48955.00
-301.03 -46.83 -323.93 1.00 0.36 1.29 48986.00
-300.20 -51.42 -323.95 1.21 0.48 1.61 49016.00
-302.47 -53.69 -324.13 1.02 0.28 1.72 49047.00
-306.28 -52.59 -323.92 0.67 0.09 1.44 49078.00
-309.74 -49.43 -323.12 0.22 -0.03 1.24 49108.00
-311.39 -45.65 -322.09 0.14 0.02 0.95 49139.00
-311.72 -41.74 -321.02 -0.04 0.15 0.90 49170.00
-312.23 -38.41 -320.06 -0.35 0.22 0.82 49201.00
-313.03 -36.64 -319.82 -0.38 0.15 0.93 49231.00
-312.78 -34.83 -319.31 -0.33 0.15 0.97 49262.00
-312.46 -33.77 -318.68 -0.15 0.24 1.13 49293.00
-313.25 -31.07 -317.84 -0.22 0.25 1.03 49324.00
-314.73 -27.32 -316.53 -0.44 0.23 0.83 49354.00
-316.85 -22.54 -314.61 -0.60 0.22 0.61 49385.00
-318.77 -17.79 -312.75 -0.83 0.19 0.44 49416.00
-318.65 -14.37 -310.61 -1.17 0.30 0.28 49447.00
-318.66 -11.21 -307.45 -1.42 0.67 -0.30 49478.00
-321.70 -7.26 -304.69 -1.65 0.93 -0.64 49509.00
-325.91 -5.85 -304.79 -1.48 0.78 -0.28 49541.00
-328.19 -9.04 -307.70 -1.01 0.26 0.51 49571.00
-325.86 -14.14 -309.97 -0.79 0.02 0.61 49602.00
-324.97 -18.18 -310.61 -0.64 0.14 0.60 49633.00
-326.79 -19.79 -311.70 -0.61 0.07 0.49 49664.00
-327.95 -21.03 -312.67 -0.63 0.02 0.31 49695.00
-328.46 -23.59 -313.62 -0.60 0.10 0.20 49726.00
-329.21 -28.46 -314.98 -0.56 0.12 0.20 49758.00
-329.69 -35.21 -316.05 -0.44 0.11 0.29 49788.00
-330.46 -42.80 -316.96 -0.31 0.13 0.34 49819.00
-331.67 -50.52 -318.02 -0.21 0.17 0.40 49850.00
-333.29 -59.52 -319.62 0.06 0.17 0.50 49881.00
-335.03 -67.27 -322.23 0.38 0.09 0.73 49911.00
-335.63 -75.03 -324.68 0.60 0.03 0.72 49942.00
-336.65 -82.65 -327.09 0.88 -0.05 0.89 49973.00
-336.81 -89.97 -330.12 1.28 -0.21 0.99 50003.00
-336.13 -96.52 -331.36 1.51 -0.15 1.18 50034.00
-335.78 -102.91 -332.36 1.65 -0.04 1.35 50066.00
-336.72 -108.52 -333.10 1.67 -0.01 1.47 50097.00
-338.25 -112.50 -333.49 1.56 -0.13 1.60 50127.00
-339.32 -115.00 -333.55 1.47 -0.25 1.57 50158.00
-339.10 -115.90 -333.00 1.22 -0.22 1.43 50189.00
-338.38 -116.10 -332.16 1.06 -0.05 1.32 50220.00
-338.09 -115.91 -331.36 0.97 0.09 1.29 50250.00
-338.56 -115.39 -330.72 0.92 0.16 1.28 50281.00
-339.62 -114.08 -330.35 0.85 0.18 1.25 50312.00
-340.72 -112.41 -330.34 0.70 0.16 1.21 50342.00
-340.83 -110.33 -330.62 0.48 0.21 1.16 50374.00
-340.58 -107.60 -331.49 0.21 0.35 0.98 50405.00
-340.43 -105.55 -333.85 0.01 0.40 0.81 50436.00
-339.91 -103.78 -337.12 0.02 0.31 0.47 50466.00
-340.27 -103.96 -340.92 0.21 0.19 0.39 50497.00
-340.48 -104.81 -345.48 0.76 0.05 0.44 50528.00
-338.58 -106.28 -350.16 1.41 -0.07 0.49 50560.00
-334.98 -108.48 -353.15 2.00 -0.02 0.69 50590.00
-332.49 -110.76 -355.07 1.90 0.05 1.05 50622.00
-334.44 -111.25 -355.53 1.42 -0.14 1.07 50653.00
-339.05 -109.28 -354.12 1.33 -0.26 0.87 50683.00
-343.16 -105.56 -351.22 1.54 -0.25 0.88 50715.00
-342.65 -101.76 -348.11 1.74 -0.26 0.68 50746.00
-338.76 -97.96 -344.12 1.52 -0.09 0.67 50778.00
-335.96 -93.66 -339.41 1.26 0.17 0.69 50808.00
-335.45 -88.80 -333.89 0.38 0.46 0.65 50839.00
-337.54 -85.69 -328.72 -0.26 0.69 0.71 50870.00
-339.42 -85.19 -325.21 -0.65 0.76 0.77 50900.00
-340.48 -86.72 -322.80 -0.78 0.85 1.04 50930.00
-340.71 -88.34 -321.46 -0.77 1.00 1.18 50961.00
-340.58 -89.43 -322.48 -0.70 1.04 0.97 50992.00
-340.59 -89.82 -325.63 -0.57 0.91 0.91 51022.00
-340.16 -90.25 -330.42 -0.39 0.73 0.66 51053.00
-340.39 -92.28 -336.41 -0.01 0.54 0.45 51084.00
-341.94 -95.07 -343.10 0.53 0.42 0.56 51115.00
-343.60 -98.24 -349.52 1.20 0.32 0.62 51146.00
-345.75 -103.21 -355.41 1.97 0.20 0.70 51177.00
-347.63 -107.48 -359.62 2.47 -0.04 0.94 51208.00
-349.53 -109.78 -362.48 1.82 -0.23 0.95 51239.00
-352.32 -110.90 -364.57 1.11 -0.50 1.01 51270.00
-353.11 -111.82 -364.63 0.94 -0.60 1.08 51301.00
-351.66 -110.66 -363.08 1.15 -0.34 0.89 51332.00
-349.49 -108.39 -361.19 1.04 -0.05 0.77 51362.00
-347.64 -106.31 -359.41 1.00 0.16 0.80 51394.00
-346.96 -105.10 -357.98 0.98 0.21 0.90 51425.00
-347.19 -104.33 -356.33 0.98 0.15 1.05 51456.00
-347.17 -103.09 -354.34 0.98 0.07 1.18 51486.00
-346.12 -101.69 -351.77 0.92 0.10 1.20 51517.00
-344.60 -99.69 -349.40 0.91 0.19 1.30 51548.00
-343.00 -97.55 -347.22 0.89 0.26 1.34 51578.00
-342.02 -95.09 -344.94 0.83 0.36 1.53 51609.00
-341.75 -91.96 -343.69 0.88 0.34 1.70 51640.00
-341.07 -87.21 -342.72 0.87 0.26 1.45 51671.00
-340.73 -80.73 -341.55 0.71 0.27 1.21 51701.00
-341.58 -73.17 -340.25 0.46 0.30 0.92 51732.00
-343.57 -65.36 -339.21 0.22 0.22 0.70 51763.00
-345.26 -57.91 -338.07 0.04 0.11 0.64 51793.00
-345.88 -50.76 -336.68 -0.08 0.08 0.61 51824.00
-346.33 -44.14 -335.35 -0.19 0.13 0.56 51855.00
-347.19 -37.70 -334.31 -0.25 0.08 0.50 51886.00
-347.95 -30.81 -332.94 -0.41 0.10 0.30 51916.00
-348.98 -25.69 -331.32 -0.59 0.12 0.35 51947.00
-349.40 -21.36 -329.88 -0.70 0.16 0.29 51979.00
-350.01 -18.35 -328.86 -0.71 0.17 0.28 52009.00
-350.28 -16.11 -328.07 -0.79 0.17 0.30 52040.00
-350.41 -14.72 -327.25 -0.84 0.21 0.30 52072.00
-350.60 -14.37 -326.72 -0.83 0.23 0.37 52103.00
-350.72 -14.75 -326.45 -0.83 0.22 0.49 52133.00
-350.48 -15.41 -326.24 -0.86 0.23 0.59 52165.00
-349.95 -15.67 -326.22 -0.91 0.25 0.63 52196.00
-348.83 -15.42 -326.44 -1.06 0.29 0.53 52227.00
-347.02 -14.96 -326.53 -1.21 0.42 0.29 52258.00
-345.42 -14.55 -326.70 -1.36 0.59 -0.01 52289.00
-344.92 -15.74 -327.73 -1.32 0.65 -0.07 52320.00
-344.80 -18.25 -329.63 -1.26 0.56 -0.18 52352.00
-344.22 -22.08 -331.86 -1.02 0.50 -0.00 52382.00
-342.98 -27.62 -334.75 -0.63 0.39 0.35 52413.00
-341.49 -33.23 -338.04 -0.17 0.24 0.79 52444.00
-339.23 -37.93 -340.67 0.20 0.21 0.93 52474.00
-337.92 -42.60 -342.19 0.63 0.26 1.26 52505.00
-337.48 -48.00 -343.79 0.94 0.14 1.87 52536.00
-337.43 -52.75 -344.82 1.30 -0.15 2.39 52567.00
-338.31 -52.44 -344.12 1.45 -0.16 2.11 52597.00
-340.85 -47.88 -343.77 0.89 -0.17 1.71 52628.00
-342.64 -41.90 -342.94 0.63 -0.17 1.22 52659.00
-343.55 -34.71 -341.30 0.29 -0.02 0.80 52689.00
-344.67 -27.19 -338.99 -0.29 0.13 0.45 52720.00
-346.21 -21.08 -336.45 -0.80 0.21 0.28 52752.00
-347.29 -17.18 -333.65 -0.96 0.25 0.24 52783.00
-347.27 -14.89 -330.45 -0.99 0.41 0.22 52813.00
-346.78 -12.74 -326.94 -1.31 0.74 -0.28 52845.00
-348.03 -11.25 -323.97 -1.65 1.04 -0.53 52876.00
-350.99 -10.50 -322.44 -1.86 1.12 -0.62 52907.00
-352.42 -11.65 -323.58 -1.89 0.93 -0.45 52937.00
-350.76 -14.92 -326.53 -1.63 0.72 -0.30 52969.00
-348.46 -19.62 -329.18 -1.41 0.76 -0.21 53000.00
-348.60 -24.63 -332.20 -1.00 0.69 0.06 53030.00
-350.08 -30.27 -336.38 -0.62 0.39 0.41 53061.00
-349.68 -36.44 -340.91 -0.32 0.13 0.68 53092.00
-346.58 -41.76 -344.31 -0.02 0.13 0.73 53124.00
-344.43 -46.27 -346.99 0.40 0.23 0.96 53154.00
-342.82 -51.19 -349.85 0.82 0.19 1.32 53185.00
-342.51 -57.66 -351.84 1.38 0.08 1.76 53216.00
-343.66 -61.35 -352.07 1.77 -0.15 2.08 53245.00
-345.73 -60.53 -350.31 0.98 -0.23 1.77 53277.00
-347.46 -57.56 -348.76 0.71 -0.18 1.64 53307.00
-347.89 -51.86 -346.68 0.77 -0.06 1.18 53339.00
-347.45 -45.78 -344.26 0.45 0.16 0.89 53369.00
-347.56 -39.35 -341.84 0.03 0.33 0.68 53400.00
-349.28 -33.43 -339.71 -0.49 0.34 0.51 53431.00
-350.80 -28.71 -336.79 -0.81 0.34 0.44 53462.00
-351.73 -24.43 -333.83 -0.84 0.50 0.30 53492.00
-352.59 -20.20 -331.29 -1.05 0.63 0.15 53523.00
-353.29 -17.06 -329.10 -1.30 0.72 0.02 53555.00
-355.28 -15.25 -326.96 -1.41 0.82 -0.06 53585.00
-358.70 -14.03 -325.56 -1.35 0.81 -0.06 53616.00
-361.08 -13.47 -326.41 -1.23 0.58 0.03 53647.00
-360.47 -15.35 -328.77 -0.98 0.36 0.26 53679.00
-359.17 -18.30 -331.01 -0.80 0.31 0.41 53709.00
-359.53 -21.14 -333.18 -0.69 0.25 0.45 53740.00
-360.38 -23.86 -335.32 -0.67 0.13 0.42 53772.00
-360.44 -27.02 -337.36 -0.60 0.10 0.40 53803.00
-360.25 -30.45 -339.35 -0.64 0.13 0.35 53833.00
-360.57 -34.92 -341.40 -0.51 0.12 0.32 53865.00
-361.80 -39.96 -343.33 -0.46 0.09 0.35 53896.00
-362.97 -45.92 -345.11 -0.37 0.05 0.40 53926.00
-364.15 -53.12 -347.06 -0.18 0.03 0.47 53957.00
-365.60 -60.10 -349.22 0.02 -0.01 0.60 53988.00
-366.78 -67.11 -351.56 0.20 -0.06 0.66 54019.00
-367.27 -73.99 -354.32 0.50 -0.13 0.90 54049.00
-367.43 -81.04 -356.65 0.89 -0.20 1.09 54080.00
-367.65 -87.50 -358.43 1.08 -0.28 1.25 54111.00
-367.81 -92.70 -359.64 1.13 -0.27 1.39 54141.00
-368.21 -97.17 -360.66 1.20 -0.32 1.42 54172.00
-368.57 -101.07 -360.96 1.08 -0.35 1.50 54203.00
-368.66 -104.29 -360.62 1.05 -0.33 1.57 54234.00
-368.51 -106.43 -359.86 0.85 -0.26 1.55 54264.00
-367.97 -107.95 -358.66 0.65 -0.10 1.49 54295.00
-367.05 -109.03 -357.46 0.52 0.12 1.48 54327.00
-366.17 -109.70 -356.84 0.44 0.35 1.40 54358.00
-365.81 -109.47 -357.32 0.32 0.49 1.31 54388.00
-365.68 -108.71 -358.68 0.03 0.55 1.13 54419.00
-365.96 -108.07 -361.16 -0.12 0.62 1.02 54450.00
-366.79 -107.80 -364.95 -0.06 0.48 0.78 54480.00
-368.01 -108.04 -369.73 0.22 0.33 0.55 54511.00
-369.82 -108.48 -375.21 0.76 0.21 0.43 54542.00
-370.30 -110.60 -381.39 1.61 0.01 0.71 54574.00
-367.84 -115.45 -385.73 2.64 -0.22 0.97 54604.00
-365.85 -119.00 -386.86 2.40 -0.24 1.41 54636.00
-366.69 -118.79 -385.83 1.94 -0.24 1.20 54667.00
-369.34 -114.17 -384.01 1.77 -0.27 0.82 54697.00
-370.40 -108.08 -381.32 1.63 -0.27 0.52 54729.00
-368.17 -103.43 -377.57 1.26 -0.15 0.40 54760.00
-365.52 -99.98 -372.82 0.94 0.02 0.50 54792.00
-365.64 -96.90 -367.67 0.43 0.14 0.59 54822.00
-366.91 -94.07 -362.10 -0.01 0.24 0.61 54853.00
-367.30 -93.31 -356.75 -0.33 0.46 0.64 54884.00
-366.93 -94.72 -352.28 -0.59 0.79 0.84 54914.00
-366.37 -97.56 -349.39 -0.57 1.15 1.03 54945.00
-366.85 -99.53 -349.35 -0.48 1.21 1.16 54976.00
-367.27 -100.28 -351.76 -0.42 1.19 1.05 55007.00
-367.27 -100.16 -356.35 -0.29 1.01 0.79 55037.00
-366.87 -100.84 -362.79 -0.07 0.81 0.50 55069.00
-368.18 -100.94 -370.49 0.50 0.53 0.50 55100.00
-369.04 -103.31 -378.26 1.18 0.28 0.61 55131.00
-367.44 -108.69 -383.29 2.06 0.24 0.55 55161.00
-365.85 -114.86 -387.00 2.23 0.40 0.96 55193.00
-366.75 -120.54 -390.68 2.01 0.26 1.36 55224.00
-371.33 -122.73 -394.19 1.51 -0.13 1.22 55256.00
-378.42 -121.67 -395.98 1.22 -0.72 1.15 55286.00
-381.73 -119.10 -393.93 0.99 -0.90 0.97 55316.00
-380.42 -116.10 -389.33 1.41 -0.64 0.83 55348.00
-377.05 -112.56 -385.14 1.33 -0.20 0.66 55378.00
-374.66 -108.93 -380.76 1.22 -0.02 0.62 55409.00
-374.37 -105.89 -376.17 1.00 0.04 0.77 55441.00
-374.88 -104.25 -371.71 0.88 -0.01 0.84 55472.00
-374.85 -103.32 -367.26 0.79 -0.05 0.98 55502.00
-373.67 -103.44 -362.36 0.74 0.04 1.14 55533.00
-372.82 -103.14 -357.89 0.82 0.09 1.18 55564.00
-372.59 -101.89 -353.20 0.83 0.07 1.29 55595.00
-371.03 -99.62 -348.50 0.67 0.16 1.07 55625.00
-369.02 -96.45 -343.42 0.36 0.44 0.86 55656.00
-367.19 -93.31 -339.23 0.04 0.67 0.70 55687.00
-366.50 -91.85 -335.69 -0.18 0.90 0.63 55717.00
-368.34 -91.93 -333.64 -0.07 0.73 0.83 55748.00
-370.52 -92.25 -332.40 0.05 0.46 1.03 55779.00
-371.05 -92.37 -331.88 0.18 0.32 1.05 55810.00
-370.40 -91.82 -332.10 0.25 0.23 1.06 55841.00
-369.83 -91.10 -332.69 0.23 0.17 1.02 55872.00
-369.84 -90.62 -333.49 0.24 0.09 1.04 55903.00
-370.21 -90.25 -334.32 0.26 -0.01 1.07 55933.00
-370.51 -89.64 -335.23 0.28 -0.12 1.11 55964.00
-370.24 -88.79 -336.04 0.27 -0.18 1.10 55995.00
-369.89 -87.97 -336.59 0.24 -0.15 1.09 56026.00
-370.35 -87.09 -337.08 0.22 -0.18 1.13 56056.00
-371.00 -85.87 -337.38 0.19 -0.28 1.17 56088.00
-371.17 -84.47 -337.18 0.14 -0.31 1.15 56119.00
-371.41 -82.72 -336.63 0.10 -0.26 1.14 56150.00
-371.84 -80.85 -335.87 0.06 -0.21 1.12 56180.00
-372.11 -78.77 -335.00 0.01 -0.16 1.05 56211.00
-372.33 -76.82 -334.01 -0.06 -0.11 1.00 56242.00
-372.82 -74.98 -332.97 -0.09 -0.09 0.99 56272.00
-373.24 -73.34 -331.92 -0.11 -0.12 1.01 56303.00
-372.97 -72.00 -330.82 -0.11 -0.09 0.99 56334.00
-372.76 -70.87 -329.81 -0.08 -0.04 0.97 56365.00
-372.88 -70.13 -328.94 -0.07 -0.04 0.98 56395.00
-373.12 -69.47 -328.07 -0.06 -0.04 0.98 56426.00
-373.21 -69.07 -327.25 -0.07 -0.06 0.98 56457.00
-373.58 -68.89 -326.42 -0.06 -0.06 0.98 56487.00
-374.26 -68.90 -325.42 -0.05 -0.12 1.01 56518.00
-375.17 -69.00 -324.13 -0.03 -0.19 1.02 56549.00
-376.24 -69.02 -322.15 -0.04 -0.21 1.01 56581.00
-377.47 -68.99 -319.81 -0.07 -0.19 0.99 56611.00
-379.28 -69.27 -317.48 -0.11 -0.14 0.92 56642.00
-381.21 -69.64 -315.23 -0.13 -0.15 0.84 56673.00
-383.05 -70.50 -313.08 -0.16 -0.11 0.81 56704.00
-384.36 -71.75 -311.04 -0.22 0.03 0.76 56734.00
-386.36 -73.80 -309.59 -0.18 0.12 0.70 56765.00
-388.67 -75.76 -308.74 -0.14 0.17 0.62 56796.00
-391.87 -78.30 -308.60 -0.11 0.15 0.75 56826.00
-393.49 -81.55 -309.79 0.00 -0.04 0.80 56857.00
-395.05 -85.77 -311.15 0.10 -0.07 0.83 56888.00
-400.20 -90.46 -312.74 0.34 -0.19 0.85 56919.00
-408.14 -94.41 -314.60 0.54 -0.58 0.84 56949.00
-415.77 -98.06 -317.16 0.84 -1.12 1.25 56980.00
-422.97 -96.73 -318.63 1.21 -1.67 2.83 57011.00
-426.07 -91.24 -317.93 0.18 -1.79 1.16 57041.00
-422.50 -88.84 -316.75 -0.49 -1.24 0.35 57072.00
-417.71 -92.99 -315.45 0.04 -0.51 0.43 57104.00
-416.17 -94.13 -315.28 0.53 -0.34 0.94 57135.00
-417.27 -93.70 -315.81 0.38 -0.42 0.99 57165.00
-418.48 -93.84 -316.03 0.26 -0.62 0.79 57196.00
-418.72 -94.10 -316.04 0.33 -0.71 0.79 57227.00
-419.13 -93.50 -316.13 0.31 -0.69 0.83 57257.00
-419.93 -92.78 -316.42 0.23 -0.76 0.88 57288.00
-420.60 -92.41 -316.76 0.16 -0.82 0.82 57319.00
-420.37 -92.39 -317.07 0.18 -0.80 0.84 57350.00
-420.08 -92.38 -317.42 0.24 -0.72 0.84 57380.00
-420.09 -92.07 -317.87 0.25 -0.68 0.82 57411.00
-420.26 -91.90 -318.39 0.23 -0.70 0.84 57442.00
-420.34 -91.66 -318.86 0.24 -0.71 0.84 57473.00
-420.50 -91.31 -319.21 0.20 -0.70 0.83 57503.00
-420.67 -91.11 -319.50 0.16 -0.73 0.85 57534.00
-420.47 -91.16 -319.69 0.17 -0.75 0.85 57565.00
-420.26 -91.12 -319.79 0.18 -0.71 0.84 57595.00
-420.30 -91.20 -319.86 0.18 -0.73 0.86 57626.00
-420.11 -91.49 -319.79 0.19 -0.74 0.86 57657.00
-419.91 -91.87 -319.70 0.25 -0.71 0.83 57688.00
-419.73 -92.01 -319.65 0.25 -0.69 0.85 57718.00
-419.52 -92.22 -319.63 0.24 -0.67 0.86 57749.00
-419.50 -92.28 -319.63 0.23 -0.66 0.86 57780.00
-419.46 -92.38 -319.59 0.22 -0.66 0.87 57810.00
-419.53 -92.44 -319.58 0.25 -0.66 0.87 57841.00
-419.59 -92.22 -319.58 0.24 -0.67 0.89 57872.00
-419.50 -92.22 -319.58 0.22 -0.65 0.91 57903.00
-419.33 -92.04 -319.68 0.24 -0.62 0.89 57933.00
-419.54 -91.91 -319.90 0.21 -0.61 0.89 57965.00
-419.71 -91.85 -320.15 0.19 -0.63 0.91 57996.00
-419.80 -91.78 -320.36 0.18 -0.62 0.88 58027.00
-420.02 -91.70 -320.60 0.18 -0.60 0.88 58057.00
-420.39 -91.66 -320.91 0.19 -0.63 0.90 58088.00
-420.75 -91.56 -321.25 0.20 -0.66 0.88 58119.00
-421.08 -91.47 -321.54 0.20 -0.66 0.87 58149.00
-421.34 -91.16 -321.75 0.20 -0.67 0.87 58180.00
-421.95 -91.35 -322.07 0.16 -0.69 0.86 58211.00
-422.26 -91.62 -322.34 0.18 -0.71 0.87 58242.00
-422.28 -91.36 -322.48 0.19 -0.69 0.89 58272.00
-422.88 -91.71 -322.62 0.18 -0.67 0.86 58303.00
-423.27 -91.65 -322.77 0.19 -0.68 0.86 58334.00
-423.94 -91.50 -322.98 0.19 -0.70 0.85 58364.00
-424.27 -91.82 -323.14 0.16 -0.74 0.88 58395.00
-423.99 -91.72 -323.30 0.18 -0.73 0.87 58426.00
-423.89 -91.39 -323.37 0.19 -0.67 0.89 58457.00
-424.31 -91.60 -323.49 0.18 -0.68 0.86 58487.00
-424.52 -91.70 -323.64 0.19 -0.69 0.87 58518.00
-424.71 -91.75 -323.79 0.19 -0.70 0.87 58549.00
-424.89 -91.82 -323.97 0.18 -0.69 0.86 58580.00
-425.04 -91.83 -324.16 0.19 -0.70 0.86 58611.00
-424.95 -91.80 -324.33 0.16 -0.70 0.87 58642.00
-425.06 -91.94 -324.47 0.15 -0.65 0.86 58673.00
-425.40 -92.28 -324.66 0.18 -0.67 0.85 58703.00
-425.85 -93.52 -324.92 0.21 -0.71 0.86 58734.00
-426.07 -93.26 -325.13 0.22 -0.70 0.87 58765.00
-426.06 -92.90 -325.37 0.22 -0.76 0.92 58796.00
-425.63 -92.48 -325.60 0.20 -0.82 0.84 58826.00
-424.12 -92.27 -325.81 0.19 -0.61 0.88 58857.00
-424.07 -92.33 -326.11 0.23 -0.60 0.80 58888.00
-423.75 -92.54 -326.86 0.20 -0.64 0.91 58918.00
-423.65 -93.18 -327.41 0.20 -0.69 0.95 58949.00
-423.02 -92.64 -328.24 0.19 -0.61 0.88 58980.00
-423.00 -92.90 -328.69 0.15 -0.56 0.88 59011.00
-423.27 -93.26 -328.83 0.19 -0.56 0.91 59041.00
-423.87 -93.85 -328.84 0.23 -0.64 0.95 59072.00
-423.44 -93.39 -329.25 0.25 -0.71 0.92 59103.00
-422.90 -93.42 -329.99 0.24 -0.55 1.06 59133.00
-423.04 -93.69 -330.48 0.19 -0.55 0.92 59164.00
-422.92 -94.22 -330.93 0.30 -0.65 0.80 59195.00
-421.94 -94.03 -331.71 0.22 -0.56 0.89 59226.00
-422.16 -94.31 -331.82 0.18 -0.53 0.94 59256.00
-422.85 -94.14 -331.57 0.20 -0.53 0.93 59288.00
-424.22 -94.56 -330.66 0.13 -0.52 0.94 59319.00
-424.93 -95.13 -329.81 0.29 -0.62 0.97 59350.00
-427.08 -94.71 -329.88 0.39 -0.72 0.95 59380.00
-427.61 -94.36 -329.91 0.15 -0.77 0.89 59410.00
-427.39 -94.51 -330.02 0.24 -0.65 0.88 59442.00
-427.52 -93.89 -330.10 0.22 -0.63 0.89 59472.00
-428.80 -93.51 -330.25 0.20 -0.62 0.88 59503.00
-429.74 -93.55 -330.40 0.14 -0.61 0.93 59534.00
-430.38 -93.39 -330.81 0.13 -0.65 0.95 59565.00
-431.89 -94.95 -331.24 0.24 -0.73 0.83 59595.00
-432.27 -94.38 -331.48 0.24 -0.72 0.85 59626.00
-432.53 -93.94 -331.69 0.19 -0.71 0.85 59657.00
-432.81 -94.48 -331.68 0.14 -0.78 0.91 59687.00
-431.71 -95.05 -331.71 0.26 -0.65 0.85 59718.00
-430.66 -95.34 -331.71 0.22 -0.66 0.91 59749.00
-430.77 -95.14 -331.86 0.22 -0.67 0.87 59780.00
-430.86 -94.79 -332.09 0.19 -0.68 0.86 59810.00
-431.21 -95.09 -332.43 0.18 -0.67 0.86 59841.00
-431.49 -95.30 -332.60 0.22 -0.69 0.89 59872.00
-431.64 -94.95 -332.76 0.22 -0.67 0.85 59902.00
-431.88 -94.97 -332.97 0.18 -0.69 0.90 59933.00
-431.88 -95.46 -333.20 0.20 -0.69 0.87 59964.00
-431.84 -95.51 -333.49 0.22 -0.67 0.87 59995.00
-431.61 -95.58 -333.91 0.23 -0.68 0.87 60025.00
-431.61 -95.60 -334.40 0.21 -0.66 0.90 60056.00
-431.75 -95.62 -335.14 0.25 -0.65 0.87 60087.00
-432.06 -95.74 -335.77 0.19 -0.66 0.85 60118.00
-432.43 -95.94 -335.97 0.20 -0.64 0.89 60148.00
-432.85 -95.92 -335.99 0.22 -0.67 0.86 60179.00
-432.14 -96.41 -335.77 0.20 -0.66 0.86 60210.00
-432.21 -96.27 -335.37 0.28 -0.63 0.88 60240.00
-432.43 -96.25 -335.45 0.22 -0.71 0.90 60271.00
-432.56 -96.34 -335.54 0.20 -0.65 0.87 60302.00
-432.65 -96.41 -335.67 0.24 -0.65 0.86 60333.00
-432.54 -95.18 -335.45 0.23 -0.61 0.87 60363.00
-433.12 -94.58 -334.94 0.14 -0.60 0.89 60394.00
-433.83 -94.25 -334.23 0.13 -0.63 0.87 60425.00
-435.28 -93.61 -333.20 0.17 -0.56 0.82 60455.00
-436.71 -93.15 -332.58 0.13 -0.69 0.85 60486.00

