233.41 247.39 48.88 1.05 -0.03 -0.11 
7.17 3.51 49.74 1.04 -0.02 -0.14 
6.63 5.30 50.99 1.03 0.02 -0.15 
2.51 2.86 52.55 1.05 0.02 -0.17 
1.39 3.03 56.98 1.02 -0.04 -0.19 
1.47 3.01 62.39 1.06 -0.03 -0.23 
24.72 21.20 69.87 1.01 0.00 -0.21 
7.11 7.74 80.09 1.05 -0.22 -0.16 
7.69 75.91 -52.46 0.58 -0.97 0.55 
46.84 48.02 -87.41 -0.06 -0.44 0.64 
121.90 20.03 -97.83 0.20 0.31 0.33 
-110.06 113.80 -73.59 0.12 0.47 0.58 
-185.71 -31.91 -100.33 0.00 -0.59 0.95 
182.33 107.16 -97.40 0.04 -0.70 0.93 
20.60 25.32 -70.53 0.06 -0.08 0.27 
-31.40 -1.54 -63.27 0.36 0.13 0.62 
-19.38 6.70 -74.50 0.56 -0.67 1.22 
13.44 15.11 -67.84 -0.16 -0.74 0.52 
23.64 -1.76 -45.41 0.17 -0.87 0.91 
40.43 13.32 -32.22 0.61 -0.18 1.01 
15.03 -8.19 -44.54 0.12 0.23 0.23 
6.19 7.77 34.43 0.59 -0.89 0.74 
12.24 12.33 28.84 0.34 -0.53 0.58 
5.84 12.00 0.83 0.27 -0.88 1.03 
38.90 18.41 2.32 -0.05 -0.56 1.05 
-31.40 66.43 -53.16 -0.01 -1.13 0.88 
2.04 5.83 -46.97 0.00 -0.86 0.57 
14.62 -0.93 -26.25 0.30 -0.98 0.89 
44.91 17.33 -24.46 0.62 -0.18 0.93 
35.29 11.84 -38.13 0.25 -0.05 0.47 
4.19 -8.09 -55.23 0.02 0.12 0.44 
-42.19 -7.72 -49.36 -0.05 -0.55 0.89 
-4.68 7.90 -25.39 0.30 -0.88 1.20 
11.84 4.45 -13.68 0.52 -0.59 0.50 
-9.82 17.37 -33.52 0.45 -0.68 0.56 
20.87 11.83 -56.21 0.41 -1.16 1.18 
37.78 19.73 -53.84 -0.05 -0.47 0.62 
15.46 19.93 -33.70 0.21 0.03 0.47 
-17.45 13.01 -22.72 0.24 0.20 0.33 
-22.81 -9.57 -27.32 0.66 -0.26 1.09 
-3.27 17.01 -37.01 -0.14 -1.00 0.94 
11.15 8.99 -21.00 0.03 -0.82 0.56 
42.24 8.09 -2.38 0.64 -0.98 0.92 
38.57 11.40 -10.60 0.58 -0.14 0.86 
4.65 -9.84 -18.47 0.15 0.26 0.31 
-12.64 -2.19 -29.59 -0.08 0.06 0.55 
-30.16 -2.89 -25.01 0.06 -0.94 1.01 
-8.82 1.25 -12.21 0.41 -1.07 0.86 
6.99 7.32 -4.72 0.43 -0.49 0.69 
-1.57 8.96 -10.11 0.44 -0.58 0.61 
-7.25 6.23 -38.42 0.45 -1.28 0.77 
35.30 12.75 -45.43 0.00 -0.64 0.79 
39.37 28.38 -27.53 0.20 -0.31 0.45 
-28.39 8.03 -10.58 0.22 0.01 0.34 
-11.65 0.67 -5.04 0.44 -0.42 0.85 
-19.24 12.07 -21.46 0.44 -1.00 1.00 
7.74 11.73 -26.40 -0.17 -0.87 0.45 
7.92 2.53 -16.29 -0.06 -0.93 0.39 
29.47 1.17 -3.38 0.54 -1.04 1.02 
28.64 11.92 -5.94 0.53 -0.19 0.72 
34.64 7.83 -18.89 0.18 0.22 0.34 
-8.75 -11.35 -35.16 -0.14 0.14 0.45 
-23.86 -5.59 -30.50 0.11 -0.45 0.98 
-0.43 8.03 -5.71 0.45 -0.71 0.85 
1.97 1.72 2.01 0.30 -0.47 0.59 
9.38 12.72 0.50 0.60 -0.63 0.72 
16.97 10.24 -20.24 0.25 -0.76 1.04 
29.46 12.59 -25.59 0.05 -0.46 1.05 
0.87 25.22 -0.02 0.03 0.00 0.44 
-38.12 10.87 17.91 0.13 0.17 0.38 
-19.62 -5.07 21.30 0.63 -0.32 0.99 
-18.17 9.94 9.93 0.24 -1.03 1.08 
-6.83 3.65 6.52 -0.02 -0.75 0.55 
5.12 3.30 17.25 0.10 -0.99 0.65 
50.25 28.98 18.89 0.76 -0.15 0.85 
23.16 10.16 5.32 0.37 -0.18 0.54 
17.96 11.77 -8.19 0.03 -0.10 0.35 
77.22 89.69 -76.65 -0.03 -0.67 0.63 
130.71 51.16 -110.27 0.37 0.00 0.65 
-5.75 -7.86 -129.97 0.26 -0.07 0.19 
-11.89 -5.40 -137.23 -0.16 -0.15 0.71 
-5.12 7.03 -113.66 0.29 -0.49 1.16 
7.81 5.21 -94.11 0.73 -0.72 0.78 
4.80 5.76 -93.83 0.42 -0.28 0.66 
-5.35 5.11 -108.48 0.52 -0.54 0.54 
12.72 13.62 -127.56 0.37 -1.18 1.18 
29.16 20.69 -125.74 0.05 -0.53 0.68 
-6.47 23.88 -91.03 0.13 0.13 0.31 
-14.03 -3.27 -82.55 0.58 -0.15 0.58 
-11.35 -7.18 -92.09 0.76 -0.36 1.11 
-9.90 15.49 -106.68 0.02 -0.99 0.91 
-1.53 5.03 -105.30 -0.03 -0.59 0.62 
1.69 -4.51 -84.66 0.25 -0.90 0.92 
33.51 11.14 -78.82 0.42 0.00 0.66 
27.98 6.42 -98.81 0.22 0.19 0.39 
-10.23 3.69 -119.69 -0.18 -0.28 0.42 
-18.76 -7.35 -113.15 -0.04 -0.52 1.12 
-6.05 -1.50 -91.20 0.43 -0.57 0.94 
17.29 5.47 -74.62 0.44 -0.55 0.65 
5.51 4.38 -78.87 0.46 -0.31 0.65 
-2.96 16.07 -107.03 0.52 -1.03 0.74 
27.17 22.39 -116.18 0.22 -0.95 1.09 
24.72 19.13 -91.38 0.08 -0.28 0.42 
-5.97 21.76 -63.97 0.26 0.31 0.37 
-14.73 -4.49 -66.22 0.74 -0.10 1.03 
-17.22 1.69 -81.46 0.48 -0.86 0.99 
9.09 12.57 -83.94 0.00 -0.68 0.55 
0.96 -7.27 -63.74 0.24 -0.97 0.68 
30.14 1.82 -55.97 0.71 -0.79 0.98 
41.73 16.94 -75.88 0.56 -0.17 0.66 
5.74 0.18 -95.45 0.10 0.16 0.20 
-24.87 -16.61 -103.78 -0.28 -0.03 0.58 
24.89 18.60 -84.47 0.47 -0.40 0.60 
-1.80 12.82 -93.00 0.52 -0.65 0.57 
17.36 15.46 -117.62 0.39 -1.26 1.21 
39.30 23.42 -109.91 0.00 -0.30 0.75 
10.24 18.10 -88.24 0.13 -0.10 0.21 
-20.49 -2.23 -75.57 0.50 0.00 0.72 
-5.54 5.93 -78.84 0.79 -0.14 1.33 
-0.39 13.65 -92.63 -0.13 -1.13 0.85 
1.52 4.18 -89.83 -0.08 -0.66 0.53 
3.82 -7.45 -72.23 0.27 -0.89 0.78 
45.95 19.81 -66.77 0.76 -0.26 0.73 
27.87 7.93 -82.15 0.31 0.10 0.55 
5.06 -1.76 -99.15 0.19 0.23 0.56 
-23.58 -3.99 -104.22 -0.16 -0.34 0.52 
-1.65 5.50 -85.25 0.02 -0.65 1.23 
8.93 6.34 -69.18 0.59 -0.67 0.72 
-3.14 17.59 -115.13 0.44 -1.02 0.81 
31.89 17.46 -122.78 0.07 -0.65 0.96 
35.86 23.01 -106.46 0.01 -0.25 0.49 
-11.18 9.64 -81.82 0.37 0.00 0.15 
-27.80 -6.39 -74.37 0.63 -0.10 0.86 
-13.02 9.14 -83.66 0.43 -0.63 1.13 
3.78 11.67 -88.20 -0.04 -0.58 0.71 
3.77 4.10 -73.43 0.08 -0.84 0.80 
54.27 22.53 -65.55 0.86 -0.31 0.92 
24.05 5.29 -78.87 0.45 0.17 0.44 
-3.10 -11.17 -98.41 0.10 0.10 0.55 
-24.25 5.66 -88.28 0.08 -0.46 1.04 
-11.83 4.71 -67.46 0.19 -0.68 1.17 
-0.23 2.73 -54.13 0.52 -0.65 0.61 
4.39 4.50 -56.70 0.41 -0.37 0.63 
-4.88 16.33 -74.65 0.59 -1.03 0.63 
45.36 24.09 -85.57 0.17 -1.09 0.99 
23.42 15.90 -65.37 0.03 -0.27 0.30 
-5.05 19.97 -42.00 0.37 0.22 0.32 
-16.07 0.48 -37.09 0.50 -0.07 0.67 
148.60 78.20 -38.71 0.49 0.02 0.84 
5.45 0.69 -55.93 0.28 0.04 0.13 
-1.80 -1.51 -77.89 -0.09 -0.26 0.59 
-25.99 -3.78 -78.95 0.01 -0.58 1.07 
87.37 56.42 -162.75 0.16 -1.12 1.23 
34.48 19.52 -148.82 0.03 -0.16 0.68 
13.63 19.03 -119.65 0.32 0.00 0.32 
-14.68 5.96 -110.67 0.40 0.19 0.72 
-31.27 -9.01 -129.03 0.48 -0.53 1.12 
5.72 14.03 -132.83 -0.07 -0.76 0.62 
5.54 6.99 -125.48 0.09 -0.71 0.62 
42.10 10.25 -103.59 0.56 -0.77 1.11 
39.11 12.90 -105.13 0.59 -0.09 0.76 
38.46 4.92 -120.81 0.12 0.24 0.40 
-0.73 -9.62 -129.60 -0.13 0.15 0.35 
-28.30 -4.01 -126.58 0.00 -0.17 1.07 
-20.83 2.27 -107.98 0.00 -0.34 1.13 
10.47 8.14 -91.47 0.59 -0.65 0.71 
2.62 7.77 -95.23 0.40 -0.51 0.72 
-3.36 10.23 -113.17 0.49 -0.82 0.93 
21.64 12.61 -126.11 0.13 -0.90 1.15 
32.21 28.94 -111.65 -0.04 -0.26 0.45 
-8.99 23.61 -82.16 0.24 0.22 0.35 
-9.20 -1.09 -73.59 0.39 -0.11 1.02 
-32.18 1.95 -84.40 0.46 -0.36 0.85 
2.94 12.13 -89.52 0.05 -1.00 0.73 
3.63 7.01 -80.93 0.00 -0.83 0.55 
36.17 1.94 -65.81 0.50 -0.79 1.16 
28.17 16.18 -70.42 0.74 -0.34 0.69 
21.17 7.87 -89.86 0.33 -0.03 0.32 
-8.97 -7.54 -99.80 -0.25 0.16 0.32 
-43.48 -38.18 -39.15 0.62 -0.14 1.09 
-42.11 -5.16 -33.95 0.41 0.05 0.34 
31.82 4.56 12.78 0.46 -0.49 0.80 
-0.63 -1.16 13.61 0.54 -0.51 0.77 
0.60 9.51 -0.03 0.45 -0.55 0.80 
47.54 12.51 -14.74 0.21 -0.71 1.02 
12.34 7.78 -15.78 0.16 -0.22 0.79 
61.91 45.10 -266.49 -0.09 -0.03 0.28 
3.74 4.58 -217.44 0.37 -0.86 0.75 
7.48 3.07 -212.09 0.38 -0.45 0.64 
0.66 11.05 -215.03 0.64 -0.70 0.68 
6.31 11.37 -234.62 -0.09 -1.02 0.94 
27.46 18.03 -235.19 0.03 -1.04 0.54 
38.94 3.21 -219.24 0.37 -0.11 0.56 
3.01 16.35 -198.30 0.22 0.35 0.25 
-11.00 1.68 -192.08 0.66 -0.63 0.99 
-13.33 9.85 -206.76 0.55 -0.57 0.87 
1.89 9.64 -211.13 0.00 -0.83 0.77 
3.69 6.60 -205.34 0.12 -0.78 0.55 
5.93 31.51 -121.38 0.40 -0.53 0.70 
0.44 7.30 -124.51 0.30 -0.46 0.67 
-16.59 101.11 -239.93 0.12 -1.26 0.80 
9.10 -2.99 -61.36 1.15 0.29 -0.14 
14.69 7.70 -48.03 0.97 0.28 0.05 
299.39 17.14 211.52 1.20 -0.80 -0.77 
50.28 -11.60 242.16 0.84 -0.79 0.26 
36.71 4.09 231.62 0.69 0.02 0.49 
16.23 -0.87 214.97 0.16 -0.08 -0.01 
-10.96 -9.17 215.28 -0.40 -0.50 0.78 
5.55 14.36 231.96 0.55 -0.71 1.14 
5.87 8.38 232.97 0.44 -0.37 0.73 
6.58 5.34 217.98 0.86 -0.98 0.79 
56.63 20.30 207.31 0.24 -0.56 1.11 
22.39 21.23 224.26 0.04 -0.06 0.43 
-20.09 13.33 236.05 0.49 0.24 0.67 
-10.63 -1.76 230.70 0.52 -0.21 1.09 
-5.15 10.27 226.08 -0.10 -1.03 1.01 
0.29 5.94 234.43 0.00 -0.74 0.70 
16.48 -4.52 245.34 0.43 -0.79 1.04 
33.99 20.71 245.01 0.55 0.05 0.86 
27.56 13.02 237.94 0.23 0.03 0.25 
-7.74 -2.10 227.93 -0.13 -0.39 0.39 
-19.12 0.11 233.16 -0.10 -0.50 1.01 
-0.27 3.69 247.17 0.32 -0.92 1.11 
3.66 7.02 256.14 0.54 -0.47 0.66 
-1.00 2.30 250.92 0.47 -0.46 0.69 
-2.01 7.96 233.26 0.58 -0.74 1.07 
29.79 17.06 224.83 0.11 -0.99 1.06 
28.50 21.90 239.20 0.13 -0.23 0.50 
-7.33 18.67 263.60 0.28 0.14 0.25 
-8.33 -1.26 268.14 0.51 -0.09 0.98 
-12.54 -5.55 256.42 0.63 -0.28 1.04 
6.24 13.37 254.38 -0.12 -0.56 0.70 
2.48 2.07 267.82 0.04 -0.86 0.86 
25.54 4.39 278.95 0.90 -0.65 1.35 
19.73 8.63 271.53 0.45 -0.02 0.50 
1.07 -0.95 257.81 0.24 0.03 0.24 
-7.87 -6.85 249.38 -0.20 -0.44 0.69 
-12.25 8.49 256.52 0.00 -0.85 1.12 
6.71 9.39 277.21 0.54 -0.67 0.83 
6.49 4.24 285.35 0.35 -0.31 0.69 
-4.52 5.13 278.17 0.57 -0.45 0.68 
8.61 5.90 258.08 0.20 -1.17 1.36 
24.34 12.35 252.28 -0.18 -0.52 0.65 
9.81 16.99 263.98 0.14 -0.10 0.48 
-3.91 16.40 282.81 0.30 0.25 0.31 
-11.98 -2.26 284.41 0.52 -0.15 0.93 
-22.77 0.16 268.41 0.51 -0.96 0.92 
-9.97 8.58 266.92 0.00 -0.94 0.62 
7.38 6.08 281.31 0.15 -0.91 0.64 
19.95 0.23 302.35 0.26 -0.78 0.92 
18.53 11.44 302.43 0.65 -0.18 1.00 
17.50 9.15 285.09 0.35 -0.01 0.32 
-12.27 -1.43 268.03 -0.09 -0.41 0.41 
-26.12 0.01 265.73 0.12 -0.69 0.82 
-3.56 5.83 279.43 0.14 -0.72 1.01 
7.82 2.99 295.62 0.55 -0.74 0.74 
6.67 3.47 296.44 0.44 -0.36 0.63 
-1.65 10.16 279.61 0.55 -0.83 0.67 
10.91 14.97 266.93 0.10 -0.97 1.08 
33.34 14.02 270.09 -0.07 -0.63 0.52 
16.78 17.99 292.53 0.09 0.05 0.45 
-14.02 6.73 307.46 0.50 -0.21 0.63 
-15.68 2.44 289.19 0.48 -0.37 1.10 
3.59 13.89 280.14 -0.10 -0.94 0.88 
5.66 9.64 285.93 0.09 -0.61 0.57 
-1.91 -1.68 302.52 0.04 -0.83 0.75 
32.68 13.04 309.99 0.81 -0.81 1.38 
15.51 10.42 304.87 0.47 -0.11 0.44 
-0.25 -12.92 283.39 -0.06 0.13 0.35 
-18.06 -9.58 281.52 0.14 -0.40 0.89 
5.81 18.04 297.58 0.26 -0.51 1.31 
-2.77 6.10 316.82 0.54 -0.62 0.75 
1.79 5.98 320.34 0.37 -0.33 0.71 
-7.42 5.82 297.06 0.70 -0.59 0.79 
20.73 3.69 278.73 0.18 -1.09 1.06 
27.96 32.33 291.52 0.16 -0.54 0.53 
4.10 19.72 322.96 0.05 0.11 0.43 
-28.46 6.03 324.88 0.28 0.10 0.46 
-10.15 -7.59 318.91 0.59 -0.01 1.14 
-9.14 9.46 306.07 0.26 -0.92 1.00 
3.98 10.68 310.30 0.00 -0.66 0.54 
8.70 0.69 -327.16 0.23 -0.84 0.90 
35.20 2.49 -321.84 0.65 -0.69 0.94 
12.95 3.98 -327.34 0.41 0.12 0.43 
18.23 -1.14 308.61 0.23 0.04 0.62 
-36.68 0.39 298.41 -0.05 -0.32 0.64 
-19.91 2.96 308.32 0.05 -0.65 0.95 
-6.65 -1.36 -327.68 0.37 -0.90 1.05 
10.87 5.57 -317.33 0.44 -0.52 0.63 
0.53 5.68 -323.80 0.45 -0.39 0.66 
0.06 7.04 312.74 0.38 -0.61 0.94 
19.47 4.16 296.67 0.10 -0.67 1.04 
26.35 25.49 307.44 0.08 -0.27 0.75 
16.04 16.08 -326.95 0.26 0.02 0.33 
-27.77 5.73 -311.97 0.25 -0.12 0.64 
-19.04 -0.12 -315.16 0.34 -0.33 1.02 
-13.85 8.90 324.40 0.32 -0.59 0.83 
12.00 12.31 319.13 -0.05 -0.71 0.72 
8.55 8.07 -326.96 -0.01 -0.73 0.65 
11.22 0.13 -307.55 0.32 -0.74 0.99 
20.00 9.34 -302.12 0.59 -0.21 0.95 
27.89 9.11 -312.82 0.36 0.21 0.55 
-5.74 -2.66 326.37 0.27 -0.28 0.39 
-8.70 -1.55 320.04 -0.03 0.06 0.82 
-9.67 4.36 -327.06 0.17 -0.88 0.99 
5.79 7.18 -312.80 0.32 -0.61 1.01 
6.06 5.27 -304.18 0.56 -0.47 0.69 
-2.42 6.83 -312.61 0.48 -0.58 0.71 
8.21 11.60 326.31 0.50 -0.86 1.02 
29.81 15.88 322.51 -0.08 -0.68 0.97 
20.60 18.37 -316.43 0.16 -0.15 0.76 
0.83 20.75 -296.96 0.34 0.48 0.31 
-21.38 0.22 -293.20 0.27 -0.23 0.76 
0.27 0.86 -294.34 -0.03 -0.26 1.30 
-8.31 1.97 -308.79 0.51 -0.68 0.89 
9.94 11.29 -306.29 -0.19 -0.69 0.66 
17.30 -1.43 -293.70 0.45 -0.90 1.01 
24.30 9.67 -287.94 0.49 -0.47 1.11 
32.91 14.90 -292.61 0.37 0.10 0.75 
-4.40 -4.57 -303.80 0.15 -0.01 0.27 
-2.86 -12.16 -312.99 -0.02 0.03 0.62 
-6.94 7.64 -308.89 0.18 -0.43 1.06 
-10.09 8.92 -290.73 0.13 -0.50 1.07 
8.65 4.17 -281.47 0.62 -0.52 0.67 
-2.16 8.09 -291.39 0.50 -0.52 0.61 
0.10 9.01 -307.66 0.37 -1.13 0.90 
32.17 15.84 -314.10 0.14 -0.68 0.70 
13.69 17.39 -298.95 0.41 -0.50 0.49 
121.77 91.53 -206.78 0.75 -0.42 0.92 
3.27 -6.66 -228.11 -0.03 -0.03 0.62 
-17.85 5.28 -224.59 0.15 -0.32 1.02 
-5.56 3.58 -216.37 0.13 -0.79 1.08 
6.54 9.01 -205.26 0.36 -0.48 0.74 
3.67 4.75 -210.33 0.62 -0.44 0.84 
16.76 6.02 -227.78 0.34 -0.76 1.16 
24.50 17.83 -231.66 0.06 -0.57 0.75 
13.28 18.99 -213.33 0.17 -0.10 0.46 
-17.07 16.99 -193.90 0.31 0.20 0.38 
-18.18 -8.47 -201.78 0.40 -0.24 1.17 
-2.84 1.23 -215.38 0.36 -0.79 0.85 
2.92 10.15 -219.92 -0.03 -0.69 0.71 
8.25 8.85 -209.75 0.00 -0.65 0.72 
17.79 -0.91 -188.65 0.41 -1.00 1.11 
26.92 14.41 -179.65 0.64 -0.29 0.74 
41.66 17.78 -184.82 0.05 0.52 0.33 
22.02 0.35 -195.09 -0.04 0.03 0.51 
-26.89 -16.93 -204.45 0.04 -0.32 0.72 
-15.07 -1.45 -193.79 0.20 -0.72 1.21 
0.75 9.46 -174.90 0.44 -0.59 0.84 
8.34 6.54 -164.28 0.37 -0.37 0.64 
7.51 10.73 -176.86 0.55 -0.42 0.64 
-10.20 1.39 -196.23 0.38 -1.03 0.95 
30.61 14.20 -203.81 -0.12 -0.56 0.88 
22.22 15.86 -196.58 0.18 -0.06 0.67 
4.42 11.92 -174.48 0.21 -0.11 0.21 
-13.05 1.28 -163.29 0.59 0.03 0.82 
-20.44 -2.85 -172.03 0.62 -0.42 1.08 
-0.63 7.29 -185.49 0.17 -0.94 0.84 
4.83 9.96 -188.75 0.07 -0.50 0.64 
3.29 6.54 -176.87 0.11 -0.71 0.77 
15.30 0.87 -162.23 0.55 -0.76 1.03 
8.02 8.98 -158.07 0.57 -0.07 0.83 
24.02 9.06 -175.79 0.29 -0.22 0.37 
-2.77 -2.11 -188.30 0.15 -0.09 0.58 
-17.51 2.76 -188.63 -0.11 -0.19 0.76 
-4.42 5.49 -175.88 0.05 -0.73 1.15 
8.10 3.73 -158.91 0.56 -0.52 0.73 
3.44 2.51 -161.52 0.47 -0.31 0.60 
-9.22 8.76 -178.89 0.62 -0.86 0.79 
8.30 17.64 -191.61 0.35 -1.17 0.91 
34.79 13.10 -176.89 0.03 -0.53 0.50 
23.26 18.96 -156.99 0.31 0.06 0.27 
-13.43 -3.76 -148.17 0.48 -0.01 0.59 
-16.06 -2.54 -153.20 0.63 -0.56 1.25 
-5.51 10.34 -167.38 0.07 -1.23 0.83 
4.55 7.40 -161.17 -0.05 -0.77 0.55 
11.20 -10.81 -143.85 0.30 -0.79 1.05 
24.43 15.56 -140.56 0.75 -0.17 0.62 
40.61 25.42 -147.53 0.55 -0.37 0.73 
3.49 8.80 -160.50 0.53 -0.74 0.72 
14.65 12.43 -165.02 0.07 -1.02 1.01 
-61.71 3.44 -159.21 0.36 -0.48 0.80 
-9.74 7.42 -169.76 0.34 -0.57 1.00 
3.93 11.35 -187.12 0.18 -0.90 0.82 
4.69 7.56 -185.47 -0.03 -0.62 0.53 
10.97 1.04 -168.67 0.20 -0.85 0.75 
33.57 11.90 -150.76 0.68 -0.56 1.00 
24.37 9.83 -148.92 0.45 0.04 0.70 
-1.81 -6.05 -173.16 0.21 -0.14 0.41 
-2.63 -4.08 -180.14 0.08 -0.28 0.88 
-2.24 13.66 -175.30 0.36 -0.29 1.08 
-3.66 8.59 -160.27 0.07 -0.80 0.82 
-0.56 4.23 -149.18 0.64 -0.42 0.71 
5.29 5.88 -167.17 0.58 -0.61 0.83 
22.93 14.54 -177.27 -0.02 -1.25 1.22 
27.42 14.04 -169.57 -0.06 -0.02 0.46 
36.86 49.48 -154.17 0.34 -0.56 0.61 
30.46 1.13 -138.72 0.11 -0.97 1.12 
28.30 14.66 -124.42 0.68 -0.28 0.82 
9.63 2.28 -130.71 0.43 0.23 0.46 
-8.20 -2.00 -149.03 -0.02 -0.04 0.48 
-33.80 3.74 -146.62 -0.17 -0.29 1.04 
1.44 22.09 -185.08 0.61 -0.60 0.59 
4.65 9.24 -196.70 0.23 -1.07 1.41 
49.94 20.39 -192.29 0.00 -0.70 0.55 
24.74 19.48 -172.52 0.31 -0.16 0.35 
-10.51 8.71 -155.18 0.39 0.28 0.42 
-26.06 6.39 -162.34 0.53 -0.18 1.04 
-10.51 21.03 -175.63 0.34 -0.98 0.95 
9.62 1.86 -166.84 0.00 -0.72 0.69 
18.68 3.80 -152.25 0.27 -0.97 1.04 
23.58 18.62 -147.00 0.56 0.02 0.61 
16.82 -0.68 -161.33 0.13 -0.05 0.36 
-12.38 -1.64 -171.05 -0.05 -0.36 0.35 
-4.07 9.81 -165.61 0.21 -0.70 1.15 
1.23 7.37 -151.51 0.50 -0.76 0.87 
7.44 6.49 -144.80 0.36 -0.29 0.66 
-3.61 5.94 -153.44 0.59 -0.51 0.78 
4.04 11.56 -165.25 0.11 -1.04 0.95 
51.77 18.46 -157.81 -0.03 -0.50 0.51 
14.90 17.39 -136.57 0.41 0.00 0.32 
10.86 21.02 -123.93 0.39 0.15 1.07 
-12.15 4.00 -135.57 0.49 -0.37 0.91 
-11.19 4.40 -145.26 0.19 -0.96 0.78 
2.91 10.33 -148.33 0.15 -0.68 0.71 
5.90 7.91 -136.07 0.15 -0.78 0.70 
20.77 2.19 -122.15 0.19 -0.78 0.93 
20.81 10.04 -120.63 0.52 -0.05 0.94 
-1.47 4.51 -140.77 0.16 0.03 0.43 
-1.94 -2.27 -150.05 -0.04 -0.18 0.52 
-9.20 59.40 -22.11 0.30 -0.03 0.34 
-11.09 -1.01 -13.27 0.53 0.07 0.64 
-3.31 -1.16 -24.49 0.61 -0.40 1.19 
-1.01 9.78 -36.59 0.14 -0.99 0.83 
12.12 9.92 -27.70 0.15 -0.84 0.68 
17.16 7.91 -8.18 0.35 -0.58 0.97 
19.61 15.04 -0.81 0.50 -0.29 0.96 
20.47 2.39 -16.89 0.18 0.08 0.46 
-26.66 -0.18 -36.21 0.08 -0.35 0.25 
-9.19 0.88 -34.18 0.00 -1.03 0.84 
26.72 4.95 -25.33 0.32 -0.85 0.97 
14.13 4.19 -17.70 0.36 -0.32 0.61 
0.14 7.03 -33.66 0.57 -0.67 0.74 
22.37 11.59 -46.17 0.20 -0.96 1.32 
23.23 29.67 -29.47 0.00 -0.30 0.40 
6.16 11.29 -10.86 0.20 0.11 0.50 
-15.97 1.25 -0.84 0.45 0.06 0.70 
-8.41 1.41 -10.97 0.60 -0.30 1.08 
-10.10 4.80 -20.21 0.11 -0.87 0.96 
0.06 10.82 -19.12 0.24 -0.50 0.66 
13.65 3.67 -2.44 0.04 -0.74 0.93 
27.67 15.73 10.53 0.74 -0.58 1.00 
19.60 5.16 5.37 0.38 0.01 0.54 
-2.94 0.91 -8.39 0.18 -0.07 0.49 
-11.96 -0.12 -9.08 -0.22 -0.23 0.68 
-12.31 8.72 2.91 0.03 -0.56 1.17 
-1.18 -0.61 10.55 0.54 -0.61 0.78 
3.40 6.27 4.87 0.44 -0.57 0.71 
4.47 14.02 -14.36 0.51 -1.03 0.87 
58.52 23.89 -5.52 -0.24 -0.36 0.35 
1.46 2.11 -4.89 -0.26 -0.25 0.37 
-13.50 43.05 -21.89 0.57 -0.46 0.67 
48.00 57.94 5.04 0.02 -0.06 0.56 
-1.92 20.01 39.62 0.70 -0.20 0.25 
-20.11 3.84 45.80 0.43 -0.05 0.84 
-0.20 9.08 36.18 0.55 -1.00 1.12 
85.51 8.56 -16.96 0.09 0.12 0.20 
-13.83 4.56 29.08 0.36 -1.07 0.92 
10.21 2.27 36.74 0.47 -0.59 0.58 
-3.05 5.11 34.57 0.55 -0.70 0.59 
55.51 17.45 1.61 0.42 -1.39 1.22 
27.17 15.97 6.35 0.02 -0.44 0.63 
3.65 26.70 32.11 0.36 0.09 0.10 
-16.22 -1.96 38.14 0.52 -0.17 0.90 
-17.75 -4.31 20.70 0.59 -0.69 1.01 
-6.88 14.13 17.61 0.07 -1.03 0.67 
6.61 7.93 23.67 0.12 -0.78 0.50 
15.25 -2.47 39.22 0.25 -1.00 0.87 
43.99 29.17 45.11 0.83 0.01 1.03 
7.68 8.29 39.63 0.38 0.03 0.30 
-7.13 -12.16 21.42 0.13 -0.30 0.44 
-13.28 0.20 19.34 -0.01 -0.43 0.87 
0.42 14.36 31.05 0.20 -0.61 1.10 
0.90 0.77 42.17 0.64 -0.57 0.77 
1.97 4.50 38.06 0.58 -0.45 0.72 
1.20 9.40 25.92 0.42 -0.81 0.80 
16.32 12.27 18.76 0.26 -1.03 0.90 
28.72 19.84 29.39 0.05 -0.18 0.59 
0.31 16.54 57.27 0.38 0.03 0.28 
-16.14 -2.44 63.86 0.59 -0.26 0.92 
84.62 90.68 -77.60 0.11 -0.03 0.55 
1.02 13.84 -65.22 0.30 0.18 0.30 
-11.61 0.35 -60.71 0.43 0.00 0.78 
-0.97 4.71 -70.60 0.81 -0.66 1.18 
7.06 12.66 -76.16 -0.20 -0.94 0.78 
6.84 8.16 -64.64 0.13 -0.65 0.65 
10.03 0.00 -45.52 0.01 -0.74 0.96 
35.26 13.87 -38.52 0.76 -0.33 0.95 
19.81 7.76 -49.12 0.37 -0.04 0.75 
-7.10 -11.34 -61.13 0.15 0.03 0.39 
-17.75 -5.55 -59.49 -0.17 -0.22 0.74 
3.69 17.59 -43.57 0.24 -0.62 1.07 
-2.21 6.08 -29.67 0.52 -0.77 0.75 
-0.78 4.37 -40.28 0.52 -0.42 0.71 
-3.80 9.62 -56.20 0.24 -0.89 0.75 
20.24 5.87 -67.62 0.14 -0.84 1.10 
-32.97 24.79 -39.63 0.36 0.07 0.53 
-14.03 -8.72 -48.45 0.51 -0.37 1.10 
-7.70 8.15 -64.00 0.22 -1.00 0.94 
7.39 8.18 -58.61 -0.01 -0.64 0.61 
10.02 0.66 -40.14 0.22 -0.99 0.92 
22.87 13.66 -29.04 0.73 -0.33 1.25 
28.46 1.45 -43.32 0.31 0.06 0.29 
7.77 -6.64 -62.01 0.02 0.16 0.68 
-23.10 -9.19 -63.41 0.04 -0.60 0.94 
-6.49 11.91 -46.37 0.17 -0.62 1.11 
10.60 8.14 -29.38 0.51 -0.57 0.65 
3.63 1.38 -33.82 0.52 -0.41 0.67 
3.92 7.56 -51.55 0.39 -0.83 0.88 
32.89 12.89 -60.08 0.18 -0.61 1.20 
16.67 16.60 -52.34 0.09 -0.27 0.59 
3.07 18.37 -33.55 0.26 0.20 0.45 
-21.73 3.58 -26.96 0.34 0.16 0.58 
6.70 -7.33 -35.70 0.69 -0.14 1.05 
-7.47 11.54 -42.53 0.29 -0.66 1.05 
3.61 6.41 -40.72 0.04 -0.58 0.76 
14.08 5.42 -26.65 0.12 -0.61 0.98 
30.83 13.92 -18.22 0.69 -0.02 1.12 
21.22 12.04 -31.15 0.39 -0.14 0.60 
11.75 0.16 -43.06 0.15 -0.01 0.27 
-14.88 -4.91 -44.68 -0.05 -0.06 0.82 
-12.15 12.96 -26.92 0.05 -0.27 1.03 
0.96 7.01 -13.82 0.63 -0.42 0.83 
1.84 3.54 -16.54 0.48 -0.30 0.73 
-2.14 14.54 -32.80 0.54 -0.77 0.75 
24.81 13.27 -43.27 0.17 -0.90 1.23 
36.52 19.37 -33.45 -0.03 -0.29 0.49 
-14.79 8.57 -11.14 0.19 0.09 0.31 
9.13 -1.04 0.96 0.39 -0.05 0.72 
-9.06 2.11 -2.27 0.81 -0.24 1.08 
-15.62 6.57 -15.65 0.18 -0.70 0.82 
68.44 34.10 2.24 0.70 -0.10 0.61 
19.17 3.52 -22.34 0.43 0.03 0.48 
-21.84 2.83 -37.09 -0.14 -0.06 0.50 
-14.34 8.30 -22.55 0.03 -0.48 1.12 
3.29 -1.84 -5.01 0.55 -0.86 0.81 
28.00 16.91 -54.11 0.29 -1.02 1.23 
31.58 21.93 -43.49 0.20 -0.39 0.70 
28.66 18.91 -24.95 0.21 -0.01 0.43 
-26.92 -0.06 -14.47 0.28 0.13 0.49 
-16.43 1.01 -24.76 0.65 -0.85 1.08 
2.95 8.70 -40.82 0.15 -0.75 0.83 
-1.32 5.36 -42.02 0.06 -0.64 0.69 
13.50 2.92 -26.25 0.17 -0.69 0.89 
37.12 6.01 -14.54 0.72 -0.50 0.96 
14.57 2.79 -22.88 0.69 0.12 0.68 
5.61 -5.32 -41.49 0.24 0.16 0.39 
-24.00 -4.43 -41.09 -0.10 -0.47 0.71 
-6.67 7.34 -28.13 0.28 -0.70 1.21 
8.87 2.11 -15.53 0.59 -0.94 0.70 
3.31 4.88 -17.62 0.40 -0.27 0.60 
-2.98 4.81 -31.00 0.62 -0.65 0.69 
15.46 7.66 -43.71 0.23 -1.03 1.14 
36.25 19.67 -30.39 0.08 -0.32 0.69 
-4.21 14.54 -13.21 0.40 0.02 0.24 
-8.99 -6.50 -5.64 0.39 0.02 0.55 
-11.85 1.43 -14.14 0.64 -0.39 1.02 
-10.14 7.83 -24.16 0.19 -1.20 0.81 
2.64 7.26 -21.63 0.14 -0.73 0.63 
5.32 -3.82 -5.00 0.15 -0.98 0.93 
34.05 13.72 4.28 0.70 -0.31 0.76 
14.05 6.19 -13.24 0.44 0.08 0.33 
6.07 4.88 -27.90 -0.03 -0.14 0.50 
-18.23 -2.50 -26.68 0.03 -0.41 0.92 
2.05 11.60 -10.14 0.21 -0.56 1.03 
7.83 1.30 2.35 0.70 -0.51 0.81 
2.13 5.75 2.75 0.34 -0.45 0.66 
6.03 14.52 -17.31 0.51 -0.79 0.90 
23.95 9.19 -27.48 0.09 -0.79 0.93 
23.45 17.12 -17.20 0.16 -0.27 0.76 
7.82 17.97 2.55 0.34 -0.01 0.20 
-15.02 4.34 14.06 0.50 0.00 0.73 
-15.64 -2.09 -4.59 0.73 -0.54 1.00 
14.86 18.05 -3.73 0.05 -0.82 0.55 
13.79 2.51 5.30 0.09 -0.72 0.66 
33.22 4.99 20.36 0.67 -0.82 0.79 
29.83 12.06 20.28 0.56 -0.01 0.63 
10.44 4.44 0.98 0.37 0.10 0.52 
-5.52 -1.00 -15.07 0.11 -0.23 0.44 
-3.51 -1.82 -10.94 0.00 -0.45 0.90 
-5.63 6.32 15.87 0.54 -0.64 0.92 
7.37 3.76 23.36 0.38 -0.41 0.72 
4.22 14.04 10.29 0.54 -0.51 0.60 
-1.68 4.78 -7.84 0.41 -1.02 0.99 
23.11 13.69 -15.87 -0.01 -0.62 0.77 
18.14 14.90 -4.63 0.05 -0.36 0.45 
-3.47 16.60 22.14 0.46 0.16 0.24 
-14.04 0.35 20.28 0.24 -0.31 0.95 
-7.85 10.91 5.02 0.34 -0.99 0.87 
2.38 10.40 2.43 0.04 -0.57 0.55 
18.34 -0.98 24.07 0.42 -0.83 0.96 
45.36 11.39 40.58 0.90 -0.68 0.80 
11.89 20.27 41.84 0.62 0.10 0.51 
-18.93 -6.20 22.19 0.19 -0.32 0.28 
0.58 1.77 17.47 -0.08 -0.65 0.86 
-2.99 8.62 28.00 0.27 -0.44 1.12 
7.00 4.01 40.25 0.51 -0.43 0.67 
0.89 5.38 34.79 0.56 -0.52 0.65 
-3.67 8.58 15.67 0.49 -0.92 0.87 
18.08 16.20 6.61 0.13 -0.85 0.83 
49.97 21.40 20.38 0.39 -0.13 0.58 
-1.27 17.80 47.39 0.39 0.13 0.23 
-11.19 1.60 50.16 0.67 -0.42 1.07 
-10.03 6.44 33.20 0.39 -0.60 0.91 
4.82 11.47 31.55 0.03 -0.66 0.63 
0.45 4.82 36.54 0.29 -0.66 0.65 
11.32 -5.35 41.93 0.18 -0.71 0.72 
32.79 11.16 49.44 0.57 -0.61 1.16 
16.80 8.00 42.93 0.52 0.03 0.44 
1.88 0.74 28.97 0.21 -0.29 0.45 
-25.47 -0.83 21.06 -0.03 -0.33 0.55 
-5.85 12.36 33.76 0.23 -0.80 1.17 
5.21 7.71 48.56 0.64 -0.69 0.86 
4.47 1.21 50.68 0.30 -0.48 0.62 
0.52 8.51 40.61 0.63 -0.47 0.78 
16.51 12.78 105.25 0.08 -0.76 0.66 
5.08 -4.50 118.67 0.27 -0.83 0.93 
53.42 29.18 126.18 0.82 0.18 0.55 
4.36 2.42 112.16 0.36 -0.02 0.31 
-6.46 7.85 97.98 0.00 -0.60 0.40 
-30.69 -5.69 104.76 0.00 -1.01 1.02 
4.54 2.62 123.45 0.46 -0.69 0.99 
7.36 2.94 136.70 0.52 -0.47 0.74 
1.20 5.32 133.73 0.44 -0.44 0.72 
-9.49 6.98 114.83 0.59 -0.76 0.75 
27.16 12.54 101.61 0.02 -1.03 1.23 
-54.35 3.09 106.43 0.54 -0.04 0.81 
-16.68 5.26 92.55 0.49 -0.62 1.08 
-0.55 14.21 86.15 0.05 -0.89 0.64 
8.58 7.82 97.22 0.03 -0.78 0.46 
6.85 -1.74 118.79 0.45 -1.10 1.12 
37.64 10.69 124.81 0.61 -0.23 0.81 
-1.13 -2.10 114.39 0.24 0.21 0.23 
-29.51 0.42 97.33 0.06 -0.32 0.32 
-13.86 9.91 97.48 -0.10 -1.15 0.72 
6.37 7.03 110.04 0.13 -0.19 1.11 
7.27 4.76 122.21 0.40 -0.43 0.71 
-13.18 4.12 114.75 0.46 -0.43 0.71 
3.84 8.90 98.95 0.41 -1.19 0.85 
23.62 14.91 91.95 0.06 -0.80 1.04 
11.61 11.16 102.61 0.04 -0.49 0.36 
5.95 6.10 115.04 0.56 0.07 0.51 
-4.30 1.46 120.78 0.38 0.02 0.67 
-10.84 4.67 113.14 0.64 -0.73 1.05 
0.56 5.00 98.45 0.20 -0.95 0.78 
6.17 8.27 103.16 0.09 -0.69 0.54 
11.97 2.90 126.92 0.27 -1.06 0.82 
33.61 16.35 132.77 0.85 -0.36 0.93 
12.41 8.95 124.84 0.15 -0.02 0.45 
10.73 -1.91 104.53 0.36 -0.31 0.44 
-8.54 -9.41 99.47 0.05 -0.09 0.89 
-1.68 16.02 111.61 0.10 -0.64 0.97 
3.62 1.39 123.83 0.65 -0.71 0.85 
3.14 1.99 122.96 0.44 -0.26 0.60 
-5.89 4.91 103.57 0.66 -0.75 0.69 
27.81 18.31 96.92 0.05 -0.87 0.78 
33.64 30.80 108.30 0.14 0.14 0.53 
-7.48 20.58 138.53 0.35 0.08 0.25 
-24.12 0.02 141.95 0.62 -0.34 1.00 
-15.73 6.17 123.66 0.54 -0.68 1.00 
0.91 13.50 119.74 0.03 -0.68 0.67 
8.65 5.36 131.28 0.02 -0.64 0.66 
5.14 -7.90 151.65 0.43 -0.96 1.10 
31.90 19.11 159.22 0.60 -0.04 0.83 
7.11 1.53 142.11 0.36 0.08 0.48 
-17.82 -4.17 125.30 0.06 -0.29 0.33 
-7.42 7.46 127.15 -0.11 -0.65 0.98 
7.21 6.75 144.79 0.28 -0.71 0.98 
8.58 5.47 151.02 0.43 -0.44 0.64 
-10.15 4.58 136.40 0.27 -0.94 0.86 
24.65 10.46 139.10 0.43 -0.75 0.96 
36.10 10.49 144.50 0.09 -0.32 0.94 
12.04 15.51 161.06 0.20 -0.04 0.38 
-29.60 3.37 168.11 0.25 0.03 0.62 
-12.10 1.45 159.22 0.61 -0.77 0.98 
-8.22 18.09 145.79 0.04 -1.26 0.63 
5.23 7.60 143.90 -0.11 -0.66 0.56 
8.54 -1.44 154.23 0.14 -0.94 0.70 
53.05 18.83 156.46 0.93 -0.46 0.86 
16.60 19.12 145.82 0.29 0.00 0.32 
-11.29 -10.80 132.10 0.30 -0.24 0.55 
-26.59 -4.16 128.38 -0.03 -0.37 0.72 
2.79 14.99 143.23 0.19 -0.73 1.08 
11.28 8.59 163.44 0.55 -0.44 0.75 
3.00 3.82 162.60 0.47 -0.30 0.59 
-6.73 6.91 146.45 0.53 -0.71 0.84 
15.90 10.89 133.84 0.18 -0.94 0.97 
27.53 21.16 143.12 0.04 -0.39 0.56 
14.84 10.97 167.05 0.15 -0.19 0.44 
-4.67 3.36 179.18 0.59 0.02 0.81 
-18.81 1.36 160.74 0.58 -0.53 0.98 
-1.09 10.13 151.70 0.05 -1.07 0.78 
2.72 8.65 154.51 0.09 -0.57 0.51 
9.95 2.05 169.06 0.13 -1.06 0.86 
25.90 1.10 189.42 0.98 -0.95 0.83 
10.80 7.52 181.80 0.43 0.12 0.52 
6.92 3.03 157.75 0.17 -0.15 0.47 
-26.90 2.89 147.15 -0.04 -0.30 0.44 
-6.18 8.21 155.16 0.12 -0.98 1.02 
11.80 1.27 173.63 0.60 -0.60 0.83 
12.14 7.09 184.22 0.43 -0.38 0.74 
-2.26 5.76 179.74 0.50 -0.50 0.60 
7.25 8.13 162.73 0.45 -1.03 0.99 
32.86 12.43 155.89 0.02 -0.88 0.80 
20.95 21.93 169.97 0.12 0.01 0.63 
-4.53 22.02 194.12 0.55 0.10 0.23 
-29.82 -1.62 203.52 0.53 -0.22 1.22 
-8.09 11.71 182.98 0.53 -1.05 1.05 
9.28 13.07 179.65 0.01 -0.63 0.52 
7.33 1.02 188.19 -0.02 -0.87 0.56 
31.90 0.25 204.17 0.43 -0.76 1.09 
22.77 15.75 208.85 0.56 0.15 0.74 
8.91 1.13 191.31 0.24 -0.01 0.48 
-8.57 1.89 178.03 -0.18 -0.37 0.35 
-9.80 -1.02 177.00 0.22 -0.78 1.03 
4.38 5.14 194.22 0.48 -0.86 0.98 
-137.72 -16.43 132.17 0.05 -0.22 0.36 
14.92 18.26 187.72 0.49 -0.70 0.74 
4.00 3.16 189.20 0.71 -0.43 0.53 
-1.72 8.60 169.01 0.78 -0.96 0.83 
28.87 13.54 164.68 0.11 -1.12 0.86 
33.63 22.94 175.08 0.30 0.11 0.67 
4.02 21.10 197.60 0.22 0.03 0.41 
-23.58 19.11 147.79 0.42 -1.03 0.92 
6.16 7.22 148.26 -0.10 -0.55 0.54 
3.33 -8.58 165.83 0.57 -1.45 0.83 
51.86 18.96 169.30 0.72 0.13 0.71 
-56.53 25.39 183.03 -0.03 -0.67 0.95 
19.01 12.11 202.91 0.50 -0.37 0.66 
-0.57 -0.94 203.37 0.48 -0.40 0.66 
-5.87 12.20 184.75 0.71 -0.63 0.62 
-1.23 10.82 170.68 0.37 -1.20 1.06 
6.24 6.02 161.65 0.06 -1.07 1.06 
14.45 14.24 179.70 0.11 0.08 0.51 
2.15 10.43 195.52 0.46 0.21 0.46 
-14.61 2.00 173.75 0.45 -0.83 0.96 
11.62 18.67 185.60 0.04 -0.65 0.47 
78.20 13.60 202.46 0.96 -0.83 1.12 
18.38 3.51 160.16 0.24 -0.25 0.22 
-1.77 1.24 187.92 0.13 -0.87 1.17 
-29.18 62.62 275.60 0.34 0.18 0.15 
-17.26 1.29 276.58 0.73 -0.29 1.05 
-7.79 19.01 259.97 0.32 -0.90 0.92 
5.49 10.33 266.13 -0.11 -0.73 0.47 
14.85 -18.93 286.80 0.67 -1.34 1.12 
24.33 10.98 280.08 0.44 0.17 0.51 
-7.09 -0.59 261.31 0.08 -0.23 0.38 
-17.59 7.85 271.14 0.02 -0.98 1.10 
-80.23 -22.98 196.14 0.73 -0.51 1.09 
15.81 -10.93 252.79 0.26 -0.85 0.76 
67.96 22.70 228.85 0.21 -0.01 0.17 
24.87 30.44 242.83 0.48 -0.38 0.55 
24.03 33.16 235.56 -0.02 -0.71 0.53 
7.29 -4.55 250.79 0.25 -0.90 0.83 
