-0.39 -5.31 -70.73 0.89 -0.28 0.32 
251.69 -125.55 196.32 0.91 0.14 0.40 
1.35 -2.33 193.45 0.92 0.13 0.40 
1.15 -2.89 210.27 0.90 0.01 0.44 
-2.33 -3.82 211.78 0.90 0.07 0.37 
1.68 -10.23 202.67 0.97 -0.02 0.22 
4.00 4.11 204.04 0.97 -0.03 0.17 
-16.64 -6.63 209.20 0.93 -0.12 0.28 
-40.96 2.17 237.13 1.50 -0.57 0.65 
-98.66 -17.64 -1.73 -0.06 0.05 0.55 
-41.88 12.23 -64.91 1.27 -0.53 -0.58 
-284.94 80.21 -13.43 0.26 -0.32 -0.27 
8.42 -15.42 9.88 0.07 -0.07 0.34 
-45.43 -45.80 -4.23 -0.33 0.15 0.55 
-50.79 17.57 -17.84 0.07 -0.47 -0.07 
-33.37 17.78 -80.51 1.26 -0.62 -0.49 
-59.39 -14.57 -114.28 2.01 -0.06 -1.06 
18.56 8.36 -80.85 1.28 0.34 -0.48 
14.49 -28.62 -66.69 1.41 -0.66 -0.86 
-283.98 -101.58 17.29 1.99 0.32 -1.09 
49.13 -6.81 61.42 1.63 0.23 -0.75 
3.45 -33.54 77.85 1.35 -0.60 -0.85 
56.82 0.68 128.04 0.86 -0.95 -1.27 
59.28 -12.35 165.96 0.18 -0.16 -0.12 
3.18 -22.21 184.61 0.05 0.18 0.56 
-15.01 -0.31 152.69 0.39 -0.27 0.95 
-46.14 9.51 105.59 0.32 -0.89 -0.60 
-35.66 12.23 98.84 0.92 -0.25 -0.48 
4.69 13.33 66.93 1.15 -0.79 -0.70 
-22.24 -24.51 90.01 1.26 -0.85 -0.91 
38.29 -9.56 127.84 1.32 -1.01 -1.17 
41.64 -1.92 163.13 0.40 -0.60 -0.67 
24.75 -5.71 188.59 -0.08 -0.13 0.14 
-2.05 -8.11 197.47 -0.20 0.23 0.75 
-26.78 2.69 135.96 0.52 -0.23 0.74 
-36.61 -9.57 73.75 1.23 -0.48 -0.64 
-21.47 4.76 90.37 1.62 -0.24 -0.81 
25.65 2.90 88.87 1.07 -0.28 -0.50 
-10.88 -7.22 89.75 1.01 -0.10 -0.46 
12.19 4.39 135.79 1.73 -0.67 -0.86 
37.17 12.56 184.70 0.51 -0.85 -1.00 
37.72 -18.03 227.34 0.05 -0.31 0.14 
3.75 -1.28 235.93 -0.13 0.08 0.80 
-18.20 -23.55 190.54 0.18 -0.20 0.69 
-47.76 -11.32 148.56 0.49 -0.64 -0.69 
-25.88 -22.12 115.99 1.27 -0.32 -0.69 
-25.03 7.31 136.39 0.96 -0.12 -0.59 
20.34 4.04 130.50 1.04 -0.49 -0.70 
7.87 1.42 128.15 0.80 0.06 -0.39 
86.46 58.50 251.27 0.90 -0.75 -0.99 
28.89 7.47 303.24 0.07 -0.35 -0.09 
-156.01 30.14 179.02 0.30 -0.67 -0.63 
-16.96 20.76 149.44 1.53 -0.41 -0.62 
-24.84 0.05 147.31 1.28 -0.16 -0.62 
-7.86 -4.03 150.89 0.92 0.03 -0.39 
52.65 43.06 312.46 0.06 -0.33 -0.09 
14.21 -77.25 207.75 1.16 -0.38 -0.71 
-263.36 29.96 36.19 0.22 -0.32 0.22 
-4.43 -99.26 -30.78 1.23 -0.49 -0.85 
71.32 39.18 -87.69 1.23 -0.56 -0.60 
-12.84 -3.76 -91.53 0.92 -0.07 -0.42 
16.22 -23.07 -35.77 1.31 -1.09 -0.97 
167.50 38.19 138.52 0.48 -0.75 -0.90 
-158.75 65.12 65.88 0.19 -0.48 0.20 
-55.09 15.27 56.40 1.06 -0.18 -0.46 
133.53 -2.64 304.90 0.15 -0.50 -0.20 
-27.76 -5.08 215.91 1.05 -0.23 -0.53 
81.55 -3.30 -319.03 0.30 -0.53 -0.52 
309.46 129.25 217.58 -0.34 -0.50 -0.37 
-22.29 8.03 179.32 0.81 -0.93 -1.21 
-26.96 21.25 182.60 1.31 -0.16 -0.74 
9.01 0.53 168.73 1.12 -0.64 -0.64 
18.48 4.94 163.64 0.72 -0.02 -0.39 
-1.97 -14.36 175.90 1.22 -0.50 -0.64 
18.60 -1.00 210.11 1.37 -1.17 -0.92 
33.38 20.19 256.68 0.64 -0.68 -0.79 
26.37 -5.43 295.57 -0.15 -0.26 0.12 
-7.51 -19.22 305.29 -0.18 0.14 0.47 
-21.20 -36.02 286.58 0.21 -0.76 0.69 
-43.56 19.18 280.86 -0.19 -0.44 0.02 
288.28 34.21 -169.75 0.01 0.00 -0.01 
3.35 -10.84 -154.78 -0.06 0.11 0.50 
-33.63 -47.69 -168.95 -0.05 -0.49 0.57 
-13.73 30.39 -149.88 0.07 0.09 0.42 
-48.86 16.01 -188.28 0.09 -0.63 -0.72 
-24.23 6.29 -191.27 0.89 -0.39 -0.44 
-33.34 2.21 -201.89 1.44 -0.54 -0.74 
13.35 -2.39 -196.60 1.00 -0.01 -0.35 
3.20 -18.34 -192.85 1.29 -0.48 -0.66 
57.03 -20.60 -103.00 -0.12 0.06 0.35 
-32.63 -23.81 -96.36 -0.54 0.07 0.63 
-8.79 0.76 -125.49 0.58 -0.37 0.99 
-49.54 24.30 -145.34 0.10 -0.73 -0.56 
-22.86 2.68 -192.40 1.01 -0.69 -0.71 
-25.38 14.26 -205.55 1.39 -0.13 -0.73 
22.81 -6.19 -183.98 1.15 -0.04 -0.38 
-1.96 -6.81 -190.38 1.13 -0.23 -0.49 
-6.62 -13.73 -153.64 1.37 -0.62 -0.65 
47.29 16.66 -117.44 1.18 -0.78 -0.88 
-152.34 -112.13 -97.85 -0.39 0.10 0.49 
-73.56 29.34 -107.50 -0.23 -0.43 -0.10 
-27.77 -10.00 -170.42 0.94 -0.77 -0.65 
-21.70 3.52 -156.00 1.10 0.05 -0.68 
36.80 0.06 -155.56 1.07 -0.35 -0.58 
-2.21 -2.13 -156.90 0.93 -0.05 -0.39 
-5.29 -15.82 -153.52 1.16 -0.31 -0.55 
22.02 -2.01 -117.10 1.52 -1.02 -0.90 
34.04 7.68 -67.63 0.77 -0.78 -0.89 
19.41 -6.76 -27.80 -0.16 -0.02 0.07 
-9.23 -11.08 -20.59 -0.11 0.01 0.76 
-9.47 -48.40 -43.18 0.29 -0.49 0.64 
-61.57 30.05 -69.18 -0.04 -0.45 -0.30 
-13.44 9.65 -115.47 1.07 -0.53 -0.68 
-28.43 -6.68 -121.40 1.40 -0.09 -0.70 
28.85 -8.28 -98.79 1.18 -0.01 -0.39 
-4.13 -6.67 -101.30 1.15 -0.32 -0.51 
-161.98 25.41 267.65 1.08 -0.92 -0.71 
-25.01 8.61 259.11 1.35 -0.17 -0.48 
-16.57 -0.22 238.37 1.44 -0.48 -0.65 
11.15 8.15 242.09 0.84 0.10 -0.34 
-0.17 -13.78 250.49 1.32 -0.33 -0.43 
26.98 10.72 277.84 1.34 -1.00 -0.74 
38.23 20.24 -315.13 0.55 -0.62 -0.42 
9.03 -5.25 -276.12 -0.17 -0.14 0.32 
-43.15 21.51 298.84 0.63 -0.23 1.00 
-57.02 17.93 243.79 0.33 -0.76 -0.74 
-5.42 12.13 213.97 1.23 -0.57 -0.87 
-34.28 -1.93 219.82 1.28 -0.04 -0.78 
-0.92 -0.96 244.80 1.22 0.16 -0.40 
-3.78 -9.21 237.67 1.18 -0.32 -0.49 
6.15 -11.78 278.32 1.43 -0.93 -0.63 
46.04 23.81 316.17 0.90 -0.85 -0.65 
-141.91 -51.61 -324.25 -0.58 0.25 0.54 
193.13 90.00 -62.79 0.85 -0.93 -0.67 
21.16 3.55 -31.60 0.27 -0.44 -0.23 
10.52 -4.67 -12.71 -0.29 -0.18 0.25 
-11.22 -18.22 -14.99 -0.25 -0.18 0.64 
1.35 -5.59 -38.26 0.61 -0.43 1.04 
-44.72 27.71 -50.75 -0.39 -0.30 -0.07 
-33.58 -2.25 -101.09 1.01 -0.73 -0.79 
-32.43 -1.04 -93.20 1.45 -0.16 -0.78 
4.88 -3.13 -99.88 1.21 -0.49 -0.53 
8.21 -2.00 -105.32 0.89 0.13 -0.43 
3.27 -7.40 -105.01 1.16 -0.31 -0.48 
18.22 1.63 -72.25 1.53 -0.94 -0.57 
32.96 14.97 -26.22 0.87 -0.92 -0.63 
15.10 2.49 16.34 -0.12 -0.32 0.07 
16.75 -6.57 26.75 -0.14 -0.01 0.70 
-48.27 -45.21 18.88 -0.60 -0.30 0.15 
-25.21 36.34 23.67 0.57 -0.30 1.10 
-49.08 11.49 -8.13 -0.03 -0.63 -0.74 
-54.79 -14.09 -14.82 1.45 -0.19 -0.55 
-32.68 -6.18 -27.12 1.60 0.07 -0.88 
18.66 11.61 -10.32 0.85 0.19 -0.31 
-3.76 -5.23 -18.23 1.10 -0.20 -0.48 
20.80 -1.78 24.71 1.43 -0.94 -0.67 
22.33 9.79 68.29 0.96 -0.96 -0.76 
14.56 -15.24 124.35 -0.17 -0.06 0.30 
-10.80 4.63 133.69 -0.34 -0.02 0.77 
-1.61 -48.63 97.92 0.21 -0.58 0.69 
-32.66 20.34 88.11 -0.37 -0.25 0.16 
-42.31 -29.19 32.16 1.10 -0.41 -0.52 
-36.99 7.92 33.67 1.30 -0.25 -0.86 
-35.26 6.40 10.38 1.50 -0.49 -0.86 
7.08 11.20 17.92 0.88 0.13 -0.34 
-6.00 -15.56 22.30 1.24 -0.40 -0.63 
26.51 -1.37 52.15 1.56 -0.97 -0.94 
35.24 7.25 101.87 0.79 -0.81 -0.91 
22.08 -14.28 134.56 -0.15 0.18 0.19 
-1.99 1.83 139.51 -0.22 -0.17 0.80 
-9.93 -43.95 119.87 -0.01 -0.56 0.56 
-41.06 20.19 104.34 -0.24 -0.52 0.24 
-40.57 -7.59 54.00 0.65 -0.55 -0.59 
-47.68 -11.16 58.52 1.64 -0.21 -0.85 
-30.08 2.29 39.82 1.41 -0.55 -0.78 
17.83 6.70 43.36 0.79 0.03 -0.38 
-3.25 -13.91 40.68 1.19 -0.31 -0.59 
40.70 -1.88 76.15 1.56 -0.83 -1.05 
46.45 -10.84 150.93 -0.12 0.03 0.07 
-0.50 -6.78 151.49 -0.22 0.08 0.85 
-48.29 -45.46 149.01 -0.57 -0.23 0.23 
-15.22 34.60 155.36 0.38 -0.53 0.44 
-47.46 6.63 106.14 0.19 -0.68 -0.67 
-22.21 -14.63 70.47 1.20 -0.36 -0.74 
-15.82 2.35 75.40 1.40 0.07 -0.79 
28.04 23.57 86.08 0.91 0.12 -0.50 
-3.04 -9.34 82.01 1.19 -0.28 -0.58 
15.48 -16.14 120.74 1.34 -1.00 -0.87 
35.79 7.18 165.28 0.83 -0.84 -0.86 
21.57 -0.06 208.79 0.00 -0.25 -0.10 
-4.49 4.02 217.80 -0.30 -0.11 0.72 
-0.88 1.06 218.33 -0.35 -0.12 0.72 
-14.36 -9.83 74.62 0.97 -0.01 -0.39 
-2.24 -5.75 -19.56 0.95 0.16 0.23 
-8.14 -33.99 -61.67 1.43 0.10 0.10 
-2.81 -13.29 -60.69 0.98 -0.15 0.27 
4.76 -7.29 -69.94 1.09 0.13 0.07 
-3.74 -1.06 -72.63 1.01 0.02 -0.01 
-28.52 -4.50 -72.82 0.99 0.10 0.12 
5.36 -4.97 -66.63 0.82 0.26 0.52 
-7.32 -6.02 -65.75 1.09 -0.13 0.30 
-38.07 -49.67 -17.65 1.66 -1.34 -0.60 
47.49 -7.37 26.53 0.91 -0.70 -0.99 
34.42 -5.70 77.37 0.00 0.09 0.04 
-22.87 -23.44 58.28 -0.22 0.17 0.63 
-50.13 -2.53 32.91 0.08 -0.32 0.10 
-41.72 14.70 -16.09 1.18 -0.59 -0.74 
-46.77 -3.46 1.65 1.51 0.36 -1.09 
48.85 -30.71 30.97 1.61 0.19 -0.31 
-28.86 -17.69 31.93 1.55 -0.59 -0.71 
47.23 -0.69 68.74 1.47 -0.98 -1.14 
32.67 -2.92 118.45 0.54 -0.51 -0.70 
13.27 -13.08 144.72 0.04 0.04 0.25 
-25.70 -17.45 151.75 -0.16 0.10 0.76 
-62.24 26.88 140.34 0.13 -0.50 0.07 
-44.03 -2.43 96.57 0.76 -0.57 -1.14 
-41.97 29.86 129.56 1.08 -0.19 -0.83 
19.10 -13.22 128.37 0.97 -0.42 -0.24 
-25.33 -11.97 127.44 1.08 -0.21 -0.62 
76.64 -75.05 188.88 -0.01 -0.09 0.12 
9.01 -15.30 193.53 0.13 0.39 0.78 
-30.22 -25.78 171.65 0.13 -0.17 0.69 
-49.07 10.75 152.83 0.11 -0.60 -0.56 
-32.14 5.90 109.71 1.37 -0.40 -0.93 
-37.01 -11.95 97.42 1.79 -0.06 -1.07 
12.28 25.16 118.25 1.19 0.16 -0.41 
100.50 39.44 254.96 0.73 -0.66 -0.70 
16.59 -9.74 291.67 0.00 -0.17 0.13 
1.59 -2.86 296.54 -0.28 0.33 0.57 
-43.32 -48.29 286.83 0.28 -0.38 0.84 
-49.42 13.06 264.17 -0.02 -0.52 -0.45 
-32.58 -0.97 213.58 1.24 -0.65 -0.67 
-59.24 -9.03 213.15 2.05 0.08 -1.10 
35.52 10.55 232.64 1.36 0.27 -0.44 
-11.72 -5.66 233.67 1.04 -0.10 -0.48 
114.58 -1.49 -297.64 0.10 -0.17 -0.02 
17.38 -13.06 -292.86 -0.03 0.12 0.58 
-46.55 -16.34 -285.93 -0.38 0.39 0.61 
-27.62 44.65 -266.47 0.06 -0.13 -0.18 
-48.27 -13.14 -316.81 0.87 -0.46 -0.90 
-20.97 -16.71 -317.17 1.02 0.03 -0.60 
48.54 -12.60 -302.68 1.19 -0.15 -0.23 
321.91 53.68 5.15 0.36 -0.70 -0.89 
8.08 2.45 -21.28 1.22 -0.37 -0.61 
-35.55 -54.17 16.07 1.32 -0.43 -0.62 
39.46 10.57 58.69 1.49 -0.99 -1.05 
15.76 -9.70 54.35 0.12 0.06 0.83 
-32.77 -40.60 52.24 -0.24 -0.37 0.44 
-30.96 47.73 61.40 -0.08 0.13 0.20 
-49.03 3.80 10.81 0.82 -0.83 -0.96 
-6.17 -7.11 -2.22 1.13 0.00 -0.63 
17.16 7.85 -4.54 1.00 -0.50 -0.72 
12.57 -0.42 -14.55 0.82 0.06 -0.41 
-7.08 -14.82 5.01 1.39 -0.60 -0.67 
47.09 -13.14 39.25 1.31 -1.04 -1.13 
37.22 -2.65 76.66 0.28 -0.61 -0.63 
25.78 -9.82 96.43 -0.05 0.00 0.40 
-54.36 -45.14 86.14 -0.35 -0.06 0.42 
-49.62 32.56 81.61 0.32 -0.58 0.08 
-37.33 4.19 40.35 0.74 -0.76 -0.77 
-12.52 3.46 27.66 1.26 -0.29 -0.67 
-24.38 1.48 15.88 1.30 -0.40 -0.77 
3.48 4.24 17.64 0.85 0.10 -0.41 
-1.56 -20.07 57.32 1.33 -0.61 -0.81 
51.10 11.15 117.69 1.00 -0.88 -1.12 
24.64 -4.24 168.00 0.07 -0.07 0.11 
3.56 -6.57 171.66 -0.36 0.28 0.54 
-40.87 -48.58 161.23 0.17 -0.58 0.58 
-38.26 23.67 136.70 -0.12 -0.04 0.06 
259.39 -1.32 -264.52 1.54 -1.05 -1.04 
17.26 -2.74 -214.81 0.41 -0.63 -0.63 
14.09 -14.06 -191.32 -0.15 0.14 0.26 
-21.10 3.16 -172.21 -0.24 0.05 0.75 
-10.70 -32.88 -202.33 0.20 -0.76 0.59 
-60.44 22.39 -242.38 -0.23 -0.37 -0.51 
2.38 -5.71 -292.98 1.14 -0.59 -0.59 
-13.28 -1.21 -278.22 0.89 -0.10 -0.60 
1.25 -28.32 -266.08 1.31 -0.60 -0.59 
42.76 11.15 -235.74 1.55 -0.93 -0.99 
20.24 13.87 -185.77 0.72 -0.78 -0.43 
17.20 0.28 -144.44 -0.19 0.10 0.22 
3.55 -8.77 -142.59 -0.10 0.01 0.67 
-42.90 -47.79 -149.36 -0.09 -0.40 0.55 
-43.97 27.37 -142.58 0.00 -0.24 0.08 
-29.62 1.46 -205.50 0.91 -0.94 -0.94 
-19.11 11.67 -207.66 1.45 -0.23 -0.68 
20.93 -12.69 -205.56 1.10 -0.30 -0.45 
5.87 -4.17 -212.78 1.18 -0.18 -0.43 
-297.80 141.12 154.53 0.29 -0.65 -0.69 
198.72 -28.31 -230.11 0.21 -0.41 -0.37 
11.26 -18.54 -224.69 -0.23 0.00 0.47 
-24.88 -19.12 -224.06 -0.13 -0.24 0.77 
2.26 -6.56 -237.62 0.46 -0.24 0.84 
249.48 76.14 13.22 0.53 -0.62 -0.49 
33.52 0.14 43.29 -0.14 0.00 0.34 
-19.43 1.89 44.73 -0.37 0.12 0.68 
-32.01 8.99 23.17 0.47 -0.32 0.96 
-48.64 15.69 -9.40 0.08 -0.62 -0.43 
-21.84 -6.32 -52.42 1.06 -0.60 -0.84 
-42.38 5.16 -54.97 1.22 -0.21 -0.77 
20.06 1.34 -55.25 0.98 0.05 -0.31 
154.05 23.98 294.34 1.09 0.11 -0.43 
121.22 46.68 -218.13 0.96 -0.82 -0.88 
36.82 -11.32 -174.55 0.00 -0.42 -0.11 
19.15 -13.10 -161.43 -0.27 0.03 0.51 
-29.69 -19.98 -154.25 -0.39 0.10 0.64 
-1.96 -7.59 -187.98 0.63 0.10 1.13 
-116.76 -7.37 -196.74 1.48 -0.05 -0.78 
-9.05 5.77 -162.11 1.15 0.23 -0.39 
-0.62 -9.75 -168.35 1.09 -0.28 -0.46 
18.93 -7.07 -129.07 1.51 -0.78 -0.82 
36.24 17.07 -79.11 0.99 -0.88 -0.96 
14.25 -11.23 -35.15 0.04 -0.18 -0.06 
24.84 -3.76 -20.48 -0.11 -0.03 0.57 
-49.63 -32.92 -13.44 -0.39 -0.11 0.54 
0.19 57.86 25.51 0.25 -0.02 0.22 
-46.54 5.83 -37.40 0.69 -0.81 -0.85 
-30.80 1.83 -32.14 1.36 -0.17 -0.92 
-87.85 -251.74 -149.27 0.45 -0.41 0.89 
-25.07 21.49 -148.71 -0.04 0.06 0.08 
-44.77 -13.97 -211.64 1.04 -0.85 -1.00 
-36.81 10.55 -199.12 1.46 -0.01 -0.74 
23.16 -2.53 -162.90 1.33 -0.01 -0.40 
-15.49 -14.39 -143.86 1.25 -0.57 -0.67 
67.34 6.64 -44.43 0.71 -0.75 -0.81 
19.73 -16.90 -12.04 -0.19 -0.01 0.21 
-3.77 -11.20 -10.70 -0.13 0.03 0.84 
4.58 -30.84 -30.57 0.58 -0.24 0.99 
-47.56 36.66 -37.91 -0.37 -0.05 0.02 
78.57 -7.36 174.72 -0.14 -0.22 0.14 
9.87 -5.24 187.54 -0.30 0.00 0.53 
-26.35 -7.31 194.03 -0.48 0.10 0.70 
-3.69 -38.81 173.23 0.21 -0.52 0.64 
207.05 -85.34 -182.87 -0.10 -0.27 -0.08 
10.87 -7.93 -171.61 -0.25 0.09 0.47 
-24.38 -14.63 -167.63 -0.41 -0.15 0.70 
-71.83 47.81 -193.70 -0.02 -0.55 0.12 
-33.30 -3.05 -256.88 0.87 -0.66 -0.56 
-39.09 0.74 -247.73 1.27 -0.07 -0.68 
-19.42 5.76 -273.57 1.31 -0.71 -0.83 
-35.82 -82.33 -136.85 1.72 -0.82 -0.90 
-211.45 200.51 20.07 0.15 -0.12 0.29 
-48.00 18.19 -30.02 0.78 -0.85 -1.05 
-59.24 0.50 -14.56 1.25 0.05 -0.83 
33.31 -42.36 19.31 1.30 0.03 -0.06 
-18.71 -6.17 14.76 1.00 -0.20 -0.55 
-2.16 -11.56 62.37 1.21 -0.67 -0.64 
33.48 6.08 95.60 0.95 -1.09 -0.87 
33.86 2.90 141.46 0.16 -0.37 -0.24 
10.29 -17.07 161.36 -0.30 -0.14 0.42 
-13.13 -4.85 168.67 -0.15 -0.13 0.83 
-31.65 -47.53 169.18 -0.15 -0.31 0.52 
-38.46 42.33 173.22 0.04 -0.29 0.02 
-29.79 20.39 123.13 0.71 -0.79 -0.75 
-12.13 3.93 98.96 1.42 -0.03 -0.69 
-1.11 -3.29 64.36 1.29 -0.57 -0.63 
9.53 7.40 68.32 0.73 0.08 -0.34 
2.75 -4.02 73.41 1.19 -0.32 -0.46 
-3.55 -13.46 122.87 1.26 -1.07 -0.79 
40.16 -9.74 164.51 0.66 -0.91 -0.95 
38.88 -9.13 203.34 -0.09 -0.15 0.24 
-7.55 -1.39 207.56 -0.25 0.17 0.77 
69.54 3.26 104.39 1.21 -0.50 -0.52 
-19.06 -16.21 111.33 1.15 -0.31 -0.44 
20.13 -8.98 160.66 1.02 -1.05 -1.01 
37.54 -16.79 209.65 0.33 -0.69 -0.56 
26.15 -15.02 228.35 -0.22 0.03 0.48 
-55.99 -71.81 209.01 -0.05 -0.28 0.45 
-53.71 28.18 203.13 -0.52 -0.23 0.12 
-18.95 -2.78 140.21 0.83 -0.72 -0.45 
-22.47 -3.44 134.01 1.24 -0.04 -0.42 
-3.06 -11.18 137.11 1.15 -0.38 -0.45 
-17.80 -13.18 155.65 1.30 -0.61 -0.57 
38.68 -4.88 204.22 1.12 -1.14 -0.72 
31.31 -11.35 257.35 0.16 -0.56 -0.25 
-116.93 -132.47 230.88 0.10 -0.36 0.47 
-3.96 -4.04 230.26 0.20 -0.40 0.52 
-47.59 6.34 194.41 0.08 -0.68 -0.59 
0.08 -134.85 178.10 -0.19 0.34 0.57 
-20.22 -16.96 179.30 -0.31 0.08 0.69 
-12.57 41.13 192.99 0.67 -0.36 0.72 
-49.86 23.54 183.76 -0.31 -0.48 -0.15 
-26.73 -7.00 133.42 1.05 -0.54 -0.67 
-34.93 -1.53 152.89 1.06 0.12 -0.63 
9.81 0.89 194.35 1.45 0.29 -0.42 
-16.58 -4.20 198.24 1.10 -0.33 -0.46 
-3.85 -22.64 240.04 1.42 -1.04 -0.92 
47.51 -1.27 271.34 0.90 -0.91 -1.09 
40.57 -5.34 307.01 0.13 -0.33 -0.31 
23.73 -14.61 320.83 -0.17 0.24 0.37 
-30.89 -23.17 326.63 -0.07 0.02 0.76 
1.95 -4.77 308.73 0.82 -0.04 1.04 
-48.62 24.53 306.53 -0.31 -0.18 0.08 
-41.79 9.62 257.76 0.82 -0.84 -0.88 
-27.37 2.97 253.29 1.38 -0.15 -0.61 
21.44 -0.19 241.03 1.12 -0.57 -0.54 
-1.05 0.13 240.53 0.86 0.07 -0.42 
-3.53 -30.21 289.09 1.56 -0.81 -0.80 
44.60 21.52 -326.57 1.08 -0.80 -1.01 
31.36 6.25 -292.97 0.13 -0.55 -0.20 
20.71 -7.44 -271.51 -0.33 -0.07 0.39 
-7.73 -19.75 -261.30 -0.09 0.20 0.71 
-0.28 -28.97 -284.77 0.85 -0.27 1.12 
-40.10 -2.52 -286.33 0.95 -0.04 -0.42 
-21.76 -11.22 -261.47 1.35 -0.36 -0.41 
25.95 -0.67 -222.53 1.28 -1.07 -0.90 
19.32 -5.68 -166.36 0.34 -0.75 -0.37 
16.82 -39.18 -185.81 0.42 -0.19 0.82 
-36.89 20.33 -168.32 -0.04 0.22 0.45 
-45.85 12.87 -218.66 0.24 -0.64 -0.81 
-33.71 -14.91 -233.63 1.63 0.20 -0.80 
13.86 -2.10 -243.23 0.99 -0.62 -0.48 
10.61 -3.23 -254.33 0.92 0.07 -0.41 
-17.01 -14.69 -225.75 1.18 -0.20 -0.52 
24.94 -3.68 -185.60 1.28 -1.04 -1.06 
-0.12 -1.92 -253.91 0.99 -0.02 0.21 
0.61 -2.70 -254.09 0.99 -0.04 0.22 
0.07 -3.75 -254.21 0.99 -0.01 0.20 
-0.16 -3.41 -253.98 0.99 -0.02 0.21 
0.14 -2.89 -253.91 0.99 -0.04 0.21 
0.09 -2.94 -254.03 0.99 -0.01 0.22 
0.06 -3.06 -253.67 0.98 -0.02 0.21 
0.09 -2.97 -254.06 0.99 -0.03 0.21 
-3.16 -3.27 -253.23 1.02 -0.05 0.29 
-37.52 -43.21 -207.58 1.57 -1.34 -0.73 
51.29 -22.62 -165.85 0.56 -0.75 -0.81 
32.01 -18.68 -133.66 -0.17 -0.26 0.22 
-4.73 -5.77 -122.96 -0.11 0.03 0.61 
-18.88 -25.19 -156.54 0.12 -0.10 0.65 
-49.08 5.46 -192.41 0.26 -0.66 -0.56 
-5.46 -10.10 -240.95 1.21 -0.09 -0.49 
-47.67 -13.59 -212.60 1.75 0.02 -1.17 
48.40 -1.59 -193.67 1.23 0.03 -0.64 
2.32 -51.85 -199.62 1.57 -0.60 -1.01 
59.54 25.37 -140.74 0.94 -0.86 -1.19 
35.37 -24.40 -99.38 0.01 -0.33 0.12 
2.77 -11.23 -95.45 -0.22 0.19 0.63 
-34.65 -43.40 -113.94 0.13 -0.30 0.63 
-62.49 6.61 -148.27 0.05 -0.53 -0.08 
-29.22 -10.39 -197.71 1.01 -0.52 -0.97 
-33.42 -9.60 -180.48 1.32 -0.12 -0.81 
19.72 1.48 -180.45 1.04 -0.54 -0.58 
-5.00 -4.65 -182.77 0.81 0.11 -0.43 
-17.48 -31.95 -150.43 1.48 -0.66 -0.78 
39.17 10.88 -88.29 1.02 -0.79 -0.89 
28.90 -3.58 -48.09 0.03 -0.30 -0.14 
4.45 -12.76 -30.25 0.00 0.17 0.76 
-48.54 -47.65 -37.86 -0.04 -0.20 0.40 
-61.16 8.00 -73.36 0.09 -0.43 -0.51 
-35.83 3.32 -123.70 1.53 -0.53 -0.99 
-13.76 5.57 -132.05 1.53 -0.05 -0.85 
20.12 3.26 -109.01 1.38 0.20 -0.36 
-7.93 -5.86 -112.71 0.98 -0.09 -0.50 
-4.85 -25.87 -85.24 1.61 -0.55 -0.74 
40.89 44.02 -23.35 1.10 -0.63 -1.19 
26.53 -5.04 20.37 0.02 -0.19 -0.05 
6.02 -19.50 30.65 -0.20 0.26 0.53 
-48.54 -48.82 30.77 0.37 -0.41 0.73 
-61.20 29.20 14.31 -0.11 -0.52 -0.38 
-19.15 -23.32 -48.87 1.57 -0.43 -0.98 
-46.74 -15.58 -23.38 1.70 0.14 -0.99 
22.98 11.36 7.54 1.22 0.04 -0.49 
-4.60 -2.59 0.60 1.04 -0.14 -0.50 
105.03 -7.27 150.97 0.21 -0.56 -0.18 
23.20 -18.70 180.38 -0.33 0.33 0.23 
-27.07 -33.05 185.89 0.00 0.17 0.67 
-36.18 30.21 181.00 0.81 -0.08 0.82 
-48.14 8.35 162.37 0.20 -0.37 -0.86 
-44.06 -0.76 168.03 1.18 0.00 -0.81 
25.85 2.70 166.51 1.07 -0.41 -0.63 
-19.50 -4.88 177.95 1.00 -0.09 -0.48 
-16.21 -31.53 179.27 1.42 -0.21 -0.51 
-115.63 62.57 31.57 0.82 -0.26 1.26 
-46.23 10.78 0.47 0.18 -0.80 -0.49 
-17.70 -16.90 -35.35 1.07 -0.17 -0.64 
-29.47 8.27 -18.87 1.04 0.13 -0.64 
12.58 -2.46 -17.47 0.90 -0.44 -0.54 
1.13 0.37 -22.03 0.91 0.03 -0.48 
-3.26 -11.80 -21.69 1.11 -0.22 -0.54 
28.68 -5.47 18.83 1.66 -0.86 -1.02 
40.56 12.40 68.55 0.87 -0.65 -0.95 
29.23 -8.25 118.01 -0.01 0.02 0.05 
-25.70 -30.03 125.66 0.10 0.40 0.78 
-2.93 -17.27 84.58 0.31 -0.34 0.76 
-60.24 -6.02 36.47 0.70 -0.51 -0.60 
-30.68 -18.97 -0.49 1.76 -0.35 -1.06 
-40.19 5.84 41.35 1.16 0.06 -0.81 
32.97 -4.87 53.45 1.13 0.09 -0.49 
-3.28 -1.58 48.47 0.99 -0.02 -0.46 
0.37 -3.82 52.27 0.93 0.01 -0.48 
-6.67 -23.12 91.95 1.55 -1.21 -1.06 
59.63 21.31 153.84 0.86 -0.51 -0.98 
25.82 -8.79 195.31 -0.20 -0.07 -0.04 
-0.51 -29.57 204.97 -0.03 0.20 0.73 
-48.06 -48.01 197.01 0.10 -0.22 0.58 
-23.98 35.19 198.67 -0.02 0.13 -0.28 
-48.34 -4.13 148.33 1.04 -0.67 -1.28 
-13.05 -3.14 147.89 0.97 0.42 -0.61 
-7.02 0.62 147.19 1.11 -0.65 -0.58 
8.95 2.70 145.87 0.95 0.02 -0.44 
17.88 -1.13 140.12 0.93 0.10 -0.43 
-32.44 -40.69 151.14 1.95 -0.76 -1.01 
47.65 31.89 200.85 1.17 -0.82 -1.52 
29.22 5.08 250.56 0.23 0.05 -0.42 
24.34 -5.40 264.96 0.00 0.13 0.74 
-48.36 -48.59 262.48 0.29 -0.34 0.56 
-49.88 15.42 245.79 -0.05 -0.20 -0.13 
-44.86 5.87 195.45 0.98 -0.66 -0.99 
-28.61 -14.80 173.42 1.70 -0.10 -1.03 
-7.40 12.24 159.59 1.00 -0.54 -0.78 
17.73 8.34 159.96 0.74 0.03 -0.44 
2.50 5.91 163.29 0.95 -0.03 -0.55 
-12.83 -25.14 162.10 1.40 -0.46 -0.74 
44.76 21.11 211.82 1.59 -0.69 -1.33 
35.14 -1.23 261.28 0.35 -0.48 -0.59 
5.71 -29.73 284.96 -0.14 0.33 0.50 
-44.04 -46.85 282.23 -0.34 -0.25 0.50 
-31.48 -51.75 183.52 1.24 -0.20 -0.77 
-26.02 0.49 167.98 1.42 -0.14 -0.72 
19.04 11.91 177.14 0.84 0.09 -0.42 
-0.78 0.64 178.68 0.96 -0.10 -0.51 
-17.00 -19.61 185.47 1.10 -0.21 -0.45 
31.09 1.98 223.07 1.75 -0.78 -1.06 
26.38 12.81 272.54 0.71 -0.71 -0.77 
12.49 -10.88 314.19 -0.26 -0.12 0.14 
6.81 -19.11 322.65 -0.29 0.11 0.60 
-47.31 -46.07 322.10 -0.25 -0.01 0.31 
-31.52 26.47 -323.06 0.20 -0.19 0.00 
38.65 35.82 -242.99 1.35 0.26 -0.42 
-12.90 -1.98 -243.60 1.02 -0.12 -0.52 
-12.32 -42.96 -241.23 1.53 -0.44 -0.86 
38.88 22.73 -195.71 1.40 -0.74 -1.30 
39.78 -2.91 -146.25 0.51 -0.56 -0.80 
33.48 -12.75 -116.06 -0.06 0.44 0.22 
-13.81 -1.35 -110.27 -0.28 0.22 0.86 
-49.61 -47.73 -107.29 -0.03 -0.58 0.42 
-19.38 32.87 -111.54 0.07 0.36 0.17 
-53.95 -25.03 -187.05 1.72 -0.18 -0.95 
-41.88 -2.11 -164.52 2.56 0.12 -1.47 
11.11 20.16 -141.05 1.30 0.45 -0.45 
-6.50 -1.43 -149.58 1.08 -0.16 -0.52 
0.36 -4.22 -140.97 0.91 0.04 -0.43 
-10.13 -28.85 -92.15 1.53 -0.97 -0.92 
44.05 8.49 -30.26 0.55 -0.69 -0.98 
29.03 -7.87 12.67 -0.14 0.19 0.11 
21.72 -9.67 14.06 0.01 0.58 0.79 
-48.00 -44.35 14.38 -0.55 -0.15 0.32 
-42.55 16.66 25.78 1.32 -0.64 0.98 
-49.24 6.09 0.94 -0.13 -0.29 -0.26 
-28.48 -15.97 -49.66 1.42 -0.35 -0.73 
-47.07 -9.84 -3.75 1.87 0.15 -1.20 
30.29 4.46 26.19 1.23 0.29 -0.60 
-2.69 -0.10 20.73 1.00 -0.15 -0.51 
0.53 -19.25 29.81 1.19 -0.05 -0.42 
37.90 -3.08 70.54 1.71 -0.93 -1.07 
46.99 23.35 120.26 0.81 -0.67 -0.97 
29.54 -3.90 167.01 -0.18 0.11 0.16 
4.93 -19.88 168.03 -0.12 0.35 0.62 
-48.00 -44.80 166.54 -0.39 -0.06 0.29 
-38.70 21.41 143.27 0.53 -0.21 0.53 
-52.63 -0.68 80.35 1.10 -0.48 -0.85 
-21.57 28.41 90.71 1.81 -0.10 -0.95 
10.77 -8.56 111.30 1.17 -0.11 -0.35 
-9.59 -10.41 113.32 0.96 0.16 -0.40 
-10.78 -16.61 138.00 1.20 -0.39 -0.70 
32.41 23.15 187.72 1.38 -0.88 -1.02 
35.09 1.57 237.68 0.42 -0.56 -0.58 
17.33 -17.73 263.37 -0.12 0.23 0.48 
-29.91 -15.65 264.32 -0.43 0.00 0.72 
2.24 -41.25 238.93 0.37 -0.49 0.60 
-46.29 18.61 211.62 -0.03 0.06 0.14 
-45.03 -3.03 161.28 0.87 -0.74 -0.80 
-26.79 -7.65 157.69 0.99 0.10 -0.75 
3.78 8.68 142.84 0.91 -0.65 -0.71 
24.06 5.75 136.88 0.92 0.11 -0.52 
-1.00 0.49 144.54 0.98 -0.04 -0.52 
-9.13 -23.68 144.06 1.20 -0.14 -0.43 
35.26 -0.33 186.01 1.61 -1.05 -1.15 
45.43 0.11 248.15 0.40 -0.60 -0.65 
26.55 -15.36 273.75 -0.08 0.18 0.25 
-49.15 -28.39 279.96 -0.45 0.04 0.53 
-23.20 15.43 261.67 1.13 -0.32 1.36 
-60.54 10.25 208.65 0.78 -0.63 -0.74 
-9.48 -3.90 158.31 1.78 -0.36 -0.80 
-31.52 -11.65 158.28 1.73 0.01 -0.87 
8.43 15.54 192.46 1.12 0.09 -0.42 
-0.73 -1.43 187.92 1.04 -0.14 -0.47 
-10.95 -17.94 196.21 1.10 -0.13 -0.44 
28.94 -3.15 238.62 1.76 -0.75 -0.88 
27.07 24.96 288.33 0.95 -0.70 -0.85 
21.23 0.00 -319.99 -0.19 0.02 0.05 
9.76 -18.84 -311.28 -0.22 0.17 0.69 
-47.06 -35.67 -307.50 -0.47 0.04 0.40 
-33.11 16.58 -321.13 0.88 -0.32 1.05 
-49.12 12.82 298.66 0.27 -0.38 -0.47 
-6.18 12.58 248.29 1.35 -0.22 -0.68 
-38.85 -12.76 260.14 1.66 0.09 -0.81 
4.86 0.39 279.80 1.09 0.11 -0.45 
3.12 -5.46 274.23 1.04 -0.13 -0.62 
26.04 21.24 316.00 1.44 -0.56 -0.86 
31.00 19.30 -289.65 0.91 -0.71 -0.72 
13.76 -11.66 -239.66 -0.19 -0.19 0.16 
-5.34 -24.06 -227.32 -0.10 0.02 0.78 
-5.26 -48.77 -250.48 0.54 -0.55 0.82 
-46.40 15.95 -270.71 0.19 -0.54 0.19 
-44.87 -0.91 -303.78 0.57 -0.68 -0.47 
45.82 -6.55 -311.23 1.04 -0.41 -0.51 
5.31 -1.94 -317.08 0.90 0.00 -0.42 
-2.34 -7.49 -310.34 0.98 -0.03 -0.48 
19.93 -16.90 -262.22 1.45 -0.96 -1.06 
43.36 5.43 -212.26 0.98 -0.67 -1.13 
19.36 -9.49 -173.25 -0.16 -0.22 -0.19 
14.59 -14.58 -157.96 -0.18 0.10 0.56 
-47.49 -46.73 -150.32 -0.40 0.06 0.59 
-12.26 37.53 -145.02 0.42 -0.17 0.37 
-49.21 13.77 -182.93 0.19 -0.64 -0.64 
-13.50 -16.75 -233.52 1.52 -0.41 -1.04 
-2.64 25.35 -220.76 1.23 0.09 -0.52 
20.51 6.50 -233.14 1.14 -0.42 -0.45 
-11.08 2.33 -232.44 1.01 -0.03 -0.30 
4.43 -3.59 -228.90 1.00 -0.09 -0.32 
19.64 -17.09 -219.61 1.83 -0.37 -0.56 
17.12 45.47 -157.47 1.16 -0.73 -0.79 
11.54 -0.54 -107.51 -0.12 -0.10 0.02 
16.42 -15.99 -91.65 -0.10 0.25 0.67 
-49.03 -48.64 -87.12 0.18 -0.35 0.38 
-49.66 27.66 -100.05 -0.08 -0.10 0.01 
-48.59 8.31 -150.39 0.85 -0.74 -1.08 
-14.02 14.46 -167.78 1.00 -0.05 -0.73 
-3.43 -17.85 -194.23 1.51 -0.20 -0.63 
0.36 5.21 -181.92 0.88 0.12 -0.41 
1.00 2.99 -181.65 1.02 -0.09 -0.53 
-3.75 -14.83 -176.21 1.08 -0.11 -0.45 
5.56 -25.78 -126.50 1.33 -0.89 -1.04 
102.66 -38.47 83.65 -0.22 0.29 0.49 
-47.81 -46.19 89.50 -0.40 0.02 0.29 
-15.93 30.28 91.91 0.16 -0.14 0.10 
-48.62 13.24 52.93 0.42 -0.43 -0.65 
-20.05 -7.40 8.29 1.60 -0.24 -0.88 
-45.61 -9.24 -2.80 1.72 -0.02 -0.90 
-9.48 15.25 29.90 1.07 0.33 -0.45 
3.32 1.71 31.22 1.05 -0.08 -0.49 
-38.31 -37.57 41.68 1.34 -0.16 -0.71 
21.47 10.63 91.39 1.24 -0.77 -1.35 
40.18 -6.44 141.10 0.51 -0.70 -0.88 
26.80 -12.39 179.48 -0.12 0.33 0.05 
-45.61 -48.08 186.87 0.06 0.50 0.47 
-24.54 43.82 175.30 -0.04 0.28 -0.47 
-48.79 -3.84 133.52 0.91 -0.97 -1.16 
-26.61 -15.87 111.13 1.72 -0.12 -0.85 
-11.46 -0.74 114.36 1.18 0.01 -0.56 
2.65 2.04 122.74 1.02 0.03 -0.45 
-10.85 -15.29 131.72 1.13 -0.02 -0.42 
11.91 -7.69 176.60 1.42 -0.72 -1.03 
21.49 -8.91 226.56 0.90 -0.66 -1.05 
33.25 -8.63 266.94 0.00 -0.47 -0.36 
25.89 -19.44 294.86 -0.54 -0.14 0.16 
-7.93 -24.53 315.78 -0.16 0.25 0.76 
5.06 -43.42 280.28 0.71 -0.33 1.10 
-44.33 11.85 253.66 0.09 -0.41 0.07 
-44.10 -11.30 219.46 0.78 -0.54 -0.59 
17.56 25.97 227.75 0.84 0.02 -0.40 
3.45 -2.60 227.96 1.00 -0.03 -0.45 
-37.91 -28.36 261.27 1.26 -0.63 -0.86 
29.69 4.48 -27.72 0.80 -0.28 -0.70 
-42.68 -3.96 16.56 1.23 0.02 -0.81 
-2.44 -2.26 19.02 1.30 0.00 -0.88 
122.33 13.30 221.39 1.02 0.03 -0.47 
-101.65 -33.42 301.91 0.03 0.22 0.96 
158.21 -50.52 -143.77 0.31 -0.86 -0.48 
-144.11 -141.70 -157.46 -0.34 -0.21 0.00 
-7.80 49.61 -175.75 -0.24 0.28 -0.17 
-48.43 3.41 -226.09 0.98 -0.67 -1.12 
-47.00 -2.60 -188.33 1.72 0.03 -1.10 
20.56 19.09 -170.53 1.08 0.07 -0.46 
-10.01 -2.29 -172.09 1.00 -0.14 -0.52 
5.03 -4.74 -167.95 0.95 0.02 -0.45 
-12.36 -28.83 -132.41 1.41 -0.84 -0.89 
47.47 27.53 -90.01 1.15 -0.85 -1.14 
28.74 -4.75 -43.75 0.13 -0.47 -0.36 
24.88 -19.93 -32.90 -0.12 0.19 0.65 
-46.42 -22.29 -19.48 -0.46 0.36 0.58 
-37.35 18.16 -35.85 0.75 -0.17 1.11 
-48.49 23.69 -86.19 0.52 -0.60 -1.14 
-43.65 1.71 -69.96 1.25 0.25 -0.83 
41.84 -1.53 -22.95 1.39 0.25 -0.55 
-4.03 -1.35 -25.22 0.99 -0.08 -0.44 
-7.96 -14.23 -13.38 1.04 0.00 -0.45 
-0.17 -22.74 36.33 1.12 -0.64 -1.14 
27.35 -22.54 72.36 0.18 -0.32 -1.27 
46.60 -14.55 81.91 -0.14 -0.45 -0.36 
27.34 -12.64 93.41 -0.26 0.11 0.41 
-22.53 -4.37 101.03 -0.45 -0.11 0.73 
-25.94 -46.58 81.15 -0.11 -0.35 0.53 
-40.16 4.10 42.41 0.03 -0.40 -0.33 
-18.90 -10.84 -7.93 1.23 -0.45 -0.68 
-30.93 -27.44 10.84 1.08 0.35 -0.57 
20.42 -4.51 4.57 1.04 -0.57 -0.48 
-21.44 -7.89 4.61 1.06 -0.07 -0.42 
3.25 -8.76 10.96 0.98 0.02 -0.45 
37.98 -19.00 54.77 1.61 -1.04 -1.18 
41.98 16.94 104.23 0.86 -0.71 -1.04 
28.74 -9.51 146.03 0.03 -0.23 0.00 
17.74 0.65 152.84 -0.15 0.44 0.66 
-46.92 -30.91 162.33 -0.57 0.16 0.36 
-48.21 18.24 161.67 1.25 -0.61 1.31 
-35.24 12.09 111.33 0.66 -0.83 -0.56 
11.55 -3.16 88.24 1.22 -0.22 -0.44 
-49.20 -15.27 71.03 1.69 -0.37 -0.83 
14.52 6.69 70.50 0.76 0.20 -0.41 
3.70 3.77 74.98 0.99 -0.07 -0.52 
-22.91 -13.61 100.22 1.49 -0.62 -0.64 
34.87 20.00 141.47 1.35 -0.88 -0.85 
27.35 -2.01 203.61 0.21 -0.47 -0.24 
-2.22 2.89 219.71 -0.25 0.14 0.68 
-25.51 -44.18 198.94 0.31 -0.39 0.59 
-49.50 18.96 172.76 0.19 -0.45 -0.31 
-13.15 -14.70 122.42 1.30 -0.58 -0.79 
-32.19 -1.16 136.39 1.16 0.12 -0.52 
