0.00 0.00 0.00 0.00 0.00 0.00 
198.08 106.49 -79.16 0.77 -0.34 0.51 
5.82 26.45 -71.68 0.73 -0.28 0.50 
17.78 31.27 -66.26 0.67 -0.27 0.46 
34.35 88.05 184.54 1.08 -0.34 1.46 
50.21 82.71 317.78 0.37 -0.77 0.89 
2.60 12.41 -322.37 0.43 0.16 1.02 
-4.39 39.23 283.77 0.22 -0.73 0.66 
3.71 35.53 305.98 0.31 -0.41 1.46 
6.64 75.02 -311.22 -0.22 -0.02 0.11 
48.98 -88.93 320.53 0.08 -0.22 0.93 
-4.37 1.02 320.90 0.23 -0.23 1.47 
3.09 7.35 -311.65 0.27 -0.60 0.71 
0.83 -10.69 -259.41 0.60 -0.26 0.85 
12.70 19.81 -283.34 0.44 0.01 1.09 
2.84 24.35 -319.91 0.50 -0.24 0.84 
-3.29 16.00 318.01 0.39 -0.64 0.59 
7.68 6.62 323.65 0.17 -0.51 1.08 
5.58 71.72 -301.88 0.22 -0.21 0.90 
1.49 59.69 -289.71 -0.58 0.08 -0.86 
0.11 -14.69 -295.61 -0.73 0.16 -0.67 
-0.25 -38.02 -307.35 0.03 0.01 0.32 
24.31 23.21 -274.04 0.36 0.03 1.11 
0.99 19.38 -303.45 0.57 -0.19 0.91 
43.44 -46.48 310.91 0.44 -0.36 1.47 
-1.95 9.67 -261.13 0.45 0.25 1.06 
1.77 19.02 -285.15 0.49 0.22 0.94 
-5.01 21.07 -318.51 0.52 -0.39 0.84 
-4.45 14.78 326.37 0.08 -0.61 0.58 
-0.79 19.61 -312.52 0.37 -0.55 1.59 
-11.20 58.26 -291.51 -0.05 -0.19 0.56 
-6.35 59.03 -268.66 -0.45 0.06 -0.72 
35.13 72.65 -220.28 0.20 -0.53 1.03 
7.56 5.85 -188.94 0.27 -0.33 0.66 
-8.17 -9.99 -151.06 0.34 -0.29 0.82 
5.73 5.19 -149.75 0.40 0.00 1.23 
-2.84 32.59 -188.64 0.50 -0.26 0.89 
11.39 26.09 -211.59 0.25 -0.52 0.58 
3.97 10.67 -204.92 0.22 -0.69 1.26 
-7.51 54.35 -176.42 0.20 -0.29 0.89 
-4.09 58.88 -149.66 -0.19 0.14 -0.34 
12.28 -10.22 -154.52 -0.55 0.46 -1.12 
15.95 -36.35 -183.07 -0.23 -0.11 -0.23 
11.09 -37.30 -193.64 0.31 -0.36 1.06 
-3.24 5.24 -189.21 0.38 -0.53 1.39 
0.33 4.30 -157.60 0.28 -0.46 0.52 
9.55 -7.46 -116.61 0.60 -0.26 0.76 
3.58 7.58 -122.14 0.49 0.34 1.23 
7.54 23.63 -161.28 0.62 -0.27 0.86 
3.69 21.58 -187.29 0.24 -0.41 0.77 
12.49 6.51 -187.29 0.09 -0.51 0.82 
62.23 38.06 39.18 0.31 -0.58 0.58 
1.67 -6.22 72.59 0.43 -0.29 0.62 
0.43 0.99 85.48 0.48 0.19 1.32 
-3.59 24.42 48.51 0.59 -0.17 0.80 
2.95 23.07 21.47 0.42 -0.67 0.71 
-0.29 10.97 19.87 0.16 -0.53 0.94 
2.16 65.18 46.98 0.12 -0.38 1.04 
1.79 60.76 62.19 -0.43 0.02 -0.17 
7.87 -12.80 63.35 -0.70 0.40 -0.95 
28.00 -35.32 40.42 -0.26 -0.11 0.00 
14.04 -22.63 31.15 0.43 -0.45 1.13 
5.54 14.36 56.56 0.33 -0.72 0.86 
-20.65 78.15 41.86 0.15 -0.76 0.65 
-8.76 72.16 78.19 0.19 -0.45 1.05 
-4.82 28.93 261.62 0.62 0.48 1.25 
-6.70 21.50 221.81 0.79 0.07 0.79 
55.58 18.29 242.17 0.57 -0.74 1.08 
7.20 72.28 277.85 0.17 -0.15 0.66 
-15.51 58.44 302.41 -0.27 0.15 -0.88 
20.57 -29.92 294.55 -0.34 0.46 -1.04 
26.96 -47.63 268.45 0.01 -0.15 0.29 
4.79 -8.91 266.39 0.99 -0.15 1.69 
14.61 8.58 303.66 0.42 -0.71 0.50 
18.76 -8.63 -307.51 0.71 -0.22 0.69 
4.25 7.32 -311.49 0.60 0.63 1.17 
-9.35 29.11 302.35 1.10 -0.04 0.81 
8.85 121.65 -299.44 0.42 -0.27 1.41 
-13.80 73.17 -268.56 -0.17 0.25 -0.57 
54.58 -88.33 -316.86 0.42 0.02 0.18 
3.82 3.16 -314.42 0.46 -0.54 1.54 
3.48 17.30 -286.83 0.35 -0.53 0.69 
7.09 -10.90 -241.69 0.40 -0.07 0.67 
2.52 4.12 -233.88 0.60 0.43 1.33 
-9.54 20.11 -262.56 0.57 -0.07 0.77 
-10.83 18.97 -298.38 0.44 -0.39 0.62 
6.37 6.87 -295.37 0.37 -0.62 1.02 
-2.35 72.10 -267.24 0.18 -0.24 0.86 
-1.95 59.26 -252.35 -0.47 0.15 -0.79 
15.00 -28.78 -260.71 -0.62 0.27 -0.77 
13.19 -37.83 -284.74 0.00 -0.07 0.10 
-6.39 3.52 -286.20 0.05 -0.39 1.34 
4.71 7.98 -258.59 0.27 -0.71 0.68 
42.90 62.47 308.92 0.32 -0.03 0.92 
1.80 15.38 276.98 0.29 -0.39 0.79 
-13.46 9.19 272.10 0.08 -0.77 0.56 
16.92 34.45 286.05 0.52 -0.15 1.61 
-17.34 74.05 304.96 -0.16 0.12 -0.11 
27.94 22.59 319.04 -0.67 0.55 -1.46 
11.90 -35.95 299.64 -0.68 0.05 -0.54 
7.94 -39.79 285.85 0.82 -0.22 0.79 
-7.84 8.28 293.80 0.51 -0.59 1.31 
7.36 8.16 -323.16 0.39 -0.60 0.57 
0.21 -10.21 -270.26 0.61 -0.05 0.72 
8.51 10.56 -283.02 0.48 0.30 1.13 
30.32 53.93 -232.40 0.45 -0.74 1.34 
-0.09 58.01 -210.87 -0.08 -0.05 0.70 
-15.04 73.78 -192.40 -0.56 0.08 -1.31 
6.42 -20.65 -205.80 -0.62 0.21 -0.82 
22.44 -38.24 -225.80 0.00 -0.05 0.21 
12.54 -13.26 -229.34 0.40 -0.16 1.61 
1.02 13.37 -217.03 0.30 -0.86 0.81 
22.54 36.40 -245.25 0.53 0.13 1.25 
-4.10 19.69 -289.46 0.59 -0.09 0.82 
-1.18 25.04 -313.37 0.29 -0.79 0.35 
22.44 8.50 -300.94 0.61 -0.89 1.11 
37.17 -39.55 -309.64 -0.69 0.51 -1.15 
20.25 -46.31 311.36 -0.18 -0.08 -0.25 
3.35 -29.45 305.09 0.81 -0.31 1.55 
0.54 23.94 319.91 0.34 -0.69 0.63 
9.70 -2.93 -291.46 0.48 -0.38 0.60 
-2.03 -9.52 -249.53 0.58 0.07 0.90 
10.58 21.26 -270.41 0.57 0.04 1.00 
5.29 23.81 -300.85 0.46 -0.04 0.83 
-7.74 16.22 -322.30 0.25 -0.67 0.45 
7.85 7.41 -313.25 0.49 -0.68 1.12 
14.98 71.67 -282.63 0.11 -0.16 0.83 
-30.77 58.37 -276.48 -0.17 0.06 -1.22 
5.86 -19.30 -278.49 -0.62 0.29 -0.77 
19.49 -37.45 -290.22 -0.04 -0.09 0.15 
24.68 -5.78 -290.92 0.23 -0.36 1.51 
-1.69 11.76 -289.09 0.09 -0.58 0.94 
11.52 -2.39 -251.57 0.32 -0.60 0.59 
-4.57 -10.70 -203.61 0.56 0.20 0.90 
7.41 21.48 -225.78 0.53 0.09 0.99 
-0.84 17.80 -260.68 0.40 -0.26 0.78 
-4.28 9.28 -267.00 0.23 -0.92 0.56 
0.42 19.98 -251.36 0.47 -0.30 1.34 
-1.67 57.64 -226.29 0.03 -0.23 0.70 
-15.72 74.00 -200.15 -0.71 -0.13 -1.28 
7.49 -14.84 -211.36 -0.64 0.39 -0.85 
-49.48 -6.49 -323.93 0.53 -0.62 1.34 
23.74 12.04 -261.99 0.59 0.29 1.24 
12.02 23.13 -297.68 0.71 -0.04 0.91 
-10.31 30.41 324.02 0.27 -0.57 0.63 
-3.58 27.51 -309.82 0.32 -0.44 1.38 
14.21 58.20 -291.43 -0.15 -0.13 0.75 
-1.83 58.68 -273.87 -0.24 0.16 -0.85 
5.56 -36.28 -285.30 -0.79 0.20 -0.83 
36.68 -56.23 -297.85 0.53 -0.49 0.95 
-7.18 10.94 -290.84 0.56 -0.57 1.35 
9.44 3.49 -245.07 0.42 -0.65 0.54 
4.42 -6.49 -208.09 0.51 -0.10 0.81 
12.60 8.46 -205.78 0.48 0.09 1.15 
-5.87 23.71 -237.48 0.57 -0.16 0.80 
-12.99 14.62 -272.36 0.35 -0.25 0.65 
7.33 15.65 -261.20 0.39 -0.61 1.17 
0.76 49.96 -235.01 0.25 -0.42 1.06 
13.45 60.34 -218.32 -0.26 0.11 -0.12 
58.98 135.67 299.03 0.46 0.19 1.01 
-117.80 320.08 -161.81 -0.34 0.35 -1.38 
11.99 -17.48 -175.53 -0.67 0.37 -0.89 
16.84 -38.66 -201.59 0.07 -0.06 0.23 
18.57 -18.35 -206.26 0.53 -0.34 1.40 
-3.45 14.01 -193.70 0.36 -0.74 0.95 
-0.43 0.00 -151.00 0.37 -0.58 0.64 
6.63 -8.07 -117.04 0.48 -0.27 0.73 
8.71 11.89 -124.64 0.43 0.25 1.03 
-1.98 17.45 -156.11 0.61 0.09 0.84 
-8.00 22.93 -186.66 0.53 -0.68 0.80 
18.63 -0.15 -174.73 0.25 -0.56 0.93 
-1.30 50.28 -149.93 0.33 -0.38 1.29 
2.57 59.61 -133.30 -0.19 0.17 -0.16 
8.49 -1.10 -128.00 -0.85 0.23 -1.43 
18.56 -36.24 -139.39 -0.37 0.15 -0.43 
13.11 -10.85 -148.63 0.42 0.02 1.58 
4.78 10.04 -124.88 0.33 -0.73 0.84 
4.00 -4.22 -81.13 0.49 -0.37 0.54 
-0.84 -2.80 -62.50 0.61 0.28 1.31 
8.76 27.16 -94.69 0.69 -0.07 1.02 
-20.11 21.75 -129.79 0.34 -0.61 0.55 
8.94 3.38 -120.35 0.36 -0.72 1.03 
1.29 43.94 -96.29 0.29 -0.36 1.27 
9.81 60.52 -83.57 -0.27 0.13 0.05 
2.20 8.52 -84.83 -0.81 0.08 -1.42 
14.78 -36.06 -100.30 -0.26 -0.03 -0.23 
-3.89 -27.65 -110.53 0.60 -0.62 1.39 
-4.76 13.27 -103.24 0.29 -0.57 1.08 
-0.01 5.67 -66.64 0.28 -0.32 0.60 
4.75 -9.23 -34.01 0.32 -0.23 0.71 
21.56 17.93 -39.18 0.50 0.00 1.13 
-36.64 45.54 -94.18 0.55 -0.46 0.75 
-3.13 0.82 -96.32 0.50 -0.61 0.64 
0.36 2.28 -99.37 0.11 -0.72 0.62 
7.24 8.87 -94.38 0.52 -0.71 1.34 
0.64 -58.37 -85.47 0.56 -0.32 0.76 
5.25 22.42 -68.18 0.29 -0.74 0.68 
11.03 -4.56 -26.83 0.48 -0.57 0.55 
5.64 -8.52 20.06 0.65 0.07 0.90 
6.45 13.87 -6.74 0.61 0.14 1.05 
-4.30 28.44 -38.12 0.58 -0.42 0.85 
0.42 11.32 -46.92 0.03 -0.80 0.50 
-10.93 55.99 -23.47 0.31 -0.40 1.34 
4.19 60.78 -15.07 -0.26 0.13 0.05 
4.78 23.38 -16.16 -0.86 0.17 -1.41 
-3.64 -36.31 -35.35 -0.50 0.01 -0.55 
7.81 -5.87 -40.53 0.60 -0.45 1.56 
0.97 17.22 -28.81 0.26 -0.72 0.74 
1.43 -4.55 27.67 0.44 -0.37 0.64 
-8.71 -10.59 64.54 0.55 0.13 1.12 
10.25 27.39 40.31 0.56 0.06 0.98 
-1.68 19.37 4.37 0.50 -0.32 0.70 
-8.13 7.63 -9.29 0.33 -1.11 0.64 
-3.13 25.63 7.21 0.38 -0.40 1.35 
6.77 58.39 30.05 -0.07 -0.04 0.50 
-10.61 58.67 53.55 -0.56 0.09 -0.74 
3.50 -21.13 44.76 -0.71 0.15 -0.83 
0.34 -38.38 34.77 0.10 -0.04 0.41 
17.72 -14.40 33.73 0.46 -0.25 1.62 
6.89 10.89 52.19 0.24 -0.57 0.82 
3.33 -7.30 98.97 0.42 -0.23 0.70 
-1.60 1.74 111.45 0.42 0.14 1.14 
-6.09 32.40 74.40 0.56 -0.14 0.89 
-10.14 23.10 52.77 0.33 -0.65 0.66 
3.97 5.14 51.34 0.15 -0.93 0.79 
-6.51 37.20 72.43 0.18 -0.46 1.17 
12.33 68.56 98.34 -0.51 0.01 0.15 
-11.61 30.11 94.52 -0.81 0.31 -1.18 
7.08 -32.36 86.28 -0.71 0.17 -0.40 
20.19 -35.92 64.65 0.08 -0.45 0.83 
0.77 -0.73 65.72 0.31 -0.55 1.22 
8.00 4.00 104.34 0.37 -0.59 0.63 
5.32 -6.66 138.62 0.48 -0.23 0.76 
3.41 14.30 140.28 0.44 0.19 1.15 
11.24 27.06 112.47 0.52 -0.15 0.88 
1.72 20.44 89.34 0.27 -0.61 0.61 
8.99 8.14 92.38 0.30 -0.79 0.99 
0.93 42.29 115.62 0.20 -0.42 1.11 
-0.18 59.61 129.54 -0.43 0.00 0.10 
-12.42 20.87 144.35 -1.07 0.30 -1.06 
29.32 -55.48 111.31 -0.22 -0.17 0.22 
0.42 -23.28 109.76 0.71 -0.48 1.24 
1.98 13.90 126.64 0.49 -0.69 0.95 
8.43 4.86 164.90 0.38 -0.23 0.59 
-7.37 -1.92 194.50 0.38 -0.02 0.92 
12.19 17.82 170.55 0.36 0.09 0.91 
3.38 15.12 137.53 0.37 -0.34 1.00 
-4.86 16.35 122.57 0.21 -0.77 0.54 
9.04 10.99 133.86 0.18 -0.45 1.14 
2.59 72.96 163.06 -0.03 -0.26 0.68 
-7.28 64.61 179.03 -0.70 0.24 -0.97 
21.29 -30.39 172.46 -0.79 0.16 -0.38 
12.78 -39.31 147.74 0.30 -0.25 0.51 
-2.90 -1.78 151.03 0.39 -0.42 1.42 
4.29 11.54 178.33 0.41 -0.47 0.77 
0.77 -5.19 215.54 0.32 -0.20 0.68 
8.93 19.05 205.14 0.41 0.12 1.22 
1.57 23.02 170.56 0.41 -0.19 0.86 
-0.07 16.63 152.22 0.18 -0.70 0.61 
2.92 26.49 162.66 0.25 -0.52 1.28 
-0.27 58.64 183.71 -0.17 -0.26 0.61 
-1.52 50.27 209.93 -0.66 -0.01 -0.81 
42.80 78.50 -216.86 0.73 -0.73 0.65 
12.25 13.31 -197.23 0.26 0.78 0.93 
-9.89 20.79 -230.44 0.53 -0.29 1.01 
-4.57 19.25 -249.90 0.18 -0.60 0.49 
10.88 16.47 -241.68 0.44 -0.58 1.26 
-1.01 57.72 -221.66 0.06 -0.19 0.83 
-5.07 59.59 -195.95 -0.67 -0.07 -0.64 
9.23 -21.44 -200.79 -0.76 0.08 -0.70 
8.41 -48.20 -224.72 0.30 -0.50 0.82 
3.44 7.73 -213.38 0.33 -0.77 1.25 
2.18 1.27 -178.05 0.38 -0.43 0.60 
3.09 -6.05 -138.86 0.48 -0.03 0.88 
-13.76 25.65 -161.08 0.00 -0.78 0.47 
3.39 21.86 -143.20 0.40 -0.68 1.37 
25.65 89.96 -112.23 -0.37 0.11 0.00 
-9.39 -3.89 -118.08 -0.66 0.21 -1.26 
9.09 -45.41 -157.03 -0.21 -0.14 0.08 
10.56 -20.73 -158.19 0.43 -0.16 1.38 
1.75 9.54 -153.06 0.37 -0.44 1.02 
11.38 -0.64 -107.02 0.43 -0.41 0.63 
4.12 0.31 -72.31 0.43 0.15 0.90 
7.11 14.98 -89.35 0.55 -0.12 1.05 
1.94 25.13 -115.01 0.39 -0.28 0.72 
7.08 17.86 -111.06 0.25 -0.76 0.96 
-6.08 42.73 -89.11 0.20 -0.46 1.08 
18.82 -82.62 -117.72 -0.68 0.17 -0.61 
22.16 -48.47 -142.11 0.28 -0.11 0.63 
9.35 -3.01 -140.80 0.67 -0.25 1.50 
0.52 13.59 -127.20 0.44 -0.66 0.74 
3.47 2.31 -88.91 0.41 -0.35 0.62 
15.14 -6.52 -58.00 0.56 -0.03 0.88 
-9.95 24.68 -106.32 0.74 -0.03 1.04 
-6.91 23.00 -127.75 0.25 -0.41 0.61 
6.17 2.88 -122.93 0.14 -0.74 0.79 
-0.40 37.47 -106.79 0.34 -0.26 1.39 
-0.45 59.88 -89.35 -0.19 -0.12 0.21 
9.49 16.67 -80.78 -0.82 0.22 -1.37 
-1.85 -35.46 -94.28 -0.65 -0.03 -0.39 
8.98 -39.28 -99.50 0.40 -0.19 0.75 
-3.31 1.09 -92.37 0.73 -0.42 1.45 
5.65 12.25 -70.27 0.34 -0.59 0.61 
8.06 -2.02 -34.02 0.44 -0.20 0.73 
1.89 5.93 -31.02 0.41 0.03 1.04 
14.68 7.58 -12.88 0.20 -0.63 0.96 
0.42 36.98 4.68 0.23 -0.32 1.23 
11.85 71.78 24.16 -0.29 -0.21 0.28 
-2.05 22.69 38.79 -0.83 0.22 -1.27 
4.96 -35.47 21.62 -0.55 -0.13 -0.24 
10.40 -26.27 11.17 0.20 -0.32 0.86 
0.00 0.00 0.00 0.00 0.00 0.00 
-202.69 76.38 71.15 1.01 -0.17 -0.07 
0.92 -2.45 69.36 1.01 -0.23 -0.06 
18.22 -5.55 60.52 1.65 -0.67 0.01 
25.44 27.77 64.19 1.19 0.10 0.35 
-0.11 27.63 39.71 0.45 -0.59 0.09 
-1.59 4.59 47.67 0.50 -0.53 0.99 
-10.51 60.21 57.80 0.29 -0.04 0.43 
-6.05 50.18 74.43 -0.49 0.22 -0.90 
10.85 -28.40 70.15 -0.63 0.39 -1.03 
9.61 -44.43 41.15 -0.29 -0.12 -0.06 
7.32 -31.87 39.80 0.27 -0.11 1.18 
-1.21 3.38 50.66 0.36 -0.63 0.92 
-14.73 -24.63 103.19 0.56 -0.10 0.70 
-2.70 1.02 94.91 0.55 0.51 1.15 
-5.20 19.13 51.50 0.98 -0.15 0.75 
-11.47 9.20 27.28 0.28 -0.63 0.71 
7.51 125.80 65.89 -0.36 0.02 0.11 
-13.43 24.99 78.45 -0.77 0.27 -1.35 
4.97 -39.10 56.54 -0.73 0.14 -0.69 
12.61 -47.29 26.37 0.11 -0.18 0.42 
8.04 -13.73 22.66 0.53 0.01 1.56 
-2.79 0.34 50.28 0.51 -0.55 0.66 
0.45 -5.49 98.38 0.51 0.04 0.68 
12.74 -5.54 66.82 0.54 0.03 1.10 
-22.09 19.95 32.74 0.63 -0.52 0.70 
8.31 7.99 -1.92 -0.04 -0.56 0.62 
-10.49 72.90 26.68 0.40 -0.29 1.25 
-4.45 51.39 37.20 -0.28 0.14 -0.10 
-0.49 17.10 36.08 -0.78 0.31 -1.63 
20.39 -67.86 12.41 -0.27 -0.10 0.06 
-1.03 -116.08 -323.23 0.50 -0.25 0.61 
-6.03 -8.47 -314.86 0.50 0.12 1.19 
7.11 11.45 303.80 0.57 -0.09 0.93 
-7.13 12.42 263.52 0.48 -0.50 0.68 
3.93 0.01 253.50 0.26 -0.84 0.80 
72.03 -257.92 156.10 -0.10 -0.18 0.43 
-6.87 -22.73 148.58 0.73 -0.30 1.57 
1.06 10.77 159.36 0.35 -0.76 0.79 
8.63 -2.50 193.56 0.36 -0.22 0.63 
-17.09 -11.12 225.56 0.38 0.41 0.97 
10.57 14.30 196.52 0.53 0.06 1.08 
-11.99 8.83 162.75 0.35 -0.48 0.59 
-8.91 4.16 144.68 0.27 -0.54 0.66 
1.48 12.16 155.28 0.56 -0.52 1.30 
11.85 48.84 167.82 0.08 -0.07 0.84 
-28.04 62.66 180.16 -0.41 0.06 -0.80 
2.33 -62.18 153.83 -0.59 0.20 -0.92 
17.89 -108.76 314.57 0.54 -0.16 0.82 
8.78 12.30 299.68 0.54 -0.13 1.14 
-6.28 21.34 260.78 0.52 -0.27 0.69 
-16.27 171.54 303.88 0.04 -0.08 0.53 
-19.88 63.45 310.05 -0.80 -0.04 -0.74 
-2.85 -67.31 292.35 -0.65 -0.13 -0.14 
-0.96 -44.81 283.17 0.05 -0.22 0.69 
-5.44 -11.70 277.56 0.32 -0.39 1.43 
1.17 -0.13 305.45 0.32 -0.72 0.53 
-15.11 -7.96 -317.30 0.28 0.12 0.67 
-4.93 4.17 -327.03 0.35 -0.09 1.18 
4.20 18.43 299.43 0.43 -0.31 0.82 
0.39 9.09 272.50 0.01 -0.47 0.61 
11.28 3.50 269.27 0.22 -0.61 1.21 
-4.05 30.86 284.10 0.14 -0.40 1.18 
7.94 51.29 295.32 -0.17 0.09 -0.06 
-6.89 18.57 293.89 -0.86 0.11 -1.32 
-6.24 -41.46 281.07 -1.03 -0.22 -0.68 
7.86 -43.89 268.66 -0.08 0.00 0.62 
-1.66 -16.84 270.48 0.05 -0.72 1.63 
2.48 -8.56 297.88 0.36 -0.51 0.58 
-5.76 -13.13 -319.15 0.38 0.02 1.03 
19.67 6.37 303.89 0.38 0.11 1.09 
-0.04 12.13 263.87 0.33 -0.24 0.76 
-11.36 4.02 242.85 0.05 -0.85 0.56 
9.35 13.52 250.05 0.30 -0.27 1.40 
1.07 49.33 264.28 0.00 -0.14 0.69 
-9.33 46.19 274.14 -0.66 -0.04 -0.80 
-0.62 -18.18 259.26 -0.78 0.32 -0.84 
7.84 -43.85 239.61 -0.46 -0.08 -0.03 
10.74 -43.78 224.96 0.42 -0.37 1.13 
-6.09 8.71 226.45 0.41 -0.67 1.08 
10.11 -0.54 255.11 0.35 -0.58 0.56 
-12.09 -22.46 304.56 0.39 0.13 0.87 
13.11 12.15 276.01 0.61 0.06 1.23 
-33.67 16.20 248.21 0.35 -0.35 0.60 
10.97 8.92 223.68 0.08 -0.78 0.45 
1.72 14.48 237.08 0.33 -0.55 1.17 
-9.21 43.66 256.48 -0.24 -0.24 0.60 
-9.98 50.16 272.40 -0.25 0.21 -0.44 
-0.25 -11.45 266.00 -0.89 0.52 -1.22 
14.54 -55.91 236.69 -0.35 -0.06 -0.10 
26.70 -32.13 221.80 0.31 -0.39 1.59 
10.39 -2.86 240.31 0.16 -0.83 0.54 
8.13 -17.62 277.12 0.46 -0.25 0.61 
-6.67 -3.94 288.56 0.46 0.14 1.24 
2.33 15.05 258.14 0.52 -0.19 0.92 
-0.46 8.42 225.26 0.33 -0.43 0.70 
-9.65 -8.12 208.73 0.17 -0.86 0.66 
0.92 21.07 222.56 0.52 -0.51 1.40 
-5.70 75.80 232.25 -0.34 0.20 -0.21 
4.97 7.98 226.24 -0.89 0.39 -1.57 
7.93 -44.75 210.03 -0.52 0.05 -0.44 
11.26 -47.54 191.87 0.39 -0.40 0.82 
-13.90 -2.70 190.56 0.44 -0.41 1.20 
-3.09 -0.34 212.86 0.33 -0.74 0.78 
7.88 -12.12 246.88 0.44 -0.34 0.58 
3.78 4.12 244.63 0.30 0.89 1.21 
-5.83 4.32 200.65 0.52 -0.23 0.72 
-6.54 -2.27 175.44 0.47 -0.46 0.85 
-15.52 54.98 171.00 0.47 0.12 1.30 
-17.49 59.64 196.54 -0.55 -0.21 -0.04 
-6.81 20.44 201.22 -0.94 0.45 -1.63 
-5.91 -44.95 181.31 -0.76 0.01 -0.62 
-19.74 -59.14 165.13 0.04 -0.20 0.59 
0.05 -12.36 162.21 0.48 -0.48 1.44 
7.88 6.84 178.23 0.41 -0.72 0.73 
0.61 -9.60 229.27 0.37 0.17 0.71 
-0.57 1.62 212.65 0.43 0.14 1.18 
9.08 6.76 164.07 0.35 -0.13 0.68 
0.18 0.66 163.94 0.52 -0.64 1.07 
-14.02 42.03 177.96 0.34 -0.35 0.99 
-14.30 52.05 190.76 -0.45 -0.03 -0.06 
-1.16 -36.61 173.92 -0.66 0.30 -1.02 
15.67 -44.61 147.16 -0.30 -0.08 -0.11 
13.19 -32.56 137.82 0.60 -0.22 1.26 
-0.05 7.43 149.90 0.51 -0.65 0.99 
3.90 -4.01 183.85 0.46 -0.46 0.52 
-4.47 -3.97 207.90 0.35 0.46 1.02 
-4.54 13.20 171.03 0.44 -0.06 0.89 
-13.32 3.49 140.00 0.33 -0.35 0.72 
0.09 0.37 132.45 0.42 -0.72 0.86 
-4.90 36.25 147.83 0.29 -0.37 1.14 
7.97 64.74 162.31 -0.45 0.00 0.03 
-16.22 14.13 162.52 -0.69 0.17 -1.11 
-2.64 -40.95 145.13 -0.83 0.05 -0.73 
0.20 -45.65 127.30 -0.05 -0.20 0.49 
4.61 -24.03 119.18 0.45 -0.33 1.11 
-3.31 1.11 115.46 0.48 -0.53 1.07 
0.72 1.07 142.07 0.33 -0.76 0.59 
14.02 -13.25 176.85 0.40 -0.15 0.80 
7.21 2.29 167.33 0.20 0.21 0.96 
-10.92 4.22 127.77 0.72 -0.57 0.89 
-18.78 6.65 98.46 0.27 -0.71 0.54 
15.08 14.85 100.37 0.50 -0.42 1.31 
-8.30 62.51 117.33 -0.23 -0.06 0.41 
2.55 50.60 143.17 -0.49 0.22 -0.75 
0.83 -21.99 130.06 -0.59 0.30 -0.92 
3.86 -43.71 109.16 -0.44 -0.06 -0.01 
5.65 -47.64 74.48 0.22 -0.48 0.59 
-6.62 -3.44 74.16 0.73 -0.28 1.57 
-0.21 4.12 97.94 0.29 -0.60 0.69 
0.76 -3.32 134.36 0.21 -0.15 0.65 
0.95 0.53 139.26 0.18 0.44 1.09 
4.46 4.80 100.99 0.36 -0.11 0.96 
-12.60 -4.67 68.05 0.30 -0.27 0.69 
4.15 1.44 54.37 0.39 -0.71 0.84 
3.03 15.81 69.35 0.39 -0.43 1.26 
-10.45 62.45 95.69 -0.19 -0.04 0.35 
2.12 49.57 115.09 -0.36 0.49 -0.94 
1.29 -22.96 99.52 -0.52 0.37 -0.94 
4.40 -43.90 72.50 -0.47 0.00 -0.10 
7.73 -47.88 54.48 0.44 -0.43 0.97 
-7.46 -4.79 56.39 0.46 -0.65 1.24 
2.74 -0.64 80.16 0.33 -0.61 0.64 
2.39 -4.82 111.30 0.27 0.09 0.79 
-9.57 9.97 81.66 0.37 -0.26 1.08 
11.36 7.13 37.23 0.17 -0.22 0.75 
-7.44 -0.36 16.66 0.31 -1.07 0.57 
7.38 18.44 30.37 0.33 -0.50 1.24 
2.72 71.55 40.16 -0.46 0.06 0.12 
2.44 -35.70 25.69 -0.76 0.22 -0.74 
0.01 -44.45 -0.15 -0.27 0.00 0.13 
-4.16 -40.14 -14.69 0.42 -0.53 1.32 
0.27 8.34 0.03 0.42 -0.70 0.87 
3.00 -11.66 29.62 0.25 -0.46 0.53 
-0.29 -4.94 30.44 0.39 0.33 1.17 
-4.67 11.37 0.11 0.50 -0.10 0.82 
-7.04 -2.03 -23.62 0.32 -0.28 0.70 
2.01 14.90 -23.64 0.76 -0.79 1.18 
6.97 49.07 -6.52 0.08 -0.26 0.76 
-1.05 51.40 4.10 -0.49 -0.05 -0.29 
-7.13 -5.48 7.14 -0.80 0.29 -1.31 
6.20 -44.52 -17.09 -0.53 -0.01 -0.28 
21.54 25.23 -112.51 0.40 0.05 1.02 
-16.87 -3.02 -157.20 0.47 -0.16 0.67 
3.55 9.25 -177.01 0.48 -0.66 0.70 
9.72 3.39 -171.35 0.59 -0.61 1.08 
-2.47 48.57 -147.58 0.22 -0.37 0.95 
-5.20 52.56 -140.64 -0.50 0.01 0.01 
18.11 -8.79 -128.36 -0.75 0.26 -1.29 
1.88 -44.25 -151.16 -0.52 -0.01 -0.20 
8.68 -48.29 -173.33 0.52 -0.36 0.73 
11.12 49.88 269.07 0.49 -0.30 0.79 
-14.23 12.02 245.35 0.26 -0.61 0.56 
5.02 -8.77 248.47 0.35 -0.92 0.96 
2.54 36.27 270.67 0.32 -0.53 1.17 
1.91 52.33 285.18 -0.40 -0.05 0.02 
-10.79 23.85 282.62 -0.71 0.04 -1.37 
-0.53 -32.29 262.97 -0.81 -0.03 -0.66 
9.23 -45.30 243.56 -0.29 -0.25 0.20 
22.17 -39.40 233.36 0.61 -0.48 1.35 
1.41 8.77 234.24 0.36 -0.50 0.98 
4.93 -2.54 253.11 0.25 -0.66 0.62 
3.77 -15.86 287.15 0.40 -0.32 0.67 
0.51 0.87 288.76 0.37 0.32 1.20 
0.82 9.61 246.09 0.50 -0.20 0.88 
-4.83 -0.43 212.93 0.28 -0.77 0.65 
2.10 11.69 217.83 0.49 -0.62 1.22 
-6.82 44.34 238.57 -0.05 -0.31 0.66 
6.02 46.86 250.07 -0.65 0.00 0.10 
-10.23 18.81 261.14 -0.80 0.08 -1.31 
-7.52 -45.34 240.17 -0.65 0.15 -0.74 
7.57 -46.02 215.77 -0.17 -0.04 0.38 
3.47 -22.64 204.69 0.59 -0.39 1.32 
6.64 9.15 220.93 0.40 -0.60 0.74 
3.03 -7.58 247.50 0.33 -0.33 0.60 
-11.96 -5.88 272.16 0.40 0.29 1.13 
6.61 11.22 241.12 0.47 -0.02 0.93 
1.12 7.02 206.32 0.32 -0.20 0.86 
-1.51 -3.04 196.02 0.28 -0.65 0.77 
9.15 40.36 205.50 0.43 -0.53 1.30 
6.31 51.35 219.55 -0.41 -0.02 0.26 
-18.49 34.42 230.94 -0.74 0.08 -0.92 
2.41 -32.55 212.63 -0.88 0.00 -0.63 
10.30 -45.16 187.92 -0.22 -0.10 0.19 
3.97 -35.81 184.52 0.62 -0.51 1.18 
1.08 10.93 197.20 0.55 -0.64 0.90 
1.08 -3.56 226.38 0.35 -0.55 0.55 
-10.95 -15.41 252.07 0.47 0.52 1.02 
5.31 12.90 219.36 0.50 0.07 0.86 
-9.72 2.28 177.88 0.60 -0.36 0.78 
-78.83 -152.35 150.05 0.74 -0.74 1.28 
-34.31 3.51 -15.16 0.28 -0.43 0.69 
-2.12 7.86 -13.29 0.34 -0.39 1.13 
-4.20 35.02 -0.77 0.17 -0.31 1.09 
-9.37 50.11 7.90 -0.32 -0.16 0.18 
3.63 24.83 27.39 -0.84 0.25 -1.28 
-11.18 -37.90 5.55 -0.82 0.02 -0.73 
17.11 -72.42 -51.38 0.54 -0.15 0.70 
0.13 -4.67 -53.54 0.74 -0.19 0.85 
1.93 5.57 -38.36 0.62 -0.48 0.77 
-12.31 18.19 -36.57 0.55 0.04 1.04 
7.51 -1.11 -99.51 0.45 -0.77 0.67 
-5.41 26.99 -94.30 0.55 -0.66 1.15 
-15.06 63.79 -76.07 -0.36 -0.16 0.18 
3.62 49.64 -56.79 -0.68 0.29 -0.78 
-0.02 -23.89 -71.16 -0.74 0.29 -0.75 
2.43 -44.62 -87.09 -0.42 -0.16 0.11 
8.18 -39.89 -101.62 0.55 -0.32 1.03 
-3.65 4.21 -97.82 0.67 -0.65 1.16 
4.71 -0.17 -71.39 0.45 -0.57 0.58 
2.26 32.60 -38.53 1.12 -0.21 1.56 
28.18 -103.33 -69.19 -0.76 0.28 -1.06 
-15.79 34.49 -57.96 0.75 -0.59 1.19 
0.50 -11.06 -143.98 0.50 0.10 1.12 
26.70 72.66 -90.94 0.51 -0.68 1.29 
117.99 -189.65 -134.18 0.70 -0.17 1.30 
58.35 -54.77 -30.66 0.80 -0.14 1.07 
-2.99 -19.13 -53.88 0.45 -0.88 1.00 
-22.78 146.32 -24.47 -0.77 0.15 -1.25 
-49.32 -125.91 -45.59 0.20 -0.24 0.80 
-12.78 6.85 -43.10 0.37 -0.64 1.01 
5.17 -5.99 -8.79 0.33 -0.48 0.64 
44.74 28.57 -143.68 0.35 0.03 0.69 
-14.01 -6.88 -158.32 0.36 -0.90 0.57 
9.85 23.44 -140.12 0.63 -0.67 1.32 
10.60 0.73 -147.75 -0.91 0.03 -0.98 
4.22 -47.41 -165.09 -0.71 -0.23 -0.08 
4.40 -43.62 -184.50 0.35 -0.51 1.04 
4.02 7.40 -173.80 0.32 -0.77 0.68 
4.10 -15.11 -136.73 0.36 -0.38 0.59 
-11.82 -11.27 -124.57 0.41 -0.17 1.10 
7.02 17.88 -166.11 0.49 -0.20 0.88 
0.29 11.41 -199.67 0.05 -0.32 0.60 
4.58 3.74 -198.38 0.30 -0.57 1.23 
-7.10 60.60 -169.54 0.23 -0.20 0.67 
-5.81 62.35 -148.67 -0.59 0.18 -1.23 
-2.68 -26.16 -171.99 -0.75 0.21 -0.87 
3.74 -56.28 -191.51 -0.36 -0.03 0.19 
7.41 -31.57 -199.18 0.39 -0.29 1.16 
-3.73 10.82 -188.56 0.38 -0.52 0.98 
10.02 -13.77 -145.28 0.31 -0.28 0.51 
-1.76 -1.93 -146.22 0.74 0.08 1.43 
6.55 14.25 -195.35 0.40 -0.08 0.72 
1.28 3.60 -216.70 0.30 -0.61 0.65 
-5.72 37.59 -207.37 0.36 -0.23 1.37 
-17.64 75.78 -182.21 -0.39 -0.01 -0.28 
-1.30 -15.36 -189.91 -0.77 0.23 -0.94 
13.77 -55.75 -222.73 -0.38 -0.08 0.12 
24.00 -24.18 -221.88 0.27 -0.47 1.36 
-0.74 -6.03 -169.83 0.34 -0.26 0.78 
-15.86 -6.60 -158.51 0.13 0.16 0.98 
6.16 12.53 -198.99 0.34 -0.10 0.92 
-13.21 1.54 -233.12 0.07 -0.50 0.65 
9.55 30.02 -230.91 0.35 -0.40 1.52 
-11.76 64.00 -221.20 -0.17 0.03 0.06 
-17.54 -9.86 -231.66 -0.77 0.41 -1.16 
33.82 -69.00 -259.67 -0.17 -0.20 0.12 
6.96 -13.84 -270.26 0.47 -0.22 1.54 
2.72 -0.40 -234.23 0.25 -0.55 0.62 
7.09 -7.83 -201.40 0.54 0.23 0.99 
-8.06 15.42 -232.38 0.61 0.14 1.05 
-11.59 6.67 -263.94 0.28 -0.15 0.65 
14.45 0.77 -258.39 0.38 -0.49 1.27 
-6.08 61.14 -239.14 0.06 -0.09 0.75 
13.44 63.11 -221.33 -0.73 0.01 -0.75 
-4.19 -44.75 -233.34 -0.80 0.01 -0.66 
-6.87 -54.76 -245.78 0.10 -0.16 0.57 
2.39 -9.77 -248.77 0.47 -0.53 1.44 
10.35 -1.67 -209.07 0.30 -0.39 0.60 
4.85 -2.03 -179.33 0.43 0.40 1.06 
-8.19 13.58 -217.72 0.34 -0.06 0.88 
10.32 -3.04 -245.00 0.14 -0.60 0.77 
8.91 -0.75 -248.28 0.26 -0.62 0.89 
-38.17 59.81 -230.73 0.38 -0.26 0.42 
-18.64 37.72 -219.26 -0.69 0.02 -0.94 
-6.13 -39.80 -233.49 -0.82 0.02 -0.80 
-16.98 -59.40 -257.74 0.20 -0.30 0.61 
-0.54 4.55 -249.53 0.34 -0.76 0.92 
1.86 -15.22 -207.30 0.36 -0.18 0.56 
0.59 -11.28 -200.92 0.45 -0.37 1.00 
16.38 24.06 -237.60 0.56 -0.09 0.94 
14.36 18.90 -271.02 0.25 -0.62 0.64 
4.79 -8.51 -277.02 0.25 -0.88 0.75 
1.99 42.33 -250.18 0.23 -0.39 1.15 
6.91 62.90 -238.42 -0.24 0.20 -0.12 
-3.95 -11.70 -247.37 -1.07 0.11 -0.97 
4.14 -55.72 -264.81 -0.33 -0.04 0.03 
-9.49 -36.21 -280.14 0.09 -0.27 1.19 
-6.29 0.07 -252.33 0.25 -0.61 0.67 
-5.73 -19.50 -222.02 0.24 -0.20 0.78 
3.31 4.49 -237.67 0.40 -0.10 1.16 
0.45 25.25 -272.33 0.29 -0.32 0.71 
-6.01 -2.08 -294.15 0.19 -0.68 0.51 
2.42 25.94 -279.89 0.46 -0.36 1.41 
-0.25 63.43 -265.60 -0.30 -0.08 0.28 
-14.43 32.37 -260.60 -0.77 0.08 -1.70 
-0.42 -56.24 -281.79 -0.78 -0.23 -0.34 
-55.70 -37.53 -249.14 0.26 0.23 1.08 
-3.34 15.13 -293.12 0.41 -0.19 0.76 
-0.03 5.81 -325.93 0.27 -0.51 0.91 
-2.24 13.65 -312.80 0.43 -0.54 1.26 
47.91 61.34 -288.76 0.00 0.00 0.78 
9.89 -127.09 -323.16 -0.68 -0.07 -0.51 
-12.78 -58.21 323.15 0.04 -0.32 1.05 
2.25 -4.74 320.49 0.09 -0.65 1.12 
-1.80 -11.30 -295.74 0.22 -0.48 0.52 
-7.09 -6.73 -296.44 0.37 0.18 1.37 
6.31 23.05 307.86 0.48 -0.23 0.77 
-5.48 2.41 283.55 0.12 -0.72 0.56 
0.00 15.21 302.16 0.29 -0.30 1.36 
-7.68 58.68 317.77 -0.14 -0.10 0.57 
-34.99 51.42 326.36 -0.75 0.17 -1.27 
6.60 13.93 -153.55 0.31 -0.37 0.54 
-9.24 -12.68 -144.91 0.21 -0.05 1.08 
22.95 15.18 -197.33 0.41 -0.04 0.94 
-21.05 1.59 -232.75 0.23 -0.68 0.64 
0.57 26.41 -215.03 0.33 -0.60 1.25 
1.16 63.68 -191.16 -0.34 0.08 0.19 
-3.88 28.27 -185.21 -0.77 0.32 -1.10 
2.98 -55.97 -217.28 -0.71 -0.07 -0.26 
11.96 -52.97 -244.62 -0.05 -0.39 0.67 
-9.56 -6.17 -239.19 0.47 -0.51 1.29 
1.72 -4.10 -227.22 0.29 0.15 1.17 
5.06 15.30 -279.49 0.55 -0.01 0.84 
-5.16 0.55 -299.86 0.35 -0.68 0.72 
-0.37 35.31 -287.29 0.33 -0.37 1.28 
14.50 60.33 -271.95 -0.41 -0.06 0.24 
-2.56 9.97 -275.21 -0.65 0.18 -1.16 
-5.01 -56.33 -305.30 -0.55 -0.15 -0.27 
7.33 -37.68 -323.66 0.23 -0.45 1.04 
7.71 -7.22 -306.39 0.45 -0.81 0.97 
3.38 -11.54 -269.97 0.42 -0.29 0.69 
1.95 1.48 -265.84 0.28 0.05 0.99 
4.74 23.07 -300.65 0.42 -0.28 0.93 
0.20 135.47 -252.71 0.18 -0.34 0.92 
6.51 64.11 -243.24 -0.52 0.11 -0.23 
4.52 -28.47 -250.39 -0.69 0.25 -0.71 
-5.42 -54.04 -277.11 -0.27 -0.23 0.38 
17.64 -20.00 -279.43 0.26 -0.33 1.27 
0.30 -6.71 -250.22 0.42 -0.54 0.86 
-1.95 -6.69 -213.09 0.32 0.01 0.75 
3.07 7.67 -234.02 0.34 -0.02 1.03 
-12.81 16.48 -277.30 0.33 -0.29 0.76 
-10.20 -9.41 -294.45 0.12 -0.99 0.63 
-3.14 60.79 -276.49 0.31 -0.34 1.06 
5.07 72.82 -258.49 -0.68 0.15 -0.54 
6.04 -41.67 -272.80 -0.79 0.09 -0.24 
-23.95 -42.60 -276.70 -0.17 -0.41 0.58 
-9.65 -10.01 -277.80 0.18 -0.55 1.36 
4.47 -9.96 -250.18 0.19 -0.54 0.63 
-2.48 -13.49 -226.13 0.32 -0.09 0.83 
3.23 13.46 -250.84 0.35 0.10 1.00 
1.07 21.89 -289.80 0.25 -0.42 0.68 
-7.07 -1.50 -294.31 0.27 -0.99 0.83 
7.43 54.80 -266.97 0.02 -0.26 1.06 
16.22 63.13 -263.36 -0.53 0.00 -0.43 
0.12 -43.02 -279.44 -0.72 0.10 -0.62 
-6.12 -59.22 -305.48 0.18 -0.36 0.74 
-2.73 -9.68 -306.92 0.30 -0.66 1.29 
-5.11 2.01 -272.06 0.17 -0.53 0.54 
-13.16 -4.55 -237.96 0.24 0.22 0.84 
8.31 16.41 -258.12 0.33 0.08 1.05 
10.04 11.36 -301.31 0.36 -0.34 0.85 
-5.79 10.51 -298.78 0.41 -0.53 1.38 
4.92 -46.50 83.33 -0.94 0.33 -0.90 
-8.33 12.16 -10.92 0.33 -0.19 1.13 
73.44 -136.91 -12.93 0.04 -0.30 0.77 
19.29 -151.87 -219.05 -0.86 0.17 -0.67 
-1.64 -62.36 -238.61 0.53 -0.47 1.30 
1.14 -281.10 268.01 -0.12 -0.11 0.31 
3.62 -30.94 254.91 0.34 -0.67 1.23 
-0.63 -2.05 254.22 0.37 -0.68 1.28 
2.12 -1.39 276.64 0.37 -0.52 0.64 
12.39 6.89 276.70 0.19 -0.41 1.00 
12.39 6.89 276.70 0.19 -0.41 1.00 
3.72 6.00 260.06 0.35 -0.47 0.93 
0.39 3.06 247.73 0.36 -0.42 0.91 
-17.21 87.35 254.13 -0.46 0.04 -0.60 
29.80 -132.15 200.78 0.51 -0.31 0.99 
-4.58 4.32 199.56 0.49 -0.42 1.20 
1.89 1.94 217.77 0.26 -0.55 0.67 
0.91 -10.65 239.29 0.30 -0.52 0.69 
-18.14 -0.15 243.85 0.00 0.00 0.88 
4.22 12.13 222.87 0.27 -0.19 0.95 
-17.71 1.41 193.29 0.16 -0.09 0.71 
-15.86 -11.48 172.09 0.24 -0.67 0.63 
4.45 17.96 190.54 0.46 -0.52 1.11 
4.90 41.85 200.71 0.20 -0.30 0.91 
15.20 52.05 202.55 -0.49 -0.13 -0.13 
-3.69 -15.96 197.86 -0.90 0.09 -0.94 
6.36 -57.08 164.79 -0.21 -0.23 0.02 
-6.13 -28.29 161.95 0.70 -0.44 1.34 
-0.95 11.57 168.20 0.41 -0.71 0.86 
-7.41 -10.59 203.10 0.33 -0.51 0.57 
-4.66 -10.55 207.41 0.33 -0.05 1.06 
3.35 15.64 182.81 0.42 -0.22 0.90 
-10.29 18.47 164.92 0.20 -0.43 0.72 
-13.53 8.33 161.05 -0.03 -0.67 0.54 
30.95 -98.29 75.95 -0.70 0.37 -0.97 
9.54 -45.60 42.44 -0.16 -0.02 0.19 
4.81 -27.60 47.59 0.73 -0.55 1.41 
-1.80 9.16 61.53 0.34 -0.69 0.62 
11.02 -8.12 83.62 0.27 -0.26 0.70 
-1.50 -10.34 95.64 0.33 -0.17 1.10 
5.18 14.53 72.93 0.34 -0.08 0.93 
-4.27 4.96 44.12 0.27 -0.52 0.64 
-6.83 1.02 38.79 0.29 -0.79 0.85 
-12.85 35.89 52.27 0.23 -0.51 1.06 
-0.73 51.48 66.55 -0.33 -0.15 0.11 
-13.52 21.86 72.33 -0.92 0.19 -1.13 
2.81 -44.15 46.86 -0.64 -0.08 -0.20 
19.94 -47.50 29.14 0.29 -0.41 0.75 
-4.85 -4.06 29.63 0.62 -0.60 1.28 
-0.44 -0.38 52.41 0.35 -0.60 0.62 
1.19 -10.33 75.79 0.22 -0.08 0.80 
2.16 -2.44 71.43 0.33 -0.35 1.01 
1.48 -7.92 39.36 -0.69 -0.56 -0.09 
1.97 13.93 49.88 -0.38 -0.34 1.01 
8.79 -25.59 34.60 -0.90 -0.09 -0.02 
-4.02 -15.54 25.10 -0.35 -0.52 0.51 
8.01 -29.70 19.45 0.15 -0.59 0.60 
2.63 -18.26 30.64 0.57 -0.78 0.88 
-1.38 -7.83 47.93 0.33 -0.36 0.83 
3.66 3.36 35.15 0.40 -0.23 1.06 
