-8.27 4.71 61.06 -0.89 -0.68 -0.56 
-13.78 -9.12 -135.94 0.95 0.17 0.22 
82.53 -18.35 -82.44 0.90 0.04 0.41 
16.96 -5.47 -72.05 1.04 0.32 0.40 
1.78 0.57 -71.19 0.88 -0.10 0.21 
12.18 -3.51 -71.42 0.91 -0.10 0.42 
0.10 -9.76 -81.66 0.98 0.29 0.34 
24.07 -33.47 -64.00 0.99 0.11 0.35 
-6.41 42.12 -26.42 1.46 -0.55 0.40 
17.23 34.22 1.67 -0.26 -0.69 0.70 
20.10 17.13 2.39 -0.39 0.00 0.25 
-7.37 -6.64 -5.27 -0.16 0.32 1.17 
-18.68 -10.45 29.41 -0.43 0.28 0.92 
24.89 47.95 2.20 -0.83 -0.83 -0.42 
0.92 0.94 3.20 -0.74 -0.51 -0.74 
-8.00 2.31 5.68 -0.65 -0.22 -0.50 
46.39 33.15 -20.08 -0.77 -1.38 -0.58 
48.12 6.46 -5.40 -0.89 -0.08 -0.08 
36.67 -25.60 -14.92 -0.10 0.69 1.40 
-59.11 -10.58 3.27 -0.49 0.08 0.68 
-49.57 -22.42 4.81 -0.34 -0.57 -0.08 
278.32 278.77 134.98 -0.88 -0.58 -0.79 
61.53 -0.05 129.09 -0.14 0.25 0.69 
-117.76 -64.98 265.52 -0.91 -0.75 -0.37 
-1.75 3.21 251.54 -0.86 -0.46 -0.47 
-0.76 -2.47 250.77 -0.68 -0.48 -0.61 
-3.77 5.30 251.43 -0.68 -0.44 -0.47 
8.29 22.91 252.02 -0.66 -0.88 -0.51 
18.83 -45.10 173.92 -0.84 -0.45 -0.61 
168.99 168.80 199.66 -0.72 -0.91 -0.56 
17.88 -12.24 184.68 -0.11 0.50 0.53 
-29.27 -5.80 175.61 -0.36 0.08 0.91 
-18.55 1.02 176.85 -0.41 0.26 0.85 
-49.96 -36.57 195.18 0.35 -0.68 0.03 
-56.76 -43.69 224.40 -0.45 -0.91 0.20 
-9.25 -7.23 210.57 -1.02 -0.56 -0.71 
2.86 -4.16 210.68 -0.61 -0.46 -0.44 
-4.42 8.46 211.77 -0.73 -0.55 -0.46 
16.23 6.71 206.64 -0.73 -0.71 -0.42 
313.46 255.18 118.38 -0.95 -1.47 -0.59 
2.21 -0.43 130.14 -0.56 0.40 0.82 
-50.65 -26.11 138.47 0.03 -0.75 0.13 
-48.63 -43.12 140.59 -0.56 -0.86 -0.43 
-12.95 11.22 158.95 -0.96 -0.56 -0.40 
7.39 -3.82 142.96 -0.87 -0.50 -0.62 
0.04 -0.83 147.71 -0.44 -0.34 -0.35 
-4.72 16.23 154.01 -0.89 -0.63 -0.58 
46.82 48.97 166.50 -0.63 -1.31 -1.20 
42.91 -33.47 160.89 -0.59 -0.45 -0.50 
-5.12 2.62 164.96 -0.59 -0.40 -0.45 
54.43 59.47 166.31 -0.53 -1.40 -0.72 
47.16 11.99 174.61 -0.92 -0.69 -0.30 
45.38 -24.40 154.80 0.34 0.46 1.07 
9.21 3.40 163.52 -0.46 0.26 0.71 
-46.75 -24.34 181.59 -0.30 0.19 0.54 
-49.78 -47.42 183.90 -0.25 -1.15 -0.67 
-26.57 -6.86 231.49 -1.11 -0.66 -0.19 
-0.59 -5.05 213.08 -0.73 -0.73 -0.50 
-0.88 -2.37 217.49 -0.51 -0.47 -0.44 
-4.14 7.16 220.80 -0.72 -0.60 -0.48 
45.87 48.83 218.81 -0.48 -1.59 -0.44 
48.76 19.55 234.51 -1.21 0.10 -0.63 
47.22 -6.22 207.73 0.45 0.53 1.36 
3.01 1.03 215.27 -0.59 0.87 0.63 
-46.34 14.37 243.73 0.01 0.36 0.90 
-48.88 -39.34 257.29 -0.49 -0.46 -0.41 
-23.85 4.75 288.95 -0.84 -0.80 -0.24 
3.11 0.95 279.95 -0.84 -0.58 -0.63 
-1.17 -2.32 285.11 -0.47 -0.55 -0.44 
-5.84 5.46 286.10 -0.79 -0.52 -0.63 
36.47 23.87 278.67 -0.51 -1.12 -0.28 
48.07 33.56 292.41 -1.13 -0.14 -0.27 
46.01 -4.09 280.80 0.41 0.27 0.99 
27.57 4.59 298.59 -0.67 0.57 0.44 
-47.24 -11.01 307.29 -0.20 0.09 0.97 
-50.26 -34.18 316.35 -0.24 -0.99 -0.26 
-20.19 1.75 -306.25 -0.86 -0.77 -0.21 
-16.91 3.70 -285.43 -0.63 -0.42 -0.38 
-1.80 5.43 -290.72 -0.73 -0.65 -0.57 
46.29 39.40 -297.79 -0.65 -1.34 -0.56 
48.19 43.97 -294.78 -0.96 -0.28 -0.24 
172.54 115.90 -253.72 -0.51 -1.04 -0.33 
67.91 -51.97 -316.84 0.22 0.48 1.35 
-18.14 -2.29 -320.88 -0.38 0.21 0.90 
-43.63 5.25 -307.64 0.01 0.25 1.04 
-49.34 -47.55 -305.48 -0.19 -1.05 -0.97 
-27.52 -21.58 -287.33 -0.79 -0.88 -0.35 
5.49 7.34 -302.08 -0.84 -0.74 -0.50 
4.75 -3.44 -305.48 -0.55 -0.57 -0.43 
-8.26 6.97 -297.30 -0.75 -0.47 -0.43 
46.32 40.13 -307.86 -0.64 -1.29 -0.56 
60.73 -14.14 325.30 -0.63 0.08 0.53 
40.55 13.73 322.98 -0.06 0.04 0.81 
-24.70 7.08 -325.87 -0.16 -0.01 0.73 
-4.80 -1.77 322.46 -0.44 0.17 0.69 
-60.24 -38.82 -316.49 0.07 -0.22 0.52 
-49.90 -47.20 -306.83 -0.38 -1.18 -0.54 
-18.09 -0.67 -277.08 -0.88 -0.75 -0.21 
8.45 -2.65 -295.02 -0.68 -0.67 -0.44 
-7.33 3.55 -286.95 -0.62 -0.49 -0.38 
8.07 10.62 -296.77 -0.68 -0.71 -0.47 
45.45 48.63 -317.59 -0.29 -1.52 -0.11 
48.03 7.89 318.92 -0.70 -0.10 0.27 
42.94 -11.65 307.01 0.17 0.21 0.85 
12.41 8.16 315.93 -0.30 0.06 0.84 
-46.70 6.74 -325.84 -0.04 0.22 0.95 
-60.92 -58.83 -325.46 -0.58 -0.88 -0.89 
-22.24 -15.42 -313.96 -0.77 -0.80 -0.13 
-4.92 -0.61 327.22 -0.83 -0.60 -0.66 
0.70 -4.12 327.59 -0.58 -0.60 -0.50 
3.06 11.89 322.22 -0.59 -0.84 -0.43 
47.27 44.05 -319.22 -0.83 -0.82 -0.58 
45.36 3.86 321.08 -0.37 -0.19 0.41 
35.58 -31.04 306.19 0.19 0.34 1.08 
26.67 6.93 316.40 -0.58 0.55 0.60 
-42.06 5.29 -325.60 -0.21 0.24 1.10 
-61.54 -59.00 -320.83 -0.42 -1.00 -0.54 
28.48 7.96 258.51 -0.75 -0.61 -0.59 
-1.17 1.00 262.16 -0.61 -0.46 -0.34 
-3.49 1.91 258.75 -0.74 -0.65 -0.50 
0.69 2.52 258.26 -0.63 -0.55 -0.34 
46.79 49.79 245.75 -0.94 -1.31 -0.49 
47.82 10.16 235.56 -0.23 -0.18 0.48 
-12.06 -7.22 215.77 0.00 0.24 1.11 
-11.83 -5.20 211.41 -0.49 0.41 0.80 
-58.53 -1.46 221.17 -0.26 0.32 0.85 
-50.28 -47.85 230.13 -0.10 -0.90 -0.41 
-9.55 -18.06 242.79 -0.70 -1.01 -0.28 
-4.61 4.76 234.63 -0.76 -0.76 -0.45 
-2.49 -2.74 231.28 -0.57 -0.55 -0.54 
-2.10 5.68 235.83 -0.79 -0.60 -0.54 
46.33 48.73 239.02 -0.44 -1.56 -0.94 
39.31 -2.81 240.66 -0.94 0.01 0.08 
42.97 -28.99 224.85 0.15 0.28 0.71 
39.51 14.12 242.29 -0.47 0.20 0.67 
-30.01 3.18 249.79 -0.26 0.25 0.99 
-61.66 -59.41 266.68 -0.20 -0.96 -0.55 
-15.90 -13.95 281.34 -0.61 -0.98 -0.13 
4.62 10.64 268.42 -0.77 -0.87 -0.49 
4.24 -1.71 265.98 -0.62 -0.53 -0.55 
-4.21 4.61 268.17 -0.71 -0.51 -0.57 
13.65 11.61 267.71 -0.64 -0.68 -0.47 
46.72 49.57 267.60 -0.72 -1.20 -0.56 
28.73 -4.22 262.59 -0.71 -0.13 0.42 
-33.76 -6.57 236.81 -0.02 0.12 0.91 
-13.17 -1.76 239.44 -0.38 0.14 0.83 
-50.45 -39.85 259.71 0.34 -0.88 0.01 
-45.15 -40.29 272.81 -0.57 -1.16 -0.38 
-14.76 -0.96 290.65 -0.81 -0.59 -0.19 
0.87 -1.09 282.27 -0.69 -0.57 -0.51 
-3.26 1.57 288.00 -0.66 -0.46 -0.48 
1.48 4.64 284.15 -0.74 -0.61 -0.54 
45.73 48.65 268.50 -0.49 -1.49 -0.47 
41.13 -3.12 249.90 -0.28 -0.12 0.57 
46.55 -9.30 237.81 0.02 0.27 1.40 
18.89 11.06 252.10 -0.49 0.52 0.62 
-15.27 12.61 282.73 -0.62 -0.48 -0.30 
-0.86 2.95 279.31 -0.77 -0.64 -0.50 
46.13 48.96 258.27 -0.57 -1.53 -0.61 
44.19 6.48 240.17 -0.49 -0.20 0.52 
-25.46 -14.56 208.54 0.14 0.51 1.26 
-49.29 1.94 228.98 -0.19 0.14 0.88 
-50.24 -38.87 241.77 -0.19 -0.79 -0.34 
34.49 -8.22 237.63 -0.64 -0.79 -0.31 
-8.93 4.22 243.01 -0.77 -0.54 -0.22 
2.57 -1.19 236.70 -0.76 -0.61 -0.50 
-3.68 -2.13 240.89 -0.60 -0.48 -0.38 
-2.86 4.62 240.36 -0.73 -0.66 -0.41 
58.94 60.56 236.98 -0.90 -0.79 -0.41 
25.43 -2.86 226.90 0.09 -0.11 0.96 
-11.74 -0.79 222.48 -0.26 -0.14 0.84 
-113.89 -36.12 319.64 -0.73 -0.93 -0.06 
-7.29 -2.15 308.22 -0.91 -0.48 -0.76 
7.19 3.16 309.58 -0.55 -0.45 -0.53 
-3.81 5.37 311.82 -0.71 -0.48 -0.63 
42.31 32.89 304.56 -0.41 -1.16 -0.44 
48.12 24.23 -324.84 -1.08 -0.22 -0.24 
44.02 -13.24 319.34 0.10 -0.05 0.84 
-8.16 7.79 324.83 -0.22 -0.20 0.75 
-33.13 -2.01 -322.75 -0.15 0.24 0.99 
-49.61 -36.77 323.02 -0.30 -0.74 -0.60 
-15.06 -1.43 -326.59 -0.80 -0.65 -0.52 
-2.69 -7.41 313.53 -0.73 -0.49 -0.57 
3.01 -3.55 308.34 -0.49 -0.57 -0.53 
-5.54 3.79 312.78 -0.64 -0.51 -0.62 
2.78 6.77 310.13 -0.68 -0.55 -0.56 
58.85 43.04 322.90 -0.84 -0.97 -0.34 
48.18 -4.39 308.84 -0.17 -0.10 0.55 
-30.66 -3.38 289.56 -0.03 -0.21 0.85 
-8.37 0.18 284.15 -0.43 0.12 0.84 
-1.04 18.01 283.16 -0.73 -0.47 -0.61 
-1.05 1.90 283.09 -0.74 -0.47 -0.61 
-108.36 -106.31 271.34 -0.50 -0.76 -0.55 
265.21 266.18 256.34 -0.39 -1.23 -0.50 
47.52 18.88 259.68 -0.94 -0.47 -0.06 
49.58 -9.37 251.16 -0.16 0.19 0.54 
22.17 13.28 265.62 -0.24 0.02 0.62 
-5.85 2.44 268.30 -0.33 0.21 0.90 
-47.64 -14.62 290.05 -0.17 -0.05 0.68 
-49.18 -46.75 309.90 -0.56 -0.83 -0.69 
-20.31 -4.93 -319.64 -0.77 -0.81 0.00 
-3.50 0.34 327.47 -0.94 -0.56 -0.87 
3.56 -4.90 -325.47 -0.57 -0.43 -0.38 
-1.40 2.59 324.52 -0.78 -0.59 -0.49 
24.69 34.77 322.49 -0.32 -1.26 -0.15 
48.12 15.84 -315.80 -0.94 -0.32 -0.39 
-318.52 -317.73 136.85 -0.36 -1.51 -0.13 
35.13 38.34 140.82 -0.96 -0.79 -0.25 
58.84 -22.10 123.02 0.02 0.22 0.68 
-30.34 18.36 131.13 -0.15 0.01 0.45 
-15.73 -3.72 123.27 -0.32 0.18 0.84 
-49.65 -5.25 155.82 0.05 -0.99 0.55 
-61.59 -58.71 175.79 -0.54 -0.97 -0.34 
-17.96 0.88 195.37 -0.84 -0.71 -0.33 
-1.59 -1.21 185.83 -0.64 -0.57 -0.51 
-1.53 4.03 188.17 -0.68 -0.56 -0.54 
6.21 4.87 183.75 -0.71 -0.66 -0.55 
45.90 48.99 164.58 -0.45 -1.22 -0.24 
33.39 12.07 167.94 -0.47 -0.31 0.43 
32.60 5.09 159.75 -0.01 -0.01 0.75 
-25.15 0.96 154.49 -0.18 0.13 0.85 
-33.08 -0.78 158.50 -0.19 0.36 1.02 
-42.20 -34.78 185.56 -0.74 -0.65 -0.42 
-3.48 4.01 181.08 -0.73 -0.71 -0.53 
0.90 0.31 179.20 -0.61 -0.61 -0.45 
0.24 6.31 174.78 -0.46 -0.81 -0.27 
46.57 49.66 157.06 -0.68 -1.11 -0.28 
29.23 23.32 140.67 0.08 -0.28 0.72 
33.25 -9.89 131.96 0.03 0.28 1.24 
10.07 6.30 136.57 -0.37 0.36 0.77 
-4.47 2.87 138.71 -0.30 0.18 0.87 
-60.92 -27.45 151.60 0.02 -0.34 0.41 
-49.68 -46.92 157.18 -0.47 -0.99 -0.48 
-22.11 -4.74 183.36 -0.80 -0.76 -0.34 
1.64 -1.02 169.36 -0.67 -0.56 -0.60 
-309.70 -197.16 294.37 -0.06 -0.29 0.39 
-50.25 -47.45 307.86 -0.36 -1.19 -0.45 
-8.35 -6.20 326.06 -0.68 -0.86 -0.02 
-1.87 0.10 315.55 -0.77 -0.69 -0.45 
-0.95 1.17 319.91 -0.57 -0.57 -0.29 
-3.21 2.64 317.87 -0.74 -0.60 -0.42 
46.03 48.81 303.85 -0.41 -1.37 -0.53 
40.80 16.78 265.03 -0.35 -0.67 0.43 
4.70 -12.14 257.40 0.08 0.16 0.95 
0.75 1.39 255.80 -0.41 0.31 0.89 
-48.59 -15.92 293.02 -0.06 -0.40 0.74 
-49.94 -27.07 299.06 -0.52 -0.78 -0.03 
-36.66 -26.32 314.54 -0.50 -0.88 -0.22 
-9.43 -4.12 316.10 -0.74 -0.63 -0.36 
-3.29 -3.86 309.22 -0.68 -0.58 -0.42 
-6.65 3.90 312.71 -0.65 -0.60 -0.39 
5.81 10.64 306.97 -0.44 -0.92 -0.21 
46.88 49.66 295.47 -0.68 -0.99 -0.54 
-18.49 -0.96 297.67 -0.29 0.17 0.87 
-60.55 -16.61 314.26 0.01 -0.38 0.65 
-50.03 -47.00 324.75 -0.48 -1.19 -0.30 
13.92 17.78 326.01 -0.63 -0.59 -0.38 
71.44 57.99 -311.61 -0.58 -0.42 -0.06 
50.28 -7.23 -311.56 0.06 0.65 0.57 
15.02 8.59 -301.04 -0.45 0.20 0.72 
-44.69 1.50 -298.18 0.00 0.10 0.94 
-7.83 -7.01 -245.20 0.97 -0.10 0.34 
-13.50 0.04 -233.48 0.95 -0.45 0.07 
-13.50 0.04 -233.48 0.95 -0.45 0.07 
-4.70 8.39 -242.88 0.93 -0.20 0.28 
3.17 -6.17 -249.94 0.87 -0.12 0.45 
-168.20 -127.77 -51.94 -0.53 -0.86 -0.04 
280.54 -160.35 -126.84 0.44 0.35 1.05 
-48.94 -8.71 -106.83 -0.18 0.34 0.80 
-85.67 -82.90 -71.71 -0.60 -1.51 -0.35 
-28.42 5.55 -51.10 -0.80 -0.58 -0.39 
-0.31 -0.76 -56.27 -0.73 -0.63 -0.45 
-3.47 1.87 -54.03 -0.60 -0.53 -0.44 
1.19 4.68 -53.89 -0.80 -0.50 -0.63 
45.88 48.92 -76.95 -0.52 -1.53 -0.35 
59.89 34.52 -100.89 -0.42 -0.20 0.31 
-55.57 2.58 -90.81 -0.40 0.18 0.86 
-315.18 -30.60 -142.22 -0.05 0.15 0.61 
17.49 11.66 -127.53 -0.46 -0.11 0.73 
-16.88 0.65 -118.26 -0.39 0.14 0.82 
-61.83 -47.37 -99.12 -0.25 -0.96 -0.43 
-28.04 -17.66 -68.44 -0.92 -0.78 -0.65 
-14.35 23.04 -61.00 -0.76 -0.72 -0.66 
59.09 61.76 -42.06 -0.54 -0.57 -0.38 
67.81 -10.05 -61.42 -0.06 0.43 1.18 
-3.79 -1.62 -63.38 -0.53 0.28 0.78 
-120.08 -102.64 -35.02 -0.16 -0.50 -0.54 
-28.52 -1.42 -7.10 -1.08 -0.46 -0.58 
8.57 -5.86 -10.84 -0.56 -0.53 -0.50 
-9.40 10.83 -10.44 -0.77 -0.53 -0.54 
21.87 5.20 -17.70 -0.60 -0.82 -0.33 
60.06 59.33 -19.31 -1.00 -0.30 -0.19 
43.33 -24.60 -35.30 0.07 0.40 1.09 
-4.66 -0.65 -38.54 -0.41 0.17 0.74 
-13.05 -2.60 -12.42 -0.70 -0.42 -0.37 
8.40 8.87 -25.96 -0.71 -0.79 -0.20 
59.02 61.80 -33.84 -0.67 -0.72 -0.39 
266.94 -5.34 68.59 -0.51 -0.09 0.58 
-5.64 -17.64 47.20 -0.05 -0.07 0.94 
-17.77 21.94 83.91 -0.72 -0.53 -0.51 
-62.02 -25.45 57.57 -0.31 0.19 0.79 
173.45 -106.84 -0.79 0.13 0.24 1.36 
26.70 8.81 11.61 -0.46 0.00 0.53 
-21.98 -4.36 10.24 -0.37 0.01 1.01 
-49.55 -48.78 11.16 0.35 -0.72 -0.42 
-27.13 -47.07 6.94 -0.39 -0.96 -0.54 
0.67 -6.16 -14.28 -0.95 -0.30 -0.74 
-2.26 -1.96 -8.45 -0.53 -0.45 -0.39 
13.01 13.98 -26.56 -0.48 -0.79 -0.41 
46.82 49.92 -20.25 -0.76 -0.77 -0.23 
48.54 10.93 -25.87 -0.16 -0.01 0.68 
-18.57 4.86 -26.19 -0.23 -0.14 0.65 
-1.33 0.00 -26.15 -0.50 0.38 0.78 
-74.31 -57.22 3.28 0.10 -0.68 -0.19 
-43.10 -40.91 9.36 -0.57 -1.16 -0.33 
12.89 1.04 -2.99 -0.84 -0.45 -0.69 
1.21 1.88 1.21 -0.64 -0.41 -0.51 
-4.12 4.70 3.06 -0.71 -0.51 -0.54 
42.12 28.37 -14.73 -0.61 -1.27 -0.41 
68.57 11.48 -51.55 -0.45 -0.63 0.41 
3.64 5.76 -49.69 -0.60 0.31 0.61 
-62.05 -38.51 9.76 0.56 -1.41 0.06 
-61.22 -32.86 32.62 -0.81 -0.93 -0.27 
-1.67 1.60 24.39 -0.80 -0.82 -0.75 
9.76 -4.18 24.36 -0.58 -0.40 -0.45 
-8.41 8.38 27.29 -0.76 -0.48 -0.53 
46.18 48.94 17.05 -0.54 -1.46 -0.64 
46.97 30.63 23.10 -0.54 -0.46 0.03 
43.12 -20.55 10.71 0.31 0.41 1.12 
13.55 3.26 17.32 -0.34 -0.04 0.70 
-122.69 -45.43 -123.53 -0.90 -0.65 -0.44 
267.16 110.03 -238.33 -0.01 -0.20 0.85 
27.23 8.80 -232.20 -0.39 -0.10 0.60 
-122.18 -85.29 -190.52 0.08 -0.73 0.05 
-0.30 0.33 -162.19 -0.76 -0.59 -0.54 
-1.81 1.84 -159.26 -0.68 -0.65 -0.50 
35.20 15.58 -200.88 -0.92 -0.55 0.30 
36.73 -2.93 -212.87 0.13 -0.01 1.03 
-13.03 14.40 -183.31 -0.63 -0.58 -0.53 
125.73 20.86 -129.37 -0.40 0.27 0.74 
-6.53 1.37 -124.13 -0.39 0.12 0.80 
-48.83 0.73 -101.06 -0.03 -0.40 0.47 
-49.63 -39.09 -98.79 -0.67 -1.01 -0.27 
-49.84 -25.86 -82.43 -0.61 -1.15 -0.58 
-0.47 -11.60 -90.92 -0.65 -0.57 -0.40 
-0.98 2.11 -90.30 -0.70 -0.45 -0.41 
-0.71 2.21 -93.76 -0.74 -0.52 -0.47 
-0.69 1.58 -95.11 -0.73 -0.51 -0.45 
45.60 40.10 -119.12 -0.33 -1.21 -0.06 
48.13 17.84 -131.79 -1.02 -0.34 0.36 
44.48 17.24 -144.56 0.30 0.15 0.67 
-12.36 17.27 -147.69 -0.31 -0.27 0.59 
-6.81 -1.66 -149.32 -0.44 0.16 0.79 
-47.34 -21.39 -130.69 0.38 0.04 0.71 
-49.90 -37.22 -126.68 -0.72 -1.73 0.11 
-49.85 -41.36 -99.82 -0.61 -0.93 -0.30 
-2.53 6.39 -106.72 -0.76 -0.51 -0.42 
-2.38 1.07 -102.84 -0.63 -0.54 -0.41 
-1.17 3.54 -104.51 -0.72 -0.56 -0.44 
32.60 25.48 -129.83 -0.46 -0.82 -0.37 
20.88 45.77 -115.06 -0.76 -0.35 0.62 
55.29 -33.88 -133.34 0.21 -0.04 0.88 
13.41 4.16 -128.72 -0.48 0.20 0.69 
-0.81 1.95 -127.23 -0.41 0.17 0.74 
-47.94 -6.04 -111.86 -0.23 -0.08 0.78 
-49.36 -32.30 -111.70 -0.52 -0.72 -0.12 
-21.61 16.51 -93.99 -0.79 -0.79 -0.51 
7.82 -5.00 -104.64 -0.67 -0.59 -0.72 
0.79 -0.82 -105.34 -0.50 -0.56 -0.34 
-2.57 4.50 -106.22 -0.64 -0.64 -0.58 
13.02 8.95 -114.91 -0.41 -1.04 -0.32 
46.67 49.87 -114.70 -0.63 -0.70 -0.04 
43.89 2.53 -128.68 0.22 -0.07 0.61 
-18.08 6.59 -134.00 -0.58 0.02 0.32 
-133.49 -130.81 -59.71 -0.38 -1.44 -0.12 
-30.98 -20.84 -35.47 -0.60 -1.00 -0.23 
11.99 16.83 -51.83 -0.71 -1.04 -0.57 
4.40 -3.05 -54.53 -0.57 -0.54 -0.51 
-7.85 3.67 -50.90 -0.63 -0.54 -0.50 
-0.18 4.02 -53.81 -0.68 -0.66 -0.48 
45.72 48.72 -79.12 -0.46 -1.27 -0.35 
27.10 27.70 -86.18 -0.31 -0.55 0.66 
33.40 -2.89 -103.06 -0.07 0.26 0.76 
-0.20 7.66 -99.34 -0.34 -0.19 0.69 
-17.09 -2.78 -101.93 -0.41 0.14 0.78 
-27.23 -10.98 -70.11 -0.67 -0.85 -0.15 
1.63 -1.84 -71.96 -0.65 -0.47 -0.41 
-3.78 4.06 -70.55 -0.67 -0.58 -0.48 
1.43 3.68 -72.46 -0.70 -0.58 -0.44 
45.52 48.55 -101.59 -0.23 -1.46 -0.25 
30.40 31.84 -91.01 -0.47 -0.77 0.35 
32.92 -5.40 -88.05 -0.23 0.11 0.62 
1.05 6.56 -87.29 -0.53 -0.32 0.68 
-2.66 -1.57 -89.29 -0.48 0.16 0.64 
-59.35 -27.96 -69.27 -0.07 0.00 0.66 
-49.59 -42.95 -63.79 -0.50 -0.67 -0.36 
-15.57 -8.72 -57.56 -0.44 -1.37 0.04 
-18.47 10.37 -59.39 -0.65 -0.64 -0.53 
9.78 2.82 -68.51 -0.54 -0.82 -0.53 
46.70 49.90 -79.53 -0.58 -0.78 0.02 
-1.93 -21.79 29.41 -0.58 0.07 0.60 
-10.88 0.42 28.03 -0.45 0.20 0.72 
-0.32 1.10 27.96 -0.44 0.16 0.75 
70.20 -27.52 -71.41 0.02 0.03 0.77 
-37.34 1.76 -76.93 -0.13 -0.53 0.85 
-1.69 6.94 -79.42 -0.55 0.08 0.72 
-0.95 2.49 -78.70 -0.54 0.17 0.70 
-88.99 -57.99 -50.27 -0.66 -0.89 -0.14 
2.07 9.58 -56.88 -0.72 -0.69 -0.63 
3.65 -2.27 -60.67 -0.58 -0.52 -0.54 
-5.17 6.18 -58.81 -0.63 -0.52 -0.55 
45.51 23.95 -92.68 -0.25 -1.18 -0.11 
27.25 30.83 -92.18 -0.71 -0.95 0.63 
46.45 16.30 -85.01 0.13 -0.03 0.78 
-3.55 -1.91 -90.09 -0.59 0.17 0.69 
-9.76 -2.36 -92.97 -0.46 0.17 0.70 
-48.47 -3.89 -80.30 0.13 -0.26 0.55 
-61.28 -17.24 -58.27 -0.79 -1.15 -0.62 
9.30 -2.94 -71.15 -0.61 -0.72 -0.42 
6.18 -1.14 -74.47 -0.64 -0.45 -0.60 
-3.72 5.90 -72.14 -0.70 -0.50 -0.57 
35.75 19.12 -94.79 -0.50 -1.12 -0.36 
47.86 50.33 -101.41 -0.59 -0.32 0.43 
72.02 -18.32 -127.38 0.09 -0.28 1.02 
8.16 16.23 -122.13 -0.69 0.02 0.44 
-321.03 -122.65 -86.76 -0.85 -0.25 0.02 
253.47 254.88 -69.74 -0.62 -0.86 0.22 
48.55 -24.49 -74.51 -0.51 0.00 0.38 
20.34 -12.08 -84.97 -0.42 0.14 0.94 
3.23 4.40 -81.17 -0.57 0.40 0.42 
-14.31 0.22 -78.39 -0.47 0.21 0.96 
-50.05 -32.02 -75.06 -0.30 -0.71 -0.15 
-36.96 -34.13 -68.55 -0.68 -0.81 -0.13 
-6.48 9.15 -68.43 -0.94 -0.79 -0.84 
7.09 -2.01 -70.33 -0.63 -0.59 -0.54 
-5.46 4.88 -70.75 -0.61 -0.54 -0.48 
26.92 13.84 -76.71 -0.60 -1.05 -0.49 
46.48 49.35 -61.72 -0.67 -1.10 -0.50 
46.95 -8.55 -72.29 -0.53 -0.51 0.25 
35.35 -6.33 -78.83 -0.08 0.45 0.95 
-35.72 8.20 -59.64 -0.93 -0.50 -0.62 
0.09 -4.46 -59.99 -0.63 -0.49 -0.56 
1.87 8.32 -66.31 -0.53 -0.61 -0.38 
45.45 48.47 -104.46 -0.21 -1.71 -0.27 
47.33 37.16 -90.75 -0.59 -0.39 0.27 
36.63 0.65 -103.43 -0.02 -0.08 0.75 
-47.43 3.72 -117.27 -0.49 0.00 0.43 
-4.20 0.15 -121.83 -0.48 0.10 0.76 
-47.21 -1.70 -107.40 -0.01 0.08 0.79 
-49.06 -41.92 -106.94 -0.84 -0.73 -0.23 
-43.67 -5.98 -87.55 -0.75 -0.87 -0.24 
-3.20 1.93 -91.11 -0.77 -0.61 -0.70 
4.51 -3.80 -94.90 -0.54 -0.53 -0.52 
-0.60 9.65 -97.37 -0.54 -0.92 -0.40 
46.30 48.99 -97.42 -0.52 -1.28 -0.64 
45.90 27.79 -110.92 -0.19 -0.83 0.29 
-15.82 -7.30 -132.63 -0.43 -0.04 0.53 
-4.65 -1.45 -138.92 -0.68 0.18 0.69 
-53.74 -3.92 -137.69 -0.20 0.14 0.95 
-61.07 -37.08 -146.12 -0.70 -0.58 -0.30 
-31.91 -17.96 -148.32 -0.76 -0.82 -0.27 
4.19 -3.56 -156.80 -0.77 -0.66 -0.53 
0.60 -2.72 -159.16 -0.58 -0.61 -0.39 
-3.57 2.93 -161.44 -0.56 -0.74 -0.41 
1.27 4.43 -160.17 -0.61 -0.84 -0.47 
28.39 21.75 -169.43 -0.29 -1.17 0.12 
48.12 38.77 -160.07 -1.04 -0.33 -0.09 
41.25 -4.91 -172.18 -0.04 0.00 1.10 
-6.06 5.83 -178.01 -0.26 -0.16 0.65 
-6.36 -3.12 -184.05 -0.69 0.12 0.70 
-59.93 -10.59 -184.83 0.27 -0.20 0.71 
-49.52 -46.89 -203.11 -0.61 -1.17 -0.70 
-10.07 -15.99 -199.46 -0.77 -0.68 -0.51 
6.99 -4.96 -208.29 -0.62 -0.66 -0.54 
-2.55 4.34 -208.53 -0.56 -0.62 -0.47 
-4.59 3.08 -209.47 -0.62 -0.68 -0.53 
44.93 34.51 -218.89 -0.55 -1.11 -0.34 
35.85 5.08 -234.54 -0.55 -0.37 0.32 
47.55 14.15 -233.72 -0.32 -0.23 0.58 
-9.13 7.30 -239.27 -0.49 -0.25 0.53 
-4.73 0.72 -242.63 -0.51 0.05 0.73 
-62.12 -24.19 -235.83 0.15 -0.56 0.13 
-24.32 -32.08 -225.71 -0.82 -0.91 -0.19 
2.13 4.93 -230.04 -0.75 -0.98 -0.70 
1.17 -1.46 -227.17 -0.55 -0.58 -0.50 
-4.89 5.10 -226.56 -0.57 -0.68 -0.53 
-4.95 -2.14 -225.76 -0.65 -0.67 -0.60 
45.50 36.07 -242.53 -0.15 -1.41 0.06 
34.55 18.05 -239.83 -0.98 -0.57 0.10 
24.39 3.66 -230.42 -0.67 0.10 0.58 
-29.45 -1.88 -227.06 -0.37 -0.02 0.72 
-49.96 -20.23 -223.44 -0.10 -0.83 0.41 
-49.81 -21.23 -225.99 -0.68 -1.01 -0.35 
-14.11 -22.05 -231.76 -0.45 -0.91 -0.24 
-4.08 -2.35 -232.73 -0.53 -0.66 -0.55 
-6.78 7.55 -230.86 -0.62 -0.63 -0.57 
0.47 1.33 -230.96 -0.61 -0.67 -0.57 
46.15 49.18 -247.36 -0.60 -1.26 -0.36 
60.22 9.24 -271.23 -0.10 -0.22 0.96 
3.90 16.15 -279.27 -0.95 -0.25 0.45 
-2.32 8.85 -290.25 -0.68 -0.66 -0.56 
30.87 13.96 -302.51 -0.37 -1.12 -0.12 
45.19 34.62 -317.74 -0.59 -0.65 0.34 
35.68 23.10 -306.65 -0.45 -0.77 0.68 
27.40 -4.18 -306.84 -0.36 0.02 0.60 
-0.86 -3.54 -312.98 -0.64 0.01 0.62 
-47.97 -28.20 -289.37 0.37 -0.26 0.67 
-61.72 -58.19 -295.19 -0.64 -1.11 0.00 
-14.71 4.04 -281.57 -0.67 -0.72 -0.02 
-2.05 -0.29 -286.87 -0.74 -0.62 -0.57 
-215.87 -42.99 -231.37 -0.13 0.40 1.02 
-36.83 -6.07 -225.82 -0.48 -0.21 0.40 
-2.48 -0.16 -219.82 -0.67 -0.69 -0.52 
38.41 16.24 -230.84 -0.34 -1.09 -0.23 
48.11 34.55 -228.17 -1.03 -0.33 0.10 
-1.51 -8.24 150.86 0.90 -0.09 0.41 
1.44 -5.98 150.56 0.93 -0.10 0.35 
0.67 -4.55 150.76 0.96 -0.08 0.29 
1.23 -4.20 150.47 0.96 -0.11 0.28 
-0.57 -6.14 150.04 0.99 -0.08 0.24 
5.51 -2.50 149.43 0.94 0.01 0.29 
-0.25 -2.59 150.12 0.96 0.00 0.31 
-19.37 -19.32 143.85 1.17 -0.11 0.20 
-2.34 -4.25 145.66 0.99 -0.07 0.33 
4.75 2.46 145.16 0.99 -0.05 0.26 
-0.44 2.04 147.13 0.96 -0.09 0.27 
1.62 -0.36 146.82 0.92 -0.04 0.42 
1.14 -2.41 148.13 0.93 -0.05 0.40 
0.75 -3.19 149.77 0.91 -0.07 0.37 
-6.32 -6.33 149.78 1.02 -0.16 0.38 
-322.13 -217.44 -298.06 -0.65 -0.78 0.05 
-8.62 22.80 -302.93 -0.92 -0.42 -0.79 
5.28 -2.85 -303.81 -0.72 -0.50 -0.57 
1.24 3.70 -307.01 -0.80 -0.30 -0.60 
23.00 -1.50 325.62 -0.60 -0.86 -0.28 
48.25 51.41 -321.16 -1.11 -0.16 0.08 
36.92 1.72 313.73 -0.08 -0.18 1.09 
-0.14 4.26 -326.94 -0.52 0.09 0.61 
-108.75 2.98 -259.29 -0.98 -0.60 -0.30 
-1.59 -2.66 -266.44 -0.93 -0.57 -0.65 
-4.64 -2.96 -263.65 -0.61 -0.36 -0.48 
-3.51 4.25 -265.91 -0.68 -0.57 -0.48 
1.17 3.57 -267.53 -0.74 -0.49 -0.53 
15.83 4.96 -279.34 -0.36 -1.00 -0.22 
56.91 25.08 -267.56 -0.95 -0.82 0.51 
25.63 9.23 -273.54 -0.01 -0.42 0.73 
-48.83 -3.75 -290.38 -0.30 -0.40 0.68 
-6.71 8.01 -297.21 -0.73 -0.59 -0.54 
-1.53 7.31 -294.94 -0.55 0.15 0.74 
-47.41 -21.17 -277.85 -0.21 0.01 0.61 
-61.05 -58.11 -284.98 -0.99 -0.99 -0.38 
-18.61 -1.00 -288.13 -0.78 -0.73 -0.52 
4.77 0.99 -290.53 -0.70 -0.59 -0.78 
-9.07 3.79 -289.84 -0.54 -0.38 -0.51 
0.78 5.55 -290.40 -0.71 -0.58 -0.67 
4.64 1.97 -295.84 -0.64 -0.45 -0.70 
45.97 47.97 -310.16 -0.57 -1.17 -0.38 
37.37 14.27 326.26 -0.29 -0.76 0.53 
49.65 1.49 326.45 0.08 0.54 1.08 
20.50 13.41 -308.89 -0.51 0.18 0.48 
2.93 -0.48 -305.91 -0.48 0.00 0.70 
-44.04 -11.59 -291.79 0.18 -0.09 1.00 
-49.42 -33.03 -280.10 -0.66 -0.76 0.06 
-49.38 -16.94 -263.42 -0.75 -0.91 -0.32 
9.05 5.67 -274.12 -0.80 -0.54 -0.72 
2.54 -2.36 -273.23 -0.54 -0.52 -0.51 
-7.57 5.84 -273.21 -0.59 -0.57 -0.61 
2.97 4.75 -274.39 -0.66 -0.66 -0.63 
-227.59 -200.15 -296.09 -0.48 -0.65 -0.19 
-19.95 -4.31 -286.10 -0.55 -0.52 -0.45 
-3.06 3.98 -286.12 -0.70 -0.60 -0.58 
12.99 8.56 -294.46 -0.55 -0.64 -0.41 
45.66 48.84 -309.54 -0.38 -1.30 0.11 
38.43 2.38 -321.47 -0.94 -0.49 0.30 
-2.24 3.09 -321.58 -0.52 0.26 0.72 
-61.73 -46.21 -289.77 0.45 -0.93 0.29 
-23.19 -25.67 -287.09 -0.76 -0.88 -0.09 
-45.09 -22.44 -269.09 -0.74 -1.00 -0.67 
1.58 -1.22 -279.06 -0.64 -0.61 -0.54 
37.51 22.89 -301.75 -0.49 -0.77 -0.50 
45.59 48.65 321.06 -0.25 -1.23 0.21 
46.70 10.29 320.11 -0.41 -0.70 0.50 
37.04 -0.25 309.14 0.07 0.04 0.81 
8.74 5.43 315.94 -0.38 0.06 0.70 
-132.71 -51.21 322.25 -0.51 -0.72 0.00 
-40.08 -18.01 -320.15 -0.83 -0.98 -0.16 
3.07 -5.06 -325.04 -0.75 -0.34 -0.52 
-6.84 -0.26 -322.76 -0.50 -0.45 -0.37 
-2.61 5.22 -326.37 -0.76 -0.68 -0.58 
45.54 48.54 309.24 -0.23 -1.47 -0.27 
25.01 35.71 320.53 -0.53 -0.86 0.04 
60.49 -21.77 324.56 -0.14 -0.05 0.53 
1.42 0.14 324.12 -0.61 -0.10 0.65 
-5.45 -1.19 318.64 -0.56 0.04 0.72 
-24.76 -1.12 320.82 -0.32 0.11 0.89 
-60.99 -30.52 325.08 -0.42 -0.59 -0.34 
-1.32 -7.16 -317.20 -0.74 -0.57 -0.06 
-1.03 0.69 -324.18 -0.69 -1.14 -0.51 
-8.93 -5.13 -322.82 -0.58 -0.74 -0.52 
-10.09 0.70 -318.05 -0.58 -0.61 -0.44 
1.05 4.31 -321.87 -0.67 -0.68 -0.58 
8.35 5.58 -327.57 -0.44 -0.63 -0.31 
45.48 48.66 301.98 -0.47 -1.47 0.13 
47.84 22.10 290.66 -0.14 -0.19 0.54 
32.10 -2.29 274.81 0.01 0.01 1.11 
-31.24 14.45 277.70 -0.61 -0.68 -0.41 
-1.45 0.11 281.86 -0.69 -0.74 -0.42 
46.42 49.57 269.28 -0.80 -1.46 -0.24 
45.89 18.16 276.89 -0.45 -0.85 0.12 
39.47 -7.07 275.81 -0.13 0.16 0.99 
12.12 -2.82 280.94 -0.67 0.06 0.61 
-0.50 2.60 282.76 -0.55 0.11 0.72 
-62.51 -21.75 297.29 0.15 -1.03 0.10 
-72.84 -44.19 319.58 -0.81 -0.73 -0.18 
10.45 1.12 315.55 -0.99 -0.65 -0.76 
4.85 -2.44 312.99 -0.62 -0.50 -0.48 
-7.83 4.74 316.67 -0.67 -0.50 -0.53 
-1.08 2.64 314.72 -0.71 -0.66 -0.54 
4.62 6.26 314.39 -0.53 -0.69 -0.45 
46.49 49.41 308.92 -0.73 -1.15 -0.49 
47.59 9.59 301.48 -0.48 -0.26 0.30 
-13.59 -3.28 288.83 -0.19 -0.02 0.94 
-5.05 -0.93 283.63 -0.53 0.17 0.71 
-21.20 -0.02 289.05 -0.20 0.14 1.09 
-49.12 -17.80 299.71 -0.41 -0.37 0.00 
-49.81 -30.02 302.91 -0.51 -1.05 -0.37 
-9.22 -0.95 295.27 -0.79 -0.76 -0.54 
3.84 -3.06 287.47 -0.60 -0.68 -0.49 
-4.95 2.01 292.86 -0.57 -0.51 -0.44 
-1.67 4.99 292.11 -0.74 -0.68 -0.55 
5.83 6.68 291.24 -0.55 -0.62 -0.45 
45.81 49.01 275.24 -0.51 -1.37 0.02 
47.53 12.95 271.20 -0.56 -0.38 0.23 
19.74 -7.65 259.04 -0.25 0.18 0.95 
7.32 4.69 262.76 -0.51 0.20 0.69 
-0.14 1.34 264.66 -0.54 0.08 0.77 
-48.62 -6.03 295.35 0.00 -0.25 0.59 
-48.80 -39.34 294.09 -0.85 -0.72 -0.23 
-49.39 -15.31 315.01 -0.79 -1.05 -0.48 
8.86 4.34 300.62 -0.83 -0.77 -0.53 
-1.64 -2.55 304.18 -0.48 -0.50 -0.49 
-7.86 4.80 306.38 -0.63 -0.64 -0.55 
6.40 4.26 303.66 -0.64 -0.63 -0.62 
1.12 4.32 300.98 -0.48 -0.66 -0.52 
45.80 48.94 297.81 -0.47 -1.36 -0.19 
47.19 2.02 283.30 -0.45 -0.46 0.28 
15.93 0.26 271.42 -0.20 0.12 0.96 
3.42 7.63 275.86 -0.63 0.12 0.59 
-320.26 3.98 322.87 -0.23 -0.04 0.87 
-5.89 -14.59 289.99 -0.93 -0.69 -0.74 
3.32 -6.13 288.50 -0.62 -0.49 -0.50 
-1.05 5.21 286.20 -0.72 -0.62 -0.51 
1.61 0.80 286.20 -0.70 -0.52 -0.56 
-1.21 4.01 285.77 -0.61 -0.55 -0.49 
45.82 48.58 284.51 -0.47 -1.57 -0.63 
47.54 -0.25 287.31 -0.85 -0.53 0.00 
46.67 -19.01 279.95 -0.13 -0.02 0.89 
46.22 14.16 305.28 -0.74 0.43 0.46 
1.94 1.62 308.82 -0.55 0.10 0.79 
-62.16 -46.12 319.74 -0.11 -0.39 0.06 
-46.24 -43.12 -325.46 -0.78 -0.97 -0.24 
-3.02 2.67 -322.32 -0.62 -0.77 -0.27 
7.25 -1.37 327.39 -0.65 -0.58 -0.54 
-6.97 4.23 -324.23 -0.58 -0.60 -0.40 
-6.28 2.26 -322.57 -0.71 -0.71 -0.52 
0.53 1.04 -322.44 -0.61 -0.57 -0.50 
40.87 44.26 -325.77 -0.39 -1.35 -0.29 
45.85 30.79 -304.37 -0.86 -0.65 -0.42 
61.08 5.85 -307.56 -0.16 0.06 0.37 
-39.88 5.01 -322.72 -0.51 -0.27 0.52 
-132.70 -52.81 -299.16 -0.43 -0.61 0.05 
313.58 195.70 -260.58 -0.66 -0.65 0.16 
30.84 6.96 -272.98 -0.39 -0.55 0.51 
26.57 3.99 -283.93 0.13 -0.06 0.76 
24.92 7.18 -268.46 -0.54 -0.01 0.62 
5.53 2.82 -264.22 -0.53 0.05 0.70 
-62.15 -46.67 -243.60 0.21 -0.62 0.04 
-49.78 -46.69 -247.25 -0.64 -1.11 -0.27 
-22.97 -8.30 -232.27 -0.79 -0.93 -0.19 
0.33 0.04 -247.25 -0.65 -0.65 -0.52 
15.13 2.04 -256.45 -0.71 -0.47 -0.59 
21.19 27.34 -258.77 -0.35 -0.85 -0.28 
46.54 47.75 -232.59 -0.60 -0.85 -0.32 
29.65 -13.67 -245.98 -0.40 -0.64 0.21 
47.75 -7.83 -236.65 -0.42 -0.07 0.84 
-2.80 -2.38 -240.44 -0.61 0.38 0.73 
-1.12 2.09 -238.94 -0.58 0.18 0.71 
-47.79 -9.22 -224.97 -0.32 -0.20 0.74 
-49.18 -37.06 -218.53 -0.65 -0.60 -0.46 
-33.45 -3.66 -202.28 -0.63 -1.04 -0.14 
2.71 -1.14 -215.29 -0.77 -0.68 -0.64 
-1.01 -3.75 -217.14 -0.50 -0.66 -0.47 
-9.49 5.98 -208.72 -0.59 -0.59 -0.50 
16.24 11.09 -222.48 -0.60 -0.73 -0.50 
45.40 48.58 -231.50 -0.20 -1.17 -0.07 
46.90 1.11 -233.07 -0.27 -0.57 0.58 
25.24 7.28 -244.48 -0.12 -0.04 0.78 
12.35 10.88 -233.61 -0.53 -0.06 0.69 
-144.38 -143.10 -217.12 -0.21 -0.79 -0.63 
-48.76 -4.98 -217.12 -0.80 -0.85 -0.51 
4.24 -11.57 -225.17 -0.74 -0.41 -0.75 
0.03 -2.20 -222.66 -0.50 -0.34 -0.46 
-6.66 5.73 -222.13 -0.75 -0.54 -0.64 
23.18 15.49 -236.40 -0.49 -0.90 -0.48 
38.83 35.64 -225.90 -0.54 -0.90 0.21 
47.32 -1.01 -241.96 -0.43 -0.26 0.35 
12.81 -6.95 -261.31 0.12 0.23 1.12 
-142.24 4.19 -234.90 -0.19 0.06 0.91 
15.79 17.39 -281.65 -0.67 -0.50 -0.31 
0.80 -1.38 -285.95 -0.64 -0.61 -0.54 
-1.67 6.40 -280.41 -0.70 -0.54 -0.51 
6.50 2.09 -285.26 -0.73 -0.62 -0.49 
45.45 48.47 327.51 -0.16 -1.26 0.20 
58.85 29.00 -322.07 -0.43 -0.77 0.57 
16.49 -13.90 315.44 -0.09 0.39 0.70 
-2.20 -2.06 311.10 -0.44 0.05 0.76 
-31.81 3.84 321.30 -0.05 0.01 0.85 
7.21 9.12 -313.66 -0.71 -0.65 -0.51 
70.92 59.29 -298.04 -0.71 -0.83 0.15 
33.77 -13.49 -313.49 -0.54 -0.34 0.50 
28.42 -3.74 -325.10 -0.17 0.18 1.01 
1.89 -0.71 -323.84 -0.47 0.27 0.71 
-103.39 -73.34 -290.79 -0.79 -0.83 -0.25 
6.85 9.00 -298.73 -0.84 -0.88 -0.69 
3.50 -2.07 -300.19 -0.57 -0.53 -0.45 
-4.33 6.69 -301.77 -0.67 -0.69 -0.51 
0.55 3.47 -301.60 -0.66 -0.65 -0.48 
46.56 49.23 -287.51 -0.57 -1.00 -0.59 
60.22 -24.50 -304.85 0.01 -0.17 0.52 
9.92 -0.38 -312.90 -0.35 -0.10 0.51 
-3.65 2.17 -311.33 -0.43 0.34 0.79 
-47.55 36.16 -293.47 0.04 -0.02 0.65 
-50.05 -42.05 -294.32 -0.40 -0.86 -0.05 
-42.78 -17.43 -269.81 -0.68 -1.05 -0.21 
-0.35 0.85 -277.07 -0.80 -0.74 -0.59 
-1.03 -0.82 -274.51 -0.50 -0.59 -0.39 
-2.20 6.97 -273.23 -0.64 -0.68 -0.45 
6.72 2.76 -279.33 -0.67 -0.60 -0.43 
22.23 14.00 -291.42 -0.32 -1.25 -0.03 
48.81 42.99 -285.79 -0.83 0.00 0.34 
48.13 18.65 -293.13 -0.06 -0.05 0.64 
-39.26 1.86 -297.09 -0.29 -0.25 0.58 
-39.70 -10.20 -294.57 -0.13 -0.07 0.90 
-50.51 -12.34 -283.12 -0.17 -0.82 0.09 
-49.04 -32.20 -285.75 -0.48 -1.05 -0.52 
-20.50 -25.78 -284.78 -0.65 -0.92 -0.55 
-1.85 -7.52 -288.55 -0.67 -0.57 -0.62 
-2.77 6.21 -285.15 -0.59 -0.55 -0.42 
-19.25 -4.85 -279.40 -0.71 -0.68 -0.52 
5.54 -0.04 -284.14 -0.60 -0.52 -0.45 
57.97 61.07 317.36 -0.50 -1.33 0.07 
-238.60 -159.58 -275.62 0.12 -0.44 0.70 
-43.95 -28.46 -273.55 -0.82 -0.67 0.13 
-24.90 -13.07 -260.33 -0.72 -0.83 -0.22 
-6.00 -7.24 -269.39 -0.62 -0.72 -0.62 
-0.71 2.92 -266.19 -0.52 -0.65 -0.43 
-6.45 1.61 -267.85 -0.68 -0.68 -0.54 
3.21 3.23 -266.10 -0.56 -0.72 -0.50 
45.63 48.55 -309.94 -0.40 -1.43 -0.42 
70.38 34.07 -296.78 -0.79 -0.16 0.82 
14.70 -6.66 -309.89 -0.10 -0.01 0.72 
-1.88 -1.11 -311.79 -0.57 0.05 0.72 
-59.02 3.00 -300.63 0.05 0.02 0.95 
-49.92 -29.12 -299.35 -0.41 -0.82 -0.15 
-50.07 -33.04 -281.28 -0.57 -1.40 -0.29 
1.81 -1.28 -296.07 -0.76 -0.61 -0.56 
-1.99 -0.92 -294.28 -0.58 -0.58 -0.51 
0.22 4.97 -295.77 -0.69 -0.59 -0.56 
1.76 3.66 -296.77 -0.72 -0.69 -0.57 
46.48 49.49 -306.86 -0.63 -1.20 -0.37 
59.07 -0.63 321.48 -0.01 -0.52 0.59 
29.73 0.65 315.42 -0.32 0.12 1.15 
6.88 1.43 320.00 -0.64 0.27 0.60 
-22.31 -1.58 324.59 -0.40 0.16 0.90 
-50.57 -14.18 325.41 0.00 -0.88 0.09 
-30.49 -26.51 -315.46 -0.54 -0.88 -0.33 
3.43 3.16 323.90 -0.78 -0.58 -0.75 
1.12 -1.80 324.45 -0.55 -0.56 -0.59 
-2.99 4.99 -327.23 -0.65 -0.50 -0.57 
16.13 13.35 320.09 -0.50 -0.79 -0.46 
46.19 48.83 319.61 -0.44 -1.37 -0.67 
46.25 6.42 315.73 -0.50 -0.44 0.23 
-0.02 -0.20 -317.50 -0.56 -0.58 -0.58 
-2.10 3.65 -318.70 -0.62 -0.60 -0.59 
92.49 15.75 311.16 -0.06 0.08 0.78 
-70.69 -12.56 323.28 -0.18 0.06 1.03 
-120.63 -34.46 -296.85 -0.61 -0.84 -0.37 
-11.42 7.29 -296.39 -0.65 -0.62 -0.56 
-1.90 1.20 -294.38 -0.64 -0.65 -0.54 
14.16 23.40 -298.71 -0.42 -0.77 -0.33 
46.22 49.26 -276.04 -0.67 -0.99 -0.32 
9.55 25.13 -257.80 -0.39 0.00 0.71 
-42.21 -6.24 -254.93 -0.31 0.05 0.96 
-50.76 -41.82 -239.75 0.23 -1.36 -0.22 
2.08 -6.74 -245.50 -0.61 -0.62 -0.56 
89.89 66.11 -281.21 -0.36 -1.15 -0.28 
58.45 36.24 -282.36 -0.37 -0.76 0.08 
1.53 -33.50 -289.52 -0.61 -0.52 -0.61 
181.52 56.25 -260.80 -0.06 -0.44 0.80 
-85.82 6.58 318.79 -0.42 -0.25 0.75 
