-2.28 1.07 318.48 -0.50 0.12 0.76 
-84.38 7.18 207.08 0.58 -0.80 0.55 
13.83 16.93 266.16 -0.66 -0.76 -0.05 
25.44 -23.89 253.54 -0.48 -0.57 0.04 
8.88 -10.20 236.35 -0.19 -0.41 0.24 
26.13 -18.51 221.13 0.11 -0.97 0.68 
-6.48 -17.76 176.51 0.91 -0.36 0.57 
-16.26 -8.64 167.27 0.88 -0.16 0.31 
-41.85 7.20 279.13 1.26 -0.55 0.42 
-39.52 -125.42 303.15 -0.43 -0.37 -1.27 
31.46 -0.12 327.07 -0.80 -0.44 0.26 
-0.64 1.84 323.36 -1.15 -0.72 0.54 
7.02 24.59 327.58 -0.41 -0.32 0.33 
17.60 28.69 -325.17 -0.36 -0.38 0.06 
-7.39 45.30 -315.80 -0.36 -0.06 -1.45 
2.98 -19.89 -315.29 -0.46 -0.21 -1.20 
-5.78 -55.15 -298.37 -0.37 -0.19 -0.11 
-20.11 -31.97 -305.75 -0.31 -0.32 0.71 
-14.08 21.07 -306.62 -0.95 -0.52 0.81 
-4.62 0.73 -308.33 -0.83 -0.71 0.38 
-1.25 2.81 -305.01 -0.82 -0.53 0.35 
-1.36 0.44 -295.01 -1.14 -0.69 0.61 
18.12 10.33 -287.58 -0.60 -0.48 0.59 
13.77 5.25 -298.92 -0.24 -0.26 0.36 
-12.69 37.37 -307.50 -0.27 -0.22 -0.63 
-0.60 19.18 -307.39 -0.36 -0.19 -1.48 
0.28 -18.75 -306.89 -0.43 -0.22 -1.27 
10.40 -32.45 -296.06 -0.37 -0.19 -0.43 
-24.90 -28.40 -296.14 -0.41 -0.06 0.28 
-15.51 -2.58 -285.98 -0.56 -0.55 0.68 
21.97 -40.27 -188.83 -1.23 -1.09 0.69 
23.43 24.54 -186.73 -0.43 -0.47 0.26 
8.81 28.44 -192.74 -0.13 -0.30 -0.15 
42.70 -41.33 -129.96 -1.00 -0.97 0.35 
5.99 2.89 -119.68 -0.67 -0.94 0.63 
38.30 50.58 -102.22 -0.22 -0.05 0.19 
-20.45 44.78 -112.40 -0.33 -0.16 -0.65 
-10.89 -1.62 -116.52 -0.52 -0.27 -1.51 
5.96 -28.63 -113.05 -0.51 -0.37 -0.89 
-5.91 -30.55 -99.50 -0.31 -0.12 0.06 
-38.54 -23.25 -103.97 -0.12 -0.32 0.62 
-12.59 6.88 -109.78 -1.03 -0.71 0.62 
-7.42 2.23 -120.17 -0.83 -0.64 0.61 
4.68 -3.01 -121.03 -0.89 -0.75 0.56 
6.52 3.42 -111.25 -0.75 -0.53 0.83 
19.74 16.77 -105.43 -0.50 -0.30 0.63 
5.06 30.08 -119.73 -0.34 -0.20 0.08 
-7.86 28.61 -124.32 -0.57 -0.23 -0.69 
-12.43 -5.04 -105.59 -0.89 -0.65 0.44 
3.01 1.79 -98.26 -1.14 -0.62 0.78 
6.05 17.96 -87.82 -0.53 -0.52 0.54 
15.62 26.16 -85.31 -0.19 -0.17 0.38 
10.80 41.53 -86.26 -0.54 -0.17 -0.53 
-6.80 15.06 -89.55 -0.31 -0.13 -1.46 
2.43 -16.86 -90.79 -0.40 -0.30 -1.39 
14.47 -55.32 -76.71 -0.41 -0.23 -0.04 
-12.55 -11.74 -68.30 -0.33 -0.01 0.44 
-13.92 -12.96 -77.45 -0.63 -0.60 0.60 
3.50 -0.81 -53.57 -0.96 -0.77 0.62 
4.31 24.76 -53.88 -0.55 -0.58 0.92 
14.87 30.33 -56.23 -0.27 -0.19 0.05 
12.78 33.94 -53.83 -0.35 -0.23 -0.73 
-5.68 7.36 -49.57 -0.47 -0.33 -1.26 
24.02 -9.97 -40.10 -0.39 -0.37 -1.15 
23.57 -35.00 -28.54 -0.29 -0.41 -0.10 
-42.57 -32.61 -24.25 -0.28 -0.18 0.50 
-5.51 11.98 -21.77 -0.70 -0.64 1.29 
-13.34 4.62 -35.06 -0.74 -0.75 0.47 
-1.98 -0.22 -36.23 -0.78 -0.69 0.47 
12.72 10.36 -18.35 -0.65 -0.92 1.06 
13.91 22.98 -20.45 -0.54 -0.40 0.37 
9.37 31.27 -22.74 -0.29 -0.29 -0.20 
-3.93 21.63 -23.98 -0.53 -0.28 -0.82 
-2.87 -1.77 -21.78 -0.54 -0.45 -1.10 
1.88 -17.21 -17.27 -0.51 -0.39 -1.03 
3.31 -33.40 -8.32 -0.45 -0.29 -0.30 
-30.87 -36.45 -16.29 -0.26 -0.24 0.29 
-5.28 -9.51 -17.01 -0.69 -0.73 0.87 
-8.30 1.56 -29.57 -0.69 -0.75 0.70 
4.30 1.62 -23.45 -0.79 -0.79 0.72 
-4.75 16.03 -14.14 -0.64 -0.93 0.84 
5.33 34.37 -16.52 -0.20 -0.19 0.29 
-5.66 43.05 -30.83 -0.39 -0.45 -0.34 
-13.28 16.14 -36.19 -0.41 -0.66 -1.46 
-4.82 -16.36 -32.65 -0.43 -0.55 -1.22 
10.37 -36.44 -20.82 -0.38 -0.47 -0.30 
-18.59 -37.18 -16.01 -0.31 -0.27 0.21 
-16.00 -16.74 -19.22 -0.55 -0.32 1.13 
-34.91 11.10 -38.93 -0.71 -0.35 0.85 
0.52 -1.88 -38.99 -0.61 -0.44 0.77 
98.32 -200.07 7.85 -0.45 -0.40 -0.45 
-6.34 -22.37 15.62 -0.30 -0.28 0.06 
-20.82 -32.47 16.00 -0.22 -0.61 0.96 
6.49 6.61 18.57 -0.51 -0.87 0.83 
-2.34 5.90 19.82 -0.52 -0.64 0.61 
-1.28 3.91 25.14 -0.79 -0.74 0.78 
5.56 5.14 29.44 -0.97 -0.87 0.59 
3.28 33.54 28.84 -0.17 -0.13 0.67 
12.20 33.17 24.02 -0.29 -0.25 -0.02 
23.52 25.66 37.16 -0.37 -0.34 -1.31 
1.77 -11.55 39.12 -0.54 -0.37 -1.12 
-0.63 -46.09 45.94 -0.20 -0.38 -0.50 
-39.02 -38.11 49.50 -0.27 -0.13 0.40 
-25.86 -2.86 41.48 -0.49 -0.61 1.01 
-7.22 0.69 25.95 -0.70 -0.31 0.88 
3.75 -0.84 33.03 -0.48 -0.81 0.67 
3.16 9.67 43.74 -0.86 -0.77 0.93 
20.74 25.95 57.38 -0.31 -0.36 0.97 
12.35 31.31 56.65 -0.30 -0.16 0.10 
-17.93 29.64 40.62 -0.38 -0.40 -0.66 
10.24 9.00 44.94 -0.47 -0.32 -1.26 
11.63 -38.22 54.02 -0.55 -0.39 -0.69 
-26.29 -32.55 62.83 -0.23 -0.15 0.08 
-4.13 -24.69 67.41 -0.42 -0.58 1.02 
-9.59 8.83 56.36 -0.82 -0.46 0.82 
-3.54 -6.52 47.82 -0.73 -0.60 0.65 
-1.04 1.79 49.20 -0.39 -0.51 0.61 
8.54 4.40 57.27 -0.55 -0.66 0.82 
-3.87 11.98 59.50 -0.79 -0.31 0.96 
2.74 21.39 55.37 -0.34 -0.39 0.58 
13.25 21.78 43.83 -0.17 -0.29 0.09 
-13.82 35.13 44.24 -0.51 -0.44 -0.67 
-13.06 -3.09 47.33 -0.54 -0.31 -1.06 
24.13 -41.44 54.22 -0.43 -0.39 -0.57 
-19.48 -41.53 59.92 -0.38 -0.35 0.24 
-6.46 -15.57 58.74 -0.58 -0.61 1.00 
-15.71 -1.06 40.94 -0.79 -0.25 0.89 
-6.04 3.26 37.99 -0.53 -0.60 0.62 
-3.93 2.35 40.12 -0.75 -0.80 0.59 
13.20 8.85 60.89 -0.26 -1.12 1.03 
15.89 31.46 65.25 -0.38 -0.20 0.26 
3.05 37.74 53.50 -0.31 -0.27 -0.19 
5.79 26.69 45.48 -0.52 -0.34 -1.11 
2.82 -7.17 47.57 -0.47 -0.57 -1.17 
3.30 -24.59 57.56 -0.52 -0.37 -0.71 
-7.00 -30.69 72.92 -0.14 -0.31 0.02 
1.35 -6.80 87.67 -0.55 -0.20 0.96 
-3.12 -2.36 77.29 -0.38 -0.43 1.09 
-6.49 -1.46 75.30 -0.51 -0.68 0.71 
-0.92 3.16 77.85 -0.41 -0.69 0.56 
10.90 -2.28 83.11 -0.72 -0.67 1.26 
11.29 23.69 90.46 -0.45 -0.71 0.72 
22.58 35.80 91.78 -0.28 -0.17 0.15 
-9.85 14.07 77.63 -0.37 -0.48 -0.35 
-18.85 14.45 76.67 -0.58 -0.39 -1.14 
2.60 -31.31 82.86 -0.55 -0.52 -0.95 
3.97 -41.20 96.67 -0.39 -0.30 0.07 
-9.93 4.25 93.34 -0.53 -0.67 0.44 
-1.19 9.32 102.77 -0.83 -0.97 0.94 
16.36 29.92 116.90 -0.68 -0.45 0.56 
2.46 35.61 119.67 -0.21 -0.41 -0.26 
-8.21 24.62 111.34 -0.39 -0.03 -0.97 
2.71 -4.57 112.74 -0.50 -0.03 -1.19 
-107.23 -91.29 88.51 -0.24 -0.58 0.68 
28.06 -0.03 97.00 -0.59 -0.78 0.86 
-3.39 0.22 94.40 -0.64 -0.74 0.67 
0.00 3.32 101.30 -0.58 -0.66 0.65 
-0.09 12.85 108.45 -0.78 -0.65 1.05 
7.25 37.27 114.10 -0.41 -0.40 0.32 
-1.78 26.66 110.92 -0.50 -0.35 -0.20 
-5.34 23.17 107.24 -0.28 -0.37 -1.01 
-1.58 -4.99 105.61 -0.53 -0.24 -1.16 
2.22 -22.06 108.57 -0.59 -0.36 -0.87 
-1.55 -35.12 117.04 -0.40 -0.22 -0.07 
-35.45 -26.08 112.21 -0.28 -0.27 0.48 
-10.56 3.26 102.80 -0.67 -0.86 0.40 
-3.60 0.30 104.98 -0.45 -0.77 0.26 
-1.45 3.65 118.29 -0.91 -0.94 0.70 
27.67 29.95 137.97 -0.50 -0.51 0.37 
-131.70 45.33 72.30 -0.40 -0.44 0.89 
2.43 10.55 84.96 -0.47 -0.72 0.62 
15.09 0.24 108.60 -0.63 -0.90 0.85 
15.93 43.24 114.98 -0.50 -0.33 0.39 
15.71 34.37 120.87 -0.25 -0.25 -0.17 
-3.60 17.89 115.38 -0.63 -0.10 -1.05 
2.78 -4.44 114.28 -0.48 -0.19 -1.30 
7.74 -24.68 116.12 -0.56 -0.27 -0.86 
0.40 -30.33 124.11 -0.21 -0.17 -0.16 
-29.76 -31.01 115.36 -0.57 -0.14 0.58 
9.71 16.03 114.46 -0.50 -0.57 0.90 
-4.79 0.29 113.65 -0.57 -0.74 0.68 
4.31 4.36 118.53 -0.59 -0.75 0.79 
-3.04 5.65 123.74 -0.55 -0.83 1.05 
7.54 49.02 131.38 -0.25 -0.25 0.28 
10.42 54.44 122.48 -0.38 -0.23 -0.55 
14.11 18.75 131.84 -0.31 0.02 -1.30 
-2.15 -18.47 130.39 -0.33 -0.34 -1.25 
5.52 -34.45 142.32 -0.33 -0.34 -0.40 
-14.78 -38.62 147.81 -0.35 -0.15 0.21 
-23.86 -12.45 137.37 -0.37 -0.38 0.95 
14.48 19.97 133.85 -0.62 -0.40 0.84 
-8.97 2.15 124.78 -0.58 -0.88 0.45 
-3.97 6.59 127.54 -0.55 -0.79 0.37 
-2.03 8.87 148.41 -0.86 -1.31 0.73 
9.66 37.38 173.67 -0.44 -0.32 0.25 
4.18 27.07 163.25 -0.36 -0.23 -0.28 
2.31 29.94 173.36 -0.33 -0.08 -0.95 
-5.89 -3.32 167.86 -0.45 -0.06 -1.32 
-1.71 -26.76 170.02 -0.35 -0.10 -0.99 
-6.25 -43.57 176.40 -0.41 -0.22 0.13 
-21.91 -15.49 175.75 -0.39 -0.03 0.69 
-10.57 4.97 157.27 -0.76 -0.71 0.67 
-17.98 2.97 141.74 -0.52 -0.90 0.47 
-1.38 1.27 142.30 -0.49 -0.84 0.32 
-1.46 2.05 143.45 -0.52 -0.79 0.29 
-6.84 14.47 164.25 -0.70 -1.13 0.88 
13.81 28.51 177.43 -0.36 -0.62 0.43 
15.82 33.79 180.54 -0.42 -0.28 -0.28 
1.08 21.20 178.12 -0.34 -0.16 -0.92 
8.15 -7.43 176.21 -0.55 -0.32 -1.32 
3.16 -23.03 181.76 -0.45 -0.30 -0.71 
-30.60 -46.58 181.58 -0.17 -0.16 0.23 
-24.41 6.31 161.97 -0.78 -1.32 0.56 
6.47 -0.38 152.72 -0.79 -0.90 0.30 
-2.39 2.67 148.00 -0.63 -0.87 0.31 
-6.73 7.15 151.92 -0.58 -0.83 0.25 
1.41 -3.07 174.15 -0.87 -1.15 0.67 
12.28 22.46 192.20 -0.45 -0.62 0.30 
30.63 15.02 187.92 -0.31 -0.15 -0.08 
-0.66 33.83 191.38 -0.37 -0.08 -0.69 
-1.98 3.16 189.71 -0.56 -0.18 -1.33 
-0.65 -18.97 191.13 -0.54 -0.27 -0.95 
-18.83 -50.92 195.06 -0.36 -0.19 0.13 
-2.01 -0.12 195.22 -0.34 -0.19 0.14 
-2.03 27.80 207.03 -0.71 -0.75 0.32 
-18.58 -38.87 194.36 -0.64 -0.04 -1.11 
7.05 -22.87 194.79 -0.63 -0.29 -0.65 
-15.09 -39.60 191.54 -0.24 -0.34 0.03 
-3.22 -12.54 197.17 -0.33 -0.50 1.01 
3.21 7.87 187.95 -0.76 -0.61 0.77 
7.46 -1.55 194.27 -0.88 -0.85 0.53 
18.42 27.82 214.05 -0.56 -0.73 1.02 
10.37 36.74 217.02 -0.26 -0.19 0.15 
-36.14 40.50 214.45 -0.36 -0.23 -0.63 
12.74 8.21 210.85 -0.53 0.14 -1.41 
13.40 -23.26 217.23 -0.47 -0.09 -1.00 
-16.90 -48.66 228.35 -0.54 -0.04 0.12 
-4.36 -15.20 234.59 -0.47 -0.28 0.65 
-5.29 0.23 229.00 -0.59 -0.47 0.83 
-19.79 -4.97 208.66 -0.68 -0.68 0.87 
0.17 6.38 216.94 -0.60 -0.53 1.00 
34.36 25.77 242.42 -0.41 -0.14 1.37 
-4.58 25.10 233.16 -0.68 -0.14 0.08 
3.35 23.99 230.50 -0.47 -0.25 -0.02 
-4.27 20.49 229.84 -0.57 -0.10 -0.83 
2.65 2.55 227.55 -0.53 -0.34 -1.23 
-45.55 39.37 183.30 -0.65 -0.71 1.03 
-5.56 5.18 173.94 -0.78 -0.80 0.70 
3.63 3.18 176.16 -0.46 -0.61 0.50 
0.40 2.46 178.92 -0.64 -0.67 0.63 
-8.61 12.01 190.04 -0.69 -1.09 0.95 
-3.14 34.08 189.54 -0.08 -0.37 0.39 
1.39 -19.12 22.74 0.76 0.03 0.64 
66.40 -37.55 30.96 1.03 -0.09 0.39 
15.88 -15.55 37.63 1.17 0.14 -0.12 
-9.24 5.65 21.21 0.89 -0.40 -0.14 
-60.61 -58.87 52.56 0.92 -0.86 -1.02 
16.22 -8.09 65.10 0.76 -0.55 -0.53 
9.85 3.86 83.81 0.48 -0.86 -0.18 
6.56 16.94 97.35 0.39 -0.87 0.21 
15.09 25.51 105.53 0.14 -0.99 0.24 
30.96 -35.65 85.06 0.35 -0.32 0.22 
5.75 -48.60 58.77 1.34 -0.27 0.51 
3.57 -1.98 78.56 1.21 -0.16 0.05 
-20.45 9.77 100.76 0.89 -0.37 -0.18 
-3.26 0.99 127.78 0.82 -1.06 0.07 
14.53 19.57 166.50 0.24 -1.06 0.13 
11.63 9.59 197.99 -0.37 -0.89 0.19 
0.60 0.32 214.74 -0.63 -0.64 0.46 
28.88 -204.48 312.35 0.06 0.09 0.03 
-38.63 -8.19 -318.29 -0.38 -0.13 1.30 
-26.53 -147.01 -259.93 -0.66 -0.31 -0.67 
1.41 -34.85 -242.88 -0.42 -0.09 0.10 
-28.42 -22.39 -237.66 -0.10 -0.10 0.58 
-16.57 -17.28 -250.07 -0.40 -0.65 1.51 
-112.47 102.15 -302.31 -0.42 -0.31 -1.37 
-60.35 -147.17 -289.24 -0.14 -0.45 0.92 
-27.95 4.58 -286.85 -0.20 -0.58 0.99 
-11.40 5.55 -303.44 -0.53 -0.86 0.79 
-0.29 1.24 -302.61 -0.47 -0.51 0.60 
-4.79 1.75 -303.14 -0.68 -0.54 0.81 
-5.81 16.98 -293.87 -0.69 -1.29 1.05 
20.54 33.30 -286.04 -0.28 -0.29 0.38 
19.80 37.70 -282.79 -0.41 -0.12 -0.28 
14.86 16.10 -280.79 -0.48 -0.02 -0.98 
14.19 1.22 -289.96 -0.43 -0.17 -0.96 
-8.12 -24.05 -272.38 -0.46 -0.35 -0.74 
6.76 -45.27 -272.44 -0.14 -0.02 -0.30 
-19.58 -46.58 -283.42 -0.39 -0.66 0.74 
-14.46 18.73 -299.05 -0.84 -1.29 0.65 
-0.45 -0.73 -303.18 -0.68 -1.05 0.19 
-142.91 137.72 320.02 -0.47 0.12 -1.30 
-6.44 -6.36 315.32 -0.47 0.05 -1.33 
13.07 -49.54 317.67 -0.37 -0.27 -0.61 
-18.59 -48.08 314.55 0.08 -0.04 0.38 
-17.90 3.73 317.87 -0.40 -0.70 1.16 
-26.36 7.68 293.21 -0.76 -0.58 0.39 
-3.16 3.61 292.47 -0.48 -0.95 0.36 
0.30 0.64 293.56 -0.38 -0.83 0.20 
-2.69 0.19 295.27 -0.49 -0.93 0.17 
9.14 5.20 321.37 -0.75 -1.09 0.84 
-6.18 27.19 -324.95 -0.27 -0.42 0.37 
16.02 44.86 -315.51 -0.36 -0.16 -0.42 
4.64 13.76 -318.03 -0.27 -0.32 -1.23 
-3.30 -8.80 -319.49 -0.49 -0.38 -1.20 
0.58 -56.29 -298.84 -0.36 -0.19 -0.39 
-28.74 -33.07 -305.73 -0.39 -0.21 0.55 
-20.46 -10.72 -320.94 -0.82 -0.99 0.80 
-48.26 9.05 305.04 -0.79 -0.53 0.59 
4.28 1.30 305.92 -0.57 -1.06 0.15 
-1.68 -0.57 306.85 -0.40 -0.73 0.30 
6.64 4.64 314.84 -0.61 -0.82 0.47 
0.56 -13.19 324.58 -0.77 -1.38 0.99 
0.38 88.15 313.97 -0.50 -0.20 -0.95 
4.05 -3.41 312.08 -0.52 -0.10 -1.22 
-4.69 -22.58 314.47 -0.44 -0.31 -1.11 
0.58 -41.54 319.87 -0.24 -0.18 -0.16 
-60.96 -16.71 311.38 -0.43 -0.80 0.72 
-22.07 16.66 290.07 -0.77 -0.76 0.35 
-3.78 -0.77 284.46 -0.58 -1.14 -0.07 
1.59 0.17 286.15 -0.30 -0.88 0.05 
0.79 -5.01 289.10 -0.71 -1.32 0.30 
14.53 -1.40 304.53 -0.53 -0.78 1.04 
12.02 41.85 310.86 -0.20 -0.38 0.36 
-13.60 -43.54 310.55 -0.41 -0.27 -1.32 
15.01 -36.34 320.08 -0.29 -0.13 -0.60 
-28.39 -59.94 314.98 0.03 -0.45 0.47 
-26.77 -0.67 306.59 -0.66 -0.98 1.00 
-32.67 5.93 284.34 -0.60 -1.04 0.49 
-6.06 -0.33 283.32 -0.57 -1.05 0.23 
0.72 0.39 285.95 -0.41 -0.84 0.19 
-18.63 7.92 296.44 -0.77 -1.36 1.06 
12.70 11.32 311.25 -0.45 -0.68 0.34 
2.36 -183.72 -314.46 -0.34 -0.30 -0.61 
-9.54 -34.61 -311.57 -0.09 -0.23 0.14 
-47.76 -17.82 -327.54 -0.38 -0.66 0.67 
31.65 -0.65 -313.00 -0.36 -0.97 0.10 
1.50 -0.60 -309.72 -0.64 -1.03 0.32 
40.80 1.20 -278.31 -0.41 -1.20 0.64 
16.38 31.66 -272.38 0.00 -0.16 0.34 
1.46 41.63 -290.94 -0.39 0.04 -0.16 
5.51 30.84 -286.83 -0.42 -0.12 -0.94 
5.99 -2.30 -287.60 -0.50 -0.12 -1.55 
-13.19 -37.21 -290.91 -0.29 -0.25 -0.96 
-0.57 -42.53 -290.06 -0.05 -0.24 0.04 
-19.22 -10.43 -292.71 -0.37 -0.71 0.95 
-39.77 7.78 323.34 -1.23 -0.80 0.63 
-4.98 -1.20 319.66 -0.52 -1.03 0.35 
-4.92 -2.12 318.78 -0.37 -0.87 0.22 
1.79 -1.63 -313.00 -0.78 -1.46 1.09 
-0.30 31.97 -298.76 -0.35 -0.49 0.30 
5.72 45.64 -308.15 -0.34 -0.23 -0.35 
-6.34 18.18 -322.45 -0.31 -0.25 -1.26 
-5.73 -12.52 -322.56 -0.40 -0.42 -1.50 
-1.83 -40.21 -322.13 -0.28 -0.39 -0.74 
-15.42 -41.87 -308.77 0.06 -0.15 0.12 
16.96 -4.18 -293.82 -0.32 -0.81 0.29 
-8.06 -1.24 -293.54 -0.60 -0.98 0.40 
7.76 10.40 -276.42 -0.76 -1.14 0.76 
9.27 25.46 -269.03 -0.20 -0.41 0.22 
-9.18 44.11 -285.70 -0.17 -0.10 -0.29 
-3.56 22.32 -283.24 -0.33 -0.21 -1.37 
2.63 -10.00 -285.36 -0.42 -0.30 -1.37 
3.04 -40.27 -286.53 -0.36 -0.40 -0.84 
60.53 92.70 -190.30 -0.35 -1.15 0.96 
21.84 49.38 -207.29 -0.62 -0.17 -1.00 
-8.22 -14.05 -208.89 -0.49 -0.34 -1.32 
1.18 -49.53 -212.56 -0.29 -0.24 -0.54 
-34.85 -45.89 -204.39 0.03 -0.19 0.41 
5.73 -0.61 -222.21 -0.57 -1.53 0.97 
-275.45 -129.40 -289.78 -0.54 -0.64 0.97 
-42.74 -82.77 -284.29 -0.55 -0.27 -1.04 
-1.14 -12.90 -222.57 -0.64 -1.54 0.92 
-56.63 144.78 -175.13 0.10 -0.25 -0.80 
-13.60 13.49 -187.96 -0.37 -0.28 -1.48 
0.00 -25.19 -188.69 -0.31 -0.13 -1.29 
-6.06 -48.20 -196.27 0.07 -0.28 -0.36 
-41.32 -47.47 -199.05 -0.17 -0.70 0.76 
-24.11 6.67 -209.94 -0.56 -1.62 0.77 
-1.88 -1.66 -208.95 -0.56 -1.05 0.14 
2.88 1.45 -204.73 -0.37 -0.81 0.04 
-6.58 1.19 -208.16 -0.57 -0.96 0.11 
9.10 -4.31 -179.76 -1.00 -1.13 0.69 
7.00 15.11 -184.96 -0.23 -0.36 0.28 
-4.15 29.84 -188.72 -0.03 -0.04 -0.21 
6.85 19.97 -183.04 -0.42 -0.29 -1.52 
-4.67 -34.51 -179.55 -0.47 -0.23 -0.86 
157.60 -112.60 16.39 -0.73 -1.19 0.43 
11.87 12.73 25.19 -0.17 -0.45 0.48 
11.92 57.52 16.63 -0.52 -0.01 -0.64 
11.14 24.51 26.99 -0.48 -0.04 -1.08 
-7.82 -8.92 12.62 -0.47 -1.02 -0.02 
33.56 97.88 51.15 0.00 -0.27 -0.15 
-30.22 24.61 61.65 -0.60 -0.14 -0.91 
-160.21 -5.02 -46.99 -0.43 -1.11 0.52 
149.16 9.36 77.18 -0.53 -0.78 0.97 
43.97 28.05 87.37 -0.39 -0.24 -0.12 
-10.11 29.48 95.53 -0.51 -0.29 -0.97 
8.45 -5.56 93.80 -0.56 -0.09 -1.42 
23.24 -58.01 109.93 0.18 -0.10 -0.45 
-13.93 -32.69 116.84 -0.64 -0.87 1.07 
-34.36 7.60 86.69 -0.74 -0.44 0.65 
73.54 102.27 195.78 -0.28 -0.80 0.52 
-1.43 2.07 196.96 -0.28 -0.76 0.45 
9.29 19.95 205.09 -0.15 0.02 -0.50 
-4.38 -1.76 200.92 -0.60 -0.11 -1.51 
4.89 -46.29 203.45 -0.45 -0.10 -0.63 
-3.26 -3.56 168.44 -0.36 -1.15 0.22 
43.62 5.91 211.99 -0.35 -1.37 0.55 
-117.23 -223.01 196.17 -0.11 -0.27 0.01 
16.63 2.84 201.65 -0.56 -0.90 0.80 
-12.03 10.52 188.84 -0.50 -1.36 0.16 
16.59 -4.92 188.93 -0.44 -1.07 0.03 
-3.72 5.61 192.22 -0.24 -0.74 0.02 
-5.40 0.99 189.11 -0.37 -0.95 0.04 
1.16 -0.79 202.84 -0.75 -1.25 0.19 
30.18 1.39 238.54 -0.75 -1.05 0.85 
13.86 27.00 235.78 -0.04 -0.12 0.09 
-2.99 35.06 237.81 -0.18 -0.09 -0.65 
-7.86 9.91 237.96 -0.43 0.13 -1.51 
11.07 -29.23 231.59 -0.35 -0.07 -1.06 
8.14 -55.01 250.15 -0.04 -0.20 0.09 
-23.99 -8.10 235.68 -0.77 -0.69 1.30 
3.94 15.82 230.05 -0.62 -0.97 0.44 
-22.80 94.33 199.68 -0.44 0.00 -1.35 
8.62 -16.37 198.86 -0.48 -0.17 -1.31 
1.10 -30.70 201.45 -0.41 -0.25 -0.63 
6.85 -7.77 -45.91 0.99 0.03 -0.29 
3.64 8.76 -60.79 0.98 -0.02 -0.36 
-2.47 -4.17 -65.19 1.05 -0.12 -0.32 
4.62 -4.00 -66.44 1.07 -0.14 -0.27 
10.77 5.28 -61.37 1.10 -0.01 -0.26 
4.47 2.81 -58.90 0.97 0.11 -0.24 
-10.94 1.52 -65.87 1.05 0.01 0.02 
20.67 2.91 -58.42 1.04 -0.05 -0.05 
2.40 -4.89 -54.84 1.05 -0.16 -0.04 
8.78 -6.03 -52.91 1.08 -0.03 -0.06 
-15.65 -27.24 -55.84 -0.57 -0.94 0.28 
-104.28 -323.12 -19.10 -0.16 -0.03 0.28 
-23.53 -10.17 -17.41 -0.34 -0.46 1.19 
-29.57 15.38 -41.50 -0.69 -1.03 0.56 
14.90 4.91 -40.34 -0.58 -1.15 0.04 
-1.88 3.94 -36.44 -0.43 -0.83 0.34 
11.48 9.85 -17.45 -0.88 -0.96 1.08 
-15.99 41.61 14.34 -0.06 -0.63 0.08 
15.60 23.79 15.23 -0.38 -0.09 -0.23 
-1.56 21.12 18.91 -0.34 -0.18 -1.04 
-1.86 -7.01 17.36 -0.41 -0.10 -1.45 
5.43 -37.17 14.23 -0.31 -0.15 -0.98 
16.69 -34.55 27.79 -0.23 -0.07 0.11 
-35.33 15.62 69.51 -0.39 -1.22 0.62 
16.59 22.16 103.80 -0.15 -0.96 0.71 
10.69 19.12 100.28 0.01 -0.26 0.15 
-2.56 26.92 95.33 -0.15 -0.01 -0.59 
8.71 -119.23 106.30 -0.37 -0.21 -0.69 
-11.92 -38.32 118.17 -0.02 -0.03 0.07 
-15.09 10.35 110.95 -0.10 -1.41 0.91 
6.74 3.22 124.06 -0.33 -0.83 0.43 
16.97 -5.06 147.47 -0.77 -1.24 1.08 
10.99 27.84 152.41 -0.13 -0.37 0.31 
11.89 41.34 149.07 -0.08 -0.15 -0.05 
0.56 24.26 139.70 -0.37 -0.10 -0.73 
7.01 3.91 142.02 -0.45 -0.28 -1.66 
8.98 -45.32 141.02 -0.35 -0.26 -0.91 
-2.95 -45.43 149.40 -0.16 -0.35 0.17 
-40.30 -11.32 139.04 -0.30 -0.52 0.96 
-24.34 2.20 120.94 0.08 -1.49 0.31 
-5.62 -0.24 126.60 -0.20 -1.36 0.26 
8.31 4.10 149.04 -0.37 -1.28 0.66 
8.56 12.03 162.81 -0.37 -0.90 0.72 
17.07 17.34 159.92 -0.35 -0.49 0.24 
7.80 51.81 159.39 -0.27 -0.23 -0.44 
-15.72 4.46 154.58 -0.31 -0.65 -1.49 
4.17 -34.01 163.80 -0.20 -0.37 -0.83 
27.35 -47.90 182.41 -0.03 -0.38 -0.17 
-39.39 -37.79 187.04 -0.20 -0.35 0.95 
-28.14 19.08 171.07 -0.06 -1.52 0.83 
-5.96 6.37 165.89 -0.34 -1.21 0.21 
4.75 -0.27 170.91 -0.08 -0.98 0.17 
-6.41 4.25 171.52 -0.18 -0.89 0.14 
9.70 2.77 192.58 -0.77 -1.69 0.54 
26.30 12.14 218.23 -0.15 -0.72 0.70 
21.37 33.49 216.81 -0.07 -0.10 0.00 
-3.34 28.46 200.66 -0.62 -0.17 -0.73 
-8.34 18.10 206.95 -0.46 -0.38 -1.83 
0.97 -28.03 203.92 -0.35 -0.42 -1.04 
10.35 -43.93 210.43 0.06 -0.21 -0.12 
-21.30 -47.38 183.46 -0.21 -0.92 0.47 
-23.58 7.44 166.09 -0.18 -1.32 0.75 
-23.02 -0.27 158.74 -0.51 -1.32 0.66 
7.75 0.33 167.74 -0.21 -0.94 0.18 
-12.01 7.08 169.47 -0.28 -0.80 0.08 
2.58 46.95 173.61 -0.65 -0.13 -1.34 
3.39 -13.11 171.11 -0.55 -0.20 -1.04 
11.46 -34.85 173.15 -0.46 -0.27 -0.45 
-36.93 -36.56 162.89 -0.39 -0.42 0.70 
-46.11 2.47 129.68 -0.37 -0.98 0.47 
10.73 1.95 141.72 -0.14 -0.98 0.18 
-11.43 2.41 139.92 -0.20 -0.82 0.07 
-3.95 -8.94 144.23 -0.80 -1.63 0.65 
22.33 8.53 175.45 -0.34 -1.28 0.36 
13.30 34.51 174.49 -0.14 -0.23 0.11 
-17.31 49.35 172.14 -0.43 -0.12 -0.76 
-21.06 18.50 168.91 -0.46 -0.16 -1.72 
-8.28 -28.62 167.35 -0.34 -0.33 -1.11 
87.93 -59.39 -246.77 -1.11 -1.61 0.26 
-7.43 60.87 -238.29 -0.73 -0.10 -1.31 
4.74 -30.26 -248.32 -0.51 -0.21 -0.96 
-6.92 -33.98 -246.41 -0.09 -0.29 -0.06 
-18.25 -21.13 -253.76 -0.34 -0.47 0.99 
-24.06 14.92 -272.43 -0.70 -0.86 0.20 
-13.45 1.62 -283.31 -0.61 -1.34 0.23 
-3.64 0.74 -278.97 -0.29 -1.00 0.13 
-7.88 4.70 -279.45 -0.23 -0.81 0.01 
8.92 -10.28 -275.59 -0.73 -1.36 0.38 
15.84 37.31 -254.31 -0.05 -0.55 0.66 
52.64 21.73 -273.63 -0.18 -0.11 -0.33 
-24.76 28.64 -267.38 -0.39 -0.15 -1.07 
4.24 -10.54 -271.42 -0.46 -0.09 -1.22 
13.71 -40.96 -274.90 -0.25 -0.25 -0.49 
-24.88 -46.72 -287.72 -0.28 -0.38 0.35 
-7.10 4.92 -296.38 -0.19 -0.96 0.93 
-25.72 3.95 -304.40 -0.27 -1.13 0.23 
1.35 -2.81 -306.21 -0.23 -1.08 0.25 
-0.43 3.29 -302.58 -0.17 -0.92 0.17 
0.23 3.34 -288.39 -0.80 -1.20 0.51 
35.05 17.43 -265.81 -0.29 -0.30 1.00 
15.28 17.13 -248.89 -0.59 -0.14 -1.45 
8.73 -27.77 -251.30 -0.45 -0.23 -0.93 
-1.47 -37.05 -249.89 -0.47 -0.22 -0.06 
-16.74 -26.06 -255.04 -0.34 -0.52 0.56 
113.38 166.13 -189.01 -0.03 -0.30 0.18 
16.28 25.85 -191.71 -0.27 -0.08 -0.07 
-25.77 26.11 -198.13 -0.51 -0.22 -1.27 
-2.07 -51.78 -204.62 -0.53 -0.35 -0.68 
-10.14 -39.97 -196.48 -0.27 -0.47 0.24 
-13.47 -14.23 -215.53 -0.31 -0.65 0.88 
-16.13 2.05 -234.54 -0.20 -1.12 0.41 
-8.05 -0.06 -238.55 -0.34 -1.16 0.40 
-3.88 10.74 -227.24 -0.11 -0.95 0.20 
0.02 4.01 -223.47 -0.45 -0.94 0.19 
17.45 3.51 -199.79 -0.69 -1.12 0.68 
11.19 30.50 -196.39 -0.27 -0.36 0.41 
-33.50 85.04 -189.95 -0.34 -0.18 -1.07 
5.17 -20.56 -193.65 -0.37 -0.16 -1.37 
-9.85 -49.68 -191.24 -0.20 -0.28 -0.04 
-0.60 0.57 -199.74 -0.42 -1.19 0.28 
3.04 1.46 -194.28 -0.22 -0.94 0.08 
-9.57 1.33 -194.89 -0.22 -0.83 0.10 
6.45 1.00 -186.38 -0.76 -1.16 0.45 
28.03 28.31 -222.79 -0.13 -0.24 0.12 
-19.16 47.93 -207.28 -0.43 -0.21 -0.68 
-2.67 3.63 -208.14 -0.38 0.01 -1.60 
3.96 -31.56 -211.29 -0.50 -0.22 -0.83 
212.68 88.99 -54.99 -0.61 -1.41 0.67 
-161.66 -92.69 -13.01 -0.28 -0.31 0.90 
-19.91 9.87 -30.27 -0.80 -1.09 0.86 
-7.68 -1.78 -31.41 -0.62 -1.03 0.20 
22.57 38.62 -3.87 -0.32 -0.73 0.37 
-1.22 9.48 -6.87 -0.52 -0.07 -1.63 
-16.59 -5.16 -32.92 -0.44 -1.20 0.24 
-10.08 0.21 -38.36 -0.36 -1.04 0.07 
9.12 -3.73 -24.77 -0.86 -1.79 0.48 
10.07 29.44 -0.49 -0.09 -0.58 0.54 
14.72 31.32 6.70 -0.23 -0.29 -0.18 
-4.69 26.82 5.12 -0.52 -0.25 -1.22 
3.43 -15.72 4.07 -0.60 -0.19 -1.19 
4.72 -21.33 6.06 -0.56 -0.19 -0.36 
-9.95 -30.17 3.25 -0.13 -0.28 0.14 
-32.80 -12.13 -14.44 -0.73 -0.60 0.78 
-38.92 0.22 -42.78 -0.42 -1.26 0.41 
-1.93 -0.28 -36.90 -0.24 -1.09 0.26 
-0.53 3.29 -32.52 -0.22 -0.84 0.13 
-10.06 -2.68 -26.12 -0.63 -1.15 0.49 
12.01 7.97 -8.02 -0.53 -1.02 0.64 
0.47 23.74 -2.45 -0.31 -0.59 0.23 
-38.20 40.14 -7.94 -0.10 -0.20 -0.38 
-18.71 0.99 -16.31 -0.33 0.00 -1.48 
8.81 -24.02 -19.74 -0.37 -0.18 -1.11 
14.80 -41.59 -19.90 0.10 -0.25 -0.01 
-10.86 -23.71 -18.41 -0.63 -0.49 0.95 
-42.26 10.01 -36.75 -0.73 -0.93 0.71 
-0.26 3.50 -31.15 -0.44 -1.05 0.03 
-7.97 5.12 -28.55 -0.32 -0.79 0.03 
-1.31 0.62 -32.22 -0.40 -0.95 0.09 
9.60 0.91 -15.61 -0.90 -1.34 0.52 
14.61 19.69 7.08 -0.54 -0.89 0.78 
8.45 24.96 -0.35 -0.27 -0.24 -0.03 
8.04 33.93 5.12 -0.14 0.00 -0.47 
3.72 12.30 12.48 -0.33 -0.04 -1.81 
12.53 -33.34 10.70 -0.33 -0.21 -1.07 
-30.92 -46.20 11.76 0.13 -0.29 -0.06 
-9.38 16.11 12.76 -0.75 -0.46 1.09 
-4.21 7.39 -3.36 -0.65 -0.74 0.23 
-5.95 1.02 -4.04 -0.45 -0.90 0.17 
-5.17 4.95 -4.09 -0.42 -0.85 0.06 
41.50 -45.96 61.17 -0.68 -1.59 0.40 
24.26 35.42 66.96 -0.01 -0.40 0.20 
16.39 47.83 71.43 -0.49 -0.03 -0.96 
8.47 -3.80 71.62 -0.59 0.11 -1.36 
10.61 -40.87 73.83 -0.54 -0.33 -0.51 
-10.66 -30.40 78.89 -0.10 -0.25 0.26 
-41.84 1.23 58.66 -0.58 -1.06 0.92 
-11.94 9.78 48.33 -0.68 -0.69 0.43 
-6.65 1.09 50.26 -0.33 -1.03 0.31 
-0.47 3.31 53.14 -0.27 -0.81 0.05 
-7.45 1.01 49.64 -0.33 -0.93 0.11 
-1.93 1.76 49.98 -0.39 -1.08 0.12 
26.41 6.59 88.29 -0.40 -1.50 0.59 
18.47 26.79 96.29 -0.21 -0.17 0.09 
9.72 33.16 91.57 -0.34 -0.09 -0.40 
3.52 8.85 95.87 -0.54 -0.02 -1.44 
13.51 -17.43 100.89 -0.49 -0.25 -0.99 
-2.02 -43.82 107.63 -0.32 -0.15 -0.13 
-3.82 -22.31 104.78 -0.32 -0.38 0.50 
-11.09 22.45 77.92 -0.53 -0.70 1.01 
36.14 -62.46 139.41 -0.99 -1.34 0.50 
15.37 32.68 162.52 -0.13 -0.68 0.81 
27.77 29.59 171.52 0.03 -0.18 0.01 
-4.88 18.70 156.77 -0.29 -0.24 -1.64 
-99.10 14.58 133.23 -0.53 -0.88 0.08 
-3.09 0.55 130.72 -0.42 -0.91 0.04 
-2.61 0.99 130.59 -0.43 -0.92 0.04 
-2.39 0.57 126.66 -0.38 -0.91 0.04 
46.86 5.78 181.65 -0.30 -1.40 1.09 
19.08 37.36 164.99 0.12 -0.18 -0.12 
6.33 22.12 162.23 -0.54 -0.38 -0.53 
-4.64 15.97 156.38 -0.13 -0.14 -0.94 
-51.93 -49.56 159.48 -0.36 -0.46 0.69 
-0.50 17.90 168.35 -0.39 -0.86 0.04 
-2.36 0.95 164.60 -0.47 -0.85 0.07 
5.92 -4.42 172.52 -0.79 -1.22 0.38 
14.89 22.64 192.00 -0.43 -1.04 0.82 
0.40 23.74 187.75 -0.27 -0.50 -0.03 
10.03 -65.36 185.36 -0.51 -0.26 -0.89 
-8.42 -38.00 184.31 0.00 -0.09 -0.13 
-32.36 -28.51 160.10 -0.88 -0.80 0.36 
-11.69 24.45 150.02 -0.38 -0.23 1.11 
