143.46 303.26 229.28 0.50 -0.11 -0.11 
47.00 -84.33 78.70 0.73 -0.02 0.06 
47.00 -84.33 78.70 0.73 -0.02 0.06 
3.20 110.29 134.22 0.10 0.29 -0.23 
24.40 164.96 199.96 1.68 0.03 0.63 
6.18 52.05 230.98 2.28 -0.47 0.00 
23.79 53.11 266.05 0.51 -0.13 0.18 
-18.99 56.15 301.93 -0.29 0.38 -0.89 
9.50 -22.26 284.14 -0.60 0.55 -0.90 
16.43 -53.83 265.75 0.74 -0.09 0.13 
10.37 -44.29 246.37 2.17 0.04 -0.07 
-1.41 -21.95 254.09 2.33 0.08 0.58 
20.09 65.96 282.20 2.02 -0.44 0.08 
29.80 53.97 312.88 0.59 -0.31 0.52 
-30.37 83.61 -296.55 -0.39 0.48 -1.17 
17.89 -35.49 -320.41 -0.75 0.49 -0.90 
3.95 -43.60 302.81 0.48 -0.07 -0.01 
8.03 -43.86 294.11 1.80 -0.24 0.00 
-7.30 -44.19 276.49 1.91 -0.07 -0.14 
6.42 34.28 292.99 1.73 0.05 0.35 
1.78 51.98 320.37 1.95 -0.33 -0.02 
18.24 53.85 -295.13 0.46 -0.24 0.35 
12.09 55.48 -285.83 0.00 0.54 -0.18 
27.20 -6.30 -286.41 -0.69 0.59 -1.18 
-12.28 -39.00 -321.05 -0.26 0.07 -0.25 
-3.25 -43.17 290.77 0.82 -0.33 0.19 
0.62 -43.46 264.85 2.06 -0.46 -0.02 
-6.20 7.76 279.24 1.79 -0.27 0.27 
8.32 52.20 303.33 2.19 -0.32 -0.05 
24.23 52.87 -316.03 0.90 -0.49 0.27 
20.86 55.63 -299.78 -0.18 0.12 0.11 
-3.42 24.78 -297.59 -0.95 0.34 -1.38 
19.47 -134.84 304.22 2.44 0.47 -0.03 
15.76 66.29 -320.29 2.09 -0.09 -0.23 
17.22 52.81 -284.41 0.91 -0.27 0.28 
5.03 56.00 -269.77 -0.06 0.16 -0.06 
7.76 30.88 -252.93 -0.68 0.59 -1.53 
10.85 -48.80 -286.92 -0.35 0.01 -0.26 
52.55 274.78 -129.65 0.57 0.05 0.27 
-9.41 55.88 -116.29 -0.16 0.34 -0.85 
8.30 -23.01 -125.89 -0.63 0.32 -0.93 
4.38 -38.28 -148.61 -0.20 -0.10 0.11 
-19.75 -43.02 -157.24 0.74 -0.31 0.38 
12.04 -43.88 -183.65 2.02 0.08 -0.25 
-2.54 5.82 -163.80 2.03 0.16 0.30 
8.11 52.23 -133.45 2.42 -0.11 -0.37 
9.54 52.49 -97.77 0.55 -0.15 0.00 
-5.20 55.83 -65.93 -0.27 0.31 -0.89 
-7.38 -5.68 -78.68 -0.63 0.35 -1.31 
5.46 -38.95 -88.17 -0.57 0.21 -0.51 
7.67 -54.19 -127.06 1.57 -0.01 -0.09 
-29.48 -43.20 -123.79 2.03 0.71 0.07 
-1.10 22.67 -106.61 1.84 0.10 0.47 
6.96 52.07 -78.26 2.33 -0.12 -0.17 
8.85 52.30 -46.81 0.51 -0.05 0.08 
23.64 54.08 -23.35 -0.46 0.44 -1.20 
10.03 -24.62 -33.12 -0.58 0.30 -0.99 
5.95 -43.59 -52.06 0.43 -0.11 0.00 
31.85 -63.98 -95.00 2.63 0.33 -0.45 
-1.64 -0.35 -79.68 1.78 0.14 0.33 
1.36 51.98 -52.16 2.43 -0.10 -0.05 
11.98 52.51 -13.51 1.03 -0.26 0.14 
18.32 57.19 4.96 -0.12 0.12 -0.06 
15.51 23.21 10.97 -0.78 0.43 -1.25 
1.78 -48.41 -12.17 -0.54 0.12 -0.31 
-7.94 -43.79 -38.72 1.10 -0.14 -0.11 
30.94 -43.73 -71.78 2.51 0.22 -0.43 
-2.16 -19.63 -68.05 1.67 0.02 0.16 
9.65 48.77 -55.60 1.85 0.16 -0.17 
-1.51 51.98 -18.77 1.76 -0.28 -0.09 
18.83 52.84 16.66 0.38 -0.08 0.08 
13.17 50.21 40.00 -0.64 0.32 -0.90 
6.56 -16.33 31.54 -0.68 0.27 -0.79 
0.94 -43.77 -5.79 0.54 -0.05 -0.13 
-15.57 -43.94 -18.34 2.32 -0.23 0.04 
6.29 -18.36 -25.93 1.95 -0.01 0.30 
5.44 51.49 -6.20 2.30 -0.15 -0.09 
16.12 52.53 30.06 1.06 -0.16 0.07 
20.92 57.58 46.92 -0.16 0.13 -0.04 
20.88 19.34 53.37 -0.75 0.46 -1.25 
-9.36 -38.87 28.10 -0.55 0.09 -0.49 
-3.02 -53.83 -3.59 1.41 -0.29 -0.09 
-10.68 -43.89 -8.47 2.26 0.44 -0.21 
-2.88 40.37 22.07 2.20 0.10 0.20 
6.14 52.29 56.75 1.87 -0.30 -0.16 
14.10 52.74 78.32 0.36 0.05 0.07 
-1.38 55.65 103.63 -0.39 0.24 -1.16 
-4.26 -34.01 88.63 -0.58 0.25 -0.96 
-10.82 -43.51 56.70 0.84 -0.02 -0.25 
-16.90 -64.17 59.06 2.51 0.27 -0.17 
2.71 25.04 82.43 1.68 0.01 0.33 
-0.95 52.11 105.89 2.10 -0.19 -0.11 
13.58 52.81 143.77 0.99 -0.26 0.34 
4.23 54.89 159.93 0.09 0.26 -0.26 
33.14 -114.81 82.11 0.66 0.03 -0.10 
18.56 -43.81 59.90 2.38 0.36 -0.12 
0.24 -6.71 70.20 1.83 0.01 0.44 
4.53 52.14 91.85 2.25 -0.12 0.23 
7.52 52.68 141.11 1.15 -0.40 0.13 
23.66 55.68 174.13 -0.09 0.09 -0.18 
-8.46 7.17 170.39 -0.73 0.55 -1.43 
7.34 -38.85 147.57 -0.41 0.15 -0.41 
-7.99 -71.17 149.35 1.87 0.09 0.38 
-2.53 46.32 164.53 1.99 0.11 0.48 
14.31 52.59 193.56 1.45 -0.29 0.37 
3.78 53.35 205.36 0.40 0.21 0.21 
-12.44 56.04 235.45 -0.45 0.52 -1.68 
10.93 -39.13 212.46 -0.47 0.30 -0.73 
-3.03 -43.85 168.14 0.88 -0.13 -0.15 
33.54 -43.90 163.81 2.39 0.49 0.11 
-0.95 -7.98 169.08 1.65 -0.03 0.41 
-11.71 51.72 192.10 2.33 0.00 0.13 
33.36 52.70 243.18 1.35 -0.51 -0.04 
-5.11 56.62 262.93 -0.10 0.06 -0.24 
0.23 26.59 275.45 -1.08 0.39 -1.33 
2.65 -38.42 253.22 -0.60 0.16 -0.59 
5.84 -43.89 221.82 0.65 -0.13 -0.04 
10.80 -43.59 186.31 2.22 -0.36 -0.09 
2.62 17.18 198.08 1.56 0.00 0.54 
-0.87 52.12 216.22 2.19 -0.22 0.09 
14.28 52.77 254.62 1.09 -0.27 0.12 
15.79 70.40 275.66 -0.27 0.22 -0.34 
2.11 6.28 271.03 -0.76 0.52 -1.45 
6.13 -38.44 257.16 -0.57 0.16 -0.39 
10.10 -43.61 231.31 1.02 -0.27 0.23 
-8.30 -43.70 208.76 2.09 0.13 -0.20 
2.96 7.74 218.57 1.94 0.00 0.33 
5.69 52.07 247.48 2.41 -0.01 -0.21 
13.48 52.21 277.63 0.91 -0.10 0.23 
9.69 55.55 307.43 -0.01 0.14 -0.46 
4.81 -22.32 294.79 -0.60 0.42 -1.16 
16.29 -64.19 238.95 0.81 -0.02 -0.01 
23.83 -44.08 199.28 2.63 -0.10 -0.04 
4.14 20.89 206.43 1.55 0.02 0.59 
-0.89 52.46 233.03 1.93 -0.26 0.04 
13.30 52.79 274.93 0.86 -0.23 0.28 
28.01 53.34 291.16 -0.18 0.16 0.01 
15.05 10.29 290.35 -0.82 0.43 -1.28 
-11.91 -50.73 256.08 0.00 -0.11 -0.22 
5.08 -43.69 218.35 1.29 -0.36 0.17 
-24.58 -43.50 216.70 1.91 0.23 0.31 
5.55 21.63 226.53 1.72 0.06 0.58 
-1.41 51.97 246.60 2.27 -0.01 0.10 
18.59 66.42 277.39 0.45 -0.03 0.19 
16.45 70.28 294.61 -0.45 0.25 -1.01 
3.49 -22.46 285.50 -0.67 0.16 -0.94 
-5.21 -53.93 257.83 0.94 -0.07 -0.03 
25.33 -44.11 229.38 2.54 -0.19 0.23 
9.44 20.54 234.48 1.59 -0.04 0.74 
2.06 52.01 259.46 2.27 -0.13 0.04 
-124.64 -271.13 -196.15 2.05 0.05 0.06 
113.86 -226.60 -244.53 2.00 0.14 0.31 
-3.17 -15.36 -243.03 1.79 -0.01 0.54 
14.93 36.83 -240.56 1.98 0.02 0.44 
1.43 51.82 -213.08 1.94 -0.18 0.07 
15.99 52.33 -180.13 0.23 0.03 -0.03 
14.81 38.75 -158.81 -0.80 0.25 -1.23 
4.61 -31.48 -174.58 -0.61 0.21 -0.72 
2.74 -42.19 -200.90 0.37 -0.32 0.19 
11.32 -44.36 -216.09 2.15 0.00 0.02 
-6.71 -30.64 -218.32 1.92 0.00 0.13 
8.26 30.03 -213.60 1.72 0.07 0.44 
11.47 52.32 -196.18 2.15 -0.13 -0.09 
-1.14 52.36 -165.26 0.73 0.12 0.10 
3.69 55.76 -142.64 -0.24 0.37 -0.86 
8.59 -33.88 -157.31 -0.61 0.33 -0.88 
4.29 -43.23 -197.14 0.30 0.06 -0.11 
24.34 -43.70 -228.99 1.76 -0.35 0.12 
2.75 -23.73 -231.86 1.75 0.17 0.36 
5.99 36.49 -224.92 1.59 -0.05 0.52 
5.18 52.08 -196.17 2.16 -0.03 0.20 
1.63 51.96 -166.34 0.73 0.02 -0.11 
7.40 56.49 -137.09 -0.54 0.33 -1.08 
9.66 -27.54 -151.41 -0.67 0.20 -0.78 
11.60 -53.95 -187.20 1.19 -0.15 0.12 
25.16 -43.64 -208.90 2.35 0.29 -0.17 
11.29 -20.92 -216.39 1.54 0.03 0.06 
-22.59 66.06 -174.94 2.32 0.20 -0.26 
21.29 52.16 -140.58 1.57 -0.20 0.03 
-22.50 -120.54 -219.61 -0.46 0.11 -0.80 
6.59 -43.87 -240.39 1.45 -0.06 0.02 
6.71 -44.11 -253.56 2.16 0.20 -0.15 
14.21 -17.59 -258.14 1.58 0.26 0.00 
-7.36 51.93 -236.12 2.45 0.26 -0.25 
12.73 52.51 -206.14 1.72 -0.15 0.23 
7.94 69.25 -163.66 0.01 0.31 -0.47 
7.70 -21.73 -173.88 -0.52 0.68 -1.31 
-77.88 273.90 -49.44 2.41 0.14 -0.06 
-0.93 52.17 -3.37 1.37 -0.17 -0.05 
11.90 55.09 33.90 0.01 0.23 -0.24 
27.49 7.70 24.80 -0.76 0.78 -1.48 
19.50 -54.17 -20.99 0.50 0.00 -0.03 
1.19 -43.55 -48.12 2.17 0.12 -0.59 
17.86 -33.90 -58.14 2.21 0.38 -0.34 
7.41 48.38 -44.29 1.82 0.17 -0.13 
-13.62 52.26 4.83 1.90 -0.12 -0.30 
-0.44 68.70 58.42 0.04 -0.16 0.05 
-15.39 23.12 59.24 -0.57 0.46 -0.99 
25.45 -30.02 56.39 -0.61 0.40 -0.61 
-14.08 -43.79 14.36 0.39 -0.05 0.04 
32.28 -43.95 -21.90 2.00 -0.20 0.00 
13.70 -27.26 -27.08 1.73 0.12 0.03 
3.61 31.37 -18.38 1.64 0.17 0.26 
4.69 51.84 18.09 1.95 -0.18 -0.10 
3.56 53.17 41.91 0.60 0.00 0.29 
-34.05 55.66 65.02 -0.07 0.18 -0.79 
5.52 -27.19 60.26 -0.51 0.86 -1.19 
0.35 -38.52 30.03 -0.26 0.07 -0.19 
18.53 -54.17 -31.19 1.44 0.03 -0.08 
13.67 -23.32 -42.54 1.94 0.03 -0.14 
6.00 15.92 -32.60 1.73 0.16 0.49 
-0.64 52.08 -5.83 2.14 -0.19 -0.05 
20.41 53.47 33.11 0.66 -0.30 0.47 
-6.00 55.96 49.37 -0.17 0.19 -0.45 
18.42 -28.35 47.64 -0.69 0.38 -0.83 
8.11 -52.17 2.53 0.05 -0.09 0.00 
12.73 -43.80 -33.82 2.13 -0.31 -0.16 
-5.59 -12.82 -22.86 1.84 -0.03 -0.02 
4.48 35.44 -11.24 1.68 0.00 0.35 
9.53 52.69 13.60 1.99 -0.31 0.36 
23.64 52.75 39.29 0.51 0.00 0.21 
-20.27 56.20 59.10 -0.61 -0.22 -1.27 
-0.08 -46.73 39.67 -0.52 0.07 -0.60 
-5.17 -43.49 21.45 0.76 0.06 0.22 
3.42 163.19 74.75 1.97 -0.16 0.28 
-41.84 97.90 158.06 -0.77 0.17 -0.94 
102.97 -125.15 11.53 1.57 -0.06 0.11 
-5.11 -41.71 15.71 1.98 0.37 -0.01 
62.21 164.56 111.03 0.54 0.04 0.52 
6.53 70.37 109.64 -0.54 0.22 -1.08 
2.14 -48.99 90.70 -0.56 0.05 -0.59 
13.72 -64.37 60.09 1.72 -0.05 0.21 
-3.71 -22.48 60.14 1.60 0.00 0.29 
-6.44 65.99 82.75 2.15 -0.02 0.23 
10.57 66.48 118.34 0.96 -0.18 0.27 
9.90 71.24 142.86 -0.37 0.17 -0.28 
10.37 -26.38 131.41 -0.74 0.20 -0.84 
9.84 -67.64 145.20 2.02 0.18 0.13 
105.22 -236.24 94.88 2.05 0.23 0.10 
2.27 49.80 122.38 1.79 0.11 0.27 
0.19 -0.64 123.64 1.90 0.07 0.21 
-1.60 47.84 158.68 1.94 -0.29 -0.20 
-16.55 35.85 200.53 -0.67 -0.22 -0.16 
2.86 3.38 188.68 -0.88 0.30 -1.17 
3.92 -49.83 163.40 -0.14 -0.05 -0.34 
13.04 -53.71 147.12 1.50 -0.19 0.36 
-2.16 -19.47 143.40 1.83 -0.07 0.36 
4.63 56.84 159.35 1.97 -0.05 0.20 
23.69 66.22 208.54 1.25 -0.32 0.28 
0.81 71.79 241.93 -0.33 0.08 -0.16 
-4.91 -9.17 223.70 -0.69 0.28 -1.11 
26.01 -52.66 179.43 0.14 -0.12 0.00 
13.42 -53.95 163.31 1.75 0.23 0.16 
19.44 195.73 275.04 -0.27 -0.19 0.11 
-0.36 7.57 270.04 -0.96 0.11 -0.88 
8.17 -33.73 263.34 1.52 -0.02 0.42 
5.00 21.83 268.11 1.50 -0.07 0.47 
12.80 52.66 293.01 1.83 -0.32 0.27 
7.41 52.58 327.05 0.65 -0.15 0.26 
13.84 62.41 -305.99 -0.51 0.18 -0.51 
2.38 -16.76 -319.06 -0.77 0.14 -0.96 
17.91 -43.91 299.24 0.81 0.12 -0.11 
59.11 -286.67 -25.09 0.62 0.00 -0.16 
-9.44 -83.94 -203.22 0.63 0.08 -0.07 
118.63 208.19 -129.95 -0.19 0.29 -0.29 
16.53 -16.29 -130.58 -0.76 0.26 -1.05 
-4.33 -39.08 -145.88 -0.31 0.17 -0.36 
-1.83 -43.55 -176.96 0.99 -0.25 0.11 
14.35 -43.48 -197.65 2.36 0.13 -0.03 
10.93 149.21 -100.45 1.64 -0.15 0.12 
27.68 -298.49 112.35 1.89 -0.05 -0.15 
3.32 39.02 140.09 0.41 -0.07 0.11 
-1.55 56.64 159.91 -0.54 0.26 -0.92 
13.29 -16.34 157.21 -0.65 0.33 -0.92 
20.39 -41.81 129.32 0.17 0.03 -0.29 
11.93 -43.43 102.40 1.99 0.27 -0.61 
-17.83 -33.50 108.91 2.14 0.36 -0.18 
4.57 9.14 112.55 1.41 0.22 0.18 
54.87 -229.82 86.56 1.94 0.29 -0.09 
123.40 -128.71 113.06 -0.70 0.58 -0.73 
-16.41 -43.14 73.06 0.43 -0.05 -0.20 
10.90 -43.89 44.19 1.56 -0.26 0.20 
0.44 -43.57 23.62 2.20 0.42 -0.41 
13.81 32.31 35.39 1.52 0.07 0.14 
2.70 52.06 66.81 2.25 -0.03 -0.18 
7.80 52.94 102.81 0.90 -0.04 0.32 
-22.45 55.42 125.85 -0.05 0.18 -0.56 
21.52 5.86 128.67 -0.78 0.60 -1.40 
7.81 -39.21 104.16 -0.45 0.11 -0.66 
6.80 -43.05 66.60 0.40 0.26 -0.05 
31.74 -31.07 28.06 2.08 -0.14 -0.30 
11.33 -5.58 34.19 1.66 0.18 0.34 
-16.75 50.70 75.68 2.21 0.02 -0.32 
27.61 66.27 134.89 1.06 -0.33 0.20 
-1.36 55.37 153.29 0.01 0.13 -0.21 
35.44 17.13 171.15 -0.57 0.51 -1.41 
6.60 -32.11 158.02 -0.72 0.14 -0.83 
12.69 -43.21 135.34 0.08 0.02 0.00 
31.57 -43.97 99.46 1.65 0.11 -0.08 
-10.76 -32.78 101.35 2.03 0.17 -0.02 
5.98 16.36 107.45 1.51 0.11 0.29 
2.42 65.94 148.48 2.10 -0.16 -0.08 
5.59 53.08 186.80 0.35 0.01 0.20 
-2.30 56.44 206.87 -0.20 0.19 -0.62 
4.37 -22.28 197.54 -0.53 0.39 -1.36 
9.29 -40.01 167.71 -0.14 -0.02 -0.40 
2.33 -43.51 142.23 0.93 -0.06 0.27 
33.81 -33.38 118.06 1.85 -0.05 0.31 
13.57 3.92 118.10 1.48 -0.14 0.39 
0.90 49.29 127.77 2.03 0.00 0.19 
7.24 52.75 159.26 1.36 -0.10 0.35 
7.97 52.41 180.38 0.36 0.18 0.02 
-4.96 52.52 218.95 -0.62 0.47 -1.47 
9.80 -49.22 175.96 -0.50 0.15 -0.63 
4.76 -43.28 127.23 0.65 -0.20 0.00 
30.41 -43.77 112.64 2.16 0.37 -0.07 
3.14 6.55 120.39 1.39 0.01 0.30 
-2.68 52.18 141.14 2.07 0.00 0.02 
-0.48 51.63 175.34 1.57 -0.16 0.14 
11.34 58.38 204.04 -0.06 0.01 0.00 
13.07 36.93 225.34 -0.85 0.33 -1.41 
7.28 -32.34 207.67 -0.64 0.11 -0.74 
-21.39 -43.49 187.90 0.59 -0.18 0.15 
26.44 -43.67 148.66 1.81 -0.22 0.08 
-4.20 -10.41 148.05 1.59 -0.08 0.35 
-2.79 58.59 167.38 2.09 0.05 0.23 
7.64 52.22 200.47 1.53 -0.16 0.17 
-3.10 54.45 224.09 0.11 0.08 -0.22 
23.78 37.33 243.45 -0.71 0.48 -1.45 
-2.20 -49.02 213.21 -0.31 0.00 -0.41 
22.86 -53.75 187.09 1.15 0.00 0.29 
2.87 -39.19 176.69 2.17 0.17 0.09 
8.24 7.74 180.39 1.38 -0.16 0.36 
-1.48 51.73 201.89 2.14 -0.07 0.11 
24.03 67.05 250.39 0.77 -0.27 0.41 
1.40 55.47 273.96 0.00 0.23 -0.34 
11.66 -38.41 257.53 -0.43 0.39 -1.02 
1.29 -42.59 229.85 0.24 -0.05 -0.19 
0.33 -44.20 194.14 1.65 -0.07 -0.26 
-8.41 -15.66 199.04 1.94 0.25 -0.32 
-0.91 -1.52 205.95 1.62 0.18 0.04 
-6.57 52.31 234.23 2.36 0.14 -0.44 
7.55 52.70 278.95 1.13 -0.23 0.15 
-5.10 56.26 305.10 -0.11 0.22 -0.45 
27.84 -6.96 296.36 -0.88 0.88 -1.65 
13.43 -52.90 253.97 0.26 0.02 -0.18 
32.30 -43.76 216.05 1.66 0.21 -0.40 
-1.38 -38.46 216.79 2.06 0.37 -0.29 
5.26 7.23 221.39 1.43 0.10 0.18 
-4.03 52.01 245.49 2.23 0.06 -0.12 
5.83 52.54 273.95 1.35 -0.06 0.22 
3.91 54.85 288.18 0.01 0.11 0.00 
13.61 -112.15 210.85 0.02 0.03 -0.09 
-1.24 -43.96 185.06 1.50 -0.25 0.10 
-37.70 -43.66 181.25 2.20 0.07 0.29 
9.47 -3.11 180.72 1.39 -0.13 0.52 
-2.59 51.25 200.31 2.18 -0.13 0.25 
9.94 52.28 240.70 1.38 -0.31 0.28 
22.33 70.63 262.49 -0.09 0.07 0.08 
32.48 1.17 269.64 -0.65 0.65 -1.50 
-0.71 -38.89 243.25 -0.38 0.06 -0.41 
-2.46 -44.12 222.11 0.76 0.02 0.08 
22.31 -43.86 187.84 2.02 -0.01 -0.09 
-3.67 -14.37 190.02 1.67 0.01 -0.04 
1.79 32.23 205.85 1.80 0.32 0.07 
2.75 51.78 242.58 1.83 -0.15 0.02 
15.25 53.34 274.28 0.48 0.00 0.36 
0.64 57.71 296.07 -0.49 0.03 -0.42 
8.55 0.01 291.85 -0.68 0.59 -1.40 
1.48 -38.23 267.29 -0.43 0.08 -0.45 
3.81 -43.69 234.23 0.93 -0.18 0.22 
9.38 -43.92 211.65 2.31 0.22 0.13 
-1.78 -4.75 215.80 1.41 -0.03 0.38 
2.03 43.29 230.56 2.00 0.09 0.37 
8.14 52.02 266.42 1.62 -0.23 0.20 
-3.10 69.97 292.02 -0.07 0.18 -0.18 
12.01 -0.44 276.82 -0.67 0.66 -1.50 
3.79 -39.96 249.82 -0.24 0.13 -0.62 
8.73 -44.01 233.64 1.33 0.09 0.00 
10.77 -43.19 208.68 2.22 0.65 -0.44 
-2.73 2.46 219.29 1.51 0.27 0.15 
-5.16 79.60 275.71 1.99 -0.15 -0.19 
0.50 52.84 311.46 0.51 -0.16 -0.01 
18.14 56.26 -303.01 -0.64 0.50 -1.16 
19.10 -28.52 -320.19 -0.75 0.14 -0.74 
6.99 -43.28 310.95 0.49 -0.20 0.02 
26.78 -44.05 293.41 1.81 0.08 0.05 
-1.22 -11.71 291.22 1.49 0.06 0.07 
-0.61 36.33 308.40 1.81 0.30 0.23 
4.84 51.96 -317.03 1.96 -0.07 0.03 
2.27 53.73 -290.79 0.18 0.05 0.23 
1.08 47.79 -256.59 -0.64 0.33 -1.33 
0.56 -49.08 -280.95 -0.59 0.17 -0.55 
1.69 -52.99 -306.41 0.47 -0.11 0.29 
43.42 -43.64 322.16 2.30 0.52 -0.17 
2.89 -9.94 324.33 1.53 0.09 0.15 
-8.74 65.66 -299.23 2.17 0.06 -0.18 
-0.12 52.66 -261.92 1.21 -0.19 0.20 
2.17 55.22 -244.26 0.03 0.11 -0.27 
24.18 31.50 -232.41 -1.01 0.37 -1.37 
6.90 -38.63 -251.21 -0.57 -0.02 -0.50 
20.29 -43.92 -290.96 1.10 -0.04 0.11 
-12.83 -43.70 -307.49 1.88 0.06 -0.06 
10.57 7.32 -301.50 1.51 0.27 0.27 
57.60 125.96 -288.92 -0.16 0.12 -0.14 
28.16 13.66 -285.39 -1.04 0.36 -1.31 
-1.32 -50.25 -327.29 -0.05 -0.09 -0.25 
51.32 -43.53 295.77 1.23 0.18 0.30 
7.99 -39.21 287.05 1.88 0.30 0.17 
10.11 12.66 292.74 1.54 0.09 0.48 
-3.80 52.17 323.16 2.10 -0.26 0.06 
15.66 52.55 -298.15 0.81 -0.22 0.28 
3.54 53.46 -288.45 -0.26 0.05 -0.12 
8.64 22.89 -273.32 -0.75 0.30 -1.31 
4.16 -39.44 -302.53 -0.30 0.04 -0.55 
28.53 -43.69 321.22 1.19 -0.20 0.15 
6.30 -43.86 305.32 2.43 0.33 0.06 
4.23 3.77 311.02 1.39 -0.12 0.40 
-5.14 44.79 -319.36 1.89 0.05 0.24 
18.87 52.54 -273.48 1.41 -0.39 0.14 
30.02 68.32 -238.31 -0.21 -0.05 0.10 
27.82 -184.14 -305.52 2.10 0.10 -0.04 
9.20 149.17 -205.35 1.90 -0.18 -0.05 
-1.71 55.94 -174.22 -0.05 0.07 -0.24 
9.04 -11.79 -188.17 -0.72 0.20 -1.25 
-1.24 -39.51 -210.48 -0.28 -0.04 -0.56 
11.46 -44.00 -224.78 1.55 0.00 0.11 
13.29 -261.77 187.60 -0.31 -0.13 -0.34 
8.12 -18.69 194.66 1.60 0.05 0.03 
3.04 44.36 212.14 1.89 0.16 -0.14 
-1.43 52.02 249.36 1.65 -0.10 -0.03 
11.27 55.27 280.21 0.03 -0.21 0.33 
16.24 58.21 296.74 -0.59 0.21 -0.94 
6.04 -26.50 285.39 -0.77 0.15 -0.97 
1.37 -42.75 251.17 0.26 -0.15 -0.10 
37.63 -43.53 231.94 1.62 0.45 0.12 
11.93 -43.83 207.89 1.91 0.27 -0.09 
3.80 21.92 221.65 1.59 0.02 0.22 
-10.94 52.16 269.73 1.95 -0.22 -0.12 
18.69 66.13 317.69 0.40 -0.30 0.41 
0.15 58.25 -322.92 -0.27 0.03 -0.09 
8.90 -4.71 -323.44 -0.80 0.02 -1.31 
3.09 -38.29 309.80 -0.47 -0.18 -0.24 
18.87 -42.97 287.30 0.50 -0.16 0.23 
9.50 -43.79 266.68 1.70 0.27 0.10 
-3.17 -17.06 259.72 1.73 -0.11 0.24 
1.27 34.70 275.10 1.73 0.00 0.35 
10.61 52.35 315.69 1.69 -0.28 0.23 
7.26 53.63 -307.57 0.36 -0.03 0.27 
30.55 47.32 -287.36 -0.72 0.11 -0.90 
72.47 -114.36 282.88 1.17 -0.23 0.23 
6.93 -35.68 267.55 1.79 -0.05 0.13 
8.56 19.94 275.68 1.52 0.07 0.27 
8.17 66.07 320.26 1.84 -0.19 0.20 
5.79 53.48 -300.64 0.33 -0.16 0.15 
0.91 55.36 -286.81 -0.05 0.14 -0.69 
6.46 0.09 -292.21 -1.05 0.35 -1.25 
5.72 -50.38 322.53 -0.04 -0.12 -0.31 
25.67 -44.01 297.30 1.48 -0.13 0.19 
-15.74 -13.48 294.03 1.62 -0.07 0.32 
5.63 24.97 310.01 1.62 -0.04 0.43 
10.00 52.65 -307.15 1.72 -0.27 0.27 
17.34 66.82 -268.43 0.40 -0.02 0.20 
15.50 43.11 -249.77 -0.96 0.03 -1.23 
3.72 -57.69 -268.62 -0.38 -0.10 -0.27 
27.73 -43.55 -313.13 0.91 -0.11 0.22 
-6.88 -54.17 301.92 2.05 0.12 0.05 
2.34 8.48 311.04 1.42 -0.10 0.27 
1.97 51.88 -312.70 1.94 -0.08 0.23 
3.93 52.81 -273.75 1.01 -0.30 0.32 
6.49 56.25 -251.31 -0.03 0.14 -0.04 
11.82 6.76 -244.32 -0.73 0.50 -1.41 
3.10 -38.88 -278.29 -0.27 -0.03 -0.30 
26.18 -43.65 -306.52 1.15 -0.25 0.28 
-8.93 -44.13 -323.19 1.90 -0.01 0.03 
4.57 18.62 -308.93 1.59 -0.18 0.29 
10.55 43.38 -285.12 1.97 -0.25 0.18 
9.49 52.53 -239.78 1.40 -0.21 0.11 
-51.70 69.17 -241.12 0.06 0.02 -0.96 
0.82 -28.74 -255.23 -0.62 0.35 -1.15 
10.96 -39.61 -281.89 -0.11 -0.05 -0.33 
15.85 -43.67 -303.20 1.26 0.03 0.28 
19.29 -12.19 -319.18 1.82 0.00 0.03 
11.16 0.03 -318.84 1.43 -0.10 0.33 
-0.91 38.67 -298.29 1.78 -0.03 0.25 
3.86 52.77 -254.35 1.34 -0.34 0.15 
11.79 53.48 -235.08 0.29 0.29 0.11 
-28.20 -182.10 290.43 2.04 0.11 -0.13 
16.18 10.95 301.15 1.39 0.02 0.29 
1.35 52.23 -327.07 1.99 -0.05 0.05 
7.79 66.88 -275.92 0.64 -0.39 0.23 
27.96 84.85 -228.65 -0.57 0.26 -0.79 
0.83 -15.88 -240.65 -0.66 0.30 -0.98 
53.19 -326.21 3.75 0.63 -0.12 0.05 
48.76 -140.57 -83.81 -0.10 0.00 0.08 
0.68 -0.13 -85.92 -0.16 0.00 0.05 
162.83 -276.95 -224.83 1.09 -0.19 0.19 
-5.69 -33.73 -238.71 2.25 0.65 -0.30 
-5.46 14.20 -220.58 1.58 0.09 0.23 
-2.47 51.79 -193.27 2.17 -0.06 -0.17 
-8.78 66.32 -140.01 0.39 0.04 -0.02 
-21.54 37.54 -117.70 -0.89 0.33 -1.18 
8.42 -30.55 -140.35 -0.76 0.04 -0.49 
26.09 -53.47 -198.87 0.52 -0.09 0.18 
31.84 -42.41 -229.07 1.65 0.17 0.11 
4.48 -2.42 -231.32 1.43 0.04 0.09 
2.58 39.30 -211.48 1.81 0.03 0.09 
0.64 52.38 -176.08 1.58 -0.22 0.28 
-4.93 53.87 -138.11 0.06 -0.09 -0.04 
5.26 52.04 -113.56 -0.66 0.27 -0.79 
58.25 -230.81 296.69 -0.50 -0.07 -0.30 
120.52 -323.12 -224.67 0.00 0.09 -0.56 
-60.44 -125.46 -256.37 2.48 -0.04 -0.08 
-2.56 -19.49 -263.13 1.96 -0.06 0.52 
6.85 41.58 -249.97 2.05 0.11 0.58 
-6.20 51.75 -214.46 1.94 0.00 -0.13 
14.27 54.36 -187.07 0.08 0.10 -0.05 
14.59 36.83 -184.30 -0.57 0.32 -1.34 
2.68 -38.57 -195.71 -0.68 0.02 -0.68 
0.26 -54.08 -208.95 0.86 0.06 0.15 
-8.16 -53.81 -225.98 2.35 0.52 -0.13 
-0.59 4.20 -208.49 1.64 0.16 0.44 
-1.05 51.66 -179.59 2.61 0.04 -0.07 
20.71 53.17 -145.91 0.68 -0.30 0.11 
7.97 57.42 -125.38 -0.29 0.20 -0.15 
0.51 3.78 -127.71 -0.75 0.22 -1.33 
62.88 -145.66 -207.86 2.01 0.11 0.09 
-15.18 26.50 -195.37 1.78 0.02 0.74 
-3.86 51.76 -160.02 2.04 -0.15 0.01 
9.64 53.06 -131.40 0.27 0.10 -0.04 
23.50 -134.23 -199.64 0.43 0.00 0.21 
17.83 -44.15 -214.26 1.71 -0.16 -0.05 
-7.37 -6.68 -208.22 1.81 0.00 0.32 
-0.16 44.34 -192.26 1.96 -0.04 0.29 
10.12 52.42 -161.68 1.42 -0.13 0.11 
-3.25 58.20 -142.55 -0.12 0.04 0.02 
26.50 47.83 -118.39 -0.74 0.25 -0.94 
11.12 -18.70 -122.53 -0.78 0.26 -0.78 
12.21 -43.88 -126.75 0.25 0.01 0.03 
-8.83 -43.47 -142.19 1.28 -0.13 0.25 
-8.63 -40.14 -151.89 2.04 0.13 0.01 
4.57 10.21 -146.85 1.44 -0.03 0.52 
-9.30 51.66 -111.53 2.31 0.04 0.04 
13.15 52.94 -75.00 0.73 -0.19 0.18 
6.79 52.33 -47.03 -0.23 -0.06 -0.12 
1.58 11.28 -56.96 -0.76 0.48 -1.44 
7.36 -39.08 -70.77 -0.60 -0.01 -0.66 
7.37 -43.77 -98.65 0.57 -0.01 0.10 
40.42 -43.76 -125.70 2.11 0.14 -0.13 
11.56 177.12 -23.68 1.49 -0.03 0.10 
-13.41 54.57 -11.97 0.10 0.18 -0.33 
5.45 11.96 -10.26 -0.87 0.32 -1.50 
41.80 -114.97 -68.44 1.73 0.14 0.07 
-6.16 -35.70 -74.48 1.94 0.20 0.22 
8.96 21.49 -64.16 1.58 0.15 0.34 
-2.41 52.21 -40.86 2.16 0.00 -0.06 
16.62 67.31 -20.48 0.33 0.07 0.26 
4.00 56.13 15.16 -0.29 0.20 -0.98 
99.71 -282.80 162.37 -0.06 -0.09 0.22 
-72.42 -146.59 157.77 1.88 -0.07 0.12 
12.69 17.51 163.54 1.45 0.03 0.35 
-6.39 52.36 195.07 2.32 -0.22 -0.04 
19.90 53.02 234.10 0.83 -0.34 0.30 
12.04 53.33 250.25 -0.33 0.06 -0.08 
17.15 15.51 252.16 -0.94 0.50 -1.01 
2.66 -48.30 233.64 -0.56 -0.09 -0.30 
-0.71 -42.23 216.31 0.27 -0.01 0.31 
4.21 -44.01 204.17 1.76 0.12 -0.04 
-7.49 -22.95 194.88 1.75 -0.27 0.20 
10.79 25.30 200.41 1.55 0.05 0.51 
-5.93 51.74 232.85 2.30 -0.10 -0.11 
11.43 52.71 273.38 0.66 -0.08 0.14 
11.41 54.06 300.33 -0.51 0.02 -0.19 
9.02 -9.17 295.36 -0.80 0.28 -0.95 
-1.38 -38.48 277.73 -0.32 -0.14 -0.20 
-4.21 4.15 277.81 1.39 -0.27 0.35 
12.78 31.79 290.12 1.89 0.16 0.51 
5.55 52.19 -326.95 1.80 -0.25 -0.03 
-0.25 54.10 -298.28 0.05 -0.09 0.06 
9.31 56.57 -280.15 -0.60 0.19 -0.78 
3.09 -28.83 -294.47 -0.67 0.14 -0.63 
-4.61 -42.74 -323.95 0.28 -0.18 0.09 
4.75 -43.66 283.92 1.74 -0.38 0.08 
-17.72 -24.19 273.64 2.00 -0.04 0.20 
10.28 17.64 279.87 1.37 -0.06 0.39 
-0.06 52.05 310.00 2.04 -0.12 0.10 
29.80 52.66 -310.05 1.08 -0.35 0.15 
14.49 56.98 -295.23 -0.16 0.08 -0.18 
0.99 -1.69 -297.59 -0.88 0.11 -0.95 
3.41 -54.26 -303.46 0.23 0.00 0.00 
8.41 -43.90 -322.41 1.69 -0.05 0.19 
-7.36 -33.16 317.61 1.91 -0.04 0.19 
6.59 10.46 323.74 1.38 -0.05 0.58 
-9.54 52.34 -303.64 2.04 -0.06 0.16 
7.16 52.60 -258.21 1.18 -0.51 0.20 
36.46 49.83 -241.13 0.07 0.09 0.13 
37.94 35.50 -231.49 -0.78 0.16 -1.15 
-2.56 -15.88 -237.32 -0.74 0.11 -0.87 
7.09 -43.19 -266.66 0.37 -0.17 0.02 
19.44 -43.85 -285.98 1.75 0.21 0.12 
-9.53 -33.11 -297.97 2.05 0.05 0.21 
16.25 11.10 -295.01 1.30 0.05 0.39 
-13.28 42.57 -262.73 2.10 -0.08 0.07 
19.63 80.59 -212.59 0.56 -0.15 0.20 
25.41 56.87 -191.63 -0.44 0.13 -0.62 
1.57 -0.64 -193.95 -0.86 0.15 -1.16 
0.67 -39.48 -221.39 -0.21 -0.04 -0.40 
34.50 -53.91 -250.96 1.99 0.35 -0.06 
-8.22 -35.96 -260.37 2.02 0.22 -0.07 
6.80 14.71 -252.45 1.36 0.05 0.21 
2.62 49.38 -218.50 2.25 0.05 -0.13 
21.43 66.32 -173.07 0.91 -0.15 0.18 
11.00 56.75 -147.87 -0.15 -0.02 -0.23 
5.85 2.37 -150.22 -0.98 0.37 -1.46 
3.77 -38.62 -174.63 -0.32 -0.10 -0.26 
28.96 -53.82 -204.76 1.33 0.05 0.16 
-16.55 -44.20 -225.23 2.18 0.06 -0.18 
8.26 12.76 -218.20 1.38 -0.05 0.32 
1.34 52.30 -191.69 2.23 0.14 -0.03 
10.37 52.10 -152.19 1.37 -0.20 0.22 
6.78 53.80 -125.51 -0.06 -0.22 0.28 
18.51 40.52 -111.43 -0.50 0.00 -0.53 
-2.65 -10.08 -117.03 -0.90 0.28 -1.15 
-2.87 -38.69 -146.69 -0.19 -0.13 -0.12 
32.10 -53.88 -184.02 1.52 0.19 0.22 
1.93 -43.82 -200.01 1.99 0.25 -0.17 
3.13 5.42 -194.29 1.44 0.04 0.41 
-1.94 48.40 -168.10 2.05 0.18 0.13 
9.57 52.38 -128.15 1.52 -0.07 0.13 
-1.23 54.70 -102.13 0.00 -0.18 0.26 
20.39 49.75 -83.79 -0.54 -0.03 -0.26 
-2.35 -5.03 -88.53 -0.87 0.44 -1.46 
-1.39 -39.92 -117.49 -0.06 -0.12 -0.11 
25.50 -43.66 -138.79 1.37 0.18 0.03 
19.86 -43.80 -161.18 2.22 0.56 -0.09 
4.89 -5.79 -161.66 1.32 -0.08 0.19 
-4.60 43.24 -136.87 1.92 0.28 0.16 
8.00 52.28 -96.00 1.75 -0.21 0.24 
11.15 53.34 -62.19 0.47 -0.12 0.33 
4.72 50.10 -49.38 -0.49 0.00 -0.36 
6.19 -2.26 -41.11 -0.80 0.42 -1.28 
-4.83 -38.73 -70.62 -0.28 0.10 -0.20 
5.14 -43.27 -100.70 0.96 -0.10 0.28 
2.44 -41.30 -119.23 1.89 0.42 -0.10 
3.84 -16.83 -124.23 1.41 0.13 0.04 
2.94 28.52 -109.38 1.59 0.19 0.06 
-5.18 51.90 -66.87 1.99 0.02 0.01 
-5.37 52.71 -25.71 0.75 -0.15 0.24 
5.44 58.68 0.95 -0.31 0.01 -0.09 
17.31 19.57 14.30 -0.94 0.42 -1.46 
12.13 -39.72 -15.40 -0.23 0.00 -0.46 
27.33 -44.01 -35.38 1.30 0.06 0.07 
-2.91 -43.57 -63.35 2.25 0.36 -0.18 
6.64 -10.74 -73.98 1.51 -0.06 0.01 
8.50 31.00 -54.03 1.64 0.34 0.05 
-5.11 51.69 -11.16 1.87 0.00 -0.07 
1.21 68.14 22.95 0.14 -0.04 0.24 
10.47 57.77 39.72 -0.48 0.12 -0.27 
3.09 -6.56 32.45 -0.87 0.20 -1.28 
6.34 -39.45 3.13 -0.07 -0.05 -0.16 
32.75 -44.03 -28.08 1.49 0.10 0.19 
12.57 -43.54 -41.84 1.95 0.49 -0.25 
154.74 -266.76 -211.25 1.20 0.00 0.21 
-15.21 141.79 -132.52 2.09 0.34 0.31 
2.71 159.10 -99.39 -0.41 0.01 -0.20 
62.10 -124.05 -165.93 0.65 -0.01 0.41 
31.15 81.86 -128.82 1.52 0.21 0.08 
48.91 150.43 -56.61 -0.43 -0.03 -0.03 
74.98 -125.01 -128.18 0.73 0.04 0.16 
0.28 -53.76 -133.57 1.81 0.26 -0.10 
19.02 162.93 -21.63 2.12 0.11 0.00 
23.96 -34.74 -46.78 -1.04 0.16 -0.76 
31.46 -125.16 -126.46 1.90 0.28 -0.12 
0.03 163.04 -7.27 2.07 -0.20 0.05 
4.59 1.19 -13.61 -0.79 0.39 -1.36 
-2.58 -50.58 -54.97 -0.03 -0.04 -0.49 
32.26 -43.64 -85.32 1.48 0.32 0.13 
-2.07 146.57 30.36 1.94 0.12 -0.02 
41.59 165.50 99.82 -0.46 0.11 -0.90 
5.70 -48.57 66.33 -0.54 -0.08 -0.39 
-8.56 -40.07 56.94 1.57 0.00 0.22 
7.05 21.74 66.91 1.52 0.21 0.34 
27.06 148.48 123.40 -0.43 0.05 -0.28 
38.67 -125.19 52.80 1.04 0.05 0.04 
1.20 162.26 155.74 1.98 0.14 0.08 
4.13 118.11 170.19 -0.86 -0.08 -0.65 
17.61 -124.93 104.30 1.53 0.27 0.00 
118.02 257.41 229.57 -0.29 0.05 -0.19 
3.72 -1.78 223.94 -1.03 0.36 -1.20 
9.30 -49.40 182.22 -0.22 -0.32 0.12 
13.32 -2.76 181.94 1.33 -0.12 0.18 
2.67 40.63 206.55 1.80 0.02 0.18 
-1.04 66.31 261.28 1.31 -0.19 0.28 
15.53 59.77 297.67 -0.15 -0.11 0.09 
6.48 0.28 296.05 -1.03 0.46 -1.32 
12.57 -51.36 243.14 0.06 -0.12 -0.18 
29.22 -43.80 218.11 1.97 0.28 0.16 
-6.69 -17.34 216.19 1.65 0.14 0.46 
-0.97 31.30 234.55 1.59 -0.08 0.67 
-11.57 52.62 280.40 1.57 -0.40 0.35 
33.98 -109.50 212.05 -0.67 0.38 -0.82 
26.26 -43.31 169.64 0.60 -0.14 -0.09 
21.20 -43.58 164.92 1.80 0.49 0.43 
26.91 41.95 188.63 1.42 0.14 0.10 
16.83 169.04 255.32 -0.34 -0.06 -0.14 
67.04 -125.02 118.17 0.91 0.09 -0.08 
-12.16 -47.57 92.04 2.53 0.39 -0.36 
7.91 21.58 105.47 1.19 0.14 0.00 
21.81 165.01 205.45 0.15 -0.13 0.17 
43.54 -124.11 157.88 0.75 -0.12 0.42 
102.44 318.71 308.81 0.07 0.00 0.15 
1.78 3.90 310.27 -0.01 0.03 0.11 
18.24 41.47 318.69 -0.85 0.21 -1.51 
0.53 -7.32 316.12 -0.80 0.12 -1.22 
-5.72 -29.61 301.40 -0.27 -0.05 -0.46 
6.24 122.07 -297.90 0.95 -0.35 0.38 
-3.77 -78.86 317.02 -0.44 -0.11 -0.32 
24.17 -74.82 264.73 1.80 0.14 0.04 
-8.99 264.84 -261.84 -0.23 -0.14 0.02 
-27.71 -271.87 122.94 -0.46 -0.09 -0.44 
