15.96 -12.29 -102.58 1.21 -0.75 -0.45 
18.66 26.71 -266.31 0.92 -0.39 -0.29 
-14.67 2.73 -269.25 1.12 -0.20 -0.50 
-21.24 36.15 -224.13 0.97 -0.15 -0.33 
3.99 -1.95 -224.79 0.91 0.02 -0.32 
6.03 -0.74 -224.31 1.11 -0.15 -0.25 
1.51 5.14 -225.42 0.94 -0.02 -0.30 
9.45 -3.78 -226.69 1.08 0.00 -0.33 
11.21 3.13 -223.23 1.13 -0.13 -0.17 
-5.72 6.16 -213.46 1.12 0.00 -0.43 
21.95 2.06 -212.83 0.53 -0.33 -0.03 
-19.39 -3.39 -214.73 1.13 0.18 -0.33 
14.67 8.19 -219.82 1.57 -0.79 -0.37 
-8.74 -6.58 -217.89 0.94 0.03 -0.34 
10.13 4.74 -205.09 0.47 -0.01 -0.07 
-40.19 -0.31 -214.41 1.16 -0.23 -0.73 
12.08 11.77 -204.16 0.92 0.09 -0.33 
2.11 7.17 -203.35 0.87 0.00 -0.14 
8.16 5.79 -208.82 1.27 0.03 -0.44 
15.00 6.26 -205.62 1.07 0.00 -0.25 
11.46 5.75 -207.31 0.99 -0.12 -0.28 
-2.33 -1.62 -201.26 1.01 -0.04 -0.34 
8.68 0.03 -198.26 1.07 0.00 -0.17 
1.00 6.11 -192.87 1.12 0.00 -0.36 
12.61 16.15 -182.95 0.62 -0.18 -0.16 
-5.13 7.00 -180.94 0.64 -0.12 -0.09 
-31.22 -7.65 -174.40 1.37 -0.20 -0.55 
25.41 1.91 -175.14 1.45 0.17 -0.50 
16.61 7.56 -163.13 0.55 -0.03 0.12 
2.87 -1.54 -170.65 1.23 0.26 -0.34 
39.10 -2.33 -177.89 1.27 -0.59 -0.36 
-16.18 -0.39 -169.17 0.93 0.12 -0.28 
7.79 10.42 -168.13 1.04 0.10 -0.17 
13.48 3.24 -170.84 1.11 -0.06 -0.42 
15.84 10.50 -164.11 1.04 -0.15 -0.25 
-139.37 152.04 -125.20 1.19 0.21 -0.56 
8.16 2.13 -148.30 0.84 0.00 -0.22 
-16.36 -10.75 -161.25 1.63 -0.70 -0.39 
21.15 12.50 -158.89 0.97 0.14 -0.35 
-30.38 5.76 -168.81 1.03 -0.41 -0.30 
8.39 4.49 -172.91 1.20 -0.14 -0.35 
6.04 8.49 -169.77 0.82 -0.02 -0.33 
-2.75 14.29 -156.67 1.11 0.15 -0.38 
6.79 9.37 -154.48 1.14 0.00 -0.41 
138.77 11.95 -133.06 1.46 -0.07 -0.45 
0.65 12.88 -128.55 0.68 -0.23 -0.20 
5.92 -3.88 -143.77 0.91 -0.10 -0.12 
-42.32 -20.40 -139.91 1.02 -0.40 -0.71 
-8.28 5.33 -134.56 1.05 0.02 -0.21 
-2.37 7.70 -122.31 0.80 0.06 -0.28 
5.37 6.31 -127.67 0.98 -0.18 -0.32 
27.10 12.72 -130.78 1.07 -0.29 -0.28 
-15.06 7.42 -123.94 0.92 0.05 -0.37 
33.32 36.27 -108.88 0.97 0.19 -0.34 
-2.05 5.90 -105.19 1.16 0.00 -0.30 
-0.68 7.76 -99.26 0.61 -0.23 -0.04 
6.91 -0.16 -104.41 0.77 -0.22 -0.15 
-10.09 -9.79 -114.44 1.25 -0.29 -0.46 
17.75 20.08 -107.45 1.49 0.25 -0.51 
5.68 9.71 -98.38 0.23 -0.02 0.01 
-13.60 16.48 -112.52 1.58 0.06 -0.56 
42.60 16.58 -112.20 1.16 0.06 -0.26 
11.35 2.71 -113.04 1.04 -0.02 -0.40 
4.89 10.14 -101.81 0.81 -0.03 -0.20 
16.43 -0.06 -111.05 1.12 -0.21 -0.41 
9.85 11.44 -109.41 1.04 0.11 -0.27 
-6.34 1.11 -109.12 0.70 -0.27 -0.19 
8.44 4.56 -107.39 1.58 0.14 -0.54 
24.13 9.30 -98.55 1.06 0.23 -0.23 
-2.97 -3.40 -101.28 1.24 -0.07 -0.40 
4.82 13.39 -97.38 0.80 -0.23 -0.13 
2.62 -5.71 -99.14 0.70 -0.16 -0.10 
-7.59 -13.21 -112.69 1.49 -0.56 -0.46 
6.26 16.97 -110.67 1.06 0.16 -0.45 
41.57 24.01 -105.75 0.98 0.08 -0.28 
2.48 -0.71 -104.04 1.05 0.01 -0.22 
12.35 7.15 -104.96 0.89 -0.05 -0.29 
9.42 3.41 -103.64 1.11 -0.01 -0.40 
14.79 8.46 -96.80 0.98 0.00 -0.28 
2.49 8.24 -95.35 0.87 -0.15 -0.25 
-10.83 6.58 -82.66 1.12 0.06 -0.47 
6.05 7.94 -79.44 1.03 0.05 -0.12 
6.10 5.19 -76.61 0.95 -0.11 -0.35 
2.35 4.01 -76.59 1.28 0.01 -0.41 
-0.04 10.82 -70.19 0.52 -0.43 -0.13 
11.20 -10.30 -74.98 0.77 0.02 -0.19 
-23.12 -19.78 -88.89 1.25 -0.26 -0.65 
16.20 22.18 -84.66 1.15 0.26 -0.54 
4.01 9.16 -77.18 0.36 -0.05 -0.11 
-30.04 21.69 -77.17 1.40 0.15 -0.72 
47.01 16.96 -82.89 1.26 0.25 -0.19 
3.09 6.06 -76.18 0.99 0.00 -0.42 
10.89 9.37 -71.16 0.76 -0.12 -0.09 
-1.03 1.12 -81.73 1.02 -0.09 -0.41 
9.12 6.32 -78.21 1.18 -0.15 -0.28 
-9.22 4.82 -72.69 1.05 -0.07 -0.33 
-4.01 0.28 -67.05 1.24 0.00 -0.40 
21.72 10.99 -67.51 1.00 -0.07 -0.33 
3.25 3.55 -65.71 0.98 -0.06 -0.37 
3.21 2.09 -64.01 1.01 -0.01 -0.27 
4.28 3.39 -66.35 1.37 0.11 -0.48 
52.48 0.27 -103.04 1.25 0.01 -0.35 
5.96 13.22 -74.27 0.78 0.00 -0.01 
7.11 -15.53 -82.81 1.07 -0.08 -0.27 
62.44 10.63 -93.50 1.38 0.05 -0.21 
-3.00 4.89 -87.10 0.89 0.04 -0.38 
4.38 9.77 -91.72 0.77 -0.25 -0.18 
1.49 3.99 -92.19 1.29 0.13 -0.45 
14.35 3.93 -90.47 1.06 0.03 -0.22 
10.36 5.19 -85.47 0.95 0.06 -0.37 
1.32 10.02 -80.78 0.83 -0.06 -0.23 
2.48 1.70 -83.06 1.51 0.06 -0.54 
23.90 12.27 -77.86 0.99 0.09 -0.32 
9.74 2.76 -75.17 1.01 -0.08 -0.37 
4.48 3.75 -74.14 1.04 0.02 -0.29 
-23.09 9.36 -82.43 1.19 0.08 -0.42 
42.14 7.50 -92.44 1.29 -0.25 -0.45 
-1.09 12.71 -80.28 1.06 0.11 -0.49 
12.41 8.71 -68.59 0.45 -0.15 0.00 
-38.57 10.15 -87.57 1.00 -0.16 -0.75 
19.63 23.63 -82.98 0.96 0.14 -0.25 
24.09 5.87 -82.30 1.07 0.10 -0.25 
-25.60 22.47 -43.75 0.94 -0.06 -0.40 
-29.72 30.25 8.97 0.50 0.04 -0.09 
-10.60 -5.07 -17.22 1.11 -0.36 -0.60 
18.52 16.06 -5.72 1.14 0.33 -0.51 
5.13 9.44 9.27 0.37 -0.01 -0.06 
-22.34 -6.15 -10.73 1.19 -0.16 -0.59 
18.20 11.57 -1.43 1.02 0.23 -0.21 
11.87 3.47 -2.44 1.02 0.01 -0.22 
3.54 4.65 -3.16 0.97 -0.05 -0.35 
5.30 5.62 3.34 0.89 0.01 -0.30 
17.04 5.34 2.80 1.10 -0.16 -0.27 
2.23 7.47 5.51 1.05 -0.06 -0.37 
-1.89 0.72 7.29 0.94 0.00 -0.34 
8.79 4.49 8.88 1.07 -0.30 -0.18 
-1.55 6.47 13.88 0.98 0.00 -0.35 
6.95 4.44 10.86 1.14 0.03 -0.31 
3.24 10.97 21.54 0.84 -0.10 -0.17 
3.12 -4.77 9.49 0.83 -0.26 -0.18 
11.18 -4.75 -14.50 1.41 -0.54 -0.52 
1.05 13.98 -2.11 1.05 0.26 -0.60 
7.65 3.52 5.47 0.49 -0.32 -0.09 
-20.43 11.26 -3.62 0.99 0.07 -0.60 
39.26 19.49 -3.33 1.16 0.12 -0.25 
3.99 2.84 0.10 0.97 -0.03 -0.32 
3.15 3.77 1.06 1.17 -0.05 -0.34 
6.13 6.76 7.10 0.83 0.01 -0.26 
9.10 -2.37 0.60 1.07 -0.18 -0.34 
-3.67 6.98 7.60 0.97 0.10 -0.34 
58.16 33.85 11.59 0.98 0.12 -0.36 
6.86 1.11 10.89 1.00 -0.02 -0.39 
-1.16 3.42 12.56 1.22 -0.03 -0.30 
-3.72 8.32 27.13 0.46 -0.28 0.09 
8.29 -14.43 21.18 1.15 0.00 -0.38 
-3.89 -4.81 0.50 0.97 -0.11 -0.27 
20.68 -2.79 -11.31 1.42 -0.48 -0.38 
20.56 8.52 -40.19 1.16 -0.24 -0.18 
-8.95 7.13 -30.49 0.93 0.00 -0.37 
2.30 4.02 -28.44 1.08 0.06 -0.19 
0.63 1.56 -26.68 1.03 0.00 -0.34 
5.26 2.48 -26.98 1.16 -0.12 -0.18 
3.26 4.34 -24.42 1.13 0.00 -0.37 
-0.15 5.65 -16.31 1.22 0.15 -0.42 
0.77 5.09 -3.61 0.41 -0.08 0.01 
-11.34 5.61 -18.14 1.08 -0.18 -0.54 
36.06 12.42 -23.88 1.10 0.13 -0.32 
2.01 3.03 -23.17 1.28 -0.04 -0.48 
-7.53 3.76 -0.83 0.35 0.00 -0.06 
-5.09 -3.85 -18.34 1.03 -0.12 -0.57 
-9.88 30.16 -20.54 1.19 -0.23 -0.25 
-0.83 4.32 -15.47 0.82 0.02 -0.27 
18.93 1.77 -20.75 1.05 -0.16 -0.30 
0.22 2.05 -20.53 1.20 -0.07 -0.33 
-5.03 6.47 -6.12 0.72 0.04 -0.25 
2.18 4.31 -5.31 1.03 -0.12 -0.51 
13.06 4.37 -8.78 1.07 -0.04 -0.29 
0.04 -0.54 -6.42 0.99 0.00 -0.42 
7.09 2.15 -6.99 1.23 0.05 -0.39 
16.88 5.75 1.81 0.63 -0.21 0.03 
-0.79 9.25 -1.87 1.16 0.07 -0.41 
23.62 11.84 7.53 1.30 0.07 -0.49 
16.28 10.58 10.40 1.06 0.13 -0.12 
-4.98 4.22 19.04 0.61 -0.11 -0.16 
-6.87 -8.46 -4.19 1.20 -0.24 -0.46 
-13.89 4.54 3.01 0.84 0.00 -0.36 
14.28 3.78 4.20 1.10 0.06 -0.33 
16.20 4.56 4.42 1.03 0.09 -0.26 
3.66 5.23 4.16 0.93 -0.26 -0.24 
10.48 4.52 2.78 1.09 -0.03 -0.40 
15.96 9.08 4.85 1.03 -0.04 -0.29 
30.00 23.90 -5.27 1.21 -0.32 -0.29 
-1.07 6.40 -0.23 0.99 0.07 -0.33 
9.49 3.06 -2.81 1.04 0.02 -0.32 
9.90 4.97 -6.28 1.17 -0.12 -0.32 
-8.73 5.62 8.17 0.68 -0.07 -0.23 
-3.14 -4.47 7.91 0.88 -0.02 -0.26 
22.31 5.02 5.18 1.39 -0.29 -0.50 
-7.97 3.95 9.56 1.25 0.16 -0.53 
2.73 18.21 32.24 0.45 0.17 -0.12 
-19.87 17.34 38.59 1.09 0.21 -0.61 
-3.76 11.53 49.22 1.11 0.30 -0.15 
12.98 2.03 51.01 1.06 0.06 -0.27 
4.19 5.60 46.85 1.16 -0.01 -0.38 
2.52 4.07 52.36 0.93 0.13 -0.32 
6.20 10.48 59.57 1.15 -0.11 -0.16 
7.17 6.65 56.68 0.92 -0.02 -0.29 
0.22 2.02 57.38 1.07 -0.04 -0.30 
17.77 8.86 58.49 1.10 -0.19 -0.21 
5.06 8.14 59.88 1.00 0.00 -0.36 
0.54 2.69 62.08 0.99 0.06 -0.21 
109.53 50.31 78.07 1.12 0.22 -0.41 
-7.99 4.40 78.62 0.86 0.00 -0.33 
-0.21 17.45 78.95 1.23 0.13 -0.50 
50.49 12.57 65.96 1.20 -0.27 -0.37 
-0.40 2.23 69.61 0.98 -0.08 -0.36 
4.68 4.31 71.62 1.02 0.02 -0.27 
-3.89 2.08 81.46 0.75 -0.27 -0.25 
3.66 6.72 77.93 0.95 -0.01 -0.35 
21.75 10.96 76.03 1.02 -0.14 -0.35 
1.46 8.82 78.11 0.84 -0.05 -0.31 
1.88 2.67 71.39 1.18 -0.14 -0.40 
17.77 12.30 71.43 0.98 0.07 -0.33 
8.99 3.16 72.72 0.98 -0.09 -0.37 
-4.71 1.73 76.27 1.10 -0.06 -0.23 
1.81 12.12 83.02 1.08 0.05 -0.31 
6.99 3.26 97.23 0.42 0.03 -0.02 
-17.34 -0.58 84.03 1.22 0.07 -0.63 
41.23 16.96 102.37 1.21 0.11 -0.40 
-7.95 6.83 120.29 0.73 -0.12 -0.24 
-28.42 6.59 108.14 1.22 0.05 -0.53 
-1.20 -2.49 107.17 1.26 -0.01 -0.54 
-5.90 2.11 129.69 0.85 0.00 -0.39 
7.43 11.72 133.27 1.15 0.03 -0.45 
9.73 12.67 143.81 0.90 -0.06 -0.28 
14.07 7.60 147.75 0.96 -0.07 -0.38 
4.00 4.97 149.22 1.24 0.02 -0.34 
-5.89 -1.76 146.67 1.47 -0.49 -0.59 
1.29 9.80 167.70 0.56 0.06 -0.15 
80.69 28.89 137.41 1.25 -0.45 -0.54 
-24.39 12.27 158.04 0.96 -0.06 -0.37 
18.56 12.70 163.32 1.13 -0.06 -0.26 
5.42 7.58 163.31 0.94 -0.07 -0.27 
6.00 6.33 163.82 1.05 -0.11 -0.34 
20.91 10.03 163.26 1.02 -0.06 -0.20 
-7.01 3.39 170.38 0.99 -0.07 -0.37 
-5.66 1.40 172.25 1.01 0.01 -0.21 
2.69 4.41 170.02 1.20 0.05 -0.44 
1.16 13.97 183.18 0.76 -0.19 0.05 
10.56 -2.44 168.41 0.87 0.00 -0.11 
-2.19 -13.61 155.22 1.57 -0.63 -0.41 
-2.82 4.94 162.76 0.96 -0.01 -0.38 
-6.62 -1.48 163.65 0.94 0.06 -0.30 
22.99 -0.75 166.42 0.87 -0.36 -0.01 
-24.07 -7.17 145.78 1.07 -0.13 -0.51 
20.75 16.59 161.71 1.00 0.25 -0.25 
-6.53 -5.70 154.93 1.20 -0.23 -0.34 
-9.64 4.64 169.82 0.81 0.14 -0.38 
14.24 12.64 172.94 1.10 -0.07 -0.16 
-1.85 4.14 176.05 1.11 -0.04 -0.41 
-3.75 1.99 185.71 0.91 0.07 -0.33 
11.54 6.14 186.45 1.16 -0.25 -0.27 
8.12 13.54 273.47 0.83 -0.11 0.53 
138.16 95.11 -313.17 0.66 0.03 0.00 
138.42 -24.49 -284.66 0.49 -0.27 -0.01 
-32.64 8.01 -282.93 1.13 0.40 -0.72 
68.21 9.34 -288.31 1.50 -0.06 -0.06 
39.07 21.97 -292.65 0.69 -0.11 -0.33 
-20.74 12.56 -293.83 1.05 0.05 -0.43 
21.08 5.16 -287.82 1.26 -0.04 -0.09 
-5.62 4.93 -286.89 0.85 -0.16 -0.27 
2.84 -3.73 -287.81 1.36 0.11 -0.52 
43.12 18.78 -281.14 1.15 0.02 -0.38 
-12.61 0.08 -266.63 1.00 -0.05 -0.39 
-18.41 8.91 -277.21 1.10 -0.30 0.09 
-7.86 18.22 -260.76 0.75 0.04 -0.13 
-23.67 -4.06 -284.59 1.04 -0.24 -0.60 
13.29 30.01 -270.47 1.67 0.14 -0.46 
52.71 2.11 -265.53 0.73 -0.07 0.00 
-42.15 8.77 -270.29 0.91 -0.39 -0.72 
49.26 10.18 -288.83 1.52 -0.56 -0.35 
8.22 3.42 -289.76 1.13 -0.10 -0.36 
1.62 6.76 -280.20 0.64 -0.05 -0.21 
-17.30 16.98 -278.71 1.40 -0.27 -0.53 
18.47 3.88 -279.09 1.11 0.06 -0.24 
5.10 5.35 -275.41 0.88 -0.09 -0.28 
1.90 -3.91 -276.69 1.28 -0.13 -0.32 
21.64 6.36 -280.93 1.07 -0.08 -0.33 
-1.04 2.66 -273.57 0.95 0.00 -0.34 
10.14 7.10 -283.80 1.23 -0.16 -0.19 
11.63 11.48 -267.98 0.60 0.13 -0.04 
-17.56 3.13 -278.35 1.07 -0.10 -0.45 
20.44 12.40 -302.58 1.73 -0.29 -0.49 
9.88 14.21 -283.00 0.44 0.11 0.01 
-38.26 13.24 -279.79 1.36 0.19 -0.70 
53.66 7.66 -295.32 1.46 -0.48 -0.37 
9.52 3.61 -295.06 0.98 -0.12 -0.31 
14.59 4.25 -298.09 1.07 -0.07 -0.24 
-8.35 3.12 -291.97 0.92 0.03 -0.34 
13.15 5.49 -289.92 1.04 -0.05 -0.22 
12.31 7.31 -292.22 1.12 -0.05 -0.34 
-2.72 0.51 -286.89 0.92 0.10 -0.29 
23.36 10.16 -284.59 1.06 -0.16 -0.32 
-11.50 1.81 -273.34 0.99 -0.02 -0.39 
6.13 3.68 -273.96 1.25 0.04 -0.38 
4.75 10.50 -246.65 0.45 0.05 -0.06 
-10.14 5.00 -260.41 0.91 -0.35 -0.45 
16.51 14.19 -270.08 1.62 0.02 -0.24 
13.03 6.83 -264.47 0.67 -0.10 0.04 
-0.85 19.03 -262.53 1.22 0.07 -0.39 
25.27 -8.78 -278.25 1.62 -0.52 -0.13 
14.53 10.14 -281.14 0.94 0.00 -0.34 
13.07 0.84 -287.68 1.17 -0.11 -0.16 
-15.14 1.47 -276.56 0.96 0.04 -0.40 
204.97 86.76 -149.88 0.89 -0.01 -0.12 
54.91 44.87 -152.49 0.92 0.05 -0.28 
-7.17 3.62 -148.98 0.95 -0.04 -0.36 
1.97 5.33 -146.76 1.14 -0.26 -0.09 
-2.30 10.27 -136.23 0.94 0.12 -0.41 
19.21 2.36 -144.16 1.32 0.03 -0.35 
14.33 8.82 -128.90 0.54 -0.09 0.00 
-14.87 20.06 -146.12 1.18 0.08 -0.58 
41.06 5.95 -157.13 1.50 -0.01 -0.22 
1.17 8.96 -135.22 1.08 0.00 -0.40 
16.66 17.03 -129.07 0.23 0.11 -0.01 
-41.50 -9.73 -146.95 1.28 -0.20 -0.72 
34.58 22.76 -141.59 0.97 0.10 -0.30 
1.35 7.08 -142.56 1.22 -0.16 -0.34 
-4.36 6.22 -131.30 0.86 0.12 -0.25 
10.42 -6.83 -141.17 1.37 -0.28 -0.30 
17.80 14.09 -137.16 0.94 0.09 -0.25 
-5.30 0.42 -132.51 0.92 -0.04 -0.37 
10.91 3.64 -137.07 1.08 -0.21 -0.14 
7.39 8.40 -132.78 0.99 0.04 -0.34 
7.26 2.42 -135.38 1.23 -0.18 -0.33 
2.98 4.89 -125.67 0.68 -0.22 0.00 
0.06 1.99 -125.16 0.94 -0.02 -0.19 
2.75 -20.19 -137.91 1.40 -0.41 -0.56 
5.53 13.35 -124.60 0.80 0.00 -0.39 
16.01 7.08 -117.43 0.38 -0.03 -0.02 
-25.37 12.44 -136.51 1.12 -0.03 -0.65 
45.30 19.06 -139.96 1.12 0.21 -0.11 
19.63 5.62 -139.79 1.09 -0.02 -0.32 
2.11 9.68 -133.88 0.88 -0.02 -0.25 
-6.03 -1.06 -134.22 1.15 -0.16 -0.44 
23.75 8.88 -137.15 1.07 -0.03 -0.29 
1.63 5.06 -135.78 0.96 -0.06 -0.32 
-2.75 -2.23 -136.66 1.07 -0.03 -0.36 
22.91 11.31 -136.44 0.98 0.12 -0.34 
14.19 1.38 -140.36 1.00 -0.05 -0.34 
3.99 3.11 -139.28 1.39 0.06 -0.44 
-1.26 9.31 -121.62 0.53 0.00 -0.06 
-9.72 9.83 -139.88 1.30 -0.01 -0.47 
42.25 9.90 -152.94 1.46 -0.06 -0.44 
-6.60 1.20 -140.60 0.78 0.03 -0.32 
11.32 0.99 -138.50 0.63 -0.13 -0.10 
2.59 2.28 -162.89 1.14 -0.53 -0.45 
0.23 9.62 -154.28 0.84 0.13 -0.31 
25.66 3.59 -165.15 1.11 -0.08 -0.09 
-14.67 0.91 -159.01 1.05 0.02 -0.33 
17.74 -7.43 -176.49 1.07 -0.25 -0.36 
13.04 9.46 -177.60 1.10 -0.08 -0.36 
-3.28 2.04 -171.02 0.84 0.01 -0.34 
12.25 1.46 -176.39 1.24 -0.20 -0.20 
4.94 6.60 -172.69 1.01 0.03 -0.32 
10.14 0.12 -176.99 1.03 0.00 -0.27 
4.83 14.25 -174.78 1.29 0.05 -0.53 
9.50 7.98 -161.44 0.47 -0.01 -0.06 
-32.27 -10.38 -156.47 1.25 -0.52 -0.35 
13.29 6.77 -164.93 1.56 0.11 -0.49 
7.06 9.12 -149.43 0.31 -0.09 0.03 
-33.31 7.64 -153.53 1.11 0.04 -0.55 
18.99 12.09 -138.18 0.89 -0.01 -0.29 
9.90 1.12 -137.92 1.03 -0.04 -0.37 
8.88 9.93 -136.79 0.94 -0.09 -0.25 
2.55 0.88 -135.79 1.10 -0.02 -0.44 
21.90 8.38 -139.35 1.12 -0.09 -0.37 
-0.10 6.17 -131.56 0.89 -0.07 -0.30 
-3.15 0.64 -128.58 1.23 -0.02 -0.33 
27.05 9.54 -131.15 1.06 -0.10 -0.28 
-3.82 2.43 -124.05 0.91 -0.04 -0.38 
-5.18 1.89 -119.92 1.16 -0.03 -0.22 
6.90 11.47 -119.66 1.07 -0.17 -0.25 
-7.20 2.93 -110.01 0.38 -0.09 -0.13 
15.19 56.29 -89.04 0.85 0.00 -0.32 
6.48 1.72 -91.52 1.22 -0.06 -0.34 
9.24 4.16 -91.51 1.07 0.00 -0.27 
1.55 6.10 -85.11 0.89 -0.02 -0.31 
3.70 0.73 -91.07 1.14 -0.07 -0.36 
23.16 11.47 -87.66 1.03 -0.06 -0.29 
-5.17 3.36 -79.79 0.93 -0.09 -0.42 
-4.86 0.19 -76.35 1.17 0.01 -0.32 
7.63 9.57 -76.27 1.01 -0.16 -0.19 
-0.08 3.33 -66.53 0.79 0.09 -0.19 
-3.37 -1.52 -86.26 1.60 -0.52 -0.60 
20.28 7.99 -85.87 1.07 0.06 -0.40 
18.14 6.54 -80.49 0.63 0.08 -0.05 
-30.70 7.73 -74.16 0.89 0.00 -0.54 
16.64 16.75 -62.79 1.04 -0.08 -0.33 
10.51 1.97 -62.70 1.03 0.00 -0.29 
6.20 7.93 -60.14 0.85 -0.08 -0.28 
12.08 -4.72 -65.66 1.01 -0.09 -0.27 
20.06 9.78 -64.18 1.07 0.02 -0.37 
4.40 1.14 -65.28 0.87 -0.14 -0.30 
16.81 3.93 -73.17 1.19 -0.21 -0.25 
-1.42 3.65 -69.65 1.01 0.06 -0.32 
-7.09 2.92 -64.65 1.07 -0.03 -0.26 
9.27 2.90 -68.06 1.40 -0.06 -0.50 
0.03 6.87 -47.53 0.40 -0.04 -0.07 
-14.87 12.57 -50.09 1.12 0.13 -0.56 
20.32 13.52 -44.79 1.45 -0.16 -0.36 
9.04 6.05 -20.47 0.55 -0.03 -0.04 
-9.43 1.14 -22.02 1.59 0.44 -0.55 
38.54 1.68 -15.21 1.40 -0.33 -0.17 
-5.33 4.26 -15.15 0.94 0.00 -0.39 
16.31 11.30 -16.31 1.15 0.01 -0.13 
-8.27 1.18 -13.26 0.92 -0.04 -0.36 
19.73 7.18 -10.72 1.08 -0.19 -0.22 
7.52 10.05 -8.71 0.99 -0.05 -0.34 
6.01 0.26 -12.76 1.01 -0.06 -0.33 
19.10 8.83 -11.56 1.02 -0.24 -0.27 
-7.60 3.48 -5.11 1.06 0.02 -0.45 
9.84 14.69 0.96 0.85 -0.10 -0.13 
1.61 8.80 -4.11 0.88 -0.04 -0.27 
-0.99 -7.10 -8.81 1.20 -0.21 -0.40 
17.65 12.32 -6.82 1.43 0.03 -0.55 
0.38 7.66 6.91 0.67 0.03 -0.12 
11.02 -3.80 -25.13 1.44 -0.71 -0.53 
-0.78 6.59 -16.88 0.86 0.10 -0.36 
3.96 1.85 -15.05 1.18 -0.01 -0.28 
3.49 4.19 -8.77 0.80 0.00 -0.29 
12.18 5.05 -14.30 1.18 -0.21 -0.35 
9.94 8.16 -13.22 1.06 0.08 -0.33 
3.52 -1.61 -7.77 0.86 -0.07 -0.34 
2.41 6.50 -7.53 1.15 -0.24 -0.28 
6.65 5.61 -6.64 0.97 0.08 -0.31 
-10.49 -1.71 -4.78 1.18 -0.05 -0.28 
22.22 10.53 -6.21 0.69 -0.29 -0.06 
-37.57 13.58 -7.85 1.04 0.16 -0.67 
46.27 13.12 -8.34 1.58 0.04 -0.63 
24.45 4.68 18.21 0.47 -0.03 -0.02 
-29.97 6.47 3.48 1.02 -0.15 -0.60 
-1.74 14.61 17.66 0.97 0.20 -0.10 
18.87 5.50 8.85 0.98 -0.22 -0.34 
-4.64 0.66 9.78 0.99 0.00 -0.34 
7.59 5.97 14.63 1.08 -0.09 -0.23 
-2.96 6.35 25.29 0.84 -0.05 -0.32 
-3.68 0.42 25.90 1.24 0.01 -0.36 
21.38 7.84 25.39 0.97 0.08 -0.36 
8.96 0.39 21.44 1.15 0.05 -0.29 
15.56 7.26 26.07 0.83 -0.17 -0.12 
3.76 -0.45 25.15 0.86 0.06 -0.15 
10.60 -13.30 7.13 1.43 -0.57 -0.52 
-7.31 6.19 17.64 0.88 -0.16 -0.12 
-6.36 -1.91 21.20 1.01 0.18 -0.28 
30.42 -7.41 6.98 1.33 -0.52 -0.45 
4.29 4.69 17.96 0.95 0.08 -0.37 
9.11 4.38 12.31 1.17 -0.06 -0.19 
-0.27 2.11 11.43 1.01 0.03 -0.35 
18.66 11.67 15.87 1.07 -0.01 -0.29 
-0.02 5.27 24.42 0.75 -0.05 -0.34 
2.98 2.51 18.29 1.18 -0.15 -0.30 
13.70 8.04 21.18 0.97 0.11 -0.31 
12.38 3.88 17.95 1.04 0.03 -0.29 
15.56 12.95 17.07 1.05 -0.35 -0.41 
-0.72 0.76 26.05 0.54 -0.07 -0.04 
24.46 7.06 0.33 1.38 -0.69 -0.53 
0.42 12.73 5.43 0.93 0.10 -0.46 
14.93 2.15 10.95 0.61 0.02 -0.03 
-20.66 -10.49 -8.57 1.04 -0.31 -0.57 
18.19 11.19 -2.11 0.98 -0.05 -0.31 
12.04 2.22 -2.65 1.02 0.01 -0.30 
-24.09 -1.54 20.32 0.93 0.10 -0.35 
12.03 2.58 14.16 1.20 -0.27 -0.26 
6.49 6.72 14.64 1.00 -0.01 -0.32 
0.06 -0.55 13.69 1.04 -0.05 -0.23 
23.34 9.16 8.56 1.03 -0.24 -0.22 
-11.97 2.16 18.70 0.98 0.00 -0.41 
1.27 6.19 20.31 1.12 -0.13 -0.25 
15.00 9.43 17.58 1.00 -0.24 -0.21 
-2.48 5.60 30.71 0.78 0.13 -0.13 
-15.41 -15.53 14.60 1.54 -0.47 -0.56 
13.90 9.65 20.54 1.04 0.08 -0.43 
15.57 5.28 25.82 0.48 0.00 -0.07 
-25.98 2.94 13.80 1.13 -0.04 -0.69 
8.96 16.70 33.69 1.00 0.20 -0.18 
20.81 3.37 28.80 1.05 -0.05 -0.31 
7.72 6.63 26.95 1.06 -0.10 -0.30 
4.49 0.54 25.21 1.09 -0.07 -0.30 
17.35 6.26 24.81 1.03 -0.14 -0.24 
-0.50 6.85 30.76 1.02 0.00 -0.38 
-1.60 0.81 33.81 0.99 0.04 -0.24 
6.55 -2.10 27.20 1.14 -0.11 -0.34 
10.24 4.46 28.31 0.99 0.10 -0.33 
11.47 -0.56 24.94 1.09 -0.03 -0.21 
10.57 9.82 40.91 0.59 -0.21 -0.11 
18.48 4.00 19.83 1.29 0.09 -0.34 
18.99 10.06 15.11 1.57 -0.37 -0.29 
7.73 8.88 26.11 0.73 -0.05 -0.13 
1.13 1.59 23.96 0.69 -0.09 -0.13 
6.92 12.03 4.86 1.54 -0.99 -0.47 
12.02 6.64 9.49 0.95 0.09 -0.29 
18.53 3.10 1.32 1.08 -0.09 -0.35 
-6.14 -0.18 2.85 0.97 0.02 -0.27 
10.36 2.77 -2.84 1.09 -0.12 -0.22 
-3.03 4.80 1.76 1.17 0.09 -0.38 
11.92 0.05 3.36 0.98 0.07 -0.29 
36.35 16.31 7.90 1.02 -0.02 -0.33 
1.02 2.70 11.66 1.00 -0.07 -0.37 
-0.76 12.98 21.55 1.08 -0.18 -0.29 
10.82 -4.16 23.13 0.55 -0.20 -0.01 
47.33 19.14 28.65 1.57 -0.09 -0.28 
6.61 7.64 40.48 0.58 -0.12 0.02 
-22.56 6.73 36.87 1.12 0.11 -0.53 
14.78 10.86 48.30 1.32 -0.01 -0.15 
0.28 1.87 51.35 0.92 -0.02 -0.36 
5.61 8.11 51.08 1.16 -0.09 -0.25 
4.13 1.20 49.65 0.89 -0.05 -0.30 
12.42 7.09 51.17 1.07 -0.31 -0.22 
3.63 6.04 52.02 1.03 0.03 -0.35 
2.63 1.63 55.88 0.87 0.05 -0.26 
12.46 5.97 55.25 0.96 -0.32 -0.20 
9.51 8.47 54.47 1.01 -0.06 -0.34 
28.23 12.23 61.12 0.91 -0.27 -0.24 
0.67 -2.32 61.50 0.86 -0.23 -0.18 
-19.91 -5.43 59.28 1.15 -0.32 -0.59 
4.50 14.37 119.31 1.33 0.04 -0.39 
14.14 8.60 -284.37 1.07 0.02 -0.25 
26.96 28.88 -286.22 1.02 0.00 -0.21 
1.47 1.14 -284.45 1.10 0.02 -0.31 
10.56 17.48 -278.90 0.85 -0.21 -0.27 
-35.04 18.22 -278.52 1.30 0.44 -0.59 
54.16 0.07 -269.62 1.67 -0.16 -0.48 
24.37 89.93 -226.38 1.13 0.37 -0.28 
14.83 -0.88 -228.24 0.92 -0.09 -0.23 
6.96 -2.92 -234.90 0.95 -0.23 -0.25 
9.82 10.65 -235.02 1.15 0.19 -0.37 
16.67 -3.33 -233.89 0.94 -0.10 -0.28 
14.44 12.74 -226.94 1.00 -0.08 -0.26 
-3.43 1.42 -220.41 0.96 -0.08 -0.36 
5.46 15.89 -241.11 1.39 -0.31 -0.45 
9.83 20.25 -223.39 0.47 0.11 -0.03 
-37.69 2.15 -233.50 0.93 -0.15 -0.66 
-15.14 30.45 -223.20 0.79 0.03 -0.04 
23.54 4.53 -223.21 0.98 0.17 -0.10 
-27.82 -20.69 -240.16 0.95 -0.58 -0.61 
-12.90 8.62 -227.98 0.96 0.17 -0.21 
20.98 6.94 -225.59 0.84 -0.01 -0.23 
0.48 7.01 -228.98 1.14 -0.01 -0.43 
-8.30 13.24 -213.15 0.78 -0.07 -0.26 
12.44 6.57 -224.42 1.44 0.04 -0.47 
20.17 14.52 -221.46 1.08 0.08 -0.33 
6.82 2.00 -227.63 1.21 0.11 -0.33 
17.24 -0.23 -208.71 0.65 -0.25 0.00 
-30.50 17.76 -210.67 1.05 0.16 -0.61 
52.43 6.34 -218.58 1.59 -0.18 -0.49 
20.90 -7.82 -214.20 0.50 -0.32 0.03 
-52.37 16.08 -227.20 0.80 -0.19 -0.67 
49.20 15.33 -230.47 1.17 0.00 -0.34 
15.61 4.09 -233.74 1.15 -0.07 -0.33 
6.82 7.83 -219.14 0.75 0.05 -0.24 
-6.91 -0.23 -225.94 1.06 -0.26 -0.46 
11.13 11.36 -226.98 0.97 0.01 -0.24 
11.58 0.87 -226.64 1.12 -0.02 -0.34 
17.18 8.88 -224.83 1.07 -0.14 -0.15 
-15.54 0.40 -213.20 1.00 -0.02 -0.41 
-7.05 6.60 -214.13 1.07 -0.19 -0.24 
16.26 7.19 -194.82 0.71 0.13 -0.10 
-14.78 -7.54 -223.13 1.32 -0.64 -0.71 
-11.12 17.44 -212.17 0.65 -0.21 -0.11 
-33.67 25.92 -218.72 0.85 -0.01 -0.51 
22.24 10.11 -212.31 1.21 0.22 -0.06 
6.48 0.45 -213.40 1.07 -0.07 -0.34 
5.34 6.49 -211.41 0.77 -0.02 -0.24 
15.36 7.62 -215.63 1.24 -0.01 -0.41 
13.06 6.58 -212.49 1.05 0.04 -0.30 
-0.99 5.34 -202.65 0.78 -0.08 -0.30 
-1.60 0.70 -209.99 1.08 -0.17 -0.18 
12.31 5.37 -208.12 0.99 0.13 -0.39 
7.63 3.64 -209.22 1.04 0.10 -0.23 
0.79 2.68 -207.45 1.22 0.06 -0.44 
27.30 12.64 -192.52 0.58 -0.22 -0.07 
-24.78 12.48 -203.15 1.31 0.17 -0.57 
21.58 15.64 -195.60 1.35 -0.08 -0.33 
17.31 8.73 -194.03 0.79 -0.33 -0.11 
-22.62 22.13 -187.19 1.33 0.34 -0.61 
46.92 5.72 -186.74 1.19 -0.05 -0.37 
-3.51 3.87 -185.07 1.03 -0.19 -0.33 
9.98 9.82 -182.24 1.00 -0.04 -0.30 
-2.46 -1.02 -184.68 1.05 -0.16 -0.39 
21.90 8.69 -183.16 1.04 -0.16 -0.30 
-12.24 3.38 -172.90 0.75 -0.10 -0.35 
16.00 2.57 -176.95 1.20 0.16 -0.48 
19.97 11.45 -172.44 1.07 -0.03 -0.32 
4.90 4.80 -172.47 1.00 -0.02 -0.41 
-2.93 14.86 -177.20 1.07 -0.30 -0.35 
17.66 5.18 -159.93 0.50 0.06 -0.12 
17.13 -10.68 -158.06 1.37 -0.36 -0.48 
-13.76 2.07 -148.73 0.60 -0.25 -0.05 
-31.89 23.69 -151.14 1.32 0.21 -0.62 
54.79 5.87 -153.44 1.36 0.08 -0.08 
-0.97 1.33 -150.74 0.98 -0.06 -0.39 
-0.12 9.67 -142.29 0.84 -0.14 -0.22 
0.89 1.30 -146.49 1.03 -0.12 -0.36 
26.51 6.73 -146.41 1.18 -0.05 -0.17 
1.77 3.37 -144.19 0.86 -0.09 -0.36 
-2.13 1.02 -144.72 1.14 0.01 -0.38 
24.52 11.34 -142.86 1.00 0.08 -0.33 
6.72 1.20 -143.80 0.97 -0.09 -0.36 
4.02 4.01 -150.72 1.37 -0.05 -0.33 
-0.73 8.76 -133.00 0.56 -0.14 -0.06 
-2.60 5.29 -155.86 1.02 -0.07 -0.49 
23.41 18.80 -154.45 1.40 0.13 -0.35 
12.95 -1.43 -149.74 0.87 -0.38 -0.04 
-22.35 7.68 -144.84 1.10 0.39 -0.45 
17.87 12.73 -142.95 1.37 0.04 -0.06 
18.35 8.02 -145.91 0.96 -0.02 -0.38 
1.68 2.59 -143.38 1.08 -0.11 -0.29 
7.54 11.49 -134.97 0.88 0.03 -0.33 
5.77 2.82 -134.97 1.17 0.01 -0.50 
27.73 8.36 -138.13 1.07 -0.07 -0.41 
14.78 4.95 -134.88 0.87 -0.02 -0.36 
-2.90 -2.09 -135.89 1.26 -0.09 -0.16 
14.40 11.66 -136.59 0.99 0.13 -0.31 
15.20 1.45 -142.19 1.01 -0.10 -0.33 
7.50 8.92 -140.28 1.22 -0.05 -0.33 
6.06 8.85 -118.08 0.51 -0.01 0.04 
-38.05 19.11 -116.09 1.04 0.10 -0.60 
54.56 5.15 -142.23 1.53 -0.05 -0.36 
-12.09 -2.91 -119.97 0.74 0.00 -0.08 
-6.77 -4.19 -125.65 1.02 0.07 -0.31 
31.66 3.58 -133.68 1.15 -0.43 -0.53 
0.89 2.04 -135.88 0.98 -0.04 -0.32 
-0.07 7.66 -133.71 0.97 -0.01 -0.24 
8.62 2.90 -139.13 1.11 -0.06 -0.32 
11.84 3.58 -139.59 1.21 -0.12 -0.19 
-12.46 5.71 -122.76 0.98 0.03 -0.36 
17.19 -1.18 -132.07 1.02 -0.06 -0.31 
11.25 8.89 -130.57 1.10 -0.28 -0.27 
-6.38 2.98 -125.67 0.91 0.01 -0.37 
30.36 12.97 -132.93 1.26 -0.12 -0.33 
12.62 3.39 -120.67 0.64 -0.21 -0.03 
-5.48 7.60 -132.35 1.29 0.31 -0.48 
68.72 21.83 -159.13 1.53 0.09 -0.22 
16.01 6.44 -147.95 0.82 -0.11 -0.01 
7.16 5.32 -148.35 1.13 0.08 -0.33 
13.35 -7.69 -161.25 1.33 -0.39 -0.34 
8.15 5.27 -157.63 0.99 -0.09 -0.38 
6.23 5.08 -160.50 1.27 0.00 -0.25 
-2.11 5.05 -149.88 0.78 0.05 -0.28 
23.69 -3.93 -162.66 1.02 -0.25 -0.27 
8.86 6.03 -164.63 1.01 0.00 -0.29 
1.01 2.36 -163.23 0.89 -0.14 -0.21 
0.61 -0.50 -167.18 1.23 -0.03 -0.48 
12.83 10.12 -167.03 1.01 0.13 -0.36 
10.01 9.97 -161.54 0.99 0.03 -0.39 
-0.62 0.53 -174.26 1.30 -0.22 -0.30 
3.97 12.87 -154.91 0.89 0.37 -0.17 
-28.98 -25.63 -161.23 0.83 -0.31 -0.54 
17.98 16.60 -158.84 1.26 0.00 -0.58 
43.44 16.16 -139.19 0.63 0.04 -0.07 
-19.93 22.55 -143.41 1.13 0.21 -0.59 
49.98 -1.39 -166.47 1.33 -0.42 -0.38 
12.78 5.60 -165.77 1.00 -0.19 -0.40 
4.68 3.02 -162.91 1.09 0.00 -0.33 
0.25 3.48 -158.61 0.91 0.00 -0.31 
5.14 0.69 -162.34 1.12 -0.19 -0.23 
6.82 4.27 -163.21 1.06 0.00 -0.40 
5.15 2.88 -158.27 0.84 0.01 -0.27 
10.82 -1.78 -164.48 1.02 -0.25 -0.18 
-12.89 3.95 -154.98 0.93 0.01 -0.39 
5.13 1.11 -153.47 1.10 -0.08 -0.29 
2.81 9.64 -144.27 0.70 -0.10 -0.20 
-7.30 7.96 -142.84 0.87 0.28 -0.31 
22.49 13.08 -139.35 1.55 -0.56 -0.38 
25.03 14.25 -127.94 0.80 -0.08 -0.04 
8.50 -11.86 -132.55 1.14 0.13 -0.24 
12.00 -11.28 -139.61 1.35 -0.49 -0.30 
8.57 7.92 -140.76 0.92 0.07 -0.36 
15.81 3.78 -142.28 1.03 -0.09 -0.25 
5.75 7.72 -139.50 1.10 -0.04 -0.42 
8.50 6.24 -137.44 1.10 -0.19 -0.24 
-4.82 6.18 -129.75 0.93 0.01 -0.41 
-2.55 -0.36 -128.37 1.08 -0.03 -0.29 
22.54 15.30 -123.52 0.99 0.09 -0.34 
11.52 2.71 -125.44 1.01 -0.01 -0.30 
18.94 7.31 -131.10 1.30 -0.01 -0.41 
15.17 7.66 -120.23 0.70 -0.22 -0.06 
-8.24 1.06 -118.08 1.12 0.08 -0.30 
21.21 3.09 -134.17 1.36 -0.63 -0.38 
3.99 7.96 -130.17 1.02 0.09 -0.49 
6.75 -3.73 -135.24 0.79 -0.06 -0.15 
11.91 -9.38 -152.06 1.22 -0.70 -0.48 
-0.40 4.81 -148.31 0.89 0.09 -0.38 
19.61 5.69 -151.65 1.04 -0.02 -0.18 
-3.49 0.06 -152.30 1.16 -0.05 -0.45 
11.54 6.22 -149.53 1.06 -0.01 -0.34 
8.95 6.65 -152.03 0.93 -0.09 -0.22 
4.07 0.37 -157.08 1.25 -0.02 -0.40 
12.68 10.70 -153.40 1.09 -0.08 -0.25 
-6.89 -2.41 -151.60 1.10 -0.08 -0.42 
16.84 12.73 -146.22 0.91 -0.08 -0.26 
0.21 -0.78 -144.79 0.68 -0.08 -0.06 
-32.51 -22.07 -169.13 1.37 -0.38 -0.60 
23.02 23.00 -169.97 1.28 0.10 -0.54 
23.92 5.36 -165.97 0.58 -0.05 -0.09 
-20.16 -7.08 -189.22 1.39 -0.44 -0.59 
25.09 14.32 -177.95 0.94 0.07 -0.35 
12.73 -0.97 -182.83 1.12 -0.02 -0.29 
4.33 5.11 -176.07 0.79 -0.07 -0.27 
2.88 -2.69 -182.68 1.14 -0.31 -0.20 
6.95 6.46 -180.25 0.92 0.02 -0.31 
9.50 1.55 -178.87 1.19 0.01 -0.40 
23.71 10.90 -175.70 1.06 -0.04 -0.28 
-9.88 2.89 -166.18 0.92 -0.05 -0.42 
-101.99 8.27 -140.81 1.30 0.08 -0.68 
26.92 20.96 -139.96 1.09 0.27 -0.54 
26.35 -1.30 -134.73 0.60 -0.05 -0.06 
-31.26 -3.84 -157.49 0.86 -0.24 -0.62 
7.00 19.69 -149.77 0.98 0.20 -0.30 
17.99 1.45 -149.96 1.02 0.00 -0.25 
-3.73 5.73 -145.22 0.92 0.00 -0.33 
2.17 4.25 -147.15 1.10 -0.05 -0.35 
-91.53 58.11 -32.73 0.32 -0.08 -0.17 
2.81 5.87 -38.14 1.07 0.03 -0.36 
19.78 6.69 -38.87 1.37 -0.44 -0.23 
-24.45 5.06 -31.86 1.00 0.04 -0.38 
13.47 0.42 -30.00 0.78 0.11 -0.14 
9.17 -6.87 -35.28 1.46 -0.57 -0.33 
2.95 10.79 -28.93 0.93 0.10 -0.36 
1.23 15.10 -21.49 1.09 -0.02 -0.32 
5.72 2.13 -20.53 1.19 -0.13 -0.28 
7.42 7.92 -19.74 0.99 0.01 -0.37 
6.91 5.08 -18.88 1.06 -0.10 -0.30 
4.96 20.83 -5.14 0.84 -0.11 -0.06 
7.01 -1.76 -11.15 0.87 -0.18 -0.15 
-13.27 -10.58 -16.25 1.29 -0.20 -0.38 
20.47 7.64 -11.40 1.19 0.00 -0.43 
141.88 67.01 -5.90 1.10 -0.09 -0.38 
68.50 37.93 -22.47 1.10 0.00 -0.33 
5.67 4.37 -27.36 1.04 0.06 -0.22 
17.59 16.58 -21.71 1.29 0.07 -0.37 
-19.18 9.33 -9.33 0.35 -0.03 -0.20 
2.81 -2.87 -40.19 1.49 -0.41 -0.61 
13.19 10.03 -28.20 0.82 0.09 -0.28 
5.46 -0.62 -17.12 0.95 0.28 -0.25 
17.03 -4.13 -25.30 1.38 -0.55 -0.32 
0.96 4.31 -22.92 0.88 0.15 -0.33 
9.65 5.70 -25.26 0.97 -0.02 -0.11 
12.65 5.63 -30.39 1.13 -0.04 -0.41 
16.01 12.04 -21.68 1.04 -0.03 -0.22 
-3.43 2.48 -17.92 1.02 -0.13 -0.35 
-0.04 5.89 -10.01 1.13 0.07 -0.43 
9.44 7.94 -5.65 1.02 0.01 -0.23 
5.51 6.21 -0.59 1.01 -0.10 -0.41 
3.23 3.43 2.21 1.20 -0.03 -0.33 
9.57 4.46 10.62 0.80 -0.22 -0.14 
-29.51 4.33 -1.36 0.90 -0.04 -0.50 
43.39 15.47 -18.84 1.49 0.15 -0.43 
1.72 7.41 -3.93 0.53 -0.16 0.04 
-8.74 1.42 0.96 1.39 0.16 -0.51 
24.61 7.68 10.75 1.18 0.14 -0.25 
5.35 2.06 16.47 1.01 -0.11 -0.37 
3.14 5.94 14.28 0.90 -0.18 -0.25 
-2.42 1.55 16.15 0.94 0.01 -0.34 
9.94 9.01 19.87 1.19 -0.30 -0.18 
-2.33 8.27 28.56 0.84 0.02 -0.30 
11.64 2.02 22.34 1.13 0.00 -0.35 
7.97 8.41 25.58 1.14 -0.19 -0.16 
2.33 4.10 27.00 0.95 -0.07 -0.39 
-2.37 4.07 30.34 1.23 0.01 -0.31 
-0.39 8.47 45.61 0.48 -0.14 0.00 
-3.52 -0.17 12.03 1.35 -0.26 -0.50 
13.07 20.70 23.53 1.26 0.40 -0.50 
-5.78 0.71 28.22 0.77 -0.10 -0.16 
5.44 -11.02 -2.92 1.34 -0.65 -0.52 
27.20 16.74 3.17 0.95 0.09 -0.41 
13.11 -1.19 -1.28 1.10 -0.13 -0.28 
12.82 12.47 7.01 0.82 -0.02 -0.29 
8.92 4.69 4.00 1.08 -0.22 -0.19 
8.57 6.32 3.70 1.09 -0.03 -0.33 
4.05 1.96 6.91 0.82 -0.05 -0.28 
2.56 1.32 -1.69 1.30 -0.27 -0.24 
-10.82 4.91 8.88 0.98 0.00 -0.38 
-5.46 3.94 6.33 1.33 0.06 -0.23 
-2.16 6.80 15.79 1.07 0.23 -0.35 
-0.03 -1.94 15.99 1.14 0.23 -0.46 
0.25 1.10 9.83 1.35 -0.50 -0.53 
17.01 6.38 9.71 1.22 0.10 -0.53 
-3.35 0.04 327.26 0.97 -0.04 -0.36 
9.67 7.31 327.23 1.05 0.05 -0.25 
