6.95 5.16 -111.79 1.04 0.13 -0.13 
2.32 117.97 -116.37 -0.06 -1.90 0.77 
-73.11 -232.26 -131.63 0.29 0.11 0.12 
-16.27 13.50 -119.98 -0.53 0.58 0.73 
-0.97 26.57 -168.95 -0.06 -1.37 1.58 
0.76 47.72 -163.31 0.01 -1.69 0.20 
-4.20 -36.47 -283.76 0.22 -0.13 1.38 
1.47 43.27 -314.79 0.19 -1.13 1.34 
7.26 32.11 -264.29 -0.07 -1.23 0.64 
9.15 22.84 -235.24 -0.46 0.02 0.17 
-1.52 12.48 -225.32 -0.14 0.53 0.32 
-10.37 -6.24 -208.74 -0.27 0.09 0.29 
-33.78 14.90 -269.96 0.04 -0.89 1.23 
-6.55 47.02 -287.29 -0.10 -1.89 0.43 
-6.39 0.95 -247.43 0.22 -0.80 0.04 
5.98 -35.69 -220.82 0.35 0.20 0.56 
-11.96 -4.09 -263.05 0.68 -0.23 1.46 
-1.13 -32.78 -191.80 -0.35 0.25 0.24 
-32.70 1.40 -240.77 -0.15 -0.28 1.27 
-30.90 -11.33 -157.82 0.09 -0.52 0.04 
8.63 -29.38 -133.11 0.14 0.47 0.83 
2.29 47.16 -194.33 0.41 -1.35 1.48 
7.50 40.67 -180.49 -0.28 -1.81 0.52 
3.08 19.88 -133.35 -0.32 -0.46 0.46 
8.07 12.09 -111.05 -0.16 0.26 0.19 
-8.45 12.84 -110.17 -0.37 0.73 0.33 
4.32 8.75 -183.63 -0.82 -1.00 0.86 
9.86 26.08 -166.23 -0.38 -1.43 0.15 
-10.50 -10.08 -131.60 0.15 -0.38 0.13 
1.81 -20.44 -123.38 0.11 0.71 0.84 
3.87 14.39 -169.23 0.23 -0.61 1.74 
7.97 46.13 -158.43 -0.49 -1.82 0.58 
6.42 23.66 -124.75 -0.19 -0.53 0.39 
-2.00 17.07 -98.73 -0.45 0.11 0.13 
-5.05 8.30 -93.55 -0.27 0.68 0.24 
-18.07 -13.86 -100.14 -0.23 0.14 0.49 
-16.46 27.47 -149.11 -0.61 -0.85 1.56 
8.55 14.62 -121.38 -0.09 -1.47 -0.16 
-2.05 -25.19 -101.51 0.09 -0.25 0.15 
-10.15 -18.64 -117.78 0.29 0.19 1.31 
7.44 34.25 -147.38 0.12 -1.26 1.46 
4.03 41.68 -120.04 -0.04 -1.50 0.73 
8.53 18.88 -91.19 -0.34 -0.19 0.35 
3.96 10.46 -81.75 -0.14 0.70 0.31 
-9.80 -8.95 -81.54 -0.13 0.24 0.20 
-25.91 81.49 16.90 0.44 -1.25 0.17 
-8.15 -15.11 51.55 0.02 -0.30 0.21 
-0.84 -22.41 53.87 0.26 0.47 1.05 
-12.88 20.39 4.89 0.42 -1.03 1.51 
1.11 45.89 11.80 -0.35 -1.88 0.43 
9.93 26.32 56.53 -0.22 -0.57 0.34 
16.86 9.87 97.42 -0.06 0.18 0.36 
-9.19 1.79 97.97 0.07 0.36 0.18 
-12.68 0.01 95.65 -0.34 0.17 0.41 
-10.17 14.70 46.67 -0.26 -0.96 1.74 
22.98 34.62 74.24 0.13 -1.60 -0.07 
8.70 -42.77 111.94 0.14 -0.04 0.47 
-4.34 -4.82 90.57 0.40 0.13 1.46 
-7.30 69.45 57.02 -0.10 -1.44 1.26 
4.44 24.70 107.85 -0.18 -1.27 0.09 
13.19 13.54 127.84 -0.41 0.34 0.26 
-34.22 -7.49 132.13 -0.29 0.37 0.44 
-37.75 -0.06 83.40 0.10 -0.76 1.37 
-0.32 46.50 72.41 -0.06 -1.79 0.39 
0.33 5.58 102.35 0.12 -0.78 0.03 
7.95 -26.89 123.86 0.11 0.15 0.36 
-53.95 164.43 145.49 -0.42 -0.68 0.14 
-49.20 -6.64 169.44 -0.30 0.24 0.39 
-32.60 13.41 120.22 0.05 -1.15 1.46 
22.41 42.69 149.60 -0.10 -1.55 -0.15 
-9.05 -30.51 176.75 -0.06 0.00 0.35 
-10.77 -25.06 162.24 0.09 0.21 1.09 
5.70 38.88 124.80 -0.03 -1.41 1.51 
3.17 36.54 156.75 -0.28 -1.40 0.61 
-6.37 21.75 189.75 -0.41 -0.14 0.04 
1.76 14.91 197.95 -0.20 0.66 0.41 
-11.65 0.33 211.72 -0.11 -0.05 0.26 
-31.91 -7.19 186.33 -0.48 0.28 0.77 
11.16 30.67 137.55 -0.01 -1.35 1.62 
19.97 39.34 165.52 0.05 -1.91 0.01 
-16.20 1.87 197.85 -0.06 -0.30 -0.09 
-5.90 -24.05 202.87 -0.09 0.07 0.76 
11.75 9.81 156.42 0.00 -0.69 1.57 
21.71 51.82 193.87 -0.30 -1.74 0.55 
4.02 23.52 234.06 -0.26 -0.33 0.20 
14.93 2.78 251.58 -0.29 0.40 0.16 
3.01 10.10 263.52 0.10 0.73 0.40 
-25.97 -11.37 259.94 -0.20 0.09 0.32 
-25.70 7.51 210.97 0.18 -0.78 1.64 
2.42 48.57 191.97 -0.20 -1.66 0.68 
-2.21 12.96 230.76 0.18 -0.55 0.10 
-14.39 -20.26 248.02 -0.25 -0.10 0.40 
-1.69 -13.90 231.32 -0.14 -0.03 1.01 
10.73 28.28 195.55 -0.09 -0.85 1.32 
13.00 37.39 218.24 -0.51 -1.46 0.59 
-1.08 17.80 246.68 -0.24 -0.59 0.28 
-2.96 12.17 264.83 -0.58 0.22 0.19 
-7.78 -0.25 270.51 -0.02 0.52 0.31 
-27.53 -12.31 257.73 -0.34 0.44 0.47 
31.13 21.00 210.23 -0.31 -1.05 2.02 
7.00 44.76 216.89 0.07 -1.49 0.48 
-25.14 9.84 246.52 -0.16 -0.21 -0.07 
-10.16 -17.20 200.89 -0.06 -0.01 1.06 
18.49 33.31 161.16 -0.32 -1.40 1.60 
9.70 34.32 201.38 -0.29 -1.37 0.49 
7.65 5.99 224.16 -0.22 -0.31 0.51 
-5.34 18.89 235.67 -0.78 0.19 -0.13 
-4.56 7.85 239.36 0.04 0.37 0.17 
-37.51 -25.49 180.80 -0.13 0.14 1.09 
18.96 26.88 131.83 -0.08 -1.20 1.86 
-3.53 44.07 151.02 0.24 -1.35 0.44 
-24.70 5.68 186.73 -0.17 -0.27 0.07 
-7.51 -24.74 190.75 -0.02 0.05 0.46 
1.84 -5.76 150.18 0.43 -0.46 1.83 
16.06 48.38 178.41 -0.58 -1.96 0.82 
-6.25 30.29 216.65 -0.11 -0.41 0.41 
-1.93 9.90 231.95 -0.53 0.21 0.36 
0.18 -4.88 236.39 0.01 0.41 0.21 
-13.46 -12.67 246.35 -0.20 0.25 0.29 
-39.02 25.40 197.38 0.46 -1.63 1.40 
5.56 52.84 198.91 -0.10 -2.09 0.47 
-7.11 15.93 238.81 0.30 -0.40 0.12 
-10.34 -17.58 251.62 -0.16 0.22 0.25 
-9.51 -14.64 219.33 0.19 -0.04 1.32 
7.79 33.89 179.89 -0.04 -1.12 1.45 
9.10 27.42 219.39 -0.24 -1.31 0.49 
17.52 19.60 239.19 0.04 0.61 0.42 
-5.90 3.05 250.54 -0.07 -0.17 0.15 
-24.19 -15.93 206.71 -0.60 0.44 1.09 
-10.48 42.64 157.74 0.43 -1.46 1.61 
-9.65 28.79 211.28 0.08 -1.11 -0.10 
2.50 -26.95 234.92 0.00 -0.15 0.24 
0.74 -9.31 226.71 0.20 0.42 1.10 
-1.88 28.85 177.74 0.18 -1.10 2.05 
-3.65 27.73 213.85 -0.59 -1.65 0.39 
13.23 26.87 247.32 -0.22 0.02 0.26 
1.22 7.51 256.91 -0.13 0.59 0.22 
-4.38 -9.14 260.64 0.06 -0.01 0.06 
-31.93 -16.91 226.19 -0.32 0.42 1.30 
-50.23 -31.61 307.88 -0.11 0.08 0.12 
-4.95 -18.41 300.38 0.00 0.35 0.99 
-81.02 -26.99 -322.18 -0.01 0.05 0.11 
-34.98 -16.16 284.21 -0.44 0.11 1.36 
-5.40 50.96 260.28 -0.60 -2.22 0.75 
-1.17 13.50 293.77 -0.05 -0.87 0.01 
-17.98 -8.11 312.67 -0.09 0.01 0.05 
2.91 -23.35 296.94 0.44 0.35 1.11 
-1.24 29.28 247.97 0.37 -1.09 2.00 
-5.62 36.62 283.67 -0.05 -1.66 0.57 
18.81 32.47 -322.02 -0.25 -0.02 0.24 
-3.20 11.31 -318.10 0.14 0.22 0.28 
-11.25 -3.97 -309.86 -0.08 0.39 0.25 
-18.18 -8.52 296.53 0.22 -0.55 1.89 
7.39 37.84 269.90 -0.37 -1.46 1.26 
-10.89 23.96 293.07 0.08 -0.81 0.11 
-9.47 -9.41 311.90 -0.09 0.08 0.20 
-0.43 -9.88 290.24 0.07 0.06 1.13 
10.66 38.02 263.76 -0.29 -1.31 1.70 
1.95 37.80 302.09 -0.38 -1.09 0.51 
-3.53 23.91 -325.17 -0.49 0.02 0.09 
-5.44 5.99 -313.75 0.03 0.33 0.37 
-13.08 -6.48 -315.22 -0.07 0.41 0.29 
-3.77 -2.61 279.41 0.19 -1.41 1.90 
-7.47 45.35 273.25 0.07 -1.55 0.68 
-16.20 17.86 306.48 0.01 -0.46 -0.01 
-4.21 -30.25 319.89 0.12 0.05 0.55 
1.70 24.39 278.31 0.27 -0.92 1.34 
24.05 41.67 292.80 -0.44 -1.63 0.86 
11.94 27.18 324.18 -0.46 -0.29 0.32 
-1.92 4.16 -317.57 0.11 0.31 0.36 
-11.13 -5.88 -307.64 -0.20 0.19 0.14 
-41.70 -5.96 298.74 0.45 -0.49 1.47 
2.44 48.72 277.97 -0.22 -1.76 0.97 
-1.47 19.52 309.05 0.04 -1.02 0.12 
-8.16 -1.43 -319.24 -0.09 0.00 0.21 
-10.46 -20.17 318.37 0.13 0.05 1.04 
7.13 27.41 283.10 -0.30 -1.54 1.52 
15.28 29.81 324.35 -0.40 -1.33 0.46 
5.06 25.53 -296.34 -0.47 -0.11 0.32 
-2.12 0.46 -290.71 0.36 0.17 0.30 
-7.08 -7.65 -276.84 -0.08 0.23 0.21 
-41.36 6.72 -325.81 0.40 -0.91 1.83 
-18.10 52.15 317.84 -0.29 -2.33 0.24 
-0.33 13.17 -303.44 -0.10 -0.68 -0.03 
-15.63 -25.47 -290.91 -0.21 0.03 0.23 
-3.26 -19.85 -326.04 0.29 0.11 1.51 
12.03 38.04 290.74 -0.33 -1.19 1.59 
11.94 32.24 -313.54 -0.15 -1.32 0.54 
1.31 36.74 -279.14 -0.29 0.25 0.06 
-3.83 0.31 -272.54 -0.03 0.35 0.09 
-18.92 -11.85 -288.90 -0.29 0.52 0.38 
5.41 22.18 317.49 0.42 -1.35 2.04 
5.35 47.36 -304.60 0.16 -1.86 0.32 
-12.21 24.54 -272.70 -0.16 -0.01 -0.13 
-19.14 -28.85 -273.17 -0.15 0.09 0.44 
-8.15 -1.28 -321.16 0.33 -0.53 1.52 
25.06 43.83 -307.82 -0.71 -1.87 0.74 
5.39 32.02 -263.44 -0.30 -0.58 0.23 
11.17 19.51 -242.64 -0.34 0.42 0.18 
-6.01 -3.04 -237.12 0.28 0.10 0.21 
-22.12 -9.42 -241.03 -0.55 0.48 0.51 
5.40 31.76 -290.00 -0.29 -1.81 1.75 
14.69 31.41 -259.61 -0.12 -1.49 -0.01 
-15.85 3.41 -225.98 -0.14 -0.39 0.02 
-5.35 -22.83 -211.09 0.08 0.01 0.49 
-8.61 0.00 -260.06 0.29 -0.51 1.59 
24.80 47.41 -226.15 -0.29 -1.95 0.68 
-10.15 35.80 -183.80 -0.07 -0.43 0.31 
-3.67 4.08 -176.18 -0.27 0.30 0.17 
-42.84 -152.88 -154.28 0.00 0.06 0.62 
3.07 -2.03 -202.34 0.00 -0.34 1.47 
23.64 52.67 -169.55 -0.36 -1.73 0.67 
6.74 21.18 -135.37 -0.24 -0.35 0.33 
-18.30 5.98 -130.82 -0.07 0.42 0.17 
-14.70 -5.85 -119.10 0.23 0.42 0.34 
-27.04 -19.38 -167.83 0.05 -0.22 1.48 
-13.21 51.54 -206.61 0.10 -1.95 1.27 
3.00 34.90 -161.63 0.10 -0.73 0.06 
-24.34 -14.50 -137.46 0.01 -0.05 0.05 
13.83 -20.27 -149.51 0.20 0.19 1.21 
4.59 29.65 -195.50 0.30 -1.15 1.93 
9.67 36.78 -151.87 -0.50 -1.62 0.51 
-11.82 28.67 -118.23 -0.22 -0.24 0.19 
-5.61 2.65 -106.87 -0.28 0.42 0.21 
-12.45 -3.28 -106.99 0.04 0.10 0.09 
-24.83 -28.50 -155.72 -0.39 0.12 1.11 
7.98 32.49 -204.94 -0.05 -1.51 1.88 
2.37 36.73 -179.91 0.00 -1.26 0.25 
-18.91 5.03 -149.41 -0.01 -0.13 0.02 
-0.12 -30.55 -153.37 -0.08 0.12 0.75 
-5.40 0.85 -202.59 0.53 -0.70 1.82 
3.32 46.23 -183.56 -0.12 -2.03 0.81 
6.39 25.84 -132.22 0.00 -0.78 0.20 
-28.45 -13.52 -141.07 0.13 0.39 0.21 
-13.91 -10.91 -132.66 0.06 0.41 0.30 
-23.24 -9.58 -181.39 0.08 -0.52 1.65 
-0.77 52.28 -206.16 -0.17 -1.55 1.01 
-12.44 23.08 -180.34 -0.02 -0.67 0.00 
-16.52 -18.05 -163.36 -0.36 -0.14 0.03 
2.72 -2.14 -191.75 0.04 0.01 1.32 
20.59 34.82 -203.71 -0.43 -1.69 1.41 
2.40 31.39 -162.33 -0.23 -1.56 0.32 
-32.49 -17.94 -126.17 0.15 0.40 0.29 
-20.89 -7.58 -175.14 0.05 -0.21 1.29 
-3.48 46.22 -205.63 -0.16 -1.88 1.26 
-9.40 37.09 -172.24 0.08 -0.48 -0.05 
-8.12 -39.77 -158.48 0.02 0.05 0.49 
0.58 -4.07 -192.80 0.03 -0.28 1.42 
16.81 39.32 -209.86 -0.77 -1.63 1.05 
7.56 28.08 -167.94 0.10 -1.21 0.71 
1.70 23.67 -137.15 -0.48 0.03 0.00 
-8.37 -2.16 -128.51 0.07 0.48 0.20 
-23.13 -9.00 -124.62 -0.29 0.38 0.42 
15.35 43.42 -195.03 0.01 -1.62 1.84 
-0.59 2.57 -198.11 -0.08 -1.66 1.78 
0.00 0.00 0.00 0.00 0.00 0.00 
-154.76 143.29 -321.49 -0.03 0.85 1.01 
-0.41 25.15 280.56 -0.04 -1.92 1.97 
-1.64 -95.57 306.56 0.34 0.44 0.55 
48.17 32.83 -283.86 -0.41 0.05 0.06 
11.89 -5.06 -280.99 -0.15 0.66 0.53 
0.74 -17.05 -290.70 -0.79 0.04 -0.01 
-2.33 63.13 227.80 -0.10 -1.95 2.02 
1.64 7.06 258.15 0.20 -1.32 0.00 
-8.48 -31.99 284.88 0.11 -0.18 -0.01 
-6.09 -39.67 265.82 0.18 0.26 1.19 
8.34 42.08 250.72 -0.83 -2.14 0.76 
20.96 -28.74 243.42 0.00 0.56 0.41 
-2.29 -34.49 238.98 -0.53 -0.21 0.03 
-33.23 -45.82 195.36 -0.10 0.24 1.38 
-18.82 -104.52 263.07 0.08 -0.16 0.01 
41.82 26.71 -261.54 -0.40 -1.43 0.49 
33.23 11.05 -234.92 -0.44 0.35 0.12 
3.87 -13.88 -243.38 -0.14 0.39 0.23 
-18.67 -33.87 -237.10 -0.35 0.32 0.44 
-25.48 -171.37 253.65 0.25 -0.04 1.27 
19.46 38.51 259.54 -1.01 -2.00 0.55 
21.05 12.51 293.31 -0.40 -0.12 0.32 
16.88 -22.76 286.54 -0.25 0.46 0.15 
-7.66 -21.21 286.06 -0.02 0.04 0.14 
-39.71 -42.47 238.98 -0.59 0.57 0.90 
7.92 40.61 198.90 -0.57 -1.82 0.98 
1.04 -9.48 226.80 -0.05 -0.45 -0.10 
-3.62 -54.71 223.85 0.16 0.22 0.66 
14.81 12.70 172.50 -0.25 -1.21 1.60 
10.71 24.19 207.32 -0.45 -1.33 0.42 
22.13 1.26 240.10 -0.50 0.26 0.06 
1.27 -22.60 229.34 0.01 0.40 0.20 
-13.71 -27.73 231.37 -0.23 0.37 0.47 
0.92 -3.06 157.94 -0.22 -0.97 1.30 
7.35 27.73 168.55 -0.28 -1.75 0.29 
2.89 -60.94 191.50 -0.04 -0.01 0.33 
65.84 33.85 272.05 -0.93 -1.40 0.43 
-119.70 -107.03 186.23 -0.58 0.53 0.77 
20.83 -6.47 242.93 -0.04 -1.04 -0.06 
110.68 67.73 105.23 -0.43 -0.62 0.49 
-14.41 -232.36 -296.59 -0.11 -0.01 0.31 
-6.30 -26.68 324.04 0.05 -0.15 1.14 
55.59 26.35 -258.55 -0.33 -0.24 0.26 
-16.30 -50.87 -251.59 -0.22 -0.22 0.13 
141.97 97.39 -194.45 -0.44 -0.77 0.44 
95.37 144.51 -190.27 -0.72 -1.71 0.09 
-49.17 -261.84 -118.12 -0.06 0.06 1.00 
29.29 5.16 -151.41 -0.66 -0.96 1.36 
128.08 117.17 -154.99 -0.44 0.16 0.06 
37.59 133.36 -235.79 -0.20 -1.73 0.75 
175.48 161.39 244.62 -1.00 -1.46 1.02 
-11.00 -27.65 232.61 0.11 0.39 0.11 
-19.30 -23.42 230.09 -0.40 0.39 0.51 
183.38 82.56 55.35 -0.32 -0.30 0.55 
-70.16 -58.19 20.75 -0.41 0.44 0.41 
-6.94 -16.70 -34.27 0.02 -1.01 1.60 
14.53 23.80 -46.88 -0.51 -1.47 1.00 
-0.39 4.29 -15.44 0.05 -0.47 -0.06 
-7.60 -39.08 -19.09 -0.17 0.05 0.42 
-4.52 -26.95 -46.86 -0.13 -0.56 1.43 
26.30 14.23 -61.18 -0.78 -0.99 1.15 
18.36 19.91 -30.47 -0.35 -0.89 0.71 
15.58 6.15 -12.43 -0.54 0.34 0.07 
-0.03 -15.57 -16.12 0.00 0.29 0.17 
-2.59 -32.95 -8.22 0.02 0.53 0.56 
-23.90 -14.66 -62.96 -0.04 -0.33 1.46 
15.43 24.40 -86.43 -0.53 -1.27 1.27 
17.13 -1.29 -66.63 -0.01 -0.90 -0.06 
87.76 45.66 -31.08 -0.92 -1.27 0.88 
30.73 20.41 7.36 -0.40 -0.02 0.39 
8.49 -10.95 4.37 -0.17 0.22 0.10 
-11.47 -20.45 7.33 -0.02 0.16 0.39 
-25.53 -22.18 -18.48 -0.43 0.20 0.79 
16.68 -5.73 -71.63 -0.31 -1.15 1.75 
-6.92 35.45 -92.19 -0.43 -1.68 0.11 
-4.59 -41.49 -81.92 -0.24 0.13 0.25 
2.95 -33.22 -114.43 -0.11 -0.24 1.00 
17.72 1.28 -141.04 -0.49 -1.16 1.53 
16.16 16.49 -114.27 -0.45 -1.10 0.73 
14.42 13.78 -88.26 -0.46 -0.09 0.29 
3.51 -13.49 -87.03 -0.17 0.60 0.17 
-8.02 -23.40 -93.19 -0.15 0.24 0.20 
-17.69 -30.61 -161.90 0.45 -0.64 1.63 
17.16 19.37 -182.84 -0.31 -1.70 1.29 
2.09 18.92 -155.31 0.01 -0.85 0.14 
-10.66 -20.29 -143.52 -0.13 -0.03 0.08 
-3.52 -35.33 -166.99 -0.14 0.15 1.06 
19.07 2.21 -204.44 -0.44 -1.30 1.63 
16.80 22.39 -179.03 -0.42 -1.30 0.77 
12.38 15.81 -149.37 -0.39 -0.10 0.31 
12.34 -5.24 -145.54 -0.21 0.62 0.25 
-3.72 -17.34 -140.50 0.03 0.34 0.15 
-25.66 -30.14 -169.55 -0.32 0.15 0.88 
17.52 1.92 -224.30 -0.15 -1.39 1.65 
1.76 29.05 -214.86 0.07 -1.54 0.54 
-9.21 -6.47 -194.01 -0.15 -0.22 -0.04 
-3.85 -39.59 -203.04 -0.09 0.13 0.49 
14.22 -23.30 -245.22 -0.06 -0.51 1.53 
30.92 15.35 -238.68 -0.72 -1.32 1.17 
22.90 17.48 -202.95 -0.45 -0.48 0.59 
7.89 -0.88 -196.65 -0.09 0.30 0.14 
-0.69 -10.46 -195.77 0.15 0.51 0.24 
-8.54 -26.98 -200.50 -0.12 0.39 0.46 
-27.64 -43.46 -255.25 0.14 -0.50 1.64 
21.65 25.68 -252.21 -0.18 -1.79 0.48 
-1.85 5.14 -217.27 0.08 -0.14 0.06 
-5.61 -40.98 -223.79 -0.02 0.15 0.58 
9.66 -24.60 -261.60 0.05 -0.36 1.61 
16.07 19.83 -257.44 -0.67 -1.30 1.35 
27.62 10.14 -227.26 -0.32 -0.50 0.27 
20.92 -13.42 -221.15 -0.20 0.48 0.40 
-11.37 -10.56 -222.58 0.04 0.15 0.09 
89.26 43.20 -279.77 -0.41 -1.03 1.57 
16.24 -0.04 -275.44 -0.32 -1.07 0.14 
-4.33 -18.19 -265.62 -0.04 -0.09 0.23 
67.73 62.89 -236.56 -0.36 -1.20 1.16 
42.01 19.79 -203.60 0.01 0.17 0.56 
-31.19 -273.85 -322.90 0.18 -0.15 1.07 
-15.56 -4.60 225.93 0.17 0.55 0.17 
58.87 -282.22 185.53 0.27 -0.01 0.81 
2.87 -10.11 182.37 0.41 -0.05 1.16 
-11.94 -28.07 208.47 0.15 0.25 0.20 
55.40 -219.36 151.03 0.33 0.02 0.94 
14.36 -5.62 117.89 -0.03 -0.98 1.74 
30.28 24.28 136.39 -0.54 -1.26 1.15 
29.38 13.89 146.92 -0.28 -0.03 0.35 
29.03 -19.25 149.89 -0.16 0.48 0.00 
72.92 64.36 16.75 -0.46 -1.31 1.61 
7.02 14.48 40.20 0.10 -0.99 0.03 
-6.76 -29.86 53.59 -0.29 -0.10 0.05 
-1.05 -38.33 35.52 0.33 0.23 1.18 
2.56 15.04 8.86 -0.51 -1.67 1.24 
25.03 15.74 34.67 -0.59 -1.33 0.88 
35.77 22.22 59.72 -0.01 0.36 0.11 
-22.65 -27.06 48.65 0.65 0.09 -0.12 
-8.89 -20.19 51.95 0.20 0.68 0.44 
-2.44 1.66 -16.48 0.41 -2.12 2.04 
9.97 28.84 -15.93 0.05 -1.38 0.60 
-19.23 1.65 3.71 -0.01 -0.28 -0.10 
3.27 -54.52 5.57 0.23 0.13 0.88 
-3.69 -13.21 -39.26 0.10 -0.90 1.57 
31.43 20.76 -1.10 -0.48 -1.51 0.80 
20.51 17.01 25.29 -0.12 -0.19 0.31 
4.73 -22.59 24.99 0.28 0.26 0.16 
-10.87 -22.19 40.26 0.28 0.40 0.36 
-35.10 -20.39 -14.21 0.27 -0.73 1.62 
22.90 15.11 -46.03 -0.43 -1.23 1.50 
1.11 12.34 -33.88 0.13 -0.73 0.09 
-5.17 -28.39 -19.03 -0.02 0.05 0.16 
-2.90 -33.47 -52.91 0.08 -0.11 1.28 
24.07 14.29 -61.08 -0.78 -1.90 1.49 
21.71 21.25 -13.64 -0.15 -0.59 0.31 
7.67 -25.87 -26.26 0.40 0.50 0.12 
-11.15 -21.26 -14.24 0.20 0.35 0.18 
-36.89 -40.22 -68.98 -0.19 0.24 1.06 
38.86 6.08 -92.00 -0.64 -1.46 1.94 
19.82 13.00 -68.53 0.20 -1.03 0.14 
-7.00 -16.61 -47.80 0.10 0.04 0.26 
-5.64 -32.68 -66.37 0.15 0.00 1.22 
36.77 18.81 -77.33 -0.68 -1.26 1.51 
-114.56 -59.30 304.04 0.09 -1.45 1.63 
14.36 30.03 291.63 -0.44 -1.63 0.94 
-3.49 -3.47 309.39 -0.01 -0.17 -0.07 
-9.29 -40.99 311.81 0.06 0.17 0.56 
-6.81 -20.93 256.79 0.21 -0.63 1.44 
32.36 24.44 264.95 -0.74 -1.59 1.11 
33.72 10.34 298.04 -0.28 -0.56 0.54 
-10.94 -6.43 302.65 -0.38 0.21 -0.10 
-18.32 -27.50 307.86 0.17 0.06 0.16 
-31.66 -32.11 289.67 -0.13 0.34 0.71 
-23.90 4.06 234.65 0.49 -2.48 1.47 
20.84 28.01 254.53 0.06 -1.64 0.17 
2.88 1.75 278.49 0.09 -0.30 0.03 
-4.01 -38.66 276.11 0.12 0.13 0.50 
12.07 -21.11 224.41 0.02 -0.45 1.81 
24.07 23.65 228.76 -0.70 -1.36 1.17 
27.73 20.28 274.07 -0.34 -0.41 0.57 
6.83 -1.41 267.49 0.02 0.58 -0.09 
-9.75 -19.43 272.49 0.39 0.22 0.05 
-26.26 -33.15 238.80 -0.15 0.42 0.86 
-6.47 14.14 184.05 0.31 -1.92 1.96 
20.10 10.39 198.03 0.01 -1.34 0.31 
-10.95 -11.26 224.36 0.09 -0.19 0.00 
6.46 -44.94 218.52 0.21 0.21 0.81 
-0.70 -6.31 177.29 0.31 -0.84 2.03 
57.64 24.72 233.70 -0.25 -0.94 1.14 
5.93 15.36 254.29 -0.03 -0.05 0.09 
-16.29 -20.95 253.35 0.29 0.17 0.05 
-27.12 -19.29 258.81 -0.04 0.45 0.60 
-24.74 -7.23 204.07 0.39 -1.11 1.67 
15.23 25.96 202.17 -0.49 -2.09 0.38 
-1.95 0.87 233.82 0.23 -0.36 0.07 
6.22 -43.47 241.88 0.16 0.37 0.48 
0.87 -18.38 189.49 0.22 -0.93 1.81 
24.19 24.59 200.47 -0.56 -1.43 1.15 
30.67 13.17 226.34 -0.28 -0.20 0.44 
23.01 -0.49 218.44 -0.04 0.58 -0.01 
-5.67 -13.39 213.37 0.01 0.23 0.20 
-18.39 -14.33 215.63 -0.34 0.16 0.55 
23.06 -0.77 147.20 -0.58 -1.52 1.58 
16.46 19.70 167.92 -0.16 -1.64 0.31 
-8.56 -13.59 189.03 -0.17 -0.22 -0.07 
-0.88 -44.37 180.63 -0.08 0.02 0.44 
5.77 -22.45 144.38 -0.02 -0.31 1.57 
27.93 16.25 149.12 -0.70 -1.42 1.41 
34.07 33.17 190.68 -0.18 -0.07 0.35 
15.99 -15.09 173.65 0.09 0.57 -0.06 
-16.89 -14.34 175.85 0.13 -0.04 0.38 
-8.18 -8.25 177.08 -0.53 0.52 0.42 
-7.63 -3.69 122.61 0.13 -1.16 1.57 
14.36 24.43 112.35 -0.38 -1.94 0.55 
-2.69 -4.26 142.99 0.08 -0.85 0.17 
-3.11 -31.30 156.66 -0.05 0.10 0.25 
-5.11 -36.92 128.82 0.38 -0.01 1.14 
21.95 4.80 100.94 -0.31 -1.10 1.61 
17.40 25.79 126.06 -0.57 -1.41 0.79 
28.16 39.31 152.48 -0.57 0.32 0.01 
-0.66 -18.91 134.31 0.15 0.28 0.20 
-16.43 -22.25 146.05 -0.21 0.03 0.22 
-36.55 -31.86 91.58 -0.20 0.04 1.36 
4.71 41.23 61.08 -0.40 -1.88 0.87 
6.04 -1.07 90.08 0.00 -0.78 0.12 
-0.15 -17.23 109.48 -0.21 -0.01 0.15 
1.48 -41.12 94.73 0.16 -0.18 0.78 
10.68 -8.37 52.60 -0.11 -0.91 1.81 
29.53 24.28 69.37 -0.52 -1.30 1.19 
38.09 15.83 100.79 -0.41 -0.13 0.27 
12.08 -13.83 89.08 -0.05 0.66 -0.15 
-16.71 -10.44 86.48 0.20 0.23 0.13 
-3.86 -4.52 72.00 -0.91 0.63 0.43 
12.43 -12.11 16.98 -0.19 -1.16 1.86 
13.84 19.05 19.59 -0.45 -1.61 0.42 
-84.61 -110.24 -2.53 0.15 0.20 0.18 
-35.62 -149.32 56.40 -0.06 0.10 0.23 
4.08 -59.28 22.94 0.07 0.30 0.90 
9.85 -1.87 -23.23 0.22 -0.91 2.18 
22.98 20.26 26.81 -0.15 -1.11 0.72 
12.51 5.06 44.17 -0.44 0.13 0.20 
14.37 -20.18 45.82 0.25 0.40 0.38 
-13.52 -23.31 46.23 0.05 0.28 0.23 
-37.16 -35.53 -8.51 -0.09 0.11 1.05 
20.34 40.70 -37.12 -0.14 -2.01 1.28 
1.25 11.50 -8.70 0.29 -1.05 0.21 
-3.06 -38.21 5.25 -0.06 0.22 0.19 
8.86 -34.57 -23.69 0.07 -0.04 1.38 
30.70 4.48 -41.62 -0.34 -1.13 2.14 
15.55 28.68 -14.49 0.02 -1.23 0.66 
24.03 13.30 1.31 -0.36 0.52 -0.01 
-6.86 -22.00 -6.43 0.10 0.26 0.26 
-17.65 -23.79 -6.30 0.09 0.10 0.44 
-18.50 -35.22 -60.77 0.30 -0.44 1.39 
17.64 -134.88 -128.61 0.71 -0.05 0.41 
13.44 -18.77 -141.08 0.95 -0.16 0.19 
14.75 -20.91 -140.41 1.06 -0.26 0.14 
13.67 -17.70 -143.41 1.02 -0.17 0.08 
14.35 -9.82 -147.35 1.06 -0.01 0.10 
-10.39 -5.31 -156.98 0.92 -0.13 0.27 
8.82 -7.58 -169.13 0.85 -0.28 0.34 
-6.24 -10.40 -175.85 0.93 -0.21 0.35 
6.89 -2.60 -178.39 0.70 -0.11 0.57 
14.87 -15.99 -183.09 0.60 -0.02 0.82 
154.77 105.66 -101.28 -0.25 0.04 0.30 
3.52 1.26 -98.73 -0.25 0.36 -0.07 
-8.49 -18.41 -107.31 -0.27 -0.06 0.17 
-19.86 -44.90 -138.76 -0.17 1.03 0.81 
3.61 9.11 -193.50 0.01 -1.66 1.97 
-2.73 19.87 -161.76 0.11 -0.93 0.17 
-8.54 -23.41 -142.33 -0.06 -0.10 0.09 
4.04 -42.12 -157.00 0.12 0.20 1.15 
24.60 0.68 -185.57 -0.63 -1.04 2.02 
21.56 65.19 -29.59 0.00 -0.38 0.24 
131.98 45.68 -47.80 -1.25 -1.39 1.48 
34.70 21.10 -32.33 -0.41 -0.48 0.54 
15.15 12.23 -20.89 -0.39 0.23 -0.03 
-11.99 -19.48 -27.10 0.03 0.22 0.26 
-31.24 -23.81 -29.67 -0.22 0.38 0.49 
-14.98 -6.33 -84.42 -0.23 -1.22 1.34 
13.11 32.86 -103.46 -0.73 -1.60 0.45 
2.63 -6.04 -77.33 -0.20 -0.92 0.03 
-3.46 -29.70 -63.82 -0.20 -0.11 0.24 
-12.74 -38.95 -73.74 0.13 0.04 0.93 
15.69 -243.17 143.02 0.32 0.08 1.07 
36.98 2.47 111.29 -0.45 -0.89 1.56 
44.25 175.99 104.26 -0.24 -1.63 0.58 
-18.27 -91.91 20.39 0.24 -0.06 1.29 
18.15 18.12 -1.96 -0.43 -1.37 1.73 
25.51 31.04 24.61 -0.38 -0.95 0.73 
25.00 22.16 39.87 -0.50 0.47 -0.13 
0.61 -20.92 20.21 -0.05 0.52 0.04 
-6.66 -17.03 23.99 -0.51 0.11 0.15 
-18.41 0.42 19.25 -0.53 0.43 0.52 
-19.19 -5.92 -35.77 -0.58 -1.12 1.33 
29.92 22.70 -56.49 -1.10 -1.23 0.17 
16.19 -4.80 -39.51 -0.24 -0.91 0.07 
-2.74 -28.52 -25.33 0.01 0.03 0.21 
-6.00 -35.27 -49.80 0.09 0.03 1.04 
17.41 12.82 -82.36 -0.47 -1.41 1.77 
25.29 22.60 -51.11 -0.62 -1.31 0.70 
19.47 19.38 -26.58 -0.49 0.23 0.10 
10.44 -12.67 -34.23 -0.08 0.50 0.05 
-10.00 -17.71 -30.42 0.02 0.16 0.16 
-37.50 -28.09 -79.18 -1.17 0.26 0.97 
21.87 13.51 -115.71 -0.81 -1.38 1.12 
3.25 8.53 -108.22 -0.55 -1.55 -0.03 
-0.07 -13.18 -85.86 -0.12 -0.26 0.02 
-2.75 -37.99 -85.16 0.10 0.09 0.59 
6.99 -20.98 -126.12 -0.08 -0.55 1.63 
38.46 17.25 -118.51 -0.84 -1.18 1.36 
22.88 16.21 -104.56 -0.20 -0.42 0.58 
11.41 2.47 -110.31 -0.30 0.66 -0.28 
-14.33 -35.22 -112.96 0.05 -0.08 0.15 
-15.18 -16.34 -109.80 -0.42 0.37 0.53 
-14.00 -15.73 -164.54 0.19 -1.24 1.98 
6.85 26.00 -171.94 -0.42 -1.77 0.56 
0.20 4.30 -135.09 0.02 -0.32 0.06 
-8.29 -41.63 -132.74 -0.15 0.13 0.35 
2.15 -20.35 -171.58 0.05 -0.43 1.34 
31.81 11.69 -177.22 -0.77 -1.22 1.41 
31.35 17.73 -146.61 -0.52 -0.65 0.72 
18.79 -1.70 -141.65 -0.34 0.48 0.03 
-5.63 -16.38 -149.60 0.19 0.22 0.13 
-13.82 -20.89 -143.13 -0.05 0.03 0.30 
-37.21 -29.10 -197.88 -0.63 0.10 1.19 
134.63 93.17 -261.63 -0.80 -1.15 1.49 
38.57 19.82 -237.83 -0.40 -0.64 0.69 
10.88 -3.59 -217.58 -0.80 0.11 -0.20 
-16.32 -10.47 -226.22 0.22 0.26 0.07 
-28.73 -2.18 -218.53 -0.42 0.39 0.42 
-33.55 -16.09 -273.28 0.17 -1.55 1.51 
0.44 35.38 -293.61 -0.63 -1.62 0.04 
2.30 -6.79 -266.43 -0.08 -0.77 0.03 
8.34 -37.03 -263.37 0.01 0.06 0.39 
0.24 -22.57 -299.71 0.03 -0.59 1.17 
35.26 16.70 -300.16 -0.71 -1.31 1.50 
36.58 25.82 -263.31 -0.14 -0.72 0.78 
16.11 -4.27 -260.12 -0.20 0.46 -0.13 
4.96 -22.84 -268.99 -0.32 0.39 0.19 
-13.57 -9.70 -266.00 -0.09 -0.08 0.11 
49.74 23.25 -202.29 -0.45 -1.33 0.11 
-20.38 -21.35 -174.77 -0.19 -0.04 0.09 
-7.98 -34.86 -190.54 -0.03 -0.15 0.98 
31.72 -8.42 -217.04 -0.74 -0.97 1.71 
40.01 26.53 -178.12 -0.48 -0.61 0.76 
28.68 4.93 -176.53 -0.30 0.63 -0.15 
2.10 -24.58 -193.40 0.13 0.19 0.35 
-16.54 -9.88 -184.13 -0.23 0.07 0.18 
-37.60 -21.51 -250.91 -0.14 0.56 0.86 
11.81 33.77 -297.50 -0.63 -2.21 1.30 
14.95 13.77 -258.18 -0.03 -1.32 0.05 
-3.76 -29.14 -237.58 -0.09 -0.01 0.16 
-11.29 -44.69 -243.15 0.03 0.31 0.68 
-5.52 0.86 -287.32 0.07 -0.93 1.92 
44.44 17.04 -268.16 -1.05 -1.01 1.02 
34.69 18.01 -250.37 -0.25 0.29 0.36 
17.97 -19.42 -263.29 -0.06 0.80 0.03 
-8.94 -6.95 -260.61 0.03 -0.11 0.11 
-7.52 -16.77 -249.75 -0.40 0.28 0.36 
-34.01 -41.24 -304.22 -0.28 -0.09 1.64 
30.26 19.71 314.02 -0.70 -1.17 1.12 
-7.93 10.12 -310.81 0.00 -0.74 0.18 
-10.38 -30.55 -292.92 -0.10 -0.04 0.14 
-2.97 -42.79 -312.20 0.23 0.04 1.12 
18.96 -0.32 307.00 -0.17 -1.23 1.74 
33.26 22.71 323.88 -0.72 -0.91 1.16 
34.80 19.68 -308.12 -0.17 0.23 0.45 
4.61 -17.71 321.14 0.12 0.32 0.13 
-18.03 -32.61 -323.37 -0.53 0.01 0.06 
-32.24 -14.93 284.42 -0.47 0.45 1.28 
20.58 16.17 233.33 -0.37 -1.42 1.20 
17.66 22.29 250.30 -0.62 -1.52 0.22 
-2.23 -9.97 265.58 0.02 -0.21 0.06 
-9.91 -34.55 272.61 -0.07 0.17 0.43 
4.35 -20.68 214.43 0.00 -0.83 1.62 
39.78 16.58 219.60 -0.92 -1.13 1.31 
31.47 10.77 244.03 -0.14 -0.50 0.80 
22.24 -2.27 238.94 -0.17 0.53 -0.12 
-25.28 -17.14 248.08 0.29 -0.11 0.12 
-28.76 -13.57 233.85 -0.71 0.78 0.37 
5.92 -7.65 179.11 -0.07 -1.47 1.59 
21.72 30.29 194.06 -0.60 -1.37 0.47 
137.05 137.86 285.32 -0.47 -0.63 0.89 
11.42 23.13 293.45 -0.47 0.36 0.01 
-10.72 -22.30 272.25 0.12 0.31 0.14 
-5.87 -20.83 276.17 -0.03 0.01 0.24 
-26.28 0.18 246.93 -0.62 0.43 0.34 
22.41 9.96 186.19 -0.61 -1.58 1.81 
6.91 24.29 204.49 -0.28 -1.32 0.32 
17.30 -57.88 220.71 0.13 0.03 0.33 
-11.59 -28.78 190.19 -0.10 -0.18 1.19 
26.74 4.03 168.91 -0.71 -0.98 1.64 
28.76 19.25 199.59 -0.59 -0.94 0.84 
17.69 10.27 201.75 -0.43 0.51 -0.01 
6.41 -10.20 191.83 0.03 0.59 0.10 
-6.90 -32.47 198.46 -0.08 -0.05 0.25 
-28.02 -48.02 130.03 -0.38 -0.28 1.54 
7.72 31.50 131.64 -0.70 -1.83 0.51 
-3.39 -1.58 144.32 -0.02 -0.41 0.05 
-12.62 -49.84 139.46 0.20 0.26 0.77 
3.94 -12.80 94.34 0.03 -0.82 1.75 
41.79 24.72 142.80 -0.35 -1.10 0.57 
24.52 10.08 149.91 -0.43 0.57 -0.13 
-10.40 -6.63 135.66 -0.04 0.15 0.09 
-5.73 -16.70 132.63 -0.62 0.04 0.09 
-26.63 -22.06 104.56 -0.25 0.52 1.05 
16.99 0.57 49.54 -0.23 -1.44 1.51 
11.99 18.72 64.20 -0.23 -1.40 0.72 
-3.59 4.53 83.27 -0.14 -0.24 0.08 
-8.27 -33.42 82.07 -0.16 0.17 0.24 
-10.91 -31.79 50.23 -0.08 -0.06 1.22 
32.92 10.92 28.78 -0.52 -1.23 1.20 
25.12 16.87 62.25 -0.47 -1.01 0.75 
30.51 20.77 84.81 -0.37 0.41 0.21 
-7.55 -26.58 54.07 0.33 0.36 0.38 
-13.82 -22.29 49.47 -0.62 0.36 0.42 
-21.10 -37.05 -4.34 -0.08 -0.24 1.33 
20.17 17.93 -32.95 -0.61 -1.60 1.15 
13.54 14.16 -15.88 -0.18 -1.15 0.47 
-1.11 -131.48 68.86 -0.40 0.12 0.26 
-26.68 -14.91 44.62 -0.49 0.65 0.47 
9.90 -3.04 -10.12 0.08 -1.12 1.81 
24.60 21.01 3.39 -0.18 -1.57 0.56 
-10.09 -0.29 29.10 0.06 -0.32 0.05 
-9.96 -47.05 27.99 -0.12 0.00 0.32 
-8.31 -24.96 -13.25 0.11 -0.42 1.59 
47.01 10.84 4.33 -0.81 -1.26 1.18 
38.98 15.11 36.67 -0.37 -0.42 0.60 
24.75 -3.01 39.16 -0.22 0.62 -0.12 
-13.41 -4.43 28.92 0.02 0.15 0.16 
-4.77 -26.63 40.68 -0.23 0.46 0.18 
-38.14 -19.83 -14.06 0.55 -0.59 1.67 
21.60 25.59 -41.93 -0.83 -1.78 0.85 
7.79 15.62 -20.55 -0.03 -1.05 0.29 
-5.26 -17.31 2.48 0.00 0.01 0.20 
-12.48 -43.13 -17.65 0.08 0.30 0.94 
20.54 7.18 -48.12 -0.67 -1.43 1.72 
22.98 17.43 -21.86 -0.58 -1.23 0.57 
19.40 15.65 -0.28 -0.36 0.27 0.30 
17.11 -14.85 -6.30 -0.12 0.68 0.07 
-15.39 -17.86 4.72 -0.05 0.03 0.14 
-23.34 -10.98 -24.32 -0.49 0.96 0.76 
17.16 5.38 -79.06 -0.09 -1.39 2.01 
20.84 26.06 -34.12 0.07 -1.21 0.31 
-10.24 -20.29 -10.41 -0.12 0.05 0.02 
-12.72 -33.35 -43.88 0.20 0.04 1.10 
19.28 -3.12 -83.86 -0.38 -1.32 1.99 
20.73 22.44 -56.80 -0.28 -1.25 0.78 
40.06 19.42 -29.83 -0.46 0.40 0.18 
-2.68 -14.08 -45.45 -0.10 0.33 0.18 
-6.11 -21.06 -38.28 -0.13 0.11 0.27 
-27.33 -21.46 -69.30 -0.48 0.75 0.74 
26.23 9.00 -120.62 -0.61 -1.50 1.59 
-25.17 -5.92 -81.06 0.01 -0.17 0.06 
-3.89 -0.60 -79.46 0.01 -0.15 0.03 
7.94 -18.27 -64.19 -0.11 0.52 0.33 
-10.60 -10.02 -75.26 -0.45 -0.03 0.17 
-1.64 -21.51 -69.40 -0.06 0.27 0.22 
-31.10 -17.08 -123.87 0.54 -1.07 1.65 
11.17 24.05 -144.36 -0.48 -1.72 1.02 
10.54 13.78 -114.97 0.23 -0.76 0.16 
-2.30 -27.24 -106.02 -0.11 0.16 0.01 
-9.68 -39.41 -136.00 0.17 -0.10 1.29 
45.94 35.85 -119.04 -0.64 -1.36 1.12 
28.79 27.03 -83.81 -0.17 0.36 0.14 
10.69 -3.11 -97.26 0.38 0.61 0.30 
-10.60 -40.46 -92.94 0.00 0.00 0.28 
-37.72 -22.52 -147.68 -0.24 -0.56 1.61 
28.43 11.68 -164.71 -0.58 -1.53 1.08 
0.71 7.92 -141.53 0.16 -1.12 0.29 
-3.82 -22.58 -127.10 -0.13 0.08 0.00 
-5.72 -36.94 -150.68 0.04 0.09 1.03 
20.19 3.53 -186.53 -0.22 -1.07 1.93 
26.40 26.65 -155.57 -0.74 -1.31 0.63 
15.35 14.81 -135.43 -0.17 0.46 0.09 
-3.54 -15.09 -148.29 -0.01 0.44 0.32 
-20.69 -23.86 -152.50 0.00 -0.20 0.14 
-19.90 -25.17 -185.47 -0.78 0.41 0.87 
12.09 -1.35 -236.44 -0.17 -1.18 1.87 
20.25 32.29 -218.62 -0.05 -1.53 0.40 
-3.85 -5.26 -193.67 -0.03 -0.14 0.04 
-3.48 -32.86 -186.61 0.06 0.36 0.20 
-6.45 -31.30 -239.22 0.33 -0.18 1.52 
22.15 19.94 -249.70 -0.62 -1.23 1.75 
28.77 23.24 -204.67 -0.10 -0.80 0.59 
13.40 0.13 -193.99 -0.45 0.39 -0.01 
11.40 -14.43 -205.21 -0.10 0.45 0.33 
-11.27 -19.74 -200.45 0.00 0.13 0.10 
-35.90 -22.65 -228.18 -0.19 0.69 0.88 
-0.81 17.76 -277.87 -0.10 -1.85 1.57 
7.78 15.64 -249.48 0.21 -1.46 0.17 
7.34 -24.38 -216.79 0.16 -0.07 -0.05 
3.22 -38.17 -221.30 0.23 0.23 0.89 
11.02 -10.68 -261.30 -0.05 -1.28 1.78 
38.10 20.47 -218.43 -0.29 -1.34 0.74 
22.90 -4.21 -205.31 -0.12 0.18 0.16 
-12.35 -7.89 -213.34 0.14 0.28 0.25 
23.45 -42.29 -190.67 -0.25 0.32 0.35 
-39.37 -0.89 -245.42 0.82 -1.69 1.19 
35.71 14.04 -239.19 -0.70 -1.88 1.10 
23.03 11.59 -225.88 0.10 -0.60 -0.06 
-17.60 -34.70 -228.66 -0.29 0.25 0.14 
-1.89 -23.15 -283.41 -0.14 -1.00 1.64 
45.21 9.07 -268.55 -0.68 -1.41 1.08 
23.28 18.85 -244.63 -0.17 -0.79 0.54 
15.64 10.48 -230.14 -0.30 0.31 -0.13 
11.95 -4.09 -233.47 -0.12 0.52 0.15 
-19.19 -27.76 -237.06 -0.15 0.00 0.11 
65.62 86.73 -140.78 -0.09 -1.65 0.17 
-3.39 -23.45 -123.54 0.07 0.06 0.04 
7.38 -38.01 -142.86 0.07 0.31 1.03 
12.47 -10.78 -186.09 -0.24 -1.27 1.90 
-3.16 14.81 -150.35 -0.61 -1.37 0.98 
59.46 7.47 -123.95 -0.09 0.35 0.23 
-13.94 -21.97 -141.92 0.12 0.26 0.16 
-3.69 -18.84 -133.66 -0.17 0.10 0.17 
-33.65 -9.95 -165.62 -0.31 0.54 0.78 
