150.89 36.40 262.45 1.02 -0.10 0.68 
-18.42 -96.46 -5.12 1.53 -0.94 0.37 
22.47 -84.62 103.81 1.71 -0.56 0.29 
19.31 -28.90 138.01 1.64 -0.37 0.60 
44.28 33.95 157.71 0.55 0.18 0.00 
28.81 -21.65 106.97 -0.48 0.02 0.32 
25.29 8.08 146.50 0.30 -0.48 0.55 
7.60 -4.80 142.02 -1.12 0.89 0.57 
12.50 -27.32 104.54 -0.29 0.24 0.58 
111.47 -92.99 -168.87 1.59 -0.66 0.00 
20.23 -22.38 -144.69 1.47 -0.58 -0.01 
40.69 3.67 -99.38 1.66 -0.95 0.73 
51.61 33.32 -95.30 -0.20 -0.11 0.14 
27.33 -14.40 -142.27 -0.42 0.24 0.32 
-0.38 -2.60 -118.98 0.41 -1.17 0.52 
28.20 -18.40 -116.63 -1.05 0.58 0.69 
16.42 -17.77 -160.85 -0.44 0.12 0.55 
19.90 -14.21 -108.17 0.36 -0.63 0.45 
-18.07 -74.64 -142.99 0.41 -0.35 1.50 
-9.42 -32.39 -211.42 0.87 0.38 0.58 
-15.01 -21.99 -238.71 2.11 -0.95 -0.29 
22.14 -22.55 -201.02 0.96 0.17 0.52 
-16.05 -12.76 -251.27 0.45 0.52 0.32 
-11.96 -31.42 -266.03 1.75 -1.03 0.02 
-3.14 -37.81 -220.73 1.59 -0.72 0.30 
57.86 19.39 -196.26 1.22 -0.47 0.51 
55.19 17.22 -224.96 -0.46 0.00 0.19 
-8.94 -38.29 -267.76 -0.06 -0.08 0.40 
5.69 1.34 -242.97 0.48 -0.89 0.35 
25.11 -9.47 -226.49 -1.03 0.46 0.76 
10.15 -17.76 -272.49 -0.23 0.08 0.68 
-2.01 -4.06 -237.43 0.37 -1.30 0.49 
-32.44 -18.68 -197.61 -0.22 0.29 0.24 
6.66 -45.36 -225.26 0.28 -0.71 1.93 
-21.57 -14.39 -280.50 1.94 -1.13 0.10 
19.84 -46.01 -248.15 0.83 -0.09 0.55 
-2.24 8.64 -263.62 0.55 0.18 0.76 
23.67 -40.65 -316.64 1.75 -0.30 0.18 
-3.24 -60.53 -263.06 1.08 -0.49 0.28 
42.29 9.90 -230.40 1.64 -0.57 0.88 
88.30 34.20 -280.67 -0.67 0.09 0.00 
-12.58 -40.25 -321.18 1.70 -1.42 0.49 
11.95 -11.15 -285.72 -0.79 -0.16 0.44 
10.09 -19.21 -304.97 -0.85 0.60 0.78 
-16.30 -13.34 306.24 0.70 -0.62 0.64 
8.76 -11.33 -309.28 0.19 -0.62 0.20 
-39.27 -59.88 -318.19 0.22 -0.57 0.49 
50.28 -14.19 298.58 0.60 0.04 1.41 
2.70 -4.98 250.13 0.70 -0.14 0.03 
37.06 -15.24 269.01 1.27 -0.60 -0.17 
54.61 -3.71 287.74 0.79 0.40 1.48 
-32.57 -25.26 233.26 1.02 0.02 0.15 
18.77 -14.04 238.56 1.41 -0.69 0.11 
11.09 -54.72 276.62 1.33 -0.97 0.35 
50.24 -0.69 304.41 1.21 -0.56 0.62 
53.74 33.55 295.33 -0.27 -0.33 0.26 
16.04 -24.23 254.45 -0.32 -0.04 0.32 
5.77 -13.35 281.70 0.17 -0.93 0.48 
7.33 -17.91 273.83 -1.01 0.76 0.75 
11.67 -20.46 230.50 -0.19 0.18 0.58 
-78.23 150.61 18.06 1.43 -0.14 -0.16 
22.73 -16.16 42.29 1.53 -0.34 0.18 
44.01 2.69 40.36 0.46 0.85 0.83 
-7.62 -17.04 -11.79 1.41 -0.03 0.17 
6.44 -23.79 -7.34 1.35 -0.53 -0.02 
19.67 -58.67 22.50 1.69 -0.56 0.03 
41.21 14.69 50.01 1.64 -0.42 0.31 
72.69 35.73 -16.11 -0.40 -0.13 0.28 
-1.47 -32.33 -51.10 1.25 -1.17 0.54 
23.95 -16.91 -19.51 -0.16 -0.52 0.65 
14.64 -9.20 -51.85 -0.51 0.30 0.85 
3.25 -19.56 -94.41 0.35 -0.26 0.72 
5.65 -12.08 -78.16 0.62 -1.02 0.70 
-0.24 -59.04 -33.74 0.32 -0.28 0.58 
-13.47 -61.24 -30.03 0.41 -0.21 0.26 
-2.67 -24.05 -61.78 1.47 0.49 0.28 
-3.86 -10.15 -100.20 1.70 -0.28 -0.31 
33.04 -8.18 -76.83 1.23 -0.13 0.00 
2.23 -11.25 -94.06 0.68 0.55 0.82 
-23.78 2.97 -117.54 1.26 -0.24 -0.11 
14.27 -27.30 -95.87 1.32 -0.40 -0.11 
-4.32 -56.35 -58.59 1.81 -0.80 0.15 
55.31 31.16 -40.29 0.95 -0.51 -0.04 
50.51 9.69 -91.76 -0.58 0.07 0.44 
2.45 -14.36 -121.36 1.08 -0.96 0.61 
18.73 -14.17 -88.94 -0.02 -0.53 0.62 
-72.76 -311.89 -116.40 0.22 -0.32 0.18 
4.14 -6.39 -159.14 1.74 0.15 0.49 
5.45 13.60 -204.11 1.33 -0.40 0.00 
18.80 -14.81 -184.81 1.34 -0.40 0.15 
18.47 -21.97 -166.18 0.76 0.11 0.63 
-17.74 -3.04 -198.64 0.81 0.18 0.69 
8.10 -9.51 -233.21 1.56 -0.32 -0.12 
27.04 -43.06 -210.95 1.26 -0.25 -0.22 
43.39 -11.62 -154.59 1.88 -0.53 0.07 
50.11 35.26 -151.73 0.28 -0.34 0.08 
9.10 -0.05 -188.36 -0.27 -0.25 0.40 
196.72 9.73 269.58 1.20 -0.18 1.15 
24.10 -85.73 282.15 0.72 0.18 0.68 
-21.09 8.36 235.25 1.30 -0.04 -0.21 
39.87 -36.19 270.70 1.32 -0.17 -0.37 
29.20 -25.64 314.44 2.28 -0.50 -0.18 
59.83 34.42 319.39 0.35 0.15 0.07 
7.72 -6.80 272.69 -0.03 -0.11 0.41 
0.69 -8.58 298.66 0.62 -1.05 0.27 
26.63 -21.13 314.67 -0.33 -0.11 0.94 
3.18 -7.67 285.00 -0.32 0.22 0.92 
-18.54 -20.35 252.09 1.62 -1.20 0.29 
-5.56 -46.91 279.09 0.06 -0.72 0.19 
-25.86 -74.79 270.67 0.52 -0.29 0.09 
22.10 2.47 230.82 1.47 -0.07 0.75 
1.71 14.84 193.48 1.70 -0.43 0.21 
26.62 -22.03 214.87 1.24 -0.31 0.08 
27.01 -15.97 222.39 0.65 0.12 0.79 
1.31 -3.12 187.51 0.87 0.10 0.37 
23.94 -37.05 186.91 1.37 -0.62 -0.12 
14.22 -53.30 227.72 1.68 -0.53 -0.31 
55.29 19.14 252.41 1.41 -0.46 -0.10 
36.11 13.25 205.62 -0.39 0.13 0.42 
16.33 -14.65 167.98 1.25 -1.42 0.50 
29.28 -39.51 212.53 -0.17 -0.03 0.72 
6.66 -3.12 188.62 0.00 0.39 1.26 
-2.68 3.72 146.00 0.18 -0.23 0.59 
-0.64 -23.43 179.48 0.15 -1.01 0.34 
35.31 -174.14 281.95 0.94 -0.08 0.29 
5.99 -8.96 275.51 0.54 0.22 0.79 
52.37 15.02 28.19 0.24 -0.43 0.38 
-56.81 -139.84 238.78 0.04 -0.03 0.42 
-1.68 -58.71 215.90 0.69 -0.75 1.10 
7.22 -4.05 161.43 0.98 0.11 0.53 
3.31 -12.62 142.15 1.61 -0.69 0.04 
3.96 -26.18 160.23 0.84 -0.01 0.36 
-0.81 -6.30 145.86 0.47 0.20 0.96 
11.93 1.63 106.31 1.40 -0.29 0.34 
178.87 116.67 86.95 0.77 -0.20 -0.04 
24.15 4.03 39.80 -0.10 -0.17 0.34 
13.77 -26.31 70.74 0.31 -0.95 0.08 
19.91 -17.17 72.88 -0.45 0.50 1.44 
14.99 -6.00 28.62 -0.16 -0.07 0.59 
-9.61 -32.36 53.62 0.26 -0.68 0.48 
-9.90 -57.64 56.68 -0.24 -0.17 0.23 
25.53 -27.36 17.51 1.91 -0.58 0.77 
-10.27 18.22 -18.95 1.14 -0.28 0.42 
12.63 -13.73 -51.25 1.44 -0.40 -0.09 
15.37 -37.74 -27.92 1.68 -0.04 -0.10 
38.10 -6.50 -21.75 0.65 0.52 0.93 
-14.20 8.93 -59.51 1.14 -0.14 -0.18 
43.18 -34.80 -39.97 1.82 -0.61 -0.46 
-38.34 -61.18 5.11 2.00 -1.14 -0.71 
58.19 34.98 3.12 0.52 -0.14 -0.48 
25.38 16.48 -51.63 0.10 0.36 0.72 
4.93 -14.52 -61.81 1.55 -1.60 0.21 
28.86 -23.90 -27.96 -0.35 -0.05 0.78 
11.24 -2.64 -60.26 -0.27 0.40 1.01 
-13.28 -18.73 -115.00 1.26 -0.83 0.60 
10.01 -12.63 -76.01 0.31 -0.37 0.27 
-29.99 -48.19 -78.96 0.11 -0.25 0.77 
32.66 -28.28 -98.46 0.68 0.02 1.22 
-20.49 -2.65 -150.25 1.28 -0.26 0.47 
0.26 -33.56 -162.88 1.58 -0.52 0.43 
7.73 -28.65 -135.73 0.84 0.05 0.55 
5.69 -0.46 -156.01 0.38 0.70 0.58 
5.62 -21.97 -206.56 1.90 -0.26 0.10 
14.80 -37.96 -165.66 1.06 0.00 0.20 
21.08 1.30 -134.30 1.63 -0.24 0.80 
38.65 27.36 -131.03 0.50 -0.51 0.52 
35.26 -61.39 -199.46 -0.01 -0.01 0.48 
-21.59 -8.71 -165.21 0.49 -0.75 0.21 
25.67 -22.89 -167.77 -0.57 0.26 1.16 
20.56 -7.31 -212.95 -0.22 0.07 0.63 
-5.02 -31.97 -185.33 0.21 -0.95 0.24 
3.31 -36.70 -155.72 0.07 -0.37 0.20 
14.18 -44.34 -182.29 1.01 -0.31 1.06 
-38.64 2.74 -222.72 1.62 -0.98 0.16 
-12.17 -17.35 -255.03 1.44 -0.95 0.02 
13.84 -24.65 -228.15 0.71 -0.09 0.53 
9.26 -14.69 -251.74 0.53 0.77 0.51 
27.87 -23.03 -300.12 1.71 -0.30 -0.03 
30.14 -27.51 -261.76 1.57 -0.32 0.04 
30.81 -5.99 -225.53 1.49 -0.56 0.55 
58.17 36.33 -218.86 0.08 -0.09 0.25 
-7.94 -18.89 -272.92 0.00 0.08 0.38 
22.21 -10.53 -252.01 0.32 -1.00 0.22 
20.69 -19.11 -230.76 -0.42 0.14 1.12 
12.09 -5.01 -269.63 -0.26 0.16 0.81 
10.99 -21.68 -256.04 0.68 -1.78 0.10 
-40.16 -60.04 -258.11 0.28 -0.76 0.05 
14.57 -23.39 -297.99 1.26 -0.25 0.25 
-12.29 19.12 325.12 1.66 -0.31 0.01 
-10.83 -12.21 296.41 1.66 -0.42 -0.07 
21.87 -24.43 325.55 1.13 0.14 0.18 
15.00 -11.05 316.93 0.64 0.70 0.61 
30.96 -13.05 264.03 1.76 -0.69 -0.21 
25.80 -35.41 306.45 1.70 -0.35 -0.08 
29.57 20.78 -311.15 1.45 -0.27 0.15 
29.11 34.08 -312.40 -0.06 -0.36 0.26 
28.45 -11.18 291.95 -0.47 -0.03 0.38 
-17.98 -8.64 321.77 0.76 -1.22 0.47 
16.43 -15.60 -316.76 -0.37 -0.06 0.95 
11.78 -7.73 308.32 -0.43 0.13 0.77 
-89.43 -165.87 300.47 0.20 0.02 0.05 
25.04 4.38 249.27 1.78 -0.30 0.80 
8.79 18.06 210.11 1.51 -0.17 0.18 
26.89 -6.20 241.98 1.43 -0.38 0.33 
8.44 -21.76 242.87 0.69 -0.04 0.87 
105.15 -104.81 130.26 -0.80 0.46 0.98 
5.40 -84.24 231.35 0.00 -0.54 0.15 
-15.56 -61.99 205.79 0.80 -0.39 0.16 
-23.74 12.50 159.35 1.33 0.13 0.62 
-2.42 -11.73 121.86 1.66 -0.37 0.08 
12.76 -31.09 147.58 0.79 0.27 0.37 
9.49 1.65 138.82 0.56 0.44 0.83 
9.85 -11.35 94.30 1.53 -0.32 0.12 
31.72 -28.14 121.49 1.24 -0.18 0.03 
28.90 -8.30 164.27 1.29 -0.67 0.56 
22.85 18.64 176.59 0.53 -0.89 0.63 
-1.58 -3.78 131.53 0.90 -0.65 0.45 
17.91 26.42 271.46 1.91 -0.48 0.67 
-51.07 -85.07 180.08 0.98 -0.82 0.71 
22.62 -9.71 206.18 0.01 -0.40 0.57 
7.59 -21.74 189.02 -0.73 0.72 0.92 
-14.92 -17.87 150.46 0.73 -0.61 0.78 
12.19 -12.46 195.57 0.42 -0.41 0.15 
-30.80 -59.58 196.25 0.41 -0.40 1.35 
15.96 -11.03 144.30 0.36 0.40 0.95 
11.75 -34.50 132.48 1.80 -0.90 0.18 
25.98 -32.63 161.13 0.77 0.08 0.61 
-7.95 -0.61 129.43 0.59 0.25 0.62 
10.85 -21.11 104.32 1.64 -0.64 0.13 
17.05 -30.66 155.01 1.22 -0.70 0.75 
12.01 15.81 181.44 0.66 -0.64 0.76 
59.14 30.32 144.28 -0.30 0.08 0.26 
17.73 -37.17 102.02 1.40 -1.02 0.90 
24.68 -15.70 152.90 -0.91 0.18 0.70 
14.39 -10.99 123.07 -0.69 0.29 0.44 
18.70 13.09 154.68 0.31 -1.20 1.01 
-32.69 -24.32 195.00 -0.39 -0.10 0.00 
-19.39 -54.71 166.10 0.66 -0.72 1.12 
-22.19 -17.74 111.35 1.15 -0.28 0.82 
-7.29 -15.63 112.81 1.60 -1.15 -0.09 
4.28 -40.62 130.62 0.71 -0.18 0.57 
2.49 0.82 105.58 0.64 0.22 0.82 
22.14 -10.67 62.82 1.94 -0.41 -0.19 
27.15 -30.19 97.23 1.49 -0.12 0.10 
35.44 -6.46 123.93 1.35 -0.58 0.41 
40.15 35.92 110.80 0.20 -0.44 0.22 
26.35 -15.17 63.16 -0.29 0.03 0.34 
-2.80 -15.75 82.03 0.90 -1.15 0.64 
26.16 -16.76 87.31 -0.90 0.75 0.88 
-6.01 -15.37 34.21 0.46 -0.17 0.59 
11.24 -21.01 62.17 0.72 -0.96 0.68 
-0.31 -60.40 89.36 0.36 -0.26 0.59 
6.98 -35.50 46.21 0.84 -0.03 0.38 
-32.07 31.29 5.69 1.28 -0.24 -0.05 
11.78 -219.73 315.10 1.32 -0.70 0.48 
-50.82 326.97 -302.23 0.24 -0.19 0.04 
-5.59 -1.04 317.72 1.45 0.11 0.80 
-15.87 3.16 274.56 1.63 -0.43 -0.24 
35.02 -9.38 300.65 1.37 -0.07 0.03 
21.21 -6.25 291.75 0.35 0.20 0.74 
22.89 0.12 251.70 1.68 -0.36 0.07 
38.22 -17.73 289.54 1.54 -0.22 0.18 
9.20 -26.14 325.71 1.48 -0.96 0.87 
37.39 35.56 -307.68 0.15 -0.15 0.14 
19.02 11.32 313.73 -0.35 -0.14 -0.21 
19.60 -11.28 -301.53 0.60 -0.52 0.57 
14.38 -7.68 -302.20 -0.92 0.52 0.85 
2.48 -12.87 313.71 0.04 0.16 0.66 
13.14 -7.31 -303.75 0.68 -1.12 0.13 
-15.39 -56.03 -286.85 0.11 -0.19 1.05 
-0.64 -28.65 -296.82 0.57 -0.88 1.11 
-25.34 -18.76 290.11 1.21 -0.06 0.40 
22.34 -27.93 321.46 1.50 -0.80 0.00 
20.73 -30.13 -325.51 0.54 -0.08 0.62 
-7.24 -3.71 298.82 0.65 0.11 0.44 
-1.53 -21.13 281.30 1.74 -0.78 -0.11 
5.26 -42.74 315.92 1.52 -0.50 0.27 
19.38 15.22 -299.10 0.95 -0.69 0.20 
58.08 19.57 -308.93 -0.38 -0.18 0.27 
-23.44 -24.98 307.37 0.58 -0.71 0.45 
44.11 -30.79 311.86 -0.68 0.25 0.91 
12.85 -11.42 271.79 -0.24 0.07 0.75 
-1.39 -19.53 300.01 0.63 -1.39 0.50 
41.90 -73.87 -327.29 -0.10 0.29 0.41 
22.56 1.52 296.01 1.27 -0.60 0.19 
-26.86 6.99 269.75 1.10 0.14 0.76 
9.71 -19.37 230.20 1.84 -0.70 -0.25 
28.37 -41.58 254.97 1.00 -0.12 0.23 
-5.23 15.56 218.53 0.63 0.45 0.69 
-0.02 -31.78 199.98 1.49 -0.62 -0.03 
29.33 -58.33 223.09 1.49 -0.49 0.73 
19.44 9.80 243.78 1.38 -0.36 0.36 
39.08 33.70 220.28 0.01 -0.30 0.39 
5.34 -12.04 177.16 0.37 -0.21 0.33 
4.78 -14.09 203.33 0.81 -0.80 0.46 
14.46 -11.13 220.68 -0.61 0.34 1.10 
12.72 -9.69 176.81 -0.41 0.17 0.56 
-19.84 -27.55 158.06 2.07 -1.07 0.83 
11.54 -36.59 200.45 0.36 -0.39 0.12 
-20.59 -66.36 178.16 1.16 -0.61 0.45 
-13.27 13.23 155.13 1.00 -0.12 0.60 
2.11 -1.48 120.65 1.46 0.04 0.05 
39.35 -20.85 150.88 1.64 -0.48 -0.01 
26.26 -32.40 154.43 0.80 0.01 0.81 
8.07 9.52 121.22 0.96 0.00 0.37 
-16.26 -12.58 108.70 1.30 -1.08 -0.32 
34.35 -50.47 151.16 1.46 -0.61 0.23 
21.23 18.56 177.35 1.33 -0.51 0.36 
66.40 11.19 124.80 -0.49 0.09 0.25 
-20.98 -40.71 102.83 1.50 -1.34 0.36 
38.64 -14.29 23.78 -0.47 0.20 0.70 
-8.58 -18.04 14.27 1.48 -1.44 0.52 
6.12 -29.77 45.22 0.31 -0.47 0.10 
80.00 -149.91 238.93 1.24 -0.73 0.28 
-26.65 -34.60 106.28 0.78 -0.79 0.43 
-3.41 -30.34 131.49 0.14 -1.04 0.38 
30.93 -8.95 100.01 -0.51 0.05 1.00 
44.80 -16.42 60.30 2.19 -1.95 0.03 
1.95 -34.30 92.91 0.01 -0.35 0.45 
-15.46 -61.39 73.38 1.24 -0.54 1.04 
-5.25 2.30 35.67 0.70 0.11 0.54 
7.93 -15.34 -7.70 2.01 0.04 -0.09 
42.06 -6.96 27.22 1.36 0.16 -0.04 
15.05 -0.59 23.88 0.51 0.36 0.69 
-3.83 -14.07 -21.75 1.33 0.22 0.04 
22.78 -31.36 11.91 1.40 -0.43 -0.18 
22.53 -6.43 57.22 1.50 -0.92 0.62 
16.70 19.39 87.74 0.88 -0.55 0.59 
53.41 16.65 61.88 -0.42 -0.14 0.18 
-6.64 -14.89 60.05 1.09 -1.73 0.15 
33.96 -18.39 81.37 -0.33 -0.34 0.73 
14.67 -12.49 48.43 -0.50 0.23 0.70 
-33.37 -22.42 34.25 1.49 -1.28 0.13 
3.57 -28.26 61.73 0.40 -0.66 0.33 
0.04 -52.33 40.77 0.29 -0.71 0.54 
19.29 -7.27 3.49 0.65 -0.06 0.95 
20.34 -16.08 -47.09 1.87 -0.50 0.12 
32.28 -5.27 -18.69 1.28 -0.05 0.11 
17.62 -23.11 -15.37 0.41 0.07 0.64 
-4.00 -1.29 -50.93 0.87 0.14 0.33 
2.20 -23.24 -20.51 1.41 -0.35 0.05 
-38.96 -41.64 24.80 1.14 -0.97 0.32 
17.13 10.41 48.98 0.84 -0.92 0.55 
32.62 3.79 10.81 -0.37 0.30 0.31 
-19.60 -23.49 -5.24 1.15 -1.15 0.51 
22.80 -13.81 23.13 0.05 -0.36 0.49 
9.06 -13.00 6.65 -0.52 0.37 1.09 
-10.87 -6.42 -32.81 0.63 -0.38 0.63 
11.13 -34.14 -10.84 0.66 -0.76 0.20 
14.73 -58.42 -1.75 0.34 -0.34 0.41 
18.70 -28.05 -27.90 1.37 -0.28 0.77 
-11.30 33.91 -61.78 1.13 -0.01 0.35 
-4.66 -33.80 -108.04 1.97 -1.11 -0.25 
-0.82 -37.42 -80.97 0.92 0.07 0.29 
14.28 0.54 -90.69 0.24 0.46 0.97 
-3.61 2.45 -138.87 1.56 0.06 0.45 
35.21 -18.35 -110.34 1.27 -0.29 0.10 
-6.76 -36.88 -79.86 1.37 -0.67 0.76 
17.21 -9.55 -53.04 1.16 -0.83 0.78 
45.92 32.91 -86.29 -0.01 0.20 0.29 
-5.55 -30.57 -127.03 1.30 -1.45 0.43 
19.36 -24.82 -101.32 -0.40 -0.47 0.61 
11.06 -5.11 -122.09 -0.41 0.30 0.99 
-11.01 -4.24 -150.51 1.01 -0.96 0.54 
6.25 -22.75 -120.98 0.22 -0.70 0.45 
4.84 -20.26 -120.35 -0.16 -0.04 1.25 
13.77 -9.97 -162.69 0.16 -0.93 -0.48 
22.00 -59.61 -175.74 0.85 -0.30 0.35 
-13.10 -5.87 -217.58 1.39 0.22 0.56 
-4.21 -22.17 -221.59 1.57 -0.74 0.34 
2.76 -19.81 -200.60 0.72 0.05 0.37 
-13.04 -17.45 -237.92 0.63 0.27 0.24 
-21.55 -22.24 -193.15 1.62 -0.68 -0.20 
18.89 -6.95 -154.09 1.44 -0.68 0.25 
24.95 31.08 -137.60 0.58 -0.11 0.47 
-3.28 -9.17 -192.90 0.14 -0.25 0.29 
11.41 -11.92 -173.66 0.30 -1.00 0.38 
24.26 -23.43 -174.97 -0.59 0.21 1.06 
4.92 -12.08 -216.81 0.10 -0.32 0.66 
-4.26 -21.40 -195.72 0.56 -1.02 0.34 
-12.08 -69.08 -197.39 0.35 -0.30 0.31 
15.46 -14.18 -238.94 1.12 -0.14 0.79 
-11.93 23.99 -271.35 1.17 -0.23 0.19 
2.14 -18.87 -239.89 1.42 -0.72 0.24 
16.36 -22.37 -232.29 0.63 -0.01 0.77 
-5.03 1.28 -257.16 0.65 -0.01 0.46 
-3.25 -18.84 -265.69 1.56 -0.84 -0.08 
6.10 -42.92 -234.60 1.10 -0.59 0.21 
24.86 -13.12 -206.46 0.83 -0.92 0.71 
37.12 13.86 -215.72 0.47 -0.72 0.19 
0.25 23.72 -254.28 -0.04 -0.03 0.20 
3.66 -11.89 -229.96 0.89 -1.15 0.51 
14.65 -11.80 -199.98 -0.87 0.26 1.07 
29.22 2.56 -244.08 -0.50 -0.07 0.52 
6.09 -19.65 -256.46 1.46 -0.94 1.04 
31.13 -41.59 -225.62 -0.15 -0.17 -0.01 
21.05 -43.97 -249.69 1.43 -0.34 1.17 
-19.58 24.65 -282.93 1.13 -0.74 0.37 
-16.44 -24.82 320.83 1.74 -0.66 -0.12 
11.68 -36.17 -309.16 1.07 0.05 0.53 
-11.98 -0.88 -316.13 0.09 0.32 0.64 
13.20 17.20 301.04 1.47 0.14 0.47 
71.10 -90.26 -296.65 1.57 -0.69 0.58 
68.21 43.32 -279.93 0.54 -0.22 -0.03 
12.37 9.65 -319.31 -0.14 -0.16 0.28 
3.41 -24.96 -291.16 0.70 -1.28 -0.02 
19.98 -46.09 -273.60 -0.11 0.11 1.19 
-0.33 15.96 -316.32 0.42 -0.19 0.92 
-9.60 -20.87 -325.66 1.28 -1.46 0.13 
1.52 -34.01 -309.94 0.18 -0.59 0.32 
10.52 -60.83 -321.81 0.47 -0.56 0.09 
10.27 -11.71 306.04 1.01 0.09 0.89 
15.61 33.06 275.06 1.40 -0.37 0.23 
-12.29 -14.47 304.49 1.35 -0.71 0.34 
8.17 -23.26 314.39 0.45 -0.05 0.71 
-6.09 5.99 274.25 0.79 0.19 0.37 
3.21 -25.78 285.65 1.09 -0.68 -0.04 
-1.90 -46.08 312.25 1.43 -0.18 0.23 
36.92 -7.41 -320.13 1.51 -0.91 0.13 
31.25 24.78 -319.10 0.24 -0.37 0.34 
28.56 12.85 296.71 -0.23 -0.10 0.28 
-16.99 -18.17 314.65 0.72 -1.39 0.36 
11.20 -56.79 -308.60 -0.02 -0.07 1.20 
7.84 7.26 311.83 -0.06 0.01 0.83 
-4.03 -2.83 283.18 1.46 -1.19 0.22 
7.22 -43.21 309.14 0.28 -0.36 0.06 
-15.51 -58.20 277.20 1.36 -0.80 0.86 
6.20 9.52 248.54 0.78 -0.15 0.62 
20.54 -26.88 179.83 1.98 -0.37 -0.18 
58.44 -6.21 203.17 1.59 0.06 -0.28 
16.92 -9.61 187.45 0.50 0.30 0.63 
-0.51 -11.01 145.55 1.90 0.24 0.12 
37.48 -31.75 176.95 1.68 -0.16 -0.18 
43.69 -35.99 233.36 1.77 -0.33 -0.10 
41.60 34.65 231.29 0.38 -0.05 0.27 
31.34 4.77 176.27 -0.07 -0.04 0.49 
-39.04 -3.85 205.34 1.64 -1.69 0.00 
32.77 -26.49 221.64 -0.93 0.13 0.85 
0.33 -17.13 167.63 0.02 0.25 0.75 
-22.72 -1.71 209.65 1.09 -1.70 -0.08 
-5.16 -58.20 221.99 -0.20 -0.25 0.57 
17.88 -29.80 208.33 1.07 -1.05 0.99 
-20.81 -5.70 153.32 0.86 0.05 0.41 
-38.95 -5.07 125.15 1.36 -1.40 -0.57 
77.01 -16.21 -53.05 1.99 -0.26 0.19 
36.95 -26.40 -15.23 1.41 -0.03 0.05 
4.80 -13.74 19.06 1.29 -0.72 0.87 
38.78 30.26 52.30 0.18 -0.53 0.14 
32.98 -12.55 3.99 -0.26 0.20 0.29 
1.79 -13.53 20.96 1.21 -1.52 0.05 
16.20 -22.77 -166.81 0.97 -0.33 0.13 
5.76 -31.44 -200.78 0.87 -0.42 0.20 
-82.51 -170.43 98.51 1.13 -0.84 0.70 
10.31 -20.78 135.32 0.48 -0.28 0.17 
-26.72 -60.36 121.53 0.35 0.02 0.92 
-1.41 7.63 69.57 0.98 -0.24 0.87 
-6.83 -16.61 46.40 1.76 -0.61 0.00 
-14.05 -39.90 55.73 0.94 -0.12 0.44 
17.84 -1.01 46.95 0.36 0.21 0.88 
22.59 -17.19 10.42 2.08 -0.64 0.08 
-38.11 -19.95 55.73 1.52 -0.55 0.83 
-1.92 -5.18 89.32 0.41 -1.17 0.16 
58.90 29.15 91.07 -0.60 0.07 0.18 
-16.97 -31.47 43.20 1.11 -0.85 0.85 
11.33 -6.47 76.00 -0.02 -0.39 0.42 
18.46 -29.77 75.06 -0.75 0.67 0.94 
-1.65 -2.01 39.52 0.01 0.01 0.77 
2.35 -22.93 70.01 0.57 -1.21 0.24 
-1.76 -26.34 115.31 0.10 -0.04 0.49 
-15.36 -40.13 82.85 0.58 -0.46 1.15 
-19.73 -20.68 27.84 1.10 -0.25 0.63 
20.03 -17.69 52.74 1.46 -0.52 0.30 
18.48 -24.19 60.12 0.59 0.06 0.67 
-2.91 -1.97 30.98 0.65 0.09 0.52 
0.21 -15.19 71.77 1.25 -0.61 0.46 
-1.85 -13.60 109.98 0.78 -1.10 0.75 
58.70 13.94 115.93 -0.26 0.00 0.22 
8.58 -12.31 96.00 -0.01 -0.01 0.63 
9.57 -17.32 115.30 0.27 -1.01 0.22 
27.38 -26.00 109.42 -0.53 0.51 1.21 
-26.12 -16.96 53.97 0.70 -0.67 0.66 
5.01 -8.98 91.36 0.20 -0.42 0.17 
-8.64 -52.51 85.25 -0.18 -0.16 0.96 
-5.61 -18.53 21.38 0.74 -0.24 0.86 
29.22 -16.96 1.83 1.57 -0.67 0.49 
1.62 -19.34 18.79 0.63 0.20 0.55 
4.31 -3.56 -3.19 0.38 0.16 0.64 
7.44 -7.85 -11.32 1.56 -0.77 0.63 
-25.43 -13.81 17.14 0.88 -0.44 0.85 
8.33 0.84 44.51 0.61 -0.93 0.67 
53.75 27.22 56.29 -0.11 -0.09 0.24 
2.83 -26.59 13.73 -0.03 -0.07 0.39 
4.81 -16.17 36.83 -0.42 -0.37 0.12 
45.65 -6.22 26.12 -0.61 0.43 1.28 
-16.57 -20.00 -19.06 0.61 -0.83 0.63 
-13.88 -59.93 -4.92 0.27 -0.85 -0.11 
6.32 -42.92 -9.03 0.46 -0.17 0.31 
2.89 -11.97 -38.40 1.04 -0.24 1.21 
26.74 3.64 -77.56 1.27 -0.21 0.32 
18.07 -16.82 -48.43 1.44 -0.64 0.21 
20.04 -16.86 -38.48 0.68 0.00 0.84 
-5.54 -4.91 -71.98 0.60 0.04 0.36 
29.58 -19.90 -30.90 1.46 -0.45 0.25 
-26.37 -21.89 5.51 0.52 -1.35 0.80 
40.56 5.88 30.17 0.29 -0.64 0.15 
42.59 8.07 9.33 -0.59 0.22 0.46 
-19.92 -18.61 4.55 1.12 -1.46 0.13 
30.47 -18.54 30.25 -0.35 -0.18 1.02 
13.49 -8.85 -9.05 -0.55 0.44 0.66 
10.55 -29.95 -18.48 1.22 -1.47 1.00 
-24.37 -31.51 9.89 -0.12 -0.16 0.13 
60.14 -15.67 -31.16 0.48 -0.29 1.83 
47.48 -1.32 -50.53 1.66 -0.95 0.03 
12.80 -19.07 -24.57 0.86 -0.04 0.50 
10.24 -12.02 -29.19 0.49 0.16 0.73 
-15.31 -13.62 -67.86 0.80 0.03 0.48 
-3.53 -10.89 -31.01 1.33 -1.05 0.31 
-5.92 -23.19 0.96 0.77 -1.23 0.54 
58.95 17.96 26.57 0.10 0.04 0.33 
28.35 -32.98 -21.25 -0.30 -0.07 0.50 
-30.06 -19.86 -43.32 1.12 -1.22 0.61 
1.74 -28.46 -24.59 0.08 -0.65 0.44 
59.56 -19.71 -14.10 -0.69 0.59 2.00 
10.01 -4.58 -65.13 0.09 -0.20 0.38 
22.95 -20.85 -43.04 0.47 -0.53 0.28 
-12.24 -54.67 -43.83 0.26 0.07 1.18 
-5.35 -2.53 -93.65 0.50 0.32 0.76 
-19.05 -32.30 -98.56 1.34 -1.29 0.55 
0.71 -25.78 -83.40 0.43 0.05 0.69 
-6.87 3.08 -115.66 0.34 0.37 0.60 
27.00 -10.41 8.94 0.69 -1.13 0.96 
59.51 20.22 -0.29 -0.44 0.27 0.21 
-32.57 -38.25 -32.07 1.35 -0.77 0.37 
27.76 -16.22 -8.75 -0.38 -0.38 0.57 
9.58 -14.79 -33.06 -0.37 0.29 1.05 
-5.71 -33.00 -81.64 1.55 -1.26 0.09 
3.86 -16.63 -44.53 0.30 -0.42 0.18 
-8.73 -46.13 -66.95 0.38 -0.22 1.06 
-2.34 -2.38 -118.88 0.81 0.27 0.86 
-11.19 -33.44 -141.39 1.43 -0.78 0.35 
10.57 -29.23 -122.57 0.74 0.03 0.51 
7.12 7.58 -135.46 0.44 0.37 0.95 
10.87 -19.02 -168.60 1.78 -0.60 0.32 
-20.28 -30.26 -138.24 1.07 -0.29 0.69 
142.11 -79.83 -257.00 -0.58 0.07 0.80 
-1.64 -25.57 -272.49 1.64 -1.33 0.18 
-15.39 -57.38 -282.43 0.14 -0.47 0.57 
42.95 -19.18 -302.39 0.55 0.08 1.52 
4.83 -9.88 302.59 1.42 -0.30 0.31 
29.57 -14.91 -322.21 1.45 -0.43 0.13 
25.74 -20.34 -321.28 0.60 0.03 0.87 
-6.25 -9.32 297.10 0.88 -0.01 0.23 
-0.51 -30.08 -324.70 1.34 -0.52 0.20 
-15.47 -8.36 -289.54 0.92 -0.64 0.90 
11.95 11.85 -262.09 0.40 -0.87 0.39 
15.55 -17.46 -273.54 -0.10 -0.33 0.30 
-31.22 -48.29 -325.77 1.37 -1.33 0.10 
34.79 -22.45 -313.03 -0.76 -0.10 1.02 
14.72 -3.04 306.02 -0.29 -0.01 0.61 
17.68 -21.37 -315.31 0.78 -0.60 0.51 
-15.06 -58.90 -312.87 -0.01 -0.19 0.94 
1.30 -11.52 306.18 0.88 -0.27 0.93 
-20.18 -16.47 306.42 1.62 -0.88 0.72 
7.64 -15.22 316.65 0.54 0.07 0.38 
0.68 2.56 291.23 0.61 0.18 0.58 
34.51 -1.64 306.53 1.70 -0.91 0.35 
-19.39 -10.58 -323.00 0.81 -0.69 0.85 
4.67 7.38 -299.40 0.65 -0.99 0.51 
62.12 10.60 317.59 -0.32 0.14 0.32 
4.10 -2.00 -307.76 0.48 -1.31 0.15 
27.98 -8.81 -324.21 -0.75 -0.15 0.84 
6.06 -6.64 -309.97 1.47 -1.83 0.59 
-21.97 -17.55 -283.94 -0.42 -0.03 0.21 
-8.52 -60.07 -319.09 0.27 -0.43 1.03 
-37.89 -1.03 281.53 0.81 -0.21 0.53 
-0.45 -24.62 283.32 1.50 -0.95 0.49 
10.85 -26.38 294.87 0.37 -0.14 0.99 
-21.84 -7.40 253.59 0.34 0.39 0.33 
-24.45 -12.79 262.79 0.94 -0.95 0.14 
12.19 -38.46 271.21 0.35 -0.33 0.64 
-25.73 -18.52 276.37 1.24 -1.78 0.88 
-223.45 -324.52 -315.42 -0.41 -0.01 0.47 
-19.85 -10.93 98.56 1.15 -0.23 0.42 
12.09 -49.61 138.60 1.41 -1.58 0.37 
29.92 -14.39 190.25 0.66 -0.66 0.57 
54.67 20.57 196.51 -0.37 -0.29 0.35 
27.05 -18.92 153.13 -0.52 0.17 0.24 
5.33 -3.42 177.56 0.85 -1.84 0.19 
40.82 -1.72 197.95 -0.65 0.16 0.88 
11.95 19.23 31.49 0.25 0.11 0.82 
16.31 -10.44 -6.90 1.37 -0.13 0.47 
47.67 -41.59 49.74 1.35 -0.15 0.25 
12.22 -9.34 89.02 0.64 -1.02 0.85 
57.74 11.01 92.32 0.07 -0.16 0.39 
10.80 6.87 66.03 -0.32 -0.06 0.04 
-32.69 1.12 90.98 1.00 -1.66 0.35 
49.99 -34.13 79.14 -1.07 0.21 0.89 
14.05 -8.63 44.69 0.15 -0.02 0.41 
22.66 -12.28 77.00 0.35 -0.55 0.32 
9.78 -68.62 47.52 0.43 -0.35 1.18 
-13.90 -9.68 -2.15 0.68 -0.24 0.68 
26.94 -16.55 42.56 1.37 -0.82 0.52 
2.05 -17.10 43.01 0.31 -0.17 0.79 
-4.23 -8.88 3.59 0.47 0.03 0.37 
-10.08 -17.33 38.62 1.18 -1.05 0.02 
4.02 -21.15 75.55 1.07 -1.02 0.91 
56.35 36.00 96.53 0.11 0.07 0.30 
18.02 -26.65 47.78 -0.14 0.16 0.20 
17.52 -7.06 78.43 0.77 -1.17 0.38 
31.73 -22.16 88.71 -0.75 0.40 1.04 
133.80 -67.18 -9.81 0.27 0.20 0.79 
-4.29 -10.47 -50.00 0.78 -0.13 0.35 
140.60 -47.95 65.38 0.33 -0.60 0.25 
23.43 -17.37 49.27 -0.86 0.36 1.13 
-32.43 -16.28 -0.56 0.59 -0.26 0.35 
22.27 -15.84 42.14 0.65 -0.30 0.05 
-16.14 -54.28 18.38 0.01 -0.26 0.96 
5.76 5.56 -31.63 0.69 -0.30 0.83 
20.49 -31.49 15.67 1.27 -1.23 0.31 
21.72 -10.80 42.22 0.45 -0.34 0.63 
-8.76 -11.83 -12.52 0.45 0.23 0.35 
42.60 -17.72 31.80 1.36 -1.01 0.36 
7.63 -1.03 73.39 0.64 -1.18 0.94 
58.28 10.47 57.75 -0.82 0.36 -0.22 
-2.76 -30.73 16.45 1.49 -1.01 0.67 
22.90 -17.35 33.70 -1.01 0.17 0.74 
13.67 -8.57 3.47 -0.40 0.13 0.63 
14.19 -12.80 29.61 0.67 -1.56 0.42 
3.37 -33.83 62.20 -0.20 0.00 0.32 
-11.15 -46.51 25.37 0.30 -0.79 1.16 
-26.45 0.74 -29.38 0.90 -0.70 0.64 
42.42 -27.94 1.50 1.44 -0.91 0.17 
22.16 -33.66 6.89 0.79 -0.48 0.99 
-7.93 10.09 -21.26 0.46 -0.02 0.32 
-32.18 -29.61 3.36 1.26 -1.50 0.05 
-9.10 -25.10 36.30 0.72 -1.12 0.90 
60.83 36.40 54.19 0.07 0.21 0.18 
-18.30 -41.94 -0.55 0.56 -0.14 0.71 
25.83 -19.62 22.40 0.31 -0.61 0.47 
35.24 2.08 5.44 -0.68 0.32 0.91 
3.07 -16.00 -31.53 0.88 -0.59 0.61 
-5.71 -18.89 8.57 -0.02 -0.34 0.33 
-1.14 -55.46 -15.14 0.25 -0.48 0.77 
10.93 -20.73 -69.88 0.46 0.11 1.03 
-26.73 -16.49 -87.24 1.70 -0.75 -0.04 
-0.79 -30.01 -69.29 0.75 -0.22 0.75 
0.21 -8.05 -116.96 0.64 0.11 0.08 
9.47 -21.95 -86.14 1.26 -0.59 0.10 
-7.00 -28.59 -71.48 1.08 -0.74 0.70 
17.65 -3.66 -47.53 0.99 -1.45 0.09 
39.75 13.99 -77.05 -0.08 -0.05 0.53 
-9.58 -22.18 -97.10 1.63 -1.50 0.21 
11.23 -16.01 -84.12 -0.73 -0.28 0.82 
14.21 -9.98 -113.02 -0.24 0.24 0.48 
25.09 -3.62 -83.02 0.62 -0.83 0.74 
-5.05 -43.19 -59.13 0.07 -0.04 0.57 
0.70 -29.21 -80.54 0.52 -0.53 1.15 
5.35 11.10 -123.97 0.90 -0.17 0.56 
-16.11 -20.16 -132.02 1.42 -1.22 0.51 
10.22 -28.04 -122.16 0.45 -0.11 0.61 
24.49 -2.27 -138.71 0.25 0.35 0.45 
-29.76 -5.75 -146.39 0.81 -1.30 0.14 
-10.92 -32.28 -125.53 0.77 -0.65 0.48 
9.80 -5.78 -96.92 0.85 -1.11 0.70 
59.47 37.52 -78.88 -0.08 0.10 0.25 
-22.60 -58.41 -133.62 1.38 -0.47 0.61 
10.42 -7.83 -110.94 -0.25 -0.30 0.54 
21.69 1.86 -127.33 -0.68 0.28 0.84 
-33.17 -43.31 -151.75 1.61 -1.25 0.18 
-13.55 -29.95 -128.02 0.10 -0.17 0.18 
25.80 -53.51 -171.21 0.75 -0.64 1.45 
-19.25 15.96 -215.95 0.84 -0.22 0.34 
26.10 -30.10 -179.60 1.25 -0.83 0.21 
23.86 -25.40 -180.48 0.42 -0.12 1.29 
9.27 10.26 -209.67 0.78 -0.06 0.48 
16.05 -41.54 -185.79 1.16 -0.68 -0.12 
-21.27 -17.92 -144.35 1.10 -1.14 0.94 
54.69 17.38 -105.64 0.45 -0.34 0.44 
-25.52 -34.05 -167.53 -0.05 -0.30 0.03 
-179.12 -168.26 -319.93 1.64 -0.98 0.43 
16.97 -14.95 -295.63 1.08 0.14 0.36 
23.94 6.53 -303.74 0.15 0.54 1.08 
30.52 -19.43 302.97 1.73 -0.48 0.25 
-3.20 -47.35 -314.22 1.13 -0.44 0.59 
6.23 3.04 -276.37 0.82 -0.95 1.01 
58.82 31.51 -273.68 -0.31 0.06 0.01 
-28.52 -22.04 -306.05 0.57 -0.71 0.31 
24.43 -5.94 -276.94 -0.41 -0.39 0.64 
13.90 -15.84 -316.38 -0.78 0.43 0.47 
44.33 -148.65 -195.63 0.79 -0.05 0.45 
0.08 -3.83 -194.44 0.74 -0.14 0.54 
4.22 4.69 -210.96 0.32 0.34 0.95 
-2.42 -1.68 -230.36 0.97 -0.06 0.31 
5.97 -20.61 -217.23 1.17 -0.27 0.22 
-44.30 -46.07 -268.09 0.99 -0.74 0.43 
23.43 -73.06 324.99 -0.44 0.03 0.30 
-51.35 -103.34 280.38 0.37 -0.70 1.26 
-51.35 -103.34 280.38 0.37 -0.70 1.26 
8.89 0.17 209.23 1.52 -0.69 0.36 
25.20 -35.64 235.64 0.95 -0.20 0.25 
11.01 20.39 199.74 0.49 0.02 0.59 
63.90 -33.60 180.17 -0.63 0.30 1.27 
136.79 -178.40 -264.37 1.26 -1.06 0.21 
18.47 -20.50 -257.10 0.45 -0.24 0.83 
-24.28 -2.20 -300.45 0.63 0.28 0.56 
30.03 -14.56 -300.79 1.23 -0.82 -0.04 
-0.62 -36.48 -287.83 0.93 -0.42 0.42 
10.59 -14.79 -250.35 0.62 -1.18 0.82 
57.42 26.60 -235.57 0.36 -0.28 0.31 
28.77 -2.50 -275.18 -0.23 -0.03 0.31 
11.47 -12.53 -264.20 0.73 -1.00 0.43 
13.23 -14.39 -262.24 -0.95 0.51 1.02 
8.71 -8.43 -296.57 -0.12 0.14 0.49 
23.04 -6.02 -255.27 0.62 -0.95 0.29 
-11.27 -48.93 -244.79 0.04 -0.31 0.74 
