-5.98 4.22 -173.78 -0.47 0.24 0.88 
-212.10 157.83 280.86 -0.92 -0.08 -1.23 
-13.78 -43.88 269.36 -0.65 -0.02 -0.63 
27.68 -47.58 248.69 0.55 -0.07 0.52 
-13.08 -15.26 243.76 0.61 -0.04 1.36 
-6.77 4.01 250.37 0.53 -0.12 0.84 
-9.44 0.63 252.73 0.57 -0.08 1.34 
10.51 7.02 294.03 0.56 -0.40 0.68 
0.85 1.34 309.90 0.23 1.10 0.88 
-8.73 -5.96 283.29 0.39 0.60 0.79 
-31.30 -5.98 237.76 0.86 0.08 0.84 
-33.09 -7.73 217.24 0.76 -0.58 0.83 
-14.54 28.15 232.70 0.75 -0.32 1.36 
-10.15 46.59 260.47 0.14 -0.29 0.49 
18.60 62.47 259.00 -0.82 0.15 -0.71 
-12.18 -12.57 258.89 -0.90 0.07 -0.92 
-9.38 -43.57 244.01 -0.52 -0.04 -0.23 
-30.27 -59.53 235.05 0.63 -0.03 1.05 
3.28 13.30 254.45 0.77 -0.55 1.03 
9.59 7.46 298.69 0.64 -0.22 0.67 
14.93 6.32 -327.01 0.32 0.76 0.84 
-22.91 -6.23 315.78 0.28 0.56 0.91 
-46.84 5.49 309.79 0.68 -0.41 1.15 
-8.62 59.88 327.17 0.35 -0.16 1.04 
0.38 52.22 -306.91 -0.16 0.09 -0.02 
4.01 34.13 -310.96 -0.70 0.30 -1.08 
-15.41 -51.01 -326.96 -0.60 0.14 -0.80 
-25.76 -48.68 298.91 0.37 0.06 0.08 
20.04 -35.27 282.87 0.65 -0.30 1.48 
28.91 12.77 318.78 0.77 -0.50 0.93 
26.98 1.27 -288.56 0.72 0.18 0.57 
-16.90 -5.27 -286.13 0.45 1.00 0.94 
-10.55 -14.18 319.92 0.48 0.67 0.75 
-27.41 -12.76 267.63 0.72 0.14 0.72 
-6.22 3.50 270.37 0.59 -0.43 1.33 
-24.94 60.66 301.24 0.29 -0.41 0.60 
13.87 51.18 319.42 -0.37 0.07 -0.71 
-29.20 -3.96 311.10 -0.74 0.09 -1.51 
-12.59 -44.20 296.79 -0.46 0.08 -0.47 
-1.53 -59.36 286.78 0.51 0.12 1.02 
-9.47 -14.86 281.45 0.82 0.09 1.40 
0.65 16.34 302.46 0.72 -0.42 0.98 
24.97 6.61 -293.11 0.63 0.32 0.59 
-19.94 -5.82 -321.14 0.49 0.70 0.79 
-27.61 -12.13 289.74 0.62 0.29 0.77 
-44.94 -4.92 259.60 0.78 -0.11 0.62 
0.70 3.45 258.68 0.80 -0.38 1.25 
-14.76 38.01 275.53 0.51 -0.16 1.14 
4.52 63.73 285.86 -0.32 -0.06 0.21 
-1.89 26.24 285.20 -0.83 0.12 -0.59 
-8.91 -10.95 283.31 -0.85 0.15 -0.77 
-8.21 -41.92 271.55 -0.63 0.00 -0.22 
-8.56 -46.75 266.27 0.33 -0.02 0.92 
2.13 -26.10 269.38 0.71 0.32 1.22 
-15.73 8.32 273.50 0.61 0.00 1.14 
7.60 12.20 303.06 0.69 -0.37 0.73 
24.77 5.18 -318.08 0.46 0.50 0.67 
-10.36 -1.32 -322.75 0.50 0.57 0.94 
-40.03 -7.99 281.78 0.66 0.36 0.80 
-23.63 -2.88 243.58 0.69 -0.30 0.77 
-1.38 -0.83 238.63 0.51 -0.37 1.07 
-11.80 27.62 245.53 0.57 -0.11 1.34 
-8.45 49.10 256.83 0.19 -0.20 0.64 
-2.44 52.75 262.27 -0.78 0.04 -0.33 
-2.85 21.24 259.72 -0.98 -0.01 -0.97 
-17.20 -23.01 255.72 -0.82 0.00 -0.69 
-12.34 -43.22 240.68 -0.36 -0.08 0.05 
2.54 -43.22 228.37 0.28 0.02 1.21 
-10.91 -9.79 222.07 0.62 -0.04 1.37 
10.85 0.60 288.43 0.43 0.64 0.86 
-8.55 0.43 282.11 0.42 0.45 1.01 
-27.04 -7.49 241.68 0.49 0.62 0.77 
-19.93 -5.01 204.30 0.67 -0.06 0.79 
-11.42 -4.37 190.72 0.68 -0.27 0.97 
-11.09 14.54 196.81 0.78 -0.08 1.47 
-18.38 42.40 210.53 0.34 -0.31 0.89 
-10.31 52.27 229.00 -0.32 -0.07 0.27 
-5.28 41.68 224.95 -0.91 0.12 -1.09 
-10.36 -30.00 217.29 -0.78 0.00 -0.66 
-4.52 -42.69 209.61 -0.55 -0.04 0.13 
3.45 -38.17 199.56 0.22 -0.08 1.04 
-4.85 -10.91 193.70 0.55 -0.02 1.37 
-2.13 6.76 209.70 0.58 -0.37 1.02 
9.74 3.63 255.77 0.50 0.05 0.70 
20.78 5.38 273.53 0.49 0.84 0.87 
-7.44 -9.97 235.31 0.35 0.60 0.71 
-26.07 -3.17 190.87 0.83 -0.14 0.79 
-20.00 -8.67 166.39 0.62 -0.06 0.86 
-9.29 5.56 167.86 0.70 -0.15 1.14 
-19.47 44.70 181.94 0.39 -0.15 1.07 
-4.36 50.57 193.32 -0.25 -0.12 0.45 
12.67 47.19 191.61 -0.84 0.16 -0.40 
-3.55 9.42 185.62 -1.02 0.02 -1.16 
-8.19 -19.08 181.83 -0.82 0.03 -0.64 
9.59 -42.40 179.90 -0.54 -0.02 0.06 
-174.97 2.47 -50.62 0.70 -0.13 0.85 
-16.24 -2.30 -64.55 0.48 -0.16 0.89 
-5.31 12.59 -59.85 0.69 -0.22 1.40 
-19.10 34.26 -44.68 0.25 -0.38 1.01 
1.97 48.26 -25.17 -0.33 -0.22 0.28 
-0.67 39.27 -14.60 -0.92 0.09 -0.36 
-11.25 -0.86 -15.60 -0.94 0.24 -1.07 
-10.75 -49.15 -34.82 -0.64 0.06 -0.10 
-11.95 -43.84 -50.78 0.08 -0.22 0.83 
3.66 -27.65 -61.83 0.77 -0.19 1.44 
-0.93 4.76 -54.26 0.67 -0.56 1.03 
4.94 2.10 -19.07 0.64 -0.38 0.70 
10.59 -5.86 17.55 0.56 0.24 0.89 
-5.98 4.74 -0.92 0.41 0.48 1.00 
-30.24 4.09 -39.69 0.49 0.16 0.88 
-15.24 -3.49 -75.04 0.50 -0.24 0.79 
-4.79 -0.57 -81.48 0.73 -0.49 1.09 
-24.15 48.82 -63.76 0.60 -0.20 1.19 
-10.41 48.20 -42.06 -0.13 -0.28 0.46 
13.96 40.04 -36.20 -1.10 0.16 -0.84 
-8.35 -1.50 -41.81 -0.98 0.12 -0.71 
-5.03 -35.38 -52.91 -0.74 0.06 -0.34 
-6.25 -47.89 -66.83 0.41 -0.04 0.36 
-8.79 -19.54 -76.96 0.68 0.02 1.51 
10.22 10.14 -54.38 0.64 -0.32 0.97 
13.66 0.71 -6.60 0.63 -0.08 0.67 
34.40 6.23 17.17 0.48 0.80 0.64 
-77.14 -45.27 -99.90 0.58 0.54 0.64 
-39.71 -14.49 -131.26 0.76 -0.18 0.81 
-6.87 3.82 -131.17 0.78 -0.30 1.28 
-25.23 40.66 -114.58 0.56 -0.22 1.15 
4.94 50.49 -99.63 -0.10 -0.04 0.36 
9.47 45.58 -92.98 -0.94 0.00 -0.65 
-14.12 -2.98 -98.99 -0.80 0.12 -0.83 
-8.97 -29.14 -106.83 -0.83 0.01 -0.54 
10.28 -43.74 -115.03 -0.31 0.01 0.21 
-4.42 -34.32 -126.22 0.60 -0.08 1.33 
-5.80 -0.32 -125.70 0.61 -0.29 1.27 
0.28 10.69 -102.89 0.53 -0.49 0.92 
26.18 6.64 -54.87 0.65 0.09 0.68 
17.94 7.01 -28.66 0.46 0.80 0.72 
-26.28 -3.21 -44.63 0.45 0.59 0.82 
-35.97 -19.49 -82.46 0.55 0.56 0.70 
-20.47 -1.78 -121.41 0.74 -0.49 0.77 
-13.65 -2.89 -134.92 0.70 -0.38 0.92 
-15.44 29.25 -120.29 0.90 -0.24 1.42 
-4.08 47.36 -104.13 0.09 -0.30 0.61 
13.92 53.07 -93.35 -0.51 0.00 -0.14 
-1.32 22.81 -92.35 -0.94 0.21 -0.92 
-14.28 -19.32 -98.41 -0.83 0.02 -0.67 
-10.61 -42.57 -111.34 -0.64 0.02 0.05 
3.98 -39.88 -127.50 0.03 -0.17 0.77 
-0.76 -14.79 -133.44 0.80 0.14 1.46 
-76.30 -30.60 -189.20 0.71 -0.32 1.04 
-10.28 17.23 -184.59 0.67 0.02 1.40 
-13.74 44.43 -170.30 0.14 -0.27 0.86 
2.64 53.13 -164.08 -0.50 0.04 0.17 
-5.52 21.47 -161.02 -0.80 0.06 -0.48 
-5.61 4.98 -161.76 -0.91 0.16 -0.56 
-14.20 -31.71 -173.28 -0.86 0.06 -0.51 
2.33 -44.65 -177.47 -0.32 0.04 0.39 
-3.01 -27.30 -182.67 0.07 0.00 1.15 
-10.92 -7.92 -187.17 0.36 0.01 1.32 
-0.68 7.80 -168.84 0.40 -0.35 1.01 
26.60 -0.73 -110.17 0.50 0.21 0.74 
-7.36 0.38 -100.10 0.37 0.33 1.01 
-3.09 1.43 -113.54 0.28 0.39 0.94 
-35.23 -15.06 -160.17 0.49 0.45 0.85 
-23.54 -0.71 -195.53 0.61 -0.13 0.83 
-12.25 -2.80 -209.26 0.62 -0.38 1.00 
-11.14 21.77 -204.41 0.67 -0.08 1.46 
-16.59 43.83 -192.96 0.20 -0.26 0.88 
-1.92 53.28 -190.04 -0.59 0.09 0.04 
-8.96 8.12 -190.65 -0.93 0.04 -0.49 
-9.66 -12.05 -194.12 -0.88 0.03 -0.48 
-1.65 -56.01 -204.15 -0.41 0.04 0.26 
-0.62 -26.80 -207.42 0.21 -0.03 1.20 
-5.52 -12.73 -210.66 0.38 0.09 1.18 
-13.36 5.23 -206.39 0.54 -0.16 1.19 
1.54 4.12 -170.65 0.48 -0.19 0.81 
9.13 -2.85 -132.93 0.56 0.35 0.86 
-1.16 -1.28 -133.39 0.45 0.35 1.01 
0.94 -2.37 -167.75 0.43 0.52 0.80 
-29.16 -3.50 -201.80 0.53 -0.15 0.80 
-15.52 -2.62 -223.52 0.52 -0.14 0.92 
-13.26 1.64 -227.87 0.68 -0.24 1.15 
-13.09 50.43 -212.31 0.33 -0.22 1.09 
-2.66 51.83 -204.34 -0.29 -0.16 0.34 
4.02 28.58 -200.88 -0.81 0.03 -0.28 
-6.92 7.80 -202.64 -0.97 0.07 -0.64 
-14.38 -19.68 -208.16 -0.88 0.04 -0.53 
0.21 -43.63 -217.49 -0.50 -0.12 0.28 
-3.24 -41.52 -223.12 0.18 -0.04 0.97 
-0.37 -13.08 -224.14 0.65 0.19 1.40 
-6.25 8.69 -211.50 0.63 -0.32 1.08 
4.04 4.23 -171.97 0.47 -0.05 0.74 
7.41 1.89 -141.01 0.39 0.54 0.83 
-2.67 -0.43 -150.46 0.37 0.64 1.04 
-18.31 -8.18 -195.46 0.42 0.47 0.76 
-11.22 32.38 -185.23 0.72 -0.14 1.38 
-11.84 40.17 -175.87 0.35 -0.19 0.98 
-0.78 50.56 -170.60 -0.30 0.00 0.39 
-2.08 24.96 -175.27 -0.87 -0.04 -0.43 
-15.00 -4.11 -178.22 -0.97 -0.04 -0.63 
-15.80 -34.60 -184.06 -0.78 -0.04 -0.24 
3.06 -46.95 -192.16 0.17 -0.06 0.37 
-1.04 -21.16 -199.50 0.47 0.09 1.39 
-0.66 6.80 -189.89 0.52 -0.36 1.08 
14.73 -0.22 -136.41 0.50 -0.01 0.80 
8.19 -1.43 -116.28 0.55 0.27 1.01 
-5.29 1.83 -132.77 0.29 0.83 0.86 
-14.01 -3.67 -177.35 0.50 0.42 0.83 
-27.45 -11.73 -208.86 0.58 -0.11 0.81 
-10.26 2.12 -213.83 0.74 -0.27 1.28 
-48.55 -167.52 -224.21 -0.85 -0.01 -0.31 
4.61 -46.30 -230.75 0.97 -0.66 3.67 
13.41 -30.79 -236.25 0.54 0.04 1.28 
-15.77 -1.55 -235.77 0.58 0.04 1.26 
-6.09 9.02 -212.38 0.63 -0.33 0.95 
22.48 0.69 -166.59 0.45 0.39 0.81 
-2.27 1.49 -174.72 0.38 0.35 0.96 
-16.63 -5.20 -213.24 0.47 0.59 0.85 
-33.97 -18.76 -252.62 0.57 -0.18 0.92 
-11.14 17.71 -248.45 0.76 -0.29 1.46 
-6.23 44.84 -233.41 0.22 -0.32 0.89 
5.32 52.77 -227.76 -0.42 0.18 0.14 
2.03 30.77 -227.90 -0.80 0.04 -0.49 
-13.00 -2.33 -230.26 -0.86 0.09 -0.90 
-22.24 -119.21 -251.13 0.08 -0.13 1.20 
-4.18 -17.86 -256.91 0.45 0.14 1.43 
17.40 8.16 -237.82 0.58 -0.44 0.93 
3.98 -2.21 -200.19 0.52 -0.08 0.72 
42.40 9.23 -177.61 0.40 0.75 0.76 
-14.38 -0.41 -197.74 0.43 0.55 0.84 
-22.30 -9.80 -245.69 0.57 0.42 0.84 
-37.74 -8.70 -275.20 0.66 -0.18 0.77 
-8.95 -0.28 -277.42 0.52 -0.29 1.18 
-11.25 30.35 -267.69 0.52 -0.20 1.32 
-3.97 61.58 -255.48 -0.33 -0.05 0.32 
2.24 35.61 -254.58 -0.83 0.03 -0.25 
-5.05 10.01 -257.65 -1.01 0.09 -0.88 
-25.36 -59.78 -267.82 -0.70 0.07 -0.21 
-3.86 -46.39 -279.98 0.08 -0.15 0.44 
-14.48 -18.13 -288.69 0.48 0.19 1.42 
-4.14 7.13 -278.26 0.42 -0.37 1.04 
-5.44 -10.00 -268.94 0.37 0.55 1.01 
-12.32 -0.54 -293.41 0.29 0.64 0.79 
-13.90 -2.28 308.14 0.60 0.18 0.89 
-16.46 -6.99 292.39 0.57 -0.37 0.98 
-16.16 22.67 298.62 0.54 -0.09 1.47 
-10.47 54.98 308.71 -0.16 0.00 0.51 
-4.20 46.92 314.45 -0.69 0.05 -0.01 
3.27 16.96 314.04 -1.03 0.10 -0.68 
-17.34 -9.40 309.43 -0.91 0.05 -0.49 
-8.42 -34.46 302.67 -0.73 0.01 0.06 
-0.03 -46.49 292.68 0.09 0.23 0.70 
-4.83 -26.98 282.46 0.68 0.08 1.43 
-8.92 7.24 284.75 0.48 -0.15 1.16 
7.68 7.93 313.73 0.42 -0.41 0.77 
9.92 1.00 -299.64 0.45 0.25 0.77 
9.58 0.98 -289.09 0.51 0.91 0.91 
-8.88 1.74 -316.59 0.42 0.48 0.69 
-54.81 -6.03 293.30 0.85 -0.18 0.83 
-20.80 -1.64 268.97 0.53 -0.24 0.81 
-11.78 9.36 270.21 0.89 -0.49 1.35 
-15.64 36.68 288.79 0.37 -0.34 1.08 
1.54 43.10 295.89 -0.47 0.04 0.36 
2.13 37.44 292.34 -0.82 0.12 -0.40 
-11.13 -5.60 289.98 -1.04 0.08 -0.72 
-3.63 -68.88 272.16 -0.44 -0.03 0.29 
-0.20 1.64 271.31 -0.38 0.00 0.33 
6.16 -36.44 259.12 0.33 -0.02 1.04 
-1.18 -10.53 256.46 0.63 0.27 1.45 
18.25 136.06 276.57 -0.60 0.04 0.18 
-53.91 -90.75 254.04 0.66 -0.17 1.42 
-8.79 5.90 261.76 0.56 -0.45 0.94 
4.85 -0.19 304.69 0.52 -0.20 0.76 
-7.88 -2.80 326.74 0.39 0.45 0.99 
-11.27 1.02 299.24 0.44 0.65 0.92 
-18.84 -12.04 254.47 0.49 0.17 0.82 
-34.16 -11.93 235.07 0.44 -0.15 0.94 
13.08 133.00 266.48 -0.24 -0.12 0.42 
10.53 37.38 268.59 -0.99 0.02 -0.38 
-11.82 -7.22 264.48 -0.94 0.12 -0.73 
-4.80 -37.37 254.24 -0.62 -0.02 -0.10 
-2.47 -41.13 247.23 0.03 -0.18 1.24 
-0.11 -18.42 239.49 0.49 -0.03 1.29 
-11.97 5.34 242.91 0.52 -0.25 1.26 
5.12 6.53 275.10 0.40 -0.17 0.79 
14.37 -6.13 309.96 0.47 0.22 0.86 
6.85 -4.66 313.21 0.41 0.46 1.04 
-8.56 1.06 271.53 0.49 0.49 0.79 
-25.14 -3.25 232.70 0.74 -0.19 0.81 
-15.02 -5.66 218.24 0.66 -0.30 0.90 
-3.31 33.43 224.82 0.79 -0.04 1.47 
-3.09 49.56 235.55 -0.11 -0.09 0.59 
7.75 53.32 242.62 -0.46 -0.02 -0.01 
-3.23 24.59 238.72 -0.93 0.18 -0.83 
-14.15 -18.35 231.36 -0.85 0.07 -0.67 
-10.51 -42.35 218.55 -0.56 -0.05 0.01 
2.70 -39.56 208.67 0.03 -0.05 1.18 
-4.49 -9.97 203.41 0.49 0.03 1.46 
4.33 5.27 228.26 0.42 -0.35 0.90 
29.65 6.60 277.40 0.46 0.48 0.75 
-9.86 -0.45 284.32 0.44 0.44 0.95 
-8.89 0.61 256.42 0.37 0.58 0.78 
-21.32 -14.85 206.51 0.48 0.23 0.74 
-20.25 -3.06 192.79 0.67 -0.41 1.03 
-11.06 25.38 199.04 0.60 -0.09 1.44 
-11.79 49.12 219.63 0.03 -0.22 0.72 
3.28 52.77 222.99 -0.55 0.19 -0.12 
-9.19 13.71 217.20 -0.91 0.04 -0.78 
-12.92 -32.80 215.92 -0.71 0.11 -0.45 
11.03 -44.12 211.29 -0.27 0.05 0.32 
-27.32 -37.79 205.59 0.37 0.16 1.20 
-14.18 -6.09 201.17 0.39 -0.07 1.31 
-7.30 5.87 212.50 0.50 -0.41 1.04 
2.23 0.61 251.98 0.47 -0.27 0.80 
5.83 -3.57 289.59 0.50 0.59 0.88 
