0.00 0.00 0.00 0.00 0.00 0.00 
31.60 2.69 -274.27 -0.62 -0.43 -0.57 
22.12 2.33 -260.91 -0.60 -0.46 -0.76 
63.39 2.04 -250.33 -0.61 -0.54 -0.72 
33.60 3.23 -237.46 -0.63 -0.26 0.17 
167.60 2.95 -227.93 -0.92 -0.99 -0.20 
160.14 2.63 -227.03 -0.95 0.77 0.32 
203.60 2.71 -214.13 -0.47 0.12 0.49 
79.29 1.67 -201.59 -0.29 0.18 0.95 
40.74 2.36 -188.85 -0.51 0.39 0.72 
-217.07 0.76 -214.10 0.27 0.17 0.74 
-202.81 1.69 -198.26 -0.76 -0.75 -0.98 
145.79 3.87 -171.11 -1.28 -0.12 0.38 
0.76 4.37 -159.43 -0.85 0.02 -0.10 
58.55 4.04 -149.98 -0.86 -0.17 -0.18 
283.18 3.10 -120.20 -1.20 -0.38 -0.90 
283.18 2.85 -101.66 -1.01 0.46 0.51 
88.30 2.00 -83.40 -0.19 -0.43 0.50 
42.65 2.62 -69.60 -0.59 0.38 0.71 
-217.07 0.61 -73.53 0.10 0.31 0.65 
-13.49 3.00 -25.80 -0.77 -0.36 -0.31 
-2.87 3.24 -15.62 -1.10 -0.67 -0.55 
30.63 3.26 -3.25 -0.94 -0.54 -0.39 
108.80 3.55 3.13 -0.88 -0.42 -0.18 
283.18 3.90 23.42 -1.74 -0.03 -0.59 
157.02 0.52 28.05 0.02 0.40 0.72 
157.42 2.66 51.21 -0.73 0.97 0.26 
39.77 2.24 63.13 -0.48 0.33 0.77 
-217.07 1.47 59.00 -0.08 0.58 0.92 
-168.15 1.56 96.62 -0.56 -1.12 -0.65 
225.70 1.80 104.00 -0.72 0.84 1.87 
54.76 3.97 116.05 -0.76 -0.23 0.08 
48.67 4.09 126.68 -0.91 -0.24 -0.06 
283.18 3.22 141.29 -1.77 -0.22 -1.55 
69.69 0.22 147.95 0.28 -0.23 0.99 
80.42 1.96 169.37 -0.25 -0.03 0.69 
56.66 2.33 183.17 -0.55 0.30 0.78 
13.85 2.31 195.13 -0.52 0.19 0.84 
-217.07 0.70 201.85 0.14 -1.27 -0.26 
-217.07 3.19 241.47 -1.15 0.55 0.19 
96.92 3.53 256.05 -1.04 0.43 -0.22 
23.76 4.11 265.77 -0.85 -0.18 -0.13 
35.96 4.08 275.26 -0.92 -0.12 -0.21 
134.34 3.14 285.60 -0.68 -0.66 -0.06 
268.72 2.32 292.73 -1.05 1.30 0.14 
244.67 1.36 312.89 -0.31 0.42 0.81 
283.18 2.16 -113.01 -0.90 0.89 0.14 
176.20 0.72 -103.00 0.02 0.79 1.61 
51.37 2.74 -90.48 -0.62 0.16 0.67 
-80.32 1.90 -80.06 -0.43 0.64 1.16 
-217.07 1.61 -92.09 -0.43 -1.01 -0.65 
-128.46 3.04 -66.24 -0.74 -0.33 -0.32 
154.29 2.85 -46.97 -0.91 0.08 -0.88 
44.40 3.68 -37.26 -0.84 -0.13 -0.38 
283.18 2.92 3.09 -0.91 -0.41 -0.91 
281.64 2.94 18.49 -0.43 0.15 0.38 
-217.07 1.22 -4.33 -0.12 0.39 1.31 
47.12 2.72 9.57 -0.67 0.16 0.73 
-217.07 1.98 9.70 -0.41 0.32 1.07 
-217.07 0.68 12.72 0.02 -1.47 -1.19 
-11.38 3.66 34.35 -1.22 -0.03 0.32 
45.53 3.18 41.86 -0.93 -0.27 -0.61 
106.31 4.01 43.80 -0.93 -0.30 -0.05 
283.18 2.86 78.75 -0.81 -0.10 -0.91 
191.72 1.99 98.80 -0.33 0.09 0.68 
7.01 2.45 105.47 -0.37 -0.14 0.61 
-8.23 2.50 116.15 -0.59 0.08 0.80 
-217.07 2.27 95.66 -0.23 -0.42 0.33 
-183.36 1.41 128.28 -0.37 -0.75 -0.66 
40.43 2.56 136.53 -0.82 0.55 1.17 
27.31 3.98 147.73 -0.83 -0.24 0.01 
73.40 3.51 155.82 -0.88 -0.45 -0.25 
283.18 3.39 184.73 -1.56 -0.37 -0.94 
219.00 2.47 200.75 -0.57 0.35 0.52 
-3.69 1.95 213.54 -0.21 -0.06 0.83 
35.53 2.44 227.54 -0.57 0.45 0.78 
-217.07 2.67 209.25 -0.67 0.37 0.96 
-217.07 2.13 239.63 -0.51 -0.80 -0.42 
158.31 2.29 250.12 -1.41 2.92 1.14 
37.15 3.99 256.48 -0.77 0.04 -0.23 
93.59 3.67 262.98 -0.87 -0.25 -0.35 
283.18 3.43 294.84 -0.83 -0.11 -0.46 
283.18 0.92 -321.05 -0.09 1.09 1.20 
28.63 3.33 -308.95 -0.80 0.37 0.38 
10.60 2.35 -295.20 -0.55 0.50 0.71 
-217.07 -0.44 -327.60 0.36 -0.41 -0.25 
-167.54 1.58 -290.85 -0.52 -0.34 -0.96 
-21.58 2.26 -289.98 -0.91 -1.48 -1.00 
0.78 3.94 -281.60 -0.89 -0.26 -0.19 
283.18 3.59 -273.28 -1.04 -0.61 0.01 
90.04 2.67 -272.91 -0.63 -0.07 0.39 
-217.07 1.72 -304.72 -0.72 1.14 1.18 
17.05 2.05 -293.71 -0.49 0.57 0.78 
4.30 2.24 -282.29 -0.50 0.49 0.79 
-217.07 3.03 -300.10 -0.25 -0.25 0.14 
-171.92 2.97 -271.02 -0.67 -0.27 -0.47 
-32.18 2.03 -277.59 -0.71 -1.53 -1.18 
14.29 2.89 -271.26 -0.71 -0.44 -0.55 
195.31 3.68 -266.98 -0.99 -0.37 -0.30 
283.18 2.77 -231.52 -0.70 0.45 -0.33 
250.52 0.84 -211.43 -0.06 0.27 0.88 
10.69 2.33 -195.85 -0.67 0.86 0.40 
42.90 2.47 -183.33 -0.57 0.48 0.61 
-217.07 1.62 -188.79 -0.12 0.54 0.89 
-217.07 1.45 -200.45 -0.20 -1.24 -0.58 
-53.04 3.93 -175.94 -0.96 0.19 -0.19 
83.92 2.26 -159.65 -0.62 -0.62 -0.83 
62.60 2.90 -150.59 -0.73 -0.42 -0.61 
233.02 3.15 -134.09 -0.85 -0.59 -0.36 
223.60 2.86 -114.73 -0.99 0.48 0.17 
276.91 0.53 -92.17 -0.01 0.41 0.87 
10.18 2.57 -79.81 -0.57 0.49 0.53 
8.57 2.55 -67.70 -0.65 0.49 0.70 
-217.07 1.23 -73.99 -0.01 -0.74 0.38 
-217.07 2.27 -43.42 -0.54 -0.68 -0.48 
72.24 4.13 -17.15 -1.39 0.23 -0.01 
61.21 3.14 1.26 -0.75 -0.13 -0.53 
56.15 3.28 14.87 -0.79 -0.23 -0.49 
48.11 3.30 27.00 -0.81 -0.25 -0.49 
283.18 3.19 57.53 -1.17 -0.46 -0.79 
271.71 3.58 80.19 -0.81 -0.13 0.37 
283.18 0.91 108.80 -0.16 0.46 1.14 
-21.27 1.99 116.22 -0.35 0.37 0.70 
-33.59 2.56 128.43 -0.56 0.52 0.73 
-217.07 2.13 112.45 -0.39 -1.08 0.16 
-217.07 2.49 130.41 -0.69 -0.67 -0.50 
93.64 3.43 164.17 -1.19 0.29 0.55 
36.40 4.16 174.87 -0.89 0.09 -0.17 
71.14 3.80 183.82 -0.88 -0.17 -0.31 
283.18 2.60 229.06 -0.95 0.28 -1.01 
283.18 2.04 257.15 -0.34 0.09 0.61 
-28.64 1.42 259.53 -0.12 -0.36 0.60 
33.83 2.48 270.03 -0.60 0.51 0.65 
-217.07 2.26 263.82 -0.34 0.13 0.84 
-217.07 2.26 273.42 -0.54 -0.85 -0.44 
27.02 3.54 296.16 -1.34 0.66 0.11 
40.18 3.86 307.61 -0.84 0.04 -0.28 
207.56 3.37 321.63 -0.87 -0.40 -0.40 
248.11 3.26 324.41 -0.94 -0.39 -0.19 
283.18 1.69 -297.03 -0.28 -0.09 0.75 
188.79 2.62 -268.89 -0.34 -0.18 0.48 
49.23 2.43 -253.39 -0.58 0.40 0.77 
-217.07 2.22 -263.72 -0.36 0.28 0.64 
-217.07 1.30 -239.77 -0.26 -1.14 -0.74 
-43.69 4.01 -212.17 -1.06 0.11 0.01 
92.25 2.92 -196.95 -0.82 0.20 -0.69 
39.97 3.77 -187.27 -0.88 -0.10 -0.37 
283.18 3.49 -167.87 -1.06 -0.48 -0.71 
283.18 2.38 -138.26 -0.30 -0.31 0.34 
-178.00 2.59 -136.79 -0.49 -0.62 0.49 
15.66 2.42 -125.79 -0.52 0.37 0.69 
-217.07 1.20 -148.83 0.00 -0.89 0.66 
-217.07 2.14 -125.23 -0.67 -0.86 -0.60 
-4.46 2.87 -120.03 -1.18 1.23 0.13 
29.21 3.69 -114.84 -0.82 -0.13 -0.35 
283.18 3.85 -101.06 -1.26 -0.01 -0.40 
283.18 3.75 -76.24 -0.90 0.22 -0.06 
283.18 0.23 -46.42 0.51 1.62 1.74 
33.58 2.67 -34.35 -0.56 0.38 0.58 
-217.07 1.70 -34.01 -0.27 0.64 1.10 
-12.90 2.39 39.86 -0.88 -1.19 -0.96 
23.99 3.60 45.09 -0.82 -0.23 -0.36 
283.18 3.56 70.53 -1.23 -0.19 -0.61 
245.30 2.21 80.12 -0.47 0.06 0.64 
34.21 2.27 99.47 -0.46 -0.49 0.94 
-217.07 1.37 90.70 -0.24 -1.35 -0.31 
-2.56 3.88 124.73 -1.00 0.14 0.17 
109.92 3.31 141.94 -0.86 0.12 -0.52 
117.18 4.21 151.20 -1.02 -0.25 -0.08 
283.18 2.98 175.48 -0.90 -0.56 -0.69 
239.51 2.27 195.89 -0.48 0.22 0.55 
177.22 2.74 223.33 -0.47 0.04 0.60 
4.01 2.44 234.82 -0.58 0.29 0.83 
-217.07 3.51 228.38 -0.62 -0.52 0.19 
-136.17 1.95 266.68 -0.40 -0.72 -0.33 
48.19 4.32 295.08 -0.93 0.07 0.15 
283.18 3.38 311.32 -1.05 -0.40 -0.50 
283.18 2.16 -319.25 -0.33 0.10 0.45 
-68.67 2.06 -310.73 -0.34 -0.30 0.75 
21.18 2.35 -299.68 -0.59 0.36 0.80 
-217.07 2.44 -303.12 -0.33 -0.16 0.71 
-217.07 2.31 -271.55 -0.54 -0.85 -0.25 
-30.67 3.92 -235.39 -1.51 0.28 0.13 
8.61 3.59 -222.58 -0.84 0.35 -0.13 
204.82 4.46 -224.16 -1.07 0.06 -0.09 
283.18 2.92 -187.87 -1.10 0.55 -0.69 
209.72 1.66 -167.96 -0.33 0.18 0.68 
153.41 3.05 -147.08 -0.66 0.33 0.49 
-158.72 1.75 -138.17 -0.26 0.65 0.94 
-217.07 2.60 -160.48 -0.53 -0.75 -0.50 
-52.26 3.28 -121.77 -0.96 0.24 -0.49 
-61.39 3.54 -128.71 -0.91 0.48 -0.30 
279.66 4.09 -112.60 -1.07 -0.06 -0.28 
283.18 2.99 -73.83 -0.91 0.39 -0.51 
223.21 2.43 -60.30 -0.54 0.15 0.55 
101.33 2.10 -39.48 -0.31 0.09 0.78 
-217.07 2.38 -44.65 -0.26 -0.29 0.59 
-217.07 2.77 -16.08 -0.67 -0.52 -0.43 
-51.99 3.80 11.57 -1.24 -0.09 0.25 
68.57 3.98 25.08 -0.91 0.02 -0.27 
283.18 3.92 26.88 -1.20 0.03 -0.46 
204.43 0.13 37.05 0.08 -0.09 0.60 
283.18 3.80 69.67 -0.62 0.34 0.17 
-217.07 1.54 77.09 0.03 0.28 1.36 
-217.07 2.06 133.17 -0.30 -0.52 0.02 
177.61 4.32 146.66 -1.07 -0.18 -0.01 
283.18 3.40 171.08 -1.16 0.37 -0.54 
283.18 -0.49 188.84 1.34 1.11 2.66 
46.65 2.72 194.91 -0.62 0.00 0.79 
-8.51 2.08 203.04 -0.50 0.51 0.88 
-217.07 0.97 221.90 0.00 -1.84 -1.03 
283.18 1.95 222.93 -1.25 3.99 1.27 
54.25 4.31 229.63 -0.68 -0.02 -0.11 
60.39 4.06 239.98 -0.91 -0.09 -0.22 
283.18 3.63 250.65 -1.33 -0.03 -0.62 
283.18 -0.48 275.33 0.28 0.14 0.71 
-134.91 2.29 290.72 -1.33 1.26 0.26 
53.63 2.18 303.22 -0.51 0.47 0.78 
-217.07 1.76 311.73 -0.21 0.67 1.35 
-117.20 0.92 -284.02 -0.09 -1.26 0.00 
18.20 1.66 -290.67 -0.60 -2.64 -1.56 
82.64 3.13 -277.89 -0.91 -0.43 -0.56 
54.31 3.62 -265.60 -0.79 -0.22 -0.32 
283.18 2.67 -249.53 -1.72 0.59 -0.91 
283.18 -1.02 -228.21 1.85 0.88 2.53 
139.51 1.81 -218.05 -0.21 -0.17 0.74 
35.73 2.24 -206.89 -0.49 0.29 0.81 
28.07 1.82 -193.17 -0.34 0.45 0.83 
-217.07 0.08 -194.55 0.35 0.26 0.63 
-217.07 1.57 -139.23 -0.33 -0.91 -0.37 
169.09 1.80 -138.76 -0.93 -2.77 -1.99 
53.65 3.13 -128.57 -0.87 -0.52 -0.47 
33.94 3.39 -117.20 -0.91 -0.47 -0.32 
169.82 3.77 -114.79 -1.01 -0.36 -0.26 
198.71 2.41 -84.56 -1.18 1.00 -0.39 
-217.07 0.77 -103.02 0.18 -0.27 1.25 
19.83 2.22 -91.07 -0.49 0.37 0.75 
29.11 2.33 -76.84 -0.52 0.44 0.71 
-217.07 1.85 -80.57 -0.21 -0.14 0.92 
-198.78 1.20 -29.71 -0.16 -0.60 -0.22 
-200.23 3.17 -49.34 -0.89 -0.10 -0.85 
49.39 3.66 -40.57 -0.74 -0.13 -0.33 
81.71 3.52 -29.57 -0.90 -0.40 -0.35 
41.58 3.41 -16.66 -0.80 -0.34 -0.36 
283.18 3.51 19.55 -1.30 -0.25 -0.79 
223.52 -0.35 27.18 0.16 0.08 0.49 
166.84 1.61 57.56 -0.06 -0.60 0.62 
37.33 2.39 71.33 -0.52 0.18 0.82 
-125.61 1.73 82.89 -0.33 0.51 1.15 
-217.07 0.49 115.70 0.16 -1.73 -0.50 
66.31 3.33 152.97 -1.65 0.82 0.75 
109.73 3.05 173.07 -0.74 0.18 -0.55 
56.37 3.25 185.24 -0.80 -0.34 -0.46 
283.18 3.74 214.93 -1.20 -0.20 -0.57 
283.18 -1.17 227.49 0.41 -0.01 0.47 
283.18 3.36 257.97 -0.48 0.51 0.12 
29.64 2.11 271.53 -0.41 0.31 0.80 
-217.07 1.99 270.64 -0.31 0.43 1.10 
-217.07 1.53 298.51 -0.45 -1.42 -0.43 
42.43 3.52 -315.44 -1.61 -0.10 0.71 
28.27 4.50 -304.58 -0.87 0.05 0.00 
61.97 3.62 -297.03 -0.83 -0.23 -0.33 
214.09 3.77 -283.42 -0.71 -0.25 -0.23 
212.28 1.97 -265.18 -0.52 0.54 0.28 
-217.07 1.02 -264.68 0.01 -1.42 0.45 
31.80 2.42 -253.03 -0.53 0.32 0.76 
39.96 2.19 -239.64 -0.45 0.37 0.79 
-217.07 1.93 -246.64 -0.12 -0.33 0.56 
-191.32 3.51 -198.31 -0.80 -0.10 -0.39 
148.78 2.16 -184.80 -0.90 -1.31 -1.27 
14.50 3.20 -180.40 -0.76 -0.34 -0.45 
41.38 3.57 -168.69 -0.85 -0.20 -0.35 
283.18 3.37 -145.59 -1.65 0.66 -0.82 
283.18 -1.17 -118.50 0.77 -0.48 0.83 
13.08 3.44 -102.22 -1.51 0.74 0.06 
63.37 2.36 -85.55 -0.48 0.34 0.69 
32.97 2.32 -73.17 -0.51 0.45 0.74 
-217.07 1.26 -87.63 0.07 0.00 0.69 
-130.50 2.92 -37.37 -1.80 1.44 0.36 
78.83 2.11 -14.89 -0.51 0.66 -0.56 
56.10 3.27 -3.45 -0.82 -0.17 -0.53 
63.15 3.65 7.57 -0.85 -0.13 -0.42 
283.18 1.66 74.80 -0.95 0.85 -2.44 
283.18 1.62 127.88 -0.06 -0.55 0.13 
283.18 3.04 130.97 -0.49 0.74 -0.13 
34.13 2.48 143.04 -0.50 0.17 0.70 
29.27 2.55 148.87 -0.63 0.40 0.69 
40.39 2.45 158.20 -0.54 0.31 0.74 
-217.07 1.62 163.78 -0.29 0.81 1.37 
-217.07 0.91 164.77 0.11 -1.43 -1.18 
-90.27 2.55 193.53 -0.45 -0.37 -0.11 
-205.57 3.06 176.35 -0.87 0.39 -0.88 
1.15 3.96 183.38 -0.92 0.15 0.20 
64.54 4.03 190.92 -0.92 0.05 -0.26 
34.82 3.79 196.13 -0.85 -0.19 -0.30 
59.65 3.76 205.39 -0.92 -0.17 -0.35 
120.02 4.47 209.79 -1.06 0.07 -0.04 
283.18 1.66 244.91 -1.58 1.65 -1.84 
283.18 -1.18 259.89 1.66 0.63 1.79 
186.10 3.16 267.17 -0.65 0.80 0.12 
109.99 2.12 275.11 -0.48 0.52 0.75 
70.14 2.12 287.11 -0.46 0.53 0.75 
32.18 2.04 293.33 -0.40 0.49 0.77 
29.24 2.09 301.56 -0.44 0.40 0.84 
-217.07 1.33 303.26 0.07 0.63 1.48 
-217.07 1.98 324.98 -0.45 -0.91 -0.37 
-217.07 3.66 -305.28 -1.35 0.72 -0.04 
69.21 1.98 -306.73 -0.74 -2.27 -1.53 
-6.29 4.31 -299.51 -0.96 0.03 -0.13 
71.55 3.42 -291.81 -0.87 -0.35 -0.39 
40.44 3.77 -287.35 -0.92 -0.24 -0.29 
283.18 3.10 -265.74 -0.66 -0.62 -0.20 
283.18 2.03 -232.46 -1.06 1.35 -1.95 
260.61 1.57 -217.22 -0.34 0.51 0.33 
283.18 0.00 -206.43 0.57 0.94 2.14 
-23.36 2.47 -196.47 -0.85 0.84 0.44 
43.89 2.30 -190.00 -0.55 0.37 0.86 
20.70 2.42 -181.66 -0.58 0.41 0.76 
-68.19 2.04 -175.64 -0.47 0.68 0.95 
-217.07 0.45 -182.97 0.19 -0.26 -0.68 
-146.46 0.62 -152.58 0.01 -1.28 -0.23 
283.18 1.88 -144.07 -0.55 3.47 0.97 
283.18 1.93 -132.28 -0.72 -0.67 -1.36 
16.25 3.96 -128.13 -0.92 -0.06 -0.29 
42.60 3.64 -124.08 -0.88 -0.16 -0.37 
55.26 3.67 -115.59 -0.87 -0.25 -0.31 
74.47 3.64 -109.78 -0.84 -0.24 -0.33 
283.18 1.99 -63.15 -0.98 0.74 -1.83 
203.99 2.15 -55.48 -0.81 0.78 -0.22 
-147.27 0.71 -42.05 -0.05 0.72 0.73 
-217.07 0.24 -6.28 0.19 -1.43 -0.61 
-217.07 0.24 -6.28 0.19 -1.43 -0.61 
283.18 2.86 27.65 -2.20 1.11 1.51 
189.96 2.03 34.37 -0.84 -1.16 -1.33 
17.72 3.81 40.26 -0.85 -0.25 -0.26 
38.83 3.37 45.78 -0.84 -0.27 -0.44 
71.08 3.39 50.03 -0.84 -0.31 -0.38 
283.18 4.03 65.85 -1.09 -0.20 -0.22 
283.18 2.07 84.85 -1.51 1.31 -0.53 
283.18 -1.50 102.39 1.91 0.57 1.71 
283.18 3.57 121.14 -0.80 0.69 -0.26 
29.98 2.04 126.94 -0.48 0.69 0.66 
56.32 2.45 138.05 -0.59 0.49 0.70 
-24.73 2.04 143.78 -0.44 0.53 0.91 
-217.07 2.21 127.74 -0.12 -0.07 0.30 
38.02 3.79 163.69 -0.95 -0.18 -0.35 
38.02 3.79 163.69 -0.95 -0.18 -0.35 
237.89 3.36 172.88 -0.87 -0.49 -0.27 
283.18 2.71 202.70 -1.10 0.44 -1.41 
-172.59 1.51 203.88 -0.36 1.84 1.71 
-217.07 0.83 246.74 -0.20 -1.59 -0.99 
-217.07 0.83 246.74 -0.20 -1.59 -0.99 
226.66 1.51 279.18 -1.33 1.61 3.03 
156.54 2.10 284.13 -1.05 -1.64 -1.49 
47.26 4.39 289.93 -0.83 -0.09 -0.10 
283.18 3.44 -322.66 -1.18 0.00 -0.95 
152.38 0.29 -283.54 0.72 1.51 2.45 
283.18 2.83 -264.20 -0.39 0.65 -0.09 
19.02 2.65 -261.23 -0.82 0.49 0.74 
-28.85 2.52 -250.48 -0.58 0.41 0.79 
-217.07 1.95 -256.92 -0.38 0.42 0.94 
-217.07 0.78 -245.55 -0.09 -1.53 -0.70 
-135.50 1.51 -223.25 -0.46 -0.84 -0.56 
94.49 1.37 -214.11 -0.45 1.16 1.73 
100.29 2.60 -208.97 -1.02 -1.00 -0.89 
36.47 4.23 -202.96 -0.88 -0.19 -0.09 
50.53 3.71 -198.59 -0.85 -0.29 -0.23 
195.95 3.49 -221.65 -0.43 -0.19 0.05 
224.15 1.05 -238.22 0.00 -0.18 0.18 
259.09 -1.93 -262.67 1.43 -0.52 0.31 
143.54 -1.97 -276.60 2.03 0.11 0.86 
-22.46 -1.33 -277.58 1.08 -0.10 0.67 
