0.00 0.00 0.00 0.00 0.00 0.00 
11.30 6.93 -181.96 1.02 0.09 -0.19 
11.89 10.43 -167.41 1.02 0.11 -0.19 
-26.04 6.34 -130.34 1.55 -0.48 -0.20 
87.08 22.92 -60.06 1.35 -1.37 -0.21 
93.26 25.73 9.53 0.50 0.00 0.00 
16.34 21.90 19.43 -0.97 0.19 0.11 
137.93 23.58 62.90 -1.39 -0.46 0.46 
3.95 23.49 94.56 -0.88 -0.15 0.14 
16.44 15.76 103.52 -0.01 -0.18 -0.15 
128.08 13.60 109.65 -0.89 0.53 1.22 
106.95 32.74 108.69 -0.71 -0.52 0.09 
32.92 37.00 98.55 -0.32 -0.95 -0.76 
-9.48 7.42 117.08 -0.68 -0.81 -0.53 
-62.14 1.41 142.62 -0.57 -0.67 -0.51 
-141.91 7.70 168.40 -0.83 -0.22 -0.14 
-79.77 1.72 193.19 -0.84 -0.17 0.25 
71.53 14.61 214.27 -0.93 0.81 0.42 
-12.59 19.36 227.19 -0.44 -0.04 0.12 
-11.26 15.96 226.93 -0.71 -0.12 0.29 
-26.86 22.57 209.61 -1.17 -0.35 0.60 
11.29 15.96 256.26 -1.28 -0.85 0.38 
17.98 13.12 296.41 -0.32 -0.13 0.15 
-15.78 14.24 313.02 -0.78 -0.04 0.17 
105.85 23.21 321.39 -0.70 0.16 0.86 
87.62 33.80 317.65 -0.69 -0.57 0.12 
8.89 30.55 314.64 -0.48 -1.07 -0.65 
11.77 9.70 -324.46 -0.65 -0.89 -0.53 
-27.05 8.35 -298.02 -0.62 -1.00 -0.35 
-78.07 -0.23 -271.32 -0.64 -0.61 -0.30 
-67.26 4.29 -248.29 -0.72 -0.30 -0.09 
-66.94 2.32 -222.87 -0.88 -0.25 0.29 
27.86 16.30 -206.92 -1.14 0.61 0.25 
11.06 14.93 -194.42 -0.65 -0.13 0.07 
34.46 16.99 -181.89 -0.56 -0.22 0.36 
-7.34 4.26 -189.90 -0.80 -0.27 0.21 
23.46 8.47 -181.86 -0.90 -0.75 0.62 
5.40 16.49 -166.07 -0.71 -0.52 0.42 
17.58 16.20 -151.45 -0.86 -0.58 0.43 
-41.26 30.24 -120.71 -1.27 -0.68 0.33 
95.42 21.91 -94.00 -0.79 -0.11 0.10 
-32.09 22.55 -78.15 -0.32 -0.22 0.05 
12.14 13.88 -64.08 -0.90 0.02 0.12 
92.85 6.92 -48.01 -0.79 -0.03 0.71 
114.92 31.50 -37.00 -0.84 -0.50 0.23 
76.40 31.79 -39.60 -0.69 -0.79 -0.13 
35.24 18.16 -27.93 -0.58 -0.86 -0.60 
-6.20 13.26 -12.28 -0.69 -0.82 -0.14 
-50.14 4.75 15.89 -0.66 -0.86 -0.35 
-80.81 3.14 44.28 -0.69 -0.45 -0.18 
-107.48 2.69 67.55 -0.88 -0.37 0.12 
-62.01 7.17 96.25 0.44 0.76 2.42 
-2.85 19.27 111.12 -0.83 0.01 0.25 
9.24 11.62 126.56 -0.60 -0.05 0.15 
1.22 9.21 136.16 -0.66 -0.07 0.36 
-32.18 3.73 126.40 -0.84 -0.40 0.43 
-31.92 4.22 129.90 -0.92 -0.88 0.65 
10.05 18.70 146.13 -0.61 -0.64 0.50 
5.60 18.57 159.51 -0.72 -0.79 0.52 
40.60 22.36 191.04 -1.07 -0.67 0.66 
-2.98 26.59 220.13 -0.74 -0.32 0.30 
14.57 11.95 235.70 -0.62 -0.16 0.00 
43.39 20.50 249.14 -0.54 -0.15 0.13 
12.22 13.25 260.76 -0.90 -0.22 0.38 
90.11 23.96 276.29 -0.58 -0.19 0.81 
77.18 31.65 275.12 -0.81 -0.23 0.20 
11.51 30.06 271.09 -0.56 -0.80 -0.38 
11.21 14.35 282.99 -0.73 -0.86 -0.49 
0.66 10.31 300.87 -0.69 -0.71 -0.13 
-78.31 11.16 321.22 -0.65 -0.73 -0.47 
-39.26 4.12 -309.43 -0.68 -0.44 -0.29 
-63.99 -1.45 -286.20 -0.79 -0.51 0.07 
-38.52 3.53 -261.92 -0.79 -0.32 0.48 
46.50 19.21 -247.39 -1.06 0.35 0.26 
-1.31 15.47 -234.20 -0.88 -0.19 0.27 
13.18 12.42 -218.69 -0.43 -0.20 0.09 
0.15 13.66 -211.41 -0.60 -0.12 0.15 
-10.25 -0.92 -217.02 -0.96 -0.78 0.70 
0.47 9.52 -207.94 -0.80 -0.66 0.79 
11.59 15.96 -192.63 -0.43 -0.61 0.56 
-4.37 14.77 -181.62 -0.42 -0.71 0.58 
5.99 14.37 -167.95 -0.59 -0.80 0.69 
69.66 27.31 -126.99 -0.78 -0.83 0.78 
-2.49 28.76 -104.27 -0.74 -0.41 0.38 
49.54 16.82 -92.53 -0.37 -0.14 0.07 
17.70 17.53 -75.14 -0.81 0.08 0.11 
67.98 10.39 -60.76 -0.75 -0.16 0.43 
86.16 18.67 -54.49 -0.75 -0.12 0.66 
57.72 31.13 -53.94 -0.71 -0.58 0.20 
16.72 28.84 -54.18 -0.62 -0.92 -0.33 
-12.09 14.33 -38.87 -0.67 -0.84 -0.34 
12.27 10.80 -23.10 -0.69 -0.72 -0.05 
5.58 13.57 -5.61 -0.69 -0.82 -0.13 
-44.08 6.80 19.06 -0.73 -0.74 -0.30 
-70.27 5.15 42.22 -0.72 -0.53 -0.17 
-52.18 1.55 64.34 -0.79 -0.39 0.18 
-221.98 60.67 46.54 -1.41 1.58 3.99 
-8.94 15.14 62.23 -0.94 -0.20 0.35 
13.27 14.95 78.19 -0.80 -0.27 0.22 
28.37 6.15 98.64 -0.22 -0.27 0.21 
-30.03 17.28 85.59 -1.14 -0.22 0.67 
45.89 13.09 101.61 -0.94 -0.70 0.53 
6.22 16.19 118.17 -0.65 -0.55 0.35 
10.36 18.86 136.08 -0.84 -0.65 0.42 
25.27 22.05 165.14 -1.09 -0.51 0.52 
40.14 19.03 182.20 -0.79 -0.21 0.10 
-8.05 14.25 193.65 -0.41 -0.20 0.04 
-1.76 16.15 211.92 -0.92 -0.23 0.21 
12.13 14.69 226.12 -0.85 -0.32 0.27 
15.79 15.00 234.68 -0.69 -0.23 0.82 
72.30 29.18 238.12 -0.68 -0.37 0.41 
77.43 29.57 241.17 -0.73 -0.63 0.05 
1.24 25.44 250.75 -0.65 -0.83 -0.40 
-11.04 14.11 266.31 -0.74 -0.70 -0.20 
-56.90 10.95 288.39 -0.79 -0.85 -0.27 
-47.29 3.84 313.18 -0.65 -0.47 -0.18 
-57.23 -1.32 -318.65 -0.72 -0.39 0.19 
-43.75 7.16 -292.29 -0.72 -0.41 0.24 
6.95 13.86 -274.51 -0.87 -0.04 0.17 
9.69 14.85 -259.54 -0.88 -0.27 0.31 
1.67 17.00 -243.62 -0.84 -0.17 0.30 
3.86 13.34 -225.96 -0.51 -0.29 0.23 
8.27 17.21 -207.14 -0.37 -0.15 0.19 
17.72 13.74 -210.46 -1.64 -0.03 0.45 
-6.59 9.05 -202.84 -1.03 -0.60 0.48 
18.27 18.50 -187.22 -0.75 -0.53 0.37 
53.15 19.39 -170.30 -1.24 -0.88 0.46 
-4.72 20.22 -144.99 -0.94 -0.25 0.20 
8.86 16.92 -127.16 -0.69 -0.32 0.17 
25.43 13.86 -106.83 -0.56 -0.04 0.12 
49.91 16.70 -89.91 -0.87 -0.01 0.70 
91.51 24.46 -85.69 -0.81 -0.33 0.40 
82.09 34.48 -84.62 -0.69 -0.68 0.00 
39.55 23.98 -75.71 -0.62 -0.97 -0.79 
-16.38 12.16 -60.70 -0.70 -0.67 -0.38 
-81.34 2.37 -40.84 -0.68 -0.85 -0.40 
-88.57 -0.97 -19.91 -0.76 -0.63 -0.07 
-3.89 16.76 39.27 -0.56 -0.30 0.13 
-9.61 15.31 232.80 -1.00 -0.22 0.04 
-4.01 23.80 247.97 -0.35 -0.10 0.05 
112.49 11.88 259.51 -0.87 0.35 0.67 
131.72 20.25 250.63 -0.85 -0.29 0.27 
36.94 31.12 247.68 -0.54 -1.02 -0.44 
-15.17 16.21 262.84 -0.71 -0.85 -0.36 
-65.98 5.07 290.85 -0.65 -0.84 -0.30 
-88.55 -1.47 321.24 -0.61 -0.40 0.02 
-73.35 8.40 -306.18 -0.78 -0.04 0.56 
-151.08 -16.61 -278.72 -0.71 0.50 0.27 
17.21 12.98 -261.47 -0.54 0.04 0.18 
17.18 11.97 -249.97 -0.64 -0.06 0.23 
8.36 16.46 -265.33 -1.01 -0.59 0.37 
-19.09 2.94 -259.60 -0.98 -0.89 0.66 
6.99 20.72 -242.60 -0.74 -0.74 0.64 
-22.07 15.10 -187.32 -0.79 -0.23 0.15 
-10.86 17.03 -176.96 -0.39 -0.26 -0.01 
105.45 2.33 -161.47 -0.75 0.08 0.77 
93.70 27.55 -163.81 -0.66 -0.25 0.53 
69.30 31.41 -171.73 -0.48 -0.74 -0.02 
27.92 15.87 -159.00 -0.68 -1.15 -0.48 
-91.24 5.58 -135.50 -0.51 -0.99 -0.49 
-55.24 -3.50 -109.70 -0.59 -0.66 -0.02 
-63.63 -1.07 -82.67 -0.50 -0.52 0.23 
-4.57 52.16 -66.48 -1.74 0.10 1.60 
31.80 18.13 -43.24 -0.66 -0.13 0.14 
24.10 15.20 -29.60 -0.58 0.05 0.34 
-38.30 18.50 -39.07 -1.18 -0.60 0.52 
21.85 9.80 -26.35 -0.72 -0.74 0.60 
3.28 19.33 -9.40 -0.64 -0.74 0.53 
35.21 26.97 21.95 -1.02 -0.59 0.60 
14.54 26.41 56.17 -0.97 -0.60 0.40 
10.69 20.35 65.35 -0.81 -0.06 0.08 
32.72 10.60 76.85 -0.38 -0.35 0.03 
47.02 9.91 93.92 -0.75 0.06 0.67 
81.67 25.19 96.12 -0.64 -0.15 0.47 
15.06 31.34 93.64 -0.62 -0.83 -0.03 
23.73 23.49 101.67 -0.63 -1.04 -0.45 
13.34 10.97 116.96 -0.67 -0.90 -0.28 
-53.69 8.49 139.53 -0.63 -0.97 -0.34 
-66.78 -2.86 170.09 -0.63 -0.67 -0.12 
-125.56 1.97 197.28 -0.72 -0.55 0.52 
79.20 16.61 223.90 -0.73 0.72 -0.25 
-5.63 14.28 236.47 -0.76 -0.14 0.18 
3.76 14.84 257.16 -0.37 -0.27 0.28 
-30.06 17.92 263.65 -0.78 0.04 0.19 
35.02 -1.32 253.18 -1.30 -1.01 0.35 
-4.84 12.38 264.87 -0.62 -0.67 0.55 
11.91 18.94 284.62 -0.81 -0.93 0.56 
-7.07 27.90 319.96 -0.86 -0.89 0.37 
-147.96 30.49 -323.06 -0.98 -0.40 0.14 
41.85 10.96 -303.43 -0.11 -0.47 0.06 
43.13 10.92 -284.45 -0.67 -0.01 -0.04 
89.69 15.34 -270.25 -0.82 -0.19 0.84 
146.51 31.19 -268.60 -0.65 -0.32 0.40 
23.06 32.08 -267.60 -0.56 -1.19 -0.30 
9.62 17.30 -257.13 -0.70 -0.98 -0.47 
-60.10 6.68 -233.76 -0.65 -1.00 -0.34 
-126.24 1.51 -209.08 -0.70 -0.92 -0.27 
-26.39 -7.22 -185.77 -0.58 -0.49 0.15 
-175.78 1.44 -173.90 0.01 0.75 1.09 
20.53 18.09 -150.20 -0.74 -0.51 0.31 
12.54 24.09 -125.62 -0.46 -0.22 0.12 
3.34 19.93 -111.69 -0.51 -0.11 -0.04 
26.63 6.71 -119.90 -1.08 -0.67 0.57 
4.88 16.79 -101.12 -0.98 -0.74 0.79 
15.11 16.74 -85.24 -0.49 -0.60 0.48 
43.32 24.12 -56.77 -1.10 -0.83 0.62 
43.99 27.09 -21.79 -0.98 -0.67 0.61 
-5.09 20.94 -9.66 -0.45 -0.17 0.22 
-18.46 16.97 7.14 -0.60 -0.35 0.02 
31.36 13.27 22.47 -0.88 -0.02 0.39 
146.21 22.46 23.65 -0.76 -0.07 0.72 
124.31 27.73 14.35 -0.37 -0.68 0.26 
1.37 20.03 22.64 -0.57 -0.99 -0.71 
5.69 8.22 37.68 -0.70 -0.83 -0.22 
-77.30 9.38 60.30 -0.69 -0.93 -0.49 
-114.43 -4.88 87.53 -0.67 -0.63 -0.19 
-110.52 -3.75 112.74 -0.58 -0.53 0.25 
-24.13 17.61 131.19 -1.26 0.51 0.18 
10.28 17.35 145.26 -0.84 -0.22 0.26 
-3.89 14.11 159.07 -0.23 -0.16 0.01 
-0.30 16.94 170.72 -0.62 -0.20 0.23 
-37.25 -4.31 140.61 -1.58 -0.82 0.25 
20.38 20.41 166.15 -0.44 -0.59 0.24 
22.36 21.57 260.51 -1.08 -0.52 0.36 
-2.72 17.09 276.95 -0.56 -0.25 0.05 
37.14 16.63 294.41 -0.59 0.00 0.02 
65.37 15.69 305.04 -0.88 -0.18 0.83 
104.27 22.42 307.78 -0.58 -0.27 0.46 
52.23 38.87 299.47 -0.38 -0.92 -0.43 
25.44 14.69 312.62 -0.63 -0.79 -0.60 
-5.89 10.11 326.24 -0.67 -0.73 -0.28 
-43.81 2.70 -304.85 -0.58 -0.70 -0.53 
-91.29 3.90 -282.65 -0.69 -0.49 -0.13 
-104.65 0.41 -262.71 -0.75 -0.56 0.02 
-150.43 44.84 -248.69 -2.49 -0.96 -0.84 
21.69 17.16 -232.56 -0.93 -0.01 0.24 
25.87 11.04 -214.98 -0.41 -0.23 0.06 
24.85 17.70 -200.67 -0.46 -0.17 0.19 
10.48 10.31 -214.05 -1.78 -0.68 0.41 
16.36 14.81 -198.77 -0.83 -0.59 0.39 
14.98 14.88 -185.41 -0.69 -0.64 0.23 
29.27 18.32 -165.06 -1.13 -0.91 0.51 
-10.31 29.71 -131.24 -0.81 -0.74 0.31 
23.40 17.43 -114.26 -0.64 -0.41 0.15 
32.38 18.92 -96.48 -0.40 -0.16 0.07 
28.78 11.48 -85.03 -0.90 0.01 0.16 
101.33 20.51 -77.65 -0.73 -0.03 0.82 
134.64 33.34 -84.12 -0.65 -0.83 0.05 
5.22 27.75 -80.48 -0.64 -1.04 -0.61 
-0.19 13.07 -66.55 -0.66 -0.83 -0.28 
-48.88 10.20 -49.20 -0.64 -0.93 -0.27 
-58.30 -4.35 -19.88 -0.51 -0.89 -0.43 
-59.92 -7.28 8.67 -0.60 -0.35 0.17 
0.00 -10.92 -112.72 -1.00 -0.22 0.30 
-8.23 -4.35 156.63 1.07 0.00 -0.07 
-8.23 -4.35 156.63 1.07 0.00 -0.07 
-22.44 -2.15 153.20 1.07 -0.13 -0.07 
45.84 -0.49 148.18 1.08 -0.04 -0.06 
-137.30 -4.20 176.28 1.43 -0.89 -0.62 
209.55 17.05 233.35 0.21 -1.28 -0.23 
8.29 7.74 258.44 -0.87 0.00 0.10 
-10.62 7.23 256.71 -1.82 -0.46 0.33 
12.92 4.38 260.50 -1.40 -0.16 0.09 
-7.97 5.10 257.96 -0.81 -0.05 0.11 
37.05 6.32 256.41 -0.54 -0.27 0.11 
-3.23 5.23 250.57 -0.34 -0.04 -0.09 
25.31 3.31 248.70 -0.57 0.00 0.08 
154.42 -4.02 236.83 -0.88 0.46 1.02 
113.60 8.35 222.91 -0.64 -0.06 0.74 
89.86 14.91 202.73 -0.64 -0.77 0.00 
126.75 16.00 193.81 -0.67 -0.98 -0.27 
-8.07 8.21 182.87 -0.69 -0.87 -0.97 
-22.53 -0.99 179.96 -0.63 -0.90 -0.74 
-68.76 -0.59 179.23 -0.68 -0.74 -0.47 
-78.76 -0.48 179.50 -0.68 -0.71 -0.43 
-94.50 -8.32 182.61 -0.68 -0.44 -0.39 
-43.82 -12.60 187.09 -0.77 -0.08 0.22 
7.60 5.11 183.17 -0.67 0.11 0.08 
-13.81 8.43 178.47 -0.25 -0.07 0.05 
-17.80 3.45 172.18 -0.41 -0.11 0.07 
-26.32 -0.13 155.10 -0.88 -0.57 0.44 
0.03 5.74 138.14 -1.42 -0.34 0.40 
-8.02 1.52 131.10 -1.41 -0.51 -0.01 
1.53 2.83 131.20 -0.70 -0.57 0.16 
51.24 4.36 125.31 -0.95 -0.50 0.14 
47.00 4.80 124.96 -1.34 -0.71 0.28 
25.48 6.73 128.88 -0.94 -0.51 0.16 
40.50 1.73 128.63 -0.34 -0.79 0.29 
33.32 2.74 123.43 -0.56 -0.38 0.12 
3.59 3.53 120.20 -0.36 -0.20 0.15 
-5.54 4.07 119.07 -1.02 -0.01 0.16 
25.20 0.29 116.24 -0.70 -0.07 0.91 
97.34 16.48 104.03 -0.70 -0.28 0.39 
72.95 13.73 93.46 -0.76 -0.37 0.00 
-3.34 -4.79 57.09 -0.58 -0.88 -0.61 
-42.84 -3.71 69.90 -0.63 0.11 0.31 
4.24 2.46 74.21 -0.16 0.09 0.17 
-25.68 6.77 65.97 -0.32 0.06 0.26 
-10.94 5.93 53.25 -0.79 -0.39 0.00 
-42.21 10.46 26.16 -1.37 -0.22 0.37 
-26.10 0.39 12.24 -1.11 -0.86 0.42 
3.76 5.50 11.70 -0.87 -0.65 0.31 
19.28 4.59 9.09 -0.91 -0.57 0.32 
71.45 6.36 -274.99 -0.73 -0.06 0.87 
30.11 32.90 -311.93 -0.55 -0.91 0.18 
8.85 13.31 -327.48 -0.41 -1.33 -0.45 
-9.95 -0.09 323.97 -0.55 -0.96 -0.17 
-52.95 -12.49 -321.11 -0.54 -0.95 -0.24 
-93.14 -13.81 -313.82 -0.71 -0.36 0.04 
-99.23 -11.62 -311.85 -0.76 -0.23 0.51 
50.03 13.31 -319.94 -1.59 -0.54 0.41 
-2.92 5.29 -326.32 -0.34 -0.19 0.00 
21.53 4.17 273.61 -0.55 -0.74 0.35 
4.10 6.63 268.09 -0.81 -0.74 0.34 
69.26 13.16 279.29 -1.01 -0.67 0.37 
-7.97 0.96 284.95 -0.31 -0.30 0.05 
37.79 2.09 280.17 -0.48 -0.07 0.21 
49.63 -2.70 264.25 -0.79 0.23 0.89 
65.14 19.79 235.52 -0.57 -0.50 0.39 
19.86 18.35 212.95 -0.62 -0.97 -0.33 
7.15 2.39 201.03 -0.63 -0.91 -0.47 
-22.26 -3.18 194.67 -0.61 -0.83 -0.20 
-66.52 -8.58 199.80 -0.55 -0.90 -0.35 
-94.72 -17.52 205.11 -0.73 -0.49 0.17 
-110.88 -6.86 209.57 -0.68 -0.38 0.41 
157.32 -9.29 206.29 -0.73 0.22 0.08 
41.04 1.28 198.43 -0.28 -0.45 0.11 
-30.02 -20.17 147.48 -0.67 -0.33 0.38 
-13.45 10.67 137.90 -0.79 -0.84 0.86 
-19.61 13.87 143.99 -0.92 -0.76 0.40 
-4.42 9.27 142.43 -0.49 -0.25 0.02 
-0.85 0.45 140.15 -0.53 -0.14 0.12 
129.81 -5.95 127.25 -0.74 0.39 0.90 
102.66 20.87 91.91 -0.77 -0.28 0.45 
109.77 14.14 59.04 -0.08 -1.10 -0.35 
-30.70 0.24 52.62 -0.58 -1.11 -0.32 
-43.40 -11.76 61.41 -0.46 -1.02 -0.27 
-53.36 -15.29 71.43 -0.57 -0.74 -0.06 
-69.56 -8.71 77.61 -0.73 -0.24 0.34 
-107.51 44.63 49.56 0.51 1.95 3.99 
-12.39 5.65 42.80 -0.64 -0.13 0.06 
-4.17 0.99 30.77 -0.56 -0.08 0.14 
17.37 0.58 0.26 -0.83 -0.58 0.36 
54.34 -16.42 -19.76 -0.71 -0.90 0.59 
2.90 7.12 -23.01 -0.79 -1.13 0.86 
14.15 19.99 -3.84 -0.69 -0.91 0.48 
19.06 5.05 -2.89 -0.57 -0.22 -0.10 
21.91 4.08 -7.95 -0.45 -0.06 0.09 
66.89 2.42 -14.96 -0.97 0.41 0.67 
54.85 22.59 -43.65 -0.76 -0.42 0.40 
32.47 19.25 -74.03 -0.43 -1.12 -0.06 
-23.33 3.82 -85.59 -0.54 -0.94 -0.77 
-34.10 -7.79 -87.38 -0.49 -1.11 -0.45 
-61.33 -17.11 -77.68 -0.53 -0.81 -0.23 
-62.83 -14.83 -72.03 -0.83 -0.29 0.21 
-65.49 0.64 -64.55 -0.50 0.02 0.49 
10.39 1.92 -70.51 -0.78 0.01 0.28 
0.07 2.42 -80.77 -0.62 -0.18 0.11 
-33.88 1.50 -104.71 -0.95 -0.17 0.27 
22.03 -6.77 -133.84 -1.24 -0.57 0.33 
15.46 10.85 -135.66 -1.06 -0.92 0.62 
31.93 11.90 -121.00 -0.76 -0.83 0.50 
11.37 12.33 -117.70 -1.07 -0.28 0.23 
18.36 4.79 -120.84 -0.59 -0.42 0.05 
14.79 0.31 -125.78 -0.58 0.08 -0.05 
84.34 -11.63 -138.91 -0.94 0.35 0.70 
77.08 11.10 -167.99 -0.60 -0.13 0.51 
5.53 28.34 -196.92 -0.57 -0.85 -0.29 
19.50 5.90 -208.37 -0.57 -1.10 -0.72 
-16.86 -2.78 -210.71 -0.58 -0.87 -0.42 
-61.13 -12.77 -203.60 -0.71 -0.79 -0.49 
-13.42 -19.98 -192.77 -0.75 -0.36 0.09 
-93.04 -6.81 -185.83 -0.72 -0.02 0.42 
84.33 0.31 -186.63 -0.68 -0.50 -0.02 
7.39 -0.30 -196.41 -0.37 -0.19 0.15 
57.47 -8.18 -207.23 -0.78 -0.38 0.31 
-90.30 -14.86 -248.64 -0.89 -0.97 0.90 
4.51 13.00 -254.34 -0.57 -0.75 0.59 
26.12 7.07 -256.44 -0.76 -0.79 0.53 
-8.82 16.69 -245.81 -0.98 -0.25 0.40 
66.12 0.84 -236.89 -0.42 -0.79 0.29 
-21.71 1.82 -243.86 -0.52 0.14 0.13 
92.86 -5.67 -252.44 -0.94 -0.38 0.22 
65.50 13.53 -271.80 -0.79 -0.04 0.56 
82.28 19.42 -294.81 -0.49 -0.66 0.09 
-16.53 12.06 -312.15 -0.48 -0.96 -0.90 
22.49 -4.77 -318.50 -0.57 -0.82 -0.36 
-19.81 0.19 -320.95 -0.53 -0.81 -0.20 
-62.12 -12.79 -310.31 -0.66 -0.80 -0.48 
-59.04 -15.39 -305.58 -0.63 -0.35 -0.01 
-76.41 -11.36 -302.63 -0.79 -0.33 0.45 
-10.97 6.92 -308.01 -0.69 0.07 0.23 
45.47 10.59 -315.44 -0.51 -0.31 0.31 
-7.84 -6.51 304.90 -1.22 0.01 0.19 
3.28 -1.01 289.34 -1.06 -0.57 0.32 
-7.70 6.47 280.23 -0.87 -0.64 0.40 
22.48 12.19 286.64 -0.91 -0.49 0.37 
49.89 5.52 289.52 -1.05 -0.56 0.08 
40.03 11.13 292.37 -0.65 -0.32 0.19 
20.65 4.64 290.32 -0.43 0.06 0.10 
157.75 -9.56 284.21 -0.81 0.15 0.85 
144.00 6.63 253.74 -0.68 -0.23 0.47 
12.42 22.88 223.24 -0.55 -1.10 -0.02 
-21.27 1.89 216.88 -0.71 -0.69 -0.23 
-52.17 -7.93 225.44 -0.71 -0.92 -0.38 
-109.46 -7.39 235.04 -0.73 -0.46 -0.06 
-109.22 -5.23 237.82 -0.74 -0.23 0.48 
-66.63 3.60 233.01 -0.11 0.07 -0.19 
-7.77 -6.32 211.43 -0.33 0.05 0.12 
72.37 -7.13 167.44 -0.48 -1.04 0.48 
25.26 -3.99 155.43 -1.13 -1.34 0.60 
-6.51 -0.59 158.01 -0.13 -0.91 0.82 
15.15 19.54 179.75 -0.88 -1.15 0.60 
23.46 11.06 189.57 -0.68 -0.39 0.29 
29.15 1.14 184.76 -0.26 -0.10 0.03 
33.37 -5.83 175.17 -0.89 -0.17 0.64 
128.30 10.16 156.73 -0.78 -0.17 0.67 
28.87 22.91 111.89 -0.37 -0.64 0.07 
-0.55 5.91 105.82 -0.55 -1.05 -0.87 
-63.78 -8.07 109.82 -0.53 -0.88 -0.25 
-56.72 -14.21 117.49 -0.60 -0.72 -0.08 
-95.86 -12.29 125.83 -0.78 -0.26 0.21 
-64.52 0.08 127.25 -0.96 -0.10 0.52 
-14.54 5.23 109.47 -1.11 0.37 0.10 
16.03 3.03 93.67 -0.41 -0.29 0.11 
-18.94 -16.48 55.50 -1.38 0.12 0.25 
25.28 4.10 50.09 -0.91 -0.89 0.53 
25.34 0.24 40.07 -0.26 -0.65 0.34 
-117.39 -10.79 18.03 -0.63 -0.46 -0.30 
45.60 1.53 41.49 -0.92 -1.11 0.46 
6.77 10.47 55.93 -0.65 -0.37 0.29 
37.09 7.91 45.81 -0.16 -0.07 0.04 
96.65 -1.72 31.18 -0.72 0.36 0.86 
98.04 17.37 -3.35 -0.48 -0.67 0.31 
-155.34 27.46 -35.26 -0.29 -1.20 -0.83 
-11.55 -11.63 -33.47 -0.48 -1.22 -0.81 
-30.96 -23.97 -21.01 -0.44 -0.71 -0.21 
-50.42 -13.46 -14.07 -0.79 -0.36 0.27 
-11.00 0.13 -6.21 -0.60 -0.11 0.74 
25.69 4.39 -15.20 -0.85 -0.16 0.16 
15.93 1.56 -22.09 -0.45 0.01 0.27 
-15.16 -3.38 -41.04 -0.79 -0.10 -0.03 
-2.71 -6.52 -81.34 -1.15 -1.01 0.64 
8.90 3.88 -84.43 -0.71 -0.78 0.45 
1.40 2.73 -92.91 -0.48 -0.55 0.34 
21.56 1.93 -97.36 -1.25 -0.74 0.57 
-1.46 15.63 -86.75 -0.75 -0.51 0.47 
36.15 -2.11 -80.07 -0.84 -0.30 -0.11 
67.65 -7.40 -86.18 -0.50 -0.40 0.13 
14.98 1.79 -95.14 -0.70 -0.06 0.27 
96.73 11.21 -116.11 -0.63 0.29 0.87 
62.02 24.96 -141.22 -0.59 -0.66 0.03 
13.73 16.44 -158.83 -0.56 -1.17 -0.87 
-2.18 -4.31 -163.28 -0.64 -0.90 -0.41 
-64.35 -10.59 -160.49 -0.62 -0.84 -0.29 
-68.39 -11.78 -153.01 -0.54 -0.59 0.00 
-36.27 -11.35 -143.69 -0.68 -0.24 0.38 
-92.59 22.30 -164.98 -0.99 0.26 0.89 
12.53 4.01 -222.86 -0.65 -0.51 0.26 
20.28 5.82 -224.06 -1.11 -0.70 0.39 
-1.67 9.79 -217.93 -1.06 -0.55 0.43 
1.97 5.30 -220.62 -0.75 -0.35 0.15 
-27.88 6.01 -230.76 -0.29 -0.22 -0.08 
32.54 -1.73 -235.67 -0.93 0.03 0.18 
102.42 8.63 -249.98 -0.83 0.00 0.80 
50.17 14.20 -281.93 -0.53 -0.45 0.22 
76.29 17.99 -307.34 -0.34 -1.00 -0.59 
-51.37 -5.77 -308.14 -0.62 -1.06 -0.57 
-59.91 -16.72 -298.32 -0.66 -0.60 -0.25 
-77.26 -13.49 -293.22 -0.69 -0.42 0.25 
-60.96 -8.07 -291.87 -0.13 0.85 1.26 
10.43 7.35 -291.52 -0.86 -0.14 0.16 
-0.39 2.64 -295.85 -0.70 -0.10 0.24 
-17.84 9.92 -300.84 -0.42 -0.05 -0.03 
-9.78 -2.62 312.29 -1.07 -0.26 0.15 
-2.07 7.14 313.14 -0.89 -0.73 0.44 
-1.04 2.68 306.75 -0.51 -0.67 0.25 
30.19 -1.59 310.83 -1.36 -0.91 0.45 
-20.78 16.55 317.82 -1.12 -0.50 0.20 
95.89 8.51 311.50 -0.60 -0.45 0.20 
6.44 0.14 310.28 -0.33 0.04 -0.04 
97.29 4.12 306.72 -0.85 0.05 0.93 
109.69 13.66 282.57 -0.78 -0.33 0.33 
129.92 24.33 253.45 -0.46 -0.85 -0.14 
20.67 -7.41 250.56 -0.61 -0.92 -0.80 
-96.44 -10.12 251.64 -0.58 -0.83 -0.45 
-69.88 -24.18 257.03 -0.60 -0.47 0.08 
-2.70 3.14 239.15 -0.70 -0.19 0.19 
-18.36 2.25 220.60 -0.63 -0.35 0.18 
27.95 -9.57 182.66 -1.11 -0.79 0.61 
15.40 5.59 179.77 -0.90 -0.88 0.48 
5.50 3.71 173.55 -0.40 -0.68 0.22 
18.80 3.16 165.05 -0.68 -0.78 0.32 
18.57 5.46 165.20 -1.12 -0.84 0.55 
66.13 8.27 182.43 -0.89 -0.56 0.33 
19.93 12.37 180.79 -0.77 -0.30 0.19 
14.86 3.04 172.00 -0.31 -0.33 -0.05 
1.44 0.94 165.35 -1.04 -0.07 0.11 
64.68 7.08 154.68 -0.79 0.10 0.76 
60.22 17.21 135.18 -0.77 -0.53 0.37 
40.47 28.30 115.05 -0.58 -0.85 -0.41 
6.35 3.97 106.63 -0.59 -0.81 -0.90 
-76.81 -14.12 108.37 -0.59 -1.07 -0.70 
-123.21 -15.59 109.47 -0.70 -0.39 -0.10 
-45.07 -13.05 110.43 -0.59 -0.36 0.37 
-32.00 26.74 96.17 -1.54 -0.27 1.01 
12.16 6.25 89.82 -0.92 -0.01 0.26 
24.18 4.81 80.04 -0.83 -0.10 0.17 
2.22 3.71 71.48 -0.33 -0.29 0.06 
-25.63 -1.58 37.69 -1.26 -0.63 0.54 
2.57 -2.40 21.80 -1.04 -0.87 0.43 
6.86 3.42 19.02 -0.51 -0.60 0.33 
9.92 4.58 11.65 -1.00 -0.80 0.48 
42.46 13.43 25.53 -0.98 -0.72 0.37 
55.68 7.96 27.26 -0.86 -0.43 0.02 
-73.59 1.29 18.12 -0.19 -0.12 -0.16 
16.05 -10.25 1.17 -1.16 0.04 0.36 
94.93 10.38 -22.57 -0.74 -0.22 0.51 
125.29 17.29 -48.66 -0.52 -0.55 0.23 
-72.06 14.99 -69.83 -0.54 -1.30 -0.64 
-38.29 -1.94 -72.72 -0.73 -0.81 -0.20 
-108.02 -0.65 -70.74 -0.72 -1.00 -0.32 
-96.17 -22.23 -64.22 -0.62 -0.53 -0.06 
-64.77 -16.78 -63.33 -0.73 -0.23 0.50 
218.12 22.41 -55.94 -0.17 1.20 0.45 
15.74 2.21 -63.46 -0.77 -0.06 0.25 
12.28 -0.80 -75.68 -0.54 -0.25 0.03 
-41.49 -1.59 -106.53 -1.08 -0.44 0.52 
12.37 5.32 -106.92 -1.05 -0.60 0.53 
13.05 1.16 -119.90 -0.60 -0.65 0.33 
-10.67 -0.71 -134.37 -0.71 -0.74 0.51 
2.57 18.86 -121.94 -1.24 -0.93 0.67 
-44.09 19.55 -118.13 -1.02 -0.42 0.26 
56.05 5.06 -121.46 -0.30 -0.34 0.04 
19.30 1.75 -126.70 -0.96 -0.10 0.02 
57.11 1.43 -130.47 -0.87 0.08 0.84 
86.01 11.61 -150.68 -0.80 -0.22 0.40 
90.28 18.05 -181.39 -0.48 -0.74 0.01 
-19.21 -0.15 -189.46 -0.58 -0.95 -0.48 
-47.65 -7.97 -190.66 -0.71 -0.72 -0.15 
-91.50 -13.40 -185.49 -0.70 -0.73 -0.44 
-67.89 -19.51 -181.11 -0.61 -0.55 0.18 
-49.25 3.26 -170.53 -0.59 -0.12 0.17 
-6.59 4.26 -173.57 -0.87 0.03 0.27 
3.92 3.54 -187.10 -0.50 -0.16 0.14 
15.86 -2.12 -205.58 -0.63 -0.29 0.23 
-26.23 -2.20 -232.08 -1.64 -1.07 0.43 
10.32 4.34 -239.14 -0.65 -0.56 0.35 
8.92 3.42 -249.62 -0.87 -0.64 0.35 
20.84 10.09 -233.63 -1.32 -0.88 0.35 
-19.20 8.64 -226.85 -0.99 -0.25 0.23 
22.71 2.79 -233.32 -0.31 -0.22 -0.06 
13.64 -0.23 -238.95 -0.81 0.04 0.00 
57.32 -2.12 -245.19 -0.90 -0.11 0.56 
107.54 7.67 -267.11 -0.76 -0.02 0.51 
101.16 15.42 -297.44 -0.72 -0.67 0.19 
42.31 11.99 -314.66 -0.61 -1.15 -0.76 
-36.35 -5.30 -315.56 -0.57 -1.02 -0.45 
-78.63 -11.18 -310.26 -0.63 -0.75 -0.25 
-68.45 -19.25 -304.77 -0.59 -0.47 0.00 
-43.23 -12.07 -292.79 -0.38 -0.31 0.50 
-20.23 -3.12 -298.58 -0.95 -0.18 0.63 
1.23 8.15 -303.98 -0.52 -0.08 0.12 
-15.86 -0.94 324.54 -0.39 0.04 0.18 
6.97 -1.14 286.84 -1.32 -1.50 0.56 
13.12 5.77 282.38 -0.38 -0.87 0.25 
4.07 -0.55 270.38 -0.58 -0.90 0.30 
-39.28 10.16 281.33 -1.13 -1.06 0.53 
59.94 8.34 286.49 -1.10 -0.65 -0.02 
58.07 -0.37 288.33 -0.38 -0.42 0.05 
-13.21 3.83 282.71 -0.64 -0.06 0.11 
108.15 -8.36 274.75 -0.75 -0.04 0.70 
74.78 19.99 254.41 -0.72 -0.30 0.47 
94.04 26.32 232.85 -0.75 -0.65 -0.29 
16.73 7.79 218.00 -0.60 -0.89 -0.72 
19.66 -1.75 212.43 -0.70 -0.82 -0.19 
-68.00 -3.12 213.97 -0.65 -0.92 -0.48 
-55.28 -11.27 223.31 -0.67 -0.44 -0.02 
-55.02 -11.78 228.89 -0.71 -0.26 0.31 
83.09 20.53 200.28 0.54 0.69 2.25 
14.71 4.72 196.81 -0.92 0.04 0.18 
11.19 5.35 190.53 -0.46 -0.15 0.14 
-17.19 12.46 177.04 -0.69 -0.17 0.05 
9.91 0.61 146.50 -1.28 -0.15 0.21 
14.40 1.04 135.74 -1.00 -0.70 0.15 
14.68 3.13 128.02 -0.71 -0.58 0.19 
14.49 -0.13 118.56 -0.65 -0.69 0.21 
25.06 1.01 114.95 -1.28 -0.74 0.29 
-30.75 8.96 121.46 -0.58 -0.81 0.29 
-54.18 5.02 120.63 -1.19 -0.61 0.10 
32.11 4.05 109.13 -0.45 -0.07 0.11 
26.66 5.56 108.63 -0.54 -0.03 0.15 
88.73 0.83 90.52 -0.79 0.19 0.90 
113.73 8.94 78.04 -0.74 -0.19 0.78 
115.90 14.56 57.43 -0.67 -0.60 0.13 
72.95 12.52 41.42 -0.53 -0.66 0.01 
-38.33 12.56 22.26 -0.35 -1.11 -0.51 
16.53 3.18 17.15 -0.45 -1.22 -0.66 
-42.17 -4.27 21.13 -0.51 -1.15 -0.54 
-63.33 -4.88 27.52 -0.48 -1.01 -0.44 
-79.27 -8.89 33.47 -0.58 -0.66 -0.36 
-85.71 -6.78 36.61 -0.61 -0.47 0.00 
-58.19 -3.98 42.49 -0.80 -0.10 0.58 
-152.62 21.63 36.11 -2.10 -1.14 0.39 
41.95 2.53 32.31 -0.75 -0.15 0.25 
-3.68 4.17 7.42 -0.61 -0.17 0.18 
16.53 4.84 0.00 -0.90 -0.22 0.01 
-13.53 -5.99 -19.59 -1.06 -0.71 0.42 
-12.36 2.00 -35.26 -1.10 -0.99 0.45 
-3.61 4.74 -38.66 -0.81 -0.83 0.49 
15.04 1.56 -43.34 -0.48 -0.70 0.35 
16.59 3.53 -46.38 -0.45 -0.63 0.31 
34.00 3.58 -51.93 -1.11 -0.82 0.47 
9.14 7.30 -48.00 -1.17 -0.99 0.61 
7.78 12.59 -42.08 -0.75 -0.42 0.33 
2.50 7.22 -44.44 -0.78 -0.49 0.22 
37.55 3.85 -46.43 -0.49 -0.47 0.16 
7.02 5.46 -47.97 -0.39 -0.28 0.01 
50.89 2.64 -47.98 -0.80 0.02 0.26 
106.38 0.71 -50.09 -0.75 0.07 0.58 
87.26 8.10 -64.87 -0.78 0.11 0.60 
101.24 9.97 -78.47 -0.76 -0.16 0.39 
115.35 13.15 -106.35 -0.52 -0.72 0.18 
-21.42 14.23 -126.40 0.00 -0.97 -0.24 
23.26 -1.47 -126.89 -0.60 -0.98 -0.10 
-66.66 2.27 -124.85 -0.60 -1.24 -0.12 
-73.60 -6.13 -113.47 -0.55 -0.90 0.00 
-64.86 -0.80 -106.59 -0.58 -0.54 0.12 
-108.20 -6.88 -101.74 -0.73 -0.23 0.14 
-99.00 -1.58 -99.53 -0.64 -0.18 0.45 
-56.42 -3.71 -99.39 -0.63 -0.29 0.19 
123.39 2.41 -98.69 -0.03 -0.05 -0.03 
26.59 6.13 -105.97 -0.82 -0.05 0.17 
11.15 6.32 -110.24 -0.41 -0.11 0.17 
6.57 3.31 -118.16 -0.59 -0.22 0.29 
-15.39 3.44 -131.50 -1.09 -0.21 0.28 
24.99 -0.19 -145.69 -1.48 -0.38 0.38 
4.99 1.36 -153.60 -0.95 -0.45 0.27 
8.22 3.98 -158.99 -0.77 -0.49 0.29 
8.87 4.10 -162.53 -0.87 -0.58 0.33 
28.19 6.69 -163.53 -1.13 -0.47 0.38 
56.34 10.46 -158.71 -1.01 -0.54 0.36 
-16.04 8.70 -155.16 -0.93 -0.42 0.26 
-13.86 9.01 -153.05 -0.94 -0.05 0.20 
1.02 1.54 -162.36 -0.48 -0.30 0.12 
32.34 4.17 -168.46 -0.37 -0.20 0.04 
-0.13 3.06 -172.84 -0.72 0.00 0.09 
49.76 -0.32 -176.83 -0.97 0.06 0.44 
99.07 4.75 -193.30 -0.78 0.15 0.87 
82.63 10.20 -207.92 -0.65 -0.24 0.54 
120.53 24.76 -228.44 -0.41 -0.89 -0.13 
-71.37 8.26 -241.65 -0.51 -1.40 -0.95 
1.23 0.26 -243.43 -0.50 -1.05 -0.54 
-30.97 -1.34 -242.77 -0.53 -0.95 -0.41 
-149.36 -0.32 -241.24 -0.59 -0.85 -0.39 
-58.90 -2.59 -240.94 -0.63 -0.62 -0.41 
-25.13 -15.65 -239.64 -0.70 -0.58 -0.04 
8.12 -7.24 -235.89 -0.62 -0.40 0.28 
-123.42 38.17 -249.85 -0.80 1.65 3.59 
17.85 6.26 -254.37 -1.43 0.24 0.31 
20.44 5.58 -262.37 -0.38 -0.09 0.22 
0.60 11.11 -263.64 -0.48 -0.12 0.06 
15.24 0.02 -280.47 -0.81 -0.14 0.01 
20.19 1.70 -296.21 -1.11 -0.34 0.25 
12.09 -2.19 -317.54 -1.08 -0.83 0.25 
-9.75 2.28 -322.96 -1.00 -0.65 0.41 
19.65 4.06 326.62 -0.66 -0.64 0.32 
21.73 4.79 323.17 -0.80 -0.71 0.28 
64.00 2.58 -326.68 -1.37 -0.71 0.53 
-16.31 6.62 -320.36 -1.23 -0.49 0.46 
-9.32 10.54 -319.24 -0.93 -0.21 0.13 
-12.30 5.18 -323.74 -0.62 -0.38 0.30 
51.14 1.72 326.00 0.00 -0.30 0.04 
1.81 7.82 322.66 -0.47 -0.06 0.10 
82.63 -6.08 317.43 -1.10 -0.28 0.47 
85.84 5.39 312.66 -0.81 -0.07 0.99 
98.54 15.77 298.42 -0.64 -0.23 0.36 
133.87 10.87 285.35 -0.73 -0.52 0.14 
84.52 14.49 269.59 -0.65 -0.98 -0.72 
36.24 3.70 262.58 -0.66 -1.03 -0.57 
3.44 -1.00 256.56 -0.67 -0.92 -0.16 
-44.78 1.14 254.50 -0.64 -0.91 -0.26 
-114.63 -7.50 254.66 -0.68 -0.91 -0.44 
-74.57 -7.15 256.61 -0.57 -0.81 -0.18 
-106.62 -9.44 260.91 -0.69 -0.49 0.20 
-96.53 -5.21 263.74 -0.69 -0.29 0.32 
-46.42 -3.46 266.50 -0.69 -0.08 0.57 
-76.68 2.07 264.71 -0.75 -0.08 0.39 
1.19 8.03 258.73 -0.93 -0.05 0.29 
1.50 6.37 255.45 -0.63 -0.29 0.14 
23.03 6.98 256.43 -0.52 -0.16 0.13 
30.24 6.02 254.51 -0.38 0.05 0.03 
23.73 3.01 238.37 -0.74 -0.35 0.08 
-39.26 4.97 218.66 -1.20 -0.85 0.26 
-5.65 0.81 204.13 -1.08 -0.66 0.42 
-9.23 3.16 197.81 -0.90 -0.51 0.36 
12.64 3.30 192.37 -0.63 -0.68 0.28 
10.71 3.59 188.04 -0.65 -0.64 0.33 
10.37 7.59 187.02 -1.00 -0.81 0.29 
6.08 7.56 192.57 -1.17 -0.66 0.39 
5.25 7.91 203.47 -0.86 -0.64 0.27 
22.15 5.15 204.85 -0.58 -0.50 0.22 
-18.63 -3.03 197.35 -0.20 -0.22 0.11 
8.44 2.61 194.71 -0.24 -0.09 0.18 
24.41 -0.82 189.29 -0.83 0.18 0.22 
67.03 2.17 185.98 -0.89 -0.01 0.61 
101.46 10.51 171.04 -0.71 0.00 0.67 
72.11 11.63 158.41 -0.73 -0.29 0.35 
61.92 8.68 136.75 -0.61 -0.84 -0.11 
-28.90 7.13 122.45 -0.32 -1.02 -0.34 
