0.00 0.00 0.00 0.00 0.00 0.00 
172.12 -8.74 -160.35 1.01 -0.01 -0.04 
190.68 27.57 -259.51 1.01 -0.11 -0.06 
65.31 -3.24 -276.88 1.02 -0.10 -0.03 
8.23 -0.21 -278.95 1.01 -0.11 -0.03 
8.86 -0.09 -281.12 1.01 -0.13 0.00 
8.21 -0.54 -283.79 1.00 -0.12 -0.02 
8.88 -0.59 -286.51 1.01 -0.09 -0.01 
8.25 -0.77 -288.72 1.02 -0.11 -0.01 
7.84 -0.75 -290.96 1.02 -0.09 -0.02 
6.58 -0.35 -294.19 1.00 -0.10 -0.03 
7.02 -0.84 -296.90 1.03 -0.10 -0.01 
13.09 -0.65 -301.20 1.00 -0.05 -0.02 
16.69 0.28 -304.83 1.02 -0.04 -0.04 
18.09 1.51 -298.03 1.07 -0.27 0.03 
48.68 5.86 -269.47 1.28 -0.61 -0.27 
24.53 0.21 -227.66 0.93 -0.73 0.26 
39.07 -8.39 -221.57 0.37 -0.43 0.68 
6.43 1.03 -226.16 0.39 -0.34 0.85 
-2.05 13.51 -240.92 0.28 -0.79 1.21 
22.37 7.57 -246.89 0.00 -0.45 1.32 
41.81 4.90 -240.97 -0.13 -0.42 0.92 
15.39 10.35 -225.75 0.17 0.00 0.50 
-4.03 1.78 -223.93 0.42 0.14 0.91 
-15.81 -2.65 -237.64 0.41 -0.55 1.39 
21.31 4.00 -246.58 -0.16 -0.33 0.71 
-9.57 -1.59 -232.61 -0.03 -0.53 0.88 
36.40 -2.14 -223.12 0.56 -0.76 1.59 
32.37 10.00 -233.42 0.56 -0.19 0.60 
10.08 -6.76 -255.09 0.01 0.09 0.53 
-32.30 -7.01 -261.25 -0.18 -0.30 0.88 
-4.51 -5.96 -247.51 0.23 -0.69 1.61 
17.86 4.06 -240.18 0.42 -0.27 0.72 
-9.62 1.44 -246.62 0.44 -0.18 0.72 
5.03 11.09 -266.59 0.33 -1.17 1.37 
39.96 11.92 -275.41 -0.25 -0.61 1.03 
20.80 12.14 -260.27 -0.02 -0.36 0.76 
0.68 1.03 -249.26 0.31 0.12 0.52 
-29.32 -7.83 -250.98 0.93 -0.21 1.31 
9.53 7.76 -269.01 0.16 -0.84 1.08 
16.70 6.65 -272.17 -0.03 -0.31 0.72 
-3.63 -9.92 -254.74 0.18 -0.71 1.19 
34.44 7.42 -259.41 0.78 -0.15 1.08 
29.25 6.21 -280.27 0.19 -0.05 0.71 
-0.97 -4.44 -296.95 -0.06 -0.01 0.64 
-29.85 -3.09 -290.64 -0.19 -0.22 1.07 
17.37 -0.88 -275.91 0.60 -0.71 1.65 
14.02 0.00 -273.89 0.35 -0.18 0.59 
-9.17 3.38 -280.17 0.50 -0.29 0.96 
13.39 10.83 -299.30 0.27 -0.63 1.32 
37.68 6.89 -304.83 -0.24 -0.67 0.90 
30.29 9.51 -287.13 0.09 -0.15 0.55 
1.59 2.99 -277.38 0.34 0.27 0.72 
-20.33 -2.00 -283.43 0.71 -0.69 1.41 
4.98 11.17 -301.28 0.18 -1.03 1.09 
7.35 3.02 -303.71 -0.01 -0.45 0.69 
-2.86 -5.69 -292.59 0.09 -1.01 1.03 
53.47 11.12 -293.79 0.68 -0.45 1.15 
31.48 0.25 -308.33 0.15 0.08 0.64 
6.96 -9.80 -326.13 0.07 0.09 0.77 
-19.54 -1.02 326.46 -0.07 -0.17 1.04 
-7.38 -4.64 -314.72 0.18 -0.75 1.24 
28.78 3.23 -308.56 0.47 -0.45 1.02 
7.60 0.15 -310.47 0.29 -0.10 0.67 
-0.27 3.17 -322.44 0.51 -0.29 1.32 
23.61 9.22 315.75 0.09 -0.53 1.25 
22.66 6.47 315.49 -0.04 -0.11 0.89 
18.73 9.69 -326.45 0.14 0.07 0.67 
-8.18 1.63 -319.08 0.30 0.17 0.74 
-18.79 -3.23 324.12 0.60 -0.30 1.36 
4.09 4.60 305.79 0.24 -0.74 1.18 
12.29 3.75 305.34 0.02 -0.31 0.80 
-2.55 -2.91 320.01 0.16 -0.62 1.16 
40.91 9.69 322.23 0.57 -0.47 1.30 
15.66 -2.65 311.72 0.42 -0.06 0.54 
3.67 -7.32 292.55 0.08 0.05 0.71 
-14.60 -1.71 289.74 -0.14 -0.13 0.86 
-13.93 -1.92 250.92 0.43 -0.42 0.78 
9.80 13.84 230.56 0.32 -1.13 1.31 
32.72 9.96 228.93 -0.05 -0.20 0.93 
24.70 6.81 240.46 0.08 -0.17 0.69 
1.92 0.68 251.10 0.28 0.23 0.71 
-16.79 -2.33 249.29 0.64 -0.29 1.09 
27.92 11.29 228.67 0.13 -0.82 1.09 
-0.52 0.52 235.42 0.01 -0.50 0.72 
13.87 -3.24 250.81 0.58 -1.16 1.52 
31.54 4.31 245.55 0.69 -0.44 0.80 
21.26 -2.94 225.39 0.24 0.07 0.56 
-6.34 -2.59 212.37 0.10 -0.13 0.83 
-13.84 3.63 215.54 0.00 -0.66 1.18 
10.25 -5.95 230.01 0.48 -0.68 1.36 
12.44 2.39 230.87 0.39 -0.20 0.60 
-13.10 -1.34 221.33 0.54 -0.40 0.83 
5.29 9.77 205.27 0.13 -1.14 1.34 
29.78 10.19 201.89 -0.12 -0.73 0.76 
18.00 7.00 216.77 0.09 -0.28 0.59 
0.91 4.63 224.44 0.40 0.26 0.61 
-28.78 -5.26 217.92 0.47 -0.36 1.14 
5.36 8.39 199.59 0.17 -0.78 1.26 
9.31 5.68 195.66 -0.04 -0.49 0.73 
-4.34 0.36 206.23 0.04 -0.65 1.16 
26.67 3.57 214.41 0.40 -0.61 1.32 
23.15 0.93 207.53 0.38 -0.25 0.63 
13.62 -7.81 185.87 -0.02 0.14 0.68 
-11.59 -3.95 178.01 0.05 -0.24 1.02 
-19.98 -2.51 187.49 0.13 -0.56 1.19 
10.19 -3.94 198.11 0.28 -0.50 1.19 
15.40 3.61 198.60 0.39 -0.32 0.77 
-15.92 -0.87 189.86 0.48 -0.56 0.88 
5.05 8.51 173.89 0.13 -1.41 1.24 
25.65 5.39 172.35 0.02 -0.48 0.83 
19.64 6.96 185.49 0.12 0.01 0.70 
11.70 -0.60 194.20 0.35 0.09 0.67 
-8.19 -1.73 190.50 0.57 -0.36 1.22 
0.30 7.47 173.17 0.40 -0.44 1.22 
11.69 5.48 166.96 -0.03 -0.53 0.84 
3.99 1.37 177.95 0.03 -0.56 0.99 
14.18 0.90 186.17 0.57 -0.72 1.46 
36.40 1.97 174.36 0.43 -0.07 0.65 
10.99 -2.20 155.82 0.17 -0.02 0.67 
-11.22 -2.42 146.35 0.06 -0.12 0.96 
-3.02 1.84 149.70 0.06 -0.60 1.25 
-2.96 0.38 160.97 0.33 -0.72 1.25 
13.62 0.63 163.70 0.40 -0.23 0.78 
-13.33 7.63 148.97 0.52 -0.57 1.13 
19.80 3.55 137.25 0.10 -0.90 1.03 
46.84 11.06 137.81 0.05 -0.47 1.11 
13.51 9.94 148.76 0.18 -0.06 0.63 
4.03 2.45 153.49 0.30 0.32 0.77 
207.76 14.91 39.12 -0.06 -0.37 1.26 
18.74 8.56 43.35 -0.05 -0.30 0.96 
15.15 6.02 58.12 0.12 -0.04 0.70 
-2.20 -5.11 63.36 0.40 0.05 0.85 
-18.23 -2.68 56.81 0.60 -0.35 1.10 
-3.60 7.85 41.54 0.40 -0.63 1.17 
15.60 4.50 32.36 0.06 -0.41 0.78 
2.36 0.99 37.99 0.18 -0.47 0.88 
10.23 0.87 49.81 0.37 -0.68 1.33 
30.64 7.08 50.07 0.58 -0.29 1.02 
16.56 2.74 37.44 0.29 -0.12 0.67 
4.46 -3.19 20.33 0.08 0.00 0.76 
-8.25 1.23 16.07 0.06 -0.48 1.07 
9.83 -4.18 29.28 0.19 -0.82 1.27 
20.98 6.62 37.77 0.41 -0.43 0.86 
4.28 1.72 29.93 0.40 -0.16 0.82 
-2.33 6.28 10.75 0.42 -0.60 1.37 
-24.15 -37.04 14.72 0.49 0.11 0.85 
-19.34 5.03 -2.39 0.53 -0.73 1.33 
10.54 4.34 -17.69 0.23 -0.49 1.09 
4.26 3.17 -18.63 0.10 -0.36 0.82 
7.04 1.41 -9.01 0.11 -0.47 1.07 
26.69 3.20 3.21 0.46 -0.54 1.33 
26.81 0.89 -8.80 0.37 -0.15 0.73 
7.24 -3.62 -26.22 0.19 0.22 0.80 
5.86 -0.56 -40.52 -0.02 0.10 0.77 
-7.57 -1.02 -33.24 -0.03 -0.33 1.30 
8.47 1.73 -19.69 0.34 -0.51 1.34 
13.06 0.32 -17.78 0.30 -0.12 0.81 
-5.66 4.87 -26.12 0.36 -0.31 0.96 
18.25 7.71 -48.15 0.26 -0.56 1.30 
15.66 4.47 -55.60 -0.02 -0.41 1.15 
17.00 7.66 -48.84 -0.03 -0.15 0.95 
14.85 6.10 -35.08 0.08 -0.07 0.80 
4.54 1.14 -28.23 0.26 0.13 0.79 
-0.24 -2.79 -33.02 0.50 -0.17 1.22 
2.38 1.29 -49.39 0.33 -0.52 1.28 
11.47 3.40 -57.20 0.07 -0.39 1.00 
2.60 2.10 -51.89 0.14 -0.37 1.02 
9.40 2.42 -40.02 0.29 -0.31 1.41 
30.34 4.04 -42.71 0.58 -0.28 0.99 
25.13 6.04 -56.64 0.26 0.19 0.85 
9.97 -3.50 -75.70 0.08 -0.06 0.79 
-2.74 -5.55 -86.15 0.01 0.03 0.99 
1.92 -0.33 -76.92 0.07 -0.34 1.11 
11.97 3.50 -61.65 0.42 -0.51 1.27 
13.09 1.70 -59.06 0.35 -0.27 0.91 
-3.39 1.43 -67.66 0.38 -0.29 0.94 
4.71 6.63 -85.65 0.26 -0.54 1.25 
21.66 5.58 -95.85 0.01 -0.56 1.14 
17.03 5.88 -89.07 -0.12 -0.25 0.81 
16.99 4.98 -75.31 0.13 0.00 0.80 
6.66 -2.64 -69.20 0.30 0.11 0.80 
-31.19 -2.56 -72.10 0.56 -0.25 1.17 
11.30 3.02 -85.30 0.20 -0.59 1.33 
13.05 5.00 -89.14 0.02 -0.40 0.80 
-2.99 -1.12 -78.02 0.03 -0.64 1.13 
24.15 -0.33 -70.20 0.48 -0.42 1.26 
23.50 5.59 -79.27 0.41 -0.15 0.83 
12.06 -1.33 -97.45 0.15 0.06 0.75 
-8.44 -2.07 -110.89 0.08 -0.04 0.94 
0.76 5.82 -107.96 -0.12 -0.32 1.17 
9.21 1.26 -94.11 0.34 -0.52 1.37 
10.62 1.61 -91.17 0.33 -0.20 0.84 
1.58 0.40 -96.98 0.26 -0.22 0.96 
9.16 8.34 -117.99 0.31 -0.48 1.25 
27.49 8.76 -127.58 -0.11 -0.60 1.03 
21.34 7.48 -119.22 0.00 -0.33 0.78 
17.46 5.99 -103.18 0.28 0.07 0.77 
3.46 -0.11 -98.22 0.39 0.02 0.87 
-22.81 -2.68 -105.08 0.52 -0.33 1.13 
14.02 7.19 -121.58 0.18 -0.78 1.10 
6.42 6.53 -121.66 0.02 -0.33 0.79 
7.09 -2.18 -109.77 0.19 -0.68 1.22 
24.54 2.82 -105.16 0.48 -0.40 1.21 
15.10 0.83 -117.55 0.32 -0.25 0.70 
10.86 -5.89 -138.04 0.13 0.15 0.81 
-29.53 -1.12 -142.35 0.06 -0.44 1.07 
12.87 3.13 -132.19 0.21 -0.58 1.22 
12.15 3.77 -125.00 0.37 -0.40 1.16 
7.50 0.83 -125.98 0.31 -0.24 0.77 
3.21 2.65 -138.84 0.38 -0.37 1.09 
22.87 8.58 -152.98 -0.07 -0.62 1.02 
16.56 4.11 -148.47 0.03 -0.34 0.96 
16.96 8.56 -137.15 0.11 -0.14 0.65 
-6.68 0.75 -131.94 0.33 0.10 0.98 
-6.21 -6.04 -136.98 0.48 -0.30 1.20 
-2.97 4.04 -151.28 0.36 -0.74 1.19 
10.01 4.43 -158.63 0.12 -0.56 0.90 
1.92 1.40 -156.66 0.18 -0.48 0.91 
18.88 -0.95 -146.83 0.16 -0.57 1.19 
22.55 5.77 -145.08 0.55 -0.48 1.13 
17.78 5.36 -155.17 0.31 0.00 0.79 
9.82 -3.86 -173.18 0.12 0.06 0.84 
1.78 -1.50 -180.71 0.04 -0.15 0.98 
-10.19 -1.80 -174.53 0.15 -0.36 1.22 
2.38 1.50 -163.91 0.27 -0.44 1.20 
10.71 3.33 -160.56 0.35 -0.34 0.94 
-3.28 1.16 -165.88 0.34 -0.28 0.89 
-1.99 4.43 -180.27 0.34 -0.75 1.29 
30.58 10.93 -187.27 -0.06 -0.58 1.08 
14.53 6.86 -177.35 -0.01 -0.29 0.83 
14.87 1.06 -168.61 0.14 -0.02 0.78 
-8.15 1.10 -170.67 0.34 -0.30 1.15 
-4.27 -3.11 -179.13 0.36 -0.43 1.08 
6.85 4.25 -191.68 0.28 -0.63 1.10 
10.27 4.56 -196.56 0.09 -0.48 0.86 
1.15 -0.55 -189.23 0.06 -0.52 0.94 
15.87 -3.33 -178.44 0.44 -0.73 1.29 
24.25 6.86 -184.02 0.57 -0.53 0.84 
19.42 4.47 -198.74 0.22 -0.19 0.62 
127.35 25.34 -317.48 0.27 -0.68 1.22 
32.74 9.83 -319.67 0.00 -0.40 1.04 
18.59 10.11 -308.06 0.12 -0.35 0.84 
8.11 1.90 -298.49 0.26 0.14 0.79 
-10.88 -6.28 -299.46 0.45 0.06 0.96 
-7.80 2.25 -309.71 0.47 -0.60 1.30 
12.30 3.69 -316.99 0.11 -0.46 0.80 
2.45 -7.98 -303.05 0.11 -0.78 1.07 
-1.10 2.57 -302.42 0.16 -0.79 1.13 
168.95 39.72 267.56 -0.01 -0.50 1.00 
-41.52 -16.84 219.85 0.31 -0.20 1.15 
4.94 5.36 209.42 0.14 -0.69 1.01 
10.45 3.27 209.57 0.08 -0.45 0.77 
5.62 -2.46 216.96 0.15 -0.63 1.01 
24.19 4.99 224.51 0.40 -0.61 1.28 
14.57 0.85 222.01 0.34 -0.08 0.84 
20.35 -0.03 207.96 0.11 0.08 0.73 
-3.85 -4.72 195.96 0.14 -0.05 0.88 
0.00 0.00 0.00 0.00 0.00 0.00 
-144.96 -41.54 23.83 1.02 -0.03 -0.08 
33.71 -5.10 -179.29 0.30 -0.44 0.87 
-4.35 -0.71 -13.50 1.02 -0.04 0.00 
-4.35 -0.71 -13.50 1.02 -0.04 0.00 
-5.73 -1.15 -13.14 1.01 -0.05 -0.01 
-2.45 -0.56 -12.81 1.01 -0.06 0.00 
-3.63 -0.88 -12.39 1.01 -0.05 0.00 
-1.91 -0.58 -12.10 1.02 -0.06 0.00 
6.72 1.66 -1.63 1.18 -0.42 0.17 
-13.63 7.94 54.40 0.32 -0.53 0.59 
-13.63 7.94 54.40 0.32 -0.53 0.59 
4.96 0.09 52.32 0.23 -0.15 0.85 
-5.81 -1.37 52.14 0.21 -0.23 0.82 
-4.86 -0.20 56.71 0.06 -0.46 1.05 
109.22 40.95 -42.76 -0.10 -0.89 1.41 
11.59 6.97 -38.63 -0.12 -0.29 0.89 
1.25 18.92 -98.83 0.06 -0.75 1.25 
-9.04 2.41 -92.91 -0.03 -0.28 0.73 
-12.39 -4.50 -73.83 0.55 -0.98 1.46 
18.56 12.00 -72.91 0.69 -0.33 0.95 
8.10 -3.90 -91.15 0.18 -0.06 0.58 
-7.25 -2.88 -103.49 -0.09 0.11 0.79 
-28.67 -8.20 -95.47 -0.09 -0.61 1.03 
-8.20 2.28 -79.25 0.60 -0.69 1.43 
-3.98 3.00 -77.85 0.49 -0.21 0.63 
-18.66 3.48 -89.51 0.39 -0.59 1.19 
8.75 6.50 -97.71 -0.06 -0.71 1.30 
15.97 7.73 -87.16 -0.06 -0.26 0.77 
-4.48 5.50 -72.60 0.18 0.19 0.62 
-19.31 -7.23 -68.51 0.49 0.14 1.05 
-14.55 0.05 -81.59 0.17 -0.49 1.49 
-5.50 3.18 -80.72 -0.09 -0.38 0.80 
-10.89 -3.07 -64.17 0.29 -0.75 1.40 
11.95 9.18 -60.37 0.59 -0.39 1.06 
0.46 -0.96 -70.12 0.23 -0.06 0.67 
-5.58 -6.18 -84.77 0.01 0.06 0.76 
-20.20 0.88 -84.55 -0.05 -0.26 1.01 
-27.93 1.23 -69.61 0.24 -0.59 1.34 
1.60 1.15 -60.42 0.32 -0.66 1.21 
-1.98 3.71 -58.92 0.21 -0.37 0.73 
-17.88 8.53 -68.81 0.36 -0.51 1.05 
-7.83 8.42 -82.14 0.07 -0.72 1.30 
27.84 8.25 -82.12 -0.29 -0.51 0.91 
12.90 8.05 -67.81 -0.15 -0.15 0.81 
-16.12 0.39 -51.13 0.10 0.00 0.75 
-19.57 -4.96 -47.06 0.40 0.00 1.07 
-20.03 10.49 -67.14 0.36 -0.44 1.24 
-5.30 2.95 -75.28 -0.02 -0.62 0.98 
-9.51 1.33 -69.05 0.02 -0.46 0.96 
-5.52 2.34 -54.08 0.14 -0.61 1.17 
18.16 11.47 -45.82 0.35 -0.26 1.38 
5.27 -3.33 -55.33 0.24 -0.06 0.75 
-5.00 -6.29 -73.37 0.04 0.10 0.82 
-21.05 -1.65 -74.15 -0.14 -0.10 0.86 
-12.91 1.53 -59.42 0.11 -0.43 1.40 
-5.09 3.35 -47.42 0.36 -0.45 1.11 
-11.25 0.26 -48.35 0.30 -0.23 0.83 
-14.40 6.49 -63.62 0.34 -0.64 1.20 
-119.44 -99.48 -219.87 0.02 0.00 0.73 
-9.82 2.64 -222.41 -0.08 -0.18 1.02 
-7.80 -0.99 -205.58 0.00 -0.58 1.29 
-1.01 3.67 -193.54 0.36 -0.36 1.10 
-11.04 0.22 -194.04 0.19 -0.25 0.89 
-13.01 5.72 -204.06 0.32 -0.42 1.01 
-3.54 6.71 -219.99 0.05 -0.68 1.36 
11.89 7.53 -217.99 -0.20 -0.39 1.07 
12.12 9.25 -198.15 0.03 -0.11 0.59 
-13.56 0.40 -184.81 0.28 0.09 0.79 
-18.76 -2.13 -188.62 0.52 -0.28 1.37 
-16.49 1.56 -200.48 0.16 -0.53 1.25 
-6.31 4.19 -201.39 0.03 -0.34 0.94 
-8.54 -0.88 -191.36 0.05 -0.54 0.98 
4.63 0.28 -176.50 0.29 -0.51 1.41 
11.86 6.23 -177.56 0.51 -0.36 0.90 
5.82 -3.60 -193.67 0.27 -0.10 0.75 
-17.18 0.60 -208.11 0.01 -0.09 0.79 
-22.52 1.58 -206.43 -0.17 -0.40 1.01 
-12.44 -3.24 -189.14 0.22 -0.89 1.36 
3.22 -1.62 -177.35 0.37 -0.53 1.00 
-11.30 2.10 -178.76 0.19 -0.42 0.91 
-15.62 4.67 -192.83 0.49 -0.58 1.05 
4.56 6.09 -206.56 0.05 -0.64 1.24 
5.84 12.64 -191.67 -0.09 -0.34 0.88 
-2.38 2.92 -174.33 0.09 0.06 0.68 
-18.87 -2.19 -168.63 0.46 -0.12 0.93 
-18.25 -0.86 -179.00 0.24 -0.56 1.18 
-3.97 5.97 -188.16 0.04 -0.69 1.08 
-7.85 3.70 -187.33 0.02 -0.51 0.93 
-11.18 -2.48 -175.06 0.00 -0.59 1.05 
5.44 4.29 -165.77 0.45 -0.54 1.34 
22.19 0.27 -178.35 0.42 -0.03 0.82 
2.63 -2.60 -194.25 -0.03 0.06 0.67 
-28.40 -1.80 -202.16 -0.24 -0.05 0.92 
-31.59 -4.14 -185.68 -0.07 -0.34 1.33 
-4.07 -0.25 -171.09 0.46 -0.59 1.17 
-2.83 1.33 -170.88 0.27 -0.37 0.91 
-13.12 2.17 -178.52 0.36 -0.42 0.94 
1.10 8.24 -192.49 0.26 -0.79 1.32 
14.77 14.09 -190.86 -0.26 -0.64 0.94 
1.73 5.98 -171.40 -0.09 -0.23 0.69 
-5.58 -0.51 -159.03 0.22 -0.03 0.81 
-16.98 -9.38 -162.06 0.50 -0.02 1.07 
-20.73 3.84 -174.44 0.30 -0.71 1.23 
-0.54 6.54 -181.59 0.00 -0.69 0.97 
-9.28 1.14 -175.94 0.04 -0.52 0.77 
-8.27 -3.52 -161.73 0.08 -0.87 1.21 
7.94 2.22 -150.81 0.52 -0.67 1.03 
1.96 1.35 -160.75 0.35 -0.34 0.62 
10.12 0.85 -179.06 0.00 -0.08 0.63 
-17.40 4.36 -183.14 -0.14 -0.37 1.06 
-23.95 -0.84 -169.25 0.14 -0.72 1.33 
2.40 2.53 -159.26 0.36 -0.29 1.04 
-19.41 0.60 -162.77 0.43 -0.30 0.90 
-7.19 2.52 -178.21 0.29 -0.60 1.27 
9.35 5.97 -180.76 -0.18 -0.65 0.97 
14.02 10.34 -164.90 0.05 -0.37 0.98 
-4.83 5.70 -146.65 0.10 0.08 0.50 
-282.14 -43.48 -155.54 -0.08 -0.46 0.86 
-19.06 0.51 -142.39 0.14 -0.54 1.26 
9.02 2.49 -128.56 0.34 -0.39 1.25 
-5.09 -1.13 -124.03 0.27 -0.14 0.74 
-18.80 1.21 -135.73 0.44 -0.24 1.17 
-6.95 2.48 -80.60 0.12 -0.05 0.76 
-13.61 -9.33 -81.48 0.44 0.10 1.07 
-13.80 -0.33 -94.24 0.24 -0.62 1.29 
-6.20 4.45 -106.60 0.16 -0.51 1.09 
-7.94 4.67 -105.17 -0.04 -0.33 0.86 
-12.47 1.51 -87.20 -0.05 -0.68 1.20 
11.69 2.88 -74.05 0.42 -0.53 1.29 
0.12 0.44 -81.98 0.34 -0.08 0.94 
6.06 -2.40 -99.37 -0.03 0.09 0.71 
-12.54 2.08 -107.93 -0.07 -0.03 0.88 
-22.01 -0.45 -102.20 -0.10 -0.19 1.23 
-16.48 -2.06 -87.48 0.14 -0.36 1.29 
-1.26 2.75 -79.28 0.28 -0.27 1.00 
-12.85 2.13 -82.98 0.33 -0.18 0.92 
-15.68 7.82 -99.13 0.16 -0.61 1.25 
1.51 1.25 -101.16 -0.15 -0.80 1.08 
6.85 7.92 -88.94 -0.04 -0.31 0.84 
-4.36 3.89 -70.63 0.08 -0.01 0.74 
-13.73 -1.50 -66.37 0.33 0.05 1.01 
-18.64 -1.40 -75.75 0.33 -0.14 1.29 
-15.02 2.71 -87.94 0.14 -0.63 1.23 
-0.48 3.88 -89.07 0.00 -0.42 0.82 
-11.72 0.92 -75.91 -0.05 -0.49 1.17 
7.06 1.38 -66.28 0.40 -0.44 1.15 
10.40 4.43 -73.03 0.38 0.00 0.87 
-2.15 -8.25 -89.55 0.03 0.22 0.68 
-17.42 1.52 -94.62 -0.09 -0.05 0.80 
-15.38 5.00 -88.39 0.01 -0.57 1.23 
-3.36 -4.33 -69.98 0.26 -0.61 1.31 
4.39 0.96 -64.29 0.33 -0.27 0.81 
-20.68 3.71 -71.10 0.38 -0.19 0.87 
-13.96 9.96 -85.93 0.22 -0.89 1.15 
18.70 9.59 -87.09 -0.16 -0.79 0.95 
6.95 3.53 -74.77 -0.06 -0.30 0.77 
9.71 2.93 -58.15 0.15 -0.05 0.72 
-11.32 3.15 -51.41 0.28 0.29 0.85 
-28.23 1.80 -60.62 0.53 -0.20 1.31 
-12.80 2.18 -74.61 0.13 -0.82 1.16 
-2.53 6.02 -77.36 0.01 -0.47 0.85 
-12.32 0.01 -66.58 -0.05 -0.57 1.00 
-3.23 -4.54 -47.94 0.25 -0.53 1.25 
9.91 1.36 -44.75 0.48 -0.50 1.10 
11.51 -0.31 -62.60 0.31 -0.09 0.72 
-10.68 2.89 -79.95 -0.07 0.03 0.72 
-14.14 2.32 -83.06 -0.07 -0.21 1.06 
-19.36 0.32 -70.41 -0.03 -0.58 1.19 
0.84 -2.84 -55.70 0.19 -0.63 1.19 
1.45 1.61 -49.63 0.30 -0.39 0.87 
-17.82 2.28 -55.59 0.29 -0.37 0.94 
-16.45 5.02 -69.29 0.31 -0.67 0.98 
-7.65 5.76 -77.99 0.09 -0.85 1.19 
9.95 9.97 -76.14 -0.06 -0.63 0.92 
3.54 6.02 -60.71 -0.11 -0.23 0.81 
-11.42 0.68 -44.02 0.12 -0.05 0.83 
-9.69 -9.54 -46.63 0.40 -0.09 1.19 
-10.42 4.41 -58.07 0.39 -0.50 1.31 
2.15 5.48 -67.24 0.05 -0.63 1.03 
-4.14 3.21 -65.45 0.01 -0.42 0.77 
-11.60 -1.27 -52.63 0.02 -0.58 1.04 
0.87 0.08 -36.98 0.42 -0.61 1.32 
13.05 5.58 -39.79 0.44 -0.33 0.93 
4.06 0.21 -56.85 0.15 -0.05 0.70 
-15.43 -3.90 -70.93 0.03 -0.12 0.87 
-21.99 4.07 -68.16 0.00 -0.58 1.13 
-16.70 -6.37 -52.61 0.06 -0.57 1.15 
5.05 2.70 -39.15 0.37 -0.44 1.08 
-3.68 1.62 -39.60 0.26 -0.18 0.86 
-15.37 5.75 -52.73 0.39 -0.57 1.06 
0.82 6.37 -66.85 0.20 -0.70 1.30 
4.74 9.35 -68.61 -0.05 -0.62 1.01 
7.92 7.30 -55.18 -0.12 -0.38 0.96 
-18.18 1.29 -30.84 0.20 0.00 0.73 
-25.32 -7.69 -24.76 0.57 -0.33 1.10 
-10.24 9.61 -34.82 0.38 -0.33 1.32 
-8.34 4.23 -44.76 0.00 -0.66 0.97 
-1.61 3.63 -44.79 0.00 -0.44 0.88 
-9.56 -1.50 -33.96 0.09 -0.48 0.97 
12.81 6.31 -19.82 0.35 -0.53 1.43 
0.70 0.35 -22.21 0.44 -0.33 0.98 
6.75 -1.78 -41.01 0.20 0.00 0.74 
-10.80 1.41 -57.74 0.00 0.04 0.78 
-16.70 -1.26 -57.20 -0.10 -0.35 1.03 
-13.49 -3.00 -41.20 0.17 -0.61 1.24 
0.38 1.14 -27.98 0.39 -0.58 1.13 
-2.66 2.26 -26.50 0.30 -0.31 0.73 
-30.50 -0.20 -35.30 0.52 -0.55 0.95 
13.74 10.26 -54.48 0.13 -0.58 1.16 
0.81 7.49 -43.57 -0.17 -0.56 0.78 
5.12 3.21 -24.18 0.14 -0.20 0.77 
-9.53 -1.03 -10.78 0.31 -0.12 0.88 
-52.37 -31.42 -145.45 0.00 0.00 0.92 
-16.15 1.76 -147.50 -0.10 -0.25 1.00 
-13.98 -3.54 -134.73 0.04 -0.35 1.13 
-3.83 -1.78 -119.52 0.24 -0.49 1.27 
-0.39 0.31 -115.51 0.26 -0.24 0.85 
-15.56 5.44 -124.39 0.32 -0.41 0.99 
1.22 7.50 -139.34 0.19 -0.61 1.30 
13.67 8.19 -141.68 -0.17 -0.58 1.09 
9.47 8.93 -127.69 -0.14 -0.10 0.90 
-5.74 3.69 -111.06 0.19 -0.14 0.67 
-5.95 2.22 -111.67 0.35 0.38 1.08 
-59.27 -1.50 -65.28 -0.01 -0.46 1.00 
2.89 2.55 -46.75 0.44 -0.50 1.40 
0.33 3.14 -52.87 0.31 -0.31 0.96 
-24.02 -11.77 -56.85 0.33 -0.32 0.89 
-10.18 3.72 -69.24 0.46 -0.52 1.16 
-5.30 6.82 -78.34 0.01 -0.67 1.21 
9.06 8.68 -69.21 -0.14 -0.28 0.78 
5.58 5.07 -51.99 0.16 0.01 0.83 
-10.93 -3.41 -45.52 0.41 0.04 0.82 
-16.48 0.04 -59.94 0.35 -0.70 1.32 
1.33 4.38 -66.87 0.06 -0.52 0.89 
-10.14 4.50 -60.21 0.05 -0.38 0.86 
-12.18 -2.52 -44.33 0.27 -1.05 1.37 
15.33 2.07 -40.43 0.42 -0.27 0.94 
-4.09 1.10 -51.61 0.29 -0.23 0.80 
-12.11 1.48 -68.89 0.10 -0.17 0.74 
-11.64 1.35 -76.13 0.00 -0.49 0.90 
21.50 17.49 53.31 -0.08 -0.29 0.79 
-0.80 2.61 72.71 0.19 -0.08 0.78 
-18.98 -10.50 79.32 0.64 0.05 1.10 
-6.77 4.21 69.37 0.26 -0.54 1.49 
-6.94 1.74 65.52 -0.07 -0.70 0.92 
-8.11 2.77 70.71 0.01 -0.20 0.83 
12.18 9.35 97.15 0.11 -0.56 1.41 
0.27 3.41 98.37 0.11 -0.56 1.42 
8.66 3.80 105.29 0.26 -0.15 1.09 
4.66 -2.66 105.30 0.18 0.12 0.80 
-1.47 -4.17 89.65 0.14 0.03 0.94 
-17.09 31.28 -3.88 0.17 -0.72 1.17 
3.79 7.31 -2.34 -0.22 -0.73 1.05 
9.72 7.49 15.68 0.00 -0.32 0.82 
4.57 3.34 30.21 0.21 0.18 0.69 
-9.57 0.98 29.07 0.49 -0.25 1.10 
-21.23 -3.95 17.25 0.38 -0.54 1.26 
-3.46 4.33 8.30 0.05 -0.50 0.99 
-8.20 3.65 11.96 0.05 -0.41 0.95 
-3.33 3.17 23.20 0.16 -0.42 0.99 
-8.17 -0.41 29.66 0.21 -0.40 0.88 
-12.78 4.06 25.28 0.24 -0.32 0.96 
-16.82 3.21 15.01 0.16 -0.41 0.91 
35.80 2.89 -60.18 0.97 -0.04 -0.38 
-4.77 -0.67 -33.44 1.01 -0.12 -0.04 
-4.77 -0.67 -33.44 1.01 -0.12 -0.04 
-4.52 -0.72 -32.94 1.01 -0.12 -0.03 
-2.26 -0.34 -32.75 1.01 -0.13 -0.04 
1.37 -0.82 -19.44 1.18 -0.74 -0.04 
-1.57 3.00 43.77 0.11 0.22 0.45 
-1.57 3.00 43.77 0.11 0.22 0.45 
-3.44 0.51 42.07 0.01 -0.28 0.84 
-2.07 4.54 42.99 0.15 -0.30 1.03 
-0.86 8.34 32.93 0.50 -0.30 1.26 
-49.06 -13.06 37.60 0.49 -0.12 0.97 
2.53 6.58 90.40 0.26 -0.28 0.80 
-14.78 7.46 82.57 0.47 -0.48 1.21 
5.88 5.66 76.10 -0.23 -1.00 1.38 
5.33 5.46 90.16 -0.17 -0.22 0.53 
-7.69 4.16 102.31 0.34 0.19 0.57 
-30.77 -1.02 95.72 0.80 -0.46 1.29 
-15.44 -3.13 87.86 -0.12 -0.77 1.03 
-20.14 -1.50 99.24 0.03 -0.40 0.88 
11.04 -2.16 112.22 0.71 -0.86 1.38 
23.27 4.85 102.34 0.49 -0.15 0.86 
-6.74 -5.38 80.98 0.12 0.06 0.56 
-29.44 2.94 82.12 -0.24 -0.79 1.03 
2.76 2.35 93.80 0.44 -0.70 1.34 
-5.71 2.50 96.75 0.33 -0.42 0.85 
-16.38 8.27 81.71 0.43 -0.53 1.18 
-0.38 4.59 67.97 -0.09 -1.19 1.30 
15.37 10.30 72.56 -0.01 -0.27 0.81 
-1.55 5.02 92.08 0.12 0.08 0.56 
-21.41 -1.37 99.53 0.63 -0.40 1.16 
-10.97 3.52 86.88 0.40 -0.38 1.32 
-6.57 2.89 81.70 0.00 -0.62 0.88 
-4.16 1.98 83.11 0.29 -0.42 1.06 
-8.47 -2.41 93.11 -0.07 -0.72 1.07 
19.63 4.97 101.92 0.65 -0.54 1.39 
23.16 2.43 90.39 0.26 -0.09 0.56 
-13.96 -1.17 74.92 0.04 -0.12 0.66 
-29.18 1.57 73.20 -0.30 -0.58 1.11 
4.04 -5.65 88.40 0.48 -1.01 1.31 
-5.39 2.73 93.65 0.32 -0.37 0.61 
-19.85 4.59 84.63 0.44 -0.48 1.08 
9.07 9.78 70.54 -0.01 -1.01 1.25 
8.97 8.99 76.98 -0.17 -0.38 0.86 
15.81 5.75 93.42 0.11 -0.11 0.63 
-27.93 3.41 99.69 0.29 0.27 0.78 
-12.58 -4.98 93.48 0.41 -0.10 1.38 
-2.97 2.80 82.29 -0.01 -0.71 1.17 
-4.57 3.38 84.91 -0.01 -0.43 0.86 
-2.66 -0.98 108.47 0.32 -0.71 1.45 
22.68 4.36 111.80 0.48 -0.35 1.03 
0.39 -4.44 97.97 0.14 0.12 0.49 
-22.76 -0.87 87.23 0.00 -0.18 0.79 
-13.14 1.57 91.07 -0.06 -0.59 1.16 
-0.84 0.75 101.61 0.25 -0.72 1.29 
-6.74 2.26 104.12 0.27 -0.30 0.66 
-14.97 8.30 93.64 0.48 -0.41 1.20 
7.84 6.06 87.33 -0.02 -0.65 1.07 
10.27 2.49 96.48 -0.14 -0.29 0.95 
-6.45 4.25 113.73 0.05 -0.17 0.61 
-11.77 -6.05 118.61 0.33 -0.04 0.82 
-24.65 0.36 113.71 0.51 -0.32 1.41 
-6.94 5.95 100.53 0.19 -0.41 1.05 
-7.11 3.21 100.13 0.04 -0.54 0.83 
-17.56 -1.51 113.20 0.00 -0.67 0.97 
14.34 1.96 124.67 0.49 -0.74 1.26 
20.49 3.14 118.98 0.35 -0.11 0.70 
2.26 -7.23 102.35 0.09 0.14 0.63 
-36.63 -2.84 92.31 0.03 -0.18 0.95 
-10.53 0.48 104.72 0.03 -0.65 1.38 
-6.27 2.53 119.31 0.37 -0.48 0.98 
-9.44 -0.45 118.30 0.40 -0.20 0.84 
-7.11 7.51 104.17 0.31 -0.68 1.34 
13.80 4.84 96.17 -0.06 -0.52 1.14 
15.96 11.11 102.06 -0.06 0.17 0.98 
-7.95 6.61 119.81 0.08 -0.02 0.66 
-28.06 -2.15 131.27 0.38 0.13 0.92 
-14.26 -0.25 123.93 0.39 -0.08 1.27 
-12.93 2.72 114.32 0.16 -0.55 1.13 
-2.95 3.70 113.91 0.01 -0.46 0.88 
-11.18 -2.04 126.96 0.01 -0.58 1.11 
1.89 2.92 139.43 0.50 -0.42 1.35 
23.22 0.03 130.83 0.36 -0.07 0.87 
-3.93 -3.44 113.70 0.02 0.10 0.65 
-15.76 -0.42 107.67 -0.14 0.04 1.02 
-26.32 2.20 120.59 -0.02 -0.52 1.25 
1.60 -1.03 134.11 0.31 -0.30 1.21 
-3.23 0.35 137.54 0.36 -0.29 0.78 
-9.19 8.56 127.07 0.38 -0.41 1.28 
6.42 7.37 114.75 0.04 -0.57 1.27 
2.07 4.89 119.85 -0.20 -0.26 1.01 
-9.75 4.31 137.23 -0.01 -0.25 0.56 
-19.35 -0.97 144.73 0.26 0.10 0.94 
-21.89 0.42 142.64 0.37 -0.25 1.13 
-5.75 4.26 127.37 0.16 -0.42 1.22 
1.63 3.60 123.44 -0.04 -0.45 0.86 
-9.85 0.19 132.83 0.00 -0.51 1.04 
-14.22 2.98 148.14 0.24 -0.49 1.38 
18.03 -0.13 146.26 0.45 -0.30 0.85 
2.75 -2.78 131.96 0.23 0.00 0.74 
-22.34 -2.22 124.11 0.09 -0.08 0.83 
-16.36 2.02 130.38 -0.08 -0.52 1.12 
-2.28 2.14 144.89 0.32 -0.56 1.32 
-3.21 2.37 150.40 0.30 -0.32 0.81 
-16.50 0.87 141.77 0.48 -0.34 0.98 
-38.11 4.82 201.59 0.23 -0.13 0.72 
-17.02 -4.78 201.92 0.52 -0.17 0.99 
-13.88 8.50 189.20 0.42 -0.62 1.23 
-7.57 6.16 180.49 -0.01 -0.70 0.84 
0.87 3.15 183.87 0.09 -0.48 0.95 
3.33 -0.24 192.00 0.09 -0.55 0.96 
1.70 2.20 206.59 0.47 -0.52 1.39 
1.33 0.03 206.88 0.32 -0.11 0.98 
-3.39 -5.76 193.60 0.27 0.18 0.77 
-12.53 -1.71 183.45 0.15 -0.19 0.87 
-11.74 5.76 186.33 0.01 -0.42 1.01 
-9.29 1.92 199.14 0.20 -0.48 1.26 
-0.01 3.77 206.50 0.31 -0.44 0.90 
-10.54 0.31 204.78 0.26 -0.33 0.89 
-13.47 4.45 191.96 0.49 -0.67 1.28 
3.71 11.89 182.33 -0.02 -0.58 1.05 
26.80 7.87 185.70 -0.11 -0.14 1.04 
-3.65 8.66 201.60 0.05 -0.14 0.74 
-22.64 0.60 212.85 0.23 0.05 0.83 
-10.92 -3.87 207.48 0.42 0.05 1.31 
-11.39 2.90 195.48 0.13 -0.45 1.23 
-2.75 3.79 192.68 0.02 -0.43 0.98 
-7.87 1.67 201.90 0.01 -0.50 1.07 
-2.33 -0.40 220.11 0.37 -0.55 1.46 
14.58 1.42 217.26 0.36 -0.09 0.74 
-6.11 -3.99 203.06 0.20 -0.08 0.87 
-6.25 2.52 195.09 -0.13 -0.16 0.84 
-20.70 5.33 204.27 0.04 -0.74 1.41 
-1.53 -2.66 215.21 0.31 -0.47 1.10 
-4.23 2.49 216.54 0.26 -0.30 0.90 
-4.81 5.74 208.29 0.39 -0.33 1.03 
-1.33 8.19 198.37 -0.02 -0.66 1.30 
10.10 4.99 204.06 -0.22 -0.38 0.81 
5.10 4.42 217.41 0.02 -0.02 0.71 
-12.11 1.11 223.36 0.23 0.10 1.01 
-20.39 -4.77 218.21 0.33 -0.29 1.05 
-5.99 0.71 204.36 0.18 -0.47 1.22 
-5.27 2.00 201.77 0.05 -0.40 0.92 
-18.99 -0.46 213.63 -0.07 -0.63 1.06 
19.00 3.51 228.98 0.46 -0.54 1.33 
9.98 -2.77 223.35 0.39 -0.20 0.69 
-5.25 -2.86 207.41 0.16 0.01 0.86 
-19.62 -0.08 198.57 0.08 -0.10 0.91 
-17.86 0.20 203.68 -0.05 -0.34 1.05 
0.59 -1.58 217.14 0.24 -0.61 1.05 
4.77 1.18 223.43 0.39 -0.46 0.98 
-10.33 5.37 221.55 0.33 -0.25 0.90 
-0.72 7.95 208.86 0.18 -0.40 1.08 
7.76 6.69 205.45 -0.15 -0.67 1.22 
4.93 3.11 214.55 -0.11 -0.30 0.80 
-3.31 1.37 229.22 0.13 -0.03 0.67 
-16.20 0.21 234.84 0.37 -0.02 1.07 
-21.53 2.37 230.15 0.31 -0.30 1.28 
-3.30 4.73 220.19 0.10 -0.52 1.11 
-3.66 3.15 219.74 0.00 -0.46 0.92 
-12.94 -1.52 237.33 0.03 -0.63 1.30 
9.38 -1.74 246.83 0.41 -0.17 1.00 
11.32 -0.56 238.11 0.34 -0.08 0.91 
-7.19 -0.56 224.17 0.07 -0.06 0.83 
-21.19 0.73 219.06 -0.02 -0.27 0.99 
-21.91 0.32 230.25 0.00 -0.61 1.27 
3.69 -0.79 239.55 0.38 -0.50 0.98 
-7.98 2.60 241.32 0.31 -0.26 0.87 
-13.97 6.25 232.17 0.38 -0.44 0.96 
1.76 7.66 221.19 0.09 -0.83 1.24 
13.71 5.04 223.94 -0.13 -0.45 1.02 
7.91 8.80 236.56 0.05 -0.02 0.75 
-3.63 0.37 245.63 0.31 0.05 0.85 
-17.29 -7.35 242.77 0.26 0.16 1.13 
-19.11 2.34 232.10 0.18 -0.40 1.31 
0.83 1.68 231.24 0.03 -0.51 0.91 
-5.57 -0.84 242.95 0.08 -0.54 0.92 
1.79 0.68 258.62 0.42 -0.66 1.35 
4.26 4.11 260.27 0.44 -0.49 0.90 
7.08 0.80 246.73 0.21 -0.08 0.76 
-12.98 1.29 232.62 0.06 -0.24 0.82 
-22.77 6.15 229.71 -0.09 -0.35 1.03 
-12.32 -2.62 243.37 0.05 -0.79 1.24 
-0.79 0.24 253.64 0.26 -0.47 1.06 
-1.90 0.52 254.86 0.25 -0.26 0.77 
-13.47 1.33 247.55 0.36 -0.37 1.01 
0.45 5.27 232.96 0.02 -0.56 1.19 
13.92 13.47 233.11 -0.01 -0.55 1.30 
7.55 5.14 246.51 0.01 -0.31 0.66 
-1.25 7.14 260.33 0.16 0.18 0.88 
-16.30 -5.55 263.05 0.45 -0.04 0.98 
-11.79 3.36 253.22 0.41 -0.37 1.31 
2.40 4.24 245.27 0.04 -0.50 1.03 
-6.96 0.91 249.96 0.05 -0.47 0.83 
-11.19 -4.14 267.15 0.07 -0.72 1.17 
9.63 1.40 276.46 0.51 -0.61 1.23 
11.89 1.78 268.59 0.33 -0.23 0.72 
-9.68 -4.18 251.95 0.09 0.00 0.76 
-18.57 1.97 243.40 0.01 -0.37 0.93 
-21.08 -0.79 250.39 0.13 -0.64 1.23 
-0.23 0.35 264.02 0.25 -0.49 1.25 
0.44 2.20 269.50 0.33 -0.24 0.86 
-14.22 2.20 265.96 0.29 -0.30 0.93 
-11.05 2.85 252.05 0.35 -0.55 1.06 
8.05 8.43 243.08 -0.03 -0.69 1.15 
11.10 9.24 253.29 -0.02 -0.25 0.94 
-6.35 5.62 269.49 0.03 -0.07 0.76 
-13.08 1.14 277.24 0.24 0.09 0.91 
-27.89 -5.10 272.05 0.35 -0.23 1.17 
-5.12 6.12 262.63 0.15 -0.49 1.15 
0.97 1.71 259.96 0.06 -0.47 0.88 
-7.76 0.79 270.32 0.01 -0.53 1.02 
1.25 3.03 287.22 0.43 -0.51 1.42 
2.17 6.80 290.94 0.41 -0.43 0.84 
7.41 -3.47 275.26 0.07 -0.11 0.71 
-15.05 -2.10 259.11 0.09 -0.09 0.84 
-20.63 -2.00 260.16 0.02 -0.34 1.10 
-4.45 4.01 273.09 0.08 -0.54 1.10 
9.74 1.34 283.17 0.42 -0.50 1.07 
2.11 -2.08 282.86 0.26 -0.25 0.93 
-13.87 6.25 276.34 0.32 -0.37 0.93 
-1.43 1.16 265.93 0.13 -0.40 1.30 
7.17 3.63 268.40 -0.07 -0.55 1.07 
6.05 9.54 280.37 0.07 -0.07 0.79 
-4.36 5.68 292.40 0.24 -0.07 0.90 
-5.18 -2.97 289.58 0.30 -0.03 1.02 
-25.37 -1.88 279.81 0.33 -0.36 1.30 
-5.30 5.50 271.43 0.12 -0.60 1.05 
-4.98 1.11 271.33 0.06 -0.41 0.87 
-10.55 -1.54 284.05 0.01 -0.53 0.99 
2.09 3.13 300.69 0.39 -0.76 1.23 
12.93 2.79 300.61 0.40 -0.33 0.98 
1.62 -4.86 285.39 0.13 -0.02 0.69 
-5.33 0.26 269.42 0.11 -0.03 0.86 
-26.09 1.99 268.18 0.02 -0.33 1.14 
-15.18 -1.95 281.81 0.16 -0.48 1.12 
1.46 1.18 294.63 0.35 -0.46 1.06 
-7.39 2.62 297.36 0.32 -0.25 0.94 
-14.12 6.17 287.20 0.34 -0.44 0.94 
-1.05 8.17 276.36 0.01 -0.90 1.23 
8.34 6.47 282.61 -0.15 -0.55 0.90 
6.72 1.68 297.63 -0.01 -0.15 0.83 
-13.07 3.53 309.21 0.27 0.02 0.85 
-10.07 -4.07 310.18 0.43 -0.15 1.28 
-21.37 0.93 299.04 0.24 -0.25 1.12 
-8.39 3.07 292.70 0.11 -0.53 1.03 
-4.90 2.40 293.30 0.07 -0.36 0.94 
-9.77 -2.11 305.76 -0.02 -0.50 1.05 
10.78 3.21 317.01 0.38 -0.69 1.17 
13.01 5.05 317.09 0.43 -0.38 0.76 
0.08 1.00 302.58 0.05 0.19 0.90 
-2.18 -2.49 286.59 -0.03 -0.01 0.83 
-21.41 -3.50 284.78 -0.03 -0.14 0.91 
-14.33 -4.03 303.44 0.18 -0.63 1.31 
-2.48 -2.05 314.70 0.31 -0.53 1.01 
-1.15 0.95 316.36 0.26 -0.44 0.88 
-15.80 4.84 312.34 0.31 -0.48 0.91 
-7.33 14.59 298.72 0.33 -0.81 0.98 
6.92 8.52 290.48 -0.03 -0.72 1.11 
15.85 4.10 296.95 -0.12 -0.42 0.88 
4.85 5.44 314.74 0.11 -0.10 0.84 
-5.02 1.65 326.59 0.23 0.07 0.84 
-18.13 -1.12 326.49 0.33 -0.03 1.14 
-18.34 2.83 316.63 0.26 -0.47 1.18 
-4.57 5.33 305.52 0.13 -0.65 0.94 
-3.83 4.54 303.64 0.06 -0.50 0.88 
-9.79 -1.25 315.69 -0.02 -0.59 0.91 
-0.58 -7.27 -319.40 0.47 -0.81 1.30 
9.08 4.19 -316.52 0.41 -0.37 1.03 
7.76 -1.89 -327.18 0.24 -0.19 0.83 
0.80 -0.73 309.90 0.20 0.00 0.77 
-15.97 1.02 300.01 -0.03 -0.05 1.02 
-23.96 1.74 307.99 0.02 -0.52 1.20 
-9.74 -4.71 323.82 0.21 -0.66 1.15 
2.91 -3.20 -323.84 0.37 -0.46 0.90 
-12.65 5.67 -326.64 0.36 -0.39 0.93 
-13.74 7.81 316.96 0.29 -0.65 0.97 
6.87 11.85 307.64 0.09 -0.62 1.17 
5.88 5.27 314.09 -0.14 -0.42 0.97 
5.68 2.08 -325.01 0.07 -0.27 0.74 
-8.08 0.84 -310.23 0.19 -0.02 0.77 
-8.11 -1.95 -309.83 0.45 -0.14 1.19 
-14.67 3.13 -318.77 0.31 -0.41 1.20 
-10.18 6.71 325.30 0.19 -0.58 0.99 
-9.42 1.69 323.77 0.04 -0.63 0.89 
-6.93 -0.40 -319.42 0.00 -0.60 0.88 
4.74 -2.24 -301.66 0.33 -0.83 1.17 
12.00 2.40 -311.19 0.36 -0.31 0.92 
0.04 2.53 -311.71 0.34 -0.29 0.91 
5.58 2.20 -326.91 0.20 -0.10 0.83 
-0.31 1.42 320.25 0.07 -0.02 0.85 
-151.41 -58.60 -207.83 0.06 -0.60 0.91 
-17.61 5.24 -273.60 0.14 -0.06 0.90 
-18.13 0.93 -279.58 0.00 -0.11 0.70 
-32.35 4.26 -287.65 0.16 -0.37 0.75 
-12.61 -25.18 -310.75 0.84 -0.31 0.71 
-24.18 -34.47 306.50 1.59 -0.29 0.14 
-22.27 6.16 313.60 1.08 -0.23 -0.01 
