-5.98 4.22 -173.78 -0.47 0.24 0.88 
-212.10 157.83 280.86 -0.92 -0.08 -1.23 
-13.78 -43.88 269.36 -0.65 -0.02 -0.63 
27.68 -47.58 248.69 0.55 -0.07 0.52 
-13.08 -15.26 243.76 0.61 -0.04 1.36 
-6.77 4.01 250.37 0.53 -0.12 0.84 
-9.44 0.63 252.73 0.57 -0.08 1.34 
10.51 7.02 294.03 0.56 -0.40 0.68 
0.85 1.34 309.90 0.23 1.10 0.88 
-8.73 -5.96 283.29 0.39 0.60 0.79 
-31.30 -5.98 237.76 0.86 0.08 0.84 
-33.09 -7.73 217.24 0.76 -0.58 0.83 
-14.54 28.15 232.70 0.75 -0.32 1.36 
-10.15 46.59 260.47 0.14 -0.29 0.49 
18.60 62.47 259.00 -0.82 0.15 -0.71 
-12.18 -12.57 258.89 -0.90 0.07 -0.92 
-9.38 -43.57 244.01 -0.52 -0.04 -0.23 
-30.27 -59.53 235.05 0.63 -0.03 1.05 
3.28 13.30 254.45 0.77 -0.55 1.03 
9.59 7.46 298.69 0.64 -0.22 0.67 
14.93 6.32 -327.01 0.32 0.76 0.84 
-22.91 -6.23 315.78 0.28 0.56 0.91 
-46.84 5.49 309.79 0.68 -0.41 1.15 
-8.62 59.88 327.17 0.35 -0.16 1.04 
0.38 52.22 -306.91 -0.16 0.09 -0.02 
4.01 34.13 -310.96 -0.70 0.30 -1.08 
-15.41 -51.01 -326.96 -0.60 0.14 -0.80 
-25.76 -48.68 298.91 0.37 0.06 0.08 
20.04 -35.27 282.87 0.65 -0.30 1.48 
28.91 12.77 318.78 0.77 -0.50 0.93 
26.98 1.27 -288.56 0.72 0.18 0.57 
-16.90 -5.27 -286.13 0.45 1.00 0.94 
-10.55 -14.18 319.92 0.48 0.67 0.75 
-27.41 -12.76 267.63 0.72 0.14 0.72 
-6.22 3.50 270.37 0.59 -0.43 1.33 
-24.94 60.66 301.24 0.29 -0.41 0.60 
13.87 51.18 319.42 -0.37 0.07 -0.71 
-29.20 -3.96 311.10 -0.74 0.09 -1.51 
-12.59 -44.20 296.79 -0.46 0.08 -0.47 
-1.53 -59.36 286.78 0.51 0.12 1.02 
-9.47 -14.86 281.45 0.82 0.09 1.40 
0.65 16.34 302.46 0.72 -0.42 0.98 
24.97 6.61 -293.11 0.63 0.32 0.59 
-19.94 -5.82 -321.14 0.49 0.70 0.79 
-27.61 -12.13 289.74 0.62 0.29 0.77 
-44.94 -4.92 259.60 0.78 -0.11 0.62 
0.70 3.45 258.68 0.80 -0.38 1.25 
-14.76 38.01 275.53 0.51 -0.16 1.14 
4.52 63.73 285.86 -0.32 -0.06 0.21 
-1.89 26.24 285.20 -0.83 0.12 -0.59 
-8.91 -10.95 283.31 -0.85 0.15 -0.77 
-8.21 -41.92 271.55 -0.63 0.00 -0.22 
-8.56 -46.75 266.27 0.33 -0.02 0.92 
2.13 -26.10 269.38 0.71 0.32 1.22 
-15.73 8.32 273.50 0.61 0.00 1.14 
7.60 12.20 303.06 0.69 -0.37 0.73 
24.77 5.18 -318.08 0.46 0.50 0.67 
-10.36 -1.32 -322.75 0.50 0.57 0.94 
-40.03 -7.99 281.78 0.66 0.36 0.80 
-23.63 -2.88 243.58 0.69 -0.30 0.77 
-1.38 -0.83 238.63 0.51 -0.37 1.07 
-11.80 27.62 245.53 0.57 -0.11 1.34 
-8.45 49.10 256.83 0.19 -0.20 0.64 
-2.44 52.75 262.27 -0.78 0.04 -0.33 
-2.85 21.24 259.72 -0.98 -0.01 -0.97 
-17.20 -23.01 255.72 -0.82 0.00 -0.69 
-12.34 -43.22 240.68 -0.36 -0.08 0.05 
2.54 -43.22 228.37 0.28 0.02 1.21 
-10.91 -9.79 222.07 0.62 -0.04 1.37 
10.85 0.60 288.43 0.43 0.64 0.86 
-8.55 0.43 282.11 0.42 0.45 1.01 
-27.04 -7.49 241.68 0.49 0.62 0.77 
-19.93 -5.01 204.30 0.67 -0.06 0.79 
-11.42 -4.37 190.72 0.68 -0.27 0.97 
-11.09 14.54 196.81 0.78 -0.08 1.47 
-18.38 42.40 210.53 0.34 -0.31 0.89 
-10.31 52.27 229.00 -0.32 -0.07 0.27 
-5.28 41.68 224.95 -0.91 0.12 -1.09 
-10.36 -30.00 217.29 -0.78 0.00 -0.66 
-4.52 -42.69 209.61 -0.55 -0.04 0.13 
3.45 -38.17 199.56 0.22 -0.08 1.04 
-4.85 -10.91 193.70 0.55 -0.02 1.37 
-2.13 6.76 209.70 0.58 -0.37 1.02 
9.74 3.63 255.77 0.50 0.05 0.70 
20.78 5.38 273.53 0.49 0.84 0.87 
-7.44 -9.97 235.31 0.35 0.60 0.71 
-26.07 -3.17 190.87 0.83 -0.14 0.79 
-20.00 -8.67 166.39 0.62 -0.06 0.86 
-9.29 5.56 167.86 0.70 -0.15 1.14 
-19.47 44.70 181.94 0.39 -0.15 1.07 
-4.36 50.57 193.32 -0.25 -0.12 0.45 
12.67 47.19 191.61 -0.84 0.16 -0.40 
-3.55 9.42 185.62 -1.02 0.02 -1.16 
-8.19 -19.08 181.83 -0.82 0.03 -0.64 
9.59 -42.40 179.90 -0.54 -0.02 0.06 
-174.97 2.47 -50.62 0.70 -0.13 0.85 
-16.24 -2.30 -64.55 0.48 -0.16 0.89 
-5.31 12.59 -59.85 0.69 -0.22 1.40 
-19.10 34.26 -44.68 0.25 -0.38 1.01 
1.97 48.26 -25.17 -0.33 -0.22 0.28 
-0.67 39.27 -14.60 -0.92 0.09 -0.36 
-11.25 -0.86 -15.60 -0.94 0.24 -1.07 
-10.75 -49.15 -34.82 -0.64 0.06 -0.10 
-11.95 -43.84 -50.78 0.08 -0.22 0.83 
3.66 -27.65 -61.83 0.77 -0.19 1.44 
-0.93 4.76 -54.26 0.67 -0.56 1.03 
4.94 2.10 -19.07 0.64 -0.38 0.70 
10.59 -5.86 17.55 0.56 0.24 0.89 
-5.98 4.74 -0.92 0.41 0.48 1.00 
-30.24 4.09 -39.69 0.49 0.16 0.88 
-15.24 -3.49 -75.04 0.50 -0.24 0.79 
-4.79 -0.57 -81.48 0.73 -0.49 1.09 
-24.15 48.82 -63.76 0.60 -0.20 1.19 
-10.41 48.20 -42.06 -0.13 -0.28 0.46 
13.96 40.04 -36.20 -1.10 0.16 -0.84 
-8.35 -1.50 -41.81 -0.98 0.12 -0.71 
-5.03 -35.38 -52.91 -0.74 0.06 -0.34 
-6.25 -47.89 -66.83 0.41 -0.04 0.36 
-8.79 -19.54 -76.96 0.68 0.02 1.51 
10.22 10.14 -54.38 0.64 -0.32 0.97 
13.66 0.71 -6.60 0.63 -0.08 0.67 
34.40 6.23 17.17 0.48 0.80 0.64 
-77.14 -45.27 -99.90 0.58 0.54 0.64 
-39.71 -14.49 -131.26 0.76 -0.18 0.81 
-6.87 3.82 -131.17 0.78 -0.30 1.28 
-25.23 40.66 -114.58 0.56 -0.22 1.15 
4.94 50.49 -99.63 -0.10 -0.04 0.36 
9.47 45.58 -92.98 -0.94 0.00 -0.65 
-14.12 -2.98 -98.99 -0.80 0.12 -0.83 
-8.97 -29.14 -106.83 -0.83 0.01 -0.54 
10.28 -43.74 -115.03 -0.31 0.01 0.21 
-4.42 -34.32 -126.22 0.60 -0.08 1.33 
-5.80 -0.32 -125.70 0.61 -0.29 1.27 
0.28 10.69 -102.89 0.53 -0.49 0.92 
26.18 6.64 -54.87 0.65 0.09 0.68 
17.94 7.01 -28.66 0.46 0.80 0.72 
-26.28 -3.21 -44.63 0.45 0.59 0.82 
-35.97 -19.49 -82.46 0.55 0.56 0.70 
-20.47 -1.78 -121.41 0.74 -0.49 0.77 
-13.65 -2.89 -134.92 0.70 -0.38 0.92 
-15.44 29.25 -120.29 0.90 -0.24 1.42 
-4.08 47.36 -104.13 0.09 -0.30 0.61 
13.92 53.07 -93.35 -0.51 0.00 -0.14 
-1.32 22.81 -92.35 -0.94 0.21 -0.92 
-14.28 -19.32 -98.41 -0.83 0.02 -0.67 
-10.61 -42.57 -111.34 -0.64 0.02 0.05 
3.98 -39.88 -127.50 0.03 -0.17 0.77 
-0.76 -14.79 -133.44 0.80 0.14 1.46 
-76.30 -30.60 -189.20 0.71 -0.32 1.04 
-10.28 17.23 -184.59 0.67 0.02 1.40 
-13.74 44.43 -170.30 0.14 -0.27 0.86 
2.64 53.13 -164.08 -0.50 0.04 0.17 
-5.52 21.47 -161.02 -0.80 0.06 -0.48 
-5.61 4.98 -161.76 -0.91 0.16 -0.56 
-14.20 -31.71 -173.28 -0.86 0.06 -0.51 
2.33 -44.65 -177.47 -0.32 0.04 0.39 
-3.01 -27.30 -182.67 0.07 0.00 1.15 
-10.92 -7.92 -187.17 0.36 0.01 1.32 
-0.68 7.80 -168.84 0.40 -0.35 1.01 
26.60 -0.73 -110.17 0.50 0.21 0.74 
-7.36 0.38 -100.10 0.37 0.33 1.01 
-3.09 1.43 -113.54 0.28 0.39 0.94 
-35.23 -15.06 -160.17 0.49 0.45 0.85 
-23.54 -0.71 -195.53 0.61 -0.13 0.83 
-12.25 -2.80 -209.26 0.62 -0.38 1.00 
-11.14 21.77 -204.41 0.67 -0.08 1.46 
-16.59 43.83 -192.96 0.20 -0.26 0.88 
-1.92 53.28 -190.04 -0.59 0.09 0.04 
-8.96 8.12 -190.65 -0.93 0.04 -0.49 
-9.66 -12.05 -194.12 -0.88 0.03 -0.48 
-1.65 -56.01 -204.15 -0.41 0.04 0.26 
-0.62 -26.80 -207.42 0.21 -0.03 1.20 
-5.52 -12.73 -210.66 0.38 0.09 1.18 
-13.36 5.23 -206.39 0.54 -0.16 1.19 
1.54 4.12 -170.65 0.48 -0.19 0.81 
9.13 -2.85 -132.93 0.56 0.35 0.86 
-1.16 -1.28 -133.39 0.45 0.35 1.01 
0.94 -2.37 -167.75 0.43 0.52 0.80 
-29.16 -3.50 -201.80 0.53 -0.15 0.80 
-15.52 -2.62 -223.52 0.52 -0.14 0.92 
-13.26 1.64 -227.87 0.68 -0.24 1.15 
-13.09 50.43 -212.31 0.33 -0.22 1.09 
-2.66 51.83 -204.34 -0.29 -0.16 0.34 
4.02 28.58 -200.88 -0.81 0.03 -0.28 
-6.92 7.80 -202.64 -0.97 0.07 -0.64 
-14.38 -19.68 -208.16 -0.88 0.04 -0.53 
0.21 -43.63 -217.49 -0.50 -0.12 0.28 
-3.24 -41.52 -223.12 0.18 -0.04 0.97 
-0.37 -13.08 -224.14 0.65 0.19 1.40 
-6.25 8.69 -211.50 0.63 -0.32 1.08 
4.04 4.23 -171.97 0.47 -0.05 0.74 
7.41 1.89 -141.01 0.39 0.54 0.83 
-2.67 -0.43 -150.46 0.37 0.64 1.04 
-18.31 -8.18 -195.46 0.42 0.47 0.76 
-11.22 32.38 -185.23 0.72 -0.14 1.38 
-11.84 40.17 -175.87 0.35 -0.19 0.98 
-0.78 50.56 -170.60 -0.30 0.00 0.39 
-2.08 24.96 -175.27 -0.87 -0.04 -0.43 
-15.00 -4.11 -178.22 -0.97 -0.04 -0.63 
-15.80 -34.60 -184.06 -0.78 -0.04 -0.24 
3.06 -46.95 -192.16 0.17 -0.06 0.37 
-1.04 -21.16 -199.50 0.47 0.09 1.39 
-0.66 6.80 -189.89 0.52 -0.36 1.08 
14.73 -0.22 -136.41 0.50 -0.01 0.80 
8.19 -1.43 -116.28 0.55 0.27 1.01 
-5.29 1.83 -132.77 0.29 0.83 0.86 
-14.01 -3.67 -177.35 0.50 0.42 0.83 
-27.45 -11.73 -208.86 0.58 -0.11 0.81 
-10.26 2.12 -213.83 0.74 -0.27 1.28 
-48.55 -167.52 -224.21 -0.85 -0.01 -0.31 
4.61 -46.30 -230.75 0.97 -0.66 3.67 
13.41 -30.79 -236.25 0.54 0.04 1.28 
-15.77 -1.55 -235.77 0.58 0.04 1.26 
-6.09 9.02 -212.38 0.63 -0.33 0.95 
22.48 0.69 -166.59 0.45 0.39 0.81 
-2.27 1.49 -174.72 0.38 0.35 0.96 
-16.63 -5.20 -213.24 0.47 0.59 0.85 
-33.97 -18.76 -252.62 0.57 -0.18 0.92 
-11.14 17.71 -248.45 0.76 -0.29 1.46 
-6.23 44.84 -233.41 0.22 -0.32 0.89 
5.32 52.77 -227.76 -0.42 0.18 0.14 
2.03 30.77 -227.90 -0.80 0.04 -0.49 
-13.00 -2.33 -230.26 -0.86 0.09 -0.90 
-22.24 -119.21 -251.13 0.08 -0.13 1.20 
-4.18 -17.86 -256.91 0.45 0.14 1.43 
17.40 8.16 -237.82 0.58 -0.44 0.93 
3.98 -2.21 -200.19 0.52 -0.08 0.72 
42.40 9.23 -177.61 0.40 0.75 0.76 
-14.38 -0.41 -197.74 0.43 0.55 0.84 
-22.30 -9.80 -245.69 0.57 0.42 0.84 
-37.74 -8.70 -275.20 0.66 -0.18 0.77 
-8.95 -0.28 -277.42 0.52 -0.29 1.18 
-11.25 30.35 -267.69 0.52 -0.20 1.32 
-3.97 61.58 -255.48 -0.33 -0.05 0.32 
2.24 35.61 -254.58 -0.83 0.03 -0.25 
-5.05 10.01 -257.65 -1.01 0.09 -0.88 
-25.36 -59.78 -267.82 -0.70 0.07 -0.21 
-3.86 -46.39 -279.98 0.08 -0.15 0.44 
-14.48 -18.13 -288.69 0.48 0.19 1.42 
-4.14 7.13 -278.26 0.42 -0.37 1.04 
-5.44 -10.00 -268.94 0.37 0.55 1.01 
-12.32 -0.54 -293.41 0.29 0.64 0.79 
-13.90 -2.28 308.14 0.60 0.18 0.89 
-16.46 -6.99 292.39 0.57 -0.37 0.98 
-16.16 22.67 298.62 0.54 -0.09 1.47 
-10.47 54.98 308.71 -0.16 0.00 0.51 
-4.20 46.92 314.45 -0.69 0.05 -0.01 
3.27 16.96 314.04 -1.03 0.10 -0.68 
-17.34 -9.40 309.43 -0.91 0.05 -0.49 
-8.42 -34.46 302.67 -0.73 0.01 0.06 
-0.03 -46.49 292.68 0.09 0.23 0.70 
-4.83 -26.98 282.46 0.68 0.08 1.43 
-8.92 7.24 284.75 0.48 -0.15 1.16 
7.68 7.93 313.73 0.42 -0.41 0.77 
9.92 1.00 -299.64 0.45 0.25 0.77 
9.58 0.98 -289.09 0.51 0.91 0.91 
-8.88 1.74 -316.59 0.42 0.48 0.69 
-54.81 -6.03 293.30 0.85 -0.18 0.83 
-20.80 -1.64 268.97 0.53 -0.24 0.81 
-11.78 9.36 270.21 0.89 -0.49 1.35 
-15.64 36.68 288.79 0.37 -0.34 1.08 
1.54 43.10 295.89 -0.47 0.04 0.36 
2.13 37.44 292.34 -0.82 0.12 -0.40 
-11.13 -5.60 289.98 -1.04 0.08 -0.72 
-3.63 -68.88 272.16 -0.44 -0.03 0.29 
-0.20 1.64 271.31 -0.38 0.00 0.33 
6.16 -36.44 259.12 0.33 -0.02 1.04 
-1.18 -10.53 256.46 0.63 0.27 1.45 
18.25 136.06 276.57 -0.60 0.04 0.18 
-53.91 -90.75 254.04 0.66 -0.17 1.42 
-8.79 5.90 261.76 0.56 -0.45 0.94 
4.85 -0.19 304.69 0.52 -0.20 0.76 
-7.88 -2.80 326.74 0.39 0.45 0.99 
-11.27 1.02 299.24 0.44 0.65 0.92 
-18.84 -12.04 254.47 0.49 0.17 0.82 
-34.16 -11.93 235.07 0.44 -0.15 0.94 
13.08 133.00 266.48 -0.24 -0.12 0.42 
10.53 37.38 268.59 -0.99 0.02 -0.38 
-11.82 -7.22 264.48 -0.94 0.12 -0.73 
-4.80 -37.37 254.24 -0.62 -0.02 -0.10 
-2.47 -41.13 247.23 0.03 -0.18 1.24 
-0.11 -18.42 239.49 0.49 -0.03 1.29 
-11.97 5.34 242.91 0.52 -0.25 1.26 
5.12 6.53 275.10 0.40 -0.17 0.79 
14.37 -6.13 309.96 0.47 0.22 0.86 
6.85 -4.66 313.21 0.41 0.46 1.04 
-8.56 1.06 271.53 0.49 0.49 0.79 
-25.14 -3.25 232.70 0.74 -0.19 0.81 
-15.02 -5.66 218.24 0.66 -0.30 0.90 
-3.31 33.43 224.82 0.79 -0.04 1.47 
-3.09 49.56 235.55 -0.11 -0.09 0.59 
7.75 53.32 242.62 -0.46 -0.02 -0.01 
-3.23 24.59 238.72 -0.93 0.18 -0.83 
-14.15 -18.35 231.36 -0.85 0.07 -0.67 
-10.51 -42.35 218.55 -0.56 -0.05 0.01 
2.70 -39.56 208.67 0.03 -0.05 1.18 
-4.49 -9.97 203.41 0.49 0.03 1.46 
4.33 5.27 228.26 0.42 -0.35 0.90 
29.65 6.60 277.40 0.46 0.48 0.75 
-9.86 -0.45 284.32 0.44 0.44 0.95 
-8.89 0.61 256.42 0.37 0.58 0.78 
-21.32 -14.85 206.51 0.48 0.23 0.74 
-20.25 -3.06 192.79 0.67 -0.41 1.03 
-11.06 25.38 199.04 0.60 -0.09 1.44 
-11.79 49.12 219.63 0.03 -0.22 0.72 
3.28 52.77 222.99 -0.55 0.19 -0.12 
-9.19 13.71 217.20 -0.91 0.04 -0.78 
-12.92 -32.80 215.92 -0.71 0.11 -0.45 
11.03 -44.12 211.29 -0.27 0.05 0.32 
-27.32 -37.79 205.59 0.37 0.16 1.20 
-14.18 -6.09 201.17 0.39 -0.07 1.31 
-7.30 5.87 212.50 0.50 -0.41 1.04 
2.23 0.61 251.98 0.47 -0.27 0.80 
5.83 -3.57 289.59 0.50 0.59 0.88 
-42.18 -8.35 145.64 1.02 0.00 -0.03 
0.00 0.00 0.00 0.00 0.00 0.00 
20.86 -1.57 1.76 1.00 0.06 -0.04 
1.14 -0.39 1.98 1.03 0.01 -0.04 
1.91 0.10 1.76 1.00 0.02 -0.04 
2.13 0.00 1.48 1.01 -0.03 -0.05 
2.80 0.00 1.02 1.01 0.00 -0.05 
6.15 0.67 -0.73 1.02 0.00 -0.04 
5.87 1.12 -1.87 1.01 0.03 -0.03 
7.86 -1.45 -3.59 1.02 0.00 -0.02 
14.67 9.01 -2.33 1.26 -0.46 0.19 
29.82 18.21 25.56 1.20 -0.48 0.15 
28.66 6.02 79.62 0.82 -0.46 0.43 
43.41 -0.65 104.69 0.27 0.18 0.51 
6.25 2.64 98.75 0.26 0.03 1.06 
-8.81 -1.49 61.42 0.53 0.37 0.88 
-19.72 -1.37 22.07 0.72 -0.21 0.75 
37.87 132.52 30.89 -0.98 -0.06 -0.55 
-4.17 -9.66 30.92 -0.90 0.10 -0.84 
1.16 -36.72 22.55 -0.76 -0.01 -0.19 
6.60 -43.36 10.34 0.10 -0.06 1.07 
14.44 -22.28 7.65 0.58 0.12 1.24 
-1.79 3.64 8.77 0.55 -0.08 1.24 
6.73 10.89 30.32 0.46 -0.37 0.89 
12.26 -4.54 72.96 0.45 -0.08 0.76 
6.71 -0.36 88.71 0.56 0.22 1.13 
-7.27 4.80 56.42 0.45 0.29 0.86 
-11.42 4.13 16.59 0.65 -0.02 0.87 
-8.00 -2.53 -5.04 0.60 -0.29 0.91 
-6.01 26.07 7.15 0.67 -0.26 1.51 
-2.16 45.68 27.99 -0.15 -0.10 0.51 
10.95 54.36 46.80 -0.51 -0.05 0.00 
20.07 27.35 50.86 -0.97 0.33 -0.78 
1.15 -28.89 41.53 -0.85 -0.09 -0.48 
15.27 -41.98 33.02 -0.37 0.05 0.26 
-4.42 -32.46 29.53 0.27 -0.10 1.12 
-4.49 -6.35 27.57 0.55 -0.05 1.44 
5.08 10.63 50.22 0.39 -0.31 0.95 
17.09 1.80 92.56 0.39 0.10 0.93 
10.82 -0.25 115.29 0.26 0.47 0.92 
1.68 -0.22 96.28 0.32 0.55 0.99 
-17.80 -5.32 57.87 0.38 0.32 0.90 
-4.20 -5.86 27.12 0.41 -0.04 0.89 
-4.94 -2.05 19.65 0.59 -0.21 1.07 
-9.22 34.81 33.34 0.55 -0.16 1.36 
11.60 49.37 48.42 -0.19 -0.07 0.45 
18.71 54.68 50.32 -0.65 0.09 -0.14 
3.55 15.69 49.87 -0.91 0.16 -0.72 
-2.64 -32.49 46.88 -0.80 0.09 -0.34 
6.96 -39.33 42.16 -0.51 0.04 0.48 
2.52 -40.71 35.88 0.20 0.07 1.07 
-6.30 -5.04 35.71 0.55 0.00 1.38 
3.44 8.30 61.80 0.46 -0.19 0.92 
20.44 -0.93 104.61 0.53 0.13 0.86 
7.78 1.66 114.72 0.39 0.44 1.00 
-10.00 0.21 95.46 0.29 0.48 0.83 
-14.50 -7.57 57.27 0.65 0.19 0.86 
-13.43 -7.23 37.45 0.62 -0.11 0.91 
-3.85 19.10 41.30 0.75 -0.15 1.49 
-5.63 49.31 56.41 0.24 -0.25 0.85 
4.15 52.97 66.23 -0.48 -0.04 0.22 
13.93 29.34 67.90 -0.80 0.03 -0.48 
-38.36 19.94 121.04 0.51 -0.49 1.22 
6.19 -1.83 167.31 0.27 -0.20 0.66 
21.41 -4.21 195.56 0.40 0.44 0.98 
-12.45 4.12 176.39 0.33 0.39 0.83 
-23.95 -8.77 133.91 0.56 0.15 0.87 
0.28 1.94 108.40 0.35 -0.20 0.87 
-6.43 8.61 111.27 0.64 -0.21 1.43 
4.85 62.23 137.00 0.07 -0.32 0.77 
17.20 54.28 145.65 -0.46 0.19 -0.10 
14.09 28.19 144.51 -0.87 0.19 -0.87 
-12.56 -26.08 136.16 -0.78 0.10 -0.84 
-2.15 -41.35 123.76 -0.48 -0.05 0.04 
6.79 -44.71 111.42 0.23 -0.07 0.89 
-6.80 -7.40 110.19 0.62 0.06 1.43 
33.44 20.54 155.03 0.56 -0.14 0.78 
20.89 5.09 196.11 0.58 0.31 0.86 
13.82 1.89 201.22 0.30 0.91 0.91 
-1.56 -12.92 157.57 0.46 0.50 0.68 
-40.78 -8.51 118.31 0.88 -0.32 0.79 
-7.87 1.31 110.48 0.58 -0.37 0.97 
-10.72 31.52 119.58 0.65 -0.22 1.46 
1.02 51.36 140.99 -0.05 -0.22 0.64 
10.43 54.00 154.03 -0.58 0.15 -0.23 
1.75 20.51 154.67 -0.93 0.20 -0.93 
-7.11 -26.20 147.42 -0.74 0.18 -0.75 
15.62 -41.23 136.97 -0.46 -0.03 0.09 
11.28 -38.70 128.42 0.45 -0.14 1.17 
-7.69 -7.03 127.02 0.59 0.13 1.42 
14.12 14.97 154.90 0.54 -0.19 0.92 
15.32 7.91 201.70 0.54 0.35 0.72 
13.41 3.30 212.41 0.30 0.78 0.96 
-1.21 -2.92 178.12 0.42 0.52 0.81 
-13.62 -15.99 138.53 0.55 0.17 0.85 
-10.43 -7.65 123.67 0.85 -0.16 1.13 
-14.52 42.82 135.71 0.70 -0.09 1.31 
-11.36 45.70 157.44 -0.27 -0.05 0.41 
17.98 54.21 165.64 -0.60 0.29 -0.24 
8.07 7.09 163.61 -0.99 0.25 -0.65 
-2.10 -24.35 157.97 -0.80 0.18 -0.48 
7.81 -41.90 142.72 -0.28 0.00 0.11 
-65.73 -30.47 -54.99 0.58 -0.26 0.87 
2.65 5.92 -57.33 0.68 -0.25 1.30 
-12.05 43.97 -43.24 0.39 -0.25 1.16 
7.64 54.40 -29.14 -0.34 -0.01 0.13 
7.92 30.40 -23.14 -0.81 0.04 -0.52 
-2.73 -4.33 -26.15 -0.82 0.14 -0.69 
0.09 -27.22 -30.58 -0.82 0.12 -0.42 
5.24 -42.15 -34.33 -0.37 0.07 0.30 
4.90 -28.44 -41.97 0.38 0.00 1.23 
0.16 -5.98 -45.68 0.54 0.02 1.29 
10.04 14.69 -21.64 0.48 -0.25 1.01 
10.33 1.95 23.85 0.39 0.01 0.77 
12.45 2.49 42.89 0.32 0.76 0.91 
-0.60 0.20 26.80 0.33 0.62 0.82 
-24.03 -12.39 -6.50 0.60 -0.15 1.04 
-15.64 43.75 6.21 0.46 -0.19 1.29 
7.98 52.70 19.91 -0.17 -0.08 0.48 
17.48 46.51 27.10 -0.83 0.15 -0.27 
3.23 14.58 23.33 -0.95 0.08 -0.64 
-4.52 -17.23 20.07 -0.88 0.12 -0.63 
2.04 -41.06 11.61 -0.60 -0.01 0.07 
2.18 -34.31 2.95 0.08 -0.08 1.06 
4.76 -9.66 2.00 0.33 0.03 1.28 
0.71 9.89 18.46 0.45 -0.46 1.07 
22.84 -0.93 71.18 0.33 0.22 0.82 
4.87 0.88 81.75 0.42 0.46 1.05 
3.27 -3.28 58.60 0.34 0.51 0.78 
-12.73 -5.20 30.44 0.68 0.12 0.88 
-12.02 -5.28 10.38 0.58 -0.02 0.91 
8.05 20.67 7.16 0.69 0.19 1.49 
-3.07 42.25 13.50 0.23 -0.21 0.97 
13.82 51.29 12.95 -0.48 0.05 0.29 
7.04 30.96 11.55 -0.87 0.00 -0.35 
-0.57 -1.57 9.70 -0.92 0.16 -0.50 
-11.89 -106.94 -7.59 0.04 0.02 0.98 
11.27 -13.70 -10.80 0.48 -0.03 1.29 
5.50 6.99 -3.07 0.54 -0.28 1.10 
6.47 5.66 25.45 0.34 -0.20 0.85 
19.05 -0.13 57.26 0.40 0.22 0.90 
15.94 3.68 58.09 0.36 0.49 0.99 
5.86 -0.24 27.27 0.31 0.38 0.82 
-14.28 -6.49 -8.69 0.51 -0.06 0.89 
-7.23 5.45 -11.38 0.65 -0.27 1.31 
-3.06 43.94 -1.55 0.19 -0.36 1.02 
9.18 47.26 4.75 -0.51 0.02 0.32 
8.96 30.72 8.29 -1.00 0.08 -0.40 
-6.97 -20.38 4.46 -0.94 0.08 -0.35 
5.41 -42.04 -0.14 -0.53 -0.02 0.26 
5.40 -35.54 -2.68 0.16 0.00 1.04 
9.25 -12.85 -5.91 0.58 0.09 1.26 
-0.53 7.75 -0.04 0.59 -0.16 1.08 
13.35 8.20 31.26 0.53 -0.16 0.82 
31.73 10.10 59.50 0.37 0.48 0.81 
12.67 4.82 60.24 0.29 0.49 0.87 
-5.29 -7.81 31.64 0.35 0.23 0.87 
-24.49 -8.25 -0.36 0.58 0.31 0.83 
-13.59 -6.25 -16.77 0.49 -0.13 0.97 
4.15 5.34 -16.45 0.40 0.05 1.11 
-5.16 28.13 -11.27 0.45 0.02 1.40 
4.38 49.88 -5.15 -0.14 -0.03 0.67 
8.36 49.51 -3.36 -0.77 0.00 -0.15 
3.94 20.68 -2.74 -0.92 0.04 -0.62 
-4.92 -30.22 -5.18 -0.87 0.03 -0.46 
15.47 -56.23 -6.03 -0.01 0.13 0.47 
6.80 -26.15 -15.00 0.56 -0.05 1.23 
1.48 3.14 -15.95 0.61 -0.20 1.21 
12.91 9.97 5.95 0.50 -0.30 0.93 
23.98 5.11 44.37 0.45 0.02 0.84 
10.04 2.08 51.73 0.26 0.63 0.90 
-2.81 -1.06 31.39 0.29 0.39 0.79 
-18.91 -8.14 -8.34 0.49 0.23 0.91 
-20.66 -5.90 -25.16 0.39 -0.06 0.90 
-4.66 0.32 -25.10 0.58 -0.18 1.24 
-11.32 37.00 -11.89 0.50 -0.28 1.31 
8.79 52.92 -1.78 -0.25 -0.05 0.47 
8.46 38.22 2.06 -1.01 0.00 -0.40 
0.19 2.34 2.70 -0.94 0.16 -0.65 
1.10 -28.74 -4.42 -0.84 0.09 -0.26 
-3.99 -26.23 -9.35 0.19 -0.19 0.85 
4.20 -24.61 -15.06 0.26 0.04 1.24 
1.26 -1.13 -16.35 0.38 -0.04 1.22 
11.09 11.01 6.67 0.42 -0.29 1.02 
30.18 9.09 51.37 0.29 0.36 0.81 
-6.11 1.64 47.96 0.28 0.65 0.91 
3.04 -2.02 17.80 0.31 0.29 0.88 
-18.31 -12.50 -15.18 0.43 0.29 0.91 
-6.72 -5.09 -24.10 0.46 -0.10 1.01 
-2.41 14.76 -20.78 0.55 -0.02 1.38 
1.91 36.37 -14.31 0.14 -0.17 1.03 
2.92 46.11 -6.07 -0.47 0.06 0.46 
13.28 40.14 -5.81 -0.82 0.11 -0.05 
8.84 7.16 -6.55 -1.08 0.01 -0.63 
0.38 -16.55 -9.51 -0.88 0.07 -0.29 
1.51 -42.27 -18.18 -0.53 -0.03 0.41 
3.41 -35.21 -18.54 0.07 0.00 0.97 
1.34 -3.18 -19.97 0.48 0.00 1.31 
5.88 6.27 -8.36 0.50 -0.24 1.05 
15.79 5.80 30.39 0.41 -0.05 0.85 
19.48 6.79 54.08 0.30 0.63 0.87 
8.14 3.59 50.29 0.27 0.37 0.94 
-6.31 -4.23 18.54 0.42 0.37 0.84 
-26.81 -12.27 -12.52 0.54 0.07 0.84 
-3.37 0.71 -20.84 0.61 -0.43 1.13 
-3.72 30.07 -15.70 0.49 -0.23 1.32 
7.53 44.30 -3.82 -0.10 -0.21 0.67 
9.10 53.78 -1.80 -0.61 0.09 0.05 
6.26 16.69 -1.08 -1.02 0.11 -0.38 
-3.05 -8.38 -3.22 -0.98 0.05 -0.38 
5.90 -35.22 -12.39 -0.72 -0.01 0.10 
13.35 -31.73 -18.58 0.00 -0.03 0.96 
5.25 -18.06 -22.85 0.40 0.00 1.36 
-0.49 5.97 -13.26 0.46 -0.31 1.21 
13.50 9.70 20.64 0.32 0.03 0.91 
25.93 2.99 53.97 0.32 0.29 0.82 
0.10 0.19 58.12 0.30 0.51 1.03 
-3.03 1.77 37.22 0.22 0.32 0.83 
-7.20 -4.14 7.97 0.40 0.33 0.91 
-6.07 -9.79 -16.06 0.60 -0.23 1.06 
-3.16 25.74 -6.38 0.69 -0.36 1.28 
0.26 39.33 12.26 0.05 -0.32 0.76 
16.22 50.15 25.16 -0.57 0.00 0.24 
6.64 27.78 24.89 -0.98 0.06 -0.34 
0.68 -1.56 26.16 -1.01 0.04 -0.34 
2.83 -34.17 19.92 -0.84 0.00 -0.03 
11.16 -38.27 15.19 -0.13 0.10 0.42 
12.41 -17.98 15.11 0.43 0.05 1.32 
-8.69 2.12 20.24 0.44 -0.18 1.13 
20.10 9.37 65.29 0.46 -0.12 0.92 
20.97 3.58 100.54 0.33 0.37 0.87 
-2.86 2.92 94.46 0.30 0.32 0.98 
-2.36 -4.03 66.24 0.25 0.44 0.83 
-4.70 -9.88 27.49 0.50 0.12 0.96 
-9.10 -4.16 11.73 0.51 -0.18 0.97 
-8.62 21.87 17.00 0.80 -0.07 1.57 
-4.46 50.82 38.02 0.08 -0.40 0.67 
5.55 49.95 47.42 -0.68 0.00 -0.01 
10.50 21.83 52.17 -1.01 -0.03 -0.51 
-3.38 -10.24 50.26 -0.95 0.04 -0.45 
10.31 -40.02 44.73 -0.70 -0.03 0.09 
3.39 -37.95 40.21 0.00 -0.02 0.89 
-1.45 -16.72 40.09 0.47 0.16 1.36 
0.92 7.98 82.80 0.46 -0.46 0.88 
23.36 -1.68 119.13 0.44 -0.01 0.87 
12.63 3.61 134.69 0.27 0.73 0.87 
7.95 2.51 125.17 0.37 0.45 0.93 
-8.45 -5.46 92.15 0.39 0.32 0.88 
-8.69 -2.70 63.77 0.50 0.07 0.88 
-0.55 -4.51 56.64 0.44 -0.15 1.08 
-10.52 30.41 62.37 0.57 -0.09 1.44 
0.37 48.80 76.60 -0.09 -0.20 0.65 
12.59 54.86 86.89 -0.75 0.03 -0.13 
8.63 13.62 87.33 -1.03 0.19 -0.64 
0.45 -26.11 79.56 -0.91 0.02 -0.20 
8.07 -35.57 74.02 -0.53 -0.08 0.44 
5.27 -27.96 64.49 0.15 -0.12 0.98 
-90.37 -48.18 -173.34 0.51 0.04 0.96 
-5.83 -2.17 -182.47 0.63 -0.52 0.99 
-7.39 26.48 -169.85 0.58 -0.25 1.41 
7.28 48.10 -152.26 -0.09 -0.18 0.62 
12.45 52.52 -144.23 -0.57 -0.03 0.01 
8.44 20.72 -143.01 -1.03 0.13 -0.68 
-3.68 -9.15 -145.19 -0.89 0.08 -0.57 
1.70 -31.21 -150.27 -0.73 0.02 -0.11 
1.47 -37.42 -159.03 -0.18 -0.03 0.40 
-16.98 -14.16 -164.83 0.60 -0.37 1.31 
-1.55 1.68 -164.96 0.65 -0.46 1.28 
13.15 7.41 -134.95 0.48 -0.30 0.90 
7.16 2.43 -113.88 0.45 -0.16 0.89 
-148.28 -209.35 70.84 0.49 -0.44 1.24 
14.40 53.40 83.19 -0.30 0.00 0.32 
21.55 36.85 82.48 -0.97 0.09 -0.57 
0.89 0.35 82.37 -0.99 -0.02 -0.67 
-1.30 -26.05 75.99 -0.80 -0.02 -0.28 
22.57 -45.05 60.59 0.36 0.10 1.16 
3.03 -23.54 55.26 0.68 -0.23 1.30 
5.40 4.72 65.52 0.69 -0.54 1.12 
17.52 5.44 104.82 0.44 -0.13 0.81 
19.05 -0.58 142.16 0.47 0.35 0.98 
1.32 1.31 131.61 0.48 0.39 1.03 
-11.93 -0.71 84.63 0.53 0.19 0.78 
-4.79 -3.63 54.44 0.57 -0.23 0.94 
-2.35 1.69 47.21 0.62 -0.51 0.96 
-7.83 28.24 61.08 0.73 -0.19 1.43 
4.28 56.31 79.49 -0.23 0.00 0.52 
16.51 47.30 89.50 -0.85 0.03 -0.31 
12.84 13.40 91.41 -1.07 0.24 -0.72 
-4.02 -17.88 84.50 -0.85 0.08 -0.41 
6.01 -41.81 75.59 -0.52 0.03 0.19 
9.37 -32.54 63.26 0.21 -0.26 0.94 
7.96 -8.69 59.14 0.53 0.01 1.33 
7.97 6.38 73.88 0.50 -0.40 0.95 
-2.35 4.63 68.33 0.43 0.17 1.00 
-1.00 0.00 29.82 0.48 0.44 0.86 
-0.74 1.87 -8.85 0.48 0.08 0.90 
0.64 1.31 -20.70 0.71 -0.53 0.97 
-5.90 21.79 -11.31 0.59 -0.10 1.43 
2.39 45.46 3.05 0.03 -0.21 0.80 
7.31 50.02 8.02 -0.58 0.00 0.14 
7.80 23.07 10.63 -1.01 0.03 -0.45 
-0.68 -103.39 1.05 0.03 0.06 1.21 
0.00 -33.56 3.24 0.45 0.21 1.27 
27.50 1.65 -121.32 0.26 0.27 0.92 
-10.85 -1.19 -153.03 0.48 0.07 0.96 
-9.07 -4.69 -178.21 0.40 -0.13 0.93 
0.21 0.72 -184.11 0.47 -0.29 1.02 
-3.45 -1.96 -184.60 0.26 -0.09 0.60 
3.56 0.25 -211.65 1.02 0.09 0.01 
4.56 0.23 -212.59 1.03 0.10 0.01 
5.65 0.29 -213.60 1.01 0.09 0.00 
2.01 0.08 -213.97 1.01 0.09 0.01 
2.65 -0.43 -214.25 1.05 0.08 0.02 
40.10 5.65 -296.60 0.28 0.26 0.99 
-4.75 -4.02 -324.46 0.43 0.25 0.93 
-8.05 -5.72 296.05 0.47 0.10 0.87 
-11.13 -6.39 276.35 0.65 -0.10 0.94 
-0.64 10.61 281.57 0.59 -0.21 1.17 
-3.71 35.79 298.20 0.36 -0.32 1.15 
8.18 51.73 312.00 -0.28 -0.08 0.46 
11.45 42.84 311.13 -0.95 -0.01 -0.24 
5.84 13.85 313.35 -0.99 0.08 -0.77 
-5.21 -17.04 309.78 -0.87 0.03 -0.40 
2.26 -35.46 302.52 -0.68 -0.03 0.20 
12.87 -27.60 294.88 -0.19 -0.04 0.78 
7.11 -19.58 289.29 0.20 -0.11 1.21 
2.89 -2.33 288.22 0.41 -0.05 1.26 
15.27 8.05 314.60 0.45 -0.36 0.95 
12.16 0.16 -303.52 0.41 0.00 0.88 
14.35 0.60 -287.63 0.35 0.38 1.02 
4.05 1.79 -305.42 0.27 0.54 0.85 
-8.72 -8.50 308.73 0.55 0.11 0.91 
-15.85 81.47 327.21 0.55 -0.03 1.45 
0.79 51.27 -316.66 -0.08 -0.15 0.50 
13.43 46.78 -312.43 -0.67 0.09 0.08 
19.09 -129.06 321.43 -0.69 0.01 0.00 
9.98 -40.01 315.39 -0.06 -0.09 0.73 
4.93 -18.01 307.03 0.66 0.02 1.37 
10.78 9.60 319.52 0.45 -0.31 1.16 
13.01 6.60 -299.33 0.47 -0.26 0.75 
17.50 1.55 -259.78 0.48 0.41 0.88 
6.57 6.82 -271.40 0.37 0.66 0.99 
3.17 -0.85 -304.83 0.33 0.27 0.83 
-6.88 -0.64 320.02 0.43 -0.05 0.85 
-3.63 -5.52 306.79 0.57 -0.28 1.02 
-8.14 26.36 315.17 0.62 -0.31 1.34 
7.90 51.25 322.27 0.03 -0.15 0.74 
6.46 54.86 -322.83 -0.61 -0.04 0.01 
5.20 24.85 -319.41 -0.88 0.03 -0.51 
0.69 1.41 -317.88 -0.88 0.25 -0.64 
1.11 -22.76 -324.70 -0.84 0.10 -0.44 
6.46 -49.47 314.05 -0.34 -0.04 0.20 
17.05 -30.30 302.58 0.32 -0.11 1.23 
-1.26 5.83 310.32 0.57 -0.32 1.31 
10.19 7.09 -311.57 0.32 -0.30 0.85 
22.63 -2.53 -270.23 0.42 0.32 0.90 
8.14 2.48 -262.09 0.31 0.44 1.00 
-5.90 4.00 -280.17 0.28 0.55 0.86 
-10.75 -3.55 -317.23 0.48 0.19 0.87 
-24.81 -3.24 307.54 0.64 -0.08 0.88 
5.01 3.39 306.67 0.55 -0.34 1.11 
-0.63 30.37 319.63 0.52 -0.12 1.31 
22.94 128.95 303.92 -1.02 0.10 -0.46 
2.01 1.09 305.18 -0.93 0.13 -0.55 
-1.78 -17.20 298.13 -0.88 0.14 -0.41 
-1.46 -41.65 287.14 -0.51 -0.01 0.27 
13.44 -41.11 269.30 0.39 -0.10 1.19 
5.25 -2.51 267.96 0.43 -0.03 1.28 
4.50 7.30 275.15 0.46 -0.22 1.04 
13.42 4.35 306.35 0.45 -0.21 0.87 
14.05 7.96 -318.87 0.38 0.33 0.92 
1.78 0.15 -313.43 0.30 0.34 1.02 
0.23 3.02 324.71 0.26 0.29 0.91 
-1.71 -5.21 288.47 0.34 0.16 0.88 
-9.96 -5.60 261.34 0.58 0.07 0.92 
-1.97 2.29 258.41 0.66 -0.26 1.11 
-0.43 28.47 265.75 0.54 -0.10 1.26 
3.17 39.25 280.15 -0.12 -0.16 0.81 
13.74 41.40 292.56 -0.61 0.00 0.31 
13.44 33.85 294.97 -0.94 0.06 -0.31 
0.94 -0.28 294.03 -1.00 0.15 -0.50 
-1.63 -14.80 291.90 -0.94 0.04 -0.27 
-3.50 -41.64 282.32 -0.51 0.02 0.27 
10.38 -29.93 271.14 0.08 -0.31 0.99 
10.35 -17.06 267.15 0.46 0.00 1.28 
5.25 5.35 274.25 0.56 -0.40 1.08 
16.19 5.95 309.63 0.47 -0.15 0.84 
23.93 3.18 -314.17 0.39 0.40 0.83 
-61.44 -16.12 245.22 0.54 0.19 0.83 
8.62 -1.85 211.50 0.42 0.05 0.83 
-18.33 86.91 235.11 0.59 0.07 1.29 
0.84 41.32 246.67 -0.07 -0.14 0.79 
12.47 50.02 252.70 -0.66 0.03 0.15 
4.10 22.62 254.79 -0.95 0.03 -0.30 
1.18 4.68 255.69 -0.99 0.22 -0.40 
30.67 39.20 309.30 0.52 -0.32 1.09 
15.74 8.50 -311.69 0.48 0.00 0.78 
15.35 1.21 -278.92 0.49 0.34 0.97 
-3.28 7.70 -286.48 0.32 0.42 0.99 
8.30 1.18 -316.37 0.35 0.34 0.87 
-18.60 -9.19 299.24 0.55 -0.08 0.99 
-4.46 -4.23 286.63 0.47 -0.16 0.90 
1.91 18.42 294.31 0.62 -0.22 1.40 
-7.08 40.14 309.63 0.25 -0.34 0.94 
33.73 53.04 318.66 -0.52 0.07 0.26 
-0.61 27.87 315.94 -0.90 -0.13 -0.24 
4.32 4.09 320.78 -1.01 0.09 -0.33 
-2.98 -7.36 319.21 -0.98 0.06 -0.32 
12.76 -41.64 313.72 -0.65 0.06 0.17 
3.19 -34.00 302.75 0.10 -0.04 0.87 
9.83 -13.18 297.82 0.46 -0.01 1.37 
-1.68 5.12 303.35 0.56 -0.35 1.19 
12.60 8.75 -322.39 0.37 -0.25 0.82 
21.88 -2.50 -283.71 0.38 0.15 0.87 
4.48 1.27 -271.76 0.42 0.12 1.02 
-0.08 4.83 -280.96 0.29 0.43 1.01 
-0.30 -4.07 326.98 0.28 0.46 0.80 
-1.90 -5.02 298.09 0.57 0.02 0.95 
-0.25 -0.16 293.53 0.50 -0.22 0.99 
1.21 11.68 297.42 0.57 -0.05 1.41 
-6.40 41.08 311.25 0.28 -0.24 1.07 
14.23 51.10 318.92 -0.48 -0.01 0.28 
13.07 42.46 313.90 -0.94 -0.08 -0.32 
1.65 6.20 317.49 -0.91 0.05 -0.59 
-4.94 -19.25 315.65 -0.91 -0.01 -0.43 
0.26 -42.01 313.00 -0.43 0.11 0.17 
7.26 -36.90 306.87 0.31 -0.05 1.13 
-3.23 -4.55 302.31 0.41 0.10 1.38 
7.24 8.30 312.65 0.52 -0.39 1.05 
11.49 3.35 -305.92 0.45 -0.14 0.79 
20.25 -0.67 -273.74 0.43 0.37 0.78 
-4.83 1.04 -273.68 0.46 0.29 0.97 
-6.59 3.01 -290.37 0.36 0.37 0.88 
-8.42 2.77 327.05 0.67 0.04 0.85 
-1.70 -0.66 301.72 0.49 -0.14 0.84 
-3.48 2.10 296.99 0.64 -0.26 1.19 
-5.94 30.75 308.89 0.48 -0.16 1.27 
4.14 45.68 323.85 -0.25 -0.09 0.63 
-3.08 44.26 -322.05 -0.55 0.01 0.21 
5.45 14.69 -318.68 -1.01 0.24 -0.59 
-0.74 -10.39 -323.14 -0.97 0.21 -0.47 
5.31 -41.00 323.98 -0.63 0.00 -0.06 
3.10 -42.53 311.18 0.07 -0.17 0.96 
5.02 -9.60 304.39 0.50 -0.07 1.26 
8.73 9.93 319.11 0.55 -0.40 0.97 
22.16 0.95 -296.64 0.52 -0.15 0.74 
17.04 -1.72 -271.22 0.47 0.45 1.07 
-2.31 2.63 -275.56 0.34 0.22 0.98 
9.81 5.76 -307.48 0.42 0.27 0.90 
-14.63 -1.35 312.33 0.65 -0.07 0.84 
-16.00 91.84 -298.59 0.39 -0.39 1.10 
10.92 47.99 -284.57 -0.35 -0.03 0.49 
14.30 54.49 -285.01 -0.76 0.04 -0.27 
1.83 6.85 -282.23 -1.03 0.01 -0.68 
-2.19 -29.42 -289.01 -0.84 0.08 -0.40 
-9.25 -43.18 -299.06 -0.22 -0.01 0.32 
15.26 -29.51 -307.04 0.52 -0.13 1.06 
1.54 -7.15 -310.47 0.63 0.03 1.29 
2.70 8.95 -301.46 0.59 -0.32 0.98 
24.09 9.22 -255.97 0.63 -0.11 0.77 
17.16 -0.39 -224.98 0.46 0.24 0.96 
-4.26 1.69 -230.41 0.27 0.28 0.98 
5.57 -0.99 -263.09 0.39 0.39 0.83 
-11.56 -8.26 -303.59 0.78 0.12 0.92 
-2.09 -4.02 -316.30 0.63 -0.34 0.91 
-0.09 18.41 -309.24 0.69 -0.22 1.39 
-1.38 61.00 -285.20 0.07 -0.24 0.69 
21.95 54.78 -273.79 -0.53 0.03 0.11 
6.42 18.81 -276.23 -0.84 -0.01 -0.79 
-6.93 -8.32 -278.78 -0.89 0.01 -0.63 
6.86 -37.48 -286.26 -0.63 0.02 -0.20 
14.68 -44.73 -298.84 0.05 -0.05 0.93 
2.88 -12.19 -305.98 0.45 0.18 1.45 
5.53 8.44 -293.39 0.55 -0.38 1.04 
16.23 0.01 -248.82 0.62 -0.23 0.70 
14.51 -2.37 -219.77 0.59 0.42 1.00 
-4.75 1.45 -220.93 0.44 0.10 1.00 
6.39 2.45 -263.13 0.48 0.36 0.87 
-14.55 1.04 -299.13 0.68 0.00 0.80 
-10.00 -2.98 -311.98 0.75 -0.43 0.85 
-8.30 15.87 -303.60 0.62 -0.27 1.33 
-9.07 39.76 -284.10 0.34 -0.37 1.05 
25.53 66.97 -264.57 -0.37 0.03 0.05 
6.64 27.67 -261.23 -0.93 0.08 -0.79 
-5.32 -9.90 -265.91 -0.86 0.14 -0.72 
-0.19 -38.43 -276.00 -0.65 0.02 -0.19 
12.43 -38.03 -291.02 0.06 -0.19 0.83 
38.22 17.91 -211.11 0.51 -0.49 0.85 
15.52 -6.07 -161.72 0.62 0.10 0.80 
10.71 3.89 -146.32 0.43 0.50 1.05 
-0.84 1.17 -160.40 0.37 0.43 0.93 
-11.82 -6.50 -199.97 0.58 0.25 0.89 
-1.11 0.90 -237.35 0.61 -0.03 0.88 
-1.62 0.23 -250.24 0.54 -0.20 0.95 
-1.15 11.62 -245.17 0.58 -0.09 1.30 
-9.36 37.50 -227.74 0.29 -0.34 1.06 
21.12 12.86 -223.05 -0.97 0.21 -0.59 
-4.09 -10.82 -227.57 -0.90 0.12 -0.52 
1.78 -41.25 -235.79 -0.54 0.10 0.06 
4.97 -34.90 -247.88 0.19 -0.20 1.02 
1.62 -10.52 -250.43 0.41 0.01 1.28 
1.78 4.05 -248.26 0.40 -0.11 1.19 
8.92 6.42 -216.54 0.47 -0.37 0.89 
-31.10 244.09 -71.63 0.38 -0.25 1.14 
8.53 37.73 -61.95 -0.27 -0.09 0.47 
15.07 48.91 -58.84 -0.75 0.01 -0.08 
6.03 8.71 -58.58 -1.06 0.16 -0.60 
1.54 -19.55 -59.40 -0.87 0.03 -0.31 
5.68 -42.42 -64.15 -0.38 0.14 0.30 
0.58 -34.60 -66.76 0.32 0.01 1.05 
0.61 -6.48 -69.10 0.54 0.17 1.35 
-3.96 5.38 -65.98 0.45 -0.17 1.03 
9.58 7.55 -38.53 0.44 -0.31 0.92 
10.36 -12.11 5.16 0.43 0.09 0.77 
13.08 -2.08 14.20 0.47 0.18 1.06 
-4.98 1.67 -1.63 0.49 0.36 0.88 
-14.54 -2.90 -37.52 0.55 0.07 0.92 
-9.34 5.69 -69.58 0.52 -0.10 0.85 
-2.90 -2.06 -76.84 0.56 -0.34 0.99 
-14.43 26.40 -66.55 0.69 -0.11 1.35 
10.02 46.68 -54.13 -0.15 -0.25 0.56 
15.22 47.67 -49.24 -1.08 0.01 -0.42 
-0.10 -1.44 -47.40 -0.89 0.07 -0.51 
2.92 -32.33 -52.11 -0.84 0.06 -0.17 
-13.45 -44.68 -61.12 0.14 0.03 0.58 
1.74 -12.59 -66.70 0.42 -0.04 1.39 
2.01 5.16 -55.04 0.38 -0.38 1.07 
10.74 3.30 -19.57 0.32 -0.23 0.87 
24.94 -2.73 12.63 0.45 0.25 0.88 
13.85 0.85 21.35 0.47 0.32 1.06 
-5.42 2.31 -1.90 0.35 0.46 0.85 
-11.95 -2.51 -37.77 0.50 0.17 0.91 
-11.59 -6.51 -62.03 0.52 -0.07 0.94 
1.55 3.90 -63.05 0.55 -0.25 1.16 
-12.91 29.38 -52.15 0.45 -0.18 1.28 
8.20 50.70 -38.93 -0.13 -0.13 0.56 
9.05 43.72 -38.84 -0.90 -0.01 -0.19 
7.71 17.42 -36.62 -0.96 -0.01 -0.51 
-0.50 -10.51 -38.35 -0.90 0.09 -0.49 
8.11 -37.09 -43.69 -0.69 0.04 0.11 
0.56 -35.66 -50.15 -0.15 -0.14 0.97 
6.66 -19.38 -54.78 0.35 0.00 1.25 
-2.83 4.30 -54.55 0.49 -0.10 1.25 
8.59 8.19 -27.53 0.41 -0.31 0.89 
5.53 -3.02 14.18 0.39 0.04 0.91 
10.53 1.53 25.27 0.30 0.46 0.99 
-7.69 -1.27 13.15 0.31 0.29 0.93 
-20.92 -0.04 -25.52 0.53 0.19 0.90 
-2.42 1.85 -55.98 0.61 -0.20 0.94 
-2.34 3.09 -59.17 0.43 -0.19 0.97 
-3.51 30.69 -51.56 0.55 0.01 1.32 
5.82 42.75 -37.41 -0.11 -0.14 0.84 
23.37 55.08 -29.95 -0.65 0.12 -0.01 
56.28 18.32 224.00 0.37 -0.09 0.89 
16.00 4.69 252.73 0.33 0.39 0.88 
8.45 2.63 260.52 0.32 0.42 0.99 
-0.49 5.21 239.59 0.25 0.51 0.93 
10.17 4.28 228.27 0.36 -0.12 1.05 
1.35 9.68 232.24 0.45 -0.02 1.35 
-3.96 40.07 242.22 0.20 -0.17 1.05 
16.59 54.12 253.51 -0.42 0.05 0.29 
5.79 22.91 251.33 -0.95 0.17 -0.23 
2.61 3.73 251.92 -1.02 0.09 -0.28 
-0.39 -26.02 248.71 -0.82 0.11 -0.06 
-2.71 -30.77 243.98 -0.09 0.13 0.88 
5.18 -32.10 239.62 0.43 0.02 1.27 
1.70 3.36 239.29 0.39 0.03 1.23 
7.86 8.80 277.82 0.41 -0.42 0.95 
22.70 -2.08 315.11 0.42 0.16 0.77 
10.97 2.55 -323.80 0.44 0.43 1.01 
5.51 5.06 307.93 0.38 0.34 0.92 
-7.06 -8.95 263.48 0.51 0.24 0.84 
-19.70 -5.35 238.33 0.56 -0.14 0.92 
8.52 17.94 246.76 0.56 -0.14 1.38 
-1.63 40.95 260.30 0.28 -0.12 1.13 
1.50 65.95 267.74 -0.60 0.08 0.04 
0.00 9.45 268.21 -0.63 0.05 -0.02 
-4.19 -57.21 263.14 -0.30 0.03 0.89 
-4.19 -57.21 263.14 -0.30 0.03 0.89 
4.34 -20.09 260.43 0.04 0.14 1.03 
-1.99 -9.37 256.72 0.37 0.00 1.19 
-4.43 -0.39 253.94 0.38 0.02 1.29 
-2.39 3.87 254.90 0.42 -0.32 1.12 
48.12 14.28 197.70 0.32 0.13 0.99 
-7.86 3.19 172.74 0.49 -0.09 0.86 
-6.27 -7.63 155.70 0.48 -0.09 1.00 
-5.45 18.82 162.53 0.50 -0.01 1.36 
-8.67 39.48 177.34 0.03 -0.28 0.90 
7.70 39.72 188.00 -0.41 -0.11 0.53 
3.76 41.20 193.26 -1.02 0.06 -0.45 
5.93 7.03 192.66 -0.94 0.17 -0.68 
5.19 -21.40 187.12 -0.84 0.09 -0.36 
2.10 -42.06 175.45 -0.45 -0.01 0.36 
17.38 -25.97 164.51 0.27 -0.18 1.16 
6.14 -2.12 161.07 0.41 -0.10 1.24 
4.06 7.78 170.63 0.50 -0.39 1.02 
16.59 5.11 209.84 0.51 -0.18 0.84 
15.13 2.39 244.37 0.55 0.34 0.94 
13.58 4.35 252.02 0.35 0.55 1.02 
3.78 5.81 232.32 0.25 0.35 0.89 
-14.66 -4.81 196.80 0.50 0.16 0.93 
-16.08 -8.38 168.47 0.48 0.06 0.97 
-3.94 0.43 165.56 0.43 -0.28 0.97 
-7.34 17.32 174.55 0.57 -0.19 1.39 
3.29 40.72 189.71 0.04 -0.29 0.91 
7.03 38.50 194.02 -0.55 0.06 0.38 
17.74 35.53 191.98 -0.96 0.11 -0.32 
2.70 0.00 192.44 -0.98 0.07 -0.50 
2.61 -24.98 187.31 -0.82 0.06 -0.20 
-5.60 -38.37 175.41 -0.29 -0.03 0.49 
9.80 -30.16 164.77 0.37 -0.09 1.12 
1.51 -0.17 164.29 0.51 0.03 1.32 
6.08 14.82 185.31 0.46 -0.39 0.95 
9.49 6.02 233.36 0.35 -0.05 0.81 
12.56 1.21 260.68 0.39 0.53 0.93 
3.34 2.71 260.31 0.34 0.29 1.02 
1.39 -3.08 234.62 0.30 0.49 0.85 
-7.20 -1.73 198.83 0.51 0.24 0.94 
-12.91 -2.65 172.80 0.48 -0.12 0.89 
-0.87 -2.27 165.85 0.55 -0.28 1.05 
-5.82 27.63 178.46 0.53 -0.20 1.30 
4.08 47.40 198.72 -0.12 -0.19 0.72 
19.51 51.77 203.87 -0.92 0.07 -0.27 
9.39 14.98 205.17 -0.96 0.09 -0.49 
-6.51 -12.25 196.18 -0.94 0.21 -0.48 
6.26 -29.69 187.13 -0.75 0.04 0.00 
3.14 -40.11 185.37 0.07 0.12 0.88 
0.66 -16.94 179.99 0.52 -0.05 1.49 
-2.48 9.25 186.72 0.47 -0.27 1.11 
9.92 4.63 219.35 0.27 -0.27 0.81 
22.06 -5.43 257.82 0.45 0.11 0.94 
15.21 -1.24 270.14 0.34 0.44 0.92 
1.86 6.77 258.25 0.38 0.16 1.00 
