-7.35 -0.63 -231.14 0.68 -0.32 0.61 
48.08 63.34 13.20 1.01 0.05 -0.11 
78.23 94.32 119.50 1.01 0.05 -0.10 
11.87 14.26 137.17 1.00 0.04 -0.13 
12.92 14.37 154.80 1.00 0.03 -0.13 
13.79 14.94 172.25 1.00 0.06 -0.12 
13.35 14.54 189.66 1.01 0.05 -0.13 
18.48 13.42 211.54 1.11 -0.10 -0.07 
15.27 8.11 284.97 1.46 -0.89 -0.48 
-83.58 226.25 220.41 -0.32 0.07 1.07 
-27.19 13.44 258.33 -0.35 -0.24 0.62 
20.90 -7.42 279.81 -0.49 -0.74 0.52 
21.67 30.03 302.70 -0.51 -0.68 0.50 
53.95 40.98 296.33 -0.52 -0.63 0.69 
60.46 33.00 281.67 -0.78 -0.26 0.33 
44.99 8.31 290.45 0.46 0.63 1.41 
12.56 19.27 309.56 -0.23 0.61 1.07 
-10.71 32.24 -325.04 -0.19 0.18 1.13 
-36.60 1.97 -270.58 -0.40 -0.53 0.30 
18.12 13.23 -240.16 -0.69 -0.66 0.68 
47.60 116.38 261.65 -0.16 0.10 1.01 
-7.38 14.26 -319.67 -0.62 -0.47 0.70 
11.93 15.07 -304.42 -0.75 -0.65 0.34 
75.50 51.83 325.73 -0.77 -0.36 0.60 
62.19 -17.49 319.51 -0.13 0.38 0.76 
-0.43 21.71 -315.91 -0.16 0.09 1.07 
7.57 19.27 -297.48 -0.12 0.23 0.94 
-27.24 29.58 -261.19 0.08 0.01 1.19 
-36.86 12.46 -213.49 -0.62 -0.76 0.46 
5.14 -5.51 -180.00 -0.55 -0.57 0.53 
166.58 83.86 -262.81 -0.78 -0.38 0.61 
47.98 12.50 -266.37 0.01 0.08 0.90 
18.36 22.87 -244.53 0.00 0.13 1.13 
12.43 20.96 -226.86 -0.11 0.21 1.00 
-15.70 36.10 -197.08 0.04 0.28 1.12 
-45.75 -0.62 -133.03 -0.42 -0.58 0.22 
13.98 8.44 -116.64 -0.80 -0.67 0.72 
16.89 16.71 -98.76 -0.52 -0.60 0.43 
36.31 39.97 -102.25 -0.44 -0.78 0.78 
60.58 55.39 -107.19 -0.78 -0.31 0.11 
37.51 -12.10 -98.31 0.41 0.15 1.09 
22.50 15.11 -81.15 -0.20 0.21 0.94 
13.82 19.29 -61.88 -0.17 0.30 0.96 
-17.84 36.44 -31.61 -0.14 0.11 1.19 
-36.66 3.48 18.39 -0.47 -0.55 0.33 
16.20 0.32 45.80 -0.58 -0.54 0.75 
11.84 20.04 67.03 -0.69 -0.60 0.34 
56.75 39.01 50.57 -0.60 -0.49 0.79 
59.31 37.31 30.46 -0.21 -0.79 0.74 
33.87 3.94 43.57 -0.11 0.12 0.95 
14.84 20.94 65.66 -0.23 0.12 1.06 
-7.99 36.56 97.01 0.06 0.09 1.15 
-36.59 4.19 148.85 -0.64 -0.67 0.36 
4.98 -0.55 177.64 -0.54 -0.49 0.67 
13.20 22.70 194.49 -0.72 -0.64 0.46 
22.25 89.08 297.13 -0.12 0.21 1.06 
-14.77 36.29 -324.86 -0.40 -0.19 1.07 
-36.65 -3.54 -274.55 -0.61 -0.63 0.24 
-9.25 1.64 -254.61 -0.59 -0.48 0.68 
10.76 19.10 -235.44 -0.71 -0.65 0.29 
35.67 31.43 -222.69 -0.61 -0.70 0.73 
60.26 43.75 -243.81 -0.57 -0.33 0.60 
55.18 4.33 -231.56 -0.14 0.09 0.93 
14.75 19.96 -212.62 -0.13 -0.08 0.94 
15.07 17.96 -194.11 -0.08 0.13 1.01 
-9.52 33.06 -164.15 0.06 0.07 1.15 
-36.48 15.05 -111.80 -0.35 -0.43 0.52 
-9.04 -4.46 -79.65 -0.62 -0.82 0.47 
11.48 16.48 -58.72 -0.70 -0.60 0.62 
14.70 21.95 -46.15 -0.57 -0.55 0.65 
58.84 42.42 -66.69 -0.48 -0.62 0.63 
60.58 4.13 -75.44 -0.25 -0.05 0.98 
7.43 18.83 -63.14 0.19 -0.02 1.13 
8.92 16.00 -47.36 -0.19 0.12 1.02 
5.15 23.47 -25.30 -0.05 0.14 1.10 
-35.45 24.77 17.14 -0.31 -0.22 0.87 
-36.46 -12.90 59.17 -0.79 -0.75 0.12 
20.34 8.69 84.51 -0.63 -0.60 0.58 
12.94 20.52 101.40 -0.68 -0.57 0.31 
11.88 21.56 116.70 -0.72 -0.66 0.46 
75.16 55.02 104.36 -0.67 -0.46 0.49 
0.17 -16.36 89.62 -0.14 -0.46 1.07 
-2.61 19.26 109.16 0.08 0.00 1.10 
9.14 17.77 126.23 -0.08 0.17 1.06 
-10.22 36.96 153.89 -0.02 0.01 1.12 
-36.12 16.78 197.09 -0.55 -0.42 0.65 
-11.43 -2.65 233.74 -0.63 -0.60 0.61 
3.39 18.64 254.81 -0.74 -0.37 0.50 
7.78 18.44 270.39 -0.70 -0.53 0.47 
59.94 34.55 261.81 -0.75 -0.42 0.72 
69.98 19.54 252.76 -0.29 -0.42 0.67 
9.33 7.38 260.92 -0.05 0.27 1.16 
11.69 18.09 277.47 -0.12 0.17 1.03 
-3.62 30.10 306.54 0.00 0.03 1.15 
-36.79 4.12 -295.71 -0.46 -0.63 0.36 
-24.64 -1.78 -259.32 -0.70 -0.53 0.49 
25.15 40.14 -220.09 -0.66 -0.73 0.26 
47.39 38.59 -218.64 -0.62 -0.71 0.61 
60.35 27.36 -231.79 -0.69 -0.39 0.30 
19.83 9.90 -225.71 0.29 0.04 1.17 
14.48 19.00 -208.11 -0.24 0.09 1.03 
6.18 31.68 -180.74 -0.16 -0.03 0.98 
-35.75 14.75 -139.86 -0.44 -0.39 0.70 
-17.27 -0.22 -100.71 -0.71 -0.76 0.31 
1.67 20.60 -79.92 -0.72 -0.52 0.42 
11.51 17.96 -62.98 -0.66 -0.66 0.37 
74.04 47.67 -69.28 -0.74 -0.41 0.75 
62.20 -24.76 -91.20 -0.24 0.25 0.28 
15.57 11.62 -78.53 0.01 0.21 1.26 
17.57 19.63 -59.60 -0.05 0.22 0.97 
-4.20 32.88 -33.04 -0.01 0.18 1.20 
-36.77 16.36 8.11 -0.39 -0.59 0.52 
-6.93 -9.08 43.91 -0.39 -0.59 0.43 
6.25 17.27 59.17 -0.69 -0.67 0.68 
7.45 17.20 77.77 -0.57 -0.72 0.31 
45.94 38.41 79.28 -0.56 -0.55 0.67 
59.37 36.46 62.69 -0.65 -0.56 0.38 
39.44 7.78 72.66 0.13 -0.19 1.03 
26.85 21.27 91.32 -0.20 -0.12 0.97 
9.85 22.43 113.60 -0.02 0.04 1.13 
-36.27 17.62 160.54 -0.39 -0.46 0.71 
-16.11 -3.67 198.96 -0.72 -0.77 0.33 
10.76 18.25 214.63 -0.76 -0.61 0.60 
11.14 18.63 229.97 -0.62 -0.60 0.42 
64.92 44.97 228.50 -0.65 -0.37 0.85 
59.88 31.80 206.15 -0.57 -0.46 0.49 
-178.41 15.01 -208.78 -0.83 -0.49 0.40 
-1.26 9.91 -188.74 -0.67 -0.59 0.56 
121.60 104.86 -223.00 -0.56 -0.56 0.62 
60.84 6.03 -238.19 -0.17 -0.13 1.01 
35.13 26.99 -210.62 -0.08 0.07 1.06 
11.12 18.82 -192.77 -0.03 0.07 1.02 
-5.53 31.64 -158.90 0.11 -0.19 1.11 
-35.45 16.70 -111.46 -0.61 -0.21 0.63 
-36.00 -2.39 -68.50 -0.67 -0.49 0.42 
16.76 19.17 -52.92 -0.66 -0.69 0.40 
10.59 22.98 -34.49 -0.67 -0.69 0.24 
28.34 29.40 -29.41 -0.56 -0.68 0.72 
59.07 48.94 -45.11 -0.54 -0.75 0.24 
60.77 8.82 -43.95 -0.16 -0.13 0.83 
11.34 18.06 -28.94 0.06 -0.08 1.10 
8.83 17.79 -12.49 -0.08 0.09 1.07 
-16.23 42.64 26.93 -0.15 -0.16 1.20 
-53.61 -6.68 79.72 -0.81 -0.43 0.35 
9.46 15.17 99.40 -0.78 -0.88 0.31 
11.38 19.62 115.55 -0.66 -0.62 0.21 
46.02 36.55 113.43 -0.61 -0.66 0.55 
50.68 36.09 99.12 -0.45 -0.89 0.33 
23.88 42.95 144.86 -0.07 -0.06 1.03 
-2.93 27.01 173.00 0.06 -0.06 1.23 
-36.46 16.28 223.83 -0.20 -0.47 0.54 
-18.16 -6.84 261.37 -0.57 -0.86 0.34 
14.78 12.83 277.27 -0.57 -0.74 0.48 
11.40 19.86 294.40 -0.65 -0.68 0.23 
14.31 21.65 308.77 -0.58 -0.72 0.47 
47.18 43.92 304.18 -0.48 -0.75 0.50 
75.59 29.54 293.41 -0.28 -0.28 0.81 
28.66 18.61 306.52 -0.02 -0.11 1.12 
11.34 18.84 324.86 -0.02 -0.09 1.04 
-12.89 34.34 -292.51 0.01 -0.32 1.02 
-36.39 9.36 -247.73 -0.70 -0.64 0.47 
-5.68 -6.91 -223.18 -0.52 -0.65 0.41 
11.58 21.05 -207.56 -0.59 -0.65 0.39 
12.74 19.40 -190.14 -0.61 -0.72 0.39 
29.10 30.83 -186.04 -0.43 -0.66 0.74 
59.73 40.07 -201.30 -0.76 -0.58 0.30 
11.68 -15.01 -198.99 0.00 0.14 1.00 
15.15 16.21 -183.43 0.00 -0.15 1.19 
14.31 18.49 -165.62 -0.02 0.01 1.05 
-5.17 26.17 -137.95 -0.06 -0.11 1.08 
-32.39 17.39 -89.65 -0.45 -0.42 0.69 
-30.77 -11.12 -48.74 -0.70 -0.84 0.33 
14.39 16.40 -32.67 -0.51 -0.66 0.63 
13.36 20.11 -16.16 -0.63 -0.72 0.33 
22.54 28.00 -2.95 -0.50 -0.71 0.63 
74.72 61.34 -14.26 -0.60 -0.46 0.40 
57.03 14.13 -20.71 0.23 -0.57 1.01 
8.61 16.23 -5.69 -0.04 -0.17 1.13 
8.41 15.28 12.08 -0.10 0.00 0.97 
-0.71 23.39 36.44 0.00 -0.01 1.03 
8.96 -12.61 98.98 -0.73 -0.66 0.56 
16.77 16.34 112.31 -0.58 -0.66 0.45 
15.89 19.32 128.98 -0.64 -0.70 0.30 
22.30 27.81 135.34 -0.57 -0.73 0.51 
54.94 33.21 124.32 -0.57 -0.54 0.63 
44.52 2.91 115.65 -0.24 -0.08 0.91 
11.97 15.89 127.35 0.03 -0.13 1.20 
15.96 23.30 150.14 -0.04 0.00 1.03 
-2.16 32.54 177.13 0.05 -0.13 1.17 
-45.50 2.95 236.96 -0.56 -0.64 0.34 
10.38 5.48 264.03 -0.69 -0.59 0.51 
14.85 22.27 286.69 -0.70 -0.65 0.32 
29.08 30.02 302.03 -0.63 -0.74 0.61 
60.32 33.61 292.70 -0.83 -0.47 0.30 
41.09 -3.68 290.34 -0.01 0.05 1.07 
11.25 13.37 302.24 0.07 -0.17 1.21 
10.15 16.70 319.33 -0.09 0.10 1.04 
-5.88 28.27 -306.80 0.09 0.03 1.16 
-34.06 22.44 -257.22 -0.26 -0.45 0.76 
-36.17 -7.47 -215.96 -0.91 -0.38 0.43 
10.57 17.54 -198.45 -0.66 -0.65 0.49 
17.00 24.75 -179.39 -0.66 -0.55 0.56 
49.12 36.62 -190.07 -0.67 -0.46 0.55 
44.23 -3.35 -202.04 -0.29 -0.11 0.87 
20.89 2.36 -196.56 0.29 0.14 1.23 
18.18 16.33 -179.11 -0.07 0.18 1.01 
-1.58 21.99 -154.49 0.10 -0.03 1.11 
-35.87 21.41 -109.50 -0.24 -0.38 0.81 
-12.50 -1.15 -71.92 -0.51 -0.81 0.25 
9.95 11.99 -49.78 -0.54 -0.72 0.56 
16.34 26.49 -29.27 -0.56 -0.65 0.43 
12.89 21.71 -14.52 -0.57 -0.67 0.55 
45.28 38.29 -24.70 -0.62 -0.49 0.62 
65.72 2.40 -29.68 0.04 0.03 0.90 
11.42 19.75 -11.19 -0.02 -0.15 1.03 
13.19 19.55 7.68 -0.02 -0.03 1.07 
4.39 26.91 39.89 0.01 -0.05 1.13 
-45.14 7.71 99.68 -0.54 -0.60 0.66 
-8.56 1.76 128.28 -0.52 -0.61 0.41 
103.01 127.04 271.40 -0.02 0.07 1.09 
-9.36 35.43 305.71 0.15 -0.06 1.12 
-36.37 6.45 -299.55 -0.54 -0.58 0.38 
-5.51 -5.03 -268.19 -0.51 -0.65 0.42 
11.47 22.57 -248.07 -0.55 -0.73 0.47 
10.54 18.92 -230.46 -0.59 -0.70 0.42 
45.62 27.95 -250.35 -0.36 -0.47 0.77 
47.67 24.40 -264.88 -0.42 -0.36 0.86 
25.27 9.42 -256.34 0.10 -0.02 1.10 
18.47 21.52 -237.72 -0.10 -0.09 0.98 
-246.37 240.56 -132.15 -0.23 -0.42 0.90 
-36.62 3.57 -88.39 -0.65 -0.72 0.41 
-9.09 -2.48 -63.80 -0.56 -0.65 0.55 
13.93 23.03 -40.92 -0.54 -0.77 0.33 
10.91 18.82 -23.89 -0.60 -0.76 0.28 
15.74 21.32 -9.92 -0.49 -0.75 0.48 
43.10 41.52 -18.06 -0.54 -0.62 0.57 
60.47 34.85 -34.34 0.37 -0.88 1.93 
26.78 5.37 -31.39 0.25 -0.07 1.08 
17.98 14.98 -13.51 -0.02 -0.03 1.06 
13.58 17.94 2.49 0.04 0.02 1.04 
10.86 17.36 24.44 0.01 -0.05 1.03 
-26.70 21.20 70.34 0.04 -0.40 1.08 
-37.41 -2.51 119.10 -0.58 -0.96 0.11 
4.90 2.68 140.84 -0.65 -0.63 0.48 
10.36 15.71 155.89 -0.67 -0.65 0.39 
11.98 18.43 173.03 -0.57 -0.80 0.27 
13.63 19.11 186.45 -0.58 -0.79 0.43 
75.04 48.05 160.50 -0.51 -0.48 0.57 
21.58 -1.66 158.36 0.17 0.00 1.08 
25.87 26.08 183.20 -0.02 -0.07 0.99 
15.70 17.06 200.30 0.00 -0.02 1.05 
-2.41 37.66 236.46 0.18 0.00 1.20 
-35.85 10.15 286.74 -0.17 -0.40 0.73 
-23.39 -4.74 325.84 -0.48 -0.82 0.22 
-0.56 8.03 -309.62 -0.52 -0.73 0.40 
13.42 25.38 -289.44 -0.61 -0.83 0.11 
9.55 17.33 -273.16 -0.55 -0.79 0.22 
36.08 39.69 -273.19 -0.42 -0.87 0.43 
51.83 38.24 -282.35 -0.42 -0.80 0.35 
38.82 14.29 -281.78 -0.02 -0.34 0.96 
9.51 16.37 -267.28 0.04 -0.07 1.04 
12.35 17.58 -250.58 -0.05 -0.05 1.06 
1.80 22.12 -225.04 0.17 -0.01 1.18 
-36.13 18.65 -172.10 -0.21 -0.52 0.85 
-36.92 -6.10 -132.14 -0.63 -0.87 0.33 
1.88 0.58 -110.98 -0.64 -0.46 0.41 
17.33 20.00 -96.21 -0.56 -0.70 0.39 
10.03 19.09 -79.34 -0.55 -0.75 0.34 
24.64 32.46 -63.62 -0.58 -0.70 0.48 
40.90 45.73 -67.54 -0.56 -0.78 0.47 
61.52 17.33 -57.33 -0.60 0.16 0.74 
19.24 -0.91 -51.93 0.19 -0.04 1.14 
18.99 13.66 -34.75 -0.11 0.07 1.02 
14.45 20.95 -14.43 -0.07 0.04 1.04 
-7.69 26.32 14.52 0.16 -0.06 1.22 
-37.01 21.50 72.02 -0.09 -0.64 0.57 
-30.93 -3.30 109.27 -0.64 -0.80 0.29 
11.09 10.42 126.98 -0.68 -0.69 0.48 
15.63 24.80 147.78 -0.65 -0.68 0.28 
13.77 19.69 163.64 -0.62 -0.71 0.34 
41.55 33.43 156.95 -0.52 -0.74 0.65 
66.97 40.62 145.04 -0.46 -0.71 0.46 
26.25 1.10 147.39 0.23 -0.05 1.12 
-178.64 -38.99 -326.82 -0.44 -0.88 0.19 
4.01 9.76 -304.00 -0.67 -0.61 0.49 
9.21 18.20 -285.51 -0.61 -0.71 0.22 
9.92 19.08 -267.63 -0.63 -0.80 0.20 
7.30 17.64 -249.54 -0.61 -0.74 0.28 
38.25 35.85 -249.95 -0.53 -0.70 0.54 
75.39 16.96 -279.42 -0.40 -0.39 0.81 
41.04 13.32 -276.06 0.09 -0.08 1.12 
17.92 19.15 -258.52 -0.03 -0.11 1.00 
11.56 17.95 -240.13 0.00 -0.05 1.04 
-3.56 33.63 -206.69 0.06 -0.29 1.08 
-36.44 11.83 -156.54 -0.33 -0.49 0.53 
-25.44 -4.63 -122.85 -0.44 -0.69 0.42 
3.31 12.07 -101.36 -0.65 -0.72 0.34 
12.31 20.63 -85.27 -0.61 -0.74 0.25 
13.86 19.40 -70.19 -0.65 -0.70 0.35 
37.32 31.23 -73.33 -0.61 -0.63 0.59 
59.29 35.84 -87.41 -0.42 -0.68 0.49 
31.58 6.85 -87.79 0.07 -0.25 1.08 
16.14 17.60 -69.44 -0.04 -0.19 0.98 
16.39 22.22 -46.16 -0.08 -0.08 1.00 
-6.21 22.17 -20.22 0.09 -0.33 1.05 
-36.29 14.84 28.55 -0.43 -0.51 0.60 
-19.51 -3.89 63.34 -0.54 -0.78 0.23 
7.43 7.79 80.29 -0.66 -0.72 0.42 
13.77 25.91 101.55 -0.64 -0.67 0.29 
11.89 20.13 118.09 -0.66 -0.70 0.28 
11.81 21.13 133.41 -0.62 -0.71 0.28 
27.04 30.28 132.30 -0.36 -0.61 0.42 
25.44 25.84 107.50 -0.08 -0.71 0.26 
-11.98 -0.90 85.88 0.68 -0.48 0.44 
-20.31 -6.07 79.70 1.34 -0.31 0.20 
-18.37 -5.56 75.99 1.22 0.04 -0.15 
4.18 14.99 103.24 1.06 -0.13 -0.19 
29.63 22.93 128.20 1.02 0.09 -0.01 
9.69 13.21 145.26 0.99 0.00 -0.12 
24.74 15.52 161.91 1.01 0.07 -0.03 
24.25 14.37 173.72 1.01 0.05 -0.07 
13.75 17.69 192.09 1.01 0.10 -0.06 
72.09 96.54 -268.27 -0.01 -0.61 -0.74 
24.51 29.84 125.11 1.02 0.00 -0.03 
19.97 -40.02 -326.35 0.70 -1.06 -0.41 
-6.23 -17.83 -279.69 -0.13 -0.51 -0.15 
20.68 18.85 -269.91 -0.54 -0.73 0.30 
33.41 26.82 -254.60 -0.58 -0.74 0.34 
59.74 46.03 -261.88 -0.73 -0.61 0.48 
61.51 3.50 -265.02 -0.83 0.17 0.68 
-1.80 10.12 -256.76 0.38 0.08 1.40 
0.12 19.65 -238.16 -0.07 0.27 1.05 
-17.11 31.18 -206.13 -0.08 -0.08 1.10 
-37.11 10.93 -160.76 -0.47 -0.74 0.21 
-12.06 -5.42 -127.63 -0.46 -0.65 0.25 
11.45 15.72 -112.29 -0.70 -0.74 0.45 
4.96 18.02 -94.73 -0.60 -0.68 0.27 
15.34 18.52 -81.01 -0.64 -0.71 0.36 
45.68 35.15 -81.12 -0.57 -0.61 0.62 
60.48 31.34 -97.74 -0.80 -0.28 0.53 
32.97 6.81 -93.12 0.45 -0.04 1.43 
-240.90 13.80 310.91 -0.24 -0.93 0.27 
-18.11 -11.42 -313.04 -0.22 -0.83 0.02 
14.40 2.67 -291.20 -0.76 -0.71 0.54 
42.92 51.50 -246.87 -0.62 -0.73 0.39 
59.53 47.30 -255.36 -0.58 -0.48 0.61 
60.64 3.05 -274.91 -0.23 -0.14 1.17 
25.22 9.93 -267.22 0.24 0.01 1.33 
15.19 20.14 -249.28 -0.10 0.05 1.02 
11.33 24.95 -222.21 0.06 0.15 1.10 
-45.89 16.50 -160.50 -0.24 -0.75 0.59 
-22.74 -8.35 -116.11 -0.44 -0.80 0.24 
31.59 24.00 -99.28 -0.62 -0.86 0.41 
8.94 19.66 -81.23 -0.54 -0.74 0.30 
12.88 19.16 -64.60 -0.62 -0.76 0.29 
39.97 39.12 -67.46 -0.38 -0.69 0.62 
59.22 49.62 -75.49 -0.35 -0.79 0.41 
47.80 4.15 -68.93 0.13 0.00 0.96 
5.57 18.30 -47.95 0.00 -0.22 1.00 
4.19 16.19 -30.80 -0.01 0.02 1.02 
4.90 19.26 -10.83 0.09 0.14 1.11 
-5.01 40.54 23.23 0.10 -0.16 1.15 
-36.68 1.24 66.55 -0.52 -0.54 0.15 
4.28 2.28 91.22 -0.69 -0.93 0.45 
10.40 17.70 106.48 -0.61 -0.70 0.26 
12.13 21.27 124.69 -0.66 -0.82 0.13 
13.13 18.52 138.80 -0.59 -0.74 0.33 
46.61 35.16 130.24 -0.67 -0.52 0.60 
54.68 8.86 115.10 -0.27 -0.26 0.68 
15.25 4.15 121.85 0.43 0.10 1.23 
22.22 20.56 140.48 -0.04 0.26 1.04 
76.54 93.98 272.57 -0.64 -0.79 0.23 
16.80 17.46 281.46 -0.62 -0.67 0.39 
60.04 40.57 276.77 -0.66 -0.61 0.57 
60.58 14.24 264.09 -0.48 -0.21 0.71 
19.44 8.43 264.34 0.50 0.27 1.31 
19.76 19.78 282.74 -0.02 0.27 1.04 
16.45 19.33 300.54 -0.03 0.13 1.07 
-5.85 31.69 -324.42 0.06 0.03 1.07 
-30.42 25.51 -286.30 -0.41 -0.56 0.69 
-36.71 -0.18 -234.00 -0.70 -0.65 0.29 
-4.68 4.99 -216.32 -0.73 -0.72 0.34 
10.97 18.00 -199.79 -0.67 -0.66 0.18 
8.41 19.31 -184.64 -0.64 -0.74 0.15 
19.89 22.91 -168.67 -0.65 -0.75 0.41 
59.59 40.00 -181.23 -0.75 -0.54 0.48 
23.10 7.20 -188.70 -0.16 -0.22 0.91 
5.68 21.34 -174.40 -0.12 -0.19 1.11 
8.56 17.40 -160.04 -0.04 -0.13 1.04 
7.71 18.89 -136.91 -0.05 -0.02 1.06 
-36.21 18.31 -92.89 0.10 -0.55 0.86 
-26.00 -4.15 -49.20 -0.37 -0.84 0.05 
13.75 0.15 -26.17 -0.58 -0.70 0.50 
16.64 17.57 -9.99 -0.61 -0.70 0.32 
9.88 19.96 6.62 -0.59 -0.72 0.26 
11.64 20.81 22.29 -0.60 -0.69 0.37 
47.57 41.49 24.83 -0.56 -0.82 0.48 
60.14 22.29 9.21 -0.71 -0.42 0.55 
28.26 -2.53 6.72 0.00 0.00 1.04 
23.63 24.22 29.70 -0.08 0.05 1.04 
10.88 24.93 55.48 -0.02 0.06 1.07 
-5.43 34.27 97.04 -0.10 -0.34 1.00 
-36.99 -8.37 143.81 -0.42 -0.97 0.48 
-15.75 1.07 176.00 -0.77 -0.77 0.39 
11.01 21.69 198.28 -0.56 -0.72 0.30 
6.49 18.02 215.36 -0.58 -0.79 0.26 
26.77 26.76 222.80 -0.46 -0.79 0.69 
53.37 42.47 202.19 -0.55 -0.78 0.45 
63.93 1.68 208.48 0.21 0.02 1.00 
9.57 20.95 227.97 0.30 0.00 1.16 
8.19 16.55 245.11 0.09 0.13 1.01 
16.71 18.92 263.82 0.01 0.27 1.09 
-18.83 32.90 297.84 0.03 -0.13 1.13 
-36.67 -4.09 -300.76 -0.48 -0.67 0.50 
-9.71 1.76 -270.08 -0.53 -0.78 0.45 
8.36 19.74 -254.64 -0.64 -0.66 0.50 
9.95 17.71 -237.61 -0.58 -0.75 0.29 
11.48 19.45 -220.02 -0.61 -0.77 0.31 
16.26 23.26 -204.50 -0.54 -0.71 0.52 
53.85 41.51 -213.76 -0.60 -0.56 0.53 
59.57 29.56 -228.24 -0.16 -0.65 0.79 
24.70 3.89 -228.37 0.29 -0.18 1.16 
17.97 14.90 -209.21 0.06 0.08 1.10 
16.30 22.21 -187.44 0.06 -0.06 0.98 
-12.23 32.11 -141.26 0.16 0.04 1.17 
-37.33 4.71 -87.89 -0.28 -0.87 0.40 
-14.59 -6.09 -53.82 -0.48 -0.74 0.33 
14.53 21.31 -33.07 -0.62 -0.77 0.37 
9.71 18.25 -16.76 -0.62 -0.69 0.17 
15.40 24.26 5.40 -0.60 -0.75 0.23 
19.37 26.79 23.29 -0.58 -0.79 0.31 
73.85 71.28 25.49 -0.60 -0.69 0.25 
49.94 -13.73 13.32 0.00 0.27 0.99 
32.38 24.98 35.60 0.00 -0.32 1.11 
11.69 18.18 53.12 0.13 -0.14 1.02 
13.04 18.85 72.87 0.04 0.03 1.09 
-7.21 27.93 110.38 0.02 0.01 1.09 
-37.00 2.78 168.11 -0.48 -0.79 0.36 
-27.97 -1.87 206.45 -0.56 -0.73 0.41 
21.77 19.42 224.75 -0.55 -0.75 0.51 
12.79 20.54 240.99 -0.55 -0.75 0.31 
11.42 18.63 257.98 -0.53 -0.76 0.33 
64.92 53.52 250.50 -0.50 -0.75 0.72 
59.95 35.94 231.46 -0.34 -0.41 0.63 
30.90 -0.66 228.87 0.40 -0.14 1.22 
13.75 21.29 246.55 0.05 -0.07 0.96 
14.18 17.69 264.83 0.04 0.09 1.03 
8.66 27.74 293.64 0.19 0.07 1.19 
-36.82 10.14 -309.15 -0.08 -0.81 0.62 
-26.08 -8.80 -259.61 -0.52 -0.75 0.52 
17.12 15.15 -243.81 -0.53 -0.66 0.61 
14.77 22.84 -227.16 -0.64 -0.69 0.34 
12.53 18.87 -210.35 -0.61 -0.70 0.34 
33.35 42.99 -196.50 -0.51 -0.67 0.67 
47.26 37.22 -207.03 -0.51 -0.54 0.49 
61.41 1.95 -224.98 -0.08 -0.01 0.99 
9.95 14.09 -212.74 0.01 -0.15 1.18 
14.60 22.47 -190.22 -0.04 0.04 1.04 
-7.24 30.18 -162.62 0.08 -0.02 1.17 
-36.68 14.06 -116.46 -0.48 -0.54 0.43 
-15.47 -0.93 -84.39 -0.77 -0.75 0.09 
7.04 5.42 -67.78 -0.65 -0.70 0.37 
12.41 19.30 -51.85 -0.62 -0.75 0.27 
11.10 20.63 -34.04 -0.58 -0.76 0.29 
16.18 20.87 -16.46 -0.57 -0.76 0.36 
59.73 51.77 -21.29 -0.60 -0.60 0.61 
59.65 40.26 -28.41 -0.69 -0.62 0.44 
33.03 -7.21 -31.76 0.19 -0.07 1.18 
17.23 14.33 -12.85 -0.10 0.15 1.14 
11.78 21.04 11.11 0.02 -0.02 1.07 
-11.38 31.85 51.25 0.12 -0.44 0.98 
-36.37 13.16 99.76 -0.54 -0.54 0.48 
-11.04 -1.14 129.89 -0.65 -0.53 0.36 
12.92 17.39 143.22 -0.75 -0.64 0.29 
9.16 17.00 160.52 -0.66 -0.68 0.30 
15.01 19.44 175.46 -0.63 -0.66 0.40 
51.79 45.19 168.87 -0.53 -0.57 0.64 
59.06 32.33 149.82 -0.36 -0.77 0.47 
11.25 3.46 148.40 0.33 -0.11 1.08 
18.92 18.66 165.90 -0.03 -0.07 1.06 
17.66 22.76 189.59 0.00 -0.05 1.03 
-13.05 30.97 233.55 -0.07 -0.13 1.07 
-37.25 10.60 277.61 -0.40 -0.71 0.32 
-14.56 -1.50 309.05 -0.69 -0.74 0.30 
13.21 8.16 326.50 -0.66 -0.76 0.47 
10.64 19.99 -312.79 -0.59 -0.69 0.32 
11.34 19.09 -295.14 -0.61 -0.70 0.33 
16.67 27.10 -280.94 -0.61 -0.61 0.65 
40.09 43.78 -291.70 -0.35 -0.70 0.48 
59.67 39.02 -310.60 0.05 -0.41 0.73 
16.70 13.86 -297.23 0.16 -0.06 1.15 
10.47 16.01 -280.54 -0.02 0.05 1.07 
12.53 19.05 -262.24 0.00 0.02 1.04 
-17.15 31.91 -224.33 0.04 -0.08 1.06 
-37.58 1.79 -173.16 -0.33 -0.77 0.22 
-11.53 -8.59 -140.56 -0.70 -0.64 0.34 
19.11 13.01 -128.49 -0.49 -0.75 0.55 
10.92 19.68 -110.76 -0.61 -0.72 0.34 
15.02 19.68 -95.32 -0.55 -0.73 0.48 
37.82 42.98 -94.52 -0.48 -0.57 0.75 
60.14 25.11 -117.20 -0.53 -0.28 0.27 
61.32 13.18 -117.69 0.45 -0.07 1.27 
23.70 24.86 -93.47 -0.04 0.30 1.03 
11.45 19.76 -74.97 0.02 0.19 1.03 
-21.99 28.46 -41.53 -0.12 0.00 1.17 
-36.89 -1.28 7.33 -0.57 -0.76 0.30 
-3.83 -17.42 30.83 -0.54 -1.00 0.38 
7.75 13.48 47.39 -0.53 -0.71 0.40 
10.04 19.69 64.38 -0.57 -0.78 0.31 
16.77 23.57 78.95 -0.54 -0.80 0.50 
59.14 49.77 70.89 -0.55 -0.65 0.51 
76.57 -11.05 52.23 -0.02 0.31 1.01 
16.26 11.97 63.78 0.16 -0.07 1.24 
9.17 18.12 80.84 0.01 0.04 1.06 
12.56 18.95 98.52 -0.02 0.12 1.05 
-43.03 28.29 158.86 0.01 -0.46 0.84 
-36.49 -8.94 210.10 -0.59 -0.59 0.15 
4.29 8.48 240.04 -0.86 -0.68 0.50 
19.79 17.69 254.74 -0.60 -0.65 0.34 
12.06 21.59 270.02 -0.64 -0.68 0.39 
17.16 26.45 280.53 -0.54 -0.72 0.64 
59.59 45.94 266.90 -0.60 -0.79 0.45 
47.85 -1.62 261.92 -0.02 -0.13 1.02 
3.44 17.61 276.97 0.12 -0.02 1.16 
6.43 14.55 293.76 0.03 0.03 1.02 
4.92 26.11 318.82 0.07 0.05 1.09 
-35.38 15.68 -292.32 -0.15 -0.25 0.76 
-27.94 2.21 -242.77 -0.67 -0.81 0.11 
10.88 4.90 -218.34 -0.80 -0.61 0.62 
7.07 18.23 -202.38 -0.67 -0.59 0.36 
10.72 19.40 -185.47 -0.67 -0.71 0.32 
9.83 17.53 -168.51 -0.63 -0.64 0.43 
50.46 38.40 -183.67 -0.56 -0.47 0.69 
50.63 13.72 -214.76 -0.42 -0.52 0.62 
12.72 24.78 -191.93 0.00 -0.31 1.17 
5.44 16.21 -175.45 -0.03 0.09 1.02 
-2.25 29.90 -144.18 0.09 -0.05 1.17 
-45.13 23.31 -80.06 -0.20 -0.55 0.65 
-14.33 2.96 -39.96 -0.49 -0.76 0.40 
239.84 -15.97 -52.92 0.34 -0.10 1.11 
21.77 21.60 -33.26 0.02 -0.16 0.95 
15.11 17.72 -16.49 0.01 0.05 1.03 
4.92 25.54 10.31 0.04 0.09 1.17 
-36.36 0.98 61.71 0.00 -0.61 0.70 
-25.25 -4.61 105.36 -0.59 -0.77 0.22 
-6.03 12.26 138.45 -0.77 -0.67 0.37 
17.68 19.96 153.89 -0.69 -0.68 0.31 
11.37 19.47 171.20 -0.64 -0.66 0.25 
20.61 23.52 182.21 -0.62 -0.76 0.50 
58.87 46.93 168.29 -0.45 -0.76 0.48 
48.58 0.96 162.30 0.10 0.00 1.15 
12.85 19.32 177.67 -0.02 -0.21 1.13 
18.30 20.79 199.24 0.02 -0.05 1.04 
-2.99 25.41 227.13 0.12 -0.07 1.11 
-36.43 9.94 271.09 -0.21 -0.57 0.69 
-27.67 -10.22 323.45 -0.79 -0.79 0.32 
7.68 7.42 -314.87 -0.56 -0.68 0.42 
10.71 19.20 -298.69 -0.56 -0.77 0.33 
11.02 18.85 -281.34 -0.57 -0.72 0.33 
20.08 24.33 -277.28 -0.41 -0.78 0.72 
54.31 50.67 -289.32 -0.43 -0.77 0.44 
60.39 9.90 -308.18 -0.25 -0.29 0.83 
13.22 14.31 -297.63 0.23 -0.08 1.16 
9.85 16.01 -281.10 -0.06 0.00 1.05 
0.20 22.03 -255.38 0.04 -0.03 1.08 
-26.56 24.02 -208.38 -0.27 -0.50 0.80 
-36.66 -1.73 -173.62 -0.74 -0.76 0.27 
6.88 5.92 -146.80 -0.54 -0.76 0.32 
10.93 18.33 -129.45 -0.55 -0.71 0.33 
10.55 19.30 -111.96 -0.57 -0.78 0.26 
18.25 21.50 -99.42 -0.54 -0.81 0.51 
60.25 50.61 -110.33 -0.52 -0.76 0.44 
30.49 9.65 -109.29 -0.22 -0.43 0.91 
3.55 20.65 -94.29 0.06 0.00 1.06 
5.16 16.54 -76.44 -0.08 0.13 1.01 
11.57 19.14 -57.48 -0.01 0.05 1.03 
4.58 29.87 -25.88 0.10 0.09 1.06 
-45.69 11.66 32.11 -0.44 -0.75 0.48 
-8.76 -1.89 63.67 -0.80 -0.64 0.35 
7.01 12.19 78.49 -0.70 -0.59 0.41 
12.16 19.78 96.15 -0.66 -0.71 0.22 
12.95 18.18 113.39 -0.64 -0.71 0.29 
23.58 25.48 126.04 -0.55 -0.80 0.53 
107.04 7.81 92.68 -0.46 -0.10 0.85 
4.26 2.82 91.31 -0.34 -0.08 0.99 
25.12 12.15 94.17 0.38 0.04 1.14 
9.70 11.93 103.34 0.01 -0.12 0.95 
3.46 12.36 115.80 -0.03 -0.03 1.04 
8.51 9.76 124.60 -0.06 -0.03 1.06 
8.49 12.62 137.78 -0.01 -0.03 1.04 
0.38 12.70 151.54 0.11 -0.05 1.11 
-26.95 15.41 183.72 -0.13 -0.36 0.91 
-19.66 1.34 211.40 -0.27 -0.77 0.34 
54.73 86.05 -254.69 0.05 0.03 1.06 
-0.63 0.86 -140.45 -0.66 -0.51 0.59 
4.47 10.69 -122.24 -0.54 -0.71 0.52 
12.63 22.93 -100.94 -0.61 -0.66 0.40 
11.31 19.74 -82.80 -0.61 -0.70 0.40 
15.42 19.56 -68.62 -0.56 -0.71 0.58 
60.04 43.33 -86.44 -0.58 -0.45 0.64 
49.91 10.44 -96.01 -0.14 -0.02 1.05 
17.86 1.90 -89.13 0.21 0.18 1.17 
14.18 16.74 -71.75 -0.09 0.18 1.09 
11.35 17.42 -54.68 -0.07 0.14 1.01 
4.05 23.00 -30.62 0.05 0.00 1.16 
-15.43 35.13 14.19 -0.16 -0.24 0.97 
-36.30 1.98 57.05 -0.72 -0.66 0.36 
8.05 5.27 79.81 -0.58 -0.69 0.34 
13.59 20.14 94.95 -0.63 -0.77 0.29 
13.51 19.49 112.57 -0.64 -0.71 0.19 
9.97 19.98 129.88 -0.66 -0.69 0.22 
11.28 22.93 143.81 -0.56 -0.66 0.45 
47.22 47.78 138.93 -0.57 -0.91 0.29 
59.76 12.25 119.00 -0.63 -0.44 0.61 
27.81 11.60 124.01 0.29 0.19 1.14 
16.17 13.75 141.12 -0.09 0.11 1.09 
14.70 17.99 158.62 -0.04 0.09 1.01 
-8.84 13.12 184.99 0.25 0.05 1.04 
-28.29 21.72 237.82 -0.01 -0.48 0.93 
-36.10 3.46 292.22 -0.64 -0.48 0.55 
-1.05 14.39 312.64 -0.60 -0.73 0.35 
8.52 19.53 -324.92 -0.64 -0.74 0.24 
10.88 19.30 -306.01 -0.66 -0.78 0.19 
9.87 19.53 -290.08 -0.64 -0.71 0.27 
36.82 33.11 -296.58 -0.46 -0.77 0.60 
59.60 38.21 -311.35 -0.68 -0.61 0.36 
39.14 8.79 -305.80 0.15 0.01 1.14 
12.29 16.03 -293.17 0.11 -0.02 1.20 
10.60 17.29 -275.72 -0.09 0.19 0.95 
10.94 16.43 -258.27 -0.01 0.16 1.03 
22.27 26.39 222.26 1.00 0.00 -0.07 
108.04 96.80 315.67 1.01 0.00 -0.05 
20.88 18.55 -317.20 1.02 0.03 -0.01 
14.79 14.79 -299.89 1.01 0.03 0.00 
14.74 12.40 -282.72 1.02 0.04 0.00 
13.73 17.74 -261.08 1.01 0.03 -0.01 
13.12 14.17 -243.30 1.03 0.02 -0.01 
14.11 14.66 -225.74 1.01 0.03 -0.01 
66.03 68.56 -136.61 1.14 -0.14 0.06 
8.28 13.26 -68.87 1.44 -0.88 -0.18 
-5.74 -19.32 -1.13 0.41 -0.81 -0.40 
14.89 5.15 25.86 -0.44 -0.33 0.22 
8.31 16.77 41.49 -0.76 -0.59 0.09 
33.68 30.62 55.08 -0.63 -0.83 0.41 
59.30 45.93 41.68 -0.59 -0.76 0.43 
37.93 -0.98 35.28 -0.08 0.04 0.94 
17.82 20.66 58.33 -0.16 0.00 1.05 
12.43 18.27 76.07 -0.07 0.07 1.02 
6.92 21.46 96.86 0.02 0.14 1.08 
-27.21 25.58 136.51 -0.31 -0.32 0.94 
-36.09 9.35 176.72 -0.79 -0.49 0.35 
-15.10 3.56 200.01 -0.89 -0.79 0.29 
19.41 18.08 214.12 -0.68 -0.56 0.27 
85.07 77.66 282.52 0.19 -0.16 1.30 
5.92 16.60 298.58 -0.10 0.05 1.01 
10.41 17.59 315.68 -0.10 0.02 1.03 
-15.44 31.56 -309.09 0.11 -0.23 1.11 
-36.66 10.62 -261.35 -0.30 -0.67 0.51 
-19.79 -2.99 -231.82 -0.69 -0.64 0.23 
1.11 1.70 -216.97 -0.50 -0.84 0.46 
14.70 19.13 -199.56 -0.60 -0.71 0.25 
10.26 18.60 -182.01 -0.63 -0.73 0.25 
31.79 35.73 -170.06 -0.49 -0.79 0.68 
59.30 53.22 -182.95 -0.58 -0.70 0.33 
39.86 -9.71 -189.51 0.33 -0.05 1.02 
17.60 19.15 -171.00 -0.08 -0.10 1.07 
15.83 20.30 -153.24 -0.06 -0.03 1.03 
-3.98 31.29 -121.62 0.09 -0.08 1.18 
-36.11 21.41 -76.33 -0.43 -0.45 0.65 
-14.45 -4.69 -42.60 -0.65 -0.71 0.35 
33.99 48.71 4.41 -0.66 -0.69 0.24 
13.41 20.07 20.92 -0.64 -0.66 0.33 
55.36 45.19 17.57 -0.62 -0.77 0.52 
60.76 23.28 5.97 -0.49 -0.22 0.56 
29.72 -0.58 5.00 0.36 0.35 1.25 
23.69 18.83 24.93 -0.10 0.24 1.03 
15.72 20.85 44.07 -0.09 0.13 1.06 
8.65 21.35 65.03 -0.06 0.07 1.07 
-15.95 32.94 104.52 -0.26 -0.25 0.89 
-36.54 5.11 146.25 -0.68 -0.67 0.36 
-9.42 -0.65 176.18 -0.84 -0.75 0.35 
33.12 46.51 222.70 -0.64 -0.68 0.34 
13.95 21.31 237.52 -0.55 -0.73 0.44 
53.50 43.29 230.47 -0.62 -0.70 0.52 
57.35 -0.63 217.39 -0.27 -0.07 0.85 
1.75 10.39 224.48 0.24 0.00 1.25 
8.12 18.98 241.38 -0.01 0.08 1.05 
13.43 17.79 259.23 -0.05 0.03 1.04 
3.76 26.37 288.42 0.09 -0.05 1.15 
-34.48 22.60 -322.24 -0.27 -0.36 0.88 
-34.35 0.38 -285.08 -0.58 -0.63 0.31 
10.83 20.88 -259.60 -0.71 -0.72 0.37 
12.09 18.25 -243.34 -0.68 -0.67 0.16 
9.58 18.45 -226.60 -0.70 -0.68 0.16 
13.81 18.70 -209.62 -0.67 -0.75 0.25 
57.28 42.14 -207.01 -0.66 -0.67 0.46 
60.64 20.76 -207.56 -0.63 -0.18 0.55 
24.17 -0.31 -206.29 0.13 0.12 1.19 
21.43 18.30 -188.07 -0.01 0.05 1.09 
12.12 17.94 -170.15 -0.02 0.05 1.07 
11.19 21.62 -146.49 -0.07 0.03 1.09 
-27.08 27.14 -104.49 -0.09 -0.28 0.96 
-45.97 -7.04 -51.95 -0.48 -0.95 0.08 
9.82 7.00 -37.20 -0.50 -0.74 0.49 
87.74 105.68 222.20 -0.70 -0.68 0.19 
6.75 14.59 235.41 -0.62 -0.75 0.22 
9.23 18.42 251.54 -0.65 -0.73 0.19 
15.35 20.30 266.59 -0.58 -0.80 0.36 
59.50 42.90 266.40 -0.66 -0.68 0.43 
55.56 20.29 256.61 -0.61 -0.36 0.71 
32.91 6.14 260.83 0.03 -0.13 1.05 
13.25 16.96 279.87 -0.16 0.03 1.01 
13.21 15.86 296.59 -0.08 0.08 1.00 
7.29 18.73 317.25 -0.01 0.05 1.10 
-21.23 29.11 -301.66 0.03 -0.20 1.01 
-37.21 -1.63 -252.00 -0.47 -0.73 0.26 
280.36 -96.59 -287.52 0.13 0.22 1.21 
20.04 11.78 -280.34 0.22 -0.12 1.16 
18.15 48.57 -224.60 0.00 -0.03 0.99 
-12.39 29.84 -188.69 0.10 -0.43 1.08 
-36.30 5.37 -141.21 -0.61 -0.65 0.51 
-27.69 -4.62 -109.49 -0.67 -0.66 0.25 
15.84 24.58 -86.87 -0.64 -0.67 0.33 
10.92 19.21 -70.01 -0.63 -0.64 0.35 
13.46 19.41 -52.69 -0.65 -0.74 0.26 
63.69 82.24 44.10 -0.08 0.01 1.09 
7.68 14.74 62.97 -0.05 0.04 1.01 
-37.28 25.99 106.19 -0.13 -0.53 0.88 
-22.61 16.10 151.93 -0.40 -0.65 0.61 
-18.40 -3.68 183.39 -0.60 -0.64 0.27 
-1.26 12.91 204.66 -0.77 -0.71 0.42 
14.75 18.24 220.24 -0.64 -0.67 0.29 
13.12 24.43 241.95 -0.68 -0.70 0.24 
12.37 21.70 261.25 -0.57 -0.70 0.35 
31.62 39.51 267.53 -0.59 -0.71 0.48 
59.67 44.26 262.94 -0.72 -0.77 0.31 
37.04 2.63 256.39 0.17 -0.10 1.03 
18.44 17.72 275.10 0.00 -0.21 1.07 
87.79 108.16 -259.52 -0.67 -0.67 0.27 
7.60 14.99 -246.26 -0.70 -0.67 0.28 
13.82 19.80 -233.22 -0.69 -0.63 0.41 
59.60 44.09 -245.06 -0.62 -0.65 0.52 
67.63 -2.91 -257.35 -0.33 0.11 0.86 
-129.59 18.67 -61.79 -0.72 -0.53 0.36 
12.62 15.70 -48.50 -0.68 -0.58 0.47 
11.44 19.13 -31.45 -0.76 -0.59 0.34 
10.45 19.09 -13.84 -0.70 -0.57 0.36 
23.17 22.44 -2.68 -0.66 -0.60 0.62 
59.98 30.74 -20.94 -0.72 -0.34 0.48 
42.54 -0.03 -19.97 -0.14 0.10 0.96 
14.58 1.69 -14.49 0.31 0.54 1.12 
14.34 18.94 3.35 -0.04 0.32 1.03 
11.80 17.88 20.69 0.01 0.22 1.02 
5.13 19.82 42.05 0.01 0.12 1.04 
-35.53 24.14 83.44 -0.17 -0.24 0.86 
-36.58 -8.29 136.99 -0.68 -0.73 0.13 
-7.88 7.39 170.23 -0.60 -0.63 0.28 
26.23 42.68 216.46 -0.73 -0.64 0.24 
13.29 18.64 232.05 -0.68 -0.64 0.35 
49.87 42.88 221.10 -0.46 -0.73 0.57 
48.32 18.67 204.20 -0.40 -0.24 0.70 
32.94 5.33 208.97 0.18 0.12 1.12 
19.71 19.54 229.40 -0.13 0.07 0.99 
13.15 16.98 246.60 0.00 0.14 1.01 
12.57 18.68 264.49 0.01 0.15 1.04 
-14.04 47.94 304.12 0.09 0.00 1.24 
-45.48 -9.13 -290.48 -0.55 -0.63 0.09 
8.86 7.38 -263.20 -0.61 -0.62 0.41 
20.03 20.75 -247.81 -0.68 -0.64 0.37 
9.92 20.22 -231.06 -0.69 -0.64 0.28 
11.61 18.39 -213.30 -0.70 -0.65 0.32 
16.13 20.50 -198.45 -0.62 -0.71 0.42 
60.06 41.91 -213.38 -0.78 -0.46 0.48 
57.77 14.71 -214.76 -0.51 -0.04 0.66 
15.36 -5.28 -200.84 0.04 0.18 1.15 
20.07 18.89 -185.30 -0.08 -0.01 1.08 
13.24 19.41 -164.33 0.09 0.05 1.03 
12.69 19.13 -145.23 0.04 0.03 1.08 
-9.14 31.75 -111.02 0.06 0.00 1.10 
-36.83 9.46 -64.20 -0.49 -0.77 0.31 
-12.72 -7.71 -32.32 -0.68 -0.61 0.22 
17.04 17.99 -18.69 -0.66 -0.66 0.48 
15.48 18.70 -2.67 -0.64 -0.66 0.27 
10.34 19.01 13.94 -0.66 -0.69 0.30 
15.52 20.40 29.93 -0.65 -0.67 0.37 
51.81 43.60 28.88 -0.48 -0.68 0.65 
75.84 16.09 22.58 -0.72 -0.18 0.49 
17.87 4.40 30.72 0.12 0.10 1.13 
14.72 25.88 56.83 -0.02 0.02 1.05 
12.49 17.79 75.08 -0.03 0.02 1.03 
-2.76 31.19 108.10 0.12 0.00 1.15 
-36.63 18.62 159.15 -0.41 -0.61 0.63 
-17.52 0.49 198.49 -0.37 -0.46 0.71 
20.75 23.25 213.69 -0.58 -0.63 0.51 
11.95 18.49 228.85 -0.62 -0.68 0.28 
14.35 19.34 246.70 -0.63 -0.72 0.30 
53.79 38.32 255.23 -0.58 -0.64 0.79 
50.76 36.06 231.82 -0.47 -0.52 0.64 
56.07 -14.30 236.97 0.27 0.28 0.99 
26.13 21.12 257.14 -0.03 0.07 1.04 
13.32 18.52 275.07 0.06 0.11 1.00 
-72.87 78.57 -248.75 -0.01 -0.25 1.00 
-36.75 -5.72 -202.69 -0.57 -0.71 0.38 
-2.34 -1.13 -175.29 -0.57 -0.69 0.27 
13.82 19.98 -158.00 -0.66 -0.71 0.39 
12.28 18.67 -140.89 -0.61 -0.70 0.27 
10.66 18.59 -123.52 -0.61 -0.73 0.30 
11.73 20.01 -107.61 -0.61 -0.68 0.36 
59.80 46.77 -123.30 -0.42 -0.69 0.66 
60.35 32.16 -134.98 -0.62 -0.18 0.63 
18.32 6.63 -124.25 0.21 -0.05 1.27 
109.58 126.48 11.50 -0.68 -0.64 0.20 
9.48 16.26 24.54 -0.69 -0.74 0.19 
12.20 20.98 39.85 -0.66 -0.65 0.25 
59.57 45.10 32.72 -0.66 -0.67 0.50 
60.50 18.59 18.67 -0.55 -0.26 0.73 
32.85 -2.08 16.01 0.03 0.00 1.17 
21.89 21.55 37.56 -0.20 0.10 0.94 
12.17 17.12 55.33 -0.12 0.21 1.00 
4.29 21.20 77.10 -0.09 0.13 1.08 
-31.98 29.14 115.24 0.14 -0.25 0.90 
-37.24 -0.06 158.24 -0.60 -0.90 0.24 
0.00 1.29 182.40 -0.66 -0.72 0.16 
17.54 13.66 199.00 -0.64 -0.64 0.37 
10.59 18.50 217.96 -0.63 -0.67 0.29 
13.86 20.99 234.05 -0.66 -0.66 0.25 
16.43 20.81 248.48 -0.62 -0.70 0.33 
53.32 45.31 230.62 -0.47 -0.57 0.56 
50.25 37.18 204.28 -0.43 -0.68 0.49 
34.53 6.11 204.78 0.43 0.05 1.26 
29.69 21.04 227.20 0.02 0.26 1.02 
17.34 18.99 245.58 -0.02 0.16 1.00 
10.70 17.43 264.43 0.00 0.10 1.03 
6.91 21.57 286.89 0.00 0.04 1.10 
-35.66 31.61 326.71 -0.26 -0.43 0.88 
-36.22 3.53 -288.02 -0.79 -0.64 0.30 
6.44 3.43 -263.94 -0.69 -0.55 0.15 
12.06 14.88 -249.60 -0.65 -0.73 0.50 
12.65 20.46 -233.49 -0.67 -0.59 0.31 
12.88 20.05 -216.93 -0.66 -0.69 0.36 
10.81 19.39 -198.88 -0.66 -0.64 0.35 
21.35 25.59 -191.58 -0.57 -0.67 0.63 
60.13 34.86 -216.62 -0.52 -0.40 0.69 
25.32 -7.93 -213.29 0.05 -0.20 1.11 
17.52 19.67 -194.56 -0.09 -0.09 0.98 
7.59 16.18 -178.60 -0.03 0.05 1.05 
10.13 16.07 -161.47 -0.06 0.10 1.04 
10.56 19.54 -141.47 -0.02 0.12 1.08 
-15.34 28.21 -110.84 0.02 0.09 1.10 
-36.79 5.09 -62.16 -0.48 -0.67 0.39 
-14.92 -6.51 -30.62 -0.62 -0.87 0.19 
19.50 15.84 -18.49 -0.69 -0.59 0.49 
17.03 20.60 -1.81 -0.67 -0.68 0.36 
12.94 26.52 22.88 -0.74 -0.60 0.37 
83.68 69.23 14.20 -0.54 -0.64 0.46 
2.47 6.31 13.87 -0.64 -0.61 0.55 
-204.33 39.10 280.74 -0.62 -0.82 0.26 
40.08 48.26 -323.37 -0.66 -0.62 0.19 
12.34 18.15 -307.59 -0.68 -0.66 0.33 
56.19 37.22 -320.85 -0.69 -0.62 0.64 
55.95 14.25 321.16 -0.47 -0.14 0.49 
24.63 -9.64 313.97 0.40 0.19 1.30 
21.37 19.51 -323.49 -0.03 0.23 1.07 
16.27 18.77 -306.26 -0.05 0.10 0.99 
16.18 19.06 -290.03 -0.05 0.09 1.02 
-32.76 35.06 -245.27 -0.05 -0.25 0.92 
-36.06 19.51 -202.43 -0.62 -0.46 0.57 
-22.00 -12.54 -170.73 -0.66 -0.74 0.07 
8.76 14.55 -152.20 -0.74 -0.56 0.55 
17.12 24.87 -131.82 -0.68 -0.61 0.40 
11.50 18.96 -115.00 -0.69 -0.58 0.40 
37.32 24.10 -118.53 -0.65 -0.58 0.74 
61.19 28.13 -137.28 -0.61 -0.09 0.56 
19.31 -5.69 -145.70 0.25 -0.06 1.02 
14.41 23.01 -125.67 -0.08 -0.05 1.02 
8.49 17.80 -108.25 -0.08 0.00 1.04 
14.46 17.34 -90.42 -0.11 0.08 1.00 
12.81 17.50 -72.98 -0.10 0.12 1.01 
8.95 18.63 -53.98 -0.09 0.11 1.04 
-23.90 36.55 -19.01 0.01 -0.13 1.18 
-36.69 0.39 25.66 -0.60 -0.76 0.28 
-10.38 -3.01 54.22 -0.67 -0.61 0.20 
18.95 21.46 71.26 -0.72 -0.61 0.43 
13.52 23.08 91.12 -0.71 -0.57 0.30 
12.33 18.23 105.39 -0.69 -0.61 0.36 
58.85 43.25 94.15 -0.65 -0.59 0.57 
60.45 14.74 76.32 -0.37 -0.26 0.77 
29.70 4.46 80.12 0.25 0.10 1.24 
20.29 19.11 98.19 -0.12 0.03 1.05 
16.82 19.12 116.28 -0.07 0.03 1.03 
13.72 19.56 134.75 -0.09 0.07 1.03 
7.03 23.60 159.33 0.07 0.14 1.16 
-36.34 15.65 204.12 -0.22 -0.50 0.79 
-28.89 2.20 246.07 -0.67 -0.74 0.20 
-1.24 2.49 269.55 -0.72 -0.60 0.23 
8.57 14.64 286.64 -0.69 -0.66 0.26 
11.11 22.39 306.75 -0.65 -0.72 0.26 
11.53 17.25 324.08 -0.63 -0.73 0.26 
4.83 18.59 -314.43 -0.56 -0.74 0.36 
36.04 31.09 -316.98 -0.40 -0.85 0.65 
48.22 57.37 325.97 -0.22 -0.72 0.50 
36.43 -4.93 322.84 0.21 -0.15 1.18 
20.13 18.10 -312.54 -0.21 0.00 0.97 
14.99 17.56 -295.14 -0.05 0.01 1.05 
13.68 18.63 -275.90 -0.07 0.06 1.04 
-5.98 27.84 -244.84 0.13 -0.11 1.06 
-45.10 11.30 -190.83 -0.62 -0.51 0.43 
-30.33 -10.82 -162.54 -0.81 -0.62 0.00 
21.48 16.74 -149.18 -0.71 -0.75 0.48 
10.84 18.50 -132.24 -0.66 -0.64 0.17 
11.81 18.36 -115.50 -0.68 -0.74 0.17 
11.29 18.42 -100.31 -0.66 -0.72 0.28 
45.26 40.38 -115.02 -0.51 -0.64 0.61 
46.56 40.34 -129.57 -0.37 -0.75 0.64 
47.59 11.52 -131.86 0.46 -0.03 1.19 
22.17 20.27 -110.61 -0.09 0.05 0.98 
12.41 15.96 -93.24 -0.07 0.03 1.01 
15.88 18.45 -76.04 -0.08 0.09 1.04 
0.60 25.96 -46.99 0.02 0.00 1.10 
-45.52 4.45 10.37 -0.62 -0.77 0.47 
-14.64 -2.77 43.53 -0.60 -0.72 0.28 
12.22 11.89 56.85 -0.60 -0.76 0.36 
10.21 19.19 73.74 -0.59 -0.73 0.26 
13.76 22.83 95.63 -0.60 -0.72 0.27 
16.28 23.40 114.83 -0.56 -0.79 0.35 
75.02 60.39 94.76 -0.67 -0.56 0.57 
52.22 8.06 85.54 -0.32 -0.04 0.81 
76.93 124.16 250.57 -0.66 -0.71 0.27 
9.74 18.37 267.70 -0.61 -0.70 0.31 
13.38 20.78 282.41 -0.57 -0.73 0.40 
33.80 35.00 277.27 -0.52 -0.75 0.62 
59.06 40.51 263.36 -0.45 -0.70 0.31 
43.58 2.28 263.03 0.25 0.08 1.12 
22.86 16.21 282.23 -0.04 0.05 1.01 
15.91 18.55 300.28 -0.06 0.06 1.02 
12.22 18.28 318.60 -0.05 0.06 1.03 
-1.13 22.77 -312.33 0.05 0.11 1.16 
-36.47 19.50 -270.30 -0.14 -0.49 0.58 
-32.47 -4.88 -228.21 -0.62 -0.74 0.10 
17.36 10.01 -208.09 -0.57 -0.75 0.45 
10.01 19.47 -192.63 -0.61 -0.73 0.24 
13.25 19.32 -176.59 -0.61 -0.73 0.23 
13.15 19.83 -160.06 -0.62 -0.71 0.30 
59.77 43.58 -164.34 -0.57 -0.57 0.62 
61.17 14.55 -175.87 -0.57 0.01 0.60 
24.47 -2.54 -178.18 0.44 0.08 1.25 
23.39 20.23 -159.50 -0.06 0.18 1.03 
15.79 19.25 -141.59 -0.10 0.18 1.01 
13.64 18.35 -123.18 -0.07 0.19 1.02 
-34.81 43.96 -72.35 0.03 -0.18 1.04 
-36.49 6.57 -20.52 -0.57 -0.52 0.24 
42.49 20.72 10.09 -0.64 -0.79 0.49 
12.24 19.62 25.43 -0.70 -0.57 0.28 
13.88 20.97 46.51 -0.68 -0.67 0.30 
15.29 23.64 60.96 -0.66 -0.62 0.44 
50.33 41.00 49.11 -0.73 -0.68 0.43 
60.67 18.26 34.05 -0.37 -0.17 0.77 
25.87 4.01 38.47 0.25 0.01 1.15 
14.81 14.82 55.60 -0.11 -0.02 1.04 
11.30 16.57 73.63 -0.03 0.09 1.04 
-3.47 23.33 100.98 0.07 0.06 1.16 
-24.73 29.32 144.39 -0.05 -0.44 0.77 
-23.57 -0.73 189.92 -0.56 -0.77 0.25 
1.44 10.36 208.66 -0.84 -0.72 0.43 
8.80 19.37 226.91 -0.62 -0.61 0.25 
14.41 20.24 243.88 -0.71 -0.72 0.27 
12.11 20.19 262.94 -0.71 -0.58 0.27 
32.90 29.31 267.71 -0.58 -0.66 0.59 
48.73 22.99 254.55 -0.48 -0.43 0.76 
40.35 -2.52 249.05 0.42 0.00 1.15 
22.25 18.70 269.72 -0.13 0.20 0.99 
11.61 21.42 290.76 -0.03 0.10 1.02 
13.52 17.81 308.92 -0.08 0.06 1.02 
3.35 26.09 -322.49 0.07 0.04 1.15 
-36.14 23.63 -278.22 -0.22 -0.52 0.84 
-33.66 -4.32 -243.42 -0.78 -0.89 0.15 
-9.57 -1.33 -220.27 -0.59 -0.68 0.58 
10.07 19.47 -205.70 -0.66 -0.67 0.20 
10.27 20.04 -188.95 -0.68 -0.70 0.22 
11.02 24.81 -166.47 -0.62 -0.65 0.32 
24.41 29.15 -165.24 -0.65 -0.72 0.55 
58.90 46.57 -183.23 -0.31 -0.90 0.52 
60.87 14.19 -199.72 0.09 -0.20 0.78 
23.35 21.05 -179.99 -0.02 -0.11 1.02 
16.42 19.31 -161.45 -0.07 -0.01 1.00 
13.34 16.25 -145.31 -0.05 -0.01 1.04 
11.69 17.93 -126.79 -0.02 -0.02 1.04 
0.32 23.68 -101.49 -0.03 -0.05 1.10 
-36.12 15.82 -53.52 -0.26 -0.43 0.69 
-21.44 -9.96 -13.80 -0.73 -0.77 0.05 
11.14 0.84 7.98 -0.47 -0.73 0.73 
10.19 20.53 26.04 -0.65 -0.65 0.32 
8.56 18.94 43.52 -0.67 -0.72 0.33 
12.00 20.13 60.61 -0.63 -0.65 0.35 
10.59 19.68 77.90 -0.66 -0.69 0.31 
10.08 19.53 95.28 -0.64 -0.67 0.36 
59.31 50.57 85.94 -0.59 -0.69 0.65 
59.94 20.81 64.79 -0.80 -0.48 0.27 
24.26 3.81 66.92 0.40 0.15 1.36 
14.30 18.98 85.30 -0.07 0.05 1.08 
12.34 18.62 102.55 -0.10 0.01 1.02 
12.61 17.81 120.30 -0.12 0.00 1.03 
1.62 21.64 143.02 -0.02 -0.13 1.13 
-11.94 36.20 177.83 0.13 -0.31 0.94 
-35.82 8.72 223.70 -0.93 -0.42 0.37 
-4.76 0.00 248.33 -0.80 -0.73 0.35 
16.22 19.04 261.47 -0.66 -0.71 0.17 
12.63 19.79 278.09 -0.64 -0.70 0.19 
15.87 23.87 298.85 -0.68 -0.69 0.18 
11.13 19.28 316.27 -0.68 -0.69 0.21 
22.13 29.08 325.01 -0.62 -0.52 0.40 
76.53 19.05 -319.83 0.28 0.12 1.14 
20.16 17.95 -299.13 -0.07 0.22 1.02 
14.44 17.64 -282.54 -0.09 0.12 1.07 
10.71 18.26 -262.01 -0.03 0.02 1.02 
-7.17 26.37 -230.89 0.15 -0.08 1.10 
-36.96 7.39 -183.22 -0.53 -0.81 0.36 
-261.88 143.73 -215.44 -0.46 -0.47 0.50 
72.95 75.90 -122.69 -0.02 0.05 1.04 
7.28 27.63 -89.94 -0.06 -0.04 0.83 
2.87 6.60 -70.43 -0.06 -0.16 0.84 
