-86.16 83.52 75.21 -0.74 -0.32 0.67 
-7.49 0.84 114.21 1.03 -0.12 -0.04 
10.76 -3.23 121.79 0.99 -0.07 -0.08 
2.27 0.55 122.90 1.01 0.00 -0.07 
-7.55 -1.24 125.18 1.02 -0.10 -0.07 
2.14 0.26 125.10 1.02 -0.07 -0.08 
-5.41 1.00 127.02 1.01 -0.03 -0.08 
-0.42 1.34 128.16 1.02 -0.14 -0.04 
-0.58 0.25 148.12 1.13 -0.53 -0.22 
40.17 -6.70 211.73 1.31 -1.34 -0.10 
26.38 25.38 266.61 -0.24 0.22 0.13 
-9.91 12.17 264.90 -1.05 -0.32 0.55 
3.17 7.34 272.58 -0.93 -0.37 0.72 
3.03 36.11 267.50 -0.37 -0.33 0.25 
7.87 29.05 265.78 -0.44 -0.17 -0.59 
-10.64 -14.89 273.47 -0.47 -0.51 -0.99 
11.03 -39.76 292.08 -0.36 -0.13 -0.11 
-17.60 -12.50 293.27 -0.23 -0.22 1.11 
0.80 3.95 289.93 -1.07 -0.34 0.75 
3.76 3.07 294.57 -0.83 -0.48 0.65 
7.91 6.32 302.60 -1.09 -0.02 0.86 
-12.98 61.53 279.70 -0.55 -0.32 -0.56 
1.00 2.44 284.37 -0.59 -0.29 -0.65 
1.39 -12.08 293.54 -0.57 -0.37 -0.70 
6.43 -25.84 312.65 -0.49 0.08 0.02 
0.89 -19.31 314.49 -0.59 -0.29 0.63 
-11.46 11.19 309.93 -0.87 -0.47 0.80 
-7.19 9.61 307.45 -1.02 -0.57 0.62 
-6.32 3.48 313.15 -0.76 -0.54 0.42 
-4.67 4.72 312.35 -0.77 -0.42 0.49 
-0.95 6.36 315.52 -0.94 -0.39 0.58 
4.90 14.78 314.63 -0.94 -0.25 0.99 
5.49 32.22 320.90 -0.48 -0.44 0.15 
7.25 31.47 327.22 -0.51 -0.40 -0.29 
-1.71 25.19 327.32 -0.55 -0.20 -0.77 
-106.60 299.57 -308.16 -0.38 -0.44 -0.42 
42.72 -137.36 -275.85 -0.48 -0.34 -0.53 
1.14 -28.92 -263.90 -0.51 -0.02 0.41 
-27.69 -1.65 -263.26 -0.80 -0.44 0.94 
-12.77 9.76 -270.76 -1.00 -0.34 0.53 
-4.26 2.55 -269.56 -0.77 -0.42 0.42 
-1.92 5.63 -269.11 -0.78 -0.39 0.45 
-1.67 6.04 -268.32 -0.98 -0.48 0.51 
2.32 9.16 -263.22 -1.01 -0.49 0.84 
-3.35 29.99 -268.26 -0.50 -0.72 0.32 
23.76 -33.55 -251.46 -0.48 -0.49 -0.81 
18.79 -24.42 -230.12 -0.37 -0.38 -0.44 
-11.42 -16.41 -216.84 -0.55 -0.12 0.43 
-8.50 -3.56 -210.61 -0.93 -0.24 1.15 
-12.15 6.85 -217.54 -1.03 -0.22 0.49 
-11.40 2.70 -226.14 -0.79 -0.61 0.44 
-1.39 4.35 -223.83 -0.76 -0.52 0.50 
-1.42 4.12 -221.05 -0.81 -0.61 0.50 
-1.40 3.62 -217.02 -0.95 -0.49 0.84 
-10.03 26.29 -223.34 -0.72 -0.64 0.45 
1.00 33.60 -217.44 -0.43 -0.42 -0.17 
-7.15 26.30 -210.55 -0.42 -0.35 -0.50 
-6.34 10.17 -211.09 -0.43 -0.33 -1.03 
2.53 -6.64 -208.46 -0.40 -0.38 -1.02 
1.14 -26.98 -205.43 -0.43 -0.29 -0.57 
-8.44 -25.81 -202.36 -0.56 -0.20 0.31 
5.62 -5.67 -197.29 -0.90 -0.22 0.57 
-7.04 12.19 -198.22 -0.93 -0.35 0.62 
-4.10 -0.03 -197.41 -0.90 -0.52 0.59 
-1.97 6.17 -195.34 -0.74 -0.36 0.53 
-2.72 6.15 -193.21 -0.98 -0.41 0.64 
2.25 15.35 -193.51 -1.07 -0.36 0.88 
-9.27 24.87 -206.22 -0.70 -0.38 0.25 
-13.53 33.24 -211.55 -0.42 -0.43 -0.29 
-1.19 23.51 -209.15 -0.51 -0.16 -0.87 
-4.53 2.33 -210.90 -0.41 -0.48 -0.93 
-6.25 -7.77 -207.97 -0.37 -0.49 -0.90 
10.05 -25.87 -198.35 -0.49 -0.42 -0.46 
-17.33 -17.28 -192.47 -0.43 0.00 0.21 
-16.32 -2.77 -191.63 -0.94 -0.29 0.75 
-8.58 6.74 -196.50 -0.96 -0.33 0.48 
-8.24 3.20 -202.13 -0.92 -0.80 0.42 
-1.83 5.07 -200.94 -0.79 -0.54 0.45 
-0.67 5.21 -196.45 -0.95 -0.52 0.55 
-7.31 17.00 -192.17 -0.96 -0.79 0.78 
-4.14 25.60 -192.18 -0.61 -0.62 0.04 
-9.41 34.67 -180.74 -0.35 -0.35 -0.28 
-5.71 28.08 -173.09 -0.33 -0.18 -0.76 
-11.88 -110.49 -150.52 -0.78 -0.15 0.29 
8.04 -1.73 -137.77 -0.80 0.02 0.69 
0.41 2.09 -139.59 -0.87 -0.24 0.78 
-12.66 4.89 -140.63 -1.01 -0.35 0.56 
-2.27 4.41 -138.25 -0.80 -0.47 0.48 
-4.50 4.91 -137.30 -0.79 -0.52 0.48 
-2.16 7.01 -131.84 -0.95 -0.50 0.65 
8.13 18.52 -122.68 -0.96 -0.30 0.77 
12.97 33.10 -126.98 -0.48 -0.36 0.23 
-9.70 32.80 -132.17 -0.37 -0.49 -0.32 
-23.15 29.43 -139.93 -0.24 -0.20 -1.19 
-12.17 5.20 -146.04 -0.28 -0.44 -0.98 
-2.15 -12.56 -136.95 -0.23 -0.32 -0.93 
7.03 -28.06 -124.16 -0.31 -0.32 -0.46 
-3.89 -18.12 -117.81 -0.70 -0.17 0.22 
-24.11 8.89 -126.64 -0.80 -0.36 0.80 
-11.09 9.91 -127.61 -0.94 -0.46 0.55 
-0.41 4.94 -125.61 -0.78 -0.47 0.46 
0.05 5.69 -120.47 -0.89 -0.48 0.54 
-1.40 17.58 -110.29 -0.90 -0.38 0.90 
1.50 41.70 -119.60 -0.47 -0.15 0.06 
-1.34 26.52 -116.96 -0.47 -0.35 -0.50 
-8.16 20.18 -112.65 -0.42 -0.21 -0.81 
-2.98 0.25 -112.67 -0.38 -0.17 -0.92 
11.78 -16.47 -109.91 -0.36 -0.33 -0.85 
12.51 -27.52 -99.67 -0.36 -0.36 -0.01 
-2.05 -11.17 -93.96 -0.74 -0.41 0.57 
-18.59 -3.63 -97.07 -1.13 -0.34 0.60 
-29.63 0.05 -105.42 -0.89 -0.54 0.79 
-0.57 2.20 -104.28 -0.80 -0.48 0.47 
-3.10 4.95 -103.95 -0.77 -0.47 0.47 
1.56 6.68 -100.11 -1.02 -0.55 0.62 
-19.80 29.35 -104.97 -0.81 -0.74 0.55 
-6.42 35.44 -106.99 -0.42 -0.63 -0.06 
-13.19 26.57 -101.84 -0.35 -0.28 -0.70 
-7.48 10.65 -99.80 -0.44 -0.17 -0.88 
6.69 -10.54 -97.13 -0.33 -0.24 -1.00 
8.21 -31.89 -91.47 -0.31 -0.25 -0.55 
-3.77 -25.31 -86.67 -0.94 -0.40 0.30 
-5.63 1.65 -89.91 -0.88 -0.14 0.79 
-19.64 -1.86 -94.86 -0.68 -0.47 0.64 
-2.00 3.09 -93.47 -0.85 -0.50 0.57 
-4.04 5.60 -92.52 -0.75 -0.50 0.46 
2.08 8.39 -85.08 -1.12 -0.45 0.80 
-17.28 16.22 -95.37 -0.61 -0.35 0.49 
-6.24 35.11 -98.78 -0.34 -0.51 0.18 
-33.61 31.89 -93.83 -0.27 -0.37 -0.65 
-4.72 7.55 -91.58 -0.37 -0.18 -1.00 
1.40 -16.77 -91.57 -0.38 -0.18 -1.11 
22.32 -25.48 -83.59 -0.41 -0.25 -0.56 
-2.46 -38.24 -73.14 -0.63 -0.38 0.40 
-22.57 4.91 -76.02 -0.93 -0.22 0.85 
1.02 5.13 -75.50 -0.87 -0.56 0.40 
0.45 1.59 -77.19 -0.91 -0.47 0.53 
-3.21 6.21 -77.42 -0.76 -0.41 0.54 
-4.00 6.49 -75.40 -0.90 -0.51 0.55 
-10.48 13.84 -75.11 -1.02 -0.51 0.77 
-14.97 27.91 -73.51 -0.58 -0.83 0.10 
-17.05 29.36 -68.17 -0.39 -0.48 -0.39 
25.04 -120.74 -51.94 -0.31 0.00 -0.15 
9.11 -19.08 -51.98 -0.96 -0.50 0.34 
-11.05 4.70 -53.74 -0.97 -0.31 0.86 
8.45 -4.15 -27.36 -1.01 -0.59 0.61 
-19.34 29.18 -32.85 -0.69 -0.46 0.32 
11.65 33.71 -26.50 -0.54 -0.54 0.06 
-0.89 36.43 -22.10 -0.19 -0.27 -0.64 
-16.57 14.55 -26.84 -0.22 -0.27 -1.06 
-1.11 -4.75 -25.89 -0.24 -0.23 -1.09 
10.87 -31.28 -15.92 -0.31 -0.31 -0.64 
-6.01 -30.02 -8.28 -0.44 -0.28 0.14 
-10.88 -6.66 -5.16 -0.75 -0.05 0.76 
-22.11 11.62 -13.33 -0.90 -0.24 0.66 
-8.95 4.33 -16.35 -1.06 -0.49 0.69 
-3.61 6.14 -15.33 -0.79 -0.36 0.45 
-0.32 6.11 -9.62 -0.99 -0.35 0.76 
6.27 17.72 -3.35 -1.09 -0.37 0.62 
17.24 25.60 4.94 -0.68 -0.47 0.46 
-6.06 32.29 3.87 -0.28 -0.56 -0.20 
-3.28 19.75 6.43 -0.49 -0.09 -0.60 
-6.73 15.39 3.95 -0.45 -0.07 -1.09 
2.00 -12.15 6.88 -0.38 -0.26 -1.01 
8.43 -31.12 12.51 -0.46 -0.26 -0.50 
-9.25 -32.05 15.62 -0.65 -0.28 0.51 
-17.18 -2.41 14.49 -0.78 -0.04 0.92 
-7.35 8.36 6.77 -0.96 -0.39 0.71 
29.44 43.94 5.59 -1.04 -0.34 0.80 
-93.94 -226.94 56.98 -0.68 -0.16 0.23 
-7.00 19.22 59.31 -0.86 -0.21 0.55 
-7.50 0.94 49.98 -0.97 -0.46 0.48 
-2.24 1.96 50.32 -0.90 -0.75 0.51 
-4.05 6.03 54.53 -0.75 -0.48 0.51 
-0.83 7.33 61.68 -1.05 -0.45 0.67 
10.90 21.95 69.46 -0.84 -0.25 0.63 
19.73 11.08 130.69 -1.09 -0.37 0.60 
11.62 10.33 139.37 -0.96 -0.23 0.85 
-1.78 29.14 127.05 -0.73 -0.47 0.37 
-7.22 33.41 122.38 -0.42 -0.45 -0.16 
-12.26 31.65 117.71 -0.43 -0.10 -0.52 
-1.95 7.84 114.99 -0.19 -0.36 -1.07 
6.40 -9.38 119.09 -0.22 -0.34 -1.03 
16.92 -41.93 137.37 -0.31 -0.18 -0.44 
-17.49 -15.86 148.05 -0.66 -0.11 0.34 
-18.11 1.55 142.50 -1.04 -0.34 0.83 
-11.21 3.81 135.94 -0.84 -0.47 0.63 
-5.18 5.09 136.29 -0.86 -0.62 0.49 
-2.50 5.03 138.35 -0.78 -0.47 0.44 
-1.41 6.35 143.54 -0.91 -0.51 0.54 
-7.66 20.66 145.95 -0.86 -0.35 0.68 
1.29 29.24 145.51 -0.69 -0.62 0.02 
-7.45 32.47 148.47 -0.29 -0.44 -0.33 
-8.67 19.17 149.59 -0.40 -0.11 -0.71 
-2.38 5.65 151.73 -0.26 -0.19 -1.18 
6.81 -17.71 158.23 -0.26 -0.33 -0.95 
9.09 -29.66 171.77 -0.41 -0.36 -0.31 
-16.42 -18.69 171.21 -0.59 -0.24 0.25 
-0.58 -6.56 176.13 -0.75 -0.68 1.18 
-12.93 4.22 167.09 -0.87 -0.38 0.52 
-2.82 6.05 169.71 -0.87 -0.54 0.56 
-2.53 4.60 171.55 -0.78 -0.43 0.44 
-2.19 6.45 175.41 -0.93 -0.40 0.53 
3.49 18.68 178.36 -1.12 -0.28 0.85 
7.76 33.81 174.67 -0.56 -0.46 0.24 
-4.05 36.73 170.81 -0.28 -0.39 -0.40 
-4.77 22.82 175.24 -0.30 -0.35 -0.71 
-2.47 7.48 178.35 -0.18 -0.33 -1.02 
8.85 -12.09 184.18 -0.22 -0.36 -1.10 
8.23 -30.78 198.64 -0.28 -0.43 -0.59 
-10.77 -28.96 213.55 -0.38 -0.23 0.38 
-3.08 -8.37 221.10 -0.80 -0.19 1.05 
-6.77 11.99 211.45 -1.00 -0.25 0.74 
-3.08 4.11 213.42 -1.00 -0.57 0.61 
-5.49 4.89 214.26 -0.81 -0.41 0.55 
3.73 6.37 220.26 -1.05 -0.36 0.80 
-17.68 37.49 213.14 -0.76 -0.45 0.48 
-2.23 30.51 207.52 -0.30 -0.12 -0.11 
-14.85 28.70 215.29 -0.41 -0.31 -0.58 
75.30 -123.09 294.78 -0.58 -0.21 0.12 
-15.79 -15.95 301.13 -0.70 -0.25 1.03 
-4.54 14.00 302.93 -0.79 -0.17 0.61 
-3.03 4.21 299.20 -0.90 -0.52 0.49 
-2.24 5.18 300.82 -0.82 -0.50 0.43 
6.94 6.14 304.54 -1.03 -0.47 0.61 
-10.31 28.78 304.92 -0.72 -0.45 0.61 
1.77 35.58 293.88 -0.53 -0.47 0.07 
-13.71 32.60 289.25 -0.28 -0.44 -0.56 
-9.33 15.31 290.59 -0.25 -0.32 -0.94 
0.86 -5.25 290.25 -0.22 -0.44 -0.99 
16.15 -32.77 303.15 -0.31 -0.36 -0.56 
4.59 -24.47 322.87 -0.49 -0.22 0.13 
-29.87 -7.83 325.06 -0.69 -0.45 0.72 
-4.14 9.45 325.04 -0.99 -0.34 0.59 
1.25 5.71 -324.58 -0.89 -0.31 0.56 
-0.38 5.50 -324.31 -0.87 -0.22 0.57 
-1.47 5.16 -321.98 -0.81 -0.26 0.56 
-2.57 6.65 -321.89 -0.98 -0.23 0.69 
4.30 10.78 -323.21 -1.08 -0.36 1.12 
-4.12 15.26 324.43 -0.87 -0.38 0.59 
22.29 -53.86 -312.55 -0.28 -0.27 -0.76 
15.16 -25.73 -296.85 -0.35 -0.40 -0.11 
-9.20 3.82 -295.31 -0.90 -0.36 0.50 
-2.60 5.22 -293.72 -0.86 -0.42 0.54 
-43.85 98.20 -301.89 -0.42 -0.43 -0.64 
-12.90 17.12 -302.35 -0.29 -0.32 -0.88 
-2.92 2.50 -303.35 -0.19 -0.25 -1.06 
9.88 -15.21 -295.41 -0.20 -0.39 -0.95 
15.75 -34.25 -282.02 -0.36 -0.42 -0.19 
-10.18 -24.29 -275.70 -0.37 -0.45 0.65 
-6.98 9.99 -267.01 -0.94 -0.19 0.78 
-12.88 0.74 -274.95 -0.94 -0.34 0.57 
-4.82 6.37 -274.91 -0.85 -0.37 0.61 
-3.32 4.84 -275.14 -0.76 -0.42 0.52 
-2.50 4.52 -277.90 -0.72 -0.48 0.46 
-8.88 -3.31 -301.34 -0.56 -0.41 0.53 
-2.52 -19.94 315.97 -0.07 -0.52 0.47 
2.66 -22.69 291.03 0.91 -0.91 0.72 
8.42 -16.60 273.27 1.03 -0.43 0.49 
-6.96 1.27 -79.09 0.99 -0.04 0.00 
-11.37 -0.04 -82.45 1.03 -0.10 -0.07 
3.12 -1.30 -86.55 1.02 -0.25 0.12 
0.67 2.34 -82.79 1.07 -0.05 0.00 
4.00 -0.89 -80.31 0.94 -0.17 0.04 
2.49 -0.39 -79.34 1.04 -0.01 0.00 
1.46 -0.29 -76.54 1.00 -0.05 -0.01 
-0.76 0.80 -80.01 1.04 -0.08 0.01 
2.73 0.90 -71.14 1.05 -0.09 0.01 
0.18 0.38 -66.59 1.09 -0.02 -0.02 
-8.62 54.59 52.07 -0.29 -0.45 -0.55 
-1.80 3.44 53.65 -0.43 -0.36 -0.88 
4.08 -8.35 61.20 -0.41 -0.42 -1.00 
-12.00 7.95 68.09 -0.88 -0.38 0.62 
-2.84 7.41 70.33 -0.82 -0.44 0.54 
-0.69 5.58 72.15 -0.89 -0.45 0.62 
1.05 5.84 74.44 -1.07 -0.39 0.69 
-1.68 12.46 72.39 -0.73 -0.30 0.98 
-6.09 8.62 63.98 -0.66 -0.45 0.52 
-6.82 27.28 61.28 -0.35 -0.62 0.28 
-2.24 21.77 63.97 -0.39 -0.63 -0.19 
34.95 -24.90 92.73 -0.33 -0.45 -0.89 
-33.79 -57.62 117.41 -0.73 -0.23 0.61 
-33.28 -3.98 111.12 -0.93 -0.07 0.86 
-17.75 0.58 106.92 -0.93 -0.47 0.69 
-4.56 5.35 110.20 -0.74 -0.38 0.64 
-2.59 6.24 113.83 -0.86 -0.44 0.66 
0.37 5.81 111.17 -1.06 -0.34 0.86 
10.55 29.77 113.01 -0.56 -0.49 0.44 
2.96 38.48 116.34 -0.45 -0.49 -0.17 
-19.41 30.80 114.01 -0.28 -0.44 -0.70 
-7.53 6.69 111.93 -0.25 -0.28 -0.89 
2.73 -1.53 116.93 -0.30 -0.32 -0.87 
0.76 -22.32 122.39 -0.39 -0.30 -0.73 
7.60 -29.70 132.67 -0.61 -0.37 -0.03 
-6.49 -20.01 136.01 -0.76 -0.13 0.87 
-24.33 6.08 126.98 -0.85 -0.41 0.65 
-9.50 4.43 124.14 -0.83 -0.44 0.53 
-3.05 4.93 127.90 -0.75 -0.59 0.43 
-11.92 4.72 128.42 -1.03 -0.34 0.80 
-6.21 23.14 130.08 -0.80 -0.72 0.72 
-7.00 39.57 131.37 -0.53 -0.47 -0.08 
-15.37 36.65 143.54 -0.27 -0.40 -0.56 
-58.30 -113.42 152.60 -0.42 -0.42 0.37 
-13.52 -0.27 158.97 -0.81 -0.54 0.87 
-0.82 7.13 152.46 -0.74 -0.59 0.57 
-0.09 4.61 149.09 -0.75 -0.76 0.51 
-5.67 7.57 152.79 -0.70 -0.76 0.44 
-3.45 3.69 157.35 -0.80 -0.62 0.50 
7.16 11.20 166.44 -0.84 -0.62 0.83 
3.08 36.41 166.83 -0.77 -0.39 0.30 
-3.36 33.20 176.38 -0.30 -0.11 -0.26 
6.79 21.63 186.31 -0.30 -0.12 -0.68 
-2.70 12.39 185.91 -0.18 -0.24 -0.97 
0.51 -2.09 187.58 -0.17 -0.25 -1.10 
6.62 -27.88 194.86 -0.14 -0.16 -0.83 
6.67 -38.27 209.08 -0.36 -0.10 0.27 
-9.23 -7.97 213.53 -0.73 -0.33 0.90 
-16.65 5.67 206.02 -0.90 -0.25 0.84 
-5.46 0.87 203.21 -0.76 -0.60 0.60 
-4.20 6.02 203.74 -0.70 -0.61 0.58 
-1.49 5.52 207.32 -0.78 -0.57 0.59 
-9.88 11.37 215.25 -0.97 -0.54 0.82 
2.90 28.15 216.12 -0.65 -0.44 0.45 
2.58 33.18 207.45 -0.47 -0.35 0.00 
-16.00 34.76 205.73 -0.51 -0.42 -0.70 
-11.08 20.01 206.49 -0.38 -0.31 -1.26 
-4.30 2.20 202.50 -0.11 -0.35 -1.10 
14.79 -18.18 212.86 -0.15 -0.24 -1.02 
10.94 -33.27 223.60 -0.50 -0.42 -0.22 
-0.98 -21.74 234.31 -0.58 -0.42 0.42 
-6.40 -0.56 243.13 -1.02 -0.28 0.92 
-14.59 3.09 235.80 -0.83 -0.28 0.81 
-5.89 3.55 236.45 -0.88 -0.40 0.63 
-4.78 6.77 235.99 -0.76 -0.40 0.51 
-0.31 10.48 233.05 -1.05 -0.28 0.66 
-45.85 28.00 227.16 -0.64 -0.72 0.41 
14.89 32.38 239.51 -0.37 -0.49 -0.16 
18.57 -59.84 252.61 -0.25 -0.32 -1.04 
15.87 -38.66 264.71 -0.24 -0.33 -0.47 
3.60 -24.99 285.87 -0.47 0.17 0.45 
-8.05 -7.74 288.73 -0.67 -0.28 0.92 
-13.35 3.58 285.75 -1.01 -0.48 0.64 
-2.89 6.08 285.56 -0.96 -0.39 0.64 
-3.39 5.91 286.31 -0.87 -0.33 0.51 
3.50 4.64 293.13 -1.07 -0.32 0.75 
-17.19 17.23 293.33 -0.69 -0.56 0.86 
-25.77 19.10 322.57 -0.83 -0.45 0.56 
-2.68 7.56 326.19 -1.01 -0.43 0.69 
-17.39 17.74 324.71 -0.88 -0.52 0.58 
27.28 30.42 -327.48 -0.66 -0.24 0.21 
4.09 28.70 320.17 -0.38 -0.59 -0.16 
-8.22 24.46 316.25 -0.49 -0.44 -0.62 
2.84 5.70 320.99 -0.25 -0.51 -0.88 
5.39 -6.62 326.03 -0.27 -0.59 -0.96 
4.16 -28.41 -314.64 -0.18 -0.44 -0.50 
-7.07 -16.69 -291.82 -0.43 -0.35 0.38 
-18.70 -3.64 -294.83 -1.05 -0.18 0.70 
-13.03 7.29 -292.65 -0.82 -0.12 0.71 
0.28 1.81 -288.90 -0.86 -0.39 0.61 
-4.13 5.41 -288.37 -0.82 -0.34 0.50 
1.89 7.72 -284.00 -1.19 -0.32 0.70 
-23.68 20.59 -289.21 -0.81 -0.35 0.59 
4.92 19.22 -288.39 -0.56 -0.64 0.00 
3.44 28.49 -282.83 -0.50 -0.38 -0.52 
-12.25 17.56 -277.40 -0.49 -0.32 -0.79 
-2.25 6.71 -276.66 -0.36 -0.20 -0.91 
16.45 -16.36 -268.51 -0.29 -0.29 -0.84 
-15.59 16.57 -267.45 -0.92 -0.36 0.62 
-1.09 3.84 -263.65 -0.83 -0.37 0.51 
0.98 7.24 -258.48 -1.13 -0.42 0.70 
-1.30 23.12 -261.49 -0.82 -0.32 0.80 
0.75 30.56 -259.46 -0.30 -0.36 0.00 
-0.84 28.12 -249.77 -0.29 -0.45 -0.62 
-10.66 17.28 -252.21 -0.41 -0.27 -0.69 
-6.54 14.35 -254.29 -0.32 -0.38 -0.97 
6.73 -11.15 -249.47 -0.21 -0.34 -1.07 
14.80 -28.90 -233.73 -0.38 -0.43 -0.44 
-13.87 -17.65 -226.41 -0.68 -0.41 0.19 
-4.58 -9.57 -219.69 -0.93 -0.19 0.78 
-10.93 7.51 -227.35 -0.99 0.06 0.82 
-16.46 3.16 -234.01 -0.85 -0.49 0.59 
-4.03 6.35 -233.27 -0.72 -0.45 0.58 
-1.88 5.84 -228.47 -0.91 -0.42 0.63 
3.36 22.58 -225.07 -1.01 -0.46 0.82 
-30.07 26.86 -235.19 -0.77 -0.49 0.09 
-20.98 35.43 -257.82 -0.51 -0.38 -0.24 
-6.70 24.33 -254.27 -0.37 -0.31 -0.68 
-1.74 7.14 -251.20 -0.24 -0.27 -0.94 
13.63 -16.76 -242.39 -0.22 -0.46 -0.98 
-0.44 -37.11 -225.54 -0.34 -0.15 -0.13 
4.48 -18.09 -217.61 -0.69 -0.33 0.49 
-2.98 8.39 -216.35 -1.01 -0.45 0.79 
4.08 3.92 -214.05 -0.83 -0.23 0.59 
-3.91 5.79 -214.21 -0.80 -0.38 0.57 
0.56 5.88 -210.38 -1.02 -0.34 0.70 
-0.59 14.51 -204.86 -0.95 -0.70 0.76 
5.84 34.95 -217.57 -0.58 -0.53 0.24 
-11.07 25.67 -221.36 -0.62 -0.51 -0.24 
-15.56 24.05 -216.37 -0.62 -0.24 -0.48 
-3.79 18.73 -212.10 -0.28 -0.04 -0.85 
7.41 -8.21 -209.35 -0.33 -0.19 -1.13 
5.18 -20.45 -207.50 -0.44 -0.29 -0.73 
-26.59 9.61 -213.14 -0.81 -0.25 0.61 
-5.12 7.70 -213.37 -0.78 -0.60 0.53 
-4.52 4.57 -214.31 -0.84 -0.57 0.51 
0.32 10.35 -213.45 -0.99 -0.51 0.66 
6.95 15.18 -204.14 -0.77 -0.76 0.73 
7.26 26.35 -210.36 -0.60 -0.33 0.18 
0.50 32.91 -213.27 -0.49 -0.58 -0.07 
-19.68 24.19 -217.61 -0.26 -0.34 -0.71 
-7.71 13.68 -214.41 -0.15 -0.30 -1.13 
24.23 -19.50 -202.86 -0.07 -0.32 -1.06 
14.27 -31.66 -182.17 -0.17 -0.27 -0.28 
-8.62 -24.74 -169.66 -0.66 -0.42 0.62 
8.26 4.59 -161.29 -0.86 0.00 0.77 
-4.81 4.64 -161.80 -0.90 -0.24 0.65 
1.28 3.81 -157.85 -0.93 -0.32 0.63 
4.32 8.11 -152.84 -0.97 -0.27 0.66 
-3.49 21.83 -157.12 -0.93 -0.25 0.72 
-1.57 24.68 -164.63 -0.64 -0.15 0.23 
-10.92 30.84 -170.28 -0.58 -0.30 -0.08 
1.29 36.21 -172.53 -0.30 -0.15 -0.79 
-8.08 7.17 -173.92 -0.03 -0.36 -1.18 
9.00 0.03 -166.63 -0.08 -0.44 -1.03 
11.02 -26.65 -152.04 -0.15 -0.44 -0.77 
-2.13 -22.40 -136.16 -0.47 -0.03 0.03 
-24.10 -12.41 -133.24 -0.75 -0.27 0.51 
-13.60 -1.19 -135.45 -1.01 -0.08 0.80 
-1.86 3.30 -139.35 -0.79 -0.34 0.56 
-3.46 7.03 -137.27 -0.83 -0.45 0.55 
-1.43 7.37 -132.81 -0.97 -0.37 0.58 
-1.69 23.95 -131.13 -1.08 -0.61 0.81 
19.17 39.19 -124.02 -0.48 -0.42 0.14 
-21.07 33.32 -132.92 -0.40 -0.33 -0.70 
-7.04 14.91 -134.02 -0.23 -0.23 -1.24 
-58.97 -10.67 -133.18 -0.89 -0.13 0.64 
-13.52 5.16 -141.49 -0.81 -0.51 0.60 
-5.74 7.03 -138.63 -0.76 -0.45 0.59 
-0.75 8.22 -129.12 -1.06 -0.40 0.74 
-17.32 34.28 -143.45 -0.66 -0.36 0.41 
3.57 39.62 -141.53 -0.36 -0.41 -0.31 
-22.73 28.38 -141.33 -0.06 -0.32 -0.74 
-8.80 0.99 -146.91 -0.19 -0.24 -1.06 
15.93 -44.75 -130.83 -0.11 -0.22 -0.80 
5.65 -29.39 -111.68 -0.45 -0.16 0.41 
-4.75 3.78 -99.14 -0.91 -0.24 0.79 
-0.90 1.63 -101.17 -0.93 -0.15 0.61 
-0.51 6.43 -103.79 -0.88 -0.38 0.51 
-4.96 8.58 -105.46 -1.02 -0.31 0.67 
-17.63 25.75 -105.43 -0.84 -0.66 0.37 
3.71 30.97 -109.00 -0.37 -0.44 -0.01 
99.47 -104.55 -60.46 -0.17 -0.35 -1.02 
5.94 -33.33 -46.00 -0.54 -0.38 0.06 
-18.60 -8.79 -41.06 -0.79 -0.06 0.72 
-16.34 -1.03 -42.41 -1.00 -0.39 0.60 
22.64 9.21 -42.64 -0.93 -0.42 0.72 
-88.74 5.02 -125.25 -0.86 -0.54 0.60 
-2.07 5.67 -124.10 -0.77 -0.62 0.50 
3.90 6.85 -116.66 -1.01 -0.59 0.85 
-14.91 30.52 -118.00 -0.80 -0.41 0.30 
-28.20 41.81 -121.77 -0.37 -0.40 -0.27 
-22.92 26.25 -111.06 -0.25 -0.19 -0.72 
-6.07 7.03 -112.21 -0.19 -0.07 -0.98 
7.74 -11.52 -110.05 -0.23 -0.20 -1.00 
33.23 -35.10 -91.63 -0.50 -0.37 -0.44 
-6.03 -21.28 -84.64 -0.74 -0.36 0.63 
-13.49 -0.50 -82.52 -0.77 -0.41 0.77 
-4.39 7.79 -86.37 -0.87 -0.36 0.62 
-3.65 4.99 -85.63 -0.83 -0.45 0.55 
-4.55 10.79 -84.36 -0.80 -0.71 0.62 
-24.75 23.16 -97.13 -0.94 -0.46 0.30 
-22.28 38.34 -94.05 -0.42 -0.51 -0.27 
-16.48 33.00 -88.59 -0.29 -0.17 -0.83 
5.20 -1.46 -87.97 -0.26 -0.31 -0.90 
-0.25 3.68 -87.92 -0.27 -0.33 -0.93 
4.56 -16.06 -74.41 -0.50 -0.35 0.04 
-4.35 -4.95 -66.71 -0.76 -0.43 0.65 
-12.79 -4.54 -72.13 -0.82 -0.56 0.48 
-3.67 5.15 -68.19 -0.79 -0.56 0.52 
-0.14 6.10 -64.20 -0.91 -0.61 0.54 
-7.54 28.48 -66.41 -0.83 -0.47 0.69 
17.99 29.02 -51.07 -0.52 -0.39 -0.20 
-8.72 28.73 -44.96 -0.54 -0.46 -0.37 
-4.42 21.02 -38.71 -0.30 -0.29 -0.69 
-4.63 3.21 -38.15 -0.23 -0.23 -0.92 
21.76 -18.62 -27.92 -0.21 -0.26 -0.96 
-37.04 60.56 -25.92 -0.28 -0.49 -0.43 
-3.80 -1.92 -22.56 -0.17 -0.39 -1.05 
19.39 -40.91 -10.92 -0.14 -0.39 -0.74 
8.83 -31.40 12.62 -0.56 -0.32 0.34 
-14.71 -0.47 14.54 -0.83 0.01 0.83 
-12.28 8.16 -6.95 -0.86 -0.50 0.68 
-1.29 0.24 239.03 1.02 -0.15 0.08 
-3.64 -0.08 242.38 1.01 -0.13 0.06 
-3.64 -0.08 242.38 1.01 -0.13 0.06 
-1.11 0.11 244.13 1.01 -0.12 0.05 
-6.77 -0.17 247.44 1.01 -0.16 0.06 
-6.77 -0.17 247.44 1.01 -0.16 0.06 
-0.39 0.00 248.14 1.01 -0.16 0.05 
-0.67 -0.18 248.43 1.01 -0.13 0.06 
-0.20 0.07 249.02 1.00 -0.12 0.07 
-0.97 -0.05 249.44 1.02 -0.14 0.06 
-0.96 -0.01 250.20 1.02 -0.14 0.06 
-1.43 -0.21 250.46 1.01 -0.14 0.06 
-0.81 -0.19 251.14 1.01 -0.11 0.06 
-1.01 -0.15 251.64 1.02 -0.13 0.06 
-2.36 -0.18 252.36 1.00 -0.12 0.06 
-0.04 0.11 253.73 1.01 -0.14 0.07 
-3.59 0.68 261.03 1.03 -0.10 0.07 
-3.59 0.68 261.03 1.03 -0.10 0.07 
15.24 12.61 -317.17 0.78 -1.03 -0.03 
-0.84 0.49 -291.62 0.39 -0.58 0.19 
2.24 4.48 -267.75 -0.19 -0.12 0.11 
-3.16 13.57 -265.11 -0.73 -0.81 1.00 
-5.67 3.12 -264.47 -0.85 -0.66 0.50 
1.13 2.60 -253.92 -0.81 -0.48 0.79 
5.05 55.95 -243.34 -0.35 -0.40 -0.15 
-4.25 21.61 -242.73 -0.41 -0.35 -0.42 
-4.54 18.59 -244.73 -0.25 -0.23 -0.81 
-1.90 1.51 -242.75 -0.38 -0.40 -1.03 
9.35 -27.32 -225.34 -0.25 -0.45 -0.52 
-3.18 4.20 -238.70 -0.94 -0.67 0.68 
-3.18 4.20 -238.70 -0.94 -0.67 0.68 
-10.12 10.47 -239.86 -0.84 -0.51 0.78 
-2.50 30.82 -230.11 -0.48 -0.54 -0.14 
5.68 -11.38 -231.10 -0.30 -0.35 -1.02 
5.68 -11.38 -231.10 -0.30 -0.35 -1.02 
9.79 -13.22 -223.23 -0.25 -0.27 -0.80 
3.12 -21.09 -190.89 -0.49 0.03 0.61 
-1.67 17.15 -191.04 -0.91 -0.34 0.69 
-91.63 -149.29 -57.94 -0.49 -0.08 0.85 
-11.05 -0.67 -57.21 -0.97 -0.31 0.99 
-9.73 6.12 -65.36 -0.84 -0.27 0.59 
-10.50 35.09 -48.42 -0.96 -0.45 0.71 
-21.63 22.10 -55.89 -0.51 -0.55 0.47 
-6.75 34.75 -53.89 -0.39 -0.49 -0.15 
-6.67 24.51 -47.90 -0.48 -0.35 -0.57 
-7.01 18.13 -41.03 -0.33 -0.28 -0.73 
-2.93 2.50 -41.61 -0.30 -0.31 -0.89 
3.50 -3.23 -38.34 -0.27 -0.34 -0.93 
20.01 -30.75 -24.72 -0.34 -0.37 -0.68 
1.30 -26.61 -10.98 -0.64 -0.48 0.24 
-15.15 -14.33 -4.02 -0.65 -0.44 0.95 
-2.47 28.82 -4.77 -0.73 -0.30 0.64 
-1.69 0.46 -6.71 -0.84 -0.58 0.51 
-3.80 6.00 -3.17 -0.74 -0.51 0.48 
-1.94 8.70 0.65 -1.02 -0.41 0.67 
-27.79 24.19 -8.58 -0.79 -0.59 0.53 
-1.16 -8.35 -8.01 -0.17 -0.19 -0.98 
23.12 -17.20 0.64 -0.21 -0.31 -0.94 
24.69 -34.68 28.98 -0.51 -0.17 0.03 
-13.19 -17.87 41.97 -0.55 -0.01 0.81 
-32.40 5.59 38.62 -0.79 -0.16 0.86 
-11.34 2.68 28.22 -0.85 -0.35 0.67 
-0.29 5.94 32.06 -0.83 -0.53 0.67 
-3.30 6.53 34.06 -0.81 -0.41 0.62 
-3.00 9.80 34.34 -0.92 -0.59 0.68 
-16.66 21.63 30.42 -0.72 -0.48 0.50 
-14.82 30.37 29.18 -0.57 -0.45 -0.04 
-16.40 27.76 28.99 -0.47 -0.35 -0.56 
-3.89 16.66 36.23 -0.28 -0.18 -0.90 
-4.04 4.81 36.05 -0.21 -0.18 -0.96 
-82.95 -82.94 68.86 -0.50 -0.05 0.48 
-30.37 2.49 62.66 -0.81 0.08 0.60 
-3.10 1.16 60.75 -0.86 -0.15 0.57 
-4.69 4.45 57.39 -0.88 -0.21 0.73 
3.08 3.58 64.00 -0.78 -0.41 0.63 
-2.29 6.18 66.81 -0.93 -0.40 0.70 
5.11 9.31 63.24 -0.92 -0.47 0.81 
-2.12 22.92 60.40 -0.77 -0.59 0.41 
3.50 42.89 64.03 -0.58 -0.26 -0.24 
-16.26 24.26 67.26 -0.39 -0.27 -0.72 
-6.32 10.30 69.50 -0.36 -0.14 -0.95 
4.55 -0.25 69.52 -0.31 -0.26 -0.94 
11.39 -11.23 75.62 -0.32 -0.19 -1.01 
-14.90 -35.52 79.85 -0.65 -0.42 0.03 
-0.90 -18.76 81.03 -0.82 -0.53 0.35 
-7.93 -3.77 80.42 -0.73 -0.65 0.72 
5.59 6.60 84.12 -0.84 -0.44 0.39 
-3.10 2.12 83.19 -0.94 -0.28 0.75 
-1.95 6.76 86.36 -0.80 -0.47 0.57 
0.95 8.10 91.22 -1.00 -0.43 0.71 
-7.86 16.64 95.21 -0.89 -0.52 0.68 
-11.41 35.74 94.68 -0.77 -0.50 0.12 
1.34 31.92 105.14 -0.38 -0.36 -0.31 
-12.58 22.96 107.39 -0.34 -0.05 -0.76 
0.31 8.65 111.30 -0.21 -0.06 -1.03 
2.31 0.26 112.60 -0.19 -0.12 -1.03 
11.23 -28.95 123.26 -0.28 -0.31 -0.83 
-3.19 -25.71 136.16 -0.64 -0.14 -0.04 
-5.78 -19.65 144.83 -0.75 -0.17 0.47 
-17.73 -3.72 141.49 -0.92 -0.17 0.69 
-23.79 8.36 134.74 -0.72 -0.21 0.49 
-3.96 2.54 132.04 -0.91 -0.55 0.61 
-1.36 6.06 134.56 -0.78 -0.45 0.57 
-0.36 7.64 136.26 -1.01 -0.43 0.82 
-18.73 28.45 131.25 -0.72 -0.42 0.55 
1.75 30.89 131.59 -0.54 -0.51 -0.05 
-12.05 27.26 135.93 -0.52 -0.49 -0.55 
-15.45 20.87 133.15 -0.36 -0.30 -0.78 
-3.46 7.69 133.20 -0.29 -0.27 -0.94 
2.47 -0.45 135.00 -0.25 -0.29 -0.96 
9.60 -26.12 139.81 -0.31 -0.37 -0.76 
9.46 -27.26 150.02 -0.56 -0.38 -0.12 
-13.20 -19.73 156.67 -0.57 -0.38 0.68 
-12.41 0.73 156.99 -0.76 -0.27 0.63 
-11.48 12.06 155.54 -0.83 -0.40 0.56 
-2.99 1.67 156.17 -0.83 -0.54 0.49 
-1.24 4.62 158.78 -0.77 -0.45 0.46 
-2.74 5.12 161.87 -0.81 -0.49 0.51 
-1.02 10.31 164.25 -0.95 -0.53 0.63 
-16.78 25.04 157.95 -0.59 -0.65 0.43 
-3.93 26.56 161.80 -0.43 -0.53 -0.12 
-8.64 19.35 165.30 -0.50 -0.38 -0.43 
-7.47 22.40 167.33 -0.48 -0.24 -0.55 
-3.08 13.39 169.24 -0.27 -0.26 -0.97 
2.36 -0.04 170.76 -0.25 -0.31 -1.02 
11.43 -18.25 175.78 -0.30 -0.28 -0.85 
18.87 -26.03 191.04 -0.55 -0.37 -0.18 
-10.16 -29.03 191.99 -0.82 -0.42 0.57 
2.85 3.57 197.22 -0.70 -0.38 0.85 
-9.70 3.58 193.06 -0.96 -0.34 0.61 
-3.35 4.03 192.97 -0.79 -0.33 0.54 
-1.86 4.93 194.33 -0.83 -0.40 0.56 
-1.83 14.26 196.12 -0.95 -0.22 0.75 
-18.20 22.14 186.09 -0.67 -0.72 0.42 
-2.86 40.49 194.67 -0.51 -0.45 -0.37 
-3.26 24.43 200.44 -0.47 -0.37 -0.56 
-1.76 11.83 204.52 -0.33 -0.28 -0.93 
-2.48 3.96 204.00 -0.28 -0.32 -0.94 
15.78 -11.01 211.10 -0.32 -0.32 -0.94 
9.77 -34.78 221.52 -0.39 -0.51 -0.10 
-11.01 -18.93 226.68 -0.55 -0.63 0.50 
-0.46 -1.57 229.91 -0.77 -0.40 0.73 
-3.02 8.87 229.49 -0.87 -0.21 0.70 
-4.78 3.01 226.97 -0.89 -0.48 0.55 
-3.02 6.08 226.73 -0.80 -0.38 0.52 
-2.65 8.06 227.43 -0.88 -0.45 0.58 
3.83 12.44 227.77 -0.85 -0.61 0.63 
-17.77 21.96 223.51 -0.72 -0.57 0.30 
-0.77 28.52 226.91 -0.62 -0.55 -0.22 
-17.41 25.83 222.24 -0.39 -0.44 -0.55 
-3.51 16.94 227.97 -0.42 -0.34 -0.59 
-3.89 10.61 230.56 -0.27 -0.25 -0.89 
1.33 0.85 231.72 -0.28 -0.32 -1.03 
17.60 -15.52 242.80 -0.16 -0.38 -0.83 
12.83 -24.38 261.86 -0.41 -0.36 -0.03 
-11.10 -21.24 268.68 -0.70 -0.35 0.44 
-13.55 3.82 269.64 -0.71 -0.32 0.79 
-5.74 5.48 267.21 -0.97 -0.38 0.64 
-5.50 6.33 271.62 -0.77 -0.50 0.57 
-3.88 4.57 269.60 -0.80 -0.40 0.52 
-2.01 5.43 270.00 -0.90 -0.49 0.58 
-5.53 9.90 274.81 -0.98 -0.63 0.46 
-2.36 22.73 274.71 -0.82 -0.47 0.56 
-2.97 30.18 269.47 -0.58 -0.40 -0.08 
4.09 24.53 275.64 -0.45 -0.43 -0.55 
-4.99 16.57 280.66 -0.36 -0.26 -0.68 
-6.84 9.88 282.01 -0.30 -0.26 -1.06 
4.86 -101.37 325.94 -0.86 -0.15 0.27 
-3.33 -8.75 -327.16 -1.00 -0.39 0.86 
-13.84 10.19 -327.49 -0.93 -0.07 0.98 
-6.79 4.09 -324.41 -0.86 -0.21 0.66 
-8.72 7.18 -326.18 -0.78 -0.40 0.55 
-1.65 5.00 -325.50 -0.91 -0.40 0.62 
1.67 8.55 -326.06 -1.01 -0.28 0.82 
-13.57 25.59 320.66 -0.70 -0.54 0.55 
-11.75 30.08 315.20 -0.57 -0.48 -0.11 
-13.44 23.81 314.99 -0.38 -0.37 -0.46 
-14.17 18.98 315.70 -0.38 -0.23 -0.72 
-4.11 9.98 317.88 -0.17 -0.22 -0.93 
-1.89 1.63 318.44 -0.19 -0.31 -0.96 
18.02 -30.82 323.86 -0.25 -0.31 -0.76 
6.49 -25.12 -321.58 -0.61 -0.38 -0.17 
0.95 -21.60 -307.60 -0.63 -0.39 0.64 
-5.97 0.36 -303.77 -0.72 -0.19 0.81 
-15.03 6.29 -309.37 -0.87 -0.40 0.59 
-4.47 3.56 -312.86 -0.85 -0.46 0.59 
-2.91 4.79 -310.83 -0.74 -0.44 0.49 
-0.89 6.03 -308.41 -0.86 -0.45 0.59 
-7.07 9.58 -307.68 -0.98 -0.39 0.60 
-13.15 19.76 -313.90 -0.77 -0.60 0.57 
-4.25 27.16 -320.70 -0.68 -0.57 0.00 
-20.59 27.13 327.50 -0.64 -0.49 -0.43 
-3.68 15.79 -321.04 -0.42 -0.42 -0.81 
-2.78 13.42 -316.12 -0.26 -0.31 -0.82 
-1.41 4.29 -316.05 -0.27 -0.26 -0.89 
3.81 -2.19 -311.81 -0.11 -0.39 -1.04 
10.69 -28.09 -297.78 -0.26 -0.35 -0.50 
1.33 -18.00 -284.62 -0.64 -0.20 0.13 
-11.81 0.48 -279.88 -0.75 -0.28 0.80 
-18.95 5.11 -284.60 -0.81 -0.47 0.65 
-3.53 5.59 -285.16 -0.91 -0.27 0.56 
-0.95 5.70 -283.32 -0.82 -0.47 0.51 
-1.96 6.66 -281.30 -0.90 -0.36 0.63 
3.50 17.64 -280.81 -0.88 -0.56 0.66 
8.14 28.43 -283.37 -0.69 -0.47 0.16 
-2.56 24.82 -286.45 -0.66 -0.50 -0.31 
-16.06 24.95 -284.09 -0.43 -0.42 -0.49 
-12.44 20.06 -284.55 -0.28 -0.30 -0.80 
-3.52 6.19 -284.23 -0.27 -0.35 -0.92 
-0.36 -1.02 -283.00 -0.24 -0.37 -0.94 
11.15 -20.75 -275.89 -0.26 -0.37 -0.77 
9.32 -29.61 -261.79 -0.73 -0.23 -0.03 
-6.22 -18.33 -247.69 -0.79 -0.33 0.68 
1.32 6.85 -243.48 -0.75 -0.14 0.71 
-6.43 1.01 -243.92 -0.90 -0.29 0.57 
-4.27 4.71 -242.97 -0.79 -0.36 0.54 
-4.04 6.09 -242.31 -0.87 -0.37 0.55 
-1.72 13.32 -246.23 -0.97 -0.18 0.69 
-15.41 19.37 -255.76 -0.75 -0.65 0.41 
0.01 23.57 -258.30 -0.54 -0.64 -0.04 
-21.39 25.39 -262.44 -0.47 -0.56 -0.45 
-11.28 19.20 -258.58 -0.37 -0.55 -0.72 
-5.81 14.95 -256.68 -0.22 -0.33 -0.95 
-2.20 1.45 -256.25 -0.19 -0.39 -0.95 
13.98 -32.14 -244.69 -0.40 -0.49 -0.70 
11.34 -23.54 -228.08 -0.51 -0.29 0.02 
-4.50 -13.76 -218.21 -0.67 -0.27 0.41 
-14.78 1.05 -216.01 -0.79 -0.20 0.73 
-20.76 10.10 -221.87 -0.93 -0.35 0.71 
-5.60 3.52 -223.96 -0.82 -0.55 0.51 
-0.65 5.72 -219.64 -0.85 -0.52 0.51 
-6.66 10.50 -220.26 -0.85 -0.34 0.55 
-18.54 21.78 -226.55 -0.85 -0.58 0.39 
-0.86 26.25 -222.17 -0.75 -0.56 -0.02 
-3.34 28.12 -217.57 -0.35 -0.44 -0.45 
-12.25 20.05 -220.54 -0.41 -0.08 -0.60 
-4.05 11.16 -218.83 -0.23 -0.29 -0.99 
2.37 -5.39 -213.24 -0.23 -0.28 -0.95 
6.24 -18.42 -206.57 -0.46 -0.30 -0.70 
2.05 -23.36 -198.73 -0.65 -0.33 -0.18 
-11.61 -18.65 -204.30 -0.75 -0.48 0.36 
10.57 0.44 -197.44 -0.88 -0.42 0.64 
-11.34 2.89 -201.72 -0.96 -0.22 0.76 
-5.96 7.49 -199.82 -0.77 -0.31 0.44 
-6.40 4.94 -197.85 -0.95 -0.42 0.63 
-1.86 9.06 -196.29 -1.09 -0.31 0.70 
-5.73 20.99 -200.04 -0.87 -0.54 0.71 
3.75 30.09 -207.02 -0.60 -0.27 0.13 
15.46 -39.27 -192.41 -0.28 -0.49 -0.83 
8.54 -20.06 -183.30 -0.44 -0.46 -0.67 
-3.86 -25.82 -172.43 -0.67 -0.40 0.11 
-2.77 -11.74 -163.06 -0.58 -0.32 0.73 
-4.03 3.69 -162.09 -0.73 -0.19 0.80 
-13.04 10.10 -171.42 -0.96 -0.53 0.69 
-2.47 7.82 -168.94 -0.87 -0.58 0.57 
-2.88 5.35 -167.93 -0.73 -0.51 0.40 
-3.59 5.20 -164.37 -0.99 -0.53 0.61 
-0.85 5.24 -164.22 -0.97 -0.54 0.65 
-2.73 14.82 -157.12 -0.68 -0.70 0.70 
-0.84 12.87 -156.39 -0.74 -0.54 0.44 
-3.93 26.13 -160.75 -0.75 -0.53 -0.30 
1.04 19.34 -156.47 -0.44 -0.49 -0.50 
-0.48 8.02 -155.59 -0.26 -0.52 -0.85 
-1.85 2.19 -155.84 -0.30 -0.52 -0.90 
-2.30 -1.81 -156.34 -0.21 -0.43 -0.87 
8.01 -11.61 -149.82 -0.28 -0.61 -0.68 
1.68 -11.07 -143.72 -0.34 -0.47 -0.47 
-2.25 -7.89 -137.51 -0.70 -0.41 0.27 
-14.76 -2.05 -139.73 -0.91 -0.25 0.69 
-1.72 4.85 -139.52 -0.83 -0.32 0.55 
-1.97 8.22 -139.70 -0.86 -0.38 0.58 
-2.26 12.01 -136.79 -0.95 -0.40 0.72 
0.70 22.68 -141.15 -0.90 -0.44 0.56 
5.60 29.77 -144.73 -0.65 -0.37 0.00 
-21.54 35.70 -146.69 -0.22 -0.33 -0.54 
-18.44 23.57 -149.54 -0.20 -0.40 -0.87 
0.02 2.91 -148.27 -0.06 -0.36 -0.98 
9.23 -8.83 -142.92 -0.13 -0.37 -1.04 
-3.53 -33.14 -141.77 -0.18 -0.47 -0.67 
