-5.26 -20.95 -68.74 0.76 -0.17 0.87 
15.77 18.03 -195.41 1.01 0.04 -0.08 
21.42 22.71 -169.36 1.00 0.06 -0.08 
7.01 6.72 -160.76 1.01 0.07 -0.09 
22.38 25.95 -103.59 1.02 0.05 -0.07 
22.38 25.95 -103.59 1.02 0.05 -0.07 
13.03 11.52 -90.51 1.01 0.02 -0.05 
10.57 7.67 -81.80 1.03 0.02 -0.03 
31.66 12.95 -69.32 1.15 0.00 0.04 
19.94 13.20 -60.72 1.09 0.02 0.03 
39.79 22.53 -28.76 1.27 0.00 0.17 
29.40 -1.28 -9.37 0.58 0.05 0.02 
20.91 24.25 18.64 1.08 0.27 0.09 
7.97 14.07 29.10 1.29 0.33 0.25 
-1.94 21.85 37.35 1.54 0.33 0.53 
21.17 45.04 121.80 -1.10 0.00 -0.97 
1.86 24.53 146.20 -1.09 0.06 -0.17 
49.73 -6.05 168.23 1.59 0.02 0.34 
16.35 22.01 186.41 1.06 0.19 0.06 
24.71 30.56 212.31 1.14 0.23 0.21 
-0.34 19.17 223.01 1.48 0.28 0.49 
-5.57 30.84 239.56 1.73 0.14 0.59 
10.97 47.82 258.91 0.78 0.10 0.43 
1.34 33.08 272.33 0.15 -0.08 0.58 
8.69 30.05 307.90 -1.15 -0.16 -0.49 
38.52 3.83 -298.73 -1.02 -0.10 -0.21 
35.37 -41.23 -288.73 1.64 0.31 0.38 
35.37 -41.23 -288.73 1.64 0.31 0.38 
10.39 10.78 -275.18 1.16 0.18 0.21 
6.96 7.85 -265.60 1.01 0.19 -0.07 
15.39 32.98 -96.67 -0.87 -0.24 0.27 
9.03 19.50 -81.91 -1.02 -0.21 0.03 
10.84 1.96 -67.45 -0.99 0.02 -0.09 
33.14 -31.79 -65.39 0.56 -0.08 0.57 
33.67 -33.12 -60.54 1.66 0.42 0.45 
15.20 5.44 -40.22 1.16 0.07 0.19 
28.60 104.72 14.40 1.38 0.28 0.32 
2.71 78.80 69.78 1.19 0.05 0.30 
2.97 67.00 107.72 -0.18 0.01 0.35 
17.71 52.24 131.14 -1.13 -0.07 -0.38 
21.38 19.82 151.35 -0.94 -0.03 -0.06 
15.75 6.48 168.07 -1.10 0.02 -0.37 
17.50 -29.38 161.94 -0.06 -0.15 -0.13 
26.73 -41.39 175.88 1.77 0.22 0.43 
1.96 -5.81 194.29 1.32 0.10 0.20 
10.06 15.50 213.87 1.04 0.22 -0.06 
-35.31 174.83 323.66 1.65 0.18 0.42 
-0.97 63.45 -281.78 0.47 -0.07 0.25 
29.58 66.83 -252.39 -0.75 0.05 -0.08 
20.81 16.80 -232.27 -1.02 -0.16 -0.21 
8.79 13.31 -217.46 -0.95 -0.10 0.03 
13.17 -5.09 -204.19 -0.80 -0.05 0.11 
33.56 -32.15 -213.34 0.51 0.00 0.44 
1.50 -33.31 -217.68 1.62 0.05 0.33 
19.81 5.94 -199.97 1.23 0.15 0.19 
11.50 14.26 -184.17 1.04 0.22 -0.04 
13.41 15.15 -167.64 0.98 0.18 -0.14 
18.11 19.54 -157.16 1.15 0.18 0.16 
-11.32 62.99 -116.85 1.83 0.27 0.53 
13.04 63.01 -71.30 0.60 -0.01 0.30 
11.32 65.82 -40.04 -0.64 -0.04 0.04 
4.51 25.92 -24.49 -1.03 -0.02 -0.34 
13.22 20.19 -6.19 -0.94 -0.16 0.00 
17.04 17.17 15.12 -1.01 -0.06 -0.17 
-1.49 -36.81 3.60 -0.18 -0.02 -0.25 
38.44 -32.78 -2.08 1.23 0.42 0.39 
26.76 1.10 15.03 1.45 0.15 0.08 
9.77 12.42 30.35 1.02 0.10 -0.16 
19.39 21.86 53.03 0.94 0.21 -0.23 
7.23 38.78 80.70 1.46 0.34 0.29 
-2.70 62.82 115.66 1.75 0.16 0.40 
4.54 64.81 160.34 0.18 -0.10 0.35 
10.03 60.62 183.52 -1.01 0.02 -0.40 
24.16 34.11 231.00 -1.06 0.01 -0.14 
13.62 -26.70 228.11 -0.72 -0.08 0.03 
26.77 -32.99 217.80 0.97 -0.09 0.33 
14.10 -32.93 214.15 1.66 0.09 0.27 
14.73 9.47 231.09 1.20 0.22 0.09 
12.10 18.44 250.47 0.94 0.20 -0.12 
8.96 14.13 271.26 0.98 0.16 -0.11 
15.87 22.60 291.49 1.22 0.17 0.21 
-5.17 62.97 -322.14 1.69 0.01 0.53 
17.48 63.30 -273.95 0.51 0.10 0.22 
12.36 53.90 -244.02 -0.69 -0.14 0.05 
3.67 21.71 -225.64 -1.03 0.04 -0.41 
13.44 18.52 -209.41 -0.94 0.00 -0.03 
13.26 20.03 -190.37 -0.99 -0.07 -0.06 
12.87 6.49 -177.73 -0.98 0.05 -0.29 
31.93 -26.99 -191.06 -0.25 -0.01 0.04 
41.60 49.16 -124.79 1.08 0.29 -0.08 
12.97 16.60 -106.09 0.88 0.24 -0.19 
4.89 31.86 -88.28 1.43 0.28 0.39 
19.95 62.58 -68.27 1.84 0.13 0.50 
-10.44 63.73 -31.11 0.38 0.06 0.28 
13.06 68.53 -2.07 -0.63 -0.26 -0.06 
9.05 25.97 18.04 -0.96 0.10 -0.44 
6.86 16.15 32.26 -1.00 -0.12 -0.14 
12.49 5.45 50.97 -1.00 0.00 -0.38 
9.38 -27.26 35.20 -0.28 -0.04 -0.07 
5.42 -41.11 41.20 1.54 0.22 0.46 
11.15 2.85 60.05 1.25 0.23 0.15 
12.08 17.48 78.27 0.99 0.17 -0.14 
13.02 16.41 95.70 0.98 0.22 -0.13 
2.69 30.45 115.88 1.33 0.37 0.35 
3.53 62.98 147.75 1.70 0.10 0.54 
5.72 64.66 188.70 0.25 0.16 0.27 
28.60 61.91 211.43 -0.63 -0.06 0.19 
12.37 29.01 231.76 -1.08 0.04 -0.43 
13.20 11.28 247.11 -0.97 0.00 -0.06 
3.92 15.79 265.72 -1.03 0.01 -0.20 
8.47 -35.35 262.59 -0.54 -0.17 -0.02 
45.84 -32.74 273.34 0.95 0.05 0.45 
17.52 -7.29 295.54 1.47 0.19 0.29 
10.40 10.90 311.04 1.06 0.14 0.02 
14.29 16.86 -324.67 1.00 0.20 -0.16 
5.72 22.45 -307.11 1.22 0.33 0.30 
-7.15 79.00 -264.94 1.42 0.04 0.50 
13.08 64.28 -224.38 0.29 0.03 0.48 
16.65 67.79 -194.39 -0.90 -0.04 -0.07 
10.90 28.04 -176.93 -0.98 -0.04 -0.24 
20.84 19.79 -153.77 -1.01 -0.04 -0.03 
10.96 10.15 -136.93 -1.01 0.06 -0.24 
39.11 -9.73 -94.15 1.19 0.23 0.19 
12.46 14.18 -74.45 1.00 0.23 -0.10 
14.02 15.89 -56.23 0.93 0.25 -0.17 
2.12 25.43 -32.43 1.29 0.13 0.24 
-4.92 62.61 6.15 1.80 0.23 0.48 
16.02 63.39 48.06 0.61 -0.10 0.31 
18.07 63.70 84.85 -0.73 -0.17 -0.08 
13.68 24.39 102.22 -1.06 0.00 -0.34 
14.04 25.63 123.96 -0.99 -0.04 0.01 
10.67 9.61 140.15 -1.02 -0.10 -0.11 
17.10 -18.73 148.05 -0.75 -0.10 0.10 
29.10 -32.73 136.67 0.73 0.03 0.29 
36.06 -33.33 136.92 1.97 0.32 0.22 
7.98 2.24 151.13 1.16 0.19 0.10 
13.79 19.49 170.75 1.00 0.23 -0.19 
13.43 17.05 189.04 0.91 0.31 -0.21 
-0.57 40.38 219.00 1.35 0.20 0.29 
1.34 63.02 253.56 1.62 0.19 0.52 
12.10 63.13 300.10 0.62 -0.01 0.35 
15.80 65.77 -326.74 -0.78 -0.02 -0.17 
11.39 22.56 -311.88 -1.15 -0.06 -0.32 
10.94 19.49 -294.75 -0.97 -0.19 0.06 
11.73 22.92 -272.90 -1.06 -0.14 -0.07 
11.71 -17.45 -263.80 -0.84 0.07 -0.27 
31.46 -32.99 -266.43 0.59 -0.16 0.04 
3.48 -33.27 -266.44 1.64 0.22 0.29 
18.66 -5.08 -252.56 1.31 0.43 0.22 
8.23 18.11 -233.89 0.93 0.27 -0.11 
15.26 17.10 -214.14 0.94 0.27 -0.21 
12.26 28.30 -199.56 1.35 0.32 0.26 
-8.15 62.98 -167.47 1.53 0.20 0.44 
17.65 63.66 -126.68 0.54 -0.03 0.50 
16.66 85.09 -96.83 -0.74 -0.08 -0.06 
7.47 15.12 -79.01 -1.09 -0.06 -0.36 
9.42 19.39 -61.67 -0.95 0.00 -0.07 
9.58 9.76 -45.07 -0.94 -0.04 -0.10 
4.51 -24.11 -36.51 -0.66 -0.06 -0.09 
32.65 -32.56 -38.67 0.81 0.19 0.43 
36.56 -33.00 -41.90 1.99 0.45 0.30 
16.47 20.46 -18.00 1.03 0.27 0.00 
16.56 20.30 1.49 0.92 0.32 -0.17 
17.71 19.79 21.46 1.04 0.31 0.00 
-4.88 74.05 66.54 1.65 0.20 0.56 
7.59 63.08 109.87 0.85 -0.04 0.45 
22.41 76.39 145.12 -0.63 -0.15 0.06 
6.45 18.38 160.52 -1.10 -0.09 -0.28 
6.72 19.26 177.57 -0.98 -0.04 0.00 
12.16 18.30 194.67 -0.95 -0.09 0.08 
12.46 6.12 208.73 -1.03 -0.10 -0.13 
32.37 -28.29 217.41 -0.32 0.03 0.29 
16.75 -32.78 237.26 1.07 0.18 0.37 
15.81 -11.29 251.44 1.57 0.21 0.32 
12.23 9.34 265.58 1.09 0.26 0.03 
12.98 16.85 284.21 0.96 0.23 -0.16 
14.88 16.10 302.68 0.97 0.22 -0.15 
4.96 35.85 -326.88 1.37 0.22 0.37 
2.82 62.82 -290.67 1.51 0.16 0.59 
-1.64 65.26 -239.95 0.21 -0.07 0.49 
7.71 69.14 -203.72 -0.64 0.03 -0.08 
17.32 19.55 -186.12 -1.04 -0.03 -0.27 
13.67 19.08 -168.07 -0.96 -0.09 0.00 
13.99 20.59 -148.26 -0.97 -0.05 -0.02 
-5.17 -20.81 -145.85 -0.72 0.04 -0.29 
12.59 -33.06 -154.35 0.61 -0.21 -0.11 
26.67 -33.71 -186.67 2.15 0.06 0.00 
8.57 8.02 -170.54 1.16 0.17 0.05 
10.89 16.23 -150.88 0.96 0.22 -0.19 
17.85 20.78 -130.02 0.97 0.24 -0.16 
-8.75 53.02 -86.90 1.38 0.31 0.32 
-15.21 61.76 -34.00 1.68 -0.16 0.46 
16.16 63.86 25.52 0.27 -0.16 0.26 
27.42 59.71 60.45 -0.95 0.15 -0.40 
21.43 15.46 77.74 -0.96 0.04 -0.24 
10.40 17.96 93.24 -0.97 -0.06 -0.07 
11.36 12.14 111.35 -0.99 0.03 -0.18 
4.69 -27.05 107.26 -0.67 -0.08 -0.10 
33.25 -32.56 100.93 0.98 -0.01 0.57 
24.81 -27.44 107.21 1.56 0.29 0.42 
18.17 11.82 121.92 1.17 0.19 0.07 
13.10 16.97 140.30 0.96 0.26 -0.11 
12.91 15.80 156.95 0.97 0.23 -0.09 
7.62 23.47 178.45 1.12 0.29 0.17 
-7.82 51.16 206.65 1.59 0.35 0.68 
-0.51 63.28 248.17 0.91 -0.17 0.57 
10.45 66.50 290.05 -0.30 -0.07 0.35 
10.32 50.16 326.45 -1.30 0.25 -0.33 
16.32 16.91 -309.95 -0.94 -0.09 -0.15 
18.95 17.69 -290.08 -0.98 -0.04 0.07 
8.69 13.00 -264.37 -1.05 0.06 -0.13 
21.71 -36.07 -259.48 -0.28 -0.11 0.16 
34.06 -33.06 -241.27 1.14 0.19 0.31 
11.43 -6.43 -222.58 1.47 0.27 0.33 
13.54 14.77 -206.83 1.12 0.21 0.04 
14.53 15.97 -189.75 0.93 0.19 -0.11 
14.66 14.86 -172.29 1.02 0.23 -0.04 
10.49 24.22 -152.39 1.13 0.32 0.25 
-5.52 60.73 -123.93 1.59 0.18 0.55 
0.65 63.80 -88.08 0.58 -0.06 0.45 
17.34 84.59 -41.07 -0.58 -0.12 -0.01 
12.07 20.64 -23.44 -1.05 0.06 -0.50 
15.83 16.72 -5.95 -0.94 -0.05 -0.14 
5.57 -132.47 106.10 1.69 0.24 0.28 
12.88 17.34 129.18 1.08 0.14 0.00 
11.76 17.00 146.67 1.00 0.18 -0.16 
16.07 18.75 169.45 0.96 0.19 -0.12 
5.20 28.81 186.56 1.56 0.36 0.44 
-1.43 63.28 219.22 1.46 0.16 0.42 
-0.17 65.06 260.94 0.14 -0.02 0.38 
19.84 56.24 283.80 -0.88 -0.10 -0.12 
16.81 24.16 300.58 -1.13 -0.05 -0.26 
13.97 17.72 317.65 -0.96 -0.09 0.04 
12.76 13.46 -321.26 -0.93 -0.03 0.00 
14.28 1.14 -309.16 -0.94 0.00 -0.07 
16.14 -31.76 -311.35 0.84 -0.14 1.01 
28.64 -33.16 -318.00 1.58 0.01 0.43 
14.81 -6.69 -304.67 1.29 0.27 0.16 
9.86 15.53 -286.42 1.01 0.20 -0.11 
13.13 17.26 -268.06 0.98 0.22 -0.12 
14.97 21.74 -254.23 1.08 0.18 -0.02 
-8.04 42.67 -227.17 1.40 0.45 0.46 
0.27 63.44 -194.31 1.10 0.10 0.61 
5.16 66.70 -157.01 -0.18 -0.09 0.46 
9.54 57.22 -135.51 -0.84 -0.16 -0.07 
13.14 19.17 -118.21 -1.03 -0.02 -0.25 
12.65 19.18 -100.66 -0.95 -0.11 0.06 
12.69 21.85 -83.13 -0.96 -0.11 0.02 
17.19 4.65 -69.97 -0.92 -0.10 -0.12 
20.64 -28.25 -78.62 -0.24 -0.21 0.06 
31.05 -32.39 -86.80 1.17 0.09 0.80 
15.87 -10.47 -80.50 1.26 0.27 0.48 
14.43 12.41 -63.40 1.06 0.15 0.12 
13.81 15.07 -44.40 1.00 0.24 0.04 
9.72 14.91 -26.53 1.03 0.18 0.06 
14.44 20.10 -7.94 1.11 0.19 0.24 
-10.51 62.30 28.09 1.56 -0.04 0.62 
11.42 64.05 69.85 0.62 -0.14 0.59 
10.57 69.04 102.49 -0.54 -0.05 0.08 
29.24 47.95 146.59 -0.92 -0.15 0.12 
10.79 -0.13 159.22 -0.96 -0.09 -0.16 
12.56 -28.87 149.82 -0.22 -0.25 0.16 
38.24 -32.43 150.26 1.00 0.21 0.53 
27.95 -6.30 160.04 1.49 0.18 0.39 
18.21 14.66 176.86 1.06 0.29 0.15 
23.98 28.04 206.43 0.99 0.22 -0.03 
1.85 0.21 207.70 0.99 0.21 -0.02 
60.70 93.92 -160.85 0.98 0.22 -0.08 
15.07 16.11 -141.68 1.00 0.25 0.00 
-19.90 47.27 -99.45 1.23 0.28 0.46 
4.88 63.51 -60.49 1.45 -0.05 0.62 
6.62 64.80 -20.13 0.11 0.00 0.35 
6.62 54.83 3.18 -0.88 -0.02 -0.01 
21.02 22.70 23.92 -0.95 -0.07 0.07 
12.69 22.00 40.53 -0.97 -0.16 0.12 
11.05 15.43 59.26 -1.07 -0.14 -0.08 
14.73 -10.59 72.67 -0.92 -0.13 0.00 
28.55 -32.02 96.66 0.71 -0.01 0.79 
18.48 -32.83 115.84 1.63 0.01 0.58 
2.40 -1.85 131.01 1.29 0.08 0.22 
9.63 13.93 146.07 1.10 0.22 0.03 
14.36 15.90 162.52 0.94 0.18 -0.10 
1.61 33.41 191.83 1.31 0.26 0.40 
-6.38 62.68 227.86 1.54 0.11 0.57 
7.99 64.58 259.38 0.42 0.00 0.50 
16.48 66.65 284.50 -0.43 -0.06 0.28 
23.48 26.47 301.29 -1.02 -0.21 -0.25 
15.83 20.83 318.56 -0.88 -0.21 0.06 
11.96 19.92 -318.71 -0.96 -0.19 0.04 
10.11 18.72 -300.97 -0.97 -0.16 -0.01 
16.22 -21.87 -294.19 -0.60 -0.13 -0.17 
34.57 -32.16 -301.16 0.78 -0.04 0.58 
14.25 -28.75 -282.67 1.59 0.45 0.48 
7.85 6.18 -264.71 1.17 0.32 0.18 
12.33 16.77 -244.42 0.97 0.26 -0.01 
14.83 15.89 -226.16 0.96 0.30 -0.05 
20.91 19.75 -205.92 1.09 0.30 0.13 
1.37 50.90 -179.76 1.61 0.37 0.54 
-3.82 63.43 -134.99 0.98 0.11 0.53 
11.73 66.91 -103.07 -0.08 0.08 0.23 
12.41 54.68 -80.38 -1.02 0.03 -0.61 
19.02 18.64 -58.06 -0.89 -0.03 -0.30 
13.39 18.70 -40.65 -0.91 -0.02 -0.26 
12.80 14.73 -24.67 -0.93 0.01 -0.34 
12.09 -27.27 -28.24 -0.71 -0.13 -0.24 
-1.03 -31.90 -40.91 0.46 -0.41 0.26 
26.96 -33.38 -46.36 1.79 0.19 0.40 
14.19 11.22 -24.22 1.14 0.23 0.14 
9.94 15.92 -4.97 1.00 0.29 -0.06 
14.06 13.97 12.95 0.97 0.29 -0.06 
12.81 18.18 31.26 0.97 0.21 -0.03 
10.62 19.74 50.29 0.93 0.27 0.11 
14.86 54.78 151.48 0.26 0.00 0.86 
119.79 131.04 269.60 1.03 -0.13 0.00 
18.47 10.84 281.62 1.07 -0.06 0.03 
80.39 -5.63 297.60 0.75 0.04 -0.06 
19.96 16.32 320.42 1.07 0.01 0.00 
9.84 32.89 -315.84 1.41 0.16 0.34 
7.55 62.80 -286.88 1.81 0.00 0.42 
13.95 63.19 -246.04 0.20 -0.06 0.06 
19.39 63.37 -224.51 -0.93 0.07 -0.14 
13.43 12.00 -207.93 -0.93 0.05 -0.30 
8.38 16.05 -188.69 -1.06 -0.02 -0.02 
9.34 -25.64 -178.56 -0.76 0.01 -0.13 
41.87 -32.33 -177.00 0.78 -0.15 0.55 
15.21 -32.88 -157.60 1.61 0.11 0.65 
3.94 8.37 -137.62 1.29 0.04 0.29 
15.38 14.76 -120.72 1.00 0.11 -0.02 
-1.62 44.35 -99.03 1.36 0.14 0.46 
-7.68 63.25 -71.05 1.27 -0.13 0.57 
6.03 66.04 -36.95 -0.04 -0.15 0.52 
12.13 69.19 -16.33 -0.82 -0.04 -0.09 
15.43 15.50 -1.29 -1.04 -0.16 -0.05 
10.22 14.81 15.72 -0.94 -0.23 0.03 
12.59 -13.04 28.56 -0.81 -0.13 -0.03 
26.86 -31.43 41.84 0.38 0.11 0.73 
18.61 -32.77 64.91 1.47 0.13 0.55 
20.33 6.72 88.17 1.31 0.18 0.30 
10.13 12.82 104.09 0.99 -0.01 -0.04 
12.12 12.48 118.58 1.05 0.08 0.01 
-2.97 39.96 138.95 1.63 0.23 0.43 
7.12 63.43 168.88 1.19 0.02 0.46 
1.86 66.15 209.17 -0.14 -0.12 0.53 
34.12 48.82 233.17 -1.00 -0.19 -0.14 
9.03 15.75 251.88 -0.96 -0.25 -0.05 
19.96 24.37 272.81 -0.95 -0.15 0.07 
14.38 -0.26 292.05 -1.03 -0.03 -0.21 
15.31 -38.81 305.26 0.18 0.00 0.72 
6.18 -33.07 324.22 1.48 0.06 0.47 
7.80 -0.11 -316.76 1.34 0.16 0.22 
8.33 21.61 -298.91 1.04 0.11 -0.12 
11.47 13.22 -283.07 1.02 0.12 -0.11 
15.31 14.22 -268.62 1.16 0.13 0.04 
-16.29 62.41 -240.51 1.61 0.05 0.38 
8.71 80.55 -212.48 0.37 0.03 0.61 
21.53 81.79 -195.70 -0.83 -0.10 -0.26 
16.97 15.51 -178.54 -1.00 -0.13 -0.20 
10.11 15.51 -161.60 -0.92 -0.16 0.09 
25.11 75.23 -67.16 1.14 0.18 0.06 
18.93 15.27 -46.10 0.97 0.07 -0.17 
10.84 18.98 -29.83 1.14 0.14 0.00 
-1.49 50.09 -6.11 1.54 0.13 0.37 
6.85 63.76 27.52 1.10 -0.04 0.62 
12.43 66.72 64.49 -0.27 -0.16 0.46 
9.57 44.68 87.21 -1.04 -0.06 -0.39 
8.74 16.90 103.23 -1.01 0.00 -0.25 
14.21 17.95 121.62 -0.95 -0.01 -0.01 
0.41 3.74 134.92 -0.94 0.02 -0.16 
7.59 -28.07 127.28 -0.31 -0.10 0.17 
25.07 -32.20 133.31 0.85 -0.15 0.68 
14.96 -13.46 146.28 1.46 0.20 0.41 
9.98 12.94 163.02 1.17 0.02 0.11 
15.47 18.45 180.46 0.96 0.18 -0.06 
17.07 11.55 193.77 1.09 0.11 0.05 
3.21 48.95 228.03 1.50 0.02 0.50 
13.42 63.63 271.77 1.04 -0.24 0.45 
15.47 64.79 305.56 -0.18 -0.11 0.50 
24.79 59.75 325.45 -0.89 -0.08 0.04 
14.02 18.01 -311.84 -1.02 -0.15 -0.12 
11.81 17.34 -294.76 -0.96 -0.07 0.15 
12.74 2.86 -279.07 -0.90 -0.01 -0.06 
4.53 -28.38 -278.83 -0.21 -0.13 0.12 
31.90 -32.48 -271.93 1.25 0.10 0.66 
24.84 -7.10 -267.17 1.38 0.12 0.42 
9.13 13.82 -250.34 1.00 0.00 0.05 
12.51 12.56 -232.64 1.03 0.07 0.00 
6.91 23.47 -212.18 1.07 0.14 0.20 
-32.51 44.63 -171.57 1.44 -0.10 0.53 
47.94 80.45 -117.62 0.61 -0.31 0.60 
14.68 51.13 -97.23 -0.60 0.05 0.39 
10.94 38.44 -79.90 -1.09 -0.30 -0.16 
14.50 10.82 -61.64 -0.90 -0.28 0.19 
13.15 23.21 -43.41 -0.97 -0.21 0.18 
19.05 -15.02 -38.63 -0.72 -0.06 0.01 
12.38 -31.29 -58.28 0.47 -0.40 0.81 
13.32 -28.85 -42.20 1.65 0.20 0.44 
16.17 2.49 -28.64 1.10 0.15 0.10 
11.13 13.56 -10.95 1.07 0.17 -0.04 
19.43 20.80 11.99 0.96 0.18 -0.06 
-1.43 50.36 40.87 1.54 0.15 0.48 
-3.69 63.39 81.66 1.29 -0.15 0.67 
14.21 61.65 122.09 -0.37 -0.13 0.34 
15.80 39.62 150.40 -0.99 -0.01 -0.10 
13.55 18.30 166.91 -0.95 -0.05 0.11 
11.44 -5.45 181.32 -1.03 -0.03 -0.12 
15.90 -29.94 181.17 -0.04 -0.13 0.43 
24.90 -32.90 190.09 1.14 0.05 0.55 
5.53 -9.40 203.03 1.57 0.29 0.35 
15.91 13.65 219.40 1.05 0.14 0.05 
12.26 16.61 238.81 1.00 0.15 -0.11 
9.59 20.41 258.34 1.10 0.19 0.13 
2.11 47.53 278.84 1.40 0.31 0.59 
1.60 63.86 310.98 0.98 -0.07 0.61 
9.87 67.28 -317.54 -0.31 -0.07 0.43 
7.31 44.95 -292.18 -1.05 -0.16 -0.16 
14.06 14.37 -275.34 -0.93 -0.13 0.02 
13.79 18.98 -256.86 -0.99 -0.10 0.05 
13.56 12.83 -241.70 -0.94 -0.12 0.14 
63.75 -78.13 -179.61 1.56 0.15 0.45 
13.24 1.19 -168.64 1.14 0.06 0.07 
12.05 15.43 -150.17 1.03 0.12 -0.06 
13.18 15.41 -132.91 1.01 0.11 -0.11 
10.08 27.54 -115.50 1.27 0.08 0.23 
-2.33 57.13 -86.86 1.52 0.11 0.56 
21.44 80.94 -36.39 0.29 -0.15 0.50 
-7.32 52.10 -11.84 -0.57 -0.10 0.34 
29.18 36.12 8.41 -1.05 -0.02 -0.19 
23.17 21.32 23.89 -0.86 -0.17 0.09 
14.12 20.89 41.41 -0.98 -0.19 0.05 
19.46 -4.85 54.80 -0.82 -0.01 -0.05 
32.50 -30.02 49.83 -0.07 -0.27 0.45 
29.14 -32.91 69.71 1.15 0.24 0.39 
17.58 0.35 89.43 1.41 0.20 0.42 
10.04 10.81 106.44 1.10 0.13 0.00 
4.78 12.55 131.18 1.02 0.13 -0.07 
20.86 18.67 150.65 1.02 0.10 -0.11 
6.19 30.40 170.91 1.36 0.11 0.35 
13.68 196.42 273.41 -0.65 0.01 0.18 
16.10 20.05 292.73 -1.01 0.17 -0.38 
17.02 21.29 312.41 -0.99 0.05 0.06 
13.00 18.89 -326.58 -0.99 0.04 -0.10 
7.40 -26.82 -323.20 -0.56 -0.05 0.00 
25.26 -32.02 -312.83 0.64 -0.09 0.61 
35.32 -29.46 -303.11 1.66 0.12 0.36 
8.95 11.71 -280.47 1.24 0.16 0.13 
14.50 18.92 -260.43 1.01 0.07 -0.14 
12.32 14.13 -243.52 1.00 0.12 -0.09 
14.58 14.90 -226.95 1.07 0.15 0.02 
-8.26 58.59 -198.53 1.59 0.06 0.50 
12.34 79.73 -153.14 0.65 0.07 0.67 
9.76 60.96 -128.29 -0.49 0.01 0.35 
18.56 39.19 -112.58 -1.05 -0.12 -0.19 
14.96 14.63 -94.80 -0.97 -0.20 0.04 
14.89 18.71 -75.77 -0.99 -0.14 0.03 
21.02 -20.32 -63.43 -0.78 -0.05 0.06 
28.15 -48.28 -19.51 0.95 0.26 0.77 
42.49 224.13 105.75 1.37 0.27 0.62 
-0.29 63.65 141.27 0.88 -0.11 0.60 
-17.79 63.15 181.19 -0.39 -0.07 0.41 
34.80 48.37 201.10 -0.90 -0.25 -0.09 
14.08 15.55 219.21 -0.95 -0.20 -0.12 
13.70 25.07 241.98 -0.97 -0.21 0.13 
21.56 -9.10 254.41 -0.86 -0.05 -0.10 
46.05 -32.31 262.37 0.38 -0.23 0.16 
7.45 -32.72 289.25 1.41 0.36 0.60 
7.84 0.75 300.24 1.28 0.27 0.26 
14.20 18.38 320.19 1.02 0.26 -0.01 
-37.45 174.30 -209.24 1.48 0.05 0.74 
-1.39 63.58 -161.92 0.78 -0.18 0.47 
13.63 59.89 -116.32 -0.35 -0.17 0.26 
26.87 31.07 -90.05 -1.07 0.06 -0.36 
15.16 15.96 -73.52 -0.99 0.03 -0.04 
15.50 18.31 -58.43 -0.98 -0.09 0.00 
9.01 -0.09 -49.49 -0.92 -0.13 0.00 
8.08 -29.28 -42.26 -0.18 -0.25 0.51 
26.82 -32.72 -40.81 1.08 0.01 0.63 
25.67 -29.70 -37.43 1.66 0.19 0.10 
13.47 16.09 -22.11 1.06 0.11 -0.04 
15.20 16.76 -3.76 1.00 0.15 -0.22 
17.20 17.97 11.92 1.09 0.18 -0.02 
13.97 52.07 41.24 1.48 0.02 0.36 
3.76 55.32 72.90 0.88 -0.38 0.52 
11.13 65.38 108.58 0.13 -0.10 0.64 
11.15 64.15 129.70 -0.93 -0.24 0.00 
12.66 19.23 148.53 -1.03 -0.14 -0.19 
12.48 18.19 165.56 -0.92 -0.13 0.13 
12.50 20.41 183.85 -0.97 -0.14 0.03 
11.50 -19.53 190.33 -0.64 -0.09 -0.05 
60.26 -40.33 187.14 0.91 0.15 0.69 
10.62 -25.10 202.01 1.51 0.15 0.41 
11.10 1.62 216.61 1.16 0.18 0.11 
18.63 20.73 239.78 1.03 0.18 -0.10 
21.54 37.79 263.71 1.18 0.26 0.18 
-5.15 53.43 293.58 1.41 0.02 0.45 
1.54 64.03 325.62 0.85 -0.02 0.83 
10.40 67.22 -294.36 -0.18 0.01 0.27 
12.06 34.59 -275.88 -1.13 0.00 -0.10 
13.46 19.16 -258.96 -0.98 -0.06 0.07 
12.88 17.71 -241.12 -0.93 -0.10 0.12 
105.59 -91.97 -208.03 1.56 0.12 0.44 
20.13 5.80 -197.06 1.15 0.00 0.14 
22.43 22.99 -171.17 0.99 0.11 -0.09 
11.66 14.02 -153.37 0.99 0.10 -0.10 
11.62 27.73 -130.88 1.24 0.06 0.26 
-10.27 63.35 -88.24 1.68 -0.16 0.56 
20.38 81.28 -20.43 -0.28 -0.28 0.31 
12.92 66.01 14.18 -0.96 -0.06 -0.33 
17.77 17.64 32.07 -0.97 -0.03 -0.27 
8.10 19.73 49.09 -0.94 -0.12 -0.07 
11.01 18.62 66.93 -0.97 -0.07 -0.20 
8.84 -12.24 72.90 -0.82 -0.03 -0.21 
42.63 -32.33 57.79 0.26 -0.17 -0.08 
23.87 -33.39 58.72 1.74 -0.09 0.41 
9.19 0.76 72.57 1.21 0.20 0.23 
13.66 15.11 90.94 1.05 0.23 -0.02 
12.56 15.03 108.61 0.96 0.19 -0.11 
16.35 17.86 130.05 1.00 0.16 -0.11 
5.99 29.05 150.06 1.27 0.18 0.21 
2.26 60.97 183.29 1.44 0.00 0.54 
0.54 64.64 223.54 0.56 -0.18 0.67 
18.11 62.06 256.86 -0.48 -0.02 0.28 
18.66 38.97 274.65 -1.08 0.01 -0.33 
15.55 16.84 289.96 -0.95 -0.09 -0.06 
12.52 20.76 308.00 -0.95 -0.14 0.03 
12.91 11.74 324.68 -0.93 -0.07 -0.12 
29.50 -27.03 -322.22 -0.60 -0.07 0.02 
30.96 -32.09 -288.73 0.68 0.26 0.46 
30.44 -16.03 -271.30 1.51 0.39 0.52 
5.25 7.36 -255.30 1.05 0.16 0.16 
14.63 10.40 -237.51 1.03 0.18 0.01 
14.73 13.47 -220.21 1.01 0.17 -0.03 
16.90 16.47 -201.83 1.07 0.22 0.07 
-12.28 56.20 -169.30 1.50 0.18 0.44 
1.76 63.51 -132.28 1.05 -0.14 0.62 
11.69 64.55 -95.86 -0.21 -0.20 0.43 
21.16 61.63 -72.08 -0.70 -0.01 0.06 
7.62 17.78 -55.98 -1.02 -0.09 -0.10 
10.55 19.96 -39.01 -0.97 -0.12 0.08 
14.20 22.71 -16.32 -0.97 -0.10 -0.02 
17.85 -35.08 -17.37 -0.60 -0.07 0.08 
22.54 -32.21 -14.52 0.94 -0.15 0.64 
10.60 -21.01 -12.29 1.44 0.03 0.47 
12.57 10.90 5.03 1.15 0.18 0.20 
12.45 15.44 22.37 0.98 0.17 0.00 
12.49 14.28 40.08 1.00 0.16 0.00 
10.80 17.52 58.89 1.12 0.21 0.18 
-13.50 55.16 90.40 1.44 0.21 0.63 
9.08 63.97 128.01 0.67 -0.26 0.56 
10.47 58.93 157.16 -0.43 -0.08 0.43 
13.33 51.08 181.24 -1.08 -0.30 -0.28 
19.21 17.62 203.85 -0.93 -0.15 0.05 
11.39 20.99 221.55 -0.96 -0.17 0.09 
14.07 16.22 240.56 -0.96 -0.13 0.01 
16.38 -26.01 251.03 -0.67 -0.02 -0.03 
40.66 -31.81 262.54 0.64 -0.09 0.74 
38.05 -27.50 276.70 1.50 0.12 0.34 
12.95 8.43 292.76 1.16 0.16 0.18 
14.09 11.86 309.09 0.99 0.18 -0.04 
12.64 14.90 326.38 1.00 0.17 -0.09 
15.00 19.19 -310.86 1.07 0.16 0.00 
-14.79 70.75 -282.34 1.58 0.31 0.56 
0.85 63.71 -248.94 0.74 -0.09 0.53 
8.40 62.29 -221.91 -0.35 -0.07 0.45 
19.15 45.27 -196.63 -0.97 -0.11 -0.13 
10.06 16.12 -179.60 -0.95 -0.08 -0.12 
13.30 21.92 -161.64 -0.97 -0.10 0.09 
10.57 16.86 -143.90 -0.95 -0.09 -0.11 
12.30 -26.66 -135.78 -0.69 -0.06 -0.04 
21.61 -31.51 -122.11 0.34 0.02 0.61 
21.62 -31.21 -114.31 1.40 0.05 0.51 
15.57 6.78 -98.69 1.21 0.26 0.12 
13.04 16.27 -79.50 0.96 0.18 -0.06 
19.81 24.31 -52.26 1.00 0.20 -0.07 
1.90 30.09 -28.16 1.34 0.22 0.39 
-3.55 63.18 -0.03 1.36 0.08 0.56 
4.96 64.36 38.73 0.43 -0.28 0.72 
20.67 68.97 73.67 -0.48 0.00 0.17 
16.09 23.20 100.64 -0.95 -0.08 -0.08 
0.87 6.26 101.82 -0.93 -0.09 -0.05 
10.99 14.70 132.18 -0.95 -0.03 -0.01 
10.99 14.70 132.18 -0.95 -0.03 -0.01 
7.27 -2.54 151.13 -0.72 -0.06 0.10 
18.77 2.07 182.12 1.22 0.18 0.21 
18.77 2.07 182.12 1.22 0.18 0.21 
8.23 10.20 208.24 1.01 0.18 -0.03 
-13.97 107.02 290.75 1.60 0.02 0.53 
-291.20 254.24 -208.98 -0.05 -0.28 0.25 
33.42 -32.70 -190.59 1.31 0.22 0.62 
12.82 -4.75 -172.01 1.39 0.20 0.35 
11.13 11.85 -155.11 1.05 0.08 0.04 
14.83 19.80 -132.41 0.98 0.13 -0.07 
10.86 15.12 -116.18 1.06 0.12 0.03 
-3.28 49.14 -84.95 1.38 0.21 0.47 
-7.44 63.20 -44.96 1.25 -0.17 0.51 
15.79 66.65 -8.73 -0.15 -0.13 0.41 
7.39 52.69 16.14 -0.82 -0.05 0.06 
12.06 20.05 34.18 -0.98 -0.11 -0.11 
15.75 21.21 53.53 -0.98 -0.05 0.01 
12.36 12.21 68.59 -0.92 0.04 0.02 
8.78 -26.07 74.07 -0.56 -0.06 0.28 
37.14 -31.86 76.67 0.64 -0.18 0.68 
26.13 -30.14 87.39 1.64 0.10 0.51 
11.68 2.36 103.61 1.19 0.15 0.22 
14.97 20.07 123.32 1.03 0.18 0.00 
14.07 14.34 141.43 1.00 0.14 -0.07 
18.34 23.01 163.06 1.05 0.22 0.03 
-17.73 67.77 197.63 1.45 0.13 0.53 
12.36 63.52 238.65 0.73 -0.23 0.54 
14.88 63.30 270.34 -0.23 -0.11 0.46 
16.02 69.14 295.93 -0.87 -0.06 -0.10 
11.00 15.25 312.54 -0.97 -0.03 -0.26 
11.44 18.08 -327.49 -0.96 -0.11 0.00 
11.10 -0.43 -313.06 -0.94 -0.08 -0.18 
15.53 -29.29 -311.05 -0.15 -0.07 0.37 
22.53 -32.22 -301.63 0.78 0.02 0.63 
20.47 -10.35 -281.61 1.33 0.18 0.40 
2.86 11.73 -266.57 1.09 0.11 0.12 
13.85 14.41 -247.55 0.99 0.14 -0.01 
14.27 13.65 -229.56 1.01 0.21 0.00 
10.83 22.34 -208.48 1.15 0.22 0.23 
-5.06 56.63 -181.84 1.55 0.12 0.57 
4.78 63.33 -144.14 0.81 -0.13 0.55 
9.41 63.17 -110.51 -0.47 -0.13 0.34 
13.83 58.43 -85.24 -0.95 -0.10 -0.22 
12.01 12.05 -68.74 -0.93 -0.13 -0.15 
13.63 21.55 -49.68 -0.96 -0.15 0.00 
9.33 11.99 -31.09 -1.04 -0.07 -0.23 
13.74 -26.62 -25.92 -0.66 -0.12 0.14 
37.87 -31.94 -18.86 0.51 -0.12 0.51 
33.77 -28.15 -18.69 1.55 0.18 0.41 
10.90 7.23 -2.16 1.14 0.18 0.15 
10.88 14.92 14.18 1.07 0.15 -0.05 
14.12 14.96 31.96 0.97 0.18 -0.06 
12.67 14.60 50.00 1.08 0.21 0.01 
6.31 25.69 69.39 0.88 0.14 0.03 
10.34 14.27 85.13 1.01 0.16 0.16 
4.98 15.81 107.87 0.94 0.13 0.13 
-9.93 79.26 142.68 1.79 0.30 0.83 
-9.31 64.28 195.01 0.51 -0.33 0.52 
16.78 60.53 237.02 -0.52 -0.22 0.15 
45.12 54.03 236.40 1.01 -0.01 -0.10 
9.71 10.48 249.79 1.01 -0.02 -0.09 
13.09 14.55 267.55 1.01 0.00 -0.09 
21.51 16.68 284.42 1.05 -0.12 -0.05 
32.41 37.29 -314.15 1.63 -0.52 0.30 
38.57 79.32 -235.88 0.75 -0.48 0.40 
17.13 57.58 -198.43 -0.47 -0.17 0.20 
22.86 39.11 -184.44 -1.14 0.11 -0.60 
23.19 26.42 -154.76 -0.98 -0.13 -0.09 
9.88 8.08 -133.81 -1.00 -0.11 -0.10 
12.17 -26.88 -119.56 -0.55 -0.05 0.05 
35.68 -32.95 -93.02 1.04 0.10 0.46 
6.15 -20.56 -77.66 1.58 0.17 0.52 
8.07 10.13 -57.39 1.16 0.16 0.13 
16.60 19.81 -35.97 0.99 0.16 -0.07 
11.20 17.94 -18.69 1.09 0.20 0.16 
2.83 58.86 4.66 1.60 0.23 0.66 
12.06 63.70 33.24 0.67 -0.07 0.34 
0.47 84.80 64.21 -0.60 0.01 0.16 
13.46 20.61 81.93 -1.02 -0.09 -0.35 
13.01 16.66 98.50 -0.93 -0.13 -0.04 
12.40 15.29 116.82 -1.00 -0.13 -0.09 
24.02 -11.07 127.75 -0.84 -0.03 0.02 
29.46 -33.12 134.12 0.37 -0.10 0.03 
36.06 -33.28 144.53 1.41 0.16 0.38 
9.60 2.25 161.20 1.29 0.18 0.22 
15.08 14.41 180.30 1.04 0.17 -0.09 
17.93 14.78 195.85 0.94 0.13 -0.15 
6.88 26.08 214.64 1.24 0.28 0.15 
-18.23 78.79 255.21 1.42 0.12 0.58 
3.96 64.48 288.62 0.27 -0.11 0.38 
79.17 -76.32 -294.47 -0.94 -0.03 -0.21 
13.55 -39.43 -270.39 0.38 0.07 0.57 
22.36 -33.25 -260.35 1.69 0.00 0.40 
22.08 2.17 -246.64 1.32 0.14 0.25 
14.22 15.42 -229.37 1.00 0.16 0.00 
16.20 13.94 -212.51 1.01 0.15 -0.03 
15.24 15.54 -196.37 1.05 0.18 0.02 
-7.04 36.76 -174.42 1.35 0.28 0.45 
-5.39 62.92 -138.89 1.41 -0.06 0.63 
-3.07 67.84 -90.25 -0.23 -0.01 0.26 
11.67 60.83 -63.95 -0.83 -0.21 -0.12 
24.35 22.77 -36.42 -0.96 -0.14 -0.01 
15.42 21.32 -19.76 -0.95 -0.17 0.02 
10.17 1.08 -5.59 -1.01 -0.14 -0.26 
19.12 -29.01 -9.22 -0.11 -0.15 0.14 
22.15 -32.14 11.65 0.88 0.15 0.64 
33.97 -9.13 28.70 1.22 0.37 0.46 
13.58 11.58 44.16 1.10 0.20 0.20 
10.69 15.23 61.73 0.97 0.14 0.05 
12.90 14.62 80.50 1.02 0.16 0.08 
12.64 20.35 96.82 1.13 0.25 0.33 
-5.30 53.95 120.83 1.51 0.17 0.58 
9.94 81.01 161.73 0.16 -0.04 0.46 
8.00 64.47 186.28 -0.69 0.00 0.16 
13.59 16.95 206.79 -1.07 -0.12 -0.16 
77.38 124.26 -311.82 1.04 0.15 -0.13 
10.29 11.38 -299.57 0.97 0.10 -0.18 
13.91 19.31 -283.31 1.08 0.15 0.06 
-7.68 51.49 -262.71 1.45 0.23 0.34 
15.43 79.68 -230.46 0.72 -0.21 0.49 
14.21 63.67 -199.80 -0.39 -0.02 0.42 
12.99 46.71 -182.02 -1.13 0.04 -0.15 
21.16 18.22 -160.37 -0.93 -0.10 0.11 
13.12 24.92 -136.42 -1.01 0.00 0.09 
6.38 -5.63 -126.00 -0.76 -0.09 0.03 
13.62 -30.80 -118.38 0.21 -0.08 1.05 
23.37 -33.09 -100.76 1.57 0.16 0.45 
28.40 -1.52 -91.22 1.35 0.09 0.25 
15.84 25.44 -65.41 1.02 0.09 -0.12 
20.36 18.30 -44.52 1.02 0.04 -0.10 
14.15 22.22 -28.22 1.20 0.14 0.19 
-16.29 58.75 5.06 1.61 -0.03 0.44 
18.33 63.60 49.24 0.66 -0.29 0.49 
14.15 63.33 78.80 -0.37 0.01 0.32 
4.90 27.01 98.59 -0.97 -0.17 -0.10 
9.65 15.71 114.19 -0.91 -0.18 0.11 
15.36 19.71 132.65 -0.96 -0.21 0.06 
14.74 -6.82 144.11 -0.84 -0.10 0.00 
-3.27 -31.01 134.83 0.33 -0.20 0.84 
36.34 -30.89 134.87 1.32 -0.16 0.52 
12.98 -9.22 146.28 1.48 0.27 0.46 
16.05 14.21 161.15 0.99 0.19 0.02 
11.54 14.09 178.54 0.99 0.13 -0.10 
11.59 14.73 195.86 1.02 0.13 -0.05 
0.10 36.70 224.53 1.44 0.25 0.52 
3.78 63.26 254.90 1.37 -0.11 0.63 
-0.52 65.68 297.29 0.03 0.11 0.39 
9.49 65.45 324.00 -0.63 -0.03 0.19 
13.75 18.21 -309.15 -0.94 -0.09 -0.25 
13.23 18.95 -291.58 -0.96 -0.07 -0.02 
11.34 20.54 -274.48 -0.99 -0.09 -0.07 
11.01 -4.95 -264.59 -0.86 -0.05 -0.06 
31.73 -30.46 -275.85 0.08 -0.03 0.65 
24.15 -32.75 -255.18 1.28 0.07 0.61 
37.92 -9.02 -234.15 1.42 0.34 0.31 
10.24 15.79 -217.95 1.05 0.07 0.06 
11.01 14.82 -200.81 1.03 0.08 -0.06 
11.51 14.62 -183.99 1.06 0.08 0.03 
-0.38 41.12 -158.66 1.34 0.13 0.56 
6.98 79.16 -110.81 0.96 -0.34 0.48 
15.40 64.26 -76.95 -0.28 -0.02 0.41 
22.00 50.41 -54.28 -0.95 -0.07 0.00 
4.89 20.20 -37.94 -0.97 -0.12 -0.21 
13.20 21.22 -19.32 -0.96 -0.13 -0.02 
13.88 20.06 -1.33 -0.94 -0.08 -0.08 
17.38 -0.85 9.84 -0.94 -0.02 -0.15 
22.97 -28.19 0.74 -0.16 -0.13 0.08 
29.72 -32.62 9.18 1.11 0.00 0.71 
25.08 -11.90 14.66 1.40 0.09 0.40 
12.35 9.22 30.56 1.13 0.12 0.12 
14.20 12.59 49.19 1.05 0.11 -0.07 
14.59 15.76 65.90 1.03 0.13 -0.05 
2.74 34.02 87.69 1.32 0.13 0.33 
-4.11 63.43 118.92 1.45 0.01 0.55 
11.50 82.08 163.91 -0.05 -0.07 0.45 
6.82 57.14 188.89 -0.80 -0.03 0.15 
10.19 23.28 207.56 -0.97 -0.08 -0.13 
14.93 20.60 226.19 -0.96 -0.06 0.07 
11.99 20.41 243.97 -1.00 -0.08 0.02 
11.04 9.63 259.75 -1.01 -0.05 -0.10 
24.25 -26.92 266.21 -0.41 -0.03 0.05 
31.14 -32.17 293.98 0.77 0.29 0.58 
16.05 -16.01 313.13 1.42 0.27 0.44 
7.38 8.61 -325.34 1.12 0.15 0.17 
10.85 16.31 -308.35 1.01 0.06 -0.03 
13.60 12.49 -291.49 1.03 0.09 0.04 
-4.49 20.59 -267.42 1.27 0.24 0.35 
10.68 79.15 -218.74 1.25 -0.23 0.49 
19.36 65.66 -182.80 0.04 -0.14 0.49 
-5.71 48.85 -155.97 -0.64 -0.05 0.40 
24.27 27.21 -139.10 -1.08 -0.05 -0.14 
17.35 20.03 -121.73 -0.92 -0.18 0.23 
15.20 21.28 -103.27 -0.96 -0.17 0.17 
13.82 12.88 -85.18 -0.96 -0.14 0.06 
14.35 -27.15 -74.82 -0.62 -0.13 0.08 
40.49 -31.60 -37.31 0.65 0.43 0.80 
9.35 -25.24 -18.60 1.26 0.21 0.52 
17.79 13.31 6.54 1.11 0.17 0.10 
14.04 16.21 26.16 1.02 0.17 -0.09 
14.47 14.65 44.49 0.98 0.18 -0.10 
11.84 33.12 63.39 1.24 0.28 0.24 
-13.02 59.93 89.72 1.42 0.14 0.56 
2.99 64.33 132.00 0.50 -0.15 0.62 
8.30 67.03 163.57 -0.48 -0.07 0.27 
15.65 29.97 183.85 -1.18 0.02 -0.39 
14.78 18.12 200.00 -0.93 -0.09 0.00 
13.38 19.72 217.93 -0.96 -0.11 -0.06 
11.70 12.60 235.79 -0.97 -0.11 -0.02 
10.65 -16.18 246.15 -0.80 -0.09 0.02 
29.56 -31.36 245.97 0.10 -0.16 0.10 
28.96 -32.84 256.87 1.32 0.10 0.55 
13.40 -2.03 275.17 1.32 0.27 0.29 
11.32 16.26 293.55 1.06 0.13 0.02 
16.01 20.70 315.24 1.02 0.16 -0.07 
13.19 17.30 -323.73 1.22 0.10 0.15 
-5.85 59.43 -292.53 1.58 0.07 0.55 
7.95 64.12 -250.23 0.67 -0.19 0.49 
10.95 62.71 -217.61 -0.32 -0.08 0.43 
17.04 47.84 -193.77 -1.25 -0.08 -0.46 
74.67 -160.36 -207.23 0.28 -0.15 0.52 
5.93 -33.13 -205.11 1.34 -0.05 0.38 
21.54 0.48 -197.56 1.39 0.13 0.16 
12.17 16.75 -181.98 1.01 0.26 -0.03 
15.45 14.62 -164.36 0.96 0.20 -0.10 
14.85 14.67 -145.49 0.98 0.21 -0.10 
21.98 26.04 -120.77 1.11 0.23 0.04 
-13.84 63.33 -86.04 1.59 0.21 0.49 
9.84 63.52 -51.28 0.59 -0.15 0.46 
-13.98 -277.83 182.86 1.43 0.14 0.56 
65.81 88.80 270.79 -0.97 -0.03 -0.02 
12.46 21.00 288.18 -0.98 -0.07 0.00 
15.52 1.99 304.58 -0.98 0.01 -0.14 
17.75 -28.00 311.82 -0.42 -0.10 0.28 
13.68 -31.51 -323.03 0.56 0.12 0.73 
23.21 -25.40 -309.54 1.52 0.18 0.34 
11.77 11.92 -292.52 1.07 0.12 0.14 
13.68 14.16 -274.30 1.03 0.18 0.00 
13.33 14.82 -256.95 0.99 0.18 -0.04 
13.20 14.27 -240.07 1.00 0.18 -0.05 
13.43 15.53 -222.54 1.07 0.22 0.06 
-8.32 47.48 -194.30 1.56 0.19 0.50 
8.20 63.65 -162.00 1.04 0.00 0.52 
9.27 66.85 -132.18 -0.18 -0.04 0.40 
10.38 55.95 -111.61 -1.06 -0.11 -0.20 
14.33 16.61 -94.04 -1.02 -0.07 -0.09 
10.27 19.85 -76.70 -0.98 -0.10 0.06 
11.31 16.92 -59.36 -0.98 -0.09 0.06 
27.21 -3.10 -46.86 -0.88 -0.07 0.10 
17.98 -29.19 -36.90 -0.22 -0.19 0.36 
41.06 -28.66 -14.34 0.97 0.19 0.58 
15.74 -11.80 -1.13 1.42 0.20 0.47 
12.42 9.69 17.37 1.06 0.13 0.16 
13.10 15.35 37.00 1.02 0.18 0.03 
15.23 14.88 52.86 0.99 0.12 0.05 
-0.95 43.73 81.23 1.34 0.15 0.52 
0.91 63.42 114.61 1.24 -0.04 0.68 
9.98 65.69 153.34 -0.03 -0.04 0.49 
8.11 52.99 177.06 -0.69 -0.10 0.29 
10.46 27.48 195.19 -1.05 -0.10 -0.20 
13.77 17.14 212.87 -0.91 -0.13 0.11 
12.81 20.38 230.14 -0.96 -0.14 0.11 
12.49 14.63 247.29 -0.96 -0.10 0.05 
13.88 -25.97 252.16 -0.75 -0.15 0.10 
35.30 -31.52 258.90 0.48 -0.22 0.70 
28.29 -33.22 267.55 1.37 0.04 0.44 
3.55 0.42 287.42 1.29 0.28 0.37 
9.80 14.92 304.71 1.04 0.09 0.05 
12.67 14.99 323.58 0.98 0.11 -0.03 
14.00 14.41 -313.76 1.03 0.13 0.05 
9.63 26.61 -295.55 1.32 0.23 0.38 
-4.24 60.46 -274.26 1.29 0.04 0.55 
38.13 72.23 -220.00 -1.06 0.00 -0.17 
17.75 19.51 -203.18 -0.97 -0.06 0.08 
13.93 20.81 -185.86 -0.97 -0.09 0.06 
10.84 15.23 -167.89 -0.97 -0.05 0.01 
21.86 -10.20 -161.41 -0.69 -0.03 0.07 
64.99 -145.81 145.02 -0.52 -0.12 0.33 
39.52 49.49 196.35 -0.97 -0.07 0.00 
12.43 19.96 213.45 -0.95 -0.09 0.06 
12.10 18.09 231.48 -1.00 -0.07 -0.03 
15.60 -26.78 238.26 -0.72 -0.01 0.00 
46.81 -32.03 258.07 0.69 0.01 0.66 
35.87 -20.23 273.55 1.38 0.25 0.49 
15.72 2.23 287.14 1.21 0.13 0.18 
13.56 16.47 304.76 1.00 0.17 -0.02 
13.08 13.99 322.13 0.99 0.16 -0.06 
8.52 14.81 -313.76 1.00 0.11 -0.02 
-18.44 61.50 -279.09 1.50 0.28 0.58 
9.56 63.52 -249.66 1.11 -0.09 0.67 
46.84 40.48 -197.82 -1.02 -0.12 -0.06 
12.10 19.92 -180.89 -0.97 -0.13 0.01 
11.29 18.64 -162.05 -1.03 -0.09 -0.03 
62.52 173.71 -11.81 1.20 0.24 0.30 
43.64 167.01 73.06 -0.86 -0.36 -0.05 
0.71 7.66 74.69 -0.88 -0.31 -0.04 
152.85 33.20 -243.98 -0.95 -0.08 0.03 
12.62 -27.76 -237.81 -0.46 -0.15 0.15 
40.66 -32.66 -218.63 1.04 0.07 0.55 
16.79 -9.81 -204.62 1.32 0.20 0.45 
12.28 4.73 -188.40 1.13 0.15 0.17 
11.86 15.14 -170.51 0.99 0.14 -0.04 
12.80 14.45 -154.30 1.02 0.17 -0.05 
14.32 14.30 -137.67 1.01 0.19 0.01 
5.52 30.02 -115.57 1.33 0.32 0.41 
-8.38 63.27 -79.81 1.33 0.03 0.63 
15.80 78.90 -31.81 -0.26 -0.07 0.43 
8.59 53.48 -9.57 -0.82 -0.11 0.15 
13.14 21.15 7.53 -1.00 -0.13 -0.06 
16.39 25.27 29.88 -0.94 -0.19 0.10 
12.42 19.27 47.81 -0.94 -0.16 0.08 
10.99 20.16 64.85 -0.96 -0.17 0.10 
11.63 1.87 78.18 -0.98 -0.12 -0.05 
16.36 -28.88 74.11 -0.14 -0.22 0.14 
38.51 -32.78 91.47 1.20 0.17 0.64 
11.48 -12.09 108.72 1.31 0.33 0.40 
8.57 12.46 126.67 1.09 0.22 0.17 
17.05 18.22 149.79 0.98 0.16 -0.03 
14.86 13.61 167.72 1.03 0.21 0.06 
-4.11 46.51 190.30 1.51 0.20 0.59 
4.17 63.06 223.34 1.09 -0.11 0.56 
1.98 76.86 256.44 -0.45 -0.04 0.39 
22.04 41.88 278.17 -1.10 -0.08 -0.23 
12.68 18.58 295.91 -0.96 -0.13 -0.11 
115.04 89.99 -104.26 -0.99 -0.04 0.05 
10.91 16.97 -90.61 -0.93 -0.09 0.11 
14.24 20.05 -72.33 -0.99 -0.03 0.05 
7.95 5.10 -56.94 -1.02 -0.01 0.00 
8.90 -27.80 -53.62 -0.44 -0.12 0.27 
29.20 -32.45 -50.88 0.76 -0.01 0.50 
20.14 -16.53 -30.35 1.62 0.42 0.42 
8.01 8.95 -12.31 1.05 0.26 0.14 
14.51 14.24 6.13 0.98 0.26 -0.03 
13.96 12.92 23.40 1.00 0.20 -0.05 
16.48 15.44 42.52 1.08 0.17 0.02 
-8.41 60.20 68.30 1.61 0.23 0.57 
4.30 63.95 106.95 0.84 -0.15 0.55 
-0.85 60.12 143.45 -0.45 -0.12 0.33 
21.35 44.04 164.01 -1.11 -0.12 -0.33 
13.61 18.24 184.15 -0.98 -0.06 -0.17 
15.59 22.15 203.20 -0.97 -0.09 -0.06 
9.65 9.42 219.56 -0.97 -0.05 -0.19 
85.64 109.05 -320.16 1.05 0.15 0.02 
0.23 21.70 -305.89 1.28 0.31 0.44 
-7.25 63.68 -279.33 1.36 0.12 0.70 
-4.47 64.50 -241.13 0.27 -0.12 0.54 
14.32 57.01 -208.95 -0.56 -0.12 0.34 
15.29 30.87 -187.32 -1.11 -0.08 -0.31 
15.17 15.82 -169.23 -0.93 -0.05 0.01 
11.83 20.80 -151.53 -0.96 -0.08 0.07 
10.84 16.91 -134.79 -0.96 -0.07 0.01 
13.93 -4.50 -124.34 -0.87 -0.12 0.13 
13.73 -31.59 -124.22 0.37 -0.20 0.48 
36.52 -32.40 -110.88 1.00 -0.02 0.80 
18.00 -16.31 -98.62 1.30 0.14 0.45 
13.58 7.51 -82.34 1.14 0.19 0.19 
10.35 18.12 -61.55 1.00 0.06 -0.04 
15.17 14.03 -46.02 1.02 0.13 -0.06 
12.10 13.77 -29.98 0.99 0.11 -0.01 
13.25 21.19 -10.23 1.14 0.20 0.19 
-6.91 79.41 27.88 1.50 0.01 0.60 
7.90 63.97 67.50 0.35 -0.08 0.42 
25.06 67.11 102.56 -0.75 -0.12 0.19 
9.03 22.65 119.46 -1.02 -0.02 -0.14 
12.72 20.15 136.33 -0.97 -0.09 0.05 
12.19 20.85 154.33 -0.96 -0.09 0.05 
13.37 21.81 172.30 -0.97 -0.05 0.03 
10.06 8.76 189.52 -1.02 -0.01 -0.13 
15.24 -27.12 192.12 -0.54 -0.07 0.15 
27.17 -31.83 210.71 0.72 0.04 0.82 
17.64 -19.08 225.68 1.40 -0.01 0.35 
9.61 11.31 241.38 1.18 0.12 0.28 
