11.81 14.29 259.41 1.00 0.14 0.04 
96.63 98.05 302.42 1.07 0.01 -0.07 
4.47 12.13 322.26 1.11 0.02 -0.06 
9.58 19.71 -309.36 0.73 -0.01 -0.04 
7.83 11.44 -304.53 1.03 -0.34 -0.06 
28.61 21.71 -283.30 1.28 -0.04 -0.02 
4.47 31.57 -245.61 0.74 0.00 -0.03 
-11.95 9.86 -240.13 1.02 -0.26 -0.12 
36.96 15.88 -211.80 1.04 -0.04 -0.08 
7.27 13.37 -193.23 0.99 0.04 -0.07 
30.32 12.54 -176.79 1.08 -0.04 -0.09 
17.13 16.56 -162.33 0.99 0.06 -0.08 
9.98 14.34 -142.66 0.96 -0.03 -0.12 
25.25 22.15 -117.23 1.07 -0.01 -0.06 
14.93 15.15 -98.75 1.01 0.02 -0.12 
6.12 16.20 -78.47 0.99 0.02 -0.06 
7.23 18.92 -48.29 1.19 -0.02 -0.13 
3.67 23.76 -15.76 0.67 0.13 -0.02 
-5.55 14.05 -7.16 0.99 -0.65 -0.10 
27.21 10.81 0.21 1.26 -0.12 -0.02 
9.19 24.35 25.09 0.71 0.20 -0.03 
9.78 12.98 29.97 0.89 -0.30 0.00 
20.30 21.09 46.28 1.20 -0.41 -0.07 
22.81 13.13 58.28 0.92 0.24 -0.01 
10.79 11.60 76.95 0.99 -0.11 -0.13 
22.46 19.10 93.18 1.04 -0.01 -0.11 
16.57 16.59 110.28 0.99 0.05 -0.07 
-0.67 9.77 130.21 0.98 0.00 -0.09 
15.84 13.56 147.53 1.06 -0.12 -0.11 
28.35 17.97 163.55 0.99 0.04 -0.09 
10.52 13.73 180.10 1.01 0.00 -0.05 
14.41 14.66 198.22 1.06 -0.10 -0.04 
22.07 27.70 236.33 1.11 0.17 -0.04 
-8.25 7.34 241.77 0.75 -0.22 0.15 
42.58 66.24 313.44 0.81 0.17 -0.01 
36.53 41.69 -271.08 1.04 0.05 -0.04 
16.61 4.87 -262.26 0.98 -0.06 -0.05 
14.89 13.30 -243.99 1.07 -0.19 -0.12 
8.99 18.37 -221.18 0.96 0.04 -0.11 
4.91 11.63 -201.72 1.04 -0.15 -0.08 
25.28 15.34 -183.52 1.02 -0.02 -0.08 
16.21 18.03 -165.07 0.96 0.13 -0.05 
8.60 19.53 -141.32 1.02 -0.17 -0.05 
14.43 13.70 -124.37 0.97 -0.07 -0.06 
29.98 29.65 -77.56 1.39 0.13 0.02 
9.01 27.38 -55.90 0.46 -0.01 -0.05 
9.73 3.00 -44.74 0.91 -0.59 0.11 
20.67 9.60 -34.10 1.59 -0.25 -0.20 
9.75 24.84 -6.50 0.88 0.17 -0.06 
-9.32 8.75 -6.33 0.61 -0.71 0.14 
-3.46 5.62 3.90 1.51 -0.16 -0.10 
27.41 15.74 21.25 0.99 -0.03 -0.10 
13.15 13.74 33.38 0.98 -0.08 -0.06 
22.07 16.85 52.63 1.08 -0.10 -0.11 
10.28 17.19 71.78 0.99 0.01 -0.10 
13.16 13.59 90.03 0.99 0.01 -0.05 
15.41 13.27 110.35 1.09 -0.11 -0.07 
61.28 78.10 247.33 1.37 0.07 -0.07 
-2.50 20.25 263.67 0.64 -0.12 0.01 
2.97 5.50 272.09 0.85 -0.51 0.06 
10.74 14.10 289.07 1.42 -0.24 -0.12 
17.22 26.99 316.80 1.11 0.20 -0.13 
9.27 16.23 320.00 0.48 -0.35 0.01 
1.79 -0.28 -324.15 1.00 -0.38 0.05 
12.06 22.34 -283.73 0.97 0.11 -0.08 
19.25 10.75 -274.30 0.94 -0.08 -0.06 
18.72 16.52 -261.38 1.07 -0.13 -0.14 
25.96 19.52 -234.80 1.00 0.04 -0.08 
10.63 18.77 -212.44 1.00 -0.06 -0.11 
6.28 10.56 -193.59 1.09 -0.09 -0.10 
21.13 17.22 -177.33 1.02 0.07 -0.08 
7.16 13.94 -158.34 1.01 0.03 -0.07 
17.57 16.88 -141.26 0.98 -0.03 -0.06 
7.78 10.99 -122.48 1.33 -0.02 -0.06 
11.45 31.09 -87.63 0.94 0.14 -0.16 
-17.25 14.51 -78.44 0.63 -0.40 0.12 
22.13 5.01 -76.70 1.00 -0.37 -0.13 
38.95 30.45 -39.46 1.44 0.11 -0.19 
-6.83 17.71 -11.78 0.95 0.05 0.01 
-9.51 11.98 -2.41 0.61 -0.37 0.07 
11.12 0.26 1.56 1.27 -0.22 -0.05 
29.13 9.58 28.84 1.07 0.08 0.00 
16.60 14.77 42.60 0.95 -0.03 -0.13 
13.18 13.47 61.09 0.93 -0.19 -0.11 
10.86 13.09 82.38 1.04 0.07 -0.08 
1.72 16.39 101.29 1.10 -0.03 -0.06 
11.71 14.90 116.33 0.96 -0.05 -0.09 
13.64 12.76 136.23 1.05 -0.07 -0.09 
30.52 17.24 152.36 1.04 0.09 -0.10 
3.65 14.54 174.10 1.09 -0.04 -0.07 
18.23 15.87 193.42 1.32 -0.01 -0.02 
4.34 23.32 223.55 0.92 0.10 -0.01 
-8.35 14.65 227.45 0.55 -0.58 -0.05 
7.80 -0.80 240.96 1.16 -0.31 -0.02 
34.94 24.43 268.62 1.44 0.43 -0.12 
1.77 21.24 295.67 0.96 0.00 -0.06 
-4.44 12.42 305.40 0.43 -0.46 0.04 
2.05 1.94 305.79 1.24 -0.71 -0.26 
52.24 30.77 323.33 1.08 -0.04 -0.17 
13.86 10.58 -315.83 1.01 -0.02 -0.13 
7.67 16.86 -301.81 1.01 -0.23 -0.17 
16.53 15.84 -285.68 0.98 -0.05 -0.12 
9.74 15.12 -267.98 0.98 0.01 -0.06 
10.23 12.30 -250.71 0.95 -0.06 -0.12 
10.28 12.81 -232.09 1.10 -0.12 -0.13 
27.07 18.78 -214.88 0.99 0.09 -0.10 
2.97 12.42 -198.14 0.99 0.00 -0.09 
21.10 13.49 -182.67 1.09 -0.02 -0.02 
7.45 28.45 -143.97 1.25 0.32 -0.09 
2.64 25.72 -132.72 0.43 -0.25 -0.09 
5.96 4.95 -118.71 0.99 -0.47 0.04 
63.38 27.06 -81.17 1.60 0.28 -0.09 
7.68 28.32 -67.98 0.68 0.02 -0.01 
2.66 4.02 -62.55 1.19 -0.67 0.02 
18.65 12.48 -45.81 1.29 -0.11 -0.19 
26.70 18.03 -23.02 0.99 0.08 -0.10 
8.07 14.68 -5.98 1.05 -0.14 -0.19 
14.53 15.08 10.94 1.04 -0.07 -0.14 
24.10 18.15 27.55 1.00 0.06 -0.07 
4.62 15.01 47.51 0.98 -0.08 -0.10 
26.73 19.20 69.41 1.04 -0.05 -0.12 
20.00 17.68 86.69 1.03 0.10 -0.08 
3.04 12.03 103.86 0.98 -0.09 -0.11 
13.66 16.40 123.36 1.39 0.02 -0.08 
19.29 33.94 155.45 0.79 0.21 -0.15 
-9.60 10.40 164.99 0.67 -0.56 0.04 
11.61 8.42 179.84 0.93 -0.45 -0.13 
42.78 33.29 219.38 1.29 0.27 -0.28 
-1.19 23.31 245.86 0.77 0.05 -0.06 
-7.44 7.95 249.75 0.66 -0.54 0.08 
-2.23 3.93 263.40 1.21 -0.33 0.09 
32.02 16.88 281.14 1.12 -0.01 -0.18 
13.38 13.55 300.94 0.94 0.13 -0.11 
18.35 13.07 313.41 0.97 -0.12 -0.07 
0.88 8.37 -326.45 1.13 -0.11 -0.09 
23.79 16.04 -308.30 1.04 0.02 -0.16 
14.19 18.57 -293.44 0.98 0.08 -0.07 
3.93 12.15 -275.73 0.94 -0.03 -0.13 
29.53 47.79 -226.34 0.96 0.11 -0.08 
-1.41 13.27 -204.96 1.02 -0.01 -0.06 
5.80 11.17 -190.42 1.04 -0.13 -0.07 
16.14 15.28 -174.84 1.22 -0.05 -0.05 
9.19 22.28 -138.98 1.11 0.12 -0.12 
2.12 26.11 -126.76 0.44 -0.18 0.08 
-0.77 5.25 -118.41 1.03 -0.63 -0.10 
28.07 10.29 -93.69 1.48 -0.03 -0.22 
17.38 18.91 -62.27 1.05 0.22 -0.03 
-4.18 22.80 -53.28 0.61 -0.30 0.04 
2.11 -3.63 -49.78 1.21 -0.18 -0.12 
29.70 14.79 -23.56 1.03 0.09 -0.09 
13.65 14.80 -8.63 0.90 0.05 -0.07 
8.31 8.94 6.94 1.06 -0.19 -0.13 
28.86 19.05 22.55 1.04 0.10 -0.11 
5.73 12.90 39.45 1.03 0.01 -0.12 
6.14 12.47 57.55 1.02 -0.06 -0.17 
18.50 14.49 74.67 1.04 0.00 -0.14 
17.02 15.80 89.58 1.02 0.07 -0.10 
10.79 15.54 109.61 0.98 0.01 -0.15 
7.18 12.76 122.77 1.01 -0.04 -0.08 
20.81 23.94 154.44 1.17 0.04 -0.04 
16.61 27.83 190.19 1.11 0.06 -0.15 
-8.82 20.13 190.23 0.38 -0.34 -0.01 
22.81 4.62 201.46 1.16 -0.73 -0.06 
24.59 7.18 219.53 1.86 -0.06 -0.12 
-2.84 31.59 231.32 0.77 -0.02 0.04 
1.71 7.14 234.64 0.69 -0.47 0.36 
15.95 -3.10 251.57 1.12 -0.33 0.10 
8.85 19.93 276.70 1.14 0.02 -0.10 
18.03 11.96 292.51 0.90 0.08 -0.08 
5.69 11.20 308.97 1.05 -0.09 -0.04 
15.66 15.79 324.76 1.02 -0.06 -0.12 
11.50 15.72 -313.46 0.99 -0.03 -0.09 
12.21 13.81 -296.52 0.95 -0.08 -0.10 
11.23 11.19 -280.13 1.04 -0.10 -0.09 
26.35 17.78 -263.59 1.00 0.02 -0.10 
6.36 16.09 -242.13 1.01 -0.03 -0.10 
10.95 18.19 -221.48 1.05 -0.07 -0.02 
18.20 13.93 -206.38 1.24 -0.06 -0.10 
9.43 22.83 -166.24 1.21 0.12 -0.08 
6.34 20.21 -161.71 0.40 -0.12 0.07 
21.84 4.03 -147.97 1.06 -0.40 -0.01 
51.49 30.56 -127.21 1.22 0.28 -0.05 
16.69 32.44 -103.75 1.24 0.28 -0.12 
-3.50 28.99 -86.36 0.45 -0.03 0.09 
-3.12 8.38 -77.53 0.79 -0.69 0.08 
24.04 5.99 -70.13 1.34 -0.28 -0.03 
15.67 27.27 -39.97 1.04 0.06 -0.13 
12.08 9.51 -23.46 0.97 0.05 -0.06 
7.15 7.59 -11.35 1.08 -0.09 0.05 
14.02 15.23 7.11 1.04 -0.05 -0.14 
20.02 15.42 23.12 1.03 0.03 -0.01 
9.81 14.43 41.69 0.96 -0.04 -0.12 
9.88 10.87 58.71 1.03 -0.09 -0.09 
22.66 15.69 76.83 1.05 0.00 -0.16 
15.44 17.44 92.23 1.02 0.07 -0.08 
6.84 15.52 112.23 1.00 0.00 -0.07 
7.41 14.47 128.16 0.98 -0.15 -0.07 
13.73 12.28 147.18 1.19 0.03 -0.07 
16.32 26.64 182.80 1.07 0.11 -0.09 
3.10 20.35 201.48 0.64 -0.17 0.12 
-0.46 1.87 207.77 0.92 -0.74 -0.06 
21.66 16.53 225.05 1.66 -0.08 -0.08 
6.99 18.94 254.77 0.86 0.21 -0.01 
2.88 16.98 264.99 0.82 -0.23 0.02 
-11.65 6.62 268.76 0.92 -0.55 -0.10 
32.28 14.79 280.97 1.26 -0.22 -0.05 
20.46 16.60 312.23 1.04 0.00 -0.14 
20.63 10.68 322.63 0.95 0.03 -0.05 
18.15 12.87 -324.12 1.06 -0.09 -0.01 
8.16 14.28 -306.16 1.06 -0.06 -0.12 
18.18 16.28 -288.60 1.02 0.00 -0.04 
13.40 12.55 -273.73 0.93 -0.03 -0.10 
26.40 19.63 -251.86 1.04 -0.07 -0.16 
22.21 18.07 -235.77 1.04 0.12 -0.07 
4.35 13.20 -216.63 1.03 -0.03 -0.07 
4.86 12.76 -198.68 0.96 0.02 -0.07 
33.69 20.42 -187.69 1.12 -0.16 -0.07 
5.64 31.88 -147.67 1.07 0.23 -0.14 
0.78 24.19 -146.42 0.54 -0.09 0.18 
13.49 10.38 -135.70 0.93 -0.49 0.03 
23.93 0.98 -126.19 1.67 -0.20 -0.04 
19.44 18.08 -109.93 0.58 0.17 0.07 
-4.25 18.93 -95.44 0.81 -0.04 0.02 
12.79 0.27 -90.25 1.16 -0.41 0.10 
18.98 17.98 -72.19 1.16 -0.04 -0.04 
20.53 11.54 -54.33 0.98 0.06 -0.09 
-3.86 6.22 -36.67 1.11 -0.06 -0.01 
24.37 16.37 -21.15 1.05 0.00 -0.15 
6.82 16.10 -4.52 1.04 -0.03 -0.12 
9.63 13.24 14.04 0.97 -0.09 -0.11 
26.01 18.23 33.60 1.05 -0.07 -0.15 
23.33 17.76 48.30 1.03 0.09 -0.09 
5.64 14.91 68.19 0.98 0.07 -0.08 
1.61 10.53 85.55 0.98 -0.03 -0.05 
24.17 18.34 119.08 1.17 0.10 0.00 
7.47 16.29 142.15 0.79 -0.09 0.00 
-2.71 10.64 151.32 0.82 -0.33 0.01 
17.14 5.39 159.62 1.22 -0.26 -0.03 
30.04 31.94 198.52 1.19 0.42 -0.14 
1.81 18.73 214.97 0.98 -0.09 0.01 
-7.41 14.08 223.23 0.91 -0.49 -0.07 
10.95 19.87 247.78 1.24 -0.14 -0.08 
24.55 11.20 262.01 0.98 0.02 -0.11 
4.37 11.71 282.07 1.09 -0.12 -0.13 
18.00 14.83 296.31 1.01 0.00 -0.09 
20.11 16.86 314.37 0.99 0.03 -0.09 
3.41 10.77 -323.24 0.98 -0.02 -0.10 
10.67 13.21 -306.92 1.04 -0.15 -0.14 
36.79 20.54 -292.06 1.02 0.08 -0.14 
9.58 13.01 -274.49 0.96 0.06 -0.10 
11.63 15.37 -257.82 1.03 -0.03 -0.07 
17.06 17.96 -224.09 1.27 0.02 -0.03 
9.94 25.18 -198.97 0.87 0.06 -0.03 
-7.90 11.28 -194.06 0.76 -0.42 0.00 
15.44 6.31 -183.30 1.32 -0.40 0.00 
30.45 15.99 -159.30 1.28 -0.07 -0.10 
12.75 24.99 -139.60 0.82 0.21 -0.08 
-5.55 15.99 -124.80 0.85 -0.18 0.05 
-2.96 6.17 -119.17 0.97 -0.42 -0.12 
12.22 13.26 -95.55 1.16 -0.12 -0.06 
27.53 20.37 -77.67 0.89 0.05 -0.13 
19.34 9.22 -64.03 0.99 -0.07 -0.13 
16.02 20.56 -46.12 1.03 -0.02 -0.15 
15.61 15.74 -30.33 1.05 0.03 -0.02 
8.62 13.30 -10.85 1.04 -0.10 -0.15 
25.96 16.96 6.28 1.00 0.03 -0.15 
17.95 16.80 22.68 1.05 0.05 -0.10 
6.55 14.89 40.85 1.00 0.07 -0.09 
22.25 15.21 59.45 1.23 -0.17 -0.12 
21.03 36.50 108.16 1.25 0.17 -0.07 
-6.24 20.14 115.14 0.54 -0.13 -0.04 
4.44 5.94 126.26 0.97 -0.42 -0.10 
23.86 9.93 148.85 1.30 -0.05 -0.06 
28.50 30.13 169.02 1.04 0.30 -0.13 
9.28 13.15 176.58 0.63 -0.21 0.09 
10.19 -0.26 190.19 1.25 -0.20 0.04 
10.48 14.57 218.31 1.03 0.00 -0.13 
-0.29 22.27 245.67 1.05 -0.21 -0.14 
0.21 0.15 246.90 1.04 -0.21 -0.14 
122.67 204.23 -23.64 1.00 0.07 -0.07 
88.07 46.20 24.60 1.11 -0.20 -0.08 
18.62 25.79 60.94 1.21 0.17 -0.10 
-0.80 20.20 71.87 0.73 -0.22 0.01 
10.17 12.94 312.75 1.01 0.02 -0.06 
22.24 26.34 -311.57 1.01 0.01 -0.07 
12.14 14.51 -294.49 1.09 -0.07 -0.03 
9.37 13.16 -276.95 1.25 0.01 -0.06 
12.69 21.81 -248.97 1.13 0.14 -0.10 
3.84 18.34 -237.73 0.50 -0.10 0.00 
17.23 58.72 -154.72 0.87 0.15 0.02 
-6.04 11.58 -147.59 0.73 -0.36 0.06 
26.10 5.94 -138.81 1.07 -0.29 0.01 
20.02 15.34 -117.05 1.07 0.00 -0.13 
14.81 12.34 -103.26 0.96 0.00 -0.09 
15.07 12.43 -87.27 1.06 -0.19 -0.12 
14.30 19.49 -69.30 1.00 0.05 -0.10 
16.37 20.23 -46.74 0.98 0.03 -0.11 
5.94 10.41 -27.50 1.03 -0.11 -0.11 
19.93 21.00 -3.14 0.98 0.05 -0.07 
12.01 16.76 17.61 1.00 0.00 -0.11 
8.41 21.93 43.09 1.12 -0.09 0.01 
17.81 26.64 78.13 0.84 0.20 -0.11 
-33.12 7.47 90.26 0.80 -0.57 0.13 
24.91 6.27 99.68 1.18 -0.30 -0.05 
17.34 27.84 135.63 1.05 0.23 0.00 
9.62 32.25 149.75 0.71 -0.10 0.05 
16.81 3.30 155.39 0.91 -0.65 -0.11 
14.03 5.52 169.25 1.22 -0.16 0.00 
19.53 14.23 184.57 0.87 0.06 -0.11 
15.98 9.05 198.49 1.06 -0.01 -0.07 
16.16 16.60 215.71 0.98 -0.03 -0.16 
12.44 14.75 234.07 0.97 0.01 -0.08 
10.39 11.23 250.84 1.02 0.00 -0.11 
23.68 18.55 267.99 1.03 -0.02 -0.11 
10.04 13.05 285.14 0.98 0.07 -0.09 
9.81 12.69 301.82 1.04 -0.06 -0.06 
13.54 15.45 319.95 1.29 0.11 0.00 
12.64 19.33 -306.49 1.03 0.01 -0.10 
8.18 16.77 -299.62 0.45 -0.15 0.04 
6.65 7.71 -286.12 1.09 -0.48 -0.05 
26.30 11.79 -260.57 1.36 -0.02 -0.01 
4.67 19.35 -232.76 0.89 -0.01 0.00 
-1.48 13.76 -229.63 0.51 -0.31 0.07 
22.71 2.74 -229.98 1.23 -0.30 0.05 
1.21 5.16 -201.18 1.00 -0.12 -0.05 
33.82 13.71 -188.24 0.97 0.10 -0.08 
3.74 14.27 -171.52 1.03 -0.10 -0.13 
14.88 16.40 -153.37 1.03 -0.02 -0.09 
11.46 13.47 -136.57 0.99 -0.05 -0.08 
19.63 19.22 -115.97 1.02 -0.05 -0.09 
13.23 14.81 -99.06 0.99 0.00 -0.09 
15.15 18.11 -79.26 1.14 -0.11 0.04 
18.69 18.21 -42.07 1.35 0.15 -0.01 
10.32 24.09 -27.63 0.46 -0.05 -0.04 
7.28 3.29 -17.24 0.98 -0.46 0.11 
22.36 15.91 -5.36 1.35 -0.29 -0.13 
14.29 22.31 36.53 1.09 0.13 0.01 
4.94 29.36 44.94 0.29 -0.15 0.04 
4.27 2.50 53.82 0.93 -0.57 0.09 
16.65 6.27 70.44 1.20 -0.19 0.04 
15.49 13.54 91.75 0.95 0.01 -0.09 
2.42 8.76 105.09 1.03 -0.05 -0.09 
21.23 18.76 120.03 1.04 -0.06 -0.12 
6.28 10.63 138.25 0.95 -0.06 -0.09 
20.56 13.32 155.39 1.00 0.00 -0.10 
22.96 18.69 176.30 1.04 0.01 -0.13 
14.92 16.43 193.80 1.02 -0.02 -0.11 
17.74 16.90 208.52 1.01 -0.15 -0.04 
24.60 15.26 223.32 1.10 0.01 -0.07 
10.88 17.30 256.60 1.17 0.00 -0.04 
-13.28 23.98 267.36 0.53 -0.21 0.07 
26.04 5.75 275.04 0.97 -0.23 -0.08 
23.60 25.04 308.13 1.20 -0.06 -0.11 
7.52 27.72 -319.92 0.70 0.01 0.03 
-10.12 13.84 -312.52 0.92 -0.53 -0.02 
31.92 -1.10 -303.70 1.17 -0.26 0.01 
2.45 15.88 -271.32 0.95 0.00 -0.14 
23.16 13.88 -264.28 1.00 -0.08 -0.11 
16.88 17.36 -247.40 1.01 -0.11 -0.14 
12.66 15.35 -231.07 1.01 -0.07 -0.12 
19.95 16.64 -212.96 0.98 0.01 -0.13 
9.67 10.66 -197.67 1.04 -0.08 -0.12 
24.02 20.77 -176.15 1.01 0.04 -0.12 
12.05 15.23 -159.47 1.02 -0.05 -0.11 
22.37 13.12 -146.34 0.99 -0.03 -0.06 
13.59 16.30 -122.89 1.15 -0.07 -0.02 
0.20 20.90 -90.72 0.77 0.08 -0.04 
-17.29 1.79 -83.95 0.84 -0.36 0.05 
28.02 12.30 -76.71 1.29 -0.28 -0.12 
10.00 23.37 -42.00 1.09 0.16 -0.10 
8.51 29.01 -25.58 0.79 -0.05 -0.07 
22.83 9.05 -22.21 1.19 -0.23 -0.07 
28.52 22.76 0.94 1.02 0.03 -0.01 
2.59 9.96 19.67 1.05 -0.08 -0.12 
117.09 111.75 134.82 1.09 -0.03 -0.05 
22.21 20.21 167.14 1.01 -0.54 -0.05 
29.86 18.63 208.35 1.39 -0.08 -0.03 
17.08 28.99 228.03 0.52 0.09 0.02 
-8.99 11.78 237.31 0.81 -0.56 -0.02 
10.88 12.94 244.39 1.18 -0.21 -0.06 
34.03 14.33 277.68 1.03 0.13 -0.04 
17.81 12.96 292.39 1.02 -0.10 -0.04 
12.49 15.12 308.58 1.03 -0.11 -0.11 
7.54 16.35 -324.36 0.98 -0.06 -0.10 
17.16 14.01 -307.66 0.98 -0.08 -0.12 
21.54 16.84 -292.30 1.04 -0.03 -0.11 
13.62 14.23 -274.36 0.99 0.06 -0.05 
12.72 14.14 -259.51 1.03 -0.08 -0.05 
14.34 13.75 -240.92 1.07 0.00 -0.02 
6.62 28.00 -202.83 1.14 0.07 -0.14 
3.26 18.13 -192.16 0.45 -0.14 0.00 
-7.36 1.26 -181.10 1.10 -0.35 0.01 
8.47 16.08 -135.25 1.25 0.06 -0.14 
24.41 25.06 -110.79 1.29 0.11 -0.13 
-7.85 22.72 -94.68 0.36 -0.20 0.00 
13.75 3.56 -94.25 1.39 -0.50 -0.03 
14.33 14.86 -72.39 1.15 -0.19 -0.11 
19.62 11.74 -58.15 0.90 0.00 -0.09 
13.21 11.15 -46.51 1.07 -0.06 -0.04 
17.28 15.21 -28.96 1.01 -0.05 -0.11 
9.58 14.76 -11.51 0.98 0.00 -0.09 
12.25 14.01 4.70 1.01 -0.11 -0.14 
23.73 16.25 20.49 1.04 -0.02 -0.10 
15.94 15.04 37.82 1.00 0.09 -0.08 
11.62 13.09 52.99 1.02 -0.05 -0.06 
13.64 15.16 72.83 1.07 0.04 -0.07 
13.41 24.63 118.43 1.02 0.14 -0.04 
-19.56 6.55 123.52 0.89 -0.35 0.02 
30.37 72.36 247.56 1.09 0.17 -0.06 
-5.13 20.46 248.84 0.65 -0.18 -0.02 
26.88 8.82 249.99 1.07 -0.45 -0.08 
13.11 16.34 281.72 1.14 0.01 -0.04 
12.80 12.19 294.39 0.95 0.06 -0.08 
8.19 14.59 312.03 1.10 -0.21 -0.15 
23.30 18.29 327.57 0.98 0.00 -0.10 
7.35 10.62 -310.41 0.96 -0.05 -0.09 
77.52 108.52 -112.19 1.25 0.03 -0.06 
12.41 26.75 -94.13 0.52 -0.11 -0.09 
8.30 6.63 -85.94 1.05 -0.43 0.00 
173.26 85.93 -9.62 1.36 -0.04 0.14 
5.57 8.44 9.23 0.97 -0.05 -0.10 
11.62 8.29 25.85 1.08 0.05 0.03 
18.23 15.37 40.20 0.99 -0.08 -0.12 
20.40 16.03 56.61 1.01 -0.01 -0.05 
13.31 11.04 71.55 0.99 -0.06 -0.10 
32.95 21.62 89.74 1.04 0.08 -0.07 
13.42 18.88 114.08 0.98 0.08 -0.07 
17.63 17.75 134.33 1.05 -0.10 -0.10 
9.57 17.16 162.13 1.30 0.08 -0.03 
5.98 25.57 192.58 0.65 0.05 -0.04 
-7.97 0.99 198.31 0.89 -0.48 -0.03 
20.55 19.83 207.85 1.31 -0.33 -0.05 
18.97 12.63 231.92 1.19 0.05 -0.01 
15.33 31.13 263.06 0.80 0.16 -0.03 
-16.07 15.65 265.10 0.68 -0.42 0.01 
-6.47 -3.50 277.60 1.06 -0.38 0.04 
67.13 69.12 -295.29 0.99 -0.09 -0.08 
16.27 11.94 -276.76 1.01 -0.06 -0.08 
22.83 12.20 -262.56 1.02 0.02 -0.08 
18.22 18.32 -240.51 1.02 0.00 -0.10 
14.82 14.76 -225.14 1.02 -0.02 -0.07 
8.55 14.33 -203.01 1.26 -0.07 -0.04 
7.60 26.14 -163.58 0.99 0.09 -0.08 
-2.06 4.84 -157.65 0.60 -0.31 0.15 
10.47 3.57 -150.19 0.99 -0.25 -0.07 
14.55 16.24 -120.59 1.26 0.06 -0.11 
16.72 32.73 -82.77 1.09 0.13 -0.06 
-2.74 9.12 -79.29 0.70 -0.50 0.12 
6.22 -2.69 -75.37 1.32 -0.43 -0.03 
23.78 17.79 -54.32 0.95 0.00 -0.08 
12.51 9.79 -43.53 1.08 -0.03 -0.08 
16.37 16.91 -27.87 0.97 -0.10 -0.14 
13.70 15.26 -10.01 1.01 0.00 -0.07 
12.94 12.73 6.62 1.02 -0.09 -0.09 
20.52 15.54 22.27 1.01 0.00 -0.09 
14.93 14.84 39.57 1.02 0.03 -0.08 
10.03 14.04 57.09 1.02 0.00 -0.09 
31.52 19.52 75.35 1.12 -0.03 -0.01 
13.14 23.16 107.07 1.40 0.00 -0.12 
-1.16 27.19 125.56 0.41 -0.01 0.00 
12.14 7.08 145.28 1.12 -0.67 0.05 
15.59 18.75 171.52 1.22 -0.01 -0.01 
29.36 41.98 211.96 1.00 0.07 -0.01 
-7.68 11.09 219.34 0.56 -0.41 0.11 
4.57 -3.19 231.02 1.14 -0.43 0.07 
28.03 15.01 250.56 1.08 -0.20 -0.14 
17.71 14.64 262.97 0.98 -0.07 -0.08 
11.19 17.03 281.03 1.04 -0.11 -0.03 
14.74 13.52 297.09 1.02 -0.08 -0.04 
25.55 20.01 317.71 0.97 -0.01 -0.06 
12.04 13.30 -315.34 1.06 -0.06 -0.05 
52.72 46.28 -255.21 1.05 -0.04 -0.01 
15.99 21.52 -219.80 1.29 0.17 -0.12 
5.68 21.25 -197.62 0.51 -0.21 -0.06 
-10.99 12.57 -192.16 0.83 -0.44 -0.11 
40.89 14.56 -179.91 1.26 -0.25 -0.02 
19.18 27.63 -150.03 1.12 0.28 0.06 
2.36 28.39 -129.13 0.56 -0.14 -0.07 
-6.47 -2.74 -125.48 1.01 -0.70 -0.01 
34.44 19.41 -97.31 1.12 -0.12 -0.10 
5.70 16.58 -75.61 0.98 0.00 -0.13 
-0.88 11.77 -55.76 1.13 -0.06 -0.02 
25.45 16.56 -42.57 1.00 -0.01 -0.09 
19.69 17.26 -22.23 0.98 0.06 -0.09 
16.81 13.75 -5.76 1.04 -0.01 -0.11 
21.47 16.97 11.36 1.04 0.09 -0.08 
14.99 13.24 25.38 1.02 0.04 -0.05 
11.03 15.22 45.44 1.21 0.00 -0.03 
16.30 30.75 84.32 1.07 0.22 -0.16 
2.06 12.67 89.82 0.32 -0.22 0.15 
24.15 4.34 94.42 1.30 -0.34 0.02 
19.73 15.49 137.07 1.49 0.12 -0.06 
-0.66 23.61 154.23 0.58 -0.06 0.05 
-12.64 5.05 167.41 0.88 -0.68 -0.02 
9.83 12.85 173.52 1.32 -0.20 -0.12 
21.20 11.23 188.77 0.85 0.07 -0.06 
14.66 14.34 206.54 1.06 -0.10 -0.04 
12.19 14.25 223.06 1.00 -0.02 -0.07 
14.86 14.37 237.06 0.95 -0.10 -0.11 
21.00 14.39 254.09 1.01 -0.02 -0.09 
13.99 13.81 270.31 1.02 0.01 -0.09 
9.13 14.30 287.05 1.01 -0.02 -0.09 
22.59 15.17 300.57 1.08 -0.01 -0.04 
5.85 18.99 -316.44 1.21 0.00 -0.07 
3.70 20.94 -293.43 0.51 0.10 -0.01 
-15.89 9.83 -277.87 1.05 -0.68 -0.04 
26.26 11.22 -263.70 1.37 -0.23 -0.07 
10.29 29.47 -225.03 1.08 0.25 -0.10 
9.35 23.37 -213.11 0.59 -0.20 -0.01 
8.24 10.80 -202.70 0.91 -0.45 0.01 
7.80 10.93 -189.34 1.24 -0.23 -0.11 
24.42 16.11 -173.01 0.96 0.05 -0.08 
6.61 11.41 -156.63 1.03 -0.01 -0.08 
35.66 33.10 -117.16 0.99 -0.03 -0.08 
17.13 13.10 -100.93 1.03 -0.03 -0.05 
20.17 16.01 -85.24 1.02 0.02 -0.09 
17.02 14.46 -67.23 1.02 0.07 -0.04 
4.28 11.11 -43.65 1.31 0.00 -0.03 
0.52 26.38 -17.71 0.56 0.12 -0.04 
15.70 15.43 -14.23 1.09 -0.58 -0.04 
18.71 9.72 7.38 1.26 -0.31 0.09 
6.45 21.41 43.17 1.28 0.05 0.03 
7.52 20.76 62.91 0.65 -0.03 0.03 
-1.18 6.09 75.83 0.94 -0.60 -0.01 
22.79 11.09 95.02 1.20 -0.21 0.04 
14.13 11.55 106.83 1.00 -0.03 -0.09 
8.00 15.08 124.27 1.08 -0.08 -0.02 
17.18 14.96 140.33 1.00 -0.02 -0.05 
14.62 12.68 156.70 0.97 -0.04 -0.10 
20.41 14.65 173.48 1.05 -0.04 -0.09 
15.40 14.23 190.66 1.00 0.05 -0.08 
8.95 14.47 208.87 1.00 0.01 -0.08 
20.63 18.58 222.37 1.10 -0.18 -0.07 
12.19 14.51 252.94 1.22 -0.03 -0.03 
23.92 26.53 292.49 0.79 0.02 -0.05 
-9.43 11.38 294.61 0.82 -0.42 -0.01 
10.47 2.82 299.38 1.20 -0.38 0.02 
13.44 19.97 -322.66 1.35 -0.12 -0.11 
15.76 24.41 -290.21 0.78 0.00 0.00 
-2.24 14.57 -286.65 0.76 -0.38 0.01 
11.00 7.06 -282.11 1.17 -0.44 -0.12 
16.74 19.01 -257.02 0.97 0.02 -0.12 
60.73 85.50 -158.73 1.02 0.03 -0.07 
1.19 -0.21 -157.49 1.02 0.01 -0.08 
12.65 12.56 -141.60 1.02 -0.06 -0.10 
19.53 12.36 -130.51 1.07 -0.09 -0.08 
5.93 5.95 -118.96 1.15 -0.08 -0.06 
6.31 6.73 -102.90 1.29 0.01 0.00 
11.75 25.79 13.16 0.90 -0.08 -0.18 
21.23 26.86 40.58 0.97 -0.03 -0.12 
10.92 14.56 57.56 0.99 -0.03 -0.08 
16.50 14.19 75.67 1.03 -0.05 -0.06 
19.05 14.36 92.53 1.02 0.02 -0.06 
9.86 13.49 109.93 1.01 -0.01 -0.09 
17.08 14.64 126.08 1.02 -0.06 -0.07 
7.73 17.16 152.45 1.13 0.00 -0.02 
10.85 33.09 196.49 0.97 0.10 -0.08 
-2.36 4.50 195.43 0.67 -0.37 0.00 
25.11 3.88 204.37 1.19 -0.18 0.06 
16.83 19.59 235.51 1.31 0.03 -0.01 
-4.11 27.16 266.21 0.89 0.13 -0.02 
-3.97 13.24 283.62 0.58 -0.44 0.03 
-6.13 3.44 294.20 1.14 -0.52 0.09 
19.35 6.50 303.80 1.26 -0.03 -0.02 
17.44 15.06 320.71 0.95 -0.06 -0.09 
14.16 17.36 -318.22 1.01 -0.12 -0.10 
14.34 15.07 -301.22 1.01 -0.03 -0.06 
13.19 14.47 -283.87 1.02 -0.03 -0.07 
13.45 14.57 -266.78 1.01 -0.02 -0.06 
14.82 14.72 -249.24 1.01 -0.04 -0.06 
12.60 14.04 -231.77 1.02 -0.02 -0.05 
13.82 14.55 -214.38 1.02 -0.02 -0.06 
27.11 16.64 -202.35 1.04 -0.14 -0.04 
15.25 19.90 -173.63 1.23 0.14 0.06 
14.02 27.04 -144.62 0.67 -0.04 0.00 
17.31 5.00 -138.07 1.19 -0.27 -0.03 
26.76 17.68 -116.19 1.36 0.06 -0.01 
4.88 26.33 -78.27 0.96 0.07 -0.05 
-5.37 13.87 -75.62 0.55 -0.46 -0.04 
15.80 0.77 -71.62 1.21 -0.21 0.06 
41.92 25.17 -43.25 1.04 0.11 -0.08 
6.32 6.68 -30.86 1.01 0.00 -0.07 
21.59 17.83 -16.10 0.97 -0.04 -0.18 
13.58 15.76 1.67 1.02 -0.02 -0.10 
17.13 19.24 23.65 1.01 -0.03 -0.11 
10.07 12.76 41.34 1.01 -0.08 -0.13 
17.33 14.64 57.98 1.02 -0.02 -0.13 
13.93 14.82 75.15 1.01 0.00 -0.12 
10.48 14.58 92.94 1.00 -0.02 -0.11 
15.21 15.39 109.77 1.01 -0.03 -0.11 
10.26 14.76 128.13 1.00 0.01 -0.10 
0.00 0.00 0.00 0.00 0.00 0.00 
-111.96 -43.57 32.80 1.00 -0.03 -0.09 
-3.78 -2.03 33.94 1.01 -0.03 -0.09 
-3.56 -1.33 35.06 1.01 -0.05 -0.11 
-7.63 -3.54 37.27 1.01 -0.04 -0.09 
-2.19 -1.68 37.46 1.01 -0.02 -0.09 
-3.70 -2.17 38.27 1.01 -0.03 -0.09 
2.29 -1.80 35.98 1.01 -0.08 -0.08 
-0.79 -2.37 36.60 1.15 0.00 -0.08 
-4.25 3.87 52.62 1.15 0.02 -0.08 
-33.16 -3.06 50.16 0.63 -0.30 0.02 
-3.52 -10.39 45.59 0.98 -0.10 -0.09 
5.50 -0.47 49.23 1.20 -0.03 -0.11 
-13.88 2.93 63.64 1.06 0.07 -0.13 
-20.41 2.04 53.26 0.56 -0.29 -0.02 
-1.89 -11.52 39.27 1.16 -0.19 -0.15 
4.66 7.16 43.94 0.99 0.06 -0.19 
-8.57 -5.43 43.26 1.03 0.02 -0.08 
1.67 -0.62 40.38 1.05 0.03 -0.10 
2.76 1.15 38.07 1.00 0.09 -0.07 
-9.00 -2.89 41.06 0.99 -0.01 -0.09 
4.19 -2.36 41.58 1.04 0.04 -0.10 
1.31 0.41 42.02 0.97 0.09 -0.11 
-4.03 0.13 44.67 0.98 0.13 -0.05 
0.01 -2.03 45.23 1.05 -0.06 -0.01 
-22.99 3.20 68.44 1.12 0.10 -0.08 
-7.93 1.20 63.01 0.70 -0.10 0.03 
-3.33 -4.92 55.94 1.08 -0.29 -0.20 
9.40 1.47 63.39 1.11 0.12 -0.05 
-16.46 1.01 73.95 1.05 0.12 -0.09 
12.85 -15.73 60.23 1.02 -0.02 -0.12 
-35.87 5.53 113.07 1.15 0.12 -0.10 
-5.83 1.30 122.95 0.74 0.08 0.00 
-23.60 -0.04 111.28 0.88 -0.26 -0.12 
7.85 0.98 117.86 1.14 -0.17 -0.05 
19.45 -1.92 111.59 0.98 0.08 -0.11 
-10.29 -1.53 110.65 1.02 -0.03 -0.10 
1.95 -0.80 110.29 0.97 0.05 -0.07 
-0.08 -3.88 109.48 1.07 0.03 -0.08 
2.05 1.04 109.32 1.00 0.02 -0.10 
-0.97 -3.13 108.34 1.01 0.06 -0.07 
0.43 -4.60 118.04 1.16 -0.02 -0.04 
-19.99 -1.25 136.40 0.83 0.02 0.03 
-0.13 -0.45 119.07 0.88 -0.37 -0.16 
10.39 -0.49 132.27 1.15 -0.07 -0.08 
-7.43 8.08 152.78 0.97 0.23 -0.03 
-11.29 -1.15 140.82 0.67 -0.21 -0.05 
-3.29 -6.77 127.60 1.29 -0.34 -0.07 
-1.15 -1.05 127.71 0.91 0.07 -0.12 
-4.06 -6.79 125.10 1.09 0.04 0.01 
7.17 -0.97 124.53 0.99 0.02 -0.11 
14.32 1.78 132.49 1.01 0.06 -0.11 
4.33 -2.01 127.54 0.95 0.09 -0.09 
-5.16 -5.61 132.21 1.28 0.03 -0.06 
-13.16 6.05 147.58 0.64 0.08 -0.02 
-9.39 -12.16 138.03 1.07 -0.38 -0.08 
3.28 -1.90 139.41 1.31 0.00 -0.03 
6.11 11.80 153.96 0.83 0.14 0.01 
-18.46 -13.29 142.53 0.88 -0.38 -0.07 
10.91 -4.66 146.68 1.10 -0.16 -0.06 
9.37 -0.77 142.48 0.99 0.02 -0.12 
-5.30 -6.90 139.94 1.07 0.00 -0.05 
1.33 0.95 139.36 1.00 -0.02 -0.12 
1.12 -4.35 138.39 0.98 0.00 -0.13 
0.79 0.35 139.46 1.02 0.01 -0.14 
-4.60 -0.52 141.19 1.02 0.04 -0.10 
-0.81 -2.31 136.76 0.94 -0.01 -0.04 
-6.50 3.37 150.52 1.20 0.15 -0.01 
-10.23 2.43 151.53 0.55 0.02 -0.06 
4.58 -7.56 140.94 1.11 -0.35 -0.02 
4.66 -0.10 153.02 1.48 -0.03 -0.09 
0.29 10.35 175.38 0.92 0.10 -0.08 
-25.51 -8.13 157.68 0.58 -0.41 0.05 
-0.55 -18.03 140.45 1.54 -0.34 -0.04 
5.83 -2.05 145.38 1.00 0.12 -0.09 
-2.60 -4.70 143.89 0.98 0.01 -0.11 
-7.47 0.79 144.08 1.04 -0.12 -0.10 
-3.89 -1.74 145.84 1.00 0.01 -0.11 
-4.61 -4.94 144.44 1.04 -0.02 -0.11 
6.84 1.90 145.13 1.00 0.03 -0.11 
-8.31 -3.27 146.67 1.00 0.02 -0.07 
-6.24 -2.17 147.94 1.00 0.00 -0.11 
2.15 -0.20 145.62 1.07 -0.05 -0.02 
-3.32 4.60 169.97 1.01 0.14 -0.16 
-20.67 -0.34 149.67 0.78 -0.27 -0.03 
1.53 -7.11 139.59 1.27 -0.23 -0.09 
-6.72 4.43 168.01 1.15 0.30 -0.01 
-3.58 13.53 166.14 0.50 -0.05 0.00 
-18.55 -9.77 152.61 0.97 -0.47 -0.11 
18.24 8.34 164.88 1.12 -0.06 -0.02 
-6.08 -1.81 164.34 0.97 0.03 -0.11 
-1.01 -8.10 161.39 1.03 -0.01 -0.08 
5.31 3.39 159.56 0.98 -0.04 -0.16 
2.46 -2.94 157.74 0.99 0.00 -0.11 
-3.05 -1.60 160.52 0.97 0.02 -0.11 
-3.72 -4.23 160.41 1.01 0.01 -0.08 
7.70 2.65 155.15 1.16 0.07 -0.05 
-6.00 14.59 174.17 1.02 0.25 -0.07 
-27.55 -4.26 168.58 0.71 -0.36 -0.05 
-7.31 -19.55 161.75 1.17 -0.25 0.03 
7.18 2.01 171.00 1.17 0.12 -0.12 
-9.11 9.28 193.41 0.98 0.20 0.00 
-34.12 -6.89 162.56 0.57 -0.46 -0.10 
-4.20 -17.81 151.75 1.30 -0.07 0.08 
-3.42 -6.16 152.15 0.91 0.01 -0.18 
4.07 6.53 150.43 1.03 0.03 -0.11 
1.39 0.52 151.00 1.00 0.04 -0.09 
-11.88 -5.77 149.84 1.01 -0.02 -0.12 
15.85 3.13 147.53 1.01 -0.02 -0.17 
9.78 -0.11 147.42 0.97 0.17 -0.06 
-12.61 -4.19 150.05 1.04 0.04 -0.09 
-6.21 -1.77 162.74 1.26 0.09 -0.06 
-7.22 9.70 172.27 0.75 -0.01 -0.10 
-22.01 -8.20 157.67 1.09 -0.47 -0.11 
23.39 1.78 154.27 1.17 -0.19 -0.10 
-2.58 9.67 184.15 1.16 0.24 0.00 
-8.55 14.44 177.56 0.56 -0.07 -0.06 
-0.33 -9.26 160.39 0.98 -0.54 0.02 
25.68 5.33 165.76 1.08 -0.03 0.00 
-7.19 -2.28 172.91 0.98 0.01 -0.17 
13.84 -5.39 166.90 1.04 0.06 -0.04 
2.12 -3.02 162.47 1.02 -0.03 -0.13 
-8.01 -1.31 165.29 0.95 0.00 -0.12 
-3.80 -1.76 164.23 1.06 -0.15 -0.13 
15.59 2.19 162.33 0.97 0.09 -0.10 
-8.83 -3.23 164.80 0.99 0.08 -0.07 
-7.52 -1.69 164.38 0.99 -0.01 -0.11 
-5.35 1.89 171.50 1.30 -0.03 0.03 
-9.25 14.84 189.47 0.75 0.01 -0.09 
-23.89 -13.89 162.98 1.07 -0.70 -0.05 
-2.88 -7.36 162.18 1.25 -0.24 -0.05 
9.91 20.17 184.59 1.34 0.44 -0.06 
-8.24 10.92 178.88 0.35 -0.09 0.04 
-20.16 -20.15 157.14 1.22 -0.69 0.04 
-9.79 4.64 167.23 1.12 -0.11 -0.07 
2.24 -5.42 163.24 0.93 -0.02 -0.14 
-7.86 -7.56 159.92 1.10 -0.04 0.00 
-5.68 -1.90 159.58 0.94 0.00 -0.16 
9.67 0.49 155.80 1.02 0.04 -0.11 
-3.41 -0.87 157.21 0.96 0.11 -0.08 
0.03 -0.21 152.04 1.02 -0.06 -0.05 
-5.44 8.66 174.55 1.17 0.28 -0.01 
-17.21 2.76 161.33 0.49 -0.15 -0.02 
-14.05 -12.09 151.03 1.23 -0.31 -0.08 
1.09 -5.69 160.83 1.17 0.01 -0.09 
-5.91 14.09 182.33 0.98 0.19 -0.06 
-17.12 9.07 169.87 0.64 -0.21 -0.06 
-0.74 -14.01 155.43 1.19 -0.55 -0.13 
1.18 1.67 164.79 1.08 0.11 0.00 
2.48 1.43 166.27 0.96 0.01 -0.15 
0.68 -9.42 159.77 1.05 -0.05 -0.11 
3.97 6.21 160.20 0.99 -0.03 -0.16 
-0.90 -2.64 162.12 0.99 0.02 -0.08 
-10.46 -2.95 162.10 1.00 -0.06 -0.13 
12.88 0.39 158.65 1.04 0.00 -0.11 
-8.02 -2.39 163.25 0.99 0.06 -0.10 
1.24 0.09 160.53 1.02 0.00 -0.09 
-1.09 -3.17 159.80 1.07 0.02 -0.08 
-9.67 8.20 182.94 1.12 0.36 -0.07 
-7.99 -4.08 168.05 0.80 -0.07 0.00 
-0.30 -17.04 153.27 1.28 -0.31 -0.08 
14.12 3.75 160.15 1.16 0.19 -0.12 
-15.12 5.63 178.65 1.14 0.15 -0.01 
-10.77 12.42 169.94 0.50 -0.06 -0.12 
-17.71 -16.11 153.93 1.20 -0.36 -0.02 
1.69 -4.30 163.50 1.08 -0.11 -0.08 
2.17 -0.54 164.10 0.98 0.06 -0.14 
3.59 -5.10 159.67 1.02 0.03 -0.10 
1.47 0.75 159.40 1.00 -0.04 -0.17 
-5.11 1.31 162.14 1.01 0.03 -0.10 
-20.04 -6.98 167.89 0.97 -0.06 -0.09 
5.22 0.52 166.42 1.02 -0.10 -0.13 
7.58 -0.05 163.99 1.00 0.07 -0.10 
0.53 0.64 164.84 1.00 0.03 -0.10 
-9.58 -5.01 163.21 1.01 0.00 -0.08 
-1.66 0.24 162.41 1.10 -0.06 -0.07 
-1.60 2.31 170.44 1.02 0.20 0.03 
21.13 -8.82 177.70 1.18 -0.20 0.08 
6.97 -0.60 184.30 1.21 0.10 -0.05 
-11.00 11.15 193.94 0.80 0.01 -0.06 
-31.81 -7.43 175.04 0.87 -0.46 0.05 
-7.04 -9.38 165.39 1.46 -0.21 0.03 
6.82 -1.53 167.94 0.99 0.04 -0.11 
-2.65 -5.38 164.01 0.97 0.00 -0.12 
4.35 5.47 163.66 1.06 -0.08 -0.17 
0.25 -0.50 165.89 0.97 0.05 -0.10 
-3.80 -2.77 163.89 0.99 -0.02 -0.13 
-4.48 -3.59 164.62 1.06 -0.01 -0.09 
31.74 55.92 228.33 1.03 0.22 -0.08 
32.40 22.49 231.69 1.23 -0.12 0.08 
-8.84 -8.68 234.26 0.94 -0.04 -0.09 
1.61 -3.88 233.72 1.07 0.11 0.01 
-5.72 -2.87 231.81 1.00 -0.06 -0.13 
10.25 0.27 231.39 1.04 -0.01 -0.15 
5.04 0.65 230.54 1.00 0.04 -0.12 
1.37 0.20 230.51 1.02 0.04 -0.08 
0.04 -1.94 231.79 1.06 -0.03 -0.05 
-8.70 7.93 250.07 1.11 0.12 -0.04 
-10.59 4.68 247.84 0.71 -0.01 -0.03 
-19.99 -8.46 234.20 0.98 -0.21 -0.07 
5.62 -0.23 249.31 1.10 -0.22 -0.09 
11.77 -5.47 248.58 1.38 0.10 -0.09 
3.73 10.46 263.98 0.80 0.14 -0.02 
-42.13 2.56 250.55 0.70 -0.21 -0.12 
-4.70 -14.14 233.52 1.22 -0.30 -0.09 
9.27 6.34 246.86 1.00 0.12 -0.08 
-1.28 -1.87 243.47 0.99 -0.04 -0.13 
-0.64 -4.61 244.83 1.05 0.05 0.00 
-4.22 -2.38 245.19 1.03 -0.05 -0.11 
-1.64 -0.52 245.87 0.99 0.01 -0.10 
20.37 -1.65 238.15 1.01 0.11 -0.10 
0.36 0.50 241.90 1.01 0.10 -0.13 
-17.38 -4.39 242.20 0.99 0.06 -0.08 
10.41 -0.44 236.28 1.12 -0.05 -0.11 
-18.26 3.32 260.97 1.14 0.21 -0.09 
-9.91 12.06 274.83 0.77 0.04 -0.06 
1.87 -8.51 256.50 0.99 -0.37 -0.07 
9.07 0.82 262.96 1.18 -0.17 -0.14 
5.13 11.46 267.44 1.19 0.26 -0.07 
-10.00 5.42 264.59 0.57 -0.07 0.06 
-25.31 -13.03 253.10 0.92 -0.49 -0.04 
-3.91 -5.02 254.05 1.24 -0.31 -0.10 
1.17 -2.85 254.44 0.86 0.13 -0.10 
0.87 -5.68 251.99 1.02 0.06 -0.07 
-10.40 -3.61 254.58 0.96 0.03 -0.13 
2.28 -0.97 250.82 1.02 -0.06 -0.16 
11.08 2.03 248.80 1.01 0.06 -0.14 
-3.67 -1.34 252.34 1.02 0.06 -0.13 
-2.06 -2.55 253.39 0.98 0.08 -0.11 
3.86 -2.30 247.07 1.27 -0.04 -0.07 
-2.58 13.93 267.68 1.00 0.14 -0.12 
-12.88 -1.08 264.19 0.74 0.00 0.00 
24.75 0.51 248.84 1.11 -0.38 -0.08 
-1.47 -4.81 255.83 1.29 -0.03 -0.11 
0.40 11.32 270.09 0.99 0.26 -0.09 
-16.03 3.54 264.67 0.63 -0.14 0.02 
-3.02 -6.40 257.12 1.07 -0.46 0.04 
-11.31 -8.10 269.87 1.16 -0.21 -0.08 
14.26 1.32 261.90 0.91 0.16 -0.03 
-27.47 -8.52 266.13 1.02 -0.05 -0.10 
-0.14 -1.47 264.47 1.00 -0.15 -0.16 
-0.60 -0.93 264.67 0.98 0.02 -0.11 
-1.46 -0.74 266.31 1.00 0.01 -0.10 
-7.11 -2.65 266.88 1.00 -0.02 -0.15 
-0.32 -1.32 266.36 1.03 -0.04 -0.14 
5.86 1.94 264.92 1.02 0.05 -0.16 
0.58 -0.32 265.99 1.04 0.01 -0.09 
-1.56 -0.95 264.75 0.98 0.02 -0.08 
4.53 -0.57 264.45 1.10 -0.03 -0.07 
-10.47 8.25 283.79 1.05 0.20 -0.07 
6.24 12.94 278.30 0.65 -0.03 0.12 
-11.87 -9.32 273.23 1.02 -0.37 0.00 
-6.23 -5.97 274.92 1.28 -0.25 -0.03 
7.23 18.88 293.23 1.17 0.25 -0.07 
-14.87 2.43 286.63 0.57 -0.14 0.07 
-15.07 -11.42 279.92 0.94 -0.48 -0.03 
-22.09 -4.21 298.54 1.08 -0.02 -0.05 
-0.96 -0.32 299.35 1.06 -0.02 -0.07 
-3.00 -3.43 290.44 0.98 0.01 -0.11 
-5.73 -4.13 287.86 1.10 -0.06 -0.11 
-0.34 0.42 286.93 1.05 -0.06 -0.11 
2.79 0.99 286.57 1.01 -0.04 -0.10 
4.38 1.41 289.14 0.96 0.06 -0.09 
-2.08 -1.13 290.42 0.95 0.09 -0.10 
1.59 -3.48 286.57 0.98 0.03 -0.07 
-1.63 -1.58 286.38 1.05 0.00 -0.07 
3.63 6.27 299.68 1.06 0.00 -0.06 
-44.24 -0.79 288.04 0.51 -0.19 0.04 
-9.83 -6.15 280.83 1.01 -0.40 -0.08 
-0.95 -1.63 281.13 1.18 -0.14 -0.08 
-2.46 3.37 295.74 1.19 0.17 -0.08 
-21.34 9.64 290.48 0.64 -0.13 0.00 
2.04 -6.70 273.65 1.03 -0.38 -0.15 
-13.32 0.89 286.12 1.08 -0.07 -0.09 
11.24 -1.33 279.22 0.96 0.01 -0.13 
0.66 -24.08 242.21 1.39 0.12 -0.05 
3.59 10.09 263.53 1.07 0.18 -0.04 
-23.12 -4.51 256.71 0.73 -0.14 -0.02 
-7.67 -10.83 246.33 1.13 -0.30 -0.08 
9.58 -1.79 255.63 1.27 -0.04 0.01 
-9.49 5.54 269.12 1.01 0.14 -0.01 
-17.58 2.24 259.26 0.55 -0.16 0.03 
-17.74 -16.30 240.03 1.43 -0.25 -0.12 
12.91 0.42 243.92 0.98 -0.01 -0.11 
-2.20 -6.90 238.24 1.02 0.02 -0.11 
5.15 3.50 234.87 0.99 -0.10 -0.17 
4.06 0.00 235.71 0.98 0.07 -0.10 
-5.49 -1.72 234.43 0.96 0.00 -0.09 
-4.54 -5.87 237.03 1.02 -0.01 -0.10 
38.78 -0.89 217.96 1.07 0.00 -0.07 
-7.90 -1.75 234.53 1.24 0.10 0.00 
-11.00 6.87 239.28 0.51 -0.02 -0.06 
-17.91 -4.82 233.87 0.96 -0.36 -0.01 
-5.95 -6.22 230.67 1.29 -0.22 0.05 
3.82 0.65 237.21 1.16 0.25 0.01 
-11.83 -0.53 244.68 0.69 0.00 0.00 
-26.63 1.22 235.74 0.87 -0.40 -0.07 
9.29 -11.95 229.05 1.23 -0.16 -0.06 
3.24 -2.20 236.24 1.01 0.08 -0.07 
-1.20 -2.74 229.33 0.99 0.02 -0.15 
-9.78 -0.13 232.98 1.07 -0.07 -0.08 
-0.06 -1.64 233.71 1.01 0.05 -0.13 
-2.01 -2.12 232.91 0.99 -0.01 -0.14 
1.70 -0.98 232.71 1.03 0.05 -0.10 
-1.12 -1.03 233.60 1.01 0.06 -0.11 
-1.88 -1.78 233.44 1.03 0.00 -0.10 
-2.94 0.94 236.43 1.22 -0.05 -0.04 
-16.36 3.68 253.21 0.78 0.06 -0.09 
-11.32 -4.61 238.00 0.93 -0.40 0.01 
-5.74 -3.85 240.70 1.19 -0.20 -0.05 
5.59 2.08 245.53 0.98 0.05 -0.08 
-6.13 -3.30 241.02 0.97 0.01 -0.06 
-7.14 3.92 237.71 1.07 -0.05 0.00 
-10.51 -2.52 240.31 1.01 -0.04 -0.14 
