0.00 0.00 0.00 0.00 0.00 0.00 
-182.49 -51.33 -55.16 1.00 -0.10 -0.08 
-5.41 -1.67 -56.80 1.01 -0.10 -0.08 
-5.78 -1.70 -58.41 1.01 -0.09 -0.08 
-5.53 -1.71 -59.96 1.01 -0.10 -0.07 
-6.00 -1.86 -61.57 1.00 -0.10 -0.08 
-5.48 -1.70 -63.07 1.00 -0.09 -0.09 
-5.35 -1.69 -64.61 1.01 -0.10 -0.08 
-4.33 1.18 -67.50 1.07 -0.14 -0.02 
-16.19 6.84 -67.45 1.09 -0.09 0.19 
-20.18 37.79 -110.64 0.89 0.13 0.50 
-7.12 -1.01 -110.20 0.99 0.10 0.15 
-5.82 20.71 -88.44 1.22 -0.15 0.89 
0.72 48.28 -64.80 0.81 -0.01 0.79 
3.30 28.07 -69.64 -0.20 -0.21 0.58 
-2.94 8.86 -74.91 -1.01 -0.08 0.77 
-20.05 -15.96 -77.80 1.02 -0.32 1.43 
-15.17 5.00 -64.50 -0.91 -0.17 0.94 
-10.44 -1.87 -83.15 -0.46 -0.21 0.71 
-8.63 2.19 -77.46 -0.41 -0.27 0.75 
-8.00 -18.10 -77.63 -0.12 -0.30 0.73 
-5.33 -33.72 -84.69 0.30 -0.11 0.81 
-2.57 -26.24 -105.42 1.49 -0.34 0.58 
-25.75 6.71 -115.84 1.02 0.17 -0.02 
18.07 7.51 -113.60 1.08 -0.14 0.08 
-12.21 8.21 -116.77 0.94 0.06 1.07 
-14.84 -10.37 -120.23 1.41 -0.34 -0.23 
-1.59 -13.69 -123.85 1.02 -0.02 0.63 
-5.98 12.68 -116.63 1.45 -0.20 0.49 
-1.52 35.88 -97.51 1.23 0.02 0.63 
-1.13 41.23 -98.71 0.19 -0.05 0.48 
-4.96 11.92 -102.48 -1.11 0.00 0.77 
-3.54 -20.49 -112.79 0.63 -0.13 0.95 
-12.95 7.19 -102.45 -0.95 -0.15 0.89 
-42.35 -93.14 -95.24 -0.05 -0.25 0.80 
-4.36 -30.89 -99.08 0.48 -0.36 0.76 
-18.00 -50.14 -106.53 1.63 -0.37 0.72 
-20.66 14.24 -117.06 1.12 0.06 0.53 
-4.23 0.00 -112.97 0.83 0.01 -0.29 
-2.91 -5.74 -114.49 1.00 0.01 1.59 
-8.65 6.77 -119.09 1.18 0.09 -0.24 
1.04 -15.86 -114.62 0.80 -0.09 0.41 
-0.55 6.54 -117.38 1.19 -0.04 0.62 
-6.94 35.60 -101.95 1.23 -0.18 0.78 
-3.21 44.48 -94.71 0.45 -0.19 0.75 
-0.67 27.77 -98.64 -1.40 -0.14 0.25 
-7.74 -22.89 -106.05 0.47 -0.22 1.16 
-8.61 11.59 -95.10 -1.17 -0.17 0.74 
1.53 -8.32 -114.01 -0.53 -0.22 0.71 
-10.86 8.24 -105.21 -0.32 -0.20 0.86 
-7.13 -0.06 -107.03 -0.70 -0.27 0.87 
-3.35 -14.31 -108.53 -0.20 -0.31 0.58 
-8.88 -37.13 -113.63 0.40 -0.10 0.90 
-7.93 -42.61 -130.96 1.27 -0.19 0.73 
-13.24 -14.39 -134.60 1.16 -0.45 1.49 
-45.46 275.10 -80.20 0.74 -0.04 0.78 
-0.94 31.55 -77.63 0.10 -0.18 0.66 
4.19 10.93 -98.40 -0.69 -0.34 0.87 
2.34 19.50 -88.89 0.51 -0.28 0.91 
-8.43 2.89 -80.13 -1.13 0.00 1.03 
-6.62 4.82 -98.31 -0.26 -0.36 0.76 
-2.85 2.98 -89.07 -0.03 -0.28 0.80 
-10.06 -10.66 -85.81 -0.72 -0.30 1.22 
-10.39 -0.82 -85.14 -0.24 -0.33 0.69 
-3.89 -21.87 -90.29 0.00 -0.24 0.82 
-4.69 -26.12 -102.83 0.69 -0.32 0.92 
-1.33 -19.74 -114.59 1.03 -0.21 0.63 
-16.24 -1.36 -119.46 0.94 -0.09 1.15 
-16.06 3.43 -122.86 1.15 0.01 -0.07 
3.20 -7.53 -124.92 1.05 -0.08 0.14 
-6.57 0.47 -127.59 1.11 0.07 1.36 
-6.88 7.40 -132.21 1.01 0.04 -0.01 
-29.73 61.30 -90.83 1.07 -0.15 0.66 
-4.60 24.04 -79.78 0.87 -0.14 0.89 
-5.11 37.65 -79.05 -0.09 -0.18 0.61 
-8.30 15.92 -77.77 -0.56 -0.23 0.83 
1.69 2.50 -92.27 -0.46 -0.29 0.82 
-3.84 10.58 -87.64 -0.17 -0.25 0.78 
-14.20 -2.59 -83.63 -1.12 -0.12 0.94 
-7.60 0.27 -98.48 -0.35 -0.22 0.81 
-5.57 5.10 -91.90 0.00 -0.39 0.90 
-10.44 -5.69 -88.98 -0.71 -0.38 1.08 
-5.31 1.59 -90.27 -0.35 -0.27 0.71 
-3.79 -16.64 -95.79 -0.09 -0.31 0.76 
-4.34 -30.17 -110.84 0.42 -0.24 0.90 
-4.25 -25.21 -124.90 1.00 -0.02 0.73 
-1.26 -8.13 -127.10 1.05 -0.14 0.49 
-4.28 13.01 -129.80 1.06 -0.11 0.65 
-11.53 -0.33 -132.90 1.05 0.03 -0.12 
-3.19 -13.18 -130.43 1.03 -0.10 0.40 
-7.92 12.21 -134.77 1.08 -0.15 0.86 
-11.11 5.57 -138.08 1.14 0.00 -0.02 
3.08 -12.61 -136.33 0.82 0.03 0.25 
-5.28 3.51 -138.79 1.09 0.06 0.53 
-8.13 11.63 -134.01 1.18 -0.23 0.62 
-6.55 25.29 -119.77 0.99 -0.22 0.75 
-6.10 26.20 -112.91 0.44 -0.18 0.81 
-2.65 20.98 -111.35 -0.03 -0.33 0.75 
-10.01 6.79 -111.43 -0.73 -0.21 0.84 
2.61 -2.95 -127.46 -0.13 -0.20 0.84 
-18.65 0.09 -119.77 -0.35 -0.29 0.84 
-8.40 -0.61 -117.49 -0.61 -0.28 1.29 
-10.56 -10.57 -127.77 0.38 -0.33 0.94 
-8.94 -0.11 -118.61 -0.28 -0.37 0.98 
-5.95 5.92 -119.40 -0.34 -0.39 1.02 
-3.89 -8.19 -124.37 -0.28 -0.32 0.69 
-2.12 -26.25 -133.04 0.28 -0.30 0.96 
-5.50 -22.57 -146.59 0.66 -0.20 0.87 
1.81 -15.84 -160.09 0.97 -0.07 0.62 
-9.45 -15.15 -158.55 0.93 -0.21 1.13 
-12.74 2.48 -164.76 1.03 0.04 0.18 
-11.43 -9.52 -160.59 0.92 -0.01 0.19 
-7.43 -7.86 -163.43 1.11 -0.14 1.34 
-2.47 6.54 -173.22 1.00 0.00 0.09 
-1.89 -10.62 -171.63 0.90 0.00 0.30 
0.58 -3.95 -172.93 0.97 -0.14 0.72 
-7.67 10.07 -169.89 1.10 -0.20 0.58 
-8.04 25.43 -159.92 0.97 -0.09 0.91 
-7.60 31.42 -154.03 0.42 -0.22 0.77 
-6.71 17.00 -150.86 -0.04 -0.26 0.93 
-4.43 11.82 -152.41 -0.40 -0.38 0.74 
-4.99 10.49 -173.60 -0.43 -0.39 0.89 
-3.25 8.98 -172.06 0.01 -0.57 0.79 
-10.49 4.03 -166.40 -0.97 -0.32 0.99 
-6.16 5.33 -179.77 -0.38 -0.45 0.66 
-4.78 2.28 -173.23 -0.44 -0.25 0.61 
-3.78 -20.79 -179.78 -0.35 -0.49 0.93 
-7.54 6.01 -180.76 -0.07 -0.52 1.21 
-1.48 -24.60 -183.42 -0.05 -0.36 0.78 
-3.68 -27.18 -189.71 0.29 -0.16 0.91 
-5.10 -24.81 -207.54 0.76 -0.22 0.70 
-10.87 -16.60 -209.89 0.91 -0.32 0.80 
-9.91 7.97 -220.37 1.30 -0.21 0.26 
-3.78 -8.90 -220.32 0.84 0.05 -0.16 
-0.78 -13.11 -224.03 1.16 -0.15 0.96 
-17.20 9.55 -220.09 0.94 0.04 0.12 
-1.87 -1.58 -217.42 0.95 -0.10 -0.02 
-6.55 -8.11 -214.04 0.92 -0.14 0.46 
-1.98 6.54 -217.69 1.03 -0.20 0.50 
-3.12 9.31 -215.05 1.24 -0.38 0.71 
-4.76 24.31 -202.00 0.95 -0.25 0.81 
-5.16 32.85 -190.54 0.29 -0.27 0.73 
-4.35 18.53 -189.48 -0.09 -0.35 0.79 
-5.40 10.05 -188.66 -0.46 -0.30 0.80 
1.92 3.36 -202.11 -0.85 -0.23 0.90 
-10.28 -11.83 -208.31 0.56 -0.30 1.14 
-12.10 3.10 -194.60 -0.51 -0.45 1.00 
-18.69 1.60 -200.12 -0.51 -0.35 0.82 
-6.05 -3.07 -204.32 -0.33 -0.41 0.69 
-3.19 -22.54 -210.81 -0.07 -0.32 0.73 
0.10 -28.28 -223.65 0.53 -0.28 0.93 
-0.78 -28.92 -235.91 0.96 -0.22 0.79 
-17.85 4.36 -241.17 1.03 -0.08 0.67 
-44.83 168.54 -166.37 0.89 -0.16 0.81 
-8.87 24.52 -158.16 0.38 -0.28 0.80 
-7.64 16.86 -155.25 -0.09 -0.25 0.92 
-6.53 17.13 -155.19 -0.31 -0.34 0.78 
-6.42 1.64 -163.43 -0.85 -0.20 0.93 
-15.56 -15.95 -167.17 0.52 -0.30 1.09 
-5.63 1.62 -154.94 -0.56 -0.44 0.90 
0.53 11.71 -169.18 -0.85 -0.22 0.82 
-3.16 -7.25 -178.06 0.45 -0.48 0.97 
-7.42 2.18 -170.02 -0.41 -0.45 1.04 
-6.10 3.70 -172.38 -0.47 -0.32 0.90 
-7.32 -3.92 -175.57 -0.25 -0.31 0.75 
-6.15 -29.93 -189.47 0.15 -0.31 0.92 
-4.98 -25.11 -204.47 0.75 -0.30 0.80 
8.63 -14.22 -210.72 0.97 -0.24 0.65 
-6.55 75.95 -238.43 1.38 -0.21 1.03 
-12.91 6.27 -256.39 1.01 -0.10 0.33 
-1.06 24.93 -246.41 1.09 -0.10 0.67 
-7.62 22.67 -237.86 0.80 -0.18 0.83 
-8.55 23.40 -232.23 0.31 -0.25 0.85 
-11.40 14.56 -225.96 -0.19 -0.33 0.77 
-273.03 -201.13 -245.83 1.03 -0.26 1.07 
-11.56 14.46 -255.63 1.05 -0.08 0.02 
1.56 -19.19 -255.33 0.88 -0.01 0.64 
-3.72 3.72 -258.94 1.02 -0.04 0.51 
-5.69 2.48 -262.36 1.03 -0.09 0.46 
-5.13 13.08 -259.08 1.02 -0.11 0.69 
-13.58 16.91 -249.94 0.87 -0.20 0.79 
-6.60 20.32 -244.38 0.53 -0.30 0.89 
-6.68 19.31 -240.86 0.06 -0.29 0.84 
-7.04 13.56 -240.31 -0.32 -0.34 0.83 
-2.01 2.52 -253.61 -0.51 -0.24 0.94 
-9.53 10.16 -246.60 0.15 -0.45 0.87 
-5.88 7.51 -241.61 -0.80 -0.26 0.98 
-7.32 -0.05 -256.51 -0.43 -0.33 0.77 
-4.29 7.57 -248.13 0.08 -0.55 0.83 
-7.06 -1.57 -245.87 -0.59 -0.36 1.02 
-6.69 1.89 -249.05 -0.23 -0.43 0.86 
-3.08 -13.56 -255.50 -0.17 -0.32 0.77 
1.93 -16.60 -262.98 0.26 -0.46 0.88 
-4.46 -21.52 -269.41 0.60 -0.25 0.89 
-21.80 -28.19 -278.68 1.23 -0.27 0.77 
-50.92 42.26 -294.15 0.88 -0.10 0.21 
-50.23 139.94 -292.19 -0.12 -0.26 0.74 
-4.68 8.83 -292.98 -0.60 -0.33 0.78 
-1.70 1.65 -308.29 -0.61 -0.20 0.84 
-7.04 11.96 -303.52 0.07 -0.44 0.84 
-6.29 2.48 -294.28 -0.82 -0.12 1.15 
2.37 11.69 -312.96 -0.29 -0.31 0.82 
-6.65 3.01 -304.04 -0.14 -0.26 0.84 
-8.25 -5.78 -300.95 -0.75 -0.27 1.09 
-8.80 -2.40 -303.35 -0.21 -0.32 0.95 
-5.32 -0.64 -306.05 -0.25 -0.31 0.79 
-44.31 -49.71 -304.76 1.16 -0.21 0.84 
-16.13 5.77 -308.80 0.97 -0.04 0.42 
2.19 2.41 -305.74 0.98 -0.09 -0.09 
5.62 -11.52 -308.92 1.06 -0.16 0.61 
-8.29 18.93 -312.17 1.05 -0.08 0.11 
2.80 -4.51 -312.69 0.93 -0.06 -0.01 
-72.57 14.77 -310.30 -0.78 -0.19 0.79 
3.66 1.98 327.17 -0.42 -0.25 0.84 
-13.87 8.82 -316.14 -0.32 -0.07 0.86 
-7.04 4.42 -317.15 -1.10 -0.16 0.94 
-2.27 -10.45 -327.36 0.31 -0.51 0.98 
-10.21 0.09 -317.10 -0.57 -0.40 0.89 
-6.10 -2.58 -322.57 -0.39 -0.36 0.78 
-6.10 -18.88 -326.99 -0.13 -0.31 0.78 
0.17 -21.27 321.45 0.15 -0.32 0.95 
-8.02 -24.80 302.41 0.82 -0.30 0.72 
-0.36 0.17 301.64 0.83 -0.28 0.71 
-4.56 -14.33 293.82 1.16 -0.40 0.53 
-10.38 14.62 288.71 0.95 -0.13 0.55 
-20.98 14.78 283.63 0.89 -0.11 0.24 
-20.98 14.78 283.63 0.89 -0.11 0.24 
-1.47 -0.72 284.06 1.11 -0.17 0.07 
1.19 -4.35 284.87 0.84 -0.17 0.21 
-1.89 -7.12 283.64 1.00 -0.08 0.75 
-0.89 0.98 282.44 1.04 0.00 0.55 
-3.72 0.71 278.89 0.94 -0.10 0.23 
-4.48 -1.14 277.87 1.10 -0.18 0.43 
-5.07 10.84 283.95 1.23 -0.12 0.65 
-48.74 1.65 -314.38 -1.04 -0.28 0.90 
-1.50 3.68 -325.69 -0.85 -0.26 0.66 
-8.52 1.99 -323.46 0.36 -0.50 1.02 
-6.04 2.74 -317.72 -0.51 -0.42 1.02 
-5.81 3.90 -320.49 -0.45 -0.36 0.81 
-11.71 -9.20 -322.07 -0.35 -0.32 0.70 
-8.86 -27.30 -326.67 0.02 -0.43 0.75 
-7.26 -20.70 313.88 0.48 -0.43 0.89 
1.66 -15.53 292.97 1.17 -0.51 0.62 
-5.59 -7.92 285.94 1.11 -0.43 0.89 
-12.84 1.73 280.91 0.97 -0.10 0.15 
0.92 -14.33 282.30 0.90 -0.11 0.02 
-9.39 0.44 279.04 1.22 -0.31 1.18 
-16.39 2.64 274.97 0.92 -0.14 0.00 
1.67 -8.26 276.19 0.96 -0.07 0.04 
-4.44 -9.00 274.34 1.08 -0.11 0.70 
-5.42 1.07 271.21 0.97 -0.10 0.11 
-5.71 -3.76 269.73 1.03 -0.11 0.26 
-3.48 2.37 269.76 1.02 -0.08 0.27 
-2.67 3.25 270.18 0.90 -0.10 0.25 
-2.92 6.59 273.36 0.97 -0.12 0.51 
-4.68 -1.57 -230.68 1.01 0.01 -0.02 
-153.39 -49.25 -314.67 1.00 0.00 -0.06 
-3.78 -1.81 -316.24 1.00 0.02 -0.07 
-8.86 8.23 -317.68 0.97 0.05 0.50 
-21.82 57.99 -304.05 0.62 -0.05 0.78 
-8.39 29.05 -301.79 0.03 -0.19 0.77 
-3.68 13.70 -300.31 -0.43 -0.16 0.84 
0.65 13.03 -324.83 -0.58 -0.20 0.84 
-2.19 17.96 -315.90 -0.07 -0.07 0.79 
-6.11 6.06 -312.27 -1.30 0.05 0.80 
-5.22 -1.20 324.75 -0.39 -0.40 0.66 
-9.68 4.59 -316.33 -0.37 -0.15 0.72 
-5.13 -0.13 -318.23 -0.69 -0.18 0.88 
-6.88 -2.13 -321.39 -0.43 -0.31 0.85 
-6.74 -13.69 -322.88 -0.26 -0.34 0.70 
-4.31 -30.95 322.69 0.22 -0.08 0.91 
1.53 -22.11 307.76 0.98 -0.22 0.96 
-1.60 -35.41 324.52 0.92 -0.05 0.37 
-8.46 3.60 320.34 0.93 0.03 1.13 
-9.40 7.42 313.41 1.08 -0.07 0.18 
-1.47 -8.02 317.70 0.90 0.00 0.20 
-2.46 -10.18 320.12 0.95 0.08 0.73 
-2.81 6.75 317.44 1.06 0.00 0.56 
-6.40 22.04 324.47 1.11 -0.07 0.80 
-6.78 20.21 -324.58 0.72 -0.30 0.88 
-8.77 20.25 -317.77 0.35 -0.29 0.98 
-2.17 26.92 -320.58 -0.13 -0.19 0.79 
-7.87 13.53 -317.65 -0.51 -0.41 0.74 
-8.66 -4.75 -326.26 -0.84 -0.16 0.86 
0.56 -3.31 314.86 0.33 -0.34 1.07 
-11.52 1.54 326.04 -0.51 -0.31 0.87 
-8.16 2.86 323.67 -0.88 -0.17 0.92 
7.01 6.39 309.10 -0.23 -0.33 0.77 
-11.47 -0.69 320.27 -0.32 -0.17 0.81 
-34.14 -91.91 300.25 -0.16 -0.31 0.89 
-4.27 -20.35 292.64 0.21 -0.30 0.93 
-7.19 -22.19 280.03 0.90 -0.30 0.98 
-0.72 -15.21 268.72 0.98 -0.27 0.69 
-23.38 9.28 258.07 0.82 -0.11 0.79 
-4.58 2.10 252.01 1.25 -0.08 -0.06 
-1.26 -11.81 255.29 0.90 -0.02 0.46 
-8.03 13.13 252.32 1.00 -0.12 0.80 
-1.08 3.26 244.22 1.19 -0.20 0.12 
-2.89 -8.64 247.11 0.92 -0.06 0.42 
-1.01 -4.70 245.72 0.92 -0.05 0.67 
-5.39 10.18 248.39 1.13 -0.15 0.73 
-7.36 20.97 253.90 0.96 -0.22 0.72 
-5.45 23.41 260.98 0.65 -0.26 0.93 
-2.74 23.05 262.10 0.00 -0.28 0.84 
-6.77 16.38 261.19 -0.16 -0.36 0.87 
-5.62 11.77 260.36 -0.51 -0.32 0.79 
-4.36 1.47 254.91 -0.84 -0.20 0.74 
-6.21 -7.52 244.23 -0.21 -0.24 0.94 
-2.33 6.52 246.11 -0.07 -0.43 0.94 
-8.15 2.48 255.48 -0.56 -0.27 0.78 
1.08 5.86 242.68 -0.76 -0.25 0.92 
-5.61 -2.87 235.28 0.05 -0.45 0.90 
-6.75 2.85 242.52 -0.19 -0.33 1.02 
-10.21 2.47 247.27 -0.64 -0.22 0.99 
-5.74 -1.32 241.88 -0.38 -0.26 0.77 
-5.72 -14.05 237.78 -0.13 -0.34 0.91 
-7.18 -10.94 234.44 0.00 -0.35 0.97 
-6.48 -18.09 222.71 0.36 -0.30 0.87 
-1.93 -14.63 214.22 0.66 -0.42 0.94 
5.67 -11.70 209.60 0.92 -0.23 0.78 
-18.04 -2.04 204.05 0.82 -0.04 1.06 
-9.43 6.69 204.89 1.05 -0.24 0.21 
-1.45 -8.21 199.37 0.98 -0.16 0.33 
-2.93 -9.11 200.40 0.79 -0.16 1.01 
-13.00 14.36 193.81 0.82 -0.11 0.48 
-6.26 -1.54 193.79 0.95 -0.07 0.28 
-3.06 -10.72 195.26 0.83 -0.05 0.56 
-1.95 -0.33 194.40 0.87 -0.13 0.68 
-7.71 -1.23 192.03 1.02 -0.18 0.51 
-5.36 6.60 193.32 0.99 -0.19 0.69 
-2.38 18.27 201.56 0.87 -0.30 0.82 
-6.81 31.76 210.27 0.47 -0.28 0.97 
-4.84 23.74 208.67 0.02 -0.29 0.87 
-9.23 12.07 210.85 -0.31 -0.37 0.83 
-6.42 4.72 212.24 -0.84 -0.16 0.78 
-2.14 -1.37 197.73 -0.43 -0.21 0.91 
-7.65 7.03 202.80 0.00 -0.44 0.94 
-6.84 5.46 213.67 -0.69 -0.27 0.80 
-4.02 7.50 205.59 -0.79 -0.18 0.94 
-1.50 -7.11 192.86 0.05 -0.41 0.99 
-13.97 -2.51 199.66 -0.29 -0.39 0.87 
-5.81 0.56 202.61 -0.62 -0.30 0.96 
-6.21 -1.68 198.49 -0.33 -0.32 0.80 
-5.65 -7.27 195.14 -0.31 -0.36 0.82 
-8.64 -16.02 185.63 0.01 -0.35 0.95 
-4.25 -17.25 174.35 0.28 -0.32 1.00 
-2.62 -18.37 161.79 0.68 -0.30 0.85 
-2.64 -12.61 153.95 1.00 -0.32 0.78 
-10.75 6.59 147.24 0.91 -0.13 1.10 
-7.31 -2.16 142.71 1.13 -0.16 0.12 
-0.43 -15.78 145.76 0.92 -0.19 0.31 
-6.69 1.60 138.64 1.21 -0.04 1.02 
-9.13 5.96 130.00 0.98 -0.04 0.04 
-3.51 -17.02 132.99 0.91 0.00 0.33 
0.41 -1.19 129.55 1.09 0.01 0.70 
-26.44 63.18 125.62 0.00 -0.28 0.93 
-4.63 14.74 126.75 -0.15 -0.29 0.88 
-5.95 4.44 124.08 -0.69 -0.07 0.91 
-5.82 -1.93 109.12 -0.10 -0.22 1.11 
-7.15 6.73 118.40 0.09 -0.27 0.96 
-9.86 0.44 122.47 -1.11 0.02 0.93 
-8.78 -4.82 109.53 -0.22 -0.33 0.87 
-1.61 7.06 111.93 0.00 -0.45 0.86 
-8.16 3.95 117.52 -0.48 -0.33 0.98 
-4.10 1.26 114.11 -0.33 -0.34 0.87 
-5.23 -6.16 111.48 -0.20 -0.33 0.91 
-7.96 -8.51 109.44 0.07 -0.42 1.01 
-4.86 -10.26 104.07 0.18 -0.28 1.01 
-3.55 -12.67 93.12 0.38 -0.32 0.89 
-3.00 -22.93 87.99 0.79 -0.28 0.72 
-11.45 -8.05 84.32 0.91 -0.07 1.21 
-14.53 1.50 73.82 1.00 -0.02 0.30 
-1.69 -5.72 76.52 0.97 -0.14 0.10 
-2.75 -13.69 79.13 0.81 -0.06 0.94 
-12.01 8.15 73.21 0.88 -0.03 0.25 
-2.33 -2.58 75.37 1.00 -0.13 0.03 
-2.88 -9.39 74.34 0.95 -0.09 0.70 
-4.57 5.88 71.97 1.05 -0.07 0.50 
-7.43 8.60 74.94 1.09 -0.18 0.61 
-9.77 15.99 82.23 0.99 -0.26 0.80 
-3.69 31.77 87.97 0.54 -0.26 0.81 
-4.54 22.59 85.09 0.03 -0.34 0.81 
-4.69 13.93 84.63 -0.24 -0.38 0.85 
-4.63 4.70 86.38 -0.80 -0.13 0.87 
-0.96 -3.40 71.66 -0.23 -0.24 0.89 
-10.61 3.74 79.69 -0.20 -0.28 0.90 
-8.61 1.22 82.87 -0.82 -0.07 1.18 
-5.14 1.92 67.41 -0.21 -0.38 0.85 
-5.87 3.91 73.48 -0.12 -0.30 0.89 
-7.84 -2.22 81.72 -0.60 -0.17 1.05 
-16.59 -88.36 44.05 0.05 -0.21 0.84 
-3.27 -21.65 32.64 0.94 -0.30 0.94 
-6.22 -12.37 27.38 1.00 -0.27 0.86 
-9.53 4.48 20.15 0.76 -0.11 0.88 
-4.47 3.61 15.84 1.10 -0.14 0.13 
1.41 -8.47 18.08 0.96 -0.13 0.41 
-12.88 -1.85 17.07 0.90 -0.08 1.21 
-11.87 5.71 10.12 0.98 -0.08 0.09 
-2.00 -5.75 11.81 0.92 -0.05 0.23 
2.11 -8.24 9.11 0.95 -0.09 0.62 
-4.96 4.12 8.40 1.09 -0.06 0.62 
-1.51 15.57 15.37 1.09 -0.24 0.71 
-4.59 17.02 22.92 0.73 -0.25 0.80 
-7.68 21.54 27.52 0.31 -0.31 0.89 
-5.76 19.75 29.49 0.01 -0.35 0.88 
-7.26 13.39 29.50 -0.24 -0.27 0.83 
-18.37 7.35 -16.00 -0.82 -0.15 0.95 
-1.32 -1.33 -33.17 -0.19 -0.39 0.83 
-6.43 1.47 -27.88 -0.19 -0.32 0.86 
-8.16 0.13 -20.30 -0.51 -0.28 0.92 
-7.04 2.73 -20.63 -0.41 -0.31 0.93 
-6.62 -8.35 -23.29 -0.22 -0.28 0.81 
-4.43 -14.64 -26.98 0.05 -0.35 0.94 
-2.80 -19.61 -35.51 0.18 -0.29 0.89 
-6.46 -21.96 -45.85 0.76 -0.15 0.72 
-7.25 -17.04 -48.86 1.09 -0.20 0.76 
-7.92 7.35 -53.18 0.92 -0.14 0.82 
-4.48 3.37 -59.53 0.96 -0.14 0.15 
-4.90 -11.62 -56.58 1.03 -0.09 0.29 
-7.19 -8.80 -60.85 0.79 0.00 1.05 
-11.50 5.16 -69.47 0.97 -0.06 0.31 
-2.83 -1.05 -66.75 1.00 -0.14 0.19 
-2.85 -10.21 -65.60 0.96 -0.06 0.58 
-3.17 1.16 -67.83 0.96 -0.01 0.55 
-6.20 5.04 -67.24 1.01 -0.07 0.55 
-2.68 14.65 -63.90 1.03 -0.18 0.69 
-5.44 17.79 -57.59 0.80 -0.22 0.81 
-7.91 22.48 -48.91 0.38 -0.23 0.98 
-5.07 19.58 -49.30 0.14 -0.31 0.89 
0.07 16.23 -52.63 -0.75 -0.10 0.74 
-9.40 -1.84 -65.66 0.33 -0.41 1.02 
-8.31 -0.06 -55.35 -0.22 -0.38 0.90 
-9.51 4.20 -60.20 -0.62 -0.10 1.29 
-4.54 -0.46 -74.85 0.07 -0.37 0.82 
-6.20 -1.02 -68.30 -0.16 -0.36 0.91 
-8.51 -6.81 -64.93 -0.35 -0.27 1.24 
-5.40 4.48 -66.11 -0.20 -0.25 0.94 
-6.78 -2.24 -68.62 -0.12 -0.27 0.88 
3.90 48.83 -74.65 0.97 -0.13 0.62 
-23.38 64.84 -66.06 -0.14 -0.28 0.78 
-8.51 4.49 -65.63 -0.62 -0.22 0.89 
-4.82 4.15 -81.17 -0.23 -0.23 0.86 
-4.39 6.00 -73.31 0.02 -0.34 0.94 
-16.95 -4.35 -66.18 -0.73 -0.25 1.07 
-5.72 1.72 -79.13 -0.41 -0.33 0.88 
-7.42 3.43 -77.70 0.12 -0.50 0.96 
-3.59 3.43 -73.35 -0.42 -0.26 0.94 
-6.60 0.32 -73.96 -0.42 -0.31 0.93 
-4.71 -5.37 -76.25 -0.25 -0.27 0.81 
-6.36 -12.12 -78.43 -0.05 -0.37 0.80 
0.02 -21.65 -90.14 0.31 -0.25 0.85 
-1.49 -24.04 -98.90 0.95 -0.17 0.99 
-5.50 -13.75 -104.90 0.96 -0.10 0.77 
-13.53 -9.38 -110.58 0.94 -0.05 0.75 
-10.62 1.42 -116.23 1.11 -0.13 0.09 
-0.38 -7.88 -114.99 0.93 -0.05 0.05 
-7.15 -13.74 -115.28 0.97 -0.04 0.86 
-18.10 8.58 -117.34 0.96 -0.03 0.22 
-4.04 -0.12 -117.89 0.93 -0.03 0.00 
1.87 -9.63 -115.98 0.99 -0.01 0.34 
-3.46 -3.99 -118.62 1.06 -0.05 0.51 
-5.97 12.66 -114.39 1.20 -0.17 0.50 
-0.72 18.77 -107.90 1.03 -0.16 0.57 
-8.49 22.41 -99.44 0.57 -0.27 0.76 
-4.29 21.99 -99.79 0.30 -0.30 0.93 
-4.10 19.10 -100.90 -0.14 -0.30 0.78 
-4.21 5.59 -106.61 -0.65 -0.20 0.94 
-3.72 -3.52 -118.66 0.09 -0.31 0.99 
-18.16 -6.99 -107.94 -0.22 -0.33 0.88 
-10.57 -4.66 -100.45 -0.74 -0.12 1.07 
-7.20 8.89 -114.54 -0.28 -0.37 0.99 
-8.97 -3.08 -120.07 0.32 -0.69 0.96 
-5.45 -0.48 -114.45 -0.14 -0.51 0.96 
-9.60 -4.13 -111.48 -0.33 -0.38 0.97 
-5.75 -1.98 -112.58 -0.14 -0.43 0.89 
-10.17 -14.25 -116.06 0.03 -0.38 0.79 
-3.06 -17.35 -127.35 0.31 -0.42 0.77 
0.07 -20.19 -144.38 0.77 -0.25 0.70 
-11.35 -21.32 -156.44 1.14 -0.21 0.39 
-5.06 -8.37 -161.44 1.06 -0.07 0.58 
-15.83 5.53 -163.70 1.02 0.00 0.03 
2.69 -3.51 -160.47 0.98 -0.12 0.01 
-6.46 -2.84 -162.14 1.02 -0.04 1.05 
-6.52 11.40 -168.45 0.96 -0.04 0.12 
-0.61 -9.82 -164.12 0.98 -0.06 0.20 
-5.21 -4.03 -165.89 0.96 -0.04 0.66 
-2.99 8.60 -164.76 1.13 -0.10 0.51 
-5.61 16.67 -156.36 1.01 -0.16 0.68 
-6.69 18.88 -150.20 0.65 -0.20 0.81 
-5.81 21.57 -147.85 0.42 -0.24 0.87 
-8.15 15.37 -148.02 -0.06 -0.31 0.82 
-6.48 7.12 -153.43 -0.64 -0.18 1.03 
-6.00 -6.89 -167.18 0.33 -0.39 0.96 
-10.36 1.76 -157.56 -0.12 -0.41 0.95 
-8.20 -3.10 -154.53 -0.72 -0.18 1.15 
-3.32 -1.75 260.47 1.02 0.05 0.00 
-3.32 -1.75 260.47 1.02 0.05 0.00 
-4.63 -1.51 257.83 1.02 0.06 -0.01 
-8.70 -2.71 255.45 1.02 0.00 -0.01 
-5.07 -1.73 253.79 1.01 0.05 -0.01 
-5.57 -1.88 251.49 1.01 0.09 -0.02 
-5.36 -2.15 250.11 1.01 0.04 -0.01 
-5.67 -2.09 248.56 1.02 0.03 -0.02 
-5.16 -1.69 246.56 1.01 0.06 -0.01 
-4.85 -1.44 245.27 1.00 0.06 -0.01 
-8.43 -2.11 243.93 1.00 0.07 0.00 
-7.25 -2.52 242.58 1.02 0.00 -0.02 
-3.53 -1.86 240.68 1.01 0.04 0.00 
-4.81 -1.82 239.35 1.01 0.05 0.00 
-6.13 -2.22 237.37 1.01 0.04 -0.01 
-5.26 -2.14 235.76 1.00 0.04 -0.01 
-5.08 -2.12 233.95 1.01 0.05 -0.01 
-5.01 -1.93 232.28 1.01 0.05 -0.01 
-6.64 -1.96 230.66 1.02 0.07 -0.01 
-6.95 -3.05 230.17 1.02 0.06 -0.02 
-6.28 -1.78 230.80 0.97 0.06 0.00 
-12.50 1.37 229.57 1.13 0.00 0.14 
-22.62 16.74 228.93 1.02 0.05 0.37 
0.80 7.14 222.45 1.11 -0.04 -0.10 
0.23 -9.93 226.28 0.89 0.01 0.38 
-8.33 12.60 218.65 1.04 0.01 0.75 
-3.65 4.59 215.87 1.00 -0.02 0.03 
0.48 -9.91 219.34 0.97 0.02 0.40 
-1.06 0.45 218.11 1.06 -0.03 0.69 
-9.43 17.39 225.02 1.13 -0.10 0.69 
-9.20 24.20 234.09 0.81 -0.15 0.76 
-7.02 27.93 239.63 0.33 -0.28 0.88 
-4.71 25.32 239.40 -0.13 -0.37 0.73 
-6.28 9.35 236.04 -1.05 -0.02 0.75 
-9.06 -2.36 230.15 0.08 -0.36 0.87 
-20.35 1.15 241.06 -0.66 -0.24 0.83 
-0.25 7.09 230.51 -0.98 -0.18 0.67 
-9.02 -5.13 222.54 0.14 -0.52 0.96 
-22.70 -80.18 197.35 -0.21 -0.35 0.72 
-12.42 -27.18 181.72 0.35 -0.30 1.02 
-0.69 -26.38 164.08 0.91 -0.50 0.82 
3.74 -22.40 154.74 1.12 -0.25 0.66 
-14.51 12.42 146.84 0.99 -0.18 0.74 
-5.36 4.00 146.29 1.11 -0.02 -0.22 
-1.02 -10.78 151.72 0.96 -0.05 0.35 
-8.24 14.31 147.26 1.08 -0.10 0.79 
-9.16 0.02 142.33 1.03 -0.02 0.09 
-3.65 -11.66 143.37 0.84 -0.11 0.38 
-0.22 -3.87 139.96 1.01 -0.06 0.65 
-4.13 8.21 140.19 1.04 -0.07 0.47 
-6.69 13.57 147.73 1.02 -0.14 0.70 
-9.78 21.96 156.42 0.68 -0.22 0.84 
-8.07 24.22 162.00 0.27 -0.34 0.82 
-3.50 18.44 163.56 -0.21 -0.32 0.83 
-7.84 16.23 166.47 -0.45 -0.29 0.74 
0.22 1.04 153.34 -0.69 -0.16 0.90 
-6.61 2.86 151.88 0.23 -0.45 1.02 
-10.55 2.80 161.37 -0.70 -0.30 0.84 
2.26 10.75 152.35 -0.86 -0.20 0.86 
-15.78 -6.03 145.46 0.06 -0.33 0.79 
-10.04 1.55 152.35 -0.51 -0.34 0.90 
-7.81 -1.43 151.56 -0.71 -0.17 0.97 
-7.96 1.41 149.85 -0.38 -0.26 0.80 
-5.90 -9.96 144.72 -0.27 -0.29 0.79 
-7.16 -22.10 135.88 0.07 -0.42 0.82 
-8.53 -25.30 127.63 0.55 -0.25 0.91 
-12.89 -25.21 118.18 0.95 -0.12 0.74 
-11.10 -12.38 111.05 1.08 -0.28 0.51 
-12.60 5.31 104.62 1.07 -0.08 0.57 
3.53 6.72 100.76 1.14 -0.07 -0.10 
-2.60 -11.97 100.27 0.84 -0.03 0.43 
-10.80 11.43 94.48 1.05 0.02 0.66 
-3.75 -1.43 95.57 0.87 0.01 -0.05 
-5.28 -20.61 94.01 1.04 0.13 0.38 
-3.89 4.36 90.48 1.13 0.04 0.39 
-14.19 14.05 97.76 1.39 -0.08 0.54 
-6.20 39.42 106.86 0.76 -0.19 0.76 
-4.96 29.67 111.00 0.39 -0.23 0.88 
-3.12 19.56 112.38 -0.09 -0.28 0.84 
-5.68 12.06 116.82 -0.49 -0.24 0.68 
2.19 0.45 106.85 -0.79 -0.14 0.89 
-5.05 -12.14 95.13 0.38 -0.25 1.06 
-5.20 9.34 107.95 -0.59 -0.23 0.93 
-3.58 5.52 98.36 -0.81 -0.23 0.95 
-7.72 -5.06 90.97 0.21 -0.36 0.90 
-5.94 1.01 101.88 -0.31 -0.44 1.04 
-5.99 2.86 102.31 -0.59 -0.18 1.01 
-6.73 -3.64 99.29 -0.39 -0.19 0.76 
-4.87 -18.72 94.15 -0.08 -0.21 0.86 
1.61 -29.61 81.71 0.48 -0.16 0.98 
-9.11 -28.43 81.75 0.87 -0.04 0.72 
-8.43 -13.54 78.45 1.06 -0.19 0.61 
-9.26 1.02 67.21 1.00 -0.14 0.68 
-3.26 0.79 62.16 1.09 0.06 -0.25 
8.97 -12.02 65.89 1.02 0.00 0.09 
-14.94 1.03 63.90 1.18 -0.08 0.85 
-5.18 6.89 55.71 1.15 0.08 -0.17 
0.41 -7.11 57.90 0.88 0.03 0.10 
-1.16 -7.84 57.05 0.97 0.09 0.45 
-5.32 3.10 52.02 1.22 -0.04 0.26 
-4.88 9.18 56.73 1.20 -0.07 0.37 
-3.66 18.70 65.14 1.07 -0.20 0.52 
-3.66 27.48 75.40 0.71 -0.26 0.70 
-5.00 27.50 76.87 0.27 -0.32 0.86 
-6.90 20.56 77.20 -0.11 -0.28 0.81 
-6.36 4.19 72.41 -1.01 -0.06 0.74 
-11.75 -7.42 60.25 -0.12 -0.19 0.82 
-14.12 1.27 72.97 -0.38 -0.32 0.84 
-28.99 -0.59 101.17 -0.71 -0.17 0.94 
-4.35 1.37 98.02 -0.38 -0.37 0.91 
-8.27 -3.52 96.00 -0.34 -0.35 0.75 
-3.70 -18.89 88.53 -0.03 -0.33 0.82 
0.45 -32.70 77.24 0.42 -0.31 0.74 
-4.43 -23.39 69.15 0.98 -0.12 0.75 
-4.65 -12.79 64.06 1.04 -0.03 0.41 
-15.03 0.88 60.92 1.05 -0.07 0.85 
-10.76 1.12 52.10 1.11 0.02 -0.15 
0.34 -9.97 54.42 0.99 -0.08 0.10 
-8.37 -4.66 53.38 1.11 -0.11 1.03 
-9.19 6.20 49.78 1.06 -0.05 -0.03 
2.05 -5.01 50.69 0.92 -0.02 0.05 
-0.18 0.30 46.34 1.07 -0.11 0.46 
-4.52 4.77 47.40 1.03 -0.10 0.30 
-5.33 13.25 52.21 1.11 -0.18 0.57 
-3.92 19.47 58.32 0.90 -0.25 0.73 
-3.01 23.73 63.62 0.59 -0.32 0.86 
-3.71 26.22 67.13 0.23 -0.31 0.89 
-6.02 17.41 71.66 -0.34 -0.21 0.77 
-0.61 2.87 63.25 -0.80 -0.07 0.93 
-12.28 -5.02 54.76 0.22 -0.37 1.06 
-12.69 3.81 66.05 -0.35 -0.34 0.83 
0.84 6.40 63.83 -1.05 0.10 1.06 
-9.08 -7.36 51.44 -0.03 -0.31 0.79 
-8.81 4.67 59.10 -0.11 -0.29 1.04 
-6.20 -1.86 62.57 -0.63 -0.12 1.13 
-5.72 0.20 59.40 -0.31 -0.25 0.93 
-8.44 -8.85 53.72 -0.25 -0.22 0.81 
-5.20 -20.86 45.89 0.08 -0.27 0.89 
-5.46 -29.57 35.01 0.54 -0.25 0.82 
-7.86 -26.67 25.99 1.11 -0.26 0.64 
-9.51 -9.03 23.11 1.04 -0.19 0.69 
-8.19 10.57 12.14 1.05 -0.03 0.04 
-2.59 -1.24 15.41 0.97 -0.06 -0.07 
-1.01 -20.05 17.23 0.98 -0.05 0.66 
-9.15 14.86 11.82 1.01 -0.02 0.25 
-2.76 1.98 12.59 1.01 -0.08 0.03 
-7.04 -9.18 13.07 0.96 -0.06 0.37 
-0.42 -2.50 8.18 1.08 -0.05 0.56 
-6.43 2.83 10.20 1.03 -0.11 0.27 
3.74 18.51 12.19 1.07 -0.12 0.58 
-8.00 16.63 17.85 0.86 -0.17 0.74 
-3.67 26.09 21.47 0.65 -0.26 0.95 
-7.01 32.30 22.33 0.09 -0.33 0.79 
-4.98 9.16 21.02 -0.70 -0.13 0.73 
1.02 9.07 2.68 -0.50 -0.15 0.98 
-10.97 7.55 6.41 0.28 -0.55 1.01 
-4.27 4.75 15.59 -0.68 -0.28 0.92 
-0.23 5.65 3.87 -0.67 -0.22 0.82 
-4.07 -4.25 -2.59 0.22 -0.43 1.09 
-4.77 2.57 6.63 -0.33 -0.39 0.97 
-4.70 5.91 4.58 -0.52 -0.29 0.95 
-6.93 -2.88 2.82 -0.36 -0.32 0.83 
-9.17 -15.96 1.97 -0.16 -0.31 0.91 
-7.13 -18.34 -1.92 0.15 -0.28 0.99 
-0.54 -15.14 -11.86 0.52 -0.39 0.82 
-3.58 -21.49 -20.09 0.98 -0.26 0.81 
-10.20 -16.64 -23.69 0.92 -0.23 0.87 
-14.34 9.27 -32.26 1.03 -0.15 0.28 
-55.94 84.73 -1.10 1.05 -0.12 0.47 
-4.23 18.79 2.85 1.14 -0.28 0.76 
-8.09 32.25 6.03 0.48 -0.25 0.86 
-7.98 21.53 9.81 -0.08 -0.27 0.85 
-6.34 16.18 13.16 -0.40 -0.28 0.78 
-2.83 4.03 1.70 -0.73 -0.22 0.89 
-7.18 -7.04 -4.88 0.22 -0.41 1.00 
-10.19 3.39 13.80 -0.65 -0.32 0.99 
-1.61 5.50 -8.46 -0.58 -0.18 0.78 
-0.79 3.31 -6.72 0.08 -0.47 0.88 
-7.60 3.27 2.69 -0.72 -0.19 0.95 
-4.46 4.31 -0.32 -0.45 -0.29 0.81 
-2.23 -11.90 -2.53 -0.36 -0.25 0.72 
-3.69 -24.23 -7.47 0.12 -0.28 0.89 
-2.96 -28.87 -16.97 0.66 -0.25 0.92 
-3.21 -19.11 -26.07 0.99 -0.19 0.70 
-10.04 -11.40 -28.34 1.03 -0.16 0.56 
-8.60 -0.15 -31.47 0.97 -0.06 0.54 
-18.53 4.49 -38.23 1.17 -0.05 0.29 
1.85 -6.24 -34.91 0.92 -0.06 -0.10 
-9.90 -6.06 -37.71 0.98 -0.12 1.09 
-3.00 12.23 -44.62 1.05 -0.06 0.05 
3.61 -8.67 -41.46 1.01 -0.11 0.00 
-6.44 -7.96 -43.97 1.10 -0.07 0.70 
-4.98 4.59 -45.00 1.14 -0.15 0.38 
-1.34 17.26 -36.14 1.18 -0.20 0.54 
-5.97 25.66 -20.08 0.82 -0.25 0.72 
-3.29 29.44 -16.25 0.18 -0.30 0.73 
-3.29 22.82 -15.58 -0.21 -0.31 0.73 
-4.54 11.43 -16.51 -0.66 -0.19 0.75 
-4.05 0.17 -32.79 -0.55 -0.27 0.84 
-4.88 12.53 -23.90 0.10 -0.55 0.90 
-8.42 1.55 -20.31 -0.96 -0.11 1.04 
-7.33 -1.50 -33.96 -0.35 -0.34 0.65 
-7.51 -0.79 -27.78 -0.33 -0.35 0.96 
-6.37 4.62 -26.70 -0.51 -0.30 0.98 
-6.18 -2.42 -28.79 -0.35 -0.35 0.74 
-6.13 -18.70 -29.64 -0.14 -0.36 0.81 
-13.25 -25.51 -34.27 0.33 -0.27 0.95 
-10.45 -25.99 -46.33 0.49 -0.19 0.66 
-0.78 -20.68 -19.08 0.98 -0.13 -0.15 
-8.73 -15.21 -19.36 0.92 0.00 1.08 
-3.95 12.38 -27.99 1.08 0.02 0.09 
-1.80 -6.51 -26.39 0.98 -0.09 0.07 
-1.37 -5.06 -26.75 0.98 0.00 0.63 
-4.97 2.12 -29.75 1.08 -0.02 0.33 
-4.39 16.30 -24.07 1.16 -0.08 0.61 
-10.42 35.94 -14.32 0.56 -0.22 0.83 
-7.23 26.57 -7.17 0.17 -0.23 0.93 
-6.68 17.98 -4.61 -0.37 -0.20 0.68 
-7.40 5.92 -8.53 -0.84 -0.09 0.75 
-3.79 -0.30 -23.59 -0.45 -0.19 0.77 
-6.80 7.32 -14.33 -0.25 -0.36 0.82 
-8.70 5.92 -12.31 -1.00 -0.14 1.01 
-6.12 -1.97 -23.86 -0.30 -0.42 0.71 
-6.12 0.54 -15.00 -0.37 -0.37 0.83 
-7.09 0.89 -19.25 -0.57 -0.21 0.89 
-5.46 -6.34 -24.32 -0.37 -0.30 0.66 
-8.09 -22.32 -31.80 -0.09 -0.24 0.90 
-5.21 -27.23 -42.67 0.48 -0.36 0.93 
-2.82 -20.35 -56.40 0.81 -0.19 0.70 
-6.62 -18.56 -63.10 1.17 -0.25 0.74 
-13.02 11.28 -68.05 0.89 -0.11 0.51 
-4.76 -3.31 -69.89 1.14 -0.03 -0.07 
0.17 -14.09 -65.07 0.93 0.00 0.48 
-7.71 14.75 -69.27 1.05 -0.10 0.57 
-3.05 0.94 -72.13 1.03 -0.15 -0.16 
1.19 -14.95 -72.78 1.00 -0.07 0.37 
-4.66 0.59 -74.03 1.11 -0.04 0.45 
-58.94 -31.62 -109.12 -0.40 -0.35 0.81 
-4.42 0.25 -110.38 -0.41 -0.35 0.91 
-7.48 -5.52 -111.58 -0.33 -0.35 0.74 
-9.01 -21.50 -113.45 -0.04 -0.32 0.92 
-10.27 -25.46 -122.95 0.40 -0.44 0.88 
-11.42 -20.61 -133.68 0.85 -0.43 0.77 
-7.47 -18.71 -147.36 1.06 -0.22 0.49 
-13.66 3.76 -151.44 1.10 -0.05 0.96 
-12.31 4.47 -153.17 1.27 -0.19 -0.21 
1.86 -12.73 -151.17 0.97 -0.09 0.33 
-4.27 14.13 -155.70 1.13 -0.19 0.80 
-7.58 4.83 -161.85 1.10 -0.03 -0.14 
1.76 -10.38 -159.82 0.99 -0.10 0.23 
-5.36 -5.12 -163.73 1.07 -0.13 0.56 
-4.87 3.63 -165.15 1.03 -0.09 0.28 
-4.21 13.97 -158.98 1.24 -0.20 0.54 
-9.36 28.26 -141.51 0.85 -0.13 0.77 
-4.90 25.60 -137.41 0.33 -0.24 0.82 
-5.12 20.11 -136.27 -0.07 -0.35 0.84 
-6.35 9.79 -135.96 -0.70 -0.21 0.77 
-6.19 2.78 -150.68 -0.36 -0.24 0.94 
-10.50 -0.86 -136.55 -0.41 -0.39 0.95 
-5.46 7.05 -142.54 -0.76 -0.24 1.06 
-6.36 -4.48 -157.01 -0.02 -0.50 0.79 
-6.60 3.30 -146.31 -0.39 -0.27 0.91 
-6.56 3.44 -145.99 -0.63 -0.31 0.90 
-5.25 0.90 -147.39 -0.44 -0.36 0.90 
-5.79 -0.45 -148.54 -0.37 -0.35 0.76 
-11.43 -20.34 -150.79 -0.09 -0.41 0.75 
-6.42 -26.66 -161.06 0.21 -0.09 0.87 
-3.15 -28.15 -179.64 0.99 -0.32 0.86 
-15.65 -6.16 -186.73 0.91 -0.02 1.01 
-0.48 1.17 -187.08 0.94 -0.01 0.98 
