0.43 328.08 158.23 0.11 -0.29 0.49 17247.00
0.11 329.06 158.45 0.02 -0.34 0.48 17267.00
-0.22 329.61 158.37 -0.06 -0.35 0.39 17288.00
-0.10 329.30 158.07 0.03 -0.31 0.41 17308.00
-0.20 329.50 157.73 0.01 -0.33 0.40 17329.00
-0.10 329.75 157.30 -0.07 -0.31 0.41 17349.00
0.27 329.42 156.81 -0.03 -0.23 0.44 17370.00
0.41 329.48 156.36 -0.06 -0.20 0.47 17390.00
0.36 329.69 155.77 -0.15 -0.20 0.49 17411.00
0.51 329.70 155.04 -0.21 -0.18 0.54 17431.00
0.76 329.41 154.06 -0.18 -0.13 0.59 17452.00
0.66 329.19 153.05 -0.15 -0.15 0.58 17472.00
0.56 328.82 151.95 -0.08 -0.17 0.55 17492.00
0.36 328.36 150.71 0.00 -0.16 0.47 17513.00
-0.12 327.93 149.55 0.07 -0.19 0.33 17533.00
-0.25 327.25 148.48 0.19 -0.22 0.31 17554.00
-0.51 326.96 147.75 0.28 -0.28 0.25 17575.00
-0.04 326.52 147.19 0.41 -0.25 0.27 17596.00
0.16 326.46 146.65 0.53 -0.30 0.34 17616.00
0.39 326.40 146.19 0.65 -0.37 0.39 17637.00
0.76 326.30 145.89 0.67 -0.31 0.41 17657.00
0.73 326.30 145.76 0.66 -0.31 0.37 17678.00
0.50 326.40 145.86 0.59 -0.32 0.28 17698.00
0.42 326.60 146.09 0.52 -0.33 0.28 17719.00
0.70 326.64 146.31 0.51 -0.30 0.34 17739.00
1.00 326.56 146.52 0.44 -0.24 0.32 17760.00
1.17 326.52 146.74 0.33 -0.19 0.28 17780.00
1.19 326.66 146.98 0.25 -0.18 0.32 17801.00
0.93 326.72 147.15 0.17 -0.22 0.31 17821.00
1.04 326.42 147.28 0.13 -0.20 0.31 17842.00
1.67 326.50 147.36 0.02 -0.11 0.36 17862.00
1.97 326.30 147.31 -0.07 -0.05 0.49 17884.00
1.86 325.77 147.13 -0.12 -0.03 0.64 17904.00
1.57 325.16 146.84 -0.11 -0.01 0.79 17925.00
1.08 324.97 146.49 -0.11 -0.05 0.79 17945.00
0.52 325.03 146.08 -0.08 -0.13 0.74 17966.00
0.12 325.38 145.65 -0.04 -0.16 0.63 17986.00
-0.08 325.76 145.14 0.01 -0.15 0.54 18007.00
-0.29 325.68 144.50 0.11 -0.16 0.44 18027.00
-0.52 325.31 143.76 0.24 -0.19 0.37 18048.00
-0.49 324.90 143.10 0.42 -0.18 0.31 18068.00
-0.85 324.97 142.57 0.58 -0.27 0.33 18088.00
-1.31 325.55 142.24 0.74 -0.49 0.35 18109.00
-1.01 325.91 142.07 0.71 -0.42 0.36 18129.00
-0.96 326.33 141.99 0.67 -0.39 0.40 18150.00
-1.24 326.76 142.11 0.58 -0.36 0.45 18171.00
-1.82 327.16 142.40 0.50 -0.42 0.40 18192.00
-2.05 327.61 142.81 0.42 -0.40 0.45 18212.00
-2.19 328.20 143.25 0.30 -0.35 0.51 18233.00
-2.51 328.86 143.68 0.19 -0.34 0.51 18253.00
-2.88 329.55 144.14 0.10 -0.39 0.53 18274.00
-3.04 330.13 144.56 -0.01 -0.43 0.56 18294.00
-3.03 330.39 144.98 -0.02 -0.39 0.58 18315.00
-3.31 330.67 145.36 -0.04 -0.41 0.59 18335.00
-3.83 330.96 145.87 -0.03 -0.46 0.55 18356.00
-4.14 331.33 146.45 -0.02 -0.49 0.56 18376.00
-4.32 331.76 147.08 0.00 -0.47 0.54 18397.00
-4.42 332.38 147.77 -0.01 -0.40 0.47 18417.00
-4.55 333.05 148.50 -0.03 -0.38 0.43 18438.00
-4.62 333.68 149.19 -0.04 -0.35 0.39 18458.00
-4.63 334.32 149.89 -0.07 -0.33 0.38 18479.00
-4.64 334.97 150.51 -0.10 -0.32 0.37 18499.00
-4.54 335.60 151.14 -0.12 -0.28 0.34 18521.00
-4.49 336.04 151.68 -0.13 -0.27 0.33 18541.00
-4.41 336.40 152.15 -0.13 -0.28 0.33 18562.00
-4.11 336.80 152.47 -0.14 -0.23 0.33 18582.00
-4.09 337.18 152.75 -0.15 -0.22 0.28 18603.00
-4.08 337.44 153.02 -0.17 -0.24 0.27 18623.00
-3.68 337.63 153.26 -0.16 -0.19 0.29 18643.00
-3.47 337.70 153.49 -0.16 -0.21 0.31 18664.00
-3.47 337.91 153.70 -0.16 -0.24 0.26 18684.00
-2.90 338.17 153.92 -0.15 -0.19 0.25 18705.00
-2.48 338.39 154.10 -0.14 -0.16 0.24 18725.00
-2.20 338.74 154.27 -0.15 -0.16 0.24 18746.00
-2.05 339.04 154.43 -0.16 -0.16 0.24 18766.00
-1.74 339.59 154.54 -0.19 -0.15 0.23 18787.00
-1.12 340.37 154.61 -0.22 -0.08 0.19 18807.00
-0.86 341.04 154.73 -0.25 -0.05 0.15 18829.00
-0.59 341.59 154.86 -0.32 -0.02 0.12 18849.00
-0.47 341.81 154.97 -0.42 0.01 0.13 18870.00
-0.30 342.03 154.97 -0.51 0.07 0.12 18890.00
0.01 341.78 154.75 -0.64 0.20 0.15 18911.00
0.04 341.65 154.41 -0.70 0.24 0.14 18931.00
-0.17 341.56 153.92 -0.71 0.19 0.20 18952.00
-0.35 341.52 153.28 -0.65 0.12 0.22 18972.00
-0.56 341.42 152.45 -0.54 0.02 0.23 18993.00
-0.71 341.20 151.65 -0.43 -0.08 0.23 19013.00
-0.71 340.77 150.81 -0.32 -0.13 0.25 19034.00
-1.18 339.69 150.08 -0.14 -0.24 0.30 19055.00
-1.22 338.64 149.45 0.10 -0.41 0.49 19076.00
-1.07 338.36 148.94 0.28 -0.46 0.68 19096.00
-1.70 338.40 148.62 0.35 -0.56 0.67 19117.00
-2.67 338.99 148.65 0.20 -0.59 0.42 19137.00
-3.34 339.80 148.98 0.06 -0.56 0.26 19158.00
-3.09 340.82 149.43 -0.09 -0.39 0.21 19178.00
-2.03 342.06 149.85 -0.21 -0.19 0.18 19198.00
-1.43 342.90 150.24 -0.33 -0.10 0.15 19219.00
-1.65 342.98 150.58 -0.43 -0.11 0.13 19239.00
-1.88 342.94 150.90 -0.51 -0.09 0.14 19260.00
-2.01 342.88 151.13 -0.59 -0.06 0.17 19280.00
-2.02 342.78 151.28 -0.69 -0.03 0.21 19302.00
-1.66 342.70 151.30 -0.76 0.09 0.20 19322.00
-1.42 342.50 151.18 -0.82 0.17 0.19 19343.00
-1.38 342.35 150.96 -0.82 0.18 0.18 19363.00
-1.50 342.43 150.57 -0.77 0.09 0.17 19384.00
-1.34 342.41 150.00 -0.69 0.08 0.18 19404.00
-1.11 342.29 149.27 -0.59 0.07 0.18 19425.00
-1.31 342.18 148.51 -0.46 -0.05 0.16 19445.00
-1.21 341.86 147.74 -0.35 -0.08 0.15 19466.00
-1.84 340.72 147.06 -0.18 -0.17 0.16 19486.00
-2.18 339.37 146.38 -0.05 -0.30 0.24 19508.00
-1.74 338.41 145.86 0.13 -0.38 0.38 19528.00
-1.66 338.04 145.46 0.23 -0.44 0.49 19549.00
-2.09 338.02 145.28 0.22 -0.48 0.44 19569.00
-2.72 338.35 145.31 0.11 -0.48 0.29 19590.00
-2.91 338.86 145.46 -0.01 -0.34 0.18 19610.00
-2.22 339.65 145.64 -0.12 -0.19 0.13 19631.00
-1.63 340.26 145.73 -0.18 -0.13 0.09 19651.00
-1.46 340.08 145.74 -0.23 -0.12 0.09 19672.00
-1.81 339.50 145.65 -0.23 -0.15 0.09 19692.00
-2.07 338.91 145.53 -0.24 -0.18 0.13 19713.00
-1.82 338.64 145.36 -0.27 -0.13 0.18 19733.00
-1.92 337.86 145.07 -0.31 -0.11 0.26 19755.00
-2.68 336.89 144.74 -0.26 -0.18 0.27 19775.00
-3.47 335.65 144.39 -0.16 -0.27 0.28 19795.00
-3.23 334.95 144.04 -0.16 -0.25 0.33 19816.00
-2.68 334.42 143.62 -0.19 -0.16 0.39 19836.00
-3.02 333.49 143.08 -0.16 -0.18 0.41 19857.00
-3.93 332.16 142.51 -0.05 -0.31 0.37 19877.00
-3.72 331.14 141.92 -0.00 -0.35 0.45 19898.00
-3.14 330.46 141.36 -0.01 -0.29 0.50 19918.00
-2.90 329.62 140.76 0.01 -0.28 0.50 19939.00
-2.78 328.83 140.21 0.04 -0.28 0.48 19959.00
-2.64 327.97 139.64 0.06 -0.28 0.49 19980.00
-2.61 327.01 139.07 0.12 -0.31 0.54 20000.00
-2.68 326.16 138.50 0.16 -0.35 0.54 20021.00
-2.55 325.48 137.99 0.20 -0.33 0.57 20041.00
-2.52 325.02 137.47 0.19 -0.34 0.60 20062.00
-2.59 324.49 136.97 0.23 -0.40 0.63 20083.00
-2.62 324.01 136.51 0.27 -0.45 0.61 20104.00
-2.55 323.70 136.15 0.24 -0.43 0.57 20124.00
-2.55 323.50 135.87 0.18 -0.39 0.55 20145.00
-2.62 323.33 135.65 0.12 -0.38 0.54 20165.00
-2.58 323.14 135.45 0.07 -0.34 0.56 20186.00
-2.47 322.98 135.25 0.03 -0.31 0.61 20206.00
-2.28 322.98 135.01 -0.04 -0.25 0.69 20227.00
-2.17 323.15 134.69 -0.13 -0.19 0.76 20247.00
-2.50 323.11 134.27 -0.11 -0.25 0.78 20268.00
-2.75 323.40 133.88 -0.10 -0.27 0.67 20288.00
-2.72 323.91 133.45 -0.10 -0.18 0.55 20308.00
-3.02 324.25 132.96 -0.06 -0.15 0.42 20329.00
-3.87 323.82 132.42 0.08 -0.22 0.30 20349.00
-3.96 323.21 131.93 0.25 -0.28 0.28 20370.00
-3.54 322.77 131.51 0.49 -0.30 0.32 20391.00
-3.27 322.71 131.19 0.71 -0.31 0.39 20412.00
-3.44 322.97 131.01 0.83 -0.37 0.43 20432.00
-3.79 323.44 130.89 0.83 -0.49 0.43 20453.00
-3.91 323.89 130.89 0.70 -0.48 0.37 20473.00
-3.84 323.90 131.07 0.55 -0.32 0.26 20494.00
-4.00 324.17 131.33 0.43 -0.28 0.25 20514.00
-4.17 324.40 131.60 0.37 -0.30 0.27 20535.00
-4.02 324.40 131.86 0.31 -0.27 0.26 20555.00
-3.79 324.62 132.21 0.23 -0.29 0.28 20576.00
-3.18 324.93 132.61 0.17 -0.31 0.39 20596.00
-2.53 325.56 133.01 -0.01 -0.19 0.35 20617.00
-1.97 325.52 133.26 -0.05 -0.14 0.44 20637.00
-1.94 325.43 133.40 -0.12 -0.17 0.48 20658.00
-1.74 325.10 133.42 -0.16 -0.15 0.52 20679.00
-1.51 324.55 133.29 -0.18 -0.10 0.61 20700.00
-1.41 324.23 133.05 -0.22 -0.03 0.66 20720.00
-1.57 324.05 132.70 -0.20 0.02 0.65 20741.00
-2.10 324.08 132.31 -0.16 -0.06 0.60 20761.00
-2.40 324.44 131.84 -0.14 -0.08 0.50 20782.00
-2.71 324.32 131.29 -0.02 -0.10 0.46 20802.00
-3.16 324.10 130.61 0.10 -0.16 0.48 20823.00
-3.64 323.85 129.93 0.21 -0.22 0.43 20843.00
-3.91 323.61 129.28 0.32 -0.22 0.37 20864.00
-4.70 323.82 128.76 0.43 -0.39 0.40 20884.00
-5.08 324.10 128.40 0.56 -0.58 0.49 20904.00
-5.03 324.29 128.06 0.55 -0.58 0.56 20925.00
-4.78 324.16 127.93 0.60 -0.53 0.54 20945.00
-4.94 324.42 128.03 0.54 -0.48 0.50 20966.00
-5.44 325.03 128.35 0.45 -0.52 0.47 20986.00
-5.80 325.76 128.87 0.32 -0.54 0.48 21008.00
-5.76 326.29 129.36 0.23 -0.44 0.50 21028.00
-6.14 326.89 129.83 0.11 -0.37 0.44 21049.00
-6.71 327.50 130.32 0.03 -0.39 0.42 21069.00
-7.11 328.01 130.84 -0.00 -0.45 0.45 21090.00
-6.92 328.54 131.28 -0.06 -0.40 0.48 21110.00
-6.51 329.03 131.57 -0.14 -0.36 0.43 21131.00
-6.01 328.90 131.90 -0.11 -0.31 0.49 21151.00
-5.86 328.78 132.27 -0.04 -0.39 0.53 21172.00
-5.52 329.20 132.68 -0.06 -0.34 0.48 21192.00
-5.04 329.86 133.08 -0.11 -0.23 0.48 21213.00
-5.16 330.18 133.42 -0.10 -0.24 0.49 21233.00
-5.72 330.43 133.81 -0.03 -0.32 0.47 21254.00
-5.94 331.07 134.25 -0.04 -0.37 0.48 21274.00
-5.79 332.12 134.72 -0.10 -0.29 0.43 21295.00
-5.72 333.03 135.13 -0.14 -0.23 0.39 21315.00
-5.99 333.60 135.53 -0.13 -0.26 0.37 21336.00
-6.15 334.20 135.92 -0.13 -0.29 0.37 21357.00
-5.97 335.03 136.26 -0.16 -0.23 0.32 21378.00
-5.93 335.70 136.55 -0.17 -0.19 0.26 21398.00
-5.94 336.29 136.86 -0.20 -0.19 0.23 21419.00
-5.87 336.30 137.11 -0.19 -0.22 0.31 21439.00
-5.90 336.85 137.36 -0.18 -0.20 0.20 21459.00
-5.38 337.34 137.57 -0.21 -0.17 0.19 21480.00
-4.87 337.67 137.72 -0.23 -0.14 0.19 21500.00
-4.62 337.81 137.85 -0.22 -0.13 0.18 21521.00
-4.32 337.84 137.93 -0.22 -0.13 0.21 21541.00
-4.10 338.17 137.99 -0.25 -0.13 0.20 21562.00
-3.99 338.50 138.01 -0.27 -0.12 0.19 21582.00
-4.17 338.71 138.07 -0.28 -0.15 0.18 21603.00
-3.94 339.10 138.13 -0.32 -0.12 0.19 21623.00
-3.36 339.62 138.13 -0.39 -0.04 0.19 21644.00
-2.86 340.06 138.09 -0.48 0.05 0.14 21665.00
-2.70 340.18 138.01 -0.57 0.09 0.13 21686.00
-2.52 340.12 137.82 -0.63 0.14 0.13 21706.00
-2.44 339.97 137.41 -0.65 0.15 0.16 21727.00
-2.48 339.94 136.83 -0.63 0.09 0.17 21747.00
-2.42 339.62 136.14 -0.55 0.07 0.21 21768.00
-2.71 339.57 135.45 -0.45 -0.03 0.18 21788.00
-3.12 338.91 134.71 -0.33 -0.13 0.21 21809.00
-3.73 337.82 134.03 -0.19 -0.27 0.25 21829.00
-3.49 336.81 133.38 -0.04 -0.33 0.40 21850.00
-3.38 336.01 132.87 0.17 -0.41 0.59 21871.00
-4.03 335.94 132.62 0.30 -0.56 0.65 21892.00
-4.93 336.61 132.67 0.20 -0.63 0.51 21912.00
-5.49 337.62 132.93 0.01 -0.56 0.33 21933.00
-5.17 338.46 133.27 -0.09 -0.36 0.26 21953.00
-4.63 339.29 133.66 -0.17 -0.21 0.24 21974.00
-4.46 340.10 134.05 -0.28 -0.16 0.19 21994.00
-4.62 340.53 134.44 -0.38 -0.16 0.15 22014.00
-4.54 340.90 134.81 -0.45 -0.12 0.13 22035.00
-4.21 341.20 135.09 -0.55 -0.03 0.12 22055.00
-3.88 341.10 135.28 -0.66 0.06 0.13 22076.00
-3.74 340.90 135.33 -0.73 0.11 0.11 22097.00
-3.60 340.64 135.24 -0.78 0.14 0.11 22118.00
-3.45 340.34 135.01 -0.82 0.19 0.12 22138.00
-3.61 340.21 134.65 -0.88 0.15 0.14 22159.00
-3.72 340.04 134.17 -0.74 0.09 0.16 22179.00
-3.72 339.90 133.53 -0.66 0.06 0.17 22200.00
-3.79 339.75 132.83 -0.55 -0.00 0.17 22220.00
-3.76 339.54 132.05 -0.44 -0.04 0.15 22241.00
-4.27 338.81 131.30 -0.27 -0.14 0.14 22261.00
-5.08 337.20 130.58 -0.09 -0.30 0.18 22282.00
-4.48 336.50 129.93 0.03 -0.39 0.30 22303.00
-3.67 335.84 129.41 0.16 -0.33 0.46 22324.00
-4.21 335.37 129.16 0.26 -0.42 0.47 22344.00
-5.31 335.50 129.16 0.21 -0.55 0.34 22365.00
-5.91 335.99 129.36 0.07 -0.49 0.21 22385.00
-5.41 336.90 129.59 -0.09 -0.28 0.15 22406.00
-4.08 337.85 129.74 -0.17 -0.13 0.13 22426.00
-3.21 338.09 129.80 -0.26 -0.06 0.15 22447.00
-3.38 337.65 129.75 -0.27 -0.07 0.15 22467.00
-4.05 337.02 129.61 -0.25 -0.12 0.16 22488.00
-4.34 336.67 129.39 -0.28 -0.14 0.19 22508.00
-4.47 336.33 129.08 -0.30 -0.12 0.22 22530.00
-5.07 335.76 128.77 -0.28 -0.16 0.20 22550.00
-5.72 334.82 128.43 -0.21 -0.19 0.20 22571.00
-5.92 333.96 128.09 -0.20 -0.26 0.29 22591.00
-5.67 333.44 127.72 -0.19 -0.22 0.31 22611.00
-5.53 332.81 127.27 -0.19 -0.18 0.32 22632.00
-5.86 331.88 126.82 -0.14 -0.20 0.33 22652.00
-6.22 330.73 126.29 -0.11 -0.25 0.38 22673.00
-6.60 329.69 125.72 -0.06 -0.34 0.39 22693.00
-6.51 328.66 125.15 0.00 -0.36 0.36 22714.00
-5.76 327.94 124.68 0.01 -0.29 0.42 22734.00
-4.92 327.33 124.15 -0.02 -0.18 0.52 22755.00
-5.03 326.55 123.57 -0.00 -0.21 0.53 22775.00
-5.56 325.67 122.92 0.06 -0.32 0.48 22796.00
-5.66 324.96 122.37 0.11 -0.39 0.47 22816.00
-5.24 324.47 121.85 0.09 -0.33 0.56 22837.00
-5.27 323.90 121.35 0.11 -0.37 0.61 22858.00
-5.47 323.27 120.93 0.15 -0.46 0.62 22879.00
-5.57 322.78 120.59 0.21 -0.52 0.66 22899.00
-5.46 322.37 120.27 0.19 -0.49 0.64 22920.00
-5.42 321.97 120.00 0.18 -0.48 0.62 22940.00
-5.38 321.61 119.81 0.17 -0.47 0.60 22961.00
-5.26 321.32 119.70 0.17 -0.45 0.57 22981.00
-5.01 321.20 119.68 0.12 -0.39 0.55 23002.00
-4.62 321.22 119.65 0.05 -0.27 0.55 23022.00
-4.67 321.16 119.57 0.01 -0.25 0.55 23043.00
-4.83 321.07 119.44 -0.01 -0.26 0.56 23063.00
-4.84 321.08 119.25 -0.06 -0.23 0.62 23084.00
-4.92 321.15 119.01 -0.11 -0.20 0.66 23104.00
-5.14 321.22 118.69 -0.13 -0.21 0.71 23124.00
-5.60 321.19 118.33 -0.05 -0.30 0.69 23145.00
-5.57 321.58 118.00 -0.04 -0.25 0.61 23166.00
-5.62 322.03 117.60 -0.02 -0.17 0.48 23187.00
-6.36 321.98 117.18 0.07 -0.23 0.36 23207.00
-6.69 321.63 116.78 0.24 -0.31 0.30 23228.00
-6.43 321.45 116.45 0.39 -0.34 0.29 23248.00
-6.08 321.44 116.08 0.54 -0.36 0.33 23269.00
-6.00 321.52 115.82 0.65 -0.39 0.34 23289.00
-6.11 321.84 115.72 0.67 -0.44 0.33 23310.00
-6.21 322.22 115.78 0.62 -0.42 0.31 23330.00
-6.54 322.59 115.97 0.47 -0.41 0.25 23351.00
-6.57 322.65 116.21 0.42 -0.37 0.23 23371.00
-6.44 323.06 116.55 0.36 -0.37 0.32 23392.00
-6.00 323.24 116.86 0.24 -0.27 0.33 23412.00
-5.59 323.60 117.16 0.14 -0.22 0.35 23433.00
-5.63 323.96 117.38 0.05 -0.27 0.35 23453.00
-5.47 323.88 117.58 0.04 -0.31 0.37 23474.00
-4.67 324.15 117.75 -0.07 -0.18 0.39 23494.00
-4.13 324.14 117.78 -0.16 -0.09 0.44 23516.00
-4.52 323.83 117.68 -0.20 -0.14 0.49 23536.00
-4.86 323.37 117.51 -0.21 -0.19 0.55 23557.00
-4.81 323.18 117.28 -0.26 -0.13 0.58 23577.00
-4.79 322.95 116.97 -0.28 -0.06 0.60 23598.00
-5.28 322.67 116.63 -0.22 -0.13 0.61 23618.00
-5.83 322.57 116.29 -0.15 -0.24 0.58 23639.00
-5.85 322.65 115.95 -0.08 -0.20 0.55 23659.00
-5.79 322.84 115.48 -0.04 -0.13 0.54 23680.00
-6.50 322.65 114.93 0.08 -0.20 0.44 23700.00
-6.92 322.51 114.41 0.19 -0.24 0.36 23720.00
-7.06 322.51 113.90 0.29 -0.31 0.33 23741.00
-6.90 322.56 113.46 0.42 -0.40 0.41 23761.00
-6.96 322.68 113.03 0.52 -0.50 0.48 23782.00
-7.10 322.69 112.74 0.54 -0.53 0.45 23803.00
-7.44 322.97 112.63 0.47 -0.58 0.47 23824.00
-7.50 323.01 112.81 0.45 -0.52 0.42 23844.00
-7.57 323.42 113.12 0.34 -0.45 0.44 23865.00
-7.52 323.86 113.36 0.21 -0.38 0.48 23885.00
-7.76 324.18 113.58 0.15 -0.40 0.50 23906.00
-8.00 324.58 113.80 0.07 -0.40 0.48 23926.00
-8.21 325.07 114.03 -0.04 -0.39 0.46 23947.00
-8.37 325.16 114.23 -0.07 -0.45 0.45 23967.00
-8.15 325.38 114.38 -0.13 -0.47 0.49 23988.00
-7.74 325.26 114.49 -0.07 -0.41 0.52 24008.00
-7.51 325.39 114.70 -0.08 -0.37 0.52 24029.00
-7.51 325.65 115.00 -0.08 -0.38 0.53 24049.00
-7.57 326.12 115.39 -0.09 -0.35 0.50 24070.00
-7.62 326.50 115.77 -0.08 -0.34 0.50 24090.00
-7.79 326.96 116.19 -0.07 -0.36 0.49 24111.00
-7.94 327.47 116.62 -0.09 -0.36 0.47 24131.00
-8.11 328.00 117.09 -0.10 -0.37 0.47 24152.00
-8.15 328.65 117.57 -0.14 -0.36 0.47 24173.00
-8.25 329.15 118.03 -0.13 -0.34 0.45 24194.00
-8.35 329.74 118.47 -0.14 -0.32 0.41 24214.00
-8.42 330.34 118.92 -0.15 -0.30 0.38 24235.00
-8.45 330.98 119.31 -0.16 -0.28 0.34 24255.00
-8.35 331.57 119.66 -0.18 -0.24 0.32 24275.00
-8.22 332.04 119.94 -0.18 -0.21 0.31 24296.00
-8.44 332.28 120.15 -0.15 -0.20 0.23 24316.00
-8.45 332.56 120.37 -0.20 -0.26 0.26 24337.00
-8.01 332.76 120.58 -0.19 -0.22 0.23 24357.00
-7.22 333.09 120.80 -0.21 -0.16 0.22 24378.00
-6.78 333.25 120.98 -0.22 -0.15 0.22 24398.00
-6.62 333.17 121.15 -0.20 -0.17 0.21 24419.00
-6.33 333.29 121.27 -0.20 -0.17 0.22 24439.00
-6.03 333.55 121.35 -0.19 -0.15 0.21 24460.00
-5.75 333.91 121.41 -0.19 -0.13 0.20 24481.00
-5.64 334.38 121.47 -0.22 -0.13 0.20 24502.00
-5.47 334.82 121.53 -0.24 -0.11 0.18 24522.00
-5.45 335.20 121.59 -0.28 -0.11 0.19 24543.00
-5.36 335.48 121.60 -0.28 -0.10 0.18 24563.00
-5.32 335.66 121.57 -0.32 -0.10 0.20 24584.00
-5.08 335.93 121.53 -0.37 -0.08 0.21 24604.00
-4.73 336.18 121.46 -0.43 -0.01 0.20 24625.00
-4.50 336.25 121.36 -0.50 0.05 0.21 24645.00
-4.46 336.21 121.17 -0.56 0.08 0.24 24666.00
-4.54 336.26 120.86 -0.61 0.07 0.26 24686.00
-4.49 336.29 120.36 -0.61 0.08 0.26 24708.00
-4.49 336.37 119.83 -0.57 0.04 0.25 24728.00
-4.46 336.49 119.20 -0.53 -0.01 0.23 24749.00
-4.42 336.53 118.57 -0.45 -0.07 0.20 24769.00
-4.38 336.23 117.92 -0.35 -0.12 0.21 24790.00
-4.78 335.36 117.34 -0.21 -0.22 0.27 24810.00
-4.92 334.57 116.84 -0.09 -0.32 0.39 24830.00
-5.12 334.27 116.42 0.01 -0.43 0.51 24851.00
-5.46 334.25 116.17 0.09 -0.49 0.56 24871.00
-5.99 334.64 116.18 0.06 -0.50 0.45 24892.00
-6.38 335.36 116.49 -0.03 -0.48 0.33 24912.00
-6.28 336.28 116.98 -0.14 -0.42 0.25 24933.00
-5.56 337.25 117.35 -0.22 -0.26 0.22 24954.00
-4.90 338.07 117.64 -0.31 -0.15 0.19 24975.00
-5.03 338.41 117.92 -0.35 -0.14 0.13 24995.00
-5.26 338.52 118.24 -0.40 -0.15 0.10 25016.00
-5.06 338.81 118.53 -0.49 -0.09 0.10 25036.00
-4.86 338.89 118.74 -0.56 -0.02 0.10 25057.00
-4.45 338.68 118.84 -0.62 0.08 0.09 25077.00
-4.30 338.40 118.81 -0.69 0.15 0.04 25098.00
-4.28 338.13 118.70 -0.75 0.18 0.05 25118.00
-4.37 337.95 118.46 -0.74 0.17 0.05 25139.00
-4.50 337.82 118.08 -0.74 0.13 0.10 25160.00
-4.51 337.70 117.56 -0.71 0.08 0.09 25181.00
-4.33 337.35 117.00 -0.65 0.07 0.12 25201.00
-4.40 337.03 116.36 -0.55 0.01 0.13 25222.00
-4.61 336.64 115.74 -0.45 -0.06 0.16 25242.00
-4.87 335.98 115.07 -0.35 -0.14 0.19 25263.00
-4.92 335.12 114.42 -0.23 -0.18 0.24 25283.00
-4.76 333.85 113.78 -0.09 -0.23 0.36 25304.00
-4.82 332.82 113.30 0.10 -0.31 0.53 25324.00
-5.54 332.58 113.03 0.20 -0.45 0.59 25345.00
-6.47 332.90 112.95 0.15 -0.55 0.48 25365.00
-6.88 333.63 112.95 -0.01 -0.43 0.31 25385.00
-6.58 334.61 112.99 -0.15 -0.25 0.19 25407.00
-5.94 335.55 113.01 -0.22 -0.14 0.11 25427.00
-5.79 335.81 113.01 -0.26 -0.10 0.09 25448.00
-6.36 335.34 112.96 -0.26 -0.16 0.08 25468.00
-6.22 335.37 112.84 -0.29 -0.14 0.09 25489.00
-6.06 335.29 112.67 -0.34 -0.11 0.14 25509.00
-6.55 334.72 112.45 -0.33 -0.15 0.18 25530.00
-7.11 334.11 112.20 -0.30 -0.20 0.22 25550.00
-7.62 333.66 111.96 -0.27 -0.23 0.19 25571.00
-7.42 333.37 111.69 -0.31 -0.20 0.24 25591.00
-7.36 332.95 111.32 -0.34 -0.19 0.28 25613.00
-7.81 332.31 110.96 -0.30 -0.22 0.23 25633.00
-8.00 331.44 110.59 -0.25 -0.24 0.27 25654.00
-7.89 330.77 110.18 -0.23 -0.24 0.31 25674.00
-7.95 330.10 109.70 -0.22 -0.26 0.32 25695.00
-8.04 329.40 109.23 -0.18 -0.28 0.29 25715.00
-7.65 328.52 108.76 -0.14 -0.26 0.35 25736.00
-7.13 327.85 108.24 -0.13 -0.17 0.41 25756.00
-7.49 327.04 107.63 -0.10 -0.25 0.44 25777.00
-7.89 326.37 107.02 -0.07 -0.33 0.40 25797.00
-7.80 325.66 106.39 -0.03 -0.34 0.41 25818.00
-7.48 325.15 105.77 -0.04 -0.33 0.46 25838.00
-7.37 324.45 105.15 -0.02 -0.34 0.45 25859.00
-7.42 323.68 104.61 0.03 -0.37 0.44 25879.00
-7.28 322.98 104.12 0.08 -0.38 0.47 25900.00
-7.13 322.40 103.65 0.09 -0.37 0.51 25920.00
-7.28 321.79 103.13 0.09 -0.39 0.49 25942.00
-7.39 321.14 102.69 0.14 -0.44 0.48 25962.00
-7.20 320.54 102.31 0.18 -0.45 0.54 25982.00
-7.02 319.99 101.93 0.19 -0.41 0.57 26003.00
-7.08 319.60 101.62 0.16 -0.40 0.56 26023.00
-7.36 319.23 101.34 0.16 -0.43 0.52 26044.00
-7.48 318.95 101.13 0.16 -0.43 0.50 26064.00
-7.45 318.82 100.95 0.12 -0.39 0.48 26085.00
-7.43 318.65 100.78 0.10 -0.35 0.47 26105.00
-7.45 318.43 100.61 0.08 -0.33 0.46 26126.00
-7.50 318.21 100.46 0.07 -0.33 0.47 26146.00
-7.34 318.07 100.32 0.04 -0.31 0.52 26167.00
-7.17 317.98 100.16 0.02 -0.28 0.59 26187.00
-7.24 317.87 99.96 0.01 -0.30 0.62 26208.00
-7.30 317.95 99.77 -0.01 -0.32 0.67 26228.00
-7.25 318.21 99.59 -0.02 -0.33 0.66 26249.00
-7.14 318.65 99.43 -0.04 -0.29 0.61 26269.00
-6.97 319.28 99.24 -0.06 -0.23 0.53 26290.00
-7.02 319.72 99.02 -0.00 -0.22 0.45 26310.00
-7.14 320.22 98.78 0.04 -0.25 0.38 26331.00
-6.88 320.49 98.53 0.08 -0.19 0.34 26351.00
-7.07 320.32 98.24 0.19 -0.20 0.29 26372.00
-7.17 320.23 97.95 0.32 -0.26 0.30 26393.00
-7.25 320.33 97.67 0.50 -0.38 0.40 26414.00
-7.27 320.54 97.39 0.55 -0.43 0.46 26434.00
-7.36 320.50 97.19 0.61 -0.47 0.49 26455.00
-7.54 320.50 97.20 0.59 -0.50 0.41 26475.00
-7.54 320.65 97.46 0.45 -0.43 0.31 26496.00
-7.23 320.91 97.77 0.34 -0.34 0.37 26516.00
-7.03 321.03 98.03 0.25 -0.30 0.36 26536.00
-6.79 320.84 98.15 0.20 -0.24 0.34 26557.00
-6.82 320.78 98.25 0.14 -0.27 0.37 26577.00
-6.80 320.68 98.32 0.07 -0.28 0.38 26598.00
-7.09 320.56 98.39 0.01 -0.31 0.33 26618.00
-6.72 320.51 98.43 -0.08 -0.25 0.39 26639.00
-6.29 320.34 98.39 -0.17 -0.17 0.46 26659.00
-6.30 319.83 98.22 -0.21 -0.14 0.54 26680.00
-6.58 319.27 97.95 -0.23 -0.16 0.62 26700.00
-6.79 318.91 97.58 -0.24 -0.14 0.61 26721.00
-7.08 318.51 97.17 -0.19 -0.17 0.62 26741.00
-7.47 318.43 96.77 -0.11 -0.23 0.57 26762.00
-7.43 318.71 96.38 -0.07 -0.18 0.50 26782.00
-7.27 318.92 95.83 -0.02 -0.12 0.45 26803.00
-7.62 318.61 95.25 0.10 -0.16 0.41 26823.00
-8.20 318.30 94.70 0.28 -0.34 0.43 26844.00
-8.13 318.17 94.24 0.43 -0.36 0.45 26864.00
-8.29 318.31 93.85 0.43 -0.33 0.40 26885.00
-8.73 318.39 93.59 0.49 -0.37 0.39 26905.00
-9.56 318.91 93.52 0.60 -0.69 0.45 26926.00
-9.68 319.50 93.68 0.54 -0.74 0.46 26946.00
-9.41 319.63 94.00 0.43 -0.50 0.44 26967.00
-9.39 320.02 94.37 0.32 -0.39 0.48 26987.00
-9.97 320.59 94.83 0.22 -0.44 0.49 27008.00
-10.38 321.03 95.35 0.19 -0.52 0.51 27028.00
-10.48 321.61 95.89 0.11 -0.47 0.50 27048.00
-10.53 322.25 96.40 0.02 -0.39 0.49 27069.00
-10.96 322.77 96.77 -0.05 -0.44 0.44 27089.00
-11.02 322.83 97.14 0.01 -0.43 0.38 27110.00
-10.61 323.40 97.64 -0.06 -0.41 0.47 27130.00
-10.45 324.01 98.23 -0.08 -0.37 0.43 27151.00
-10.21 324.75 98.76 -0.14 -0.30 0.40 27171.00
-10.24 325.27 99.28 -0.13 -0.28 0.38 27193.00
-10.21 325.78 99.71 -0.14 -0.29 0.40 27213.00
-10.26 326.39 100.17 -0.16 -0.29 0.37 27234.00
-10.01 327.02 100.60 -0.18 -0.25 0.35 27254.00
-9.90 327.51 101.03 -0.19 -0.26 0.33 27275.00
-9.64 328.01 101.40 -0.22 -0.25 0.34 27295.00
-9.50 328.38 101.70 -0.20 -0.24 0.34 27316.00
-9.41 328.89 101.95 -0.21 -0.24 0.33 27336.00
-9.40 329.42 102.18 -0.22 -0.23 0.31 27357.00
-9.51 329.84 102.41 -0.21 -0.26 0.29 27377.00
-9.21 330.46 102.66 -0.25 -0.24 0.27 27398.00
-8.80 330.91 102.88 -0.27 -0.21 0.26 27418.00
-8.28 331.12 103.03 -0.28 -0.17 0.26 27439.00
-7.89 331.10 103.11 -0.27 -0.15 0.28 27459.00
-7.80 331.13 103.17 -0.27 -0.18 0.28 27480.00
-7.62 331.22 103.25 -0.25 -0.17 0.28 27501.00
-7.45 331.44 103.34 -0.24 -0.17 0.28 27522.00
-7.41 331.81 103.44 -0.24 -0.19 0.25 27542.00
-7.16 332.29 103.55 -0.25 -0.18 0.22 27563.00
-6.63 332.67 103.63 -0.25 -0.14 0.22 27583.00
-6.37 332.99 103.70 -0.25 -0.11 0.20 27603.00
-6.31 333.37 103.78 -0.26 -0.11 0.17 27624.00
-6.30 333.77 103.87 -0.28 -0.12 0.14 27644.00
-6.04 334.21 103.92 -0.30 -0.10 0.11 27665.00
-5.47 334.69 103.93 -0.37 -0.05 0.09 27685.00
-4.75 334.92 103.85 -0.48 0.05 0.06 27706.00
-4.37 334.59 103.68 -0.57 0.13 0.02 27726.00
-4.31 334.30 103.41 -0.63 0.14 0.03 27748.00
-4.31 333.99 103.04 -0.63 0.14 0.09 27768.00
-4.31 333.71 102.53 -0.63 0.14 0.19 27789.00
-4.52 333.52 101.94 -0.56 0.08 0.20 27809.00
-4.60 333.03 101.23 -0.46 0.00 0.26 27830.00
-4.72 332.70 100.54 -0.36 -0.05 0.26 27850.00
-4.93 332.13 99.80 -0.27 -0.10 0.31 27871.00
-5.39 331.12 99.14 -0.13 -0.18 0.37 27891.00
-6.07 330.17 98.59 0.04 -0.33 0.49 27912.00
-6.70 330.02 98.25 0.16 -0.50 0.58 27932.00
-7.21 330.52 98.09 0.14 -0.56 0.56 27953.00
-7.69 331.35 98.13 -0.00 -0.50 0.40 27973.00
-7.82 332.12 98.32 -0.11 -0.40 0.28 27994.00
-7.68 332.78 98.60 -0.18 -0.30 0.22 28014.00
-7.57 333.23 98.95 -0.20 -0.21 0.20 28035.00
-7.69 333.75 99.31 -0.30 -0.22 0.16 28055.00
-7.46 334.33 99.67 -0.38 -0.17 0.14 28076.00
-7.29 334.72 100.01 -0.45 -0.12 0.13 28097.00
-7.14 334.91 100.31 -0.50 -0.06 0.13 28118.00
-7.08 334.82 100.55 -0.54 -0.03 0.16 28138.00
-7.02 334.76 100.69 -0.59 0.01 0.17 28158.00
-7.03 334.63 100.80 -0.63 0.08 0.17 28179.00
-7.20 334.69 100.84 -0.68 0.08 0.17 28199.00
-6.97 334.69 100.69 -0.74 0.16 0.11 28220.00
-6.87 334.65 100.44 -0.77 0.17 0.09 28240.00
-6.73 334.56 100.03 -0.74 0.13 0.09 28261.00
-6.63 334.48 99.49 -0.67 0.08 0.08 28282.00
-6.43 334.23 98.86 -0.58 0.08 0.10 28303.00
-6.59 333.92 98.24 -0.52 0.02 0.16 28323.00
-6.97 333.65 97.55 -0.41 -0.08 0.13 28344.00
-7.37 332.69 96.91 -0.29 -0.16 0.17 28364.00
-7.57 331.25 96.29 -0.14 -0.24 0.26 28385.00
-7.26 330.08 95.74 0.03 -0.30 0.40 28405.00
-7.11 329.55 95.28 0.13 -0.31 0.52 28426.00
-7.80 329.35 95.06 0.21 -0.45 0.54 28446.00
-8.58 329.76 95.01 0.13 -0.50 0.42 28467.00
-9.00 330.48 95.12 -0.02 -0.40 0.29 28487.00
-8.67 331.54 95.27 -0.16 -0.25 0.19 28508.00
-7.96 332.54 95.41 -0.26 -0.15 0.12 28528.00
-7.57 332.93 95.53 -0.31 -0.08 0.08 28549.00
-7.79 332.64 95.59 -0.29 -0.07 0.07 28569.00
-8.15 332.26 95.55 -0.35 -0.10 0.09 28590.00
-8.41 332.10 95.41 -0.38 -0.10 0.09 28610.00
-8.91 331.66 95.19 -0.36 -0.12 0.08 28631.00
-9.55 330.77 94.93 -0.30 -0.16 0.12 28651.00
-9.62 330.15 94.55 -0.32 -0.15 0.19 28673.00
-9.60 329.56 94.10 -0.34 -0.13 0.25 28693.00
-10.20 328.70 93.58 -0.27 -0.17 0.22 28713.00
-10.80 327.59 93.04 -0.20 -0.24 0.24 28734.00
-10.68 327.01 92.51 -0.21 -0.25 0.31 28754.00
-10.65 326.36 91.91 -0.20 -0.27 0.34 28775.00
-10.86 325.54 91.31 -0.14 -0.30 0.33 28795.00
-11.07 324.60 90.71 -0.07 -0.33 0.32 28816.00
-10.73 324.17 90.14 -0.12 -0.32 0.40 28836.00
-10.69 323.41 89.50 -0.10 -0.30 0.42 28857.00
-10.92 322.42 88.87 -0.00 -0.34 0.42 28877.00
-10.74 321.69 88.22 0.02 -0.35 0.46 28898.00
-10.39 321.17 87.52 0.00 -0.31 0.52 28918.00
-10.49 320.52 86.77 0.02 -0.35 0.50 28939.00
-10.70 319.78 86.13 0.09 -0.44 0.49 28959.00
-10.69 319.36 85.57 0.11 -0.48 0.51 28980.00
-10.49 318.96 85.04 0.11 -0.44 0.51 29001.00
-10.48 318.47 84.54 0.13 -0.46 0.51 29022.00
-10.54 317.86 84.12 0.19 -0.51 0.52 29042.00
-10.57 317.33 83.76 0.20 -0.50 0.50 29063.00
-10.68 316.99 83.50 0.17 -0.48 0.47 29083.00
-10.83 316.65 83.30 0.14 -0.50 0.43 29104.00
-10.85 316.31 83.17 0.12 -0.48 0.39 29124.00
-10.62 315.96 83.13 0.10 -0.44 0.40 29145.00
-10.07 315.78 83.09 0.04 -0.34 0.49 29165.00
-9.88 315.52 82.99 0.00 -0.30 0.55 29186.00
-9.74 315.45 82.84 -0.06 -0.27 0.61 29206.00
-9.60 315.37 82.57 -0.11 -0.23 0.70 29227.00
-9.72 315.22 82.23 -0.08 -0.26 0.75 29247.00
-9.63 315.44 81.88 -0.08 -0.22 0.69 29267.00
-9.60 315.93 81.48 -0.08 -0.17 0.59 29288.00
-9.66 316.35 81.04 -0.05 -0.15 0.49 29308.00
-9.86 316.49 80.46 0.03 -0.17 0.39 29329.00
-10.06 316.10 79.90 0.16 -0.23 0.36 29349.00
-10.00 315.72 79.35 0.32 -0.25 0.34 29370.00
-10.04 315.54 78.90 0.53 -0.32 0.38 29390.00
-10.42 315.75 78.57 0.72 -0.53 0.44 29411.00
-10.46 316.04 78.36 0.75 -0.55 0.43 29432.00
-10.35 316.35 78.32 0.69 -0.45 0.41 29453.00
-10.60 316.49 78.45 0.56 -0.39 0.24 29473.00
-10.91 316.85 78.71 0.42 -0.38 0.19 29494.00
-10.92 317.11 79.04 0.32 -0.37 0.21 29514.00
-10.44 317.08 79.40 0.26 -0.30 0.25 29535.00
-10.26 317.22 79.73 0.16 -0.28 0.26 29555.00
-9.79 317.31 80.11 0.11 -0.25 0.31 29576.00
-9.24 317.58 80.42 0.00 -0.23 0.39 29596.00
-8.55 317.61 80.57 -0.11 -0.15 0.47 29617.00
-8.14 317.24 80.51 -0.20 -0.07 0.58 29637.00
-8.34 316.72 80.22 -0.24 -0.09 0.67 29658.00
-8.68 316.45 79.84 -0.24 -0.12 0.67 29678.00
-9.05 316.28 79.40 -0.19 -0.15 0.64 29699.00
-9.48 316.39 78.99 -0.13 -0.20 0.57 29719.00
-9.62 316.73 78.57 -0.09 -0.16 0.47 29740.00
-10.00 316.89 78.10 -0.02 -0.14 0.36 29760.00
-10.52 316.45 77.56 0.12 -0.23 0.36 29780.00
-10.66 316.03 77.00 0.32 -0.31 0.37 29801.00
-10.80 316.03 76.55 0.52 -0.45 0.49 29821.00
-10.95 316.15 76.18 0.57 -0.51 0.48 29843.00
-11.05 316.24 76.02 0.59 -0.53 0.46 29863.00
-11.24 316.58 76.10 0.54 -0.54 0.42 29884.00
-11.32 317.07 76.31 0.37 -0.43 0.39 29904.00
-11.42 317.57 76.57 0.26 -0.39 0.39 29925.00
-11.29 317.94 76.85 0.21 -0.34 0.45 29945.00
-11.37 318.41 77.14 0.14 -0.34 0.50 29966.00
-11.63 319.02 77.43 0.04 -0.37 0.54 29986.00
-11.92 319.58 77.74 -0.03 -0.41 0.54 30007.00
-12.06 319.99 78.01 -0.05 -0.44 0.56 30027.00
-12.09 320.38 78.28 -0.07 -0.45 0.55 30048.00
-11.96 320.69 78.51 -0.07 -0.42 0.52 30068.00
-11.56 320.83 78.67 -0.06 -0.42 0.52 30089.00
-11.09 320.65 78.90 -0.01 -0.34 0.54 30109.00
-10.83 320.95 79.18 -0.04 -0.31 0.52 30130.00
-10.84 321.20 79.47 -0.02 -0.31 0.50 30150.00
-10.91 321.71 79.82 -0.04 -0.33 0.46 30171.00
-10.76 322.45 80.19 -0.10 -0.31 0.49 30192.00
-10.75 322.96 80.57 -0.09 -0.28 0.46 30213.00
-10.82 323.48 80.94 -0.08 -0.30 0.48 30233.00
-10.92 324.16 81.32 -0.09 -0.29 0.45 30254.00
-10.93 324.91 81.67 -0.12 -0.26 0.42 30274.00
-10.99 325.70 82.02 -0.15 -0.24 0.39 30295.00
-11.27 326.30 82.35 -0.15 -0.26 0.36 30315.00
-11.38 326.96 82.68 -0.17 -0.28 0.35 30336.00
-11.11 327.73 82.94 -0.20 -0.23 0.31 30356.00
-10.89 328.28 83.14 -0.20 -0.18 0.28 30376.00
-11.06 328.60 83.32 -0.21 -0.22 0.26 30397.00
-11.01 328.99 83.48 -0.23 -0.25 0.23 30417.00
-10.63 329.22 83.63 -0.21 -0.20 0.22 30438.00
-10.16 329.43 83.72 -0.21 -0.17 0.23 30458.00
-9.96 329.60 83.81 -0.19 -0.15 0.21 30479.00
-9.99 329.84 83.94 -0.21 -0.18 0.20 30499.00
-9.84 330.20 84.06 -0.22 -0.17 0.19 30520.00
-9.38 330.68 84.17 -0.23 -0.11 0.19 30540.00
-9.22 331.18 84.28 -0.24 -0.08 0.17 30561.00
-9.61 331.52 84.37 -0.26 -0.12 0.14 30582.00
-9.58 331.94 84.43 -0.30 -0.13 0.12 30603.00
-9.20 332.37 84.48 -0.35 -0.07 0.13 30623.00
-9.08 332.54 84.52 -0.40 -0.03 0.14 30644.00
-9.10 332.63 84.52 -0.46 -0.00 0.15 30664.00
-9.08 332.68 84.46 -0.55 0.02 0.15 30685.00
-8.82 332.61 84.27 -0.59 0.09 0.13 30705.00
-8.64 332.33 83.93 -0.65 0.14 0.17 30726.00
-8.58 332.25 83.45 -0.65 0.12 0.19 30746.00
-8.70 332.15 82.84 -0.62 0.05 0.22 30767.00
-8.71 332.08 82.18 -0.54 -0.02 0.21 30787.00
-8.66 331.79 81.49 -0.43 -0.08 0.21 30808.00
-8.96 331.05 80.84 -0.28 -0.17 0.24 30828.00
-9.18 330.14 80.21 -0.16 -0.29 0.33 30849.00
-8.87 329.49 79.65 -0.03 -0.36 0.47 30869.00
-8.83 329.15 79.21 0.10 -0.42 0.58 30889.00
-9.35 329.35 78.98 0.15 -0.52 0.61 30910.00
-10.03 329.91 79.02 0.11 -0.58 0.49 30930.00
-10.38 330.81 79.31 -0.00 -0.48 0.33 30952.00
-10.00 331.78 79.67 -0.13 -0.33 0.29 30972.00
-9.64 332.53 80.04 -0.20 -0.21 0.25 30993.00
-9.75 333.02 80.44 -0.27 -0.18 0.19 31013.00
-9.77 333.49 80.87 -0.35 -0.16 0.14 31034.00
-9.22 334.09 81.26 -0.49 -0.06 0.12 31054.00
-8.77 334.16 81.58 -0.62 0.06 0.10 31075.00
-8.55 333.89 81.76 -0.72 0.16 0.07 31095.00
-8.52 333.61 81.77 -0.79 0.21 0.05 31116.00
-8.61 333.37 81.61 -0.83 0.24 0.05 31136.00
-8.85 333.25 81.28 -0.78 0.18 0.04 31157.00
-9.11 333.30 80.82 -0.71 0.08 0.06 31177.00
-9.04 333.26 80.24 -0.66 0.04 0.06 31198.00
-8.91 332.70 79.68 -0.62 0.06 0.15 31218.00
-9.16 332.39 78.99 -0.51 -0.03 0.16 31239.00
-9.40 331.95 78.31 -0.39 -0.09 0.15 31259.00
-9.42 331.12 77.58 -0.26 -0.11 0.20 31281.00
-9.48 330.10 76.95 -0.16 -0.16 0.26 31301.00
-9.63 329.17 76.31 -0.06 -0.26 0.32 31322.00
-9.23 328.29 75.74 0.08 -0.29 0.46 31342.00
-9.39 327.83 75.26 0.22 -0.35 0.56 31363.00
-10.18 327.79 75.00 0.29 -0.47 0.54 31383.00
-11.26 328.57 74.98 0.12 -0.53 0.38 31404.00
-11.79 329.62 75.10 -0.09 -0.46 0.21 31424.00
-11.24 330.42 75.24 -0.19 -0.30 0.12 31444.00
-10.38 330.96 75.38 -0.23 -0.16 0.10 31465.00
-10.41 330.82 75.49 -0.25 -0.15 0.09 31485.00
-10.64 330.57 75.57 -0.30 -0.16 0.08 31506.00
-10.79 330.42 75.57 -0.34 -0.15 0.11 31526.00
-10.82 330.29 75.50 -0.35 -0.12 0.12 31547.00
-10.88 329.90 75.34 -0.32 -0.09 0.14 31567.00
-11.13 329.25 75.07 -0.33 -0.11 0.18 31589.00
-11.50 328.56 74.77 -0.34 -0.17 0.19 31609.00
-11.58 327.74 74.39 -0.30 -0.18 0.22 31630.00
-11.61 326.65 73.98 -0.22 -0.18 0.26 31650.00
-11.44 325.73 73.51 -0.19 -0.16 0.31 31671.00
-11.61 325.05 72.99 -0.21 -0.22 0.40 31691.00
-12.10 324.22 72.40 -0.17 -0.31 0.42 31712.00
-12.37 323.46 71.89 -0.08 -0.38 0.41 31732.00
-11.90 323.17 71.36 -0.10 -0.30 0.44 31753.00
-12.04 322.78 70.85 -0.10 -0.32 0.42 31773.00
-12.30 322.11 70.36 -0.08 -0.42 0.39 31794.00
-11.89 321.50 69.94 -0.06 -0.36 0.40 31814.00
-11.38 320.97 69.48 -0.08 -0.26 0.46 31835.00
-11.73 320.00 69.00 -0.01 -0.34 0.49 31856.00
-12.06 319.18 68.58 0.07 -0.46 0.48 31877.00
-11.61 318.65 68.20 0.08 -0.38 0.52 31897.00
-11.16 318.21 67.75 0.05 -0.29 0.55 31918.00
-11.28 317.66 67.30 0.08 -0.34 0.54 31938.00
-11.43 317.11 66.86 0.12 -0.43 0.55 31959.00
-11.30 316.79 66.50 0.11 -0.41 0.55 31979.00
-11.29 316.61 66.16 0.06 -0.37 0.53 32000.00
-11.50 316.38 65.86 0.05 -0.42 0.54 32020.00
-11.67 316.07 65.59 0.06 -0.46 0.53 32040.00
-11.67 315.80 65.38 0.06 -0.47 0.52 32061.00
-11.31 315.74 65.24 -0.00 -0.35 0.56 32081.00
-11.38 315.66 65.07 -0.06 -0.31 0.57 32102.00
-11.66 315.50 64.88 -0.10 -0.32 0.59 32122.00
-11.77 315.38 64.65 -0.14 -0.28 0.60 32143.00
-11.67 315.61 64.38 -0.23 -0.21 0.57 32163.00
-11.63 315.59 63.99 -0.24 -0.17 0.62 32184.00
-11.87 315.67 63.50 -0.19 -0.18 0.51 32205.00
-12.12 315.64 62.97 -0.11 -0.21 0.41 32226.00
-11.88 315.52 62.34 -0.04 -0.18 0.35 32246.00
-11.75 314.58 61.65 0.13 -0.20 0.31 32267.00
-11.49 313.74 61.07 0.51 -0.43 0.45 32287.00
-10.85 313.64 60.68 0.70 -0.44 0.50 32308.00
-10.48 313.80 60.47 0.69 -0.35 0.49 32328.00
-10.73 313.96 60.38 0.69 -0.35 0.46 32349.00
-11.33 314.29 60.44 0.70 -0.49 0.38 32369.00
-11.56 314.75 60.67 0.58 -0.46 0.28 32390.00
-11.51 314.96 61.03 0.46 -0.39 0.21 32410.00
-11.32 315.01 61.39 0.36 -0.30 0.19 32431.00
-11.26 315.13 61.76 0.31 -0.31 0.22 32451.00
-10.82 315.12 62.28 0.24 -0.26 0.25 32473.00
-10.24 315.56 62.73 0.11 -0.18 0.33 32493.00
-10.40 315.76 63.12 0.03 -0.22 0.34 32514.00
-9.92 316.01 63.40 -0.09 -0.19 0.40 32534.00
-8.83 316.02 63.46 -0.26 0.03 0.56 32555.00
-8.89 315.52 63.23 -0.34 0.11 0.70 32575.00
-9.48 315.20 62.79 -0.34 0.05 0.67 32595.00
-10.40 314.90 62.26 -0.25 -0.09 0.67 32616.00
-10.98 315.07 61.78 -0.18 -0.16 0.57 32636.00
-11.07 315.27 61.24 -0.11 -0.11 0.48 32657.00
-11.36 314.91 60.65 0.03 -0.13 0.48 32677.00
-12.17 314.29 60.04 0.33 -0.42 0.58 32698.00
-12.22 314.34 59.66 0.46 -0.56 0.57 32718.00
-11.72 314.41 59.50 0.46 -0.47 0.54 32739.00
-11.55 314.46 59.47 0.48 -0.44 0.58 32759.00
-11.89 314.53 59.60 0.55 -0.54 0.55 32780.00
-12.20 314.86 59.93 0.45 -0.58 0.44 32800.00
-11.94 315.14 60.40 0.32 -0.46 0.43 32821.00
-11.60 315.47 60.84 0.23 -0.35 0.51 32841.00
-11.89 315.86 61.34 0.17 -0.35 0.54 32863.00
-12.40 316.51 61.84 0.07 -0.39 0.55 32883.00
-12.82 317.13 62.33 -0.02 -0.43 0.54 32904.00
-12.77 317.66 62.76 -0.09 -0.35 0.56 32924.00
-13.02 318.09 63.13 -0.09 -0.34 0.55 32945.00
-13.43 318.51 63.47 -0.08 -0.43 0.52 32965.00
-13.31 319.03 63.76 -0.12 -0.51 0.51 32986.00
-12.47 319.36 64.00 -0.12 -0.40 0.51 33006.00
-11.95 319.30 64.37 -0.04 -0.35 0.45 33027.00
-11.27 319.85 64.69 -0.05 -0.28 0.47 33047.00
-10.99 320.42 65.03 -0.05 -0.26 0.45 33068.00
-10.98 321.20 65.37 -0.06 -0.26 0.41 33088.00
-10.60 322.20 65.66 -0.12 -0.19 0.42 33108.00
-10.57 323.03 65.95 -0.12 -0.16 0.38 33129.00
-10.71 323.80 66.21 -0.13 -0.17 0.36 33149.00
-10.79 324.82 66.48 -0.16 -0.16 0.33 33171.00
-10.97 325.66 66.70 -0.18 -0.16 0.30 33191.00
-11.23 326.33 66.89 -0.19 -0.18 0.27 33212.00
-11.44 326.95 67.06 -0.21 -0.20 0.24 33232.00
-11.71 327.39 67.26 -0.23 -0.25 0.20 33253.00
-11.34 327.81 67.46 -0.22 -0.20 0.20 33273.00
-10.85 328.10 67.66 -0.22 -0.16 0.21 33294.00
-10.37 328.35 67.82 -0.25 -0.13 0.23 33314.00
-9.95 328.50 67.95 -0.26 -0.10 0.24 33335.00
-10.01 328.42 68.06 -0.24 -0.13 0.25 33355.00
-10.00 328.59 68.16 -0.23 -0.14 0.23 33376.00
-9.76 328.93 68.24 -0.24 -0.12 0.22 33396.00
-9.52 329.30 68.33 -0.26 -0.09 0.21 33417.00
-9.56 329.73 68.42 -0.29 -0.10 0.19 33437.00
-9.39 330.32 68.50 -0.32 -0.06 0.16 33458.00
-9.27 330.84 68.55 -0.36 -0.03 0.12 33478.00
-8.95 331.11 68.55 -0.43 0.03 0.10 33499.00
-8.77 331.34 68.48 -0.52 0.06 0.06 33519.00
-8.50 331.39 68.31 -0.64 0.07 0.02 33541.00
-7.83 330.91 68.03 -0.69 0.17 0.05 33561.00
-7.56 330.53 67.64 -0.68 0.16 0.11 33582.00
-7.39 330.13 67.18 -0.61 0.12 0.16 33602.00
-7.14 329.45 66.60 -0.52 0.10 0.23 33623.00
-7.15 328.77 65.97 -0.38 0.02 0.28 33643.00
-7.38 327.84 65.30 -0.24 -0.07 0.33 33664.00
-7.69 326.85 64.70 -0.11 -0.18 0.42 33684.00
-7.78 326.05 64.16 0.04 -0.30 0.56 33704.00
-7.84 325.69 63.68 0.17 -0.36 0.68 33725.00
-8.48 325.85 63.41 0.18 -0.43 0.63 33745.00
-9.41 326.58 63.39 0.07 -0.50 0.47 33766.00
-9.89 327.40 63.55 -0.03 -0.48 0.37 33786.00
-9.88 328.35 63.84 -0.12 -0.34 0.29 33807.00
-9.44 329.60 64.19 -0.26 -0.20 0.22 33827.00
-9.62 330.21 64.64 -0.34 -0.19 0.16 33848.00
-9.49 330.61 65.09 -0.42 -0.17 0.12 33868.00
-8.62 331.20 65.49 -0.52 -0.02 0.09 33889.00
-7.92 330.85 65.79 -0.65 0.15 0.06 33909.00
-7.55 330.25 65.98 -0.78 0.29 0.05 33930.00
-7.50 329.73 65.96 -0.82 0.34 0.07 33950.00
-7.63 329.36 65.72 -0.79 0.32 0.11 33971.00
-7.74 329.11 65.25 -0.70 0.24 0.16 33992.00
-7.65 328.68 64.62 -0.63 0.22 0.24 34013.00
-7.79 328.42 63.94 -0.52 0.12 0.25 34033.00
-7.99 328.10 63.18 -0.39 0.03 0.25 34054.00
-8.63 327.25 62.45 -0.22 -0.11 0.26 34074.00
-8.90 326.04 61.71 -0.06 -0.20 0.35 34095.00
-8.79 325.28 61.09 0.09 -0.27 0.49 34115.00
-9.17 324.91 60.58 0.15 -0.33 0.50 34136.00
-10.01 324.73 60.31 0.17 -0.44 0.40 34156.00
-10.78 325.00 60.25 0.10 -0.47 0.25 34177.00
-10.93 325.90 60.33 -0.07 -0.34 0.14 34197.00
-9.37 327.40 60.42 -0.17 -0.10 0.08 34217.00
-8.61 327.64 60.44 -0.19 -0.02 0.06 34238.00
-9.56 326.65 60.44 -0.22 -0.10 0.06 34258.00
-9.83 325.65 60.35 -0.23 -0.13 0.12 34279.00
-9.77 324.77 60.17 -0.20 -0.10 0.17 34299.00
-9.37 323.91 59.88 -0.25 -0.04 0.29 34320.00
-9.86 323.13 59.49 -0.27 -0.06 0.37 34340.00
-11.16 322.17 58.99 -0.20 -0.19 0.35 34362.00
-12.00 321.34 58.50 -0.11 -0.26 0.34 34382.00
-12.23 321.16 57.98 -0.15 -0.29 0.38 34403.00
-12.31 320.82 57.45 -0.15 -0.27 0.38 34423.00
-12.36 319.73 56.88 -0.08 -0.24 0.46 34444.00
-13.00 318.87 56.35 -0.03 -0.33 0.41 34464.00
-12.98 318.16 55.77 -0.04 -0.35 0.45 34485.00
-12.89 317.37 55.23 -0.02 -0.36 0.46 34505.00
-12.68 316.34 54.67 0.05 -0.33 0.47 34526.00
-12.55 315.40 54.20 0.11 -0.37 0.55 34546.00
-12.66 314.63 53.80 0.15 -0.43 0.58 34567.00
-12.76 313.99 53.48 0.17 -0.44 0.55 34587.00
-12.85 313.50 53.15 0.12 -0.41 0.50 34608.00
-12.91 312.84 52.82 0.12 -0.41 0.49 34628.00
-12.89 312.09 52.46 0.15 -0.40 0.51 34649.00
-12.90 311.51 52.12 0.15 -0.40 0.52 34669.00
-12.81 310.98 51.75 0.12 -0.35 0.53 34691.00
-12.79 310.53 51.41 0.10 -0.30 0.54 34711.00
-13.12 309.99 51.05 0.12 -0.36 0.54 34732.00
-13.32 309.57 50.76 0.16 -0.43 0.54 34752.00
-13.07 309.33 50.54 0.16 -0.38 0.57 34772.00
-12.76 309.30 50.34 0.11 -0.28 0.62 34793.00
-12.96 309.25 50.13 0.08 -0.28 0.64 34813.00
-13.48 309.26 49.91 0.05 -0.36 0.63 34834.00
-13.64 309.23 49.72 0.05 -0.36 0.63 34854.00
-13.63 309.37 49.54 0.03 -0.32 0.62 34875.00
-13.59 309.61 49.36 0.00 -0.27 0.57 34895.00
-13.72 309.87 49.17 -0.00 -0.26 0.50 34916.00
-13.76 310.07 48.97 0.03 -0.25 0.47 34936.00
-13.57 310.27 48.72 0.06 -0.21 0.42 34957.00
-13.40 310.28 48.35 0.14 -0.19 0.42 34978.00
-13.46 310.21 47.93 0.25 -0.26 0.41 34999.00
-13.33 310.08 47.50 0.34 -0.26 0.35 35019.00
-13.40 310.20 47.08 0.55 -0.41 0.42 35040.00
-13.34 310.35 46.79 0.74 -0.55 0.45 35060.00
-12.96 310.24 46.63 0.86 -0.52 0.37 35081.00
-12.72 310.23 46.59 0.74 -0.40 0.24 35101.00
-12.91 310.32 46.67 0.54 -0.37 0.15 35122.00
-13.08 310.20 46.92 0.45 -0.36 0.15 35142.00
-13.37 310.37 47.37 0.31 -0.33 0.22 35163.00
-13.91 311.05 47.90 0.12 -0.30 0.18 35183.00
-12.84 311.68 48.27 -0.03 -0.20 0.39 35204.00
-12.21 311.90 48.39 -0.16 -0.12 0.45 35224.00
-11.62 311.69 48.33 -0.23 -0.06 0.53 35245.00
-11.23 311.25 48.08 -0.26 -0.01 0.59 35266.00
-11.26 310.82 47.68 -0.22 -0.01 0.61 35287.00
-11.79 310.24 47.21 -0.12 -0.12 0.65 35307.00
-12.18 310.10 46.70 -0.07 -0.17 0.62 35328.00
-12.18 310.23 46.23 -0.02 -0.12 0.58 35348.00
-12.33 310.34 45.66 0.03 -0.08 0.49 35368.00
-13.14 310.16 45.00 0.14 -0.17 0.40 35389.00
-13.74 309.80 44.39 0.33 -0.31 0.38 35409.00
-13.68 309.59 43.81 0.55 -0.45 0.41 35430.00
-13.40 309.53 43.41 0.68 -0.49 0.45 35450.00
-13.43 309.76 43.25 0.67 -0.51 0.49 35471.00
-13.55 309.95 43.28 0.63 -0.47 0.49 35491.00
-13.87 310.44 43.49 0.50 -0.49 0.43 35512.00
-13.77 310.90 43.74 0.39 -0.40 0.44 35532.00
-13.76 311.43 44.02 0.28 -0.33 0.44 35554.00
-13.95 312.05 44.26 0.18 -0.30 0.46 35574.00
-14.41 312.71 44.48 0.08 -0.34 0.45 35595.00
-14.66 313.03 44.67 0.06 -0.36 0.45 35615.00
-14.88 313.34 44.90 0.06 -0.40 0.47 35636.00
-14.87 313.76 45.13 0.03 -0.41 0.50 35656.00
-14.94 314.08 45.40 0.01 -0.43 0.46 35677.00
-14.49 314.17 45.66 0.03 -0.39 0.48 35697.00
-14.04 314.19 45.97 0.02 -0.34 0.49 35718.00
-13.80 314.19 46.36 0.03 -0.33 0.48 35738.00
-13.66 314.42 46.76 0.03 -0.31 0.48 35759.00
-13.74 314.77 47.16 0.05 -0.29 0.45 35779.00
-13.72 315.43 47.59 0.03 -0.28 0.45 35800.00
-13.75 316.38 48.00 -0.05 -0.24 0.43 35820.00
-14.03 317.19 48.41 -0.08 -0.25 0.41 35841.00
-14.39 317.82 48.81 -0.07 -0.30 0.39 35861.00
-14.42 318.65 49.19 -0.08 -0.28 0.37 35881.00
-14.15 319.71 49.57 -0.14 -0.20 0.36 35903.00
-14.49 320.42 49.84 -0.17 -0.24 0.36 35923.00
-14.93 320.92 50.13 -0.15 -0.29 0.33 35944.00
-14.92 321.60 50.42 -0.16 -0.25 0.29 35964.00
-14.70 322.25 50.72 -0.19 -0.20 0.29 35985.00
-14.75 322.64 50.95 -0.20 -0.21 0.29 36005.00
-15.02 322.71 51.17 -0.17 -0.28 0.28 36026.00
-14.60 323.00 51.33 -0.17 -0.25 0.28 36046.00
-13.86 323.42 51.46 -0.20 -0.16 0.28 36067.00
-13.73 323.58 51.60 -0.21 -0.17 0.27 36087.00
-13.74 323.47 51.74 -0.18 -0.20 0.27 36108.00
-13.63 323.54 51.89 -0.15 -0.21 0.25 36128.00
-12.77 324.29 52.02 -0.20 -0.14 0.24 36149.00
-12.15 325.05 52.10 -0.26 -0.09 0.21 36169.00
-11.71 325.82 52.14 -0.33 -0.05 0.18 36190.00
-11.35 326.47 52.13 -0.40 -0.01 0.14 36211.00
-11.00 326.74 52.01 -0.52 0.06 0.15 36232.00
-10.77 326.92 51.79 -0.59 0.09 0.14 36252.00
-10.35 326.78 51.41 -0.65 0.17 0.16 36273.00
-10.24 326.64 50.89 -0.68 0.18 0.20 36293.00
-10.55 326.67 50.25 -0.62 0.06 0.20 36314.00
-10.66 326.69 49.56 -0.53 -0.02 0.18 36334.00
-10.71 326.53 48.80 -0.43 -0.06 0.17 36355.00
-11.36 325.71 48.07 -0.30 -0.19 0.20 36375.00
-11.81 324.46 47.34 -0.15 -0.36 0.30 36396.00
-11.36 323.44 46.68 0.07 -0.39 0.47 36417.00
-11.52 323.04 46.27 0.28 -0.57 0.65 36438.00
-12.05 323.47 46.17 0.27 -0.69 0.63 36458.00
-12.61 324.35 46.29 0.08 -0.61 0.43 36478.00
-12.85 325.38 46.56 -0.08 -0.44 0.26 36499.00
-12.65 326.16 46.87 -0.16 -0.31 0.20 36519.00
-12.45 326.88 47.22 -0.23 -0.23 0.16 36540.00
-12.35 327.36 47.57 -0.32 -0.21 0.14 36560.00
-12.21 327.60 47.92 -0.38 -0.17 0.16 36581.00
-11.96 327.86 48.21 -0.48 -0.12 0.18 36601.00
-11.57 327.98 48.43 -0.56 -0.01 0.19 36622.00
-11.44 327.84 48.56 -0.62 0.03 0.20 36643.00
-11.19 327.76 48.55 -0.67 0.07 0.17 36664.00
-10.84 327.57 48.37 -0.73 0.13 0.16 36684.00
-10.61 327.27 48.03 -0.75 0.17 0.16 36705.00
-10.72 327.11 47.60 -0.71 0.12 0.16 36725.00
-11.05 327.01 47.04 -0.63 0.01 0.17 36746.00
-11.07 326.91 46.43 -0.55 -0.05 0.16 36766.00
-10.79 326.69 45.72 -0.49 -0.05 0.18 36787.00
-10.91 326.24 45.02 -0.36 -0.12 0.16 36807.00
-11.42 324.92 44.27 -0.17 -0.20 0.19 36829.00
-11.56 323.74 43.69 -0.02 -0.33 0.28 36849.00
-10.93 323.42 43.20 0.04 -0.34 0.39 36870.00
-10.79 323.02 42.82 0.11 -0.33 0.45 36890.00
-11.46 322.71 42.60 0.20 -0.43 0.44 36911.00
-12.13 322.93 42.60 0.14 -0.47 0.37 36931.00
-12.61 323.54 42.75 -0.00 -0.39 0.26 36952.00
-12.60 324.16 42.92 -0.12 -0.29 0.19 36972.00
-12.52 324.34 43.07 -0.14 -0.23 0.15 36993.00
-11.86 324.67 43.17 -0.20 -0.13 0.16 37013.00
-12.08 324.61 43.21 -0.25 -0.15 0.15 37033.00
-12.52 324.33 43.21 -0.27 -0.18 0.14 37054.00
-12.46 324.15 43.15 -0.28 -0.15 0.17 37075.00
-12.38 323.79 43.01 -0.33 -0.12 0.25 37096.00
-12.75 323.50 42.77 -0.35 -0.15 0.23 37116.00
-13.22 322.95 42.46 -0.29 -0.17 0.16 37137.00
-13.05 322.32 42.15 -0.28 -0.14 0.21 37157.00
-12.70 321.45 41.69 -0.31 -0.05 0.31 37178.00
-13.69 320.49 41.12 -0.25 -0.16 0.29 37198.00
-14.65 319.28 40.44 -0.15 -0.28 0.28 37219.00
-15.10 318.25 39.88 -0.06 -0.35 0.23 37239.00
-14.42 317.71 39.43 -0.07 -0.33 0.28 37260.00
-13.19 317.26 39.01 -0.11 -0.19 0.38 37280.00
-13.18 316.06 38.41 -0.05 -0.25 0.50 37302.00
-13.60 314.75 37.80 0.07 -0.43 0.54 37322.00
-13.43 313.71 37.25 0.14 -0.49 0.57 37343.00
-12.78 313.20 36.81 0.07 -0.37 0.67 37363.00
-12.57 312.66 36.37 0.04 -0.36 0.71 37384.00
-12.62 312.00 35.98 0.12 -0.45 0.73 37404.00
-12.48 311.56 35.63 0.14 -0.49 0.70 37425.00
-12.15 311.27 35.37 0.13 -0.41 0.66 37445.00
-11.93 311.15 35.12 0.08 -0.31 0.62 37466.00
-12.10 311.06 34.80 0.04 -0.26 0.56 37486.00
-12.71 310.81 34.41 0.05 -0.33 0.49 37507.00
-13.04 310.57 34.05 0.07 -0.36 0.45 37527.00
-13.10 310.40 33.70 0.08 -0.36 0.46 37548.00
-13.08 310.28 33.40 0.07 -0.35 0.49 37568.00
-13.19 310.32 33.13 0.00 -0.33 0.50 37588.00
-13.34 310.31 32.85 -0.06 -0.32 0.53 37609.00
-13.33 310.32 32.53 -0.14 -0.29 0.61 37630.00
-13.43 310.19 32.14 -0.16 -0.28 0.68 37651.00
-13.78 310.01 31.75 -0.09 -0.36 0.69 37671.00
-13.64 310.28 31.40 -0.09 -0.29 0.62 37692.00
-13.53 310.70 31.05 -0.08 -0.19 0.53 37712.00
-14.06 310.98 30.61 -0.03 -0.18 0.39 37733.00
-14.96 310.62 30.17 0.10 -0.25 0.30 37753.00
-15.40 310.30 29.79 0.25 -0.34 0.25 37774.00
-15.03 310.29 29.49 0.44 -0.44 0.30 37794.00
-14.39 310.42 29.19 0.56 -0.43 0.39 37815.00
-14.04 310.51 28.95 0.61 -0.41 0.44 37835.00
-14.08 310.58 28.80 0.62 -0.45 0.45 37856.00
-14.27 310.54 28.84 0.57 -0.42 0.32 37876.00
-14.59 310.79 29.07 0.46 -0.44 0.28 37897.00
-14.54 310.96 29.44 0.42 -0.43 0.32 37917.00
-14.35 311.02 29.82 0.28 -0.31 0.28 37938.00
-14.32 311.29 30.12 0.16 -0.29 0.31 37959.00
-14.40 311.14 30.46 0.15 -0.32 0.27 37980.00
-13.94 311.50 30.78 0.03 -0.26 0.33 38000.00
-13.25 311.78 30.98 -0.11 -0.18 0.40 38021.00
-12.73 311.63 30.96 -0.21 -0.09 0.48 38041.00
-12.72 311.13 30.69 -0.28 -0.05 0.56 38062.00
-13.18 310.56 30.28 -0.26 -0.10 0.61 38082.00
-13.52 310.33 29.83 -0.24 -0.14 0.56 38103.00
-13.79 310.22 29.42 -0.17 -0.16 0.53 38123.00
-14.08 310.44 29.00 -0.13 -0.19 0.49 38144.00
-14.49 310.59 28.61 -0.05 -0.22 0.43 38164.00
-14.82 310.75 28.21 0.01 -0.29 0.43 38184.00
-14.58 310.54 27.77 0.13 -0.24 0.41 38205.00
-14.57 310.39 27.28 0.23 -0.23 0.41 38225.00
-14.80 310.25 26.75 0.39 -0.32 0.44 38247.00
-15.14 310.31 26.28 0.50 -0.42 0.48 38267.00
-15.67 310.52 25.88 0.57 -0.59 0.44 38288.00
-15.74 310.76 25.71 0.50 -0.56 0.40 38308.00
-15.64 310.93 25.68 0.43 -0.46 0.39 38329.00
-15.82 311.26 25.80 0.35 -0.46 0.38 38349.00
-16.00 311.81 26.04 0.23 -0.45 0.40 38370.00
-15.86 312.16 26.29 0.17 -0.38 0.45 38390.00
-16.09 312.64 26.46 0.07 -0.39 0.49 38411.00
-16.45 313.08 26.64 0.01 -0.41 0.48 38431.00
-16.89 313.53 26.89 -0.05 -0.49 0.48 38452.00
-16.97 313.83 27.15 -0.08 -0.52 0.50 38472.00
-16.81 313.87 27.39 -0.07 -0.52 0.56 38493.00
-16.70 313.92 27.61 -0.05 -0.44 0.52 38513.00
-16.79 314.17 27.88 -0.08 -0.48 0.48 38534.00
-16.78 314.39 28.29 -0.06 -0.47 0.44 38554.00
-16.62 314.85 28.83 -0.06 -0.42 0.45 38576.00
-16.58 315.34 29.32 -0.07 -0.37 0.43 38596.00
-16.70 315.87 29.81 -0.09 -0.36 0.41 38617.00
-16.84 316.31 30.27 -0.09 -0.34 0.39 38637.00
-17.13 316.89 30.78 -0.10 -0.33 0.35 38658.00
-17.20 317.60 31.30 -0.13 -0.30 0.31 38678.00
-17.12 318.23 31.80 -0.16 -0.27 0.32 38699.00
-17.27 318.61 32.21 -0.17 -0.29 0.32 38719.00
-17.37 318.99 32.57 -0.18 -0.26 0.29 38739.00
-17.46 319.21 32.88 -0.18 -0.23 0.27 38760.00
-17.93 319.15 33.16 -0.17 -0.30 0.28 38780.00
-17.98 319.27 33.41 -0.19 -0.32 0.28 38801.00
-17.55 319.46 33.62 -0.20 -0.26 0.28 38821.00
-17.11 319.59 33.82 -0.21 -0.21 0.27 38842.00
-16.86 319.51 34.02 -0.21 -0.21 0.28 38862.00
-16.64 319.49 34.26 -0.20 -0.21 0.29 38884.00
-16.42 319.58 34.45 -0.21 -0.20 0.29 38904.00
-16.19 319.79 34.63 -0.22 -0.18 0.27 38925.00
-16.13 320.04 34.79 -0.22 -0.18 0.25 38945.00
-15.98 320.31 34.94 -0.23 -0.16 0.27 38966.00
-16.38 320.58 35.06 -0.22 -0.20 0.19 38986.00
-16.11 320.79 35.16 -0.24 -0.17 0.25 39007.00
-16.20 321.01 35.23 -0.24 -0.18 0.23 39027.00
-15.91 321.40 35.26 -0.27 -0.14 0.24 39048.00
-15.63 321.86 35.28 -0.31 -0.11 0.23 39068.00
-15.41 322.23 35.28 -0.35 -0.09 0.22 39089.00
-15.30 322.53 35.23 -0.38 -0.08 0.20 39109.00
-14.94 322.81 35.10 -0.44 -0.05 0.21 39130.00
-14.49 322.91 34.86 -0.49 0.00 0.24 39150.00
-14.08 323.01 34.50 -0.55 0.04 0.25 39172.00
-13.94 323.05 34.10 -0.57 0.04 0.25 39192.00
-14.06 323.08 33.63 -0.56 -0.01 0.26 39213.00
-14.26 323.10 33.12 -0.52 -0.08 0.25 39233.00
-14.34 323.08 32.54 -0.46 -0.14 0.22 39254.00
-14.27 322.97 31.98 -0.38 -0.18 0.20 39274.00
-14.09 322.65 31.46 -0.28 -0.18 0.21 39294.00
-14.57 321.65 30.94 -0.15 -0.29 0.28 39315.00
-14.87 320.96 30.52 -0.02 -0.45 0.40 39335.00
-15.02 320.69 30.17 0.12 -0.55 0.54 39356.00
-15.66 320.77 29.99 0.15 -0.56 0.51 39377.00
-16.85 321.26 30.07 0.04 -0.63 0.35 39398.00
-17.51 321.73 30.37 -0.03 -0.61 0.24 39418.00
-17.33 322.47 30.84 -0.13 -0.43 0.17 39439.00
-16.08 323.65 31.24 -0.24 -0.20 0.13 39459.00
-15.15 324.36 31.56 -0.35 -0.09 0.12 39480.00
-14.95 324.53 31.79 -0.43 -0.08 0.09 39500.00
-14.58 324.56 31.93 -0.54 -0.02 0.10 39521.00
-14.31 324.34 31.92 -0.64 0.06 0.13 39541.00
-14.19 324.05 31.77 -0.72 0.10 0.15 39562.00
-14.07 323.67 31.49 -0.77 0.13 0.19 39583.00
-14.14 323.41 31.12 -0.75 0.10 0.21 39604.00
-14.22 323.30 30.73 -0.69 0.03 0.21 39624.00
-14.24 323.33 30.26 -0.66 -0.04 0.20 39645.00
-14.20 323.14 29.74 -0.57 -0.09 0.22 39665.00
-14.01 323.02 29.15 -0.50 -0.15 0.21 39686.00
-13.63 322.75 28.55 -0.40 -0.14 0.22 39706.00
-13.84 321.91 27.94 -0.26 -0.20 0.26 39727.00
-14.32 320.89 27.43 -0.11 -0.37 0.32 39747.00
-13.92 320.56 26.97 -0.02 -0.38 0.37 39768.00
-13.48 320.32 26.61 0.05 -0.35 0.45 39789.00
-13.81 320.23 26.40 0.09 -0.45 0.48 39810.00
-14.31 320.44 26.41 0.07 -0.49 0.38 39830.00
-14.47 320.96 26.54 -0.02 -0.37 0.24 39851.00
-13.93 321.85 26.72 -0.14 -0.25 0.18 39871.00
-12.98 322.84 26.87 -0.23 -0.13 0.11 39891.00
-12.36 323.05 26.95 -0.26 -0.06 0.09 39912.00
-12.48 322.63 26.95 -0.28 -0.08 0.10 39932.00
-12.63 322.17 26.89 -0.32 -0.10 0.13 39953.00
-12.73 321.83 26.80 -0.32 -0.10 0.13 39973.00
-12.98 321.30 26.70 -0.29 -0.11 0.14 39994.00
-13.05 320.62 26.53 -0.27 -0.10 0.20 40015.00
-13.45 320.01 26.29 -0.25 -0.13 0.23 40036.00
-13.73 319.55 25.99 -0.24 -0.13 0.25 40056.00
-14.22 318.97 25.65 -0.20 -0.16 0.26 40077.00
-14.46 318.65 25.30 -0.22 -0.16 0.28 40097.00
-14.83 317.92 24.89 -0.19 -0.20 0.35 40118.00
-15.37 317.37 24.48 -0.15 -0.29 0.38 40138.00
-15.55 317.09 24.08 -0.15 -0.33 0.38 40159.00
-15.55 316.58 23.72 -0.17 -0.35 0.39 40179.00
-15.20 315.91 23.36 -0.17 -0.27 0.40 40200.00
-15.19 315.00 22.92 -0.15 -0.26 0.45 40220.00
-15.67 313.92 22.49 -0.09 -0.38 0.46 40241.00
-15.86 313.20 22.14 -0.05 -0.43 0.42 40261.00
-15.17 312.62 21.77 -0.06 -0.31 0.46 40282.00
-14.75 311.97 21.31 -0.07 -0.24 0.51 40303.00
-15.02 311.21 20.79 -0.05 -0.31 0.48 40324.00
-15.11 310.35 20.29 0.00 -0.35 0.46 40344.00
-14.95 309.55 19.76 0.02 -0.35 0.48 40365.00
-14.89 308.77 19.24 0.04 -0.34 0.50 40385.00
-15.10 307.93 18.69 0.09 -0.39 0.51 40406.00
-15.24 307.21 18.20 0.11 -0.41 0.49 40426.00
-15.15 306.51 17.77 0.15 -0.43 0.51 40446.00
-14.81 305.87 17.37 0.17 -0.39 0.57 40467.00
-14.68 305.33 17.08 0.19 -0.37 0.57 40487.00
-14.76 305.00 16.86 0.18 -0.39 0.57 40508.00
-14.79 304.82 16.70 0.15 -0.38 0.56 40528.00
-14.67 304.76 16.55 0.10 -0.33 0.56 40549.00
-14.53 304.71 16.37 0.05 -0.27 0.57 40569.00
-14.65 304.59 16.13 0.04 -0.26 0.56 40590.00
-14.88 304.53 15.87 0.03 -0.29 0.54 40610.00
-14.81 304.62 15.56 -0.01 -0.26 0.55 40632.00
-14.66 304.77 15.23 -0.03 -0.20 0.55 40652.00
-14.68 304.80 14.83 -0.01 -0.16 0.53 40673.00
-15.03 304.81 14.40 0.03 -0.19 0.50 40693.00
-15.30 304.80 13.93 0.09 -0.20 0.45 40714.00
-15.53 304.64 13.42 0.18 -0.20 0.39 40734.00
-15.85 304.50 12.94 0.32 -0.29 0.36 40755.00
-15.83 304.53 12.55 0.48 -0.38 0.40 40775.00
-15.64 304.59 12.23 0.60 -0.43 0.42 40796.00
-15.39 304.61 12.01 0.69 -0.43 0.44 40816.00
-15.40 304.73 11.98 0.71 -0.46 0.40 40837.00
-15.44 304.87 12.20 0.63 -0.44 0.30 40857.00
-15.33 305.11 12.67 0.52 -0.37 0.25 40878.00
-15.09 305.52 13.27 0.45 -0.38 0.24 40898.00
-14.58 305.94 13.91 0.31 -0.31 0.29 40919.00
-13.69 306.07 14.44 0.27 -0.21 0.32 40940.00
-13.02 306.91 14.82 0.09 -0.14 0.35 40961.00
-11.97 307.76 15.03 -0.07 -0.01 0.39 40981.00
-11.87 308.17 15.00 -0.24 -0.00 0.46 41001.00
-11.93 307.72 14.68 -0.29 0.01 0.55 41022.00
-12.37 307.21 14.20 -0.29 -0.04 0.63 41042.00
-12.57 306.99 13.69 -0.29 -0.02 0.60 41063.00
-12.88 306.73 13.19 -0.21 -0.03 0.59 41083.00
-13.41 306.62 12.67 -0.11 -0.06 0.49 41104.00
-13.84 306.31 12.12 -0.01 -0.06 0.41 41124.00
-14.56 305.82 11.50 0.09 -0.11 0.33 41145.00
-15.15 305.27 10.89 0.24 -0.21 0.35 41165.00
-15.42 304.81 10.29 0.47 -0.37 0.40 41186.00
-15.39 304.70 9.92 0.64 -0.49 0.50 41206.00
-15.50 304.71 9.79 0.63 -0.51 0.47 41227.00
-15.75 304.67 9.80 0.65 -0.50 0.42 41247.00
-16.39 305.07 9.95 0.56 -0.60 0.37 41268.00
-16.53 305.22 10.29 0.47 -0.51 0.32 41288.00
-16.67 305.43 10.61 0.39 -0.46 0.33 41309.00
-16.79 306.02 10.96 0.27 -0.41 0.43 41330.00
-17.23 306.95 11.48 0.12 -0.47 0.46 41351.00
-17.35 307.97 12.15 -0.04 -0.56 0.53 41371.00
-16.43 308.85 12.79 -0.20 -0.38 0.61 41392.00
-15.68 309.40 13.20 -0.25 -0.18 0.75 41412.00
-16.43 309.87 13.56 -0.23 -0.37 0.72 41433.00
-16.86 310.41 14.00 -0.25 -0.51 0.56 41453.00
-16.08 310.53 14.35 -0.18 -0.38 0.55 41474.00
-15.40 310.61 14.60 -0.12 -0.28 0.54 41494.00
-15.39 310.57 15.03 -0.04 -0.26 0.46 41515.00
-15.44 310.79 15.45 0.02 -0.31 0.47 41535.00
-15.41 311.45 15.88 0.01 -0.28 0.43 41555.00
-15.28 312.26 16.29 -0.03 -0.26 0.43 41576.00
-15.31 312.92 16.65 -0.04 -0.24 0.41 41596.00
-15.69 313.60 17.02 -0.04 -0.27 0.34 41617.00
-15.64 314.58 17.39 -0.09 -0.25 0.31 41638.00
-15.21 315.61 17.73 -0.16 -0.18 0.31 41659.00
-15.14 316.18 17.96 -0.19 -0.15 0.30 41679.00
-15.38 316.35 18.16 -0.16 -0.18 0.30 41700.00
-15.57 316.61 18.33 -0.16 -0.21 0.30 41720.00
-15.37 317.15 18.48 -0.19 -0.19 0.29 41741.00
-15.10 317.57 18.56 -0.21 -0.15 0.27 41761.00
-14.82 317.68 18.62 -0.19 -0.11 0.25 41782.00
-15.15 317.62 18.69 -0.20 -0.18 0.25 41802.00
-15.06 317.82 18.73 -0.23 -0.19 0.25 41823.00
-14.38 317.81 18.73 -0.21 -0.10 0.28 41843.00
-14.66 317.64 18.80 -0.16 -0.13 0.29 41864.00
-15.21 318.02 18.90 -0.18 -0.20 0.27 41884.00
-15.09 318.80 18.98 -0.23 -0.18 0.25 41905.00
-14.45 319.69 19.00 -0.28 -0.08 0.24 41925.00
-14.34 320.29 18.99 -0.34 -0.06 0.21 41946.00
-14.54 320.79 18.97 -0.35 -0.07 0.16 41967.00
-14.42 321.18 18.91 -0.42 -0.06 0.16 41988.00
-14.14 321.38 18.78 -0.47 -0.02 0.16 42008.00
-13.78 321.49 18.55 -0.52 0.04 0.16 42029.00
-13.44 321.36 18.25 -0.57 0.10 0.18 42049.00
-13.44 321.20 17.86 -0.58 0.10 0.21 42070.00
-13.59 321.21 17.35 -0.56 0.03 0.20 42090.00
-13.43 321.11 16.78 -0.49 0.01 0.19 42110.00
-13.28 320.79 16.17 -0.42 -0.02 0.19 42131.00
-13.66 320.25 15.53 -0.35 -0.14 0.18 42152.00
-14.21 319.20 14.88 -0.24 -0.28 0.22 42173.00
-14.13 317.92 14.33 -0.04 -0.39 0.37 42193.00
-13.69 317.43 13.98 0.16 -0.53 0.61 42214.00
-13.66 317.79 13.84 0.19 -0.61 0.73 42234.00
-14.13 318.74 13.88 0.00 -0.60 0.55 42255.00
-14.43 319.46 14.07 -0.10 -0.47 0.34 42275.00
-14.38 319.85 14.34 -0.11 -0.37 0.28 42296.00
-14.20 320.42 14.65 -0.17 -0.29 0.24 42316.00
-13.92 321.13 14.99 -0.25 -0.23 0.17 42337.00
-13.29 321.94 15.32 -0.37 -0.17 0.11 42357.00
-12.30 322.49 15.64 -0.52 0.00 0.10 42378.00
-11.88 321.95 15.88 -0.66 0.16 0.15 42399.00
-12.11 321.66 16.01 -0.71 0.17 0.18 42420.00
-12.08 321.41 15.93 -0.73 0.19 0.20 42440.00
-11.94 321.03 15.57 -0.78 0.23 0.29 42461.00
-11.78 320.85 15.10 -0.70 0.21 0.22 42481.00
-12.00 320.81 14.57 -0.61 0.09 0.21 42502.00
-12.00 320.69 14.01 -0.55 0.04 0.22 42522.00
-11.98 320.53 13.38 -0.49 0.02 0.21 42543.00
-12.38 320.15 12.76 -0.34 -0.07 0.18 42563.00
-13.30 318.80 12.14 -0.17 -0.21 0.21 42584.00
-13.44 317.60 11.59 -0.01 -0.32 0.32 42605.00
-13.04 317.27 11.15 0.06 -0.32 0.41 42626.00
-13.36 317.22 10.89 0.07 -0.36 0.39 42646.00
-14.11 317.17 10.85 0.09 -0.48 0.32 42667.00
-14.47 317.38 10.97 0.06 -0.47 0.23 42687.00
-13.84 318.15 11.13 -0.08 -0.26 0.20 42707.00
-13.37 318.65 11.29 -0.17 -0.18 0.18 42728.00
-13.34 318.65 11.41 -0.20 -0.16 0.16 42748.00
-13.23 318.43 11.47 -0.22 -0.13 0.17 42769.00
-13.39 318.27 11.47 -0.26 -0.16 0.18 42789.00
-13.15 318.19 11.46 -0.30 -0.11 0.19 42810.00
-13.07 317.62 11.38 -0.32 -0.06 0.26 42830.00
-13.74 317.02 11.25 -0.28 -0.10 0.25 42852.00
-14.05 316.58 11.05 -0.33 -0.12 0.30 42872.00
-14.43 315.89 10.74 -0.32 -0.13 0.37 42893.00
-15.10 315.29 10.42 -0.24 -0.20 0.32 42913.00
-15.03 314.72 10.10 -0.23 -0.16 0.38 42934.00
-15.17 314.02 9.67 -0.25 -0.15 0.43 42954.00
-15.60 313.00 9.13 -0.17 -0.18 0.38 42975.00
-16.05 312.30 8.64 -0.14 -0.22 0.30 42995.00
-15.90 311.68 8.16 -0.14 -0.21 0.30 43016.00
-15.50 310.84 7.66 -0.13 -0.20 0.38 43036.00
-15.27 309.78 7.03 -0.08 -0.19 0.45 43057.00
-15.49 308.73 6.41 -0.00 -0.23 0.45 43077.00
-15.74 307.83 5.80 0.07 -0.34 0.51 43098.00
-15.71 306.99 5.33 0.16 -0.48 0.58 43118.00
-15.13 306.23 4.91 0.21 -0.46 0.63 43139.00
-14.53 305.75 4.55 0.17 -0.34 0.67 43159.00
-14.56 305.12 4.18 0.20 -0.36 0.69 43180.00
-14.76 304.57 3.92 0.27 -0.47 0.68 43200.00
-14.58 304.30 3.81 0.26 -0.42 0.63 43220.00
-14.19 304.49 3.77 0.11 -0.27 0.58 43241.00
-14.11 304.62 3.68 0.02 -0.20 0.57 43261.00
-14.37 304.43 3.48 0.01 -0.22 0.56 43282.00
-14.64 304.21 3.26 0.03 -0.23 0.52 43302.00
-14.83 304.12 3.03 0.01 -0.24 0.51 43323.00
-14.94 304.13 2.81 -0.02 -0.22 0.53 43343.00
-14.97 304.21 2.49 -0.07 -0.18 0.56 43364.00
-15.17 304.30 2.12 -0.12 -0.17 0.56 43384.00
-15.43 304.33 1.68 -0.15 -0.17 0.57 43405.00
-15.83 304.12 1.20 -0.11 -0.24 0.58 43426.00
-15.78 304.18 0.75 -0.11 -0.22 0.56 43447.00
-15.63 304.17 0.32 -0.06 -0.19 0.53 43467.00
-15.54 304.16 -0.13 -0.00 -0.19 0.46 43488.00
-15.31 304.07 -0.53 0.06 -0.19 0.39 43508.00
-14.73 303.77 -0.97 0.15 -0.15 0.39 43529.00
-14.57 303.34 -1.51 0.29 -0.17 0.47 43549.00
-15.00 302.79 -2.07 0.51 -0.29 0.48 43570.00
-15.45 302.77 -2.46 0.66 -0.45 0.52 43590.00
-15.67 302.84 -2.68 0.68 -0.54 0.50 43611.00
-15.55 302.83 -2.56 0.69 -0.46 0.43 43631.00
-15.57 303.11 -2.38 0.53 -0.37 0.37 43652.00
-15.70 303.33 -2.17 0.41 -0.32 0.32 43672.00
-15.77 303.47 -1.88 0.36 -0.29 0.31 43693.00
-16.07 303.77 -1.59 0.23 -0.27 0.27 43713.00
-16.36 304.08 -1.25 0.20 -0.37 0.31 43734.00
-16.28 304.28 -0.84 0.11 -0.35 0.25 43754.00
-14.88 304.69 -0.41 -0.02 -0.17 0.33 43774.00
-13.70 304.75 -0.10 -0.12 -0.03 0.44 43795.00
-13.53 304.48 -0.04 -0.21 0.00 0.55 43815.00
-13.66 303.91 -0.19 -0.23 0.02 0.65 43836.00
-13.82 303.62 -0.48 -0.24 0.04 0.70 43856.00
-14.14 303.54 -0.87 -0.21 0.01 0.65 43877.00
-14.61 303.53 -1.25 -0.13 -0.08 0.59 43897.00
-14.70 303.69 -1.71 -0.07 -0.06 0.51 43918.00
-14.90 303.56 -2.28 0.02 -0.06 0.46 43938.00
-15.47 302.93 -3.01 0.19 -0.12 0.39 43959.00
-16.16 302.66 -3.73 0.33 -0.27 0.38 43979.00
-16.40 302.66 -4.36 0.46 -0.38 0.45 44000.00
-16.51 302.73 -4.82 0.52 -0.41 0.49 44020.00
-16.98 303.14 -5.11 0.56 -0.58 0.56 44041.00
-17.09 303.60 -5.14 0.48 -0.61 0.58 44061.00
-16.85 303.98 -5.03 0.39 -0.46 0.56 44082.00
-17.02 304.62 -4.74 0.28 -0.46 0.55 44102.00
-17.06 305.48 -4.26 0.16 -0.43 0.56 44123.00
-17.00 306.32 -3.76 0.07 -0.40 0.56 44143.00
-16.81 307.14 -3.33 -0.02 -0.32 0.58 44164.00
-16.99 307.80 -3.01 -0.06 -0.31 0.56 44185.00
-17.34 308.50 -2.73 -0.11 -0.32 0.55 44206.00
-17.79 308.96 -2.45 -0.10 -0.39 0.49 44226.00
-17.61 309.47 -2.22 -0.13 -0.39 0.46 44247.00
-17.10 309.64 -2.07 -0.12 -0.32 0.50 44267.00
-16.88 309.49 -1.89 -0.02 -0.27 0.52 44288.00
-16.77 309.98 -1.75 -0.09 -0.25 0.49 44308.00
-16.99 310.34 -1.55 -0.10 -0.29 0.47 44328.00
-17.22 310.68 -1.31 -0.07 -0.31 0.45 44349.00
-17.33 311.24 -1.06 -0.08 -0.28 0.40 44369.00
-17.34 312.09 -0.76 -0.12 -0.23 0.37 44390.00
-17.49 312.81 -0.44 -0.15 -0.21 0.35 44410.00
-17.84 313.33 -0.08 -0.15 -0.23 0.34 44431.00
-18.09 313.77 0.23 -0.15 -0.23 0.34 44451.00
-18.30 314.39 0.49 -0.19 -0.25 0.34 44472.00
-18.26 314.97 0.73 -0.21 -0.23 0.30 44492.00
-18.15 315.41 1.00 -0.21 -0.19 0.29 44513.00
-18.40 315.64 1.27 -0.21 -0.22 0.30 44533.00
-18.69 315.76 1.52 -0.20 -0.29 0.31 44554.00
-18.35 316.23 1.74 -0.24 -0.25 0.31 44574.00
-18.02 316.69 1.92 -0.25 -0.20 0.26 44595.00
-17.65 316.95 2.10 -0.26 -0.17 0.27 44615.00
-17.48 317.06 2.25 -0.25 -0.16 0.28 44636.00
-17.35 317.17 2.35 -0.24 -0.15 0.28 44656.00
-17.18 317.36 2.36 -0.25 -0.15 0.28 44677.00
-17.05 317.58 2.29 -0.26 -0.14 0.27 44697.00
-16.94 317.78 2.20 -0.26 -0.12 0.25 44718.00
-16.96 317.97 2.14 -0.25 -0.12 0.23 44738.00
-17.04 318.17 2.10 -0.25 -0.14 0.21 44759.00
-16.75 318.64 2.06 -0.30 -0.12 0.18 44779.00
-16.24 319.07 1.99 -0.35 -0.07 0.17 44800.00
-15.81 319.31 1.92 -0.39 -0.01 0.15 44820.00
-15.58 319.46 1.81 -0.46 0.02 0.13 44840.00
-15.29 319.39 1.63 -0.52 0.09 0.13 44861.00
-15.18 319.18 1.33 -0.56 0.12 0.15 44882.00
-15.27 319.04 0.91 -0.59 0.08 0.18 44903.00
-15.21 318.88 0.40 -0.57 0.06 0.20 44923.00
-15.04 318.71 -0.23 -0.54 0.05 0.21 44944.00
-14.99 318.43 -0.88 -0.47 0.01 0.21 44964.00
-15.40 317.98 -1.58 -0.38 -0.10 0.21 44985.00
-15.95 316.86 -2.21 -0.21 -0.19 0.26 45005.00
-16.26 315.66 -2.76 -0.04 -0.31 0.38 45026.00
-16.31 315.04 -3.18 0.14 -0.43 0.58 45046.00
-16.81 314.93 -3.44 0.26 -0.56 0.69 45067.00
-17.59 315.19 -3.49 0.25 -0.65 0.60 45087.00
-18.34 316.03 -3.35 0.06 -0.60 0.39 45108.00
-18.33 316.72 -3.06 -0.05 -0.44 0.31 45128.00
-17.90 317.41 -2.72 -0.13 -0.29 0.29 45149.00
-17.59 318.31 -2.41 -0.25 -0.21 0.23 45169.00
-17.40 319.03 -2.06 -0.35 -0.17 0.17 45190.00
-17.34 319.35 -1.74 -0.43 -0.14 0.17 45210.00
-17.24 319.61 -1.41 -0.52 -0.10 0.16 45231.00
-16.89 319.81 -1.20 -0.61 -0.02 0.16 45251.00
-16.56 319.72 -1.13 -0.70 0.05 0.16 45272.00
-16.26 319.48 -1.20 -0.74 0.11 0.16 45292.00
-16.12 319.22 -1.41 -0.74 0.12 0.15 45314.00
-16.02 318.98 -1.74 -0.73 0.12 0.15 45334.00
-16.16 318.88 -2.20 -0.68 0.06 0.14 45355.00
-16.34 318.65 -2.72 -0.62 -0.03 0.16 45375.00
-16.16 318.35 -3.29 -0.55 -0.04 0.18 45395.00
-15.95 317.93 -3.92 -0.45 -0.04 0.19 45416.00
-16.11 317.41 -4.53 -0.36 -0.10 0.22 45436.00
-16.32 316.76 -5.14 -0.26 -0.14 0.21 45457.00
-16.69 315.15 -5.72 -0.06 -0.21 0.29 45477.00
-16.64 314.01 -6.24 0.16 -0.36 0.48 45498.00
-16.72 313.71 -6.63 0.26 -0.43 0.57 45518.00
-17.17 313.77 -6.86 0.28 -0.52 0.57 45539.00
-17.74 314.28 -6.85 0.15 -0.48 0.43 45559.00
-18.19 315.29 -6.68 -0.05 -0.34 0.26 45580.00
-17.85 316.43 -6.51 -0.18 -0.21 0.17 45600.00
-17.67 316.96 -6.39 -0.21 -0.15 0.10 45621.00
-17.64 316.96 -6.34 -0.23 -0.14 0.09 45641.00
-17.63 316.86 -6.35 -0.27 -0.13 0.09 45663.00
-17.49 316.74 -6.41 -0.31 -0.11 0.12 45683.00
-17.67 316.37 -6.54 -0.34 -0.11 0.15 45704.00
-18.05 315.74 -6.70 -0.30 -0.14 0.16 45724.00
-18.31 314.97 -6.91 -0.26 -0.15 0.19 45745.00
-18.43 314.22 -7.17 -0.24 -0.15 0.23 45765.00
-18.62 313.48 -7.51 -0.22 -0.16 0.29 45786.00
-19.02 312.89 -7.91 -0.19 -0.20 0.29 45806.00
-19.23 312.37 -8.36 -0.16 -0.23 0.32 45827.00
-19.36 311.84 -8.77 -0.15 -0.27 0.40 45847.00
-19.78 311.67 -9.24 -0.17 -0.33 0.39 45868.00
-20.09 311.19 -9.66 -0.14 -0.36 0.37 45888.00
-20.12 310.65 -10.07 -0.12 -0.33 0.35 45908.00
-19.86 310.07 -10.55 -0.15 -0.34 0.42 45929.00
-19.81 309.20 -11.09 -0.10 -0.37 0.47 45949.00
-19.76 308.36 -11.63 -0.05 -0.40 0.48 45970.00
-19.61 307.71 -12.11 -0.04 -0.39 0.47 45990.00
-19.17 307.22 -12.61 -0.06 -0.33 0.53 46011.00
-19.15 306.60 -13.16 -0.04 -0.36 0.58 46032.00
-19.28 306.05 -13.72 -0.01 -0.40 0.57 46053.00
-19.33 305.45 -14.22 0.06 -0.42 0.54 46073.00
-19.14 305.09 -14.70 0.06 -0.41 0.56 46094.00
-18.95 304.79 -15.17 0.04 -0.36 0.56 46114.00
-19.02 304.36 -15.71 0.05 -0.36 0.54 46135.00
-19.20 303.74 -16.27 0.10 -0.39 0.51 46155.00
-19.15 303.04 -16.87 0.17 -0.40 0.49 46176.00
-19.05 302.66 -17.41 0.16 -0.44 0.49 46196.00
-18.71 302.02 -17.92 0.19 -0.44 0.47 46217.00
-18.17 301.50 -18.32 0.22 -0.36 0.48 46237.00
-17.87 301.10 -18.63 0.23 -0.31 0.47 46258.00
-17.95 300.86 -18.84 0.22 -0.32 0.45 46278.00
-18.25 300.65 -18.98 0.22 -0.37 0.41 46299.00
-18.32 300.60 -19.07 0.18 -0.38 0.42 46319.00
-18.13 300.48 -19.13 0.15 -0.32 0.43 46340.00
-17.99 300.53 -19.18 0.09 -0.28 0.46 46361.00
-17.83 300.56 -19.27 0.02 -0.23 0.50 46382.00
-17.85 300.50 -19.42 -0.02 -0.20 0.55 46402.00
-18.00 300.55 -19.67 -0.08 -0.19 0.57 46423.00
-18.22 300.58 -20.00 -0.11 -0.21 0.58 46443.00
-18.45 300.51 -20.38 -0.06 -0.25 0.59 46464.00
-18.45 300.66 -20.78 -0.05 -0.22 0.53 46484.00
-18.60 300.76 -21.21 -0.00 -0.19 0.45 46504.00
-18.96 300.61 -21.68 0.07 -0.20 0.36 46525.00
-19.14 300.10 -22.16 0.21 -0.22 0.30 46545.00
-18.97 299.58 -22.68 0.43 -0.25 0.30 46566.00
-18.79 299.43 -23.15 0.65 -0.30 0.35 46586.00
-18.90 299.59 -23.52 0.79 -0.43 0.39 46607.00
-18.85 299.74 -23.67 0.84 -0.47 0.39 46628.00
-18.87 299.94 -23.58 0.73 -0.41 0.29 46649.00
-18.95 300.23 -23.33 0.52 -0.31 0.19 46669.00
-18.99 300.54 -23.03 0.40 -0.27 0.20 46690.00
-18.77 300.62 -22.78 0.37 -0.27 0.25 46710.00
-18.41 300.61 -22.58 0.30 -0.20 0.26 46731.00
-18.24 300.63 -22.47 0.25 -0.19 0.28 46751.00
-18.32 300.56 -22.36 0.23 -0.26 0.32 46772.00
-18.00 300.60 -22.30 0.16 -0.22 0.36 46792.00
-17.64 300.55 -22.34 0.07 -0.18 0.42 46813.00
-17.51 300.37 -22.48 0.01 -0.16 0.48 46833.00
-17.54 300.02 -22.73 -0.04 -0.15 0.57 46854.00
-17.88 299.55 -23.08 -0.05 -0.16 0.63 46875.00
-18.33 299.19 -23.45 -0.06 -0.18 0.66 46896.00
-18.84 298.91 -23.81 -0.01 -0.24 0.66 46916.00
-19.34 298.95 -24.18 0.02 -0.28 0.60 46937.00
-19.52 299.15 -24.52 0.04 -0.24 0.51 46957.00
-19.72 299.38 -24.91 0.06 -0.21 0.41 46978.00
-19.79 299.23 -25.38 0.12 -0.17 0.32 46998.00
-19.62 298.51 -25.90 0.26 -0.14 0.29 47019.00
-19.75 298.12 -26.35 0.50 -0.23 0.31 47039.00
-20.01 298.40 -26.72 0.67 -0.36 0.38 47059.00
-20.15 298.73 -27.02 0.68 -0.42 0.35 47080.00
-20.14 298.91 -27.21 0.72 -0.44 0.37 47100.00
-20.16 299.17 -27.17 0.74 -0.44 0.35 47122.00
-20.33 299.67 -26.98 0.59 -0.43 0.33 47142.00
-20.43 300.15 -26.67 0.43 -0.37 0.32 47163.00
-20.38 300.43 -26.37 0.38 -0.33 0.37 47183.00
-20.53 300.91 -26.06 0.30 -0.38 0.43 47204.00
-20.37 301.20 -25.80 0.23 -0.37 0.45 47224.00
-19.98 301.50 -25.60 0.12 -0.31 0.47 47245.00
-19.69 301.50 -25.46 0.11 -0.26 0.52 47265.00
-19.92 301.53 -25.32 0.11 -0.37 0.58 47286.00
-19.92 301.62 -25.14 0.12 -0.42 0.60 47306.00
-19.56 301.91 -24.93 0.10 -0.37 0.62 47327.00
-19.25 302.28 -24.66 0.10 -0.30 0.61 47347.00
-19.36 302.87 -24.31 0.07 -0.31 0.59 47368.00
-19.57 303.36 -23.92 0.09 -0.34 0.58 47388.00
-19.79 303.89 -23.48 0.11 -0.35 0.53 47410.00
-19.88 304.54 -23.07 0.09 -0.34 0.50 47430.00
-19.97 305.26 -22.59 0.06 -0.33 0.47 47451.00
-20.03 306.00 -22.11 0.02 -0.31 0.45 47471.00
-20.13 306.76 -21.59 -0.01 -0.30 0.42 47492.00
-20.27 307.48 -21.14 -0.03 -0.32 0.41 47512.00
-20.19 308.34 -20.71 -0.07 -0.28 0.39 47533.00
-20.13 309.05 -20.37 -0.09 -0.26 0.38 47553.00
-20.26 309.83 -20.05 -0.12 -0.25 0.35 47574.00
-20.53 310.31 -19.75 -0.10 -0.27 0.32 47594.00
-20.58 310.87 -19.48 -0.13 -0.30 0.31 47614.00
-20.29 311.35 -19.22 -0.14 -0.28 0.29 47635.00
-19.61 311.89 -19.04 -0.19 -0.22 0.31 47655.00
-19.25 312.32 -18.86 -0.18 -0.17 0.22 47676.00
-18.95 312.49 -18.73 -0.18 -0.15 0.24 47697.00
-18.94 312.64 -18.62 -0.21 -0.21 0.25 47718.00
-18.87 312.80 -18.56 -0.19 -0.21 0.24 47738.00
-18.38 313.14 -18.55 -0.20 -0.17 0.26 47759.00
-18.17 313.49 -18.55 -0.22 -0.17 0.25 47779.00
-18.07 313.76 -18.53 -0.22 -0.15 0.23 47800.00
-18.15 313.91 -18.52 -0.22 -0.17 0.24 47820.00
-18.12 314.09 -18.53 -0.22 -0.17 0.25 47841.00
-17.96 314.42 -18.56 -0.25 -0.16 0.25 47861.00
-17.85 314.76 -18.59 -0.26 -0.14 0.24 47882.00
-17.78 315.03 -18.63 -0.28 -0.13 0.24 47902.00
-17.80 315.16 -18.68 -0.30 -0.14 0.25 47923.00
-17.74 315.32 -18.76 -0.32 -0.14 0.25 47943.00
-17.36 315.50 -18.87 -0.37 -0.08 0.27 47965.00
-17.15 315.60 -19.00 -0.43 -0.04 0.29 47985.00
-17.14 315.72 -19.20 -0.49 -0.03 0.30 48006.00
-17.16 315.82 -19.48 -0.53 -0.02 0.30 48026.00
-17.23 315.94 -19.89 -0.52 -0.04 0.29 48047.00
-17.22 316.18 -20.33 -0.49 -0.07 0.25 48067.00
-16.89 316.24 -20.89 -0.45 -0.04 0.26 48088.00
-17.04 316.22 -21.43 -0.37 -0.11 0.24 48108.00
-17.44 315.74 -21.99 -0.26 -0.20 0.24 48129.00
-17.48 315.13 -22.51 -0.17 -0.23 0.31 48149.00
-17.65 314.27 -23.03 -0.04 -0.30 0.43 48171.00
-18.17 313.62 -23.42 0.12 -0.46 0.54 48191.00
-18.62 313.53 -23.65 0.20 -0.55 0.57 48211.00
-19.11 314.01 -23.65 0.09 -0.49 0.41 48232.00
-19.50 314.78 -23.44 -0.05 -0.43 0.29 48252.00
-19.35 315.51 -23.10 -0.15 -0.39 0.27 48273.00
-18.70 316.31 -22.77 -0.24 -0.25 0.25 48293.00
-18.30 316.95 -22.48 -0.32 -0.16 0.21 48314.00
-18.41 317.13 -22.23 -0.39 -0.16 0.21 48334.00
-18.60 317.23 -21.98 -0.46 -0.17 0.19 48355.00
-18.56 317.34 -21.77 -0.52 -0.15 0.19 48375.00
-18.27 317.34 -21.62 -0.57 -0.09 0.22 48397.00
-17.80 317.33 -21.60 -0.66 0.01 0.24 48417.00
-17.43 317.27 -21.73 -0.75 0.11 0.21 48438.00
-17.41 317.30 -21.95 -0.83 0.11 0.15 48458.00
-17.67 317.23 -22.31 -0.78 0.06 0.14 48479.00
-18.00 317.14 -22.80 -0.73 -0.08 0.14 48499.00
-17.68 317.05 -23.42 -0.68 -0.07 0.14 48520.00
-17.31 316.76 -24.05 -0.57 -0.02 0.15 48540.00
-17.62 316.27 -24.71 -0.42 -0.09 0.12 48561.00
-18.63 315.09 -25.28 -0.23 -0.18 0.12 48582.00
-19.40 313.22 -25.82 0.05 -0.25 0.21 48603.00
-18.62 312.38 -26.50 0.22 -0.30 0.39 48623.00
-18.48 312.14 -27.05 0.31 -0.34 0.54 48644.00
-19.03 311.84 -27.31 0.38 -0.43 0.48 48664.00
-19.81 312.12 -27.29 0.25 -0.48 0.39 48685.00
-20.24 312.60 -27.07 0.07 -0.35 0.25 48705.00
-19.92 313.35 -26.86 -0.07 -0.22 0.21 48726.00
-19.81 313.64 -26.76 -0.11 -0.19 0.18 48746.00
-19.65 313.97 -26.75 -0.17 -0.19 0.17 48766.00
-19.21 314.39 -26.80 -0.24 -0.15 0.17 48787.00
-19.24 314.38 -26.84 -0.27 -0.15 0.16 48807.00
-19.78 314.00 -26.90 -0.27 -0.20 0.17 48829.00
-20.13 313.70 -26.98 -0.29 -0.24 0.21 48849.00
-20.14 313.50 -27.15 -0.32 -0.22 0.25 48870.00
-20.44 313.06 -27.37 -0.29 -0.23 0.23 48890.00
-20.82 312.23 -27.63 -0.22 -0.24 0.23 48911.00
-20.86 311.49 -27.88 -0.21 -0.25 0.30 48931.00
-21.09 310.79 -28.18 -0.18 -0.28 0.32 48952.00
-21.33 310.08 -28.47 -0.16 -0.31 0.31 48972.00
-20.95 309.33 -28.82 -0.17 -0.26 0.39 48993.00
-20.82 308.35 -29.21 -0.15 -0.26 0.48 49013.00
-21.10 307.32 -29.70 -0.10 -0.29 0.47 49034.00
-21.26 306.31 -30.10 -0.04 -0.32 0.41 49054.00
-21.06 305.69 -30.55 -0.04 -0.34 0.46 49075.00
-20.63 305.14 -31.08 -0.07 -0.26 0.53 49095.00
-20.91 304.29 -31.80 -0.04 -0.26 0.52 49117.00
-21.61 303.40 -32.47 0.01 -0.36 0.50 49137.00
-21.91 302.52 -33.15 0.06 -0.46 0.57 49158.00
-21.92 301.76 -33.77 0.09 -0.45 0.61 49178.00
-22.00 301.06 -34.46 0.12 -0.42 0.58 49199.00
-22.27 300.41 -35.01 0.19 -0.43 0.54 49219.00
-22.83 300.15 -35.44 0.21 -0.55 0.48 49240.00
-22.89 300.21 -35.77 0.16 -0.53 0.46 49260.00
-22.74 300.20 -36.09 0.13 -0.44 0.42 49281.00
-22.80 300.05 -36.39 0.13 -0.39 0.37 49301.00
-23.03 299.86 -36.68 0.15 -0.44 0.33 49321.00
-22.93 299.69 -36.95 0.15 -0.44 0.32 49342.00
-22.59 299.45 -37.17 0.15 -0.38 0.33 49362.00
-22.39 299.18 -37.37 0.15 -0.35 0.34 49384.00
-22.39 299.01 -37.53 0.16 -0.36 0.36 49404.00
-22.46 298.96 -37.71 0.14 -0.38 0.37 49425.00
-22.28 298.76 -37.91 0.13 -0.35 0.38 49445.00
-22.21 298.57 -38.16 0.13 -0.35 0.40 49466.00
-22.20 298.40 -38.39 0.13 -0.36 0.41 49486.00
-22.12 298.28 -38.59 0.13 -0.36 0.45 49507.00
-21.99 298.29 -38.78 0.10 -0.36 0.49 49527.00
-21.81 298.35 -39.01 0.07 -0.32 0.53 49548.00
-21.73 298.43 -39.26 0.05 -0.30 0.54 49568.00
-21.65 298.62 -39.54 0.03 -0.29 0.55 49589.00
-21.51 298.88 -39.84 0.01 -0.25 0.55 49609.00
-21.43 299.16 -40.20 0.03 -0.23 0.51 49630.00
-21.35 299.34 -40.61 0.07 -0.19 0.46 49650.00
-21.46 299.47 -41.13 0.14 -0.19 0.41 49672.00
-21.80 299.35 -41.60 0.28 -0.28 0.38 49692.00
-21.87 299.50 -41.99 0.44 -0.37 0.37 49713.00
-21.67 299.61 -42.25 0.62 -0.42 0.39 49733.00
-21.53 299.90 -42.42 0.70 -0.46 0.41 49754.00
-21.43 300.09 -42.45 0.71 -0.47 0.39 49774.00
-21.42 300.24 -42.32 0.65 -0.42 0.33 49795.00
-21.56 300.39 -42.07 0.53 -0.40 0.25 49815.00
-21.45 300.54 -41.72 0.44 -0.38 0.23 49836.00
-21.19 300.68 -41.37 0.34 -0.32 0.25 49856.00
-20.79 300.88 -41.05 0.20 -0.22 0.26 49876.00
-20.63 301.15 -40.82 0.10 -0.21 0.33 49897.00
-20.79 301.28 -40.67 0.02 -0.27 0.36 49917.00
-20.34 301.35 -40.55 -0.12 -0.22 0.44 49939.00
-19.85 301.03 -40.60 -0.23 -0.09 0.56 49959.00
-20.41 300.22 -40.85 -0.22 -0.13 0.66 49980.00
-21.28 299.48 -41.15 -0.13 -0.26 0.67 50000.00
-21.67 299.23 -41.39 -0.08 -0.30 0.66 50021.00
-21.65 299.33 -41.59 -0.05 -0.27 0.64 50041.00
-21.65 299.59 -41.81 -0.01 -0.24 0.57 50062.00
-21.75 299.81 -42.10 0.03 -0.22 0.48 50082.00
-21.94 299.96 -42.50 0.08 -0.22 0.38 50103.00
-21.71 299.83 -42.92 0.14 -0.17 0.33 50123.00
-21.68 299.49 -43.35 0.21 -0.14 0.27 50144.00
-22.03 299.37 -43.74 0.39 -0.29 0.30 50164.00
-22.27 299.69 -44.09 0.50 -0.44 0.34 50185.00
-22.27 300.04 -44.34 0.55 -0.53 0.39 50206.00
-22.25 300.42 -44.46 0.62 -0.64 0.53 50227.00
-22.39 300.89 -44.36 0.59 -0.64 0.57 50247.00
-22.76 301.23 -43.96 0.48 -0.58 0.48 50268.00
-23.05 302.03 -43.41 0.30 -0.58 0.51 50288.00
-22.76 302.71 -42.80 0.17 -0.49 0.55 50309.00
-22.19 303.42 -42.31 0.03 -0.34 0.57 50329.00
-21.90 303.85 -41.95 -0.02 -0.26 0.57 50350.00
-22.09 304.19 -41.66 -0.07 -0.28 0.52 50370.00
-22.32 304.27 -41.27 -0.03 -0.26 0.46 50391.00
-22.62 304.63 -40.90 -0.07 -0.33 0.47 50411.00
-22.54 304.94 -40.46 -0.06 -0.34 0.46 50432.00
-22.15 305.51 -40.04 -0.08 -0.26 0.45 50452.00
-21.89 306.11 -39.66 -0.11 -0.20 0.41 50472.00
-22.11 306.49 -39.30 -0.10 -0.23 0.39 50493.00
-22.29 306.92 -38.93 -0.10 -0.25 0.37 50514.00
-22.42 307.31 -38.58 -0.09 -0.28 0.38 50535.00
-22.60 307.80 -38.26 -0.09 -0.30 0.37 50555.00
-22.76 308.49 -37.91 -0.10 -0.30 0.35 50576.00
-22.76 309.59 -37.64 -0.17 -0.26 0.33 50596.00
-22.84 310.10 -37.37 -0.17 -0.24 0.31 50617.00
-23.06 310.79 -37.12 -0.19 -0.23 0.28 50637.00
-23.25 311.36 -36.91 -0.20 -0.22 0.24 50658.00
-23.34 311.78 -36.77 -0.21 -0.23 0.22 50678.00
-23.20 312.17 -36.64 -0.24 -0.23 0.21 50699.00
-22.97 312.39 -36.57 -0.24 -0.20 0.22 50719.00
-22.99 312.49 -36.51 -0.25 -0.21 0.22 50740.00
-22.93 312.46 -36.50 -0.25 -0.21 0.25 50760.00
-22.97 312.42 -36.50 -0.24 -0.22 0.24 50781.00
-22.85 312.44 -36.50 -0.24 -0.22 0.26 50802.00
-22.71 312.60 -36.49 -0.25 -0.21 0.27 50823.00
-22.67 312.76 -36.49 -0.24 -0.21 0.28 50843.00
-22.73 312.89 -36.51 -0.24 -0.22 0.28 50864.00
-22.86 312.95 -36.53 -0.23 -0.23 0.26 50884.00
-23.05 312.98 -36.53 -0.21 -0.26 0.24 50905.00
-23.10 313.22 -36.48 -0.22 -0.27 0.21 50925.00
-22.84 313.58 -36.41 -0.24 -0.25 0.18 50946.00
-22.43 313.85 -36.33 -0.26 -0.22 0.19 50966.00
-21.90 314.22 -36.24 -0.31 -0.17 0.19 50987.00
-21.25 314.56 -36.20 -0.36 -0.10 0.19 51007.00
-20.86 314.64 -36.20 -0.42 -0.05 0.20 51027.00
-20.64 314.57 -36.28 -0.48 -0.03 0.22 51048.00
-20.29 314.56 -36.48 -0.55 0.01 0.23 51069.00
-19.80 314.40 -36.81 -0.61 0.08 0.28 51090.00
-19.47 314.25 -37.26 -0.65 0.15 0.32 51110.00
-19.46 314.20 -37.85 -0.63 0.12 0.32 51131.00
-19.70 314.30 -38.51 -0.56 0.01 0.30 51151.00
-19.78 314.43 -39.29 -0.47 -0.08 0.25 51172.00
-19.31 314.56 -40.07 -0.41 -0.08 0.22 51192.00
-19.29 313.89 -40.85 -0.24 -0.11 0.22 51213.00
-20.12 312.70 -41.51 -0.10 -0.28 0.28 51233.00
-20.28 312.20 -42.08 0.01 -0.44 0.39 51255.00
-20.18 311.79 -42.47 0.19 -0.53 0.57 51275.00
-20.46 311.89 -42.70 0.27 -0.58 0.63 51296.00
-21.08 312.49 -42.63 0.16 -0.60 0.50 51316.00
-21.49 313.44 -42.33 -0.02 -0.51 0.32 51337.00
-21.12 314.35 -41.96 -0.15 -0.36 0.28 51357.00
-20.81 314.90 -41.57 -0.20 -0.27 0.25 51378.00
-20.69 315.43 -41.22 -0.26 -0.23 0.20 51398.00
-20.65 315.81 -40.84 -0.32 -0.22 0.18 51419.00
-20.53 316.21 -40.49 -0.40 -0.20 0.16 51439.00
-20.14 316.68 -40.16 -0.48 -0.12 0.16 51460.00
-19.88 316.79 -39.91 -0.56 -0.04 0.17 51480.00
-19.80 316.67 -39.75 -0.62 0.01 0.18 51502.00
-19.64 316.61 -39.70 -0.68 0.09 0.15 51522.00
-19.53 316.55 -39.79 -0.76 0.16 0.13 51543.00
-19.51 316.50 -40.04 -0.80 0.18 0.10 51563.00
-19.55 316.50 -40.49 -0.76 0.14 0.08 51584.00
-19.47 316.46 -41.07 -0.71 0.10 0.06 51604.00
-19.24 316.17 -41.75 -0.62 0.10 0.05 51624.00
-19.54 315.96 -42.54 -0.50 -0.00 0.06 51645.00
-19.98 315.14 -43.33 -0.38 -0.11 0.10 51666.00
-20.23 314.30 -44.13 -0.26 -0.16 0.13 51687.00
-20.46 312.51 -44.85 -0.08 -0.23 0.27 51707.00
-20.40 311.52 -45.53 0.08 -0.36 0.43 51728.00
-20.39 310.98 -46.08 0.26 -0.44 0.57 51748.00
-20.95 311.12 -46.42 0.29 -0.58 0.63 51769.00
-21.59 311.60 -46.46 0.21 -0.63 0.53 51789.00
-22.02 312.35 -46.29 0.04 -0.49 0.33 51810.00
-21.69 313.52 -46.10 -0.15 -0.30 0.22 51830.00
-20.97 314.23 -45.98 -0.22 -0.16 0.18 51851.00
-21.22 314.11 -45.92 -0.21 -0.15 0.13 51871.00
-21.76 313.80 -45.88 -0.21 -0.20 0.09 51892.00
-21.50 313.85 -45.89 -0.26 -0.19 0.11 51913.00
-21.21 313.83 -45.97 -0.31 -0.18 0.11 51934.00
-20.94 313.47 -46.06 -0.31 -0.14 0.13 51954.00
-20.85 312.58 -46.19 -0.26 -0.11 0.19 51975.00
-21.24 311.72 -46.39 -0.24 -0.16 0.24 51995.00
-21.61 311.14 -46.68 -0.24 -0.22 0.24 52016.00
-21.62 310.75 -47.01 -0.25 -0.22 0.24 52036.00
-21.48 310.19 -47.39 -0.24 -0.19 0.28 52057.00
-21.84 309.39 -47.76 -0.19 -0.23 0.30 52077.00
-22.19 308.74 -48.14 -0.17 -0.29 0.32 52098.00
-22.09 308.25 -48.51 -0.18 -0.30 0.37 52118.00
-22.13 307.23 -49.01 -0.13 -0.30 0.40 52139.00
-22.17 306.10 -49.47 -0.05 -0.34 0.43 52160.00
-22.06 305.34 -49.86 -0.02 -0.35 0.42 52180.00
-21.54 304.88 -50.25 -0.06 -0.28 0.44 52201.00
-21.19 304.13 -50.67 -0.04 -0.25 0.52 52221.00
-21.45 303.19 -51.16 0.02 -0.32 0.51 52242.00
-21.51 302.54 -51.50 0.05 -0.33 0.50 52262.00
-21.47 302.23 -51.81 0.03 -0.32 0.52 52283.00
-21.42 301.84 -52.20 0.02 -0.33 0.56 52303.00
-21.58 301.27 -52.69 0.03 -0.37 0.55 52324.00
-21.69 300.66 -53.15 0.07 -0.42 0.53 52344.00
-21.55 300.19 -53.57 0.07 -0.41 0.56 52365.00
-21.50 299.80 -53.95 0.06 -0.39 0.57 52385.00
-21.69 299.41 -54.31 0.06 -0.42 0.55 52406.00
-21.85 299.04 -54.60 0.08 -0.45 0.52 52426.00
-21.85 298.76 -54.83 0.08 -0.45 0.51 52447.00
-21.73 298.57 -54.99 0.07 -0.42 0.49 52467.00
-21.56 298.32 -55.16 0.05 -0.37 0.49 52489.00
-21.46 298.05 -55.32 0.04 -0.33 0.50 52509.00
-21.50 297.80 -55.51 0.02 -0.33 0.53 52530.00
-21.49 297.64 -55.73 -0.01 -0.32 0.55 52550.00
-21.32 297.54 -56.00 -0.05 -0.27 0.58 52571.00
-21.11 297.52 -56.33 -0.11 -0.22 0.59 52591.00
-21.02 297.36 -56.74 -0.09 -0.17 0.58 52612.00
-21.21 297.28 -57.18 -0.05 -0.17 0.52 52632.00
-21.37 297.22 -57.71 -0.00 -0.16 0.49 52653.00
-21.73 296.99 -58.28 0.10 -0.20 0.44 52673.00
-21.90 296.74 -58.90 0.22 -0.24 0.39 52694.00
-21.78 296.45 -59.45 0.41 -0.28 0.41 52714.00
-21.87 296.43 -59.89 0.61 -0.37 0.43 52734.00
-22.01 296.60 -60.21 0.71 -0.44 0.41 52755.00
-22.11 296.77 -60.37 0.70 -0.44 0.37 52776.00
-22.18 296.81 -60.36 0.65 -0.39 0.28 52797.00
-22.31 296.93 -60.21 0.52 -0.34 0.19 52817.00
-22.31 297.05 -59.95 0.41 -0.29 0.17 52838.00
-22.14 297.09 -59.68 0.33 -0.25 0.19 52858.00
-21.81 296.96 -59.37 0.31 -0.23 0.19 52879.00
-21.61 297.28 -59.12 0.19 -0.20 0.24 52899.00
-21.31 297.28 -58.91 0.14 -0.19 0.30 52920.00
-21.22 297.12 -58.78 0.12 -0.23 0.37 52940.00
-21.20 296.73 -58.75 0.07 -0.24 0.42 52961.00
-21.34 296.17 -58.82 0.05 -0.29 0.49 52981.00
-21.22 295.57 -58.96 0.02 -0.29 0.59 53003.00
-21.09 295.01 -59.16 0.00 -0.24 0.66 53023.00
-21.21 294.61 -59.41 -0.00 -0.23 0.71 53044.00
-21.36 294.49 -59.69 -0.01 -0.23 0.73 53064.00
-21.57 294.52 -60.02 0.01 -0.23 0.71 53085.00
-21.85 294.63 -60.36 0.06 -0.25 0.64 53105.00
-22.11 294.99 -60.71 0.07 -0.25 0.52 53126.00
-22.20 295.23 -61.10 0.11 -0.20 0.46 53146.00
-22.44 295.33 -61.58 0.17 -0.19 0.38 53167.00
-22.66 295.36 -62.10 0.24 -0.20 0.31 53187.00
-22.60 295.30 -62.68 0.31 -0.19 0.26 53208.00
-22.62 295.13 -63.24 0.42 -0.22 0.25 53228.00
-22.90 295.28 -63.73 0.59 -0.37 0.30 53249.00
-23.01 295.64 -64.03 0.68 -0.49 0.35 53269.00
-22.94 296.12 -64.12 0.69 -0.55 0.44 53291.00
-22.93 296.41 -63.97 0.56 -0.45 0.44 53311.00
-23.26 296.80 -63.71 0.46 -0.44 0.44 53331.00
-23.66 297.29 -63.32 0.36 -0.47 0.45 53352.00
-23.63 297.80 -62.88 0.28 -0.43 0.50 53372.00
-23.53 298.23 -62.44 0.20 -0.34 0.53 53393.00
-23.97 298.56 -62.04 0.16 -0.39 0.53 53413.00
-24.46 298.92 -61.55 0.13 -0.52 0.54 53434.00
-24.40 299.37 -61.00 0.11 -0.50 0.50 53454.00
-23.87 300.10 -60.43 0.03 -0.33 0.49 53475.00
-23.89 300.69 -59.90 -0.02 -0.33 0.48 53495.00
-24.07 301.08 -59.33 0.00 -0.38 0.47 53516.00
-23.97 301.61 -58.81 -0.00 -0.37 0.45 53536.00
-23.69 302.36 -58.27 -0.03 -0.29 0.43 53557.00
-23.62 303.20 -57.74 -0.07 -0.27 0.39 53577.00
-23.70 303.91 -57.19 -0.08 -0.29 0.38 53599.00
-23.72 304.47 -56.73 -0.07 -0.31 0.37 53619.00
-23.49 305.17 -56.27 -0.08 -0.27 0.36 53640.00
-23.19 306.03 -55.86 -0.13 -0.22 0.33 53660.00
-23.14 306.77 -55.49 -0.16 -0.20 0.31 53681.00
-23.18 307.12 -55.22 -0.17 -0.23 0.34 53701.00
-23.14 307.38 -54.99 -0.14 -0.24 0.33 53722.00
-22.92 307.81 -54.82 -0.16 -0.21 0.31 53742.00
-22.54 308.36 -54.64 -0.20 -0.17 0.30 53763.00
-22.34 308.71 -54.48 -0.23 -0.17 0.30 53783.00
-22.37 308.70 -54.33 -0.19 -0.20 0.28 53804.00
-22.06 308.85 -54.23 -0.17 -0.20 0.28 53824.00
-21.41 309.41 -54.20 -0.22 -0.14 0.28 53844.00
-21.27 309.73 -54.16 -0.24 -0.15 0.25 53865.00
-21.27 309.78 -54.08 -0.21 -0.16 0.24 53886.00
-21.20 310.01 -54.00 -0.20 -0.16 0.24 53907.00
-21.04 310.40 -53.93 -0.23 -0.15 0.23 53927.00
-20.87 310.83 -53.88 -0.26 -0.13 0.21 53948.00
-20.87 311.15 -53.80 -0.28 -0.13 0.19 53968.00
-20.82 311.35 -53.71 -0.30 -0.13 0.18 53989.00
-20.36 311.56 -53.64 -0.33 -0.07 0.22 54009.00
-19.92 311.74 -53.62 -0.38 0.00 0.23 54030.00
-19.55 311.82 -53.69 -0.47 0.08 0.24 54050.00
-19.48 311.90 -53.86 -0.55 0.12 0.25 54071.00
-19.59 311.90 -54.14 -0.63 0.09 0.26 54091.00
-19.54 311.87 -54.58 -0.59 0.09 0.26 54113.00
-19.49 311.89 -55.10 -0.60 0.08 0.28 54133.00
-19.44 311.99 -55.75 -0.59 0.05 0.27 54154.00
-19.43 312.16 -56.47 -0.51 0.01 0.23 54174.00
-19.70 312.09 -57.26 -0.39 -0.08 0.19 54195.00
-20.14 311.52 -57.99 -0.29 -0.16 0.20 54215.00
-20.62 310.48 -58.74 -0.16 -0.25 0.25 54236.00
-20.69 309.48 -59.30 -0.01 -0.35 0.35 54256.00
-20.61 308.94 -59.71 0.13 -0.49 0.50 54277.00
-20.65 308.98 -59.93 0.21 -0.55 0.59 54297.00
-20.91 309.50 -59.95 0.11 -0.51 0.50 54318.00
-21.20 310.19 -59.75 -0.04 -0.44 0.35 54339.00
-21.08 310.85 -59.44 -0.13 -0.35 0.28 54360.00
-20.84 311.28 -59.10 -0.19 -0.27 0.28 54380.00
-20.85 311.58 -58.74 -0.22 -0.24 0.26 54401.00
-20.84 311.98 -58.39 -0.30 -0.23 0.24 54421.00
-20.61 312.41 -58.02 -0.38 -0.18 0.23 54441.00
-20.43 312.73 -57.61 -0.45 -0.13 0.22 54462.00
-20.11 312.95 -57.26 -0.53 -0.03 0.22 54482.00
-19.98 312.99 -56.99 -0.62 0.07 0.20 54503.00
-20.05 312.92 -56.88 -0.69 0.12 0.19 54523.00
-20.10 312.77 -56.93 -0.74 0.19 0.18 54545.00
-20.30 312.77 -57.13 -0.76 0.18 0.17 54565.00
-20.48 312.91 -57.51 -0.71 0.11 0.16 54586.00
-20.39 312.91 -58.03 -0.65 0.08 0.16 54606.00
-20.21 312.80 -58.67 -0.59 0.05 0.16 54627.00
-20.27 312.56 -59.33 -0.49 -0.01 0.16 54647.00
-20.66 312.04 -60.06 -0.38 -0.12 0.16 54668.00
-20.81 311.24 -60.75 -0.24 -0.15 0.19 54688.00
-21.29 309.77 -61.41 -0.08 -0.26 0.27 54709.00
-21.17 308.96 -61.93 0.06 -0.38 0.41 54730.00
-21.10 308.82 -62.31 0.11 -0.40 0.50 54751.00
-21.62 308.75 -62.51 0.15 -0.48 0.49 54771.00
-22.22 309.13 -62.54 0.07 -0.50 0.37 54792.00
-22.31 309.80 -62.47 -0.05 -0.36 0.26 54812.00
-21.73 310.79 -62.39 -0.19 -0.23 0.20 54833.00
-21.26 311.28 -62.37 -0.25 -0.15 0.15 54853.00
-21.24 311.18 -62.39 -0.27 -0.13 0.15 54874.00
-21.67 310.77 -62.46 -0.27 -0.17 0.13 54894.00
-21.75 310.49 -62.59 -0.28 -0.18 0.13 54915.00
-21.68 310.25 -62.76 -0.31 -0.18 0.14 54935.00
-21.41 309.76 -62.98 -0.33 -0.14 0.20 54957.00
-21.65 309.09 -63.22 -0.30 -0.16 0.21 54977.00
-21.95 308.17 -63.50 -0.24 -0.20 0.22 54998.00
-21.62 307.48 -63.81 -0.23 -0.15 0.27 55018.00
-21.58 306.76 -64.22 -0.25 -0.16 0.34 55038.00
-21.87 305.86 -64.71 -0.20 -0.19 0.32 55059.00
-22.22 304.87 -65.17 -0.14 -0.24 0.31 55079.00
-22.18 304.12 -65.63 -0.14 -0.28 0.34 55100.00
-21.71 303.27 -66.06 -0.14 -0.26 0.42 55120.00
-21.43 302.10 -66.54 -0.06 -0.23 0.45 55141.00
-21.42 300.98 -67.01 0.02 -0.28 0.51 55161.00
-21.10 300.18 -67.49 0.02 -0.24 0.55 55182.00
-20.86 299.43 -68.00 0.03 -0.19 0.55 55202.00
-21.00 298.47 -68.55 0.10 -0.26 0.55 55224.00
-20.91 297.85 -69.00 0.15 -0.32 0.59 55244.00
-20.58 297.52 -69.45 0.14 -0.29 0.61 55265.00
-20.37 297.20 -69.86 0.13 -0.26 0.59 55285.00
-20.40 296.76 -70.25 0.17 -0.28 0.59 55306.00
-20.45 296.49 -70.58 0.16 -0.29 0.58 55326.00
-20.59 296.20 -70.91 0.16 -0.31 0.57 55347.00
-20.71 295.97 -71.21 0.15 -0.32 0.56 55367.00
-20.79 295.77 -71.49 0.12 -0.30 0.52 55388.00
-20.87 295.62 -71.73 0.08 -0.28 0.51 55408.00
-21.03 295.44 -71.97 0.05 -0.26 0.49 55429.00
-21.14 295.31 -72.24 0.02 -0.24 0.50 55449.00
-21.19 295.32 -72.58 -0.06 -0.22 0.52 55470.00
-21.18 295.17 -72.98 -0.10 -0.20 0.56 55490.00
-21.35 294.70 -73.50 -0.06 -0.22 0.63 55512.00
-21.50 294.60 -74.01 -0.07 -0.22 0.66 55532.00
-21.66 294.68 -74.59 -0.11 -0.21 0.64 55553.00
-22.03 294.68 -75.16 -0.06 -0.27 0.56 55573.00
-21.92 294.79 -75.75 -0.02 -0.21 0.48 55593.00
-21.86 294.51 -76.39 0.07 -0.15 0.42 55614.00
-22.42 293.88 -76.93 0.19 -0.22 0.37 55634.00
-22.61 293.14 -77.49 0.42 -0.28 0.40 55655.00
-22.86 292.93 -77.92 0.67 -0.44 0.42 55675.00
-22.65 292.95 -78.26 0.71 -0.41 0.40 55696.00
-22.51 293.00 -78.44 0.70 -0.35 0.38 55716.00
-22.68 293.17 -78.42 0.72 -0.39 0.32 55737.00
-22.72 293.44 -78.26 0.59 -0.34 0.28 55758.00
-22.63 293.62 -78.04 0.48 -0.25 0.28 55779.00
-22.87 293.76 -77.79 0.43 -0.28 0.30 55799.00
-23.01 293.83 -77.46 0.39 -0.29 0.30 55820.00
-22.94 294.04 -77.10 0.30 -0.25 0.32 55840.00
-22.83 294.43 -76.75 0.16 -0.20 0.32 55861.00
-22.75 294.59 -76.45 0.12 -0.23 0.39 55881.00
-22.53 294.70 -76.22 0.04 -0.22 0.45 55902.00
-22.26 294.89 -76.14 -0.09 -0.16 0.50 55922.00
-22.17 294.81 -76.21 -0.21 -0.11 0.60 55943.00
-22.45 294.50 -76.43 -0.27 -0.12 0.67 55963.00
-22.96 294.21 -76.78 -0.24 -0.19 0.64 55984.00
-23.21 294.07 -77.18 -0.17 -0.22 0.59 56005.00
-23.34 294.11 -77.59 -0.08 -0.23 0.53 56026.00
-23.35 294.34 -78.05 -0.04 -0.19 0.42 56046.00
-23.44 294.22 -78.64 0.04 -0.15 0.31 56067.00
-23.44 293.37 -79.28 0.17 -0.15 0.28 56087.00
-23.53 292.66 -79.94 0.46 -0.27 0.36 56108.00
-23.77 292.74 -80.46 0.67 -0.47 0.45 56128.00
-23.73 293.01 -80.75 0.77 -0.58 0.53 56148.00
-23.60 293.40 -80.77 0.74 -0.52 0.61 56169.00
-23.71 293.84 -80.60 0.57 -0.46 0.56 56189.00
-23.91 294.45 -80.33 0.35 -0.33 0.50 56210.00
-24.42 295.03 -80.06 0.24 -0.37 0.45 56230.00
-24.49 295.60 -79.75 0.20 -0.40 0.49 56251.00
-24.24 296.18 -79.44 0.16 -0.35 0.53 56271.00
-24.18 296.91 -79.12 0.09 -0.33 0.55 56292.00
-24.31 297.48 -78.80 0.09 -0.37 0.56 56313.00
-24.33 298.05 -78.46 0.09 -0.37 0.54 56334.00
-24.21 298.70 -78.16 0.05 -0.37 0.57 56354.00
-24.04 299.09 -77.87 0.06 -0.37 0.56 56375.00
-23.91 299.25 -77.63 0.08 -0.36 0.56 56395.00
-23.95 299.74 -77.26 0.07 -0.36 0.49 56416.00
-23.82 300.31 -76.84 0.08 -0.32 0.46 56436.00
-23.82 301.20 -76.36 0.04 -0.30 0.44 56457.00
-23.82 302.16 -75.89 -0.01 -0.27 0.42 56477.00
-24.00 303.17 -75.40 -0.05 -0.24 0.37 56498.00
-24.19 304.08 -74.95 -0.08 -0.23 0.34 56518.00
-24.26 304.89 -74.52 -0.10 -0.20 0.32 56539.00
-24.54 305.48 -74.14 -0.10 -0.24 0.31 56559.00
-24.43 306.35 -73.75 -0.14 -0.21 0.28 56580.00
-24.17 307.26 -73.41 -0.19 -0.16 0.26 56600.00
-24.07 307.95 -73.08 -0.23 -0.14 0.25 56622.00
-24.39 308.25 -72.85 -0.23 -0.17 0.23 56642.00
-24.41 308.42 -72.65 -0.22 -0.17 0.24 56663.00
-24.25 308.85 -72.49 -0.24 -0.15 0.23 56683.00
-24.05 309.11 -72.35 -0.26 -0.12 0.24 56704.00
-24.19 309.29 -72.21 -0.27 -0.13 0.23 56724.00
-24.52 309.42 -72.07 -0.26 -0.16 0.20 56744.00
-24.74 309.68 -71.94 -0.25 -0.18 0.18 56765.00
-24.47 310.19 -71.82 -0.28 -0.13 0.18 56785.00
-24.38 310.61 -71.69 -0.30 -0.09 0.18 56806.00
-24.80 310.74 -71.57 -0.32 -0.13 0.16 56826.00
-25.42 310.62 -71.44 -0.32 -0.21 0.15 56847.00
-25.14 310.94 -71.33 -0.32 -0.16 0.15 56868.00
-24.72 311.20 -71.22 -0.35 -0.09 0.17 56889.00
-24.68 311.11 -71.12 -0.36 -0.07 0.20 56909.00
-25.09 310.95 -71.05 -0.38 -0.12 0.21 56930.00
-24.92 311.03 -71.03 -0.40 -0.08 0.21 56950.00
-24.71 311.04 -71.05 -0.44 -0.03 0.23 56971.00
-24.58 311.11 -71.12 -0.50 0.01 0.23 56991.00
-24.42 310.81 -71.28 -0.58 0.08 0.31 57012.00
-24.42 311.07 -71.57 -0.62 0.10 0.20 57032.00
-24.47 310.91 -72.05 -0.64 0.09 0.23 57054.00
-24.49 310.78 -72.60 -0.63 0.06 0.24 57074.00
-24.52 310.73 -73.28 -0.59 0.02 0.24 57095.00
-24.56 310.71 -74.01 -0.51 -0.01 0.22 57115.00
-24.99 310.51 -74.81 -0.40 -0.11 0.18 57136.00
-25.70 309.49 -75.59 -0.23 -0.23 0.21 57156.00
-26.12 308.26 -76.36 -0.05 -0.39 0.29 57177.00
-25.76 307.55 -76.93 0.16 -0.51 0.44 57197.00
-25.61 307.57 -77.27 0.25 -0.62 0.58 57218.00
-25.84 307.94 -77.31 0.18 -0.61 0.52 57238.00
-26.30 308.65 -77.08 0.02 -0.49 0.32 57260.00
-26.36 309.25 -76.74 -0.08 -0.41 0.25 57280.00
-25.96 310.04 -76.36 -0.19 -0.31 0.21 57300.00
-25.24 310.95 -75.97 -0.29 -0.19 0.16 57321.00
-24.94 311.40 -75.59 -0.37 -0.15 0.13 57341.00
-25.11 311.50 -75.19 -0.46 -0.19 0.11 57362.00
-24.69 311.90 -74.85 -0.54 -0.16 0.09 57382.00
-23.57 312.04 -74.61 -0.63 0.06 0.15 57403.00
-23.26 311.54 -74.50 -0.68 0.16 0.19 57423.00
-23.56 311.11 -74.47 -0.68 0.16 0.20 57445.00
-24.21 310.89 -74.58 -0.63 0.07 0.22 57465.00
-24.61 310.74 -74.85 -0.58 -0.01 0.22 57486.00
-24.42 310.65 -75.23 -0.57 0.01 0.24 57506.00
-24.05 310.61 -75.71 -0.56 0.03 0.23 57527.00
-23.81 310.46 -76.23 -0.55 0.05 0.24 57547.00
-23.98 310.29 -76.84 -0.49 -0.00 0.23 57568.00
-24.25 310.03 -77.45 -0.40 -0.05 0.21 57588.00
-24.91 309.42 -78.12 -0.30 -0.14 0.20 57609.00
-25.39 308.72 -78.78 -0.21 -0.21 0.22 57630.00
-25.52 308.03 -79.37 -0.13 -0.24 0.27 57651.00
-25.69 307.23 -79.84 -0.03 -0.29 0.33 57671.00
-26.10 306.70 -80.24 0.08 -0.40 0.39 57692.00
-26.50 306.57 -80.51 0.13 -0.49 0.38 57712.00
-26.75 306.89 -80.65 0.06 -0.44 0.30 57733.00
-26.76 307.49 -80.65 -0.06 -0.31 0.20 57753.00
-26.39 308.10 -80.61 -0.15 -0.22 0.14 57774.00
-26.27 308.15 -80.60 -0.17 -0.20 0.11 57794.00
-25.97 308.09 -80.65 -0.18 -0.16 0.10 57815.00
-25.41 307.99 -80.76 -0.21 -0.11 0.12 57835.00
-25.46 307.41 -80.95 -0.25 -0.11 0.17 57856.00
-26.05 306.57 -81.21 -0.27 -0.19 0.21 57877.00
-26.63 305.74 -81.51 -0.23 -0.26 0.22 57897.00
-26.17 305.08 -81.85 -0.21 -0.20 0.31 57918.00
-26.11 304.46 -82.25 -0.22 -0.19 0.38 57938.00
-26.61 303.74 -82.71 -0.20 -0.26 0.39 57959.00
-27.24 302.93 -83.12 -0.13 -0.34 0.33 57979.00
-27.00 302.34 -83.50 -0.11 -0.31 0.38 58000.00
-26.73 301.82 -83.92 -0.15 -0.26 0.46 58020.00
-27.03 300.84 -84.45 -0.08 -0.32 0.45 58041.00
-27.22 299.91 -84.93 -0.01 -0.40 0.43 58061.00
-26.76 299.34 -85.38 -0.00 -0.36 0.46 58082.00
-26.10 299.03 -85.82 -0.06 -0.25 0.53 58102.00
-26.19 298.45 -86.35 -0.07 -0.27 0.52 58123.00
-26.62 297.70 -86.90 -0.02 -0.32 0.46 58143.00
-26.88 296.85 -87.50 0.05 -0.38 0.42 58165.00
-26.50 296.24 -88.04 0.08 -0.36 0.50 58185.00
-26.12 295.62 -88.64 0.10 -0.31 0.54 58206.00
-26.14 295.00 -89.19 0.13 -0.32 0.51 58226.00
-26.42 294.36 -89.71 0.19 -0.41 0.50 58247.00
-26.52 293.81 -90.10 0.27 -0.51 0.50 58267.00
-26.24 293.45 -90.40 0.27 -0.48 0.52 58288.00
-25.98 293.24 -90.59 0.20 -0.41 0.50 58308.00
-26.00 292.92 -90.72 0.18 -0.39 0.47 58329.00
-26.06 292.55 -90.77 0.17 -0.41 0.43 58349.00
-25.71 292.23 -90.80 0.15 -0.34 0.50 58370.00
-25.71 291.86 -90.85 0.15 -0.33 0.48 58390.00
-25.73 291.63 -90.90 0.13 -0.33 0.49 58411.00
-25.60 291.43 -90.96 0.12 -0.30 0.52 58431.00
-25.54 291.31 -91.05 0.10 -0.28 0.53 58451.00
-25.53 291.15 -91.18 0.10 -0.27 0.53 58473.00
-25.53 291.13 -91.32 0.09 -0.27 0.54 58493.00
-25.48 291.14 -91.50 0.08 -0.27 0.59 58514.00
-25.35 291.27 -91.70 0.04 -0.22 0.63 58534.00
-25.40 291.50 -92.00 -0.02 -0.18 0.67 58555.00
-25.76 291.62 -92.34 -0.01 -0.22 0.64 58575.00
-25.93 291.96 -92.71 0.01 -0.24 0.59 58596.00
-25.66 292.55 -93.08 -0.01 -0.16 0.55 58616.00
-25.60 293.01 -93.58 0.02 -0.12 0.48 58637.00
-25.93 292.97 -94.14 0.12 -0.14 0.40 58657.00
-26.42 292.64 -94.75 0.33 -0.25 0.37 58678.00
-26.48 292.59 -95.24 0.50 -0.29 0.32 58698.00
-26.68 292.95 -95.62 0.65 -0.41 0.35 58719.00
-26.83 293.19 -95.86 0.71 -0.49 0.34 58740.00
-26.74 293.25 -95.89 0.70 -0.47 0.28 58761.00
-26.61 293.40 -95.70 0.58 -0.40 0.22 58781.00
-26.39 293.56 -95.35 0.46 -0.32 0.21 58802.00
-26.22 293.74 -94.99 0.39 -0.30 0.26 58822.00
-26.02 294.03 -94.59 0.32 -0.29 0.32 58843.00
-25.81 294.36 -94.28 0.19 -0.23 0.34 58863.00
-25.76 294.50 -94.05 0.13 -0.24 0.38 58884.00
-25.79 294.44 -93.88 0.10 -0.28 0.39 58904.00
-25.29 294.61 -93.71 0.00 -0.20 0.44 58925.00
-24.98 294.57 -93.70 -0.07 -0.13 0.47 58945.00
-25.40 294.20 -93.79 -0.09 -0.17 0.48 58966.00
-25.82 293.83 -93.89 -0.09 -0.22 0.51 58986.00
-25.76 293.62 -94.04 -0.14 -0.19 0.59 59008.00
-25.62 293.54 -94.28 -0.20 -0.11 0.63 59028.00
-25.92 293.32 -94.60 -0.18 -0.12 0.63 59048.00
-26.58 293.01 -94.96 -0.09 -0.25 0.63 59069.00
-26.65 293.13 -95.28 -0.06 -0.26 0.59 59089.00
-26.38 293.43 -95.66 -0.03 -0.17 0.54 59110.00
-26.54 293.70 -96.11 -0.00 -0.16 0.47 59130.00
-27.04 293.53 -96.66 0.11 -0.20 0.40 59151.00
-27.38 293.39 -97.20 0.21 -0.27 0.35 59171.00
-27.27 293.30 -97.75 0.34 -0.31 0.36 59192.00
-27.11 293.24 -98.22 0.45 -0.32 0.35 59212.00
-27.09 293.25 -98.65 0.55 -0.34 0.34 59233.00
-27.35 293.51 -98.89 0.66 -0.49 0.37 59253.00
-27.23 293.75 -98.97 0.62 -0.51 0.38 59275.00
-27.07 294.02 -98.89 0.47 -0.44 0.37 59295.00
-26.78 294.52 -98.72 0.32 -0.33 0.47 59316.00
-26.92 295.10 -98.56 0.19 -0.33 0.48 59336.00
-26.87 295.69 -98.43 0.07 -0.30 0.50 59357.00
-26.81 296.04 -98.35 0.02 -0.33 0.56 59377.00
-26.75 296.46 -98.27 -0.04 -0.32 0.56 59398.00
-26.87 296.74 -98.19 -0.05 -0.36 0.56 59418.00
-26.87 297.07 -98.05 -0.07 -0.40 0.59 59439.00
-26.75 297.34 -97.89 -0.06 -0.38 0.62 59459.00
-26.87 297.64 -97.65 -0.03 -0.40 0.62 59480.00
-27.01 298.01 -97.37 -0.01 -0.41 0.61 59500.00
-27.24 298.55 -97.00 -0.01 -0.43 0.58 59521.00
-27.30 299.12 -96.60 -0.01 -0.39 0.55 59541.00
-27.36 299.75 -96.17 -0.01 -0.36 0.54 59561.00
-27.61 300.52 -95.72 -0.04 -0.34 0.50 59582.00
-27.93 301.20 -95.28 -0.05 -0.35 0.47 59603.00
-28.24 301.93 -94.82 -0.07 -0.34 0.43 59624.00
-28.43 302.56 -94.37 -0.08 -0.33 0.42 59644.00
-28.57 303.28 -93.92 -0.10 -0.29 0.39 59665.00
-28.83 304.07 -93.53 -0.15 -0.28 0.32 59685.00
-28.94 304.46 -93.22 -0.15 -0.32 0.34 59706.00
-28.86 304.70 -92.97 -0.17 -0.31 0.36 59726.00
-28.73 305.11 -92.64 -0.16 -0.22 0.26 59747.00
-28.38 305.41 -92.34 -0.22 -0.22 0.30 59767.00
-28.14 305.66 -92.03 -0.20 -0.16 0.24 59788.00
-28.06 305.70 -91.77 -0.19 -0.17 0.23 59808.00
-27.75 306.09 -91.52 -0.21 -0.14 0.23 59829.00
-27.53 306.43 -91.33 -0.24 -0.12 0.23 59849.00
-27.62 306.61 -91.13 -0.24 -0.13 0.23 59870.00
-27.79 306.59 -90.95 -0.24 -0.18 0.26 59891.00
-27.57 306.98 -90.80 -0.24 -0.13 0.25 59912.00
-27.36 307.45 -90.68 -0.29 -0.09 0.25 59932.00
-27.44 307.70 -90.58 -0.31 -0.08 0.25 59953.00
-27.71 307.83 -90.51 -0.31 -0.10 0.24 59973.00
-27.86 307.90 -90.47 -0.29 -0.11 0.24 59994.00
