44.01 92.18 -15.98 -0.57 0.17 0.35 3776.00
43.94 93.77 -15.13 -0.60 0.19 0.39 3807.00
43.95 94.80 -14.31 -0.63 0.21 0.39 3837.00
44.10 95.38 -13.43 -0.70 0.24 0.42 3868.00
44.17 95.64 -12.57 -0.74 0.26 0.43 3899.00
44.39 95.47 -11.59 -0.76 0.30 0.49 3930.00
44.48 95.15 -10.37 -0.79 0.37 0.53 3961.00
44.40 94.84 -9.40 -0.79 0.41 0.57 3992.00
44.61 94.51 -8.53 -0.80 0.44 0.61 4023.00
44.99 94.51 -7.65 -0.79 0.48 0.60 4054.00
45.24 94.84 -6.93 -0.80 0.52 0.60 4084.00
45.48 95.24 -6.42 -0.81 0.53 0.59 4115.00
45.73 95.86 -6.09 -0.83 0.55 0.54 4146.00
46.06 96.70 -5.68 -0.91 0.64 0.38 4176.00
46.15 97.46 -5.54 -1.04 0.80 0.18 4207.00
46.31 97.80 -6.11 -1.13 0.92 -0.03 4238.00
46.17 97.90 -7.61 -1.19 0.98 -0.25 4269.00
45.90 96.42 -10.43 -1.05 0.84 -0.15 4299.00
45.85 93.15 -14.09 -0.91 0.55 0.04 4330.00
47.20 87.14 -17.62 -0.61 0.30 0.41 4361.00
49.49 80.10 -20.14 -0.24 0.21 0.79 4391.00
51.51 74.46 -22.33 0.13 0.17 1.15 4421.00
52.85 69.28 -24.42 0.46 0.11 1.53 4452.00
53.11 64.98 -26.10 0.87 -0.06 1.91 4483.00
53.18 63.14 -26.90 0.97 -0.16 1.90 4513.00
52.45 64.47 -26.51 0.39 -0.08 1.66 4544.00
50.75 67.30 -25.83 0.18 -0.12 1.56 4575.00
50.00 71.68 -24.74 0.02 -0.14 1.22 4604.00
50.01 77.13 -22.79 -0.27 -0.03 0.93 4635.00
50.18 83.10 -20.31 -0.56 0.14 0.67 4666.00
49.82 88.76 -17.34 -0.79 0.28 0.46 4697.00
48.64 93.28 -14.02 -0.76 0.43 0.39 4727.00
47.12 97.63 -10.68 -0.76 0.54 0.29 4758.00
46.64 101.26 -7.61 -0.87 0.69 0.11 4789.00
47.77 103.63 -4.96 -1.08 0.94 -0.16 4819.00
48.87 105.27 -2.14 -1.28 1.30 -0.56 4850.00
47.78 106.01 -1.77 -1.46 1.50 -0.78 4881.00
46.99 104.65 -4.88 -1.42 1.14 -0.47 4912.00
48.37 101.32 -8.66 -1.28 0.80 -0.30 4942.00
50.35 96.10 -11.90 -1.08 0.80 -0.20 4973.00
50.30 90.45 -15.43 -0.81 0.70 0.07 5004.00
48.93 84.76 -19.33 -0.50 0.44 0.39 5033.00
47.92 78.72 -23.79 -0.29 0.19 0.69 5064.00
49.85 73.75 -27.06 -0.17 0.13 0.67 5095.00
52.13 68.88 -29.47 0.08 0.20 0.81 5126.00
53.65 64.53 -32.34 0.51 0.15 1.20 5156.00
55.04 59.75 -35.27 0.94 0.03 1.57 5187.00
55.20 55.84 -36.68 1.20 -0.11 1.93 5217.00
53.81 54.50 -36.40 0.94 -0.18 1.85 5248.00
50.97 56.08 -34.98 0.40 -0.20 1.60 5278.00
48.25 59.20 -32.90 0.20 -0.26 1.39 5309.00
47.63 63.28 -30.32 0.04 -0.21 1.12 5340.00
48.79 67.51 -27.79 -0.19 -0.09 0.87 5370.00
50.65 71.74 -24.97 -0.41 0.06 0.67 5401.00
52.13 74.49 -21.77 -0.62 0.29 0.70 5431.00
52.29 77.17 -18.92 -0.48 0.38 0.63 5462.00
51.49 79.84 -16.23 -0.52 0.43 0.58 5492.00
50.47 82.40 -13.77 -0.59 0.45 0.51 5522.00
49.84 84.47 -11.70 -0.66 0.47 0.43 5553.00
49.65 85.90 -10.37 -0.74 0.47 0.40 5583.00
49.98 86.41 -9.21 -0.82 0.53 0.36 5614.00
49.96 86.35 -8.51 -0.87 0.58 0.26 5645.00
49.17 85.39 -8.37 -0.90 0.60 0.25 5676.00
48.03 83.53 -8.60 -0.89 0.60 0.29 5706.00
46.53 80.72 -9.43 -0.82 0.58 0.31 5737.00
45.01 76.80 -10.87 -0.75 0.52 0.40 5768.00
43.74 72.11 -12.68 -0.61 0.46 0.49 5798.00
42.05 66.89 -15.05 -0.46 0.39 0.56 5829.00
39.90 61.36 -17.95 -0.34 0.22 0.72 5859.00
38.67 55.23 -20.96 -0.15 0.09 0.84 5890.00
38.18 49.82 -23.46 -0.03 0.04 0.83 5920.00
37.42 44.30 -25.81 0.11 0.04 0.91 5951.00
36.40 38.60 -28.24 0.32 -0.03 0.96 5982.00
35.39 33.14 -30.08 0.43 -0.06 0.96 6012.00
33.94 27.75 -32.09 0.65 -0.11 1.01 6043.00
32.42 22.78 -34.10 0.87 -0.22 1.05 6073.00
31.03 17.82 -35.33 0.90 -0.27 1.05 6104.00
29.96 13.21 -36.14 0.93 -0.24 1.06 6134.00
28.54 8.95 -36.88 1.01 -0.23 1.08 6165.00
27.07 5.33 -37.98 1.13 -0.32 1.12 6196.00
26.42 2.39 -38.35 1.03 -0.34 1.09 6225.00
25.83 -0.50 -38.10 1.03 -0.23 1.14 6256.00
24.87 -2.75 -38.13 1.07 -0.21 1.21 6287.00
24.49 -4.55 -38.38 1.07 -0.27 1.31 6318.00
25.21 -5.61 -38.40 1.02 -0.27 1.33 6348.00
26.27 -6.16 -38.15 1.01 -0.17 1.34 6378.00
28.67 -3.54 -37.74 0.73 0.08 1.27 6470.00
28.83 -1.93 -38.14 0.57 0.18 1.19 6501.00
29.39 0.07 -39.28 0.24 0.25 1.16 6531.00
30.67 1.53 -40.17 -0.14 0.50 0.89 6561.00
30.00 2.21 -42.17 -0.04 0.65 0.55 6592.00
25.25 1.13 -46.62 0.37 0.40 0.33 6623.00
21.60 1.29 -52.47 1.00 0.03 0.26 6653.00
21.33 1.71 -58.65 1.98 -0.29 0.73 6684.00
24.24 -0.34 -61.90 2.48 -0.40 1.02 6715.00
25.56 0.14 -61.96 1.0.26 0.61 6776.00
21.73 8.11 -58.13 1.36 -0.23 0.48 6808.00
20.42 12.39 -54.93 1.22 -0.16 0.33 6839.00
21.80 15.53 -51.50 0.78 -0.05 0.47 6870.00
23.61 17.91 -48.31 0.37 0.08 0.62 6900.00
24.47 19.55 -45.58 -0.07 0.17 0.76 6931.00
24.84 19.78 -43.01 -0.35 0.27 0.91 6961.00
25.28 18.92 -41.06 -0.50 0.42 1.05 6991.00
25.52 17.25 -40.43 -0.56 0.47 1.24 7022.00
26.24 15.29 -40.70 -0.60 0.57 1.22 7053.00
26.11 13.39 -42.35 -0.42 0.71 1.05 7083.00
24.83 11.05 -45.72 -0.13 0.63 0.82 7113.00
22.00 8.23 -50.87 0.56 0.39 0.58 7144.00
19.61 6.74 -57.42 1.35 0.18 0.49 7175.00
19.12 4.51 -62.88 2.01 -0.09 0.60 7205.00
19.82 2.08 -65.50 2.23 -0.16 0.75 7236.00
19.74 -0.25 -67.19 1.86 -0.34 1.17 7268.00
18.92 -0.25 -66.51 1.27 -0.45 1.04 7298.00
17.72 2.39 -63.95 0.92 -0.33 0.81 7328.00
17.41 5.98 -60.29 1.14 -0.05 0.65 7359.00
17.76 9.17 -57.90 1.09 0.13 0.64 7390.00
18.98 11.38 -56.90 0.83 -0.04 0.82 7420.00
20.89 13.10 -54.66 0.61 -0.04 0.94 7451.00
21.81 14.88 -52.09 0.54 0.08 1.14 7482.00
22.04 16.40 -49.77 0.45 0.13 1.36 7513.00
22.12 17.81 -47.83 0.38 0.12 1.62 7542.00
22.19 19.76 -46.05 0.52 0.04 1.92 7573.00
22.75 23.78 -44.43 0.60 -0.02 1.94 7604.00
22.99 29.46 -42.72 0.59 0.07 1.73 7634.00
22.34 36.41 -40.87 0.46 0.13 1.46 7665.00
21.01 43.87 -39.02 0.27 0.13 1.24 7696.00
19.57 51.60 -37.46 0.09 0.06 1.08 7727.00
18.94 58.71 -36.15 0.01 -0.00 0.93 7757.00
18.27 65.86 -35.04 0.03 -0.06 0.89 7787.00
18.48 73.59 -33.83 -0.02 -0.06 0.67 7818.00
18.04 81.24 -32.68 -0.10 -0.08 0.50 7848.00
17.13 88.91 -31.35 -0.24 -0.10 0.37 7879.00
16.45 96.12 -29.71 -0.35 -0.13 0.23 7910.00
16.75 102.71 -27.60 -0.45 -0.13 0.08 7941.00
17.83 107.64 -25.40 -0.66 -0.02 -0.02 7971.00
18.60 110.63 -23.40 -0.80 0.12 -0.09 8003.00
18.60 112.58 -22.22 -0.89 0.17 -0.03 8034.00
18.64 113.38 -21.18 -0.88 0.11 0.05 8065.00
18.89 113.31 -20.11 -0.97 0.17 0.12 8096.00
19.04 112.84 -19.41 -0.86 0.19 0.22 8127.00
19.20 112.26 -19.05 -0.86 0.15 0.27 8158.00
19.60 111.71 -18.81 -0.88 0.12 0.27 8188.00
20.37 111.07 -18.56 -1.05 0.16 0.21 8220.00
21.16 110.07 -18.29 -1.04 0.19 0.13 8251.00
22.13 108.49 -17.76 -1.16 0.27 -0.11 8282.00
22.59 106.37 -17.09 -1.26 0.37 -0.14 8313.00
23.05 103.00 -16.65 -1.23 0.51 -0.10 8344.00
23.09 98.86 -17.50 -1.01 0.51 0.04 8375.00
24.12 93.17 -19.81 -0.75 0.36 0.35 8406.00
26.88 85.73 -22.70 -0.37 0.30 0.77 8436.00
29.82 78.49 -26.24 0.14 0.25 1.31 8467.00
31.65 73.01 -29.21 0.90 0.19 1.96 8498.00
30.79 71.36 -30.21 1.37 0.05 2.25 8527.00
28.04 74.10 -30.35 0.55 -0.14 1.70 8558.00
25.52 78.87 -30.26 0.07 -0.25 1.29 8589.00
23.82 84.65 -29.08 -0.20 -0.22 0.96 8620.00
22.53 91.89 -26.94 -0.65 -0.10 0.46 8650.00
20.84 97.61 -24.32 -1.04 -0.01 0.28 8681.00
19.78 102.40 -20.93 -1.23 0.11 0.09 8713.00
19.73 105.87 -17.07 -1.45 0.37 -0.28 8743.00
20.16 108.12 -13.81 -1.48 0.65 -0.49 8774.00
20.42 108.87 -12.13 -1.57 0.84 -0.66 8805.00
20.71 107.29 -12.24 -1.54 0.80 -0.49 8836.00
21.49 103.95 -13.53 -1.38 0.66 -0.39 8866.00
22.55 98.85 -15.27 -1.19 0.57 -0.19 8898.00
23.15 93.01 -17.63 -0.89 0.47 0.06 8929.00
23.51 86.24 -20.69 -0.59 0.31 0.41 8960.00
24.55 79.60 -23.72 -0.29 0.21 0.71 8990.00
26.06 74.22 -27.03 0.14 0.15 1.06 9021.00
28.48 69.85 -30.80 0.82 0.04 1.73 9051.00
31.17 65.50 -33.00 1.63 0.02 2.25 9081.00
30.28 64.23 -31.43 1.59 0.04 2.20 9112.00
26.14 67.03 -28.99 0.54 -0.04 1.62 9143.00
20.79 71.63 -27.13 0.19 -0.27 1.32 9174.00
17.73 77.54 -24.25 -0.07 -0.35 0.93 9204.00
17.39 84.42 -20.06 -0.64 -0.17 0.62 9235.00
18.72 89.48 -15.38 -1.03 0.15 0.32 9266.00
18.76 92.76 -11.28 -0.87 0.46 0.33 9296.00
18.27 95.97 -7.76 -1.01 0.61 0.19 9327.00
18.26 98.37 -4.75 -1.09 0.76 0.04 9358.00
17.40 99.92 -2.16 -1.14 0.91 0.04 9389.00
15.44 100.77 -0.77 -1.14 0.97 0.01 9419.00
13.22 101.04 -1.74 -1.08 0.76 0.12 9450.00
12.83 100.35 -4.58 -0.97 0.48 0.24 9481.00
14.26 98.70 -7.51 -0.94 0.38 0.21 9511.00
14.99 96.51 -10.67 -0.88 0.38 0.16 9542.00
14.69 93.63 -14.11 -0.82 0.25 0.14 9573.00
14.40 89.61 -17.48 -0.75 0.13 0.15 9605.00
14.93 84.62 -20.15 -0.71 0.13 0.14 9635.00
15.00 78.50 -22.91 -0.47 0.14 0.18 9666.00
14.10 70.71 -25.98 -0.25 0.10 0.29 9697.00
12.71 62.21 -29.70 0.07 0.03 0.41 9728.00
12.19 55.06 -33.98 0.42 -0.08 0.57 9758.00
13.12 47.68 -38.02 0.75 -0.16 0.86 9789.00
14.73 40.93 -41.34 1.03 -0.17 1.09 9819.00
15.97 34.87 -44.33 1.23 -0.22 1.34 9849.00
17.07 29.83 -46.40 1.21 -0.30 1.41 9880.00
17.71 25.92 -47.42 0.99 -0.31 1.40 9911.00
18.28 22.65 -47.65 0.96 -0.38 1.45 9942.00
19.20 19.95 -47.09 0.80 -0.40 1.47 9971.00
20.40 17.50 -45.71 0.71 -0.31 1.50 10002.00
21.41 15.36 -43.69 0.66 -0.15 1.58 10033.00
22.00 13.94 -41.67 0.64 -0.05 1.64 10063.00
22.73 13.17 -39.31 0.52 0.06 1.65 10094.00
23.50 13.15 -36.85 0.36 0.26 1.63 10125.00
23.89 13.80 -35.03 0.20 0.52 1.55 10156.00
23.73 15.03 -35.29 0.01 0.61 1.38 10186.00
23.99 16.49 -36.96 -0.28 0.52 1.13 10217.00
24.60 18.02 -38.62 -0.51 0.53 0.51 10247.00
23.73 15.19 -41.68 -0.18 0.51 0.37 10277.00
20.14 11.95 -47.42 0.62 0.21 0.37 10308.00
19.14 9.40 -54.48 1.50 -0.10 0.55 10340.00
19.83 6.66 -58.98 2.36 -0.24 2.68 10371.00
20.07 3.59 -59.96 2.82 -0.30 1.16 10401.00
18.03 5.56 -58.55 1.59 -0.32 0.73 10432.00
15.17 10.00 -55.65 1.00 -0.31 0.61 10463.00
14.63 14.01 -52.81 1.19 -0.23 0.43 10493.00
16.36 17.98 -50.50 0.89 -0.16 0.46 10525.00
18.38 20.91 -48.59 0.31 -0.13 0.73 10556.00
19.58 22.44 -45.97 -0.22 -0.09 0.90 10587.00
20.12 22.42 -42.26 -0.39 0.12 1.10 10617.00
20.51 21.95 -39.23 -0.35 0.41 1.28 10647.00
21.06 21.26 -38.29 -0.36 0.50 1.31 10678.00
21.26 20.67 -38.97 -0.27 0.48 1.17 10708.00
21.12 20.11 -40.56 -0.33 0.39 0.93 10739.00
20.14 17.95 -42.81 -0.06 0.35 0.74 10770.00
18.06 15.03 -46.39 0.51 0.20 0.69 10801.00
16.76 12.81 -50.43 1.13 0.05 0.65 10831.00
16.28 10.49 -54.44 1.81 -0.16 0.66 10862.00
17.37 8.60 -57.21 2.28 -0.37 0.95 10894.00
18.87 8.42 -56.91 1.68 -0.28 1.05 10925.00
18.40 10.63 -54.99 1.26 -0.12 0.93 10955.00
17.12 14.24 -52.82 1.32 -0.06 0.83 10986.00
17.14 18.90 -50.76 1.24 -0.05 0.77 11017.00
18.14 22.67 -49.04 0.93 -0.05 0.80 11047.00
19.71 26.54 -47.63 0.58 -0.07 0.85 11078.00
20.33 29.92 -45.56 0.24 -0.05 0.94 11109.00
19.97 32.69 -43.10 0.12 -0.05 0.88 11140.00
19.63 35.41 -40.64 -0.07 -0.05 0.82 11170.00
19.69 36.77 -37.70 -0.23 0.03 0.85 11201.00
19.72 37.03 -35.48 -0.17 0.09 1.00 11232.00
20.12 36.62 -33.47 -0.18 0.13 1.18 11262.00
20.66 36.39 -31.92 -0.04 0.14 1.34 11293.00
21.46 36.66 -30.85 0.01 0.16 1.48 11324.00
22.29 37.55 -30.23 0.04 0.20 1.56 11355.00
22.77 39.00 -30.25 0.11 0.16 1.66 11384.00
23.47 41.58 -30.55 0.13 0.07 1.63 11415.00
23.97 45.01 -31.07 0.21 0.03 1.53 11446.00
24.32 49.09 -31.55 0.23 -0.05 1.47 11476.00
24.60 53.70 -31.73 0.23 -0.10 1.38 11507.00
24.61 58.92 -31.77 0.26 -0.12 1.29 11538.00
24.57 64.86 -31.52 0.18 -0.13 1.10 11569.00
24.45 70.72 -31.10 0.11 -0.13 0.93 11599.00
24.45 77.02 -30.29 -0.01 -0.11 0.79 11630.00
24.35 83.24 -29.07 -0.14 -0.06 0.62 11661.00
24.04 89.03 -27.84 -0.23 -0.03 0.56 11692.00
23.84 93.50 -26.68 -0.32 -0.06 0.71 11721.00
24.54 99.65 -25.00 -0.48 0.00 0.33 11753.00
25.42 104.18 -23.10 -0.60 0.10 0.21 11784.00
25.81 107.24 -21.61 -0.72 0.19 0.15 11814.00
25.94 109.39 -20.28 -0.74 0.23 0.15 11846.00
25.72 110.74 -19.47 -0.79 0.22 0.18 11877.00
25.75 111.23 -18.83 -0.84 0.22 0.23 11908.00
25.89 111.03 -18.31 -0.87 0.26 0.31 11938.00
25.73 110.58 -18.02 -0.90 0.27 0.38 11970.00
25.51 110.13 -18.00 -0.93 0.24 0.41 12001.00
25.69 109.53 -18.00 -0.96 0.23 0.39 12032.00
26.09 108.69 -18.03 -1.01 0.28 0.36 12063.00
26.52 107.41 -17.97 -1.09 0.34 0.34 2125.00
27.81 98.31 -22.41 -0.89 0.36 0.34 12218.00
28.91 93.48 -24.84 -0.60 0.23 0.55 12249.00
29.73 88.06 -27.43 -0.17 0.11 1.01 12279.00
31.30 83.52 -29.81 0.23 0.00 1.34 12310.00
32.63 79.83 -31.00 0.60 -0.02 1.69 12341.00
32.72 78.27 -31.64 0.76 -0.11 1.78 12370.00
31.91 79.73 -31.26 0.27 -0.10 1.43 12401.00
29.89 82.26 -30.71 -0.06 -0.15 1.28 12432.00
28.92 85.64 -29.98 -0.19 -0.25 1.07 12463.00
29.45 89.72 -28.56 -0.53 -0.19 0.83 12493.00
30.37 93.81 -26.31 -0.88 0.02 0.62 12524.00
30.55 97.27 -23.63 -1.11 0.27 0.42 12555.00
29.52 99.64 -20.99 -1.12 0.41 0.34 12587.00
28.55 101.23 -19.01 -1.25 0.51 0.18 12617.00
28.00 102.03 -17.69 -1.33 0.60 -0.04 12648.00
27.62 101.79 -17.75 -1.36 0.60 -0.01 12679.00
28.18 100.07 -18.81 -1.32 0.52 -0.01 12709.00
28.76 97.35 -20.24 -1.26 0.52 0.01 12741.00
28.79 93.57 -22.35 -1.03 0.42 0.10 12772.00
29.14 87.97 -25.20 -0.71 0.26 0.42 12803.00
30.71 81.69 -27.88 -0.35 0.15 0.76 12833.00
32.97 76.35 -30.22 0.09 0.14 0.96 12864.00
34.61 71.80 -32.19 0.46 0.18 1.29 12895.00
35.25 67.40 -34.12 0.99 0.10 1.69 12925.00
35.00 64.16 -35.56 1.38 -0.10 1.94 12956.00
33.96 64.67 -34.88 0.78 -0.18 1.69 12986.00
31.83 66.99 -33.44 0.26 -0.16 1.44 13017.00
30.06 69.89 -32.20 0.33 -0.23 1.36 13047.00
29.84 74.12 -30.10 0.28 -0.17 1.15 13078.00
29.81 78.90 -27.27 -0.03 0.01 0.99 13109.00
29.20 83.21 -24.74 -0.33 0.07 0.90 13139.00
28.14 87.59 -21.35 -0.42 0.14 0.78 13170.00
26.55 92.85 -17.17 -0.48 0.22 0.61 13201.00
25.41 97.94 -12.72 -0.60 0.33 0.48 13232.00
25.36 102.57 -8.87 -0.69 0.44 0.36 13262.00
26.38 106.44 -4.49 -0.89 0.67 0.17 13293.00
26.21 110.14 0.81 -1.17 1.08 -0.16 13324.00
23.01 114.88 6.18 -1.49 1.52 -0.83 13353.00
17.28 116.52 7.63 -1.08 1.29 -0.13 13384.00
12.22 114.50 2.66 -0.73 0.38 0.60 13416.00
16.57 110.15 -0.49 -0.79 0.04 0.58 13447.00
21.30 106.37 -1.22 -0.78 0.37 0.48 13477.00
22.63 103.73 -2.95 -0.67 0.59 0.49 13507.00
21.44 101.56 -5.34 -0.70 0.45 0.51 13538.00
20.21 99.36 -7.64 -0.66 0.30 0.45 13569.00
20.12 96.37 -9.83 -0.61 0.27 0.39 13599.00
20.60 92.19 -12.26 -0.56 0.30 0.42 13630.00
20.75 87.07 -14.77 -0.48 0.33 0.47 13661.00
19.86 81.80 -17.40 -0.35 0.29 0.52 13691.00
18.15 76.23 -20.68 -0.22 0.17 0.59 13722.00
17.14 70.34 -24.03 -0.14 0.07 0.63 13753.00
16.78 64.06 -27.02 0.01 0.08 0.69 13784.00
16.03 57.97 -29.75 0.13 0.10 0.71 13814.00
14.84 51.76 -33.10 0.30 0.06 0.65 13845.00
13.04 45.49 -36.84 0.64 -0.09 0.89 13876.00
11.94 39.87 -39.75 0.68 -0.19 0.83 13906.00
11.16 34.47 -41.92 0.82 -0.17 0.93 13936.00
10.10 28.45 -44.45 1.13 -0.19 1.00 13967.00
8.93 23.13 -46.52 1.17 -0.25 1.02 13999.00
7.84 18.26 -48.30 1.23 -0.31 0.89 14029.00
7.49 14.24 -49.73 1.26 -0.36 1.30 14059.00
7.95 10.85 -50.70 1.31 -0.36 1.38 14090.00
8.80 9.03 -51.04 1.23 -0.34 1.37 14120.00
9.75 8.54 -50.67 1.05 -0.29 1.24 14151.00
10.34 9.02 -49.64 0.96 -0.23 1.09 14182.00
10.31 9.67 -48.43 0.82 -0.13 1.03 14212.00
9.81 10.15 -47.44 0.71 -0.05 1.04 14242.00
9.15 10.42 -46.82 0.57 -0.02 1.14 14273.00
9.51 10.64 -46.50 0.42 0.05 1.28 14304.00
10.74 11.10 -46.66 0.31 0.20 1.33 14334.00
12.03 12.73 -47.59 0.12 0.33 1.01 14365.00
11.94 13.39 -49.50 0.06 0.35 0.63 14396.00
11.63 13.05 -52.05 0.44 0.35 0.42 14427.00
10.47 11.70 -55.05 1.04 0.31 0.42 14457.00
10.35 9.17 -59.26 1.87 0.07 0.53 14488.00
10.83 7.27 -63.09 2.27 -0.33 0.84 14519.00
11.66 7.15 -64.14 1.24 -0.50 1.00 14550.00
12.36 8.18 -62.60 0.85 -0.31 0.80 14580.00
11.42 11.51 -60.18 1.27 -0.09 0.63 14611.00
10.47 15.57 -58.28 1.41 0.03 0.48 14643.00
14.92 20.35 -44.47 -0.12 0.33 1.64 14858.00
15.48 20.37 -44.40 -0.14 0.47 1.24 14887.00
14.49 20.25 -45.58 -0.03 0.48 1.07 14918.00
13.11 19.58 -47.81 0.13 0.44 0.91 14949.00
11.33 18.68 -51.24 0.61 0.26 0.73 14980.00
10.19 18.17 -55.08 0.97 0.07 0.54 15011.00
9.52 16.88 -58.84 1.57 -0.06 0.62 15042.00
10.30 15.50 -61.59 2.04 -0.29 0.77 15073.00
11.36 14.82 -61.69 1.48 -0.26 0.92 15104.00
10.94 15.47 -60.36 1.26 -0.15 0.85 15134.00
8.82 18.30 -58.41 1.36 -0.09 0.82 15165.00
7.75 22.23 -56.39 1.44 -0.08 0.71 15196.00
8.95 26.13 -54.02 1.29 -0.01 0.65 15227.00
10.85 29.61 -51.87 0.97 0.04 0.72 15258.00
11.90 32.51 -49.89 0.58 0.03 0.85 15289.00
11.89 35.37 -47.24 0.32 -0.02 0.95 15320.00
12.02 38.55 -44.01 -0.00 0.01 0.94 15350.00
11.97 40.97 -41.10 -0.15 0.06 0.97 15380.00
12.17 43.34 -38.72 -0.22 0.07 0.89 15411.00
12.72 44.93 -36.88 -0.22 0.05 0.94 15441.00
13.78 45.72 -34.94 -0.14 0.13 1.00 15472.00
14.22 45.95 -33.15 -0.06 0.22 1.10 15503.00
13.96 46.28 -31.83 -0.00 0.20 1.14 15534.00
13.53 46.65 -31.20 0.07 0.17 1.20 15564.00
13.54 47.76 -31.29 0.06 0.05 1.18 15595.00
14.21 48.85 -31.25 -0.01 0.06 1.19 15626.00
14.19 49.59 -31.30 -0.03 0.09 1.36 15656.00
14.07 50.43 -31.50 -0.05 -0.01 1.55 15687.00
14.60 51.77 -31.42 0.04 -0.03 1.63 15718.00
15.17 54.23 -31.89 0.22 -0.06 1.70 15749.00
16.33 57.72 -32.42 0.30 -0.14 1.59 15779.00
17.56 62.24 -32.65 0.30 -0.10 1.41 15810.00
17.92 67.09 -32.66 0.21 -0.08 1.24 15840.00
17.88 72.28 -32.41 0.11 -0.11 1.11 15870.00
17.99 77.86 -31.90 0.03 -0.13 0.96 15901.00
18.09 83.69 -31.24 -0.01 -0.14 0.78 15932.00
18.06 89.98 -30.38 -0.06 -0.16 0.60 15963.00
18.67 96.47 -29.00 -0.22 -0.10 0.48 15993.00
19.08 102.46 -27.27 -0.34 0.01 0.33 16024.00
19.02 106.86 -25.52 -0.46 0.12 0.21 16056.00
18.51 109.13 -23.92 -0.62 0.20 0.30 16087.00
17.85 110.73 -22.63 -0.68 0.23 0.31 16117.00
17.37 111.77 -21.93 -0.76 0.23 0.34 16148.00
17.71 112.29 -21.49 -0.87 0.22 0.35 16179.00
18.51 112.54 -21.01 -0.95 0.30 0.29 16210.00
18.89 112.47 -20.90 -1.03 0.36 0.25 16241.00
19.11 111.91 -20.96 -1.10 0.40 0.14 16272.00
19.19 110.90 -20.94 -1.23 0.46 0.03 16304.00
19.09 108.64 -21.83 -1.19 0.47 0.21 16334.00
19.72 105.27 -23.65 -1.00 0.33 0.34 16365.00
22.04 100.90 -25.33 -0.84 0.29 0.43 16396.00
24.73 96.37 -26.71 -0.56 0.33 0.56 16427.00
26.14 91.47 -28.09 -0.25 0.32 0.83 16457.00
26.92 86.32 -30.11 0.23 0.19 1.30 16488.00
27.87 81.75 -32.05 0.85 -0.02 1.93 16519.00
28.57 79.70 -32.50 1.43 -0.14 2.21 16549.00
27.57 82.15 -31.51 0.82 -0.06 1.83 16580.00
24.92 86.62 -30.51 0.17 -0.10 1.46 16611.00
23.32 91.77 -29.45 0.02 -0.19 1.11 16642.00
23.41 97.81 -27.64 -0.24 -0.08 0.79 16672.00
23.63 104.05 -25.09 -0.71 0.16 0.43 16703.00
23.13 108.38 -22.58 -1.03 0.38 0.22 16734.00
21.43 111.08 -20.54 -1.05 0.54 0.12 16764.00
18.71 112.70 -18.86 -1.15 0.56 0.07 16795.00
16.77 113.25 -17.85 -1.33 0.56 0.01 16827.00
16.77 112.70 -17.91 -1.32 0.53 0.13 16858.00
18.06 111.31 -18.74 -1.32 0.55 0.05 16888.00
19.26 109.06 -20.17 -1.21 0.53 0.12 16919.00
19.94 106.30 -22.13 -1.12 0.43 0.20 16951.00
20.87 102.85 -24.22 -0.96 0.30 0.29 16982.00
22.35 98.75 -26.11 -0.78 0.25 0.38 17012.00
24.26 93.54 -28.02 -0.54 0.25 0.54 17043.00
26.08 87.96 -30.05 -0.26 0.26 0.79 17074.00
27.82 83.03 -32.38 0.11 0.23 1.10 17104.00
29.75 77.74 -35.23 0.69 0.19 1.59 17135.00
31.21 73.06 -37.43 1.38 0.06 1.69 17166.00
30.37 72.73 -37.25 1.12 -0.00 1.86 17197.00
27.54 74.46 -36.49 0.43 -0.10 1.61 17227.00
24.63 77.30 -35.13 0.39 -0.19 1.46 17258.00
23.29 81.74 -33.21 0.28 -0.15 1.19 17289.00
23.20 86.50 -31.08 -0.04 -0.05 1.02 17319.00
23.78 91.27 -28.50 -0.42 0.11 0.82 17349.00
23.40 95.76 -24.90 -0.60 0.37 0.69 17380.00
20.95 100.42 -21.54 -0.64 0.46 0.54 17411.00
18.87 104.81 -19.93 -0.81 0.34 0.42 17441.00
19.77 108.29 -18.34 -1.02 0.32 0.31 17472.00
22.05 110.88 -16.29 -1.13 0.53 0.11 17504.00
22.21 112.25 -15.17 -1.12 0.65 0.13 17534.00
20.45 112.92 -14.77 -1.05 0.47 0.35 17565.00
19.34 112.99 -14.61 -0.97 0.31 0.48 17597.00
19.60 113.21 -14.80 -0.89 0.25 0.47 17628.00
20.26 113.27 -15.10 -0.84 0.28 0.44 17658.00
20.39 112.95 -15.51 -0.82 0.29 0.42 17689.00
20.08 112.01 -16.03 -0.77 0.25 0.46 17721.00
19.88 110.87 -16.58 -0.77 0.24 0.42 17752.00
19.47 109.38 -17.33 -0.74 0.25 0.39 17782.00
18.81 107.41 -18.30 -0.71 0.22 0.32 17813.00
17.88 104.90 -19.44 -0.67 0.19 0.23 17845.00
16.79 101.54 -20.70 -0.57 0.16 0.19 17875.00
15.16 96.84 -22.39 -0.47 0.08 0.28 17906.00
14.34 91.25 -23.96 -0.42 0.07 0.32 17937.00
13.30 84.80 -25.49 -0.27 0.11 0.37 17968.00
12.10 77.67 -27.39 -0.14 0.11 0.43 17998.00
10.77 69.30 -29.95 0.14 0.12 0.76 18029.00
10.36 61.76 -33.37 0.40 0.07 1.05 18060.00
10.56 54.91 -36.91 0.53 -0.01 1.03 18091.00
10.40 49.32 -40.20 0.64 -0.07 1.08 18121.00
10.34 43.48 -43.29 0.79 -0.14 1.10 18152.00
10.37 37.64 -45.56 0.95 -0.19 1.26 18182.00
10.00 32.00 -47.15 1.15 -0.26 1.37 18212.00
9.71 26.78 -48.25 1.37 -0.31 1.55 18243.00
10.15 23.30 -48.53 1.20 -0.27 1.56 18274.00
11.10 21.09 -48.32 1.32 -0.22 1.56 18305.00
11.85 20.32 -47.64 1.12 -0.12 1.47 18335.00
12.01 20.35 -46.76 0.91 -0.05 1.35 18366.00
12.03 20.83 -45.61 0.68 0.03 1.28 18397.00
12.02 21.21 -44.70 0.53 0.14 1.31 18426.00
11.97 21.87 -44.46 0.39 0.19 1.31 18457.00
12.24 22.55 -44.49 0.26 0.30 1.23 18488.00
12.05 23.88 -45.22 0.08 0.33 0.97 18519.00
11.38 24.10 -46.60 0.00 0.31 0.80 18549.00
9.77 23.42 -49.36 0.48 0.18 0.75 18580.00
9.52 23.81 -52.83 0.81 0.01 0.67 18611.00
9.68 23.72 -55.55 1.18 -0.05 0.42 18641.00
9.65 23.24 -58.23 1.64 -0.08 0.37 18673.00
9.62 21.87 -60.68 1.75 -0.25 0.52 18704.00
9.96 20.46 -61.58 1.21 -0.35 0.66 18735.00
10.23 20.12 -60.73 1.02 -0.29 0.66 18765.00
10.24 21.11 -58.70 1.24 -0.14 0.58 18796.00
10.53 23.27 -56.56 1.31 0.01 0.49 18828.00
11.62 25.33 -54.77 1.20 0.08 0.49 18859.00
13.45 27.61 -52.69 0.80 0.11 0.69 18889.00
13.94 28.38 -49.85 0.24 0.22 0.75 18920.00
12.17 27.97 -48.10 -0.06 0.16 1.09 18951.00
11.73 25.50 -46.65 -0.29 -0.02 1.70 18981.00
14.50 23.98 -44.72 -0.28 0.28 1.63 19012.00
15.56 21.87 -43.94 -0.10 0.63 1.87 19043.00
15.12 21.53 -45.28 0.01 0.69 1.30 19073.00
13.43 20.70 -47.93 0.18 0.59 1.03 19103.00
12.31 21.80 -51.61 0.55 0.38 0.61 19134.00
9.23 21.34 -55.68 0.96 0.19 0.43 19165.00
7.91 20.64 -60.48 1.82 0.06 0.52 19196.00
8.81 18.84 -63.84 2.57 -0.19 0.64 19227.00
10.34 17.83 -64.37 1.82 -0.21 0.79 19258.00
10.02 17.27 -63.91 1.37 -0.23 0.89 19289.00
8.79 19.37 -61.95 1.32 -0.18 0.85 19320.00
8.16 23.64 -59.06 1.49 -0.06 0.68 19351.00
9.48 28.47 -56.41 1.39 0.11 0.55 19382.00
11.84 32.37 -54.77 1.15 0.09 0.61 19412.00
13.84 35.88 -52.56 0.76 0.09 0.58 19443.00
13.96 39.16 -49.72 0.39 0.18 0.70 19474.00
12.58 41.24 -47.65 0.29 0.09 0.86 19505.00
12.20 42.81 -45.21 -0.08 -0.05 0.94 19535.00
12.53 43.26 -42.02 -0.24 0.03 0.99 19566.00
12.19 43.29 -39.31 -0.14 0.13 1.14 19597.00
12.29 43.65 -37.54 0.01 0.02 1.11 19628.00
14.19 43.94 -35.72 0.05 0.05 1.12 19658.00
15.48 43.87 -33.75 0.17 0.30 1.14 19689.00
14.94 44.10 -32.94 0.24 0.23 1.22 19720.00
15.40 44.66 -32.32 0.27 0.12 1.18 19750.00
15.74 45.62 -32.01 0.24 0.22 1.11 19781.00
15.36 46.49 -32.25 0.23 0.20 1.20 19812.00
15.43 47.41 -32.86 0.27 0.16 1.37 19843.00
15.76 48.66 -33.80 0.37 0.12 1.52 19872.00
16.32 50.94 -34.77 0.40 0.09 1.62 19903.00
16.52 54.41 -35.86 0.42 0.04 1.62 19934.00
16.87 58.88 -36.88 0.42 -0.06 1.50 19964.00
17.95 64.28 -37.73 0.33 -0.07 1.34 19995.00
19.03 69.98 -38.32 0.25 -0.08 1.21 20026.00
19.92 75.76 -38.56 0.21 -0.06 1.14 20057.00
20.47 81.40 -38.57 0.16 -0.05 1.00 20087.00
21.05 87.31 -38.52 0.09 -0.06 0.85 20118.00
21.12 92.63 -38.21 0.01 -0.08 0.74 20149.00
21.52 98.43 -37.70 -0.12 -0.06 0.58 20179.00
21.34 103.71 -36.74 -0.29 -0.01 0.45 20210.00
21.23 108.39 -35.72 -0.41 0.02 0.35 20241.00
21.08 111.72 -34.70 -0.57 0.05 0.24 20272.00
21.34 113.08 -33.58 -0.69 0.15 0.31 20302.00
21.04 113.79 -32.90 -0.67 0.21 0.35 20333.00
20.52 113.57 -32.49 -0.72 0.19 0.48 20365.00
20.01 113.21 -31.91 -0.78 0.20 0.56 20396.00
19.53 113.01 -31.56 -0.87 0.21 0.58 20426.00
19.70 112.70 -31.19 -0.98 0.25 0.55 20458.00
20.40 112.35 -30.97 -1.12 0.36 0.43 20489.00
21.23 111.73 -30.93 -1.32 0.48 0.22 20519.00
21.83 110.46 -31.30 -1.43 0.58 0.00 20550.00
22.24 107.21 -33.04 -1.17 0.53 0.26 20582.00
23.66 103.16 -35.70 -0.95 0.36 0.31 20613.00
26.18 98.01 -38.26 -0.69 0.26 0.32 20643.00
28.68 90.26 -40.76 -0.19 0.27 1.10 20674.00
32.95 85.02 -44.03 0.57 0.24 1.21 20705.00
36.62 79.24 -46.68 1.36 0.42 1.70 20736.00
37.74 75.55 -46.99 1.97 0.38 1.92 20766.00
35.35 77.26 -45.11 0.96 0.33 1.55 20797.00
30.66 80.97 -44.16 0.41 0.12 1.27 20828.00
28.43 85.24 -43.40 0.21 -0.08 1.20 20858.00
29.12 90.24 -41.42 -0.14 0.07 0.74 20888.00
28.42 93.81 -38.83 -0.50 0.28 0.70 20919.00
25.91 96.48 -36.68 -0.81 0.25 0.68 20950.00
23.75 97.80 -34.27 -0.95 0.12 0.76 20981.00
23.32 98.78 -31.26 -1.14 0.27 0.66 21012.00
23.78 99.81 -28.83 -1.20 0.53 0.55 21043.00
24.48 100.46 -28.14 -1.38 0.65 0.33 21073.00
25.21 100.19 -28.62 -1.51 0.67 0.20 21104.00
25.59 98.11 -30.26 -1.38 0.58 0.27 21136.00
25.42 94.66 -32.50 -1.14 0.43 0.39 21167.00
25.90 90.29 -35.04 -0.78 0.34 0.52 21197.00
26.85 85.09 -37.96 -0.35 0.31 0.62 21228.00
27.90 79.71 -41.51 0.18 0.26 0.86 21259.00
29.99 75.16 -45.44 0.91 0.23 1.21 21288.00
32.80 69.91 -49.04 1.84 0.19 1.77 21320.00
33.47 68.14 -49.94 1.78 0.07 1.69 21350.00
31.68 70.81 -48.29 0.90 0.06 1.28 21381.00
27.60 73.69 -46.54 0.48 -0.02 1.23 21411.00
25.15 77.86 -44.48 0.54 -0.11 1.09 21442.00
25.16 82.56 -42.14 0.23 -0.03 0.88 21473.00
26.14 86.65 -40.00 -0.15 0.07 0.84 21504.00
26.54 89.98 -37.46 -0.53 0.23 0.78 21534.00
25.10 92.85 -34.58 -0.66 0.37 0.80 21565.00
22.91 95.87 -32.95 -0.69 0.28 0.77 21596.00
22.96 98.55 -31.55 -0.86 0.18 0.66 21626.00
24.47 100.30 -29.93 -1.00 0.40 0.55 21657.00
24.13 101.04 -28.75 -1.05 0.50 0.61 21688.00
22.59 101.11 -27.60 -1.02 0.40 0.73 21719.00
21.42 101.06 -26.94 -0.91 0.33 0.77 21749.00
21.39 100.87 -26.90 -0.81 0.25 0.80 21780.00
21.77 100.52 -26.98 -0.74 0.29 0.76 21811.00
21.37 100.08 -27.20 -0.66 0.29 0.71 21841.00
20.58 99.35 -27.72 -0.63 0.21 0.68 21872.00
20.33 98.60 -28.39 -0.65 0.17 0.54 21903.00
20.25 97.31 -29.15 -0.71 0.22 0.39 21934.00
19.54 95.17 -30.09 -0.68 0.24 0.22 21965.00
18.77 91.14 -31.20 -0.58 0.21 0.19 21996.00
16.76 85.45 -32.23 -0.39 0.14 0.23 22027.00
14.44 77.86 -33.60 -0.16 0.10 0.32 22057.00
11.89 69.43 -35.59 0.10 0.04 0.45 22088.00
10.11 61.93 -38.07 0.41 -0.05 0.60 22119.00
9.33 54.85 -40.40 0.59 -0.07 0.67 22149.00
8.67 47.94 -42.84 0.93 -0.09 0.78 22179.00
7.58 41.32 -45.35 1.15 -0.14 0.82 22211.00
6.20 35.28 -47.31 1.13 -0.21 0.73 22242.00
5.11 29.71 -49.23 1.24 -0.26 0.73 22273.00
5.17 24.11 -51.29 1.31 -0.23 0.58 22303.00
6.66 19.16 -52.92 1.59 -0.21 0.91 22334.00
8.77 13.93 -54.01 1.66 -0.05 1.04 22365.00
9.71 9.68 -54.93 1.66 0.01 1.18 22396.00
9.61 6.87 -55.65 1.59 -0.05 1.24 22427.00
9.52 5.43 -55.82 1.49 -0.12 1.21 22458.00
10.06 4.83 -55.55 1.39 -0.08 1.10 22489.00
10.64 4.97 -55.41 1.34 -0.05 1.03 22519.00
10.09 17.80 -59.26 1.05 0.23 0.17 22827.00
9.04 17.72 -63.04 1.56 0.07 0.13 22857.00
8.80 17.31 -66.78 1.81 -0.26 0.43 22888.00
9.37 17.45 -67.94 1.29 -0.39 0.46 22920.00
9.46 18.38 -67.25 1.13 -0.29 0.39 22950.00
9.07 20.72 -65.22 1.41 -0.12 0.33 22981.00
8.85 23.91 -62.62 1.43 0.03 0.26 23012.00
9.20 26.90 -60.34 1.27 0.03 0.31 23044.00
10.50 29.29 -57.65 0.89 0.02 0.43 23074.00
12.15 31.65 -54.56 0.45 0.08 0.61 23105.00
12.81 32.11 -51.60 0.07 0.10 0.92 23136.00
14.41 31.34 -48.45 -0.29 0.22 1.23 23166.00
16.32 28.55 -45.03 -0.26 0.60 2.27 23197.00
18.25 27.29 -43.19 -0.16 1.05 1.66 23228.00
17.89 26.51 -44.61 0.00 1.17 1.28 23258.00
15.77 25.63 -48.68 0.14 0.87 0.86 23288.00
12.96 23.98 -53.41 0.41 0.57 0.34 23319.00
9.09 23.28 -58.68 0.95 0.39 0.22 23350.00
6.09 21.00 -64.62 1.96 0.14 0.32 23380.00
6.41 18.17 -69.05 2.58 -0.21 0.51 23412.00
7.85 16.20 -70.59 2.08 -0.32 0.94 23443.00
8.42 15.59 -69.74 1.24 -0.30 1.06 23474.00
7.79 17.93 -66.81 0.98 -0.05 0.65 23504.00
6.86 21.97 -64.02 1.28 0.21 0.43 23535.00
7.22 25.57 -63.04 1.20 0.18 0.37 23567.00
9.06 28.47 -62.47 1.03 -0.01 0.56 23598.00
11.03 31.23 -60.75 1.00 -0.01 0.64 23628.00
11.36 34.22 -58.25 0.80 0.08 0.65 23659.00
11.28 36.94 -56.43 0.62 0.05 0.73 23690.00
11.87 39.52 -54.15 0.31 0.06 0.68 23720.00
12.08 41.11 -51.44 -0.08 0.15 0.72 23751.00
11.15 39.82 -49.68 -0.12 0.11 0.94 23782.00
10.73 38.05 -48.04 -0.00 0.01 1.11 23813.00
11.83 36.45 -46.43 0.17 0.04 1.16 23843.00
13.30 35.10 -45.07 0.29 0.20 1.13 23874.00
14.04 33.79 -44.23 0.46 0.30 1.22 23905.00
14.36 32.74 -44.02 0.77 0.33 1.33 23934.00
14.44 32.12 -44.25 0.88 0.29 1.40 23965.00
14.27 32.80 -44.98 0.88 0.29 1.42 23996.00
13.60 34.32 -46.18 0.91 0.23 1.48 24027.00
13.12 36.50 -47.41 0.88 0.13 1.48 24057.00
12.84 39.51 -48.56 0.90 0.09 1.51 24088.00
12.77 43.42 -49.68 0.91 0.03 1.48 24119.00
13.13 48.11 -50.58 0.92 0.05 1.39 24150.00
13.42 53.34 -51.56 0.95 0.03 1.32 24180.00
13.68 59.46 -52.48 0.91 -0.03 1.16 24211.00
13.95 65.78 -53.13 0.82 -0.07 1.00 24241.00
14.16 72.29 -53.33 0.67 -0.12 0.87 24271.00
14.22 78.88 -52.84 0.53 -0.09 0.74 24302.00
13.70 85.45 -52.04 0.35 -0.07 0.64 24333.00
12.81 91.52 -51.01 0.17 -0.09 0.65 24364.00
12.83 98.11 -49.54 -0.06 -0.07 0.45 24394.00
12.45 103.73 -47.64 -0.28 0.04 0.35 24425.00
12.41 108.36 -46.06 -0.47 0.13 0.26 24456.00
12.10 111.17 -44.83 -0.63 0.21 0.31 24486.00
11.28 113.22 -44.14 -0.64 0.23 0.35 24517.00
10.42 114.19 -43.96 -0.70 0.18 0.45 24548.00
9.89 114.17 -43.79 -0.71 0.17 0.54 24580.00
9.29 113.70 -43.82 -0.72 0.15 0.66 24610.00
8.80 113.31 -44.03 -0.80 0.08 0.70 24641.00
9.15 112.96 -43.97 -1.00 0.11 0.68 24672.00
10.02 112.24 -43.83 -1.11 0.21 0.64 24704.00
11.03 111.46 -43.69 -1.12 0.32 0.48 24734.00
11.69 110.15 -43.64 -1.25 0.45 0.33 24765.00
11.92 107.90 -44.42 -1.21 0.51 0.36 24796.00
12.16 104.59 -45.98 -0.91 0.42 0.43 24827.00
12.43 100.50 -48.14 -0.50 0.30 0.64 24857.00
13.02 95.25 -51.02 0.00 0.17 0.94 24888.00
14.23 89.46 -54.42 0.67 0.10 1.35 24919.00
15.16 83.75 -57.16 1.49 -0.04 1.81 24949.00
15.25 81.24 -58.17 1.74 -0.23 1.96 24980.00
13.92 83.79 -57.00 0.86 -0.27 1.55 25011.00
12.15 88.15 -55.81 0.29 -0.27 1.27 25041.00
11.82 92.11 -54.25 0.22 -0.29 1.21 25072.00
13.14 96.72 -51.80 -0.15 -0.12 0.99 25103.00
14.47 101.03 -49.04 -0.67 0.12 0.75 25134.00
14.68 103.97 -46.55 -1.03 0.34 0.69 25164.00
14.27 106.24 -44.50 -1.02 0.43 0.66 25195.00
14.18 108.26 -42.98 -1.12 0.53 0.50 25226.00
14.46 110.09 -42.67 -1.31 0.60 0.29 25256.00
15.72 111.45 -43.52 -1.44 0.54 0.07 25288.00
17.53 110.86 -45.03 -1.44 0.55 -0.01 25319.00
18.11 108.32 -47.24 -1.19 0.43 0.18 25350.00
19.05 103.67 -49.71 -0.79 0.28 0.42 25381.00
19.79 97.92 -51.96 -0.31 0.19 0.75 25411.00
20.47 92.76 -54.12 0.22 0.15 1.07 25442.00
20.90 87.49 -56.51 0.92 0.14 1.48 25473.00
21.13 83.03 -58.97 1.69 -0.04 1.99 25503.00
20.55 82.86 -59.00 1.42 -0.20 1.79 25534.00
19.39 86.67 -57.90 0.64 -0.18 1.36 25565.00
18.06 90.68 -56.79 0.49 -0.15 1.21 25595.00
17.44 96.16 -55.21 0.32 -0.01 0.71 25626.00
16.41 100.78 -53.62 -0.04 0.03 0.75 25656.00
15.48 104.71 -51.91 -0.51 0.05 0.69 25687.00
14.31 107.45 -49.53 -0.75 0.16 0.60 25718.00
11.63 109.61 -47.33 -0.83 0.14 0.58 25749.00
10.06 111.14 -45.41 -1.05 0.04 0.58 25780.00
10.00 112.43 -42.52 -1.17 0.26 0.54 25810.00
9.91 113.28 -40.52 -1.17 0.40 0.50 25842.00
9.45 113.13 -39.25 -1.14 0.40 0.58 25873.00
8.20 112.40 -37.94 -0.97 0.40 0.63 25904.00
6.26 111.23 -37.31 -0.83 0.27 0.75 25934.00
5.60 110.04 -37.16 -0.72 0.13 0.84 25965.00
6.52 109.20 -36.94 -0.68 0.22 0.75 25996.00
6.63 108.30 -37.26 -0.65 0.29 0.71 26027.00
6.36 107.30 -37.88 -0.64 0.23 0.63 26056.00
6.26 105.66 -38.64 -0.61 0.20 0.56 26087.00
5.86 103.50 -39.67 -0.57 0.17 0.51 26118.00
5.46 100.65 -40.71 -0.54 0.15 0.46 26148.00
4.73 96.69 -41.87 -0.44 0.15 0.45 26179.00
3.24 91.87 -43.30 -0.29 0.11 0.47 26210.00
1.48 86.17 -45.27 -0.17 0.04 0.54 26241.00
0.43 80.07 -47.27 -0.01 -0.05 0.59 26271.00
-0.33 73.76 -49.07 0.20 -0.08 0.63 26302.00
-1.25 67.65 -50.94 0.37 -0.09 0.66 26333.00
-1.85 61.65 -52.91 0.55 -0.13 0.74 26363.00
-2.30 55.16 -54.58 0.86 -0.21 0.82 26394.00
-3.82 49.02 -54.92 1.01 -0.24 0.77 26425.00
-6.33 43.03 -54.99 1.10 -0.23 0.90 26456.00
-8.67 36.85 -56.32 1.49 -0.30 1.12 26486.00
-9.77 31.34 -58.49 1.49 -0.40 1.29 26517.00
-8.76 26.99 -60.37 1.41 -0.45 1.61 26548.00
-6.55 24.37 -61.68 1.32 -0.38 1.45 26578.00
-4.61 23.26 -62.11 1.11 -0.28 1.39 26609.00
-3.72 23.22 -61.67 1.12 -0.25 1.31 26640.00
0.83 33.95 -63.56 0.22 0.22 0.80 26885.00
0.29 34.53 -66.40 0.46 0.12 0.65 26914.00
-0.21 35.84 -69.23 0.64 0.03 0.51 26945.00
-0.20 36.25 -72.20 1.12 0.00 0.32 26976.00
0.30 35.07 -75.52 1.69 -0.11 0.38 27008.00
1.46 33.70 -77.14 1.87 -0.21 0.70 27038.00
2.35 33.55 -77.33 1.57 -0.22 0.79 27069.00
1.89 35.45 -75.94 1.26 -0.16 0.64 27100.00
0.41 38.41 -73.72 1.26 -0.03 0.45 27130.00
-0.40 42.00 -71.13 1.14 0.03 0.41 27162.00
0.20 44.29 -69.13 0.90 0.03 0.55 27193.00
2.05 45.79 -67.38 0.54 0.07 0.76 27224.00
3.11 46.68 -64.99 0.16 0.12 0.98 27253.00
3.30 46.84 -62.13 -0.24 0.19 1.22 27284.00
3.57 46.23 -59.25 -0.41 0.34 1.43 27315.00
4.49 45.42 -57.92 -0.36 0.56 1.47 27345.00
5.18 44.88 -58.23 -0.34 0.71 1.28 27376.00
4.57 44.28 -60.23 -0.30 0.69 0.99 27407.00
2.91 42.29 -63.71 -0.03 0.47 0.67 27438.00
0.50 39.41 -68.01 0.38 0.23 0.48 27468.00
-0.34 37.02 -72.68 1.05 0.14 0.36 27499.00
0.35 33.48 -76.87 2.04 0.11 0.56 27530.00
1.60 30.53 -79.50 2.61 -0.02 0.94 27560.00
2.33 29.16 -79.73 1.96 -0.15 1.13 27591.00
0.94 31.08 -77.48 1.52 -0.12 0.89 27622.00
-1.89 35.49 -74.81 1.43 -0.00 0.72 27653.00
-2.73 40.36 -72.50 1.39 0.03 0.49 27684.00
-0.53 44.64 -70.82 1.02 -0.02 0.71 27715.00
2.11 48.12 -69.08 0.79 -0.03 0.85 27746.00
3.25 51.99 -65.90 0.56 0.13 0.91 27776.00
2.39 55.50 -62.69 0.46 0.24 0.90 27806.00
1.88 59.00 -60.55 0.31 0.11 0.90 27837.00
2.42 62.13 -58.13 -0.01 0.09 0.82 27868.00
2.46 64.27 -55.63 -0.24 0.22 0.84 27898.00
0.59 65.32 -53.60 -0.27 0.20 0.94 27929.00
-0.65 65.74 -52.17 -0.25 0.07 1.07 27959.00
-0.75 66.10 -51.04 -0.22 0.07 1.10 27990.00
-0.77 66.29 -50.36 -0.14 0.03 1.15 28020.00
-0.58 66.46 -49.61 -0.05 0.02 1.14 28051.00
-0.38 66.71 -48.95 0.05 0.04 1.19 28082.00
-0.03 67.13 -48.56 0.14 0.08 1.24 28112.00
0.47 67.94 -48.41 0.14 0.12 1.24 28143.00
0.46 68.84 -48.61 0.14 0.14 1.27 28174.00
0.16 69.80 -49.02 0.17 0.09 1.37 28205.00
0.27 70.87 -49.43 0.21 0.06 1.59 28235.00
0.46 72.76 -49.99 0.28 0.03 1.63 28266.00
0.78 75.88 -50.86 0.30 0.00 1.54 28297.00
1.03 79.68 -51.82 0.26 -0.05 1.39 28326.00
1.41 84.28 -52.68 0.19 -0.10 1.21 28357.00
1.73 89.18 -53.50 0.14 -0.15 1.07 28388.00
2.02 94.10 -54.06 0.07 -0.20 0.93 28419.00
2.26 98.93 -54.11 -0.01 -0.21 0.81 28449.00
2.15 103.72 -53.73 -0.08 -0.20 0.70 28480.00
1.61 108.36 -53.07 -0.18 -0.22 0.59 28511.00
1.58 112.43 -51.90 -0.31 -0.20 0.51 28541.00
1.10 115.68 -50.20 -0.40 -0.08 0.48 28572.00
-0.04 117.97 -48.88 -0.51 -0.00 0.51 28603.00
-0.00 119.74 -47.80 -0.62 -0.00 0.56 28634.00
0.43 121.20 -46.60 -0.70 0.10 0.53 28664.00
0.48 122.40 -45.92 -0.79 0.19 0.56 28695.00
0.55 122.99 -45.89 -0.78 0.17 0.62 28726.00
0.95 123.24 -46.14 -0.86 0.15 0.66 28756.00
1.66 123.33 -46.51 -0.96 0.15 0.67 28788.00
2.25 123.36 -47.09 -1.01 0.12 0.66 28819.00
3.33 123.25 -47.41 -1.24 0.17 0.63 28850.00
4.27 123.57 -47.54 -1.33 0.26 0.34 28881.00
5.23 123.02 -48.23 -1.38 0.33 0.27 28912.00
5.79 121.61 -49.57 -1.14 0.26 0.22 28943.00
7.29 118.59 -51.65 -0.87 0.16 0.37 28974.00
9.80 115.17 -54.04 -0.59 0.06 0.38 29004.00
13.18 109.23 -55.94 -0.38 0.07 0.69 29035.00
15.08 103.42 -57.02 0.31 0.18 1.29 29066.00
15.31 97.77 -57.98 1.32 0.19 1.97 29096.00
14.27 94.97 -58.84 1.77 -0.06 2.18 29127.00
12.65 97.38 -57.51 1.03 -0.21 1.80 29158.00
10.62 102.55 -55.58 0.26 -0.14 1.09 29189.00
8.30 107.48 -53.46 -0.05 -0.11 0.94 29219.00
6.34 112.64 -50.73 -0.52 -0.03 0.59 29250.00
5.38 115.52 -47.92 -0.94 0.02 0.61 29281.00
5.64 117.57 -44.88 -1.16 0.21 0.54 29312.00
6.28 119.24 -42.28 -1.27 0.46 0.42 29342.00
6.96 120.96 -40.53 -1.56 0.69 0.11 29374.00
7.53 121.12 -40.06 -1.63 0.86 -0.03 29405.00
6.37 119.70 -40.82 -1.43 0.84 -0.01 29435.00
4.11 116.91 -43.40 -1.24 0.55 0.19 29466.00
3.26 112.01 -47.33 -0.91 0.22 0.50 29497.00
4.92 106.36 -51.15 -0.55 0.08 0.68 29528.00
6.87 101.23 -54.25 -0.17 0.12 0.80 29558.00
7.62 96.84 -57.71 0.42 0.08 1.13 29589.00
8.34 92.01 -61.82 1.29 -0.04 1.49 29620.00
9.14 87.70 -65.28 2.20 -0.29 2.23 29650.00
8.38 88.33 -63.74 1.31 -0.37 1.65 29681.00
5.09 92.12 -60.65 0.52 -0.21 1.43 29712.00
1.91 97.29 -58.49 0.60 -0.34 1.12 29743.00
1.67 103.23 -55.85 0.26 -0.29 0.82 29773.00
3.43 109.47 -52.59 -0.36 -0.10 0.63 29804.00
4.42 113.48 -49.42 -0.86 0.14 0.58 29835.00
3.84 116.94 -46.53 -0.82 0.32 0.60 29865.00
2.53 120.77 -44.24 -0.98 0.34 0.50 29896.00
2.31 124.06 -42.83 -1.15 0.30 0.39 29927.00
3.09 126.49 -41.84 -1.22 0.32 0.31 29959.00
3.16 127.83 -41.17 -1.26 0.42 0.28 29989.00
2.04 128.53 -41.54 -1.21 0.29 0.38 30020.00
1.64 128.75 -42.71 -1.12 0.11 0.41 30052.00
2.37 128.22 -44.13 -1.10 0.06 0.45 30083.00
2.99 127.13 -45.65 -0.97 -0.01 0.48 30113.00
3.29 125.67 -46.91 -0.87 -0.09 0.50 30144.00
3.50 124.07 -47.64 -0.79 -0.12 0.52 30175.00
3.75 121.97 -48.12 -0.71 -0.12 0.55 30206.00
4.07 119.68 -48.44 -0.64 -0.08 0.53 30237.00
4.55 116.93 -48.90 -0.57 -0.04 0.58 30268.00
5.22 113.90 -49.37 -0.50 0.02 0.59 30299.00
5.46 110.43 -49.80 -0.46 0.09 0.59 30328.00
4.83 105.68 -50.45 -0.37 0.11 0.68 30359.00
3.56 100.52 -51.43 -0.24 0.02 0.75 30390.00
2.16 95.15 -52.28 -0.10 -0.06 0.83 30420.00
0.46 89.81 -53.44 0.04 -0.18 0.93 30451.00
-0.89 84.67 -54.08 0.01 -0.23 0.87 30482.00
-2.64 79.51 -54.60 0.07 -0.24 0.87 30513.00
-3.79 74.60 -55.64 0.16 -0.32 1.00 30543.00
-3.06 69.37 -56.65 0.24 -0.33 1.03 30574.00
-2.36 64.50 -57.19 0.38 -0.24 1.09 30605.00
-2.00 59.72 -57.46 0.51 -0.15 1.20 30636.00
-2.00 55.07 -58.13 0.79 -0.17 1.52 30665.00
-1.40 51.71 -58.62 0.92 -0.18 1.50 30696.00
-1.63 49.61 -59.17 0.92 -0.22 1.51 30727.00
-1.59 48.65 -59.55 0.92 -0.33 1.41 30757.00
-0.99 48.47 -59.32 0.73 -0.28 1.25 30788.00
-0.69 48.44 -58.81 0.60 -0.17 1.14 30819.00
-0.68 48.34 -58.25 0.47 -0.14 1.12 30850.00
-0.51 48.26 -57.72 0.39 -0.12 1.11 30880.00
0.05 48.06 -57.49 0.30 -0.09 1.13 30911.00
1.36 48.00 -57.57 0.16 -0.04 1.16 30942.00
3.12 48.00 -57.86 0.00 0.12 1.07 30972.00
4.69 48.53 -58.89 -0.06 0.28 0.89 31002.00
5.39 47.90 -61.08 0.05 0.25 0.86 31033.00
5.90 47.22 -63.74 0.32 0.24 0.80 31064.00
6.04 46.68 -66.84 0.68 0.25 0.66 31094.00
5.48 45.58 -71.27 1.32 0.12 0.69 31125.00
5.65 43.89 -75.58 1.85 -0.13 0.83 31156.00
6.39 42.53 -77.33 1.98 -0.31 0.95 31187.00
7.11 41.96 -77.17 1.74 -0.28 1.05 31218.00
7.12 43.45 -75.35 1.54 -0.17 0.93 31249.00
6.64 46.26 -72.64 1.55 -0.07 0.83 31280.00
6.28 49.58 -69.72 1.30 0.05 0.69 31310.00
5.81 53.05 -66.84 0.88 0.04 0.82 31341.00
5.71 56.21 -63.79 0.37 0.03 0.79 31372.00
5.87 58.57 -60.58 -0.24 0.08 0.84 31403.00
7.29 58.13 -57.27 -0.71 0.32 0.96 31432.00
9.38 56.15 -54.32 -0.69 0.64 1.07 31463.00
11.25 53.36 -52.48 -0.63 0.84 1.40 31494.00
13.09 51.25 -52.60 -0.46 0.97 1.38 31524.00
13.86 51.24 -55.26 -0.32 0.91 1.09 31555.00
13.78 51.97 -59.62 -0.13 0.69 0.75 31586.00
13.04 51.87 -64.99 0.27 0.45 0.59 31616.00
11.71 51.33 -71.25 0.89 0.34 0.63 31646.00
11.43 49.39 -77.24 1.52 0.23 0.76 31678.00
11.69 46.49 -81.12 1.84 0.04 0.86 31709.00
11.42 43.39 -83.08 1.97 -0.09 1.13 31739.00
10.23 41.47 -83.02 1.81 -0.25 1.28 31770.00
8.90 42.58 -80.95 1.55 -0.29 1.10 31801.00
8.75 45.71 -77.52 1.24 -0.11 0.95 31833.00
9.70 49.46 -74.03 1.31 0.12 0.82 31863.00
10.97 53.29 -70.59 1.07 0.27 0.84 31894.00
10.79 56.59 -67.10 0.76 0.35 0.93 31925.00
9.26 59.80 -64.30 0.57 0.21 1.09 31955.00
8.84 63.15 -61.55 0.44 0.11 1.17 31985.00
10.23 67.05 -58.73 0.22 0.17 1.04 32016.00
11.55 70.97 -56.33 -0.05 0.31 1.03 32047.00
12.56 74.37 -54.66 -0.23 0.30 0.96 32077.00
13.33 78.17 -53.19 -0.33 0.30 0.85 32108.00
13.84 81.60 -51.59 -0.42 0.38 0.76 32139.00
13.53 84.12 -50.50 -0.46 0.47 0.74 32169.00
12.99 85.78 -50.16 -0.48 0.35 0.78 32199.00
12.61 86.56 -50.07 -0.36 0.27 0.88 32230.00
12.33 87.11 -50.35 -0.29 0.18 0.99 32261.00
12.36 87.79 -50.59 -0.31 0.11 1.03 32291.00
12.57 87.83 -50.42 -0.36 0.17 1.19 32322.00
12.42 87.89 -50.19 -0.26 0.21 1.40 32353.00
12.67 88.23 -50.21 -0.14 0.18 1.68 32384.00
13.72 89.77 -50.23 -0.05 0.15 1.73 32414.00
14.42 93.28 -50.93 0.09 0.12 1.61 32445.00
15.31 98.51 -51.95 0.04 -0.00 1.34 32476.00
16.71 104.06 -52.60 -0.03 -0.00 1.07 32506.00
17.66 109.97 -53.11 -0.13 0.03 0.82 32537.00
17.94 115.71 -53.42 -0.22 0.01 0.66 32568.00
18.14 121.39 -53.49 -0.30 -0.03 0.53 32599.00
18.94 126.63 -53.31 -0.41 0.02 0.37 32629.00
19.32 131.77 -52.96 -0.54 0.08 0.15 32660.00
19.79 134.66 -52.57 -0.64 0.13 0.17 32692.00
19.67 136.29 -51.97 -0.75 0.16 0.23 32722.00
19.60 137.19 -51.44 -0.71 0.19 0.29 32753.00
19.65 137.59 -50.88 -0.81 0.23 0.33 32784.00
19.76 137.76 -50.56 -0.88 0.30 0.35 32816.00
19.84 137.63 -50.81 -0.99 0.26 0.38 32846.00
20.70 137.19 -51.14 -1.05 0.21 0.35 32877.00
21.85 137.19 -51.11 -1.20 0.30 0.06 32909.00
22.96 136.46 -51.26 -1.46 0.43 -0.12 32940.00
23.98 134.56 -51.97 -1.24 0.45 -0.11 32970.00
24.83 131.37 -53.15 -1.11 0.38 -0.01 33002.00
25.85 126.86 -54.57 -0.78 0.24 0.14 33033.00
27.75 120.37 -55.96 -0.42 0.20 0.37 33063.00
28.70 114.13 -57.38 0.06 0.19 1.11 33094.00
30.61 110.16 -58.42 0.52 0.23 1.42 33125.00
31.41 104.50 -58.98 1.07 0.24 2.08 33156.00
31.35 101.24 -58.05 1.49 0.05 2.24 33186.00
30.65 103.63 -55.64 0.62 0.21 1.50 33217.00
28.86 107.97 -54.57 0.01 0.19 1.22 33248.00
27.82 113.01 -53.57 -0.29 0.12 0.93 33278.00
27.56 117.75 -51.66 -0.75 0.18 0.64 33309.00
27.47 120.66 -49.34 -1.00 0.29 0.60 33340.00
28.00 122.71 -46.68 -1.12 0.47 0.57 33372.00
29.57 124.25 -44.32 -1.28 0.78 0.20 33402.00
30.33 125.46 -43.73 -1.30 1.08 -0.17 33433.00
29.06 125.70 -45.28 -1.48 0.91 -0.16 33464.00
29.09 123.80 -47.29 -1.39 0.59 -0.04 33495.00
30.43 120.38 -49.07 -1.23 0.60 -0.02 33525.00
31.23 115.43 -51.63 -0.90 0.61 0.25 33557.00
31.55 109.65 -54.81 -0.50 0.42 0.61 33587.00
32.89 104.45 -57.59 -0.05 0.37 0.89 33617.00
33.88 100.43 -60.57 0.43 0.38 1.20 33648.00
34.40 95.83 -63.71 1.04 0.35 1.62 33679.00
33.66 91.39 -65.30 1.72 0.08 2.04 33710.00
31.94 92.02 -64.37 1.42 -0.13 1.73 33740.00
29.07 95.93 -63.18 0.49 -0.22 1.44 33771.00
28.22 100.03 -61.12 0.43 -0.25 1.22 33802.00
29.13 105.18 -58.52 0.34 -0.01 1.01 33832.00
29.80 110.69 -55.83 -0.00 0.18 0.79 33863.00
30.14 116.10 -53.00 -0.47 0.31 0.68 33894.00
30.06 120.73 -49.55 -0.74 0.52 0.43 33925.00
29.03 125.08 -47.63 -0.75 0.69 0.26 33954.00
27.60 129.43 -46.49 -1.03 0.63 0.21 33986.00
26.17 132.79 -44.65 -1.41 0.79 -0.16 34017.00
22.33 135.33 -43.03 -1.44 1.07 -0.40 34048.00
17.11 138.10 -44.81 -1.21 0.77 -0.22 34078.00
13.08 137.41 -48.51 -1.06 0.11 0.41 34110.00
15.21 134.03 -50.42 -1.09 -0.23 0.56 34141.00
17.78 130.24 -50.49 -0.77 0.02 0.68 34171.00
17.84 127.66 -50.79 -0.68 0.12 0.77 34202.00
17.45 125.67 -51.04 -0.72 0.11 0.73 34233.00
17.57 123.56 -51.31 -0.73 0.15 0.69 34264.00
17.96 121.52 -51.77 -0.61 0.19 0.62 34294.00
17.84 119.69 -52.53 -0.63 0.22 0.48 34325.00
17.15 117.17 -53.69 -0.60 0.18 0.45 34356.00
16.55 113.37 -55.01 -0.50 0.11 0.49 34386.00
15.94 108.75 -56.51 -0.43 0.05 0.53 34417.00
15.16 102.97 -58.03 -0.31 -0.01 0.65 34448.00
14.53 96.76 -59.40 -0.10 -0.06 0.81 34479.00
13.54 91.09 -60.40 0.04 -0.02 0.82 34509.00
12.04 85.30 -61.92 0.17 -0.04 0.88 34540.00
11.35 79.31 -63.88 0.30 -0.10 0.94 34571.00
10.71 73.34 -65.19 0.42 -0.12 0.98 34601.00
9.72 67.74 -66.56 0.62 -0.13 1.09 34632.00
9.61 62.59 -68.65 0.82 -0.25 1.29 34662.00
10.70 57.60 -69.55 0.92 -0.25 1.28 34693.00
11.23 53.54 -69.84 1.00 -0.12 1.35 34723.00
11.58 50.42 -70.67 1.17 -0.19 1.60 34754.00
12.61 48.55 -70.80 1.12 -0.26 1.55 34785.00
13.53 48.19 -70.02 0.84 -0.15 1.39 34816.00
13.44 48.64 -69.02 0.59 0.01 1.24 34846.00
13.09 49.21 -68.34 0.41 0.06 1.17 34877.00
13.41 49.44 -67.98 0.23 0.07 1.17 34908.00
14.28 49.32 -67.87 0.15 0.13 1.19 34938.00
14.94 49.34 -68.29 0.05 0.15 1.23 34969.00
16.19 49.24 -68.80 -0.16 0.22 1.02 35000.00
16.99 48.68 -69.97 -0.08 0.39 0.91 35030.00
16.42 47.60 -72.72 0.22 0.37 0.71 35060.00
15.54 46.86 -76.91 0.72 0.18 0.64 35091.00
15.78 46.46 -81.38 1.22 0.05 0.46 35123.00
16.54 45.50 -84.94 1.96 0.03 0.57 35153.00
17.95 42.82 -87.37 2.27 -0.10 0.81 35184.00
19.80 41.41 -87.03 2.01 -0.18 0.97 35215.00
19.85 43.28 -84.58 1.54 -0.07 0.78 35246.00
18.42 47.35 -81.79 1.42 0.09 0.65 35277.00
17.93 52.13 -78.99 1.22 0.15 0.43 35308.00
19.52 56.43 -76.03 0.55 0.19 0.41 35339.00
20.76 58.35 -73.38 0.07 0.30 0.60 35369.00
20.68 56.91 -70.76 -0.29 0.42 0.96 35400.00
20.23 53.79 -68.78 -0.41 0.43 1.65 35430.00
20.62 51.89 -68.11 -0.36 0.43 1.64 35461.00
21.83 51.48 -68.47 -0.38 0.56 1.21 35491.00
22.13 51.07 -70.23 -0.25 0.60 0.91 35522.00
21.46 49.64 -73.09 0.07 0.48 0.78 35553.00
20.70 48.69 -77.04 0.51 0.35 0.64 35584.00
20.45 47.58 -81.08 1.03 0.25 0.63 35614.00
20.48 45.45 -85.16 1.84 0.29 0.69 35645.00
20.76 42.87 -87.98 2.07 0.11 0.93 35677.00
20.82 40.57 -88.35 1.89 -0.06 1.08 35707.00
19.79 40.49 -86.62 1.66 -0.12 1.04 35738.00
18.69 42.92 -83.90 1.59 -0.02 0.94 35769.00
19.21 46.85 -81.26 1.55 0.09 0.84 35800.00
21.09 50.92 -78.09 1.27 0.28 0.87 35830.00
22.04 54.47 -75.26 0.74 0.45 0.77 35861.00
20.58 57.31 -73.15 0.65 0.41 1.02 35892.00
19.22 60.59 -71.53 0.44 0.18 1.08 35922.00
19.28 64.92 -69.40 0.14 0.14 0.89 35953.00
19.51 69.62 -67.66 -0.24 0.23 0.68 35984.00
18.81 72.31 -66.48 -0.44 0.18 0.73 36015.00
18.25 72.93 -65.13 -0.31 0.17 0.84 36045.00
17.59 73.25 -64.10 -0.14 0.13 1.01 36076.00
18.01 73.44 -63.27 0.02 0.15 1.06 36107.00
18.42 73.95 -62.78 0.10 0.24 1.05 36137.00
17.87 74.54 -62.80 0.22 0.27 1.07 36168.00
17.23 75.44 -63.29 0.26 0.13 1.07 36199.00
17.30 76.69 -63.84 0.24 0.04 1.03 36230.00
17.31 77.76 -64.29 0.18 0.04 1.00 36260.00
16.75 78.78 -64.74 0.16 -0.02 1.04 36291.00
16.46 79.83 -64.84 0.12 -0.09 1.15 36322.00
16.34 81.19 -64.45 0.08 -0.05 1.25 36352.00
15.82 82.76 -64.04 0.06 -0.00 1.38 36382.00
15.84 84.96 -63.53 0.01 -0.02 1.43 36414.00
15.90 87.53 -62.95 -0.04 0.01 1.44 36445.00
16.09 90.38 -62.37 -0.07 -0.07 1.46 36474.00
16.98 93.68 -61.45 -0.07 -0.03 1.45 36505.00
17.66 97.49 -60.51 -0.03 0.00 1.41 36536.00
18.18 102.12 -59.51 -0.01 0.01 1.26 36567.00
18.66 106.82 -58.59 -0.03 0.03 1.10 36597.00
19.13 111.80 -57.70 -0.09 0.04 0.94 36628.00
19.31 116.77 -57.01 -0.16 0.03 0.76 36659.00
19.79 121.62 -56.45 -0.25 -0.02 0.61 36689.00
21.13 126.65 -55.68 -0.37 0.02 0.43 36720.00
21.81 130.96 -55.06 -0.47 0.10 0.30 36751.00
22.09 133.50 -54.90 -0.59 0.08 0.35 36783.00
23.18 134.90 -54.58 -0.71 0.11 0.38 36813.00
23.46 135.69 -54.49 -0.77 0.14 0.42 36844.00
23.61 135.96 -54.48 -0.76 0.08 0.50 36875.00
24.31 136.18 -54.31 -0.88 0.14 0.52 36907.00
25.15 136.48 -54.28 -0.89 0.20 0.48 36937.00
26.51 137.41 -54.14 -1.10 0.34 0.25 36968.00
27.54 137.74 -54.49 -1.35 0.49 0.08 37000.00
27.95 136.65 -55.76 -1.25 0.45 0.14 37030.00
28.57 134.67 -57.43 -1.19 0.35 0.19 37061.00
29.93 132.15 -59.43 -0.94 0.27 0.31 37093.00
31.96 128.10 -61.39 -0.70 0.23 0.49 37124.00
33.73 122.16 -63.31 -0.15 0.23 0.92 37154.00
35.16 115.70 -65.73 0.56 0.14 1.60 37185.00
36.20 109.54 -67.38 1.51 0.03 2.11 37216.00
35.63 108.42 -66.58 1.76 -0.02 2.27 37246.00
32.96 112.07 -64.67 0.47 0.02 1.44 37277.00
29.82 117.04 -63.67 0.17 -0.02 1.07 37308.00
27.99 123.78 -62.51 -0.06 -0.07 0.57 37339.00
27.78 129.62 -60.96 -0.71 -0.00 0.39 37369.00
27.59 132.88 -59.22 -1.28 0.13 0.23 37400.00
26.77 133.50 -57.19 -1.47 0.26 0.30 37432.00
25.72 133.05 -54.60 -1.56 0.42 0.27 37463.00
24.59 132.56 -52.41 -1.81 0.67 0.13 37493.00
23.99 131.52 -52.59 -1.74 0.76 0.15 37525.00
24.51 129.80 -54.70 -1.59 0.57 0.17 37556.00
25.58 126.99 -57.24 -1.37 0.47 0.19 37586.00
26.13 122.65 -60.37 -0.97 0.29 0.42 37617.00
27.22 117.37 -63.90 -0.57 0.09 0.66 37649.00
30.13 112.70 -66.57 -0.17 0.10 0.79 37680.00
32.80 108.90 -68.94 0.50 0.16 1.20 37709.00
35.21 102.77 -71.50 1.50 0.23 1.69 37741.00
35.17 98.11 -71.93 2.17 0.11 2.07 37772.00
32.23 99.86 -69.49 1.32 -0.03 1.63 37803.00
28.49 104.36 -67.88 0.41 -0.13 1.19 37833.00
25.94 109.46 -66.31 0.39 -0.23 0.98 37864.00
25.82 115.66 -64.06 0.06 -0.15 0.74 37895.00
26.91 121.29 -61.68 -0.54 0.02 0.49 37925.00
26.39 123.48 -59.18 -0.96 0.25 0.40 37956.00
23.36 123.94 -56.67 -0.92 0.14 0.68 37987.00
21.45 125.12 -53.79 -0.99 0.12 0.71 38018.00
21.09 126.64 -50.90 -1.16 0.37 0.62 38049.00
20.99 127.84 -49.37 -1.17 0.48 0.51 38080.00
20.50 128.28 -48.42 -1.20 0.48 0.46 38111.00
19.12 127.51 -47.89 -1.08 0.45 0.59 38142.00
17.93 125.74 -48.20 -0.91 0.30 0.78 38173.00
17.92 123.98 -49.15 -0.78 0.17 0.90 38204.00
18.31 122.88 -50.47 -0.66 0.10 0.88 38235.00
18.55 122.18 -51.89 -0.66 0.04 0.85 38264.00
19.07 121.79 -53.20 -0.69 0.02 0.70 38295.00
19.39 121.08 -54.47 -0.73 0.07 0.54 38327.00
19.31 119.68 -55.92 -0.73 0.08 0.43 38358.00
19.26 117.44 -57.41 -0.64 0.06 0.39 38388.00
19.38 113.83 -59.08 -0.54 0.07 0.37 38419.00
19.01 108.74 -61.09 -0.35 0.04 0.44 38450.00
18.79 103.21 -63.21 -0.17 -0.05 0.53 38480.00
19.39 97.14 -65.01 -0.01 -0.06 0.58 38511.00
19.65 90.91 -66.74 0.25 -0.03 0.71 38542.00
19.43 84.85 -68.73 0.50 -0.09 0.76 38573.00
19.58 78.94 -70.19 0.69 -0.13 0.90 38602.00
18.75 71.95 -70.80 1.04 -0.16 1.06 38633.00
16.52 66.09 -70.54 1.21 -0.15 1.21 38664.00
13.60 60.76 -70.77 1.31 -0.33 1.75 38694.00
12.63 57.18 -71.28 1.07 -0.54 1.62 38725.00
13.70 54.88 -70.73 0.95 -0.48 1.55 38756.00
14.11 53.87 -70.14 0.88 -0.27 1.50 38787.00
14.04 53.79 -69.92 0.78 -0.31 1.44 38817.00
15.06 54.21 -69.34 0.62 -0.27 1.32 38848.00
16.15 54.83 -68.64 0.45 -0.14 1.22 38879.00
16.67 55.37 -68.08 0.32 -0.00 1.19 38909.00
16.70 55.67 -67.90 0.22 0.11 1.26 38940.00
16.96 56.40 -69.23 0.15 0.06 1.29 38971.00
18.57 57.84 -70.93 -0.06 0.08 1.04 39002.00
20.47 59.69 -72.88 -0.10 0.28 0.74 39031.00
20.39 60.34 -76.54 0.20 0.25 0.56 39062.00
20.22 60.78 -81.94 0.80 0.03 0.62 39093.00
22.08 59.48 -86.96 1.42 -0.18 0.74 39124.00
25.15 56.31 -88.71 2.07 -0.16 1.00 39155.00
25.85 53.82 -87.82 2.11 -0.02 1.19 39186.00
22.85 54.39 -85.73 1.56 -0.10 1.12 39217.00
19.31 57.83 -83.35 1.32 -0.27 1.04 39247.00
18.42 62.59 -80.35 1.10 -0.30 0.69 39279.00
20.70 67.67 -76.82 0.76 -0.15 0.55 39310.00
23.23 71.60 -73.32 0.02 0.04 0.54 39341.00
23.17 71.70 -69.86 -0.39 0.17 0.76 39371.00
22.12 70.42 -65.62 -0.54 0.27 1.00 39401.00
22.59 67.62 -61.64 -0.61 0.57 1.26 39432.00
24.39 65.51 -60.07 -0.50 0.80 1.51 39462.00
25.96 64.08 -61.06 -0.40 0.89 1.25 39493.00
25.54 64.01 -64.72 -0.34 0.66 0.95 39524.00
25.42 63.94 -69.24 -0.01 0.38 0.38 39555.00
23.78 63.40 -74.39 0.53 0.25 0.62 39585.00
23.85 61.45 -80.38 1.29 0.12 0.56 39616.00
25.01 57.15 -85.30 2.20 -0.04 0.84 39647.00
25.61 52.89 -87.10 2.57 -0.26 1.19 39677.00
24.74 50.93 -86.44 1.80 -0.33 1.28 39709.00
23.35 53.31 -83.78 1.25 -0.33 1.04 39740.00
22.75 57.87 -80.26 1.00 -0.17 0.88 39771.00
24.26 63.03 -77.31 0.97 -0.05 0.57 39801.00
27.40 68.08 -74.10 0.53 0.17 0.70 39832.00
27.90 69.50 -71.87 0.30 0.31 0.98 39863.00
26.12 70.53 -70.12 0.43 0.10 1.36 39892.00
25.04 72.70 -66.72 0.46 0.01 1.57 39924.00
25.18 76.97 -63.77 0.45 0.18 1.24 39954.00
25.28 82.36 -61.66 0.16 0.24 0.98 39985.00
25.61 87.55 -59.89 -0.21 0.30 0.66 40015.00
24.16 91.69 -58.88 -0.41 0.26 0.60 40046.00
22.49 94.36 -58.72 -0.41 0.04 0.67 40077.00
22.52 95.58 -58.09 -0.52 -0.08 0.73 40108.00
23.58 95.71 -57.06 -0.41 0.03 0.81 40138.00
23.53 95.47 -56.32 -0.31 0.07 0.93 40169.00
23.71 95.28 -55.72 -0.26 0.01 1.05 40200.00
24.30 95.35 -55.25 -0.27 0.06 1.12 40230.00
24.86 95.32 -55.10 -0.29 0.09 1.34 40261.00
25.74 95.54 -54.87 -0.24 0.16 1.55 40292.00
26.15 96.41 -54.90 -0.15 0.27 1.78 40322.00
26.18 98.30 -55.88 0.05 0.21 2.05 40352.00
26.71 102.35 -58.00 0.15 -0.03 1.86 40383.00
27.59 108.24 -59.91 0.07 -0.21 1.43 40414.00
27.67 114.97 -61.20 -0.06 -0.27 0.92 40444.00
27.26 121.75 -61.72 -0.19 -0.30 0.64 40475.00
27.09 128.23 -61.12 -0.31 -0.31 0.38 40506.00
27.38 132.83 -59.89 -0.35 -0.25 0.33 40537.00
28.22 137.27 -58.38 -0.46 -0.20 0.23 40567.00
29.55 140.22 -56.59 -0.57 -0.09 0.26 40598.00
31.01 141.71 -54.56 -0.60 0.10 0.30 40630.00
31.39 142.28 -52.90 -0.58 0.25 0.42 40660.00
30.86 142.61 -51.73 -0.55 0.29 0.52 40691.00
30.47 142.72 -50.96 -0.58 0.31 0.57 40722.00
30.14 142.80 -50.67 -0.63 0.34 0.58 40753.00
29.69 142.83 -50.89 -0.73 0.31 0.59 40783.00
29.54 142.85 -51.29 -0.84 0.27 0.53 40814.00
29.49 143.38 -51.87 -0.98 0.29 0.34 40846.00
29.71 143.45 -52.36 -1.31 0.36 0.15 40877.00
30.06 142.80 -53.30 -1.53 0.44 -0.10 40907.00
30.26 140.65 -55.15 -1.41 0.39 -0.00 40939.00
31.01 137.02 -57.38 -1.14 0.28 0.18 40970.00
32.52 131.89 -59.59 -0.77 0.20 0.44 41000.00
34.28 125.31 -61.67 -0.23 0.21 0.85 41031.00
35.57 119.84 -64.31 0.45 0.14 1.49 41062.00
36.91 113.37 -66.73 1.33 -0.03 2.24 41093.00
38.12 110.81 -67.18 2.13 -0.19 2.46 41123.00
37.38 116.17 -65.11 1.06 -0.02 1.62 41154.00
34.41 122.92 -64.41 0.18 -0.03 1.06 41185.00
32.27 129.83 -63.29 -0.22 -0.09 0.69 41216.00
31.59 135.96 -61.18 -0.71 -0.03 0.38 41246.00
31.77 140.01 -59.00 -1.27 0.13 0.20 41278.00
31.47 142.26 -56.77 -1.60 0.30 0.04 41309.00
30.43 143.38 -54.14 -1.69 0.49 -0.21 41340.00
29.11 143.40 -52.72 -1.72 0.64 -0.28 41371.00
28.70 141.94 -53.22 -1.54 0.53 -0.08 41402.00
30.14 138.84 -54.85 -1.33 0.38 0.02 41434.00
31.92 134.59 -56.66 -1.02 0.33 0.19 41464.00
32.74 128.95 -59.06 -0.67 0.24 0.44 41495.00
33.44 123.14 -61.27 -0.34 0.15 0.65 41526.00
33.96 118.18 -63.21 0.06 0.12 0.91 41556.00
35.00 114.04 -65.76 0.58 0.00 1.49 41587.00
37.12 110.20 -67.74 1.20 -0.11 1.95 41618.00
37.94 109.26 -67.38 1.40 -0.09 1.90 41649.00
36.63 111.74 -65.91 0.62 0.07 1.56 41679.00
33.80 115.18 -65.01 0.31 0.07 1.29 41710.00
31.86 119.22 -64.40 0.12 -0.04 1.06 41741.00
31.20 123.33 -63.26 -0.28 -0.05 0.89 41772.00
30.88 126.80 -62.01 -0.60 0.03 0.69 41802.00
29.61 129.47 -60.75 -0.83 0.05 0.64 41833.00
28.04 131.57 -59.54 -0.99 -0.02 0.61 41864.00
27.27 133.07 -57.49 -1.08 0.05 0.55 41894.00
26.24 134.55 -55.50 -1.12 0.15 0.52 41926.00
25.66 135.44 -54.11 -1.15 0.16 0.51 41957.00
25.38 135.77 -52.59 -1.15 0.22 0.49 41988.00
24.54 135.37 -51.22 -1.06 0.31 0.53 42019.00
23.33 134.32 -50.46 -0.94 0.26 0.64 42050.00
22.93 132.73 -50.18 -0.84 0.21 0.76 42081.00
23.07 131.32 -50.36 -0.72 0.17 0.79 42112.00
23.38 130.28 -50.86 -0.65 0.14 0.80 42142.00
23.47 129.48 -51.62 -0.61 0.12 0.74 42173.00
23.53 128.58 -52.53 -0.65 0.09 0.70 42204.00
23.72 127.56 -53.42 -0.66 0.09 0.61 42234.00
23.70 125.69 -54.41 -0.62 0.10 0.59 42265.00
23.64 123.36 -55.49 -0.56 0.09 0.61 42295.00
23.55 120.63 -56.67 -0.53 0.11 0.56 42326.00
22.85 117.15 -58.19 -0.39 0.07 0.60 42356.00
22.17 113.52 -60.23 -0.22 -0.09 0.67 42387.00
22.86 109.71 -61.55 -0.18 -0.14 0.64 42418.00
23.48 105.06 -62.77 0.03 -0.11 0.82 42448.00
24.20 100.26 -64.11 0.24 -0.17 0.94 42479.00
25.55 95.51 -64.56 0.30 -0.16 1.02 42510.00
26.30 90.71 -64.44 0.33 -0.04 1.07 42542.00
26.05 86.47 -64.39 0.41 0.02 1.24 42571.00
25.63 81.96 -64.55 0.44 -0.00 1.32 42602.00
25.78 78.12 -64.95 0.38 0.05 1.39 42633.00
25.25 74.65 -65.38 0.44 0.05 1.53 42663.00
23.27 71.42 -65.54 0.57 -0.04 1.66 42694.00
21.42 69.97 -65.65 0.70 -0.19 1.62 42725.00
21.09 69.69 -65.61 0.67 -0.30 1.52 42756.00
21.44 70.21 -65.24 0.44 -0.16 1.35 42786.00
20.97 70.97 -64.90 0.27 -0.06 1.24 42817.00
20.62 71.66 -64.75 0.15 -0.07 1.24 42848.00
21.18 72.48 -64.91 0.00 -0.01 1.19 42878.00
22.01 73.29 -65.34 -0.17 0.11 1.04 42909.00
22.47 74.17 -66.04 -0.46 0.26 0.83 42940.00
22.73 74.53 -67.80 -0.45 0.31 0.59 42971.00
22.14 72.82 -70.73 -0.10 0.19 0.51 43001.00
22.28 71.28 -74.17 0.26 0.06 0.41 43032.00
21.96 69.89 -77.81 0.92 0.10 0.58 43063.00
20.95 66.29 -82.27 1.91 0.05 0.87 43094.00
19.31 62.34 -85.07 2.62 -0.26 1.33 43124.00
16.94 60.52 -85.30 1.91 -0.65 1.38 43156.00
15.94 62.50 -82.69 1.36 -0.59 1.17 43187.00
16.74 66.26 -79.44 1.35 -0.33 1.00 43217.00
19.84 71.56 -75.83 1.09 -0.07 0.71 43248.00
22.88 76.83 -72.23 0.45 0.14 0.67 43279.00
23.65 78.97 -69.26 -0.20 0.19 0.78 43310.00
23.84 79.13 -66.41 -0.57 0.16 0.89 43340.00
24.85 78.14 -63.46 -0.81 0.29 0.97 43370.00
26.23 76.02 -60.81 -0.86 0.64 0.91 43401.00
26.65 74.24 -60.96 -0.74 0.65 1.32 43431.00
27.09 73.87 -62.98 -0.70 0.54 1.07 43462.00
26.74 73.83 -66.23 -0.50 0.39 0.72 43493.00
25.89 72.48 -70.24 -0.07 0.27 0.59 43524.00
24.65 70.94 -74.99 0.57 0.13 0.65 43554.00
23.94 67.69 -80.10 1.45 0.08 0.80 43585.00
23.52 63.35 -83.86 2.33 -0.12 1.08 43616.00
23.14 60.08 -84.83 2.44 -0.41 1.47 43646.00
22.87 59.68 -83.05 1.75 -0.47 1.37 43677.00
22.67 63.78 -79.60 1.45 -0.24 1.11 43709.00
22.70 69.77 -76.33 1.55 -0.12 0.90 43740.00
23.86 76.11 -72.79 1.24 0.02 0.66 43770.00
24.85 83.18 -68.98 0.52 0.17 0.57 43801.00
23.45 86.75 -65.35 -0.15 0.26 0.66 43832.00
21.66 88.00 -62.20 -0.35 0.25 0.67 43863.00
20.00 88.27 -59.53 -0.52 0.29 0.74 43893.00
18.53 87.69 -58.16 -0.53 0.22 0.82 43923.00
18.00 86.49 -57.56 -0.51 0.06 0.99 43954.00
18.38 84.68 -57.12 -0.46 -0.00 1.09 43984.00
18.84 82.83 -57.09 -0.28 -0.12 1.16 44015.00
19.70 81.61 -57.00 -0.10 -0.19 1.24 44046.00
20.72 81.08 -56.83 0.06 -0.16 1.17 44077.00
21.60 80.63 -56.63 0.24 -0.13 1.33 44107.00
22.42 80.68 -56.38 0.33 -0.09 1.36 44138.00
22.83 81.41 -56.09 0.32 -0.02 1.31 44169.00
22.57 82.94 -56.11 0.26 -0.02 1.22 44199.00
22.80 84.68 -56.19 0.15 -0.05 1.21 44230.00
23.46 86.20 -56.23 0.09 0.03 1.26 44261.00
23.67 87.79 -56.51 0.07 0.03 1.40 44292.00
24.07 89.64 -56.92 0.13 -0.03 1.51 44322.00
24.84 92.21 -57.56 0.21 -0.07 1.57 44353.00
25.80 95.56 -58.27 0.24 -0.14 1.53 44384.00
26.67 99.53 -58.64 0.21 -0.17 1.41 44414.00
27.06 104.11 -58.80 0.19 -0.20 1.26 44445.00
27.54 109.20 -58.68 0.14 -0.26 1.14 44476.00
28.35 114.54 -58.22 0.07 -0.28 0.97 44507.00
29.43 119.96 -57.42 -0.04 -0.23 0.77 44537.00
30.05 125.44 -56.37 -0.14 -0.14 0.65 44568.00
30.66 131.01 -55.25 -0.25 -0.09 0.47 44599.00
31.00 134.78 -53.91 -0.35 -0.03 0.54 44630.00
31.19 138.60 -52.61 -0.45 0.04 0.41 44660.00
31.16 141.88 -51.47 -0.54 0.07 0.40 44691.00
31.60 144.60 -50.23 -0.66 0.16 0.33 44722.00
31.89 146.52 -49.23 -0.73 0.26 0.29 44752.00
32.37 147.79 -48.77 -0.84 0.26 0.28 44784.00
33.86 148.10 -48.57 -0.94 0.29 0.25 44815.00
35.69 147.26 -48.27 -1.07 0.44 0.22 44846.00
37.03 146.06 -48.37 -1.18 0.58 0.08 44876.00
37.87 144.42 -49.34 -1.30 0.60 0.05 44908.00
38.55 142.22 -50.84 -1.27 0.52 0.05 44939.00
39.40 139.56 -52.76 -1.18 0.43 0.14 44969.00
40.85 135.83 -54.98 -0.92 0.34 0.27 45000.00
42.86 131.02 -57.32 -0.58 0.30 0.47 45031.00
44.57 125.45 -59.74 -0.13 0.33 0.72 45062.00
45.00 119.83 -62.61 0.48 0.17 1.46 45092.00
46.03 112.85 -64.74 1.36 -0.09 2.31 45123.00
45.40 108.98 -63.90 2.04 -0.12 2.33 45154.00
42.68 113.16 -61.84 1.07 -0.08 1.61 45185.00
40.58 118.55 -60.26 0.11 -0.13 1.18 45215.00
40.68 123.58 -57.74 -0.27 0.01 0.83 45246.00
40.69 128.43 -55.29 -0.61 0.19 0.58 45277.00
40.14 131.34 -53.18 -1.10 0.21 0.58 45307.00
40.98 132.73 -50.36 -1.33 0.28 0.59 45339.00
42.98 133.31 -47.30 -1.31 0.62 0.38 45370.00
44.02 134.35 -45.08 -1.51 1.04 -0.12 45401.00
43.39 134.83 -45.54 -1.54 1.03 -0.01 45431.00
43.01 134.50 -47.38 -1.41 0.66 -0.03 45462.00
44.24 131.94 -49.64 -1.13 0.49 0.09 45494.00
46.13 127.68 -51.93 -0.72 0.45 0.34 45524.00
47.79 122.12 -54.28 -0.33 0.47 0.66 45555.00
48.06 116.38 -56.75 0.13 0.42 1.08 45586.00
47.61 111.18 -59.74 0.85 0.28 1.88 45617.00
47.06 107.04 -62.11 1.84 -0.07 2.50 45646.00
45.89 107.39 -61.81 1.77 -0.28 2.04 45677.00
43.97 112.53 -60.15 0.59 -0.16 1.27 45708.00
42.39 118.30 -58.27 0.35 -0.16 1.11 45739.00
42.60 124.00 -55.27 0.10 0.03 0.76 45769.00
42.81 130.26 -52.45 -0.18 0.24 0.58 45800.00
41.94 134.72 -49.52 -0.69 0.42 0.56 45831.00
41.15 138.59 -47.32 -0.80 0.53 0.47 45861.00
39.96 142.99 -45.81 -0.92 0.60 0.23 45892.00
38.04 147.44 -43.36 -1.24 0.92 -0.35 45924.00
34.70 152.43 -41.79 -1.61 1.42 -1.12 45954.00
29.00 154.56 -45.96 -1.23 0.87 -0.20 45985.00
27.32 151.64 -51.41 -1.14 -0.18 0.59 46016.00
30.61 147.70 -52.92 -1.09 -0.44 0.58 46047.00
32.24 143.49 -52.72 -0.48 -0.17 0.88 46077.00
32.74 141.34 -52.55 -0.57 -0.16 0.92 46108.00
33.12 140.60 -52.02 -0.64 -0.06 0.83 46139.00
34.03 140.48 -51.55 -0.76 0.10 0.64 46170.00
34.83 139.59 -51.39 -0.83 0.25 0.54 46200.00
34.86 137.94 -51.72 -0.73 0.26 0.51 46231.00
34.57 135.48 -52.47 -0.69 0.16 0.55 46263.00
34.94 132.85 -53.30 -0.65 0.13 0.51 46294.00
35.00 130.33 -54.32 -0.60 0.12 0.49 46324.00
35.19 127.07 -55.45 -0.61 0.07 0.51 46355.00
35.72 123.32 -56.35 -0.56 0.11 0.43 46387.00
35.31 118.82 -57.24 -0.45 0.16 0.46 46416.00
33.89 112.84 -58.72 -0.17 0.03 0.58 46447.00
33.83 107.15 -60.09 -0.06 -0.02 0.65 46478.00
33.80 100.44 -61.25 0.10 0.02 0.81 46510.00
33.63 93.94 -62.69 0.42 -0.02 0.95 46540.00
33.23 87.70 -63.86 0.67 -0.04 1.21 46570.00
32.37 82.43 -64.97 0.89 -0.19 1.52 46601.00
31.63 78.86 -65.50 1.05 -0.23 1.60 46631.00
30.49 76.59 -65.90 1.01 -0.31 1.73 46662.00
30.59 74.83 -65.92 0.77 -0.42 1.80 46693.00
33.25 75.19 -63.02 0.19 -0.14 1.45 46785.00
34.42 75.57 -61.26 0.10 0.09 1.40 46816.00
34.86 76.33 -60.03 0.08 0.26 1.31 46846.00
35.20 77.73 -59.50 -0.02 0.26 1.21 46876.00
36.43 79.22 -59.32 -0.20 0.28 1.08 46907.00
37.93 80.08 -59.62 -0.29 0.35 0.94 46938.00
38.94 80.83 -60.82 -0.34 0.38 0.78 46968.00
40.15 81.24 -62.98 -0.33 0.29 0.61 46999.00
42.41 79.61 -65.63 -0.03 0.28 0.53 47030.00
44.12 76.87 -68.57 0.40 0.27 0.50 47060.00
45.53 74.10 -71.93 1.00 0.17 0.71 47091.00
47.74 70.14 -74.83 1.58 0.11 1.05 47122.00
49.60 65.96 -76.48 1.93 0.06 1.35 47153.00
49.02 64.89 -76.33 1.93 -0.08 1.28 47184.00
46.67 67.47 -74.27 1.48 -0.11 0.91 47215.00
44.46 70.72 -71.18 1.31 -0.03 0.77 47246.00
44.04 73.85 -67.80 1.03 0.08 0.70 47277.00
44.65 76.42 -64.33 0.49 0.23 0.66 47307.00
43.87 77.37 -60.85 0.08 0.38 0.80 47338.00
42.20 76.98 -58.06 -0.21 0.41 0.95 47369.00
41.50 75.82 -55.68 -0.47 0.40 1.16 47398.00
42.35 74.07 -53.72 -0.61 0.56 1.29 47429.00
43.69 72.64 -52.86 -0.56 0.80 1.31 47460.00
44.51 72.01 -53.85 -0.41 0.92 1.23 47491.00
44.99 72.08 -56.65 -0.27 0.75 1.02 47521.00
45.71 72.25 -60.79 0.12 0.56 0.67 47552.00
45.35 71.15 -65.64 0.50 0.40 0.66 47582.00
45.81 68.58 -70.62 0.98 0.15 0.83 47613.00
46.79 64.34 -74.62 1.62 -0.05 1.07 47644.00
47.73 60.60 -76.52 2.01 -0.15 1.32 47675.00
47.46 59.32 -76.15 1.96 -0.21 1.35 47706.00
46.70 61.22 -74.28 1.63 -0.14 1.06 47736.00
45.88 64.46 -71.62 1.38 -0.01 0.82 47767.00
45.71 67.88 -68.57 1.05 0.11 0.74 47798.00
45.47 70.19 -65.43 0.63 0.19 0.89 47828.00
44.69 71.37 -62.02 0.46 0.28 1.05 47859.00
43.09 72.27 -58.84 0.40 0.26 1.28 47890.00
42.69 74.31 -56.06 0.38 0.16 1.38 47921.00
43.33 77.35 -53.48 0.32 0.22 1.28 47951.00
44.24 81.39 -51.23 0.15 0.30 1.18 47982.00
44.94 85.46 -49.44 0.08 0.33 1.09 48013.00
45.28 89.60 -47.81 0.00 0.36 0.93 48044.00
45.01 93.61 -46.47 -0.13 0.39 0.82 48074.00
44.18 97.01 -45.76 -0.16 0.27 0.84 48105.00
44.20 99.96 -45.39 -0.18 0.18 0.84 48136.00
44.78 102.32 -45.22 -0.18 0.15 0.89 48166.00
45.48 104.39 -45.21 -0.21 0.18 0.94 48197.00
45.88 106.10 -45.33 -0.25 0.20 1.01 48228.00
46.08 107.64 -45.66 -0.28 0.21 1.12 48259.00
46.70 109.20 -46.29 -0.27 0.16 1.22 48289.00
48.07 110.96 -47.05 -0.24 0.15 1.28 48320.00
49.51 112.94 -47.88 -0.20 0.13 1.37 48351.00
50.79 115.25 -48.62 -0.13 0.11 1.42 48381.00
51.79 118.67 -49.36 -0.12 0.06 1.30 48412.00
52.61 123.06 -50.06 -0.17 -0.05 1.13 48443.00
53.75 127.61 -50.34 -0.27 -0.08 0.90 48473.00
54.86 132.51 -50.30 -0.32 -0.09 0.70 48503.00
55.80 136.75 -49.59 -0.44 -0.03 0.62 48534.00
56.67 140.40 -48.46 -0.52 0.08 0.58 48565.00
57.02 143.48 -47.21 -0.55 0.18 0.51 48595.00
57.38 146.64 -46.10 -0.54 0.20 0.44 48626.00
58.48 149.08 -44.95 -0.60 0.28 0.38 48658.00
59.23 151.15 -44.14 -0.65 0.35 0.31 48689.00
59.41 152.53 -43.54 -0.69 0.39 0.33 48719.00
59.21 153.68 -43.14 -0.72 0.38 0.35 48750.00
59.21 154.66 -42.93 -0.80 0.36 0.33 48781.00
59.59 155.20 -42.97 -0.87 0.39 0.31 48813.00
59.79 155.39 -43.24 -0.95 0.38 0.33 48843.00
60.38 155.35 -43.39 -1.02 0.42 0.27 48874.00
60.74 155.38 -43.46 -1.21 0.55 -0.07 48905.00
60.76 155.20 -44.18 -1.32 0.65 -0.39 48936.00
59.96 154.10 -45.66 -1.22 0.55 -0.51 48967.00
59.94 150.69 -47.36 -1.06 0.44 -0.33 48998.00
63.29 143.48 -49.03 -0.66 0.40 0.15 49029.00
65.49 134.30 -50.63 0.00 0.43 0.92 49059.00
66.92 127.47 -52.28 0.59 0.38 1.63 49090.00
67.98 121.91 -53.44 1.08 0.23 2.23 49121.00
68.21 119.50 -53.80 1.31 0.11 2.33 49152.00
67.29 121.53 -53.31 0.72 0.20 1.66 49182.00
64.72 125.38 -53.01 0.15 0.20 1.26 49213.00
62.58 129.06 -52.80 -0.23 0.02 1.05 49244.00
61.61 132.72 -51.53 -0.51 0.00 0.81 49274.00
60.97 136.39 -49.57 -0.91 0.10 0.67 49305.00
61.16 139.07 -46.99 -1.22 0.26 0.54 49336.00
62.48 141.66 -44.03 -1.17 0.56 0.23 49368.00
63.37 144.24 -41.80 -1.43 0.97 -0.19 49398.00
62.58 145.76 -41.52 -1.56 1.10 -0.53 49429.00
61.53 145.31 -43.16 -1.46 0.73 -0.34 49460.00
62.98 142.25 -44.88 -1.31 0.51 -0.30 49490.00
65.48 136.86 -46.86 -0.87 0.49 -0.05 49522.00
67.15 129.75 -49.11 -0.44 0.43 0.50 49553.00
68.91 123.73 -51.16 0.07 0.41 0.81 49584.00
70.54 119.43 -53.21 0.45 0.47 1.10 49613.00
71.89 114.00 -55.38 0.86 0.39 1.70 49644.00
71.49 108.90 -57.18 1.63 0.21 2.16 49675.00
68.32 109.98 -57.07 1.23 0.05 1.72 49705.00
63.00 113.85 -56.37 0.54 -0.14 1.44 49736.00
60.52 117.61 -55.07 0.23 -0.32 1.23 49767.00
60.67 120.60 -52.37 0.07 -0.13 1.12 49798.00
60.17 124.04 -49.31 0.01 0.11 0.98 49828.00
58.85 128.09 -46.06 -0.48 0.17 0.87 49859.00
59.01 131.21 -41.77 -0.83 0.36 0.69 49890.00
59.10 133.81 -37.51 -0.83 0.73 0.61 49921.00
59.06 136.26 -35.07 -0.96 0.79 0.54 49951.00
58.65 138.94 -33.04 -1.05 0.83 0.31 49982.00
56.79 140.95 -31.56 -1.16 0.82 0.24 50013.00
54.98 141.10 -30.54 -1.11 0.72 0.35 50043.00
53.58 140.42 -30.13 -0.95 0.60 0.49 50074.00
53.13 139.52 -30.37 -0.82 0.47 0.60 50106.00
53.51 138.70 -30.99 -0.72 0.41 0.63 50137.00
53.82 137.69 -31.85 -0.65 0.37 0.72 50166.00
53.92 136.40 -32.96 -0.55 0.28 0.81 50197.00
54.08 135.30 -34.09 -0.47 0.19 0.83 50228.00
54.27 134.84 -35.09 -0.46 0.15 0.79 50258.00
54.64 134.36 -36.05 -0.49 0.14 0.75 50289.00
55.34 133.43 -36.77 -0.50 0.19 0.71 50320.00
55.42 132.14 -37.40 -0.48 0.26 0.67 50351.00
54.89 130.79 -38.06 -0.49 0.24 0.65 50381.00
54.64 128.56 -38.80 -0.44 0.23 0.72 50412.00
54.67 126.04 -39.60 -0.39 0.26 0.76 50443.00
54.06 123.91 -40.64 -0.35 0.27 0.78 50473.00
53.51 121.34 -41.87 -0.33 0.23 0.80 50504.00
53.06 118.79 -43.25 -0.28 0.22 0.73 50535.00
52.20 116.54 -44.68 -0.32 0.24 0.59 50565.00
50.64 113.31 -46.50 -0.25 0.19 0.61 50595.00
49.06 109.18 -48.80 -0.11 0.01 0.71 50626.00
48.60 104.92 -50.49 -0.05 -0.05 0.71 50657.00
47.70 99.88 -51.74 0.04 0.04 0.78 50688.00
45.78 94.77 -53.30 0.26 -0.00 0.97 50718.00
44.07 88.72 -54.97 0.57 -0.18 1.17 50749.00
43.57 83.77 -56.07 0.59 -0.23 1.29 50780.00
43.63 78.97 -56.95 0.76 -0.22 1.54 50810.00
43.90 75.18 -57.53 0.93 -0.26 1.66 50841.00
43.90 72.50 -57.34 0.90 -0.26 1.81 50872.00
43.68 71.67 -56.71 0.87 -0.27 1.72 50903.00
43.66 72.03 -55.73 0.71 -0.25 1.61 50933.00
44.08 73.05 -54.45 0.56 -0.16 1.43 50963.00
44.27 74.66 -53.06 0.38 -0.04 1.27 50994.00
44.27 76.20 -51.81 0.18 0.03 1.18 51024.00
44.76 77.59 -50.90 0.04 0.07 1.14 51055.00
46.30 78.82 -50.17 -0.19 0.18 1.02 51086.00
47.91 79.93 -49.88 -0.44 0.41 0.73 51117.00
48.38 79.65 -50.95 -0.53 0.50 0.68 51147.00
48.88 78.68 -53.39 -0.31 0.39 0.66 51178.00
49.90 76.16 -56.95 0.14 0.36 0.65 51209.00
50.27 73.48 -61.60 0.92 0.23 0.90 51239.00
51.19 69.34 -66.09 1.80 -0.01 1.24 51270.00
51.99 65.08 -67.84 2.54 -0.21 1.61 51301.00
50.23 66.84 -66.46 2.10 -0.18 1.33 51332.00
46.75 71.16 -64.51 1.43 -0.07 0.86 51362.00
43.87 75.86 -62.53 1.22 -0.15 0.72 51393.00
42.82 79.63 -59.92 0.89 -0.17 0.69 51425.00
42.44 82.20 -57.29 0.55 -0.18 0.74 51454.00
42.05 85.19 -54.04 0.20 -0.09 0.71 51485.00
41.88 87.28 -50.62 -0.24 0.03 0.75 51516.00
42.15 87.96 -47.75 -0.65 0.25 0.75 51547.00
41.75 87.40 -46.04 -0.83 0.39 0.84 51577.00
41.76 85.78 -45.75 -0.96 0.34 1.07 51608.00
42.71 83.96 -46.21 -0.97 0.39 1.04 51639.00
43.24 82.81 -48.23 -0.78 0.35 0.94 51668.00
44.34 81.75 -51.33 -0.56 0.28 0.69 51699.00
45.78 79.78 -55.33 0.02 0.31 0.49 51730.00
46.09 76.62 -60.56 0.72 0.29 0.81 51761.00
47.04 71.77 -65.77 1.70 0.08 1.32 51791.00
48.00 66.48 -68.77 2.69 -0.11 1.74 51823.00
47.60 65.49 -68.97 2.45 -0.38 1.84 51854.00
47.27 69.07 -67.49 1.51 -0.23 1.18 51885.00
46.21 74.08 -66.46 1.35 -0.17 1.03 51915.00
46.41 79.20 -64.22 1.09 -0.08 0.92 51946.00
46.32 83.77 -61.65 0.65 0.09 0.98 51977.00
45.40 86.95 -59.38 0.32 0.07 1.05 52006.00
44.30 90.69 -56.36 0.20 0.05 1.07 52038.00
43.48 95.21 -53.14 0.01 0.16 0.93 52068.00
42.73 99.92 -50.51 -0.23 0.25 0.83 52099.00
42.02 104.18 -48.67 -0.41 0.23 0.71 52129.00
40.73 107.73 -47.04 -0.58 0.22 0.65 52160.00
38.83 109.78 -46.11 -0.62 0.10 0.74 52191.00
38.00 111.16 -45.45 -0.62 -0.04 0.82 52221.00
38.03 112.05 -44.59 -0.57 -0.03 0.83 52252.00
37.71 112.90 -43.88 -0.49 -0.03 0.88 52283.00
37.46 113.70 -43.26 -0.45 -0.05 0.90 52313.00
37.79 114.53 -42.77 -0.46 -0.08 0.93 52343.00
38.57 115.23 -42.29 -0.50 -0.00 0.93 52374.00
38.73 115.53 -42.21 -0.53 -0.01 1.04 52405.00
39.35 115.53 -42.17 -0.54 -0.02 1.15 52435.00
40.09 115.24 -42.06 -0.50 0.09 1.34 52466.00
40.35 114.87 -42.32 -0.40 0.06 1.53 52497.00
40.67 115.47 -43.23 -0.24 -0.14 1.66 52528.00
41.37 118.42 -44.11 -0.19 -0.31 1.50 52558.00
42.28 122.95 -44.54 -0.20 -0.32 1.23 52589.00
43.39 128.14 -44.32 -0.27 -0.28 0.95 52620.00
44.22 133.17 -43.67 -0.33 -0.21 0.78 52651.00
44.58 137.65 -42.83 -0.39 -0.21 0.69 52681.00
44.94 142.10 -41.58 -0.44 -0.16 0.56 52712.00
44.98 145.89 -40.09 -0.50 -0.07 0.50 52743.00
44.84 149.09 -38.64 -0.56 -0.00 0.45 52773.00
44.85 151.77 -36.88 -0.64 0.08 0.40 52805.00
44.57 153.95 -35.20 -0.71 0.17 0.32 52836.00
44.31 155.37 -33.85 -0.73 0.20 0.29 52867.00
44.15 156.27 -32.92 -0.76 0.23 0.29 52898.00
44.42 156.56 -32.41 -0.85 0.23 0.30 52929.00
45.03 156.30 -32.15 -0.91 0.26 0.31 52960.00
45.23 155.59 -32.08 -0.96 0.29 0.35 52992.00
45.12 154.68 -32.34 -1.00 0.27 0.40 53022.00
45.50 153.81 -32.78 -1.08 0.28 0.35 53053.00
46.45 152.81 -33.30 -1.24 0.35 0.18 53084.00
47.48 151.71 -34.35 -1.27 0.39 0.08 53115.00
48.34 149.90 -35.77 -1.21 0.38 0.09 53146.00
49.12 146.99 -37.75 -1.03 0.31 0.15 53177.00
50.66 142.42 -39.91 -0.78 0.22 0.39 53209.00
52.65 136.22 -41.53 -0.38 0.27 0.75 53239.00
52.80 129.56 -43.61 0.31 0.22 1.42 53270.00
52.83 123.23 -45.80 1.33 -0.01 2.37 53300.00
52.59 120.76 -46.14 1.89 -0.27 2.34 53330.00
51.91 124.40 -44.40 0.50 -0.18 1.52 53361.00
50.74 130.19 -43.38 0.11 -0.09 1.11 53392.00
49.69 136.51 -42.11 -0.08 -0.06 0.69 53423.00
48.90 142.65 -40.20 -0.61 0.00 0.45 53453.00
48.18 147.31 -37.81 -1.12 0.11 0.33 53485.00
47.72 150.61 -35.57 -1.35 0.26 0.18 53516.00
48.26 152.81 -33.05 -1.52 0.49 -0.07 53547.00
47.82 154.71 -30.90 -1.77 0.83 -0.67 53578.00
46.07 154.81 -31.54 -1.69 0.78 -0.33 53609.00
46.03 152.98 -33.82 -1.51 0.39 -0.22 53640.00
48.14 149.36 -35.74 -1.27 0.28 -0.11 53670.00
49.88 144.28 -38.07 -0.90 0.27 0.12 53702.00
50.63 138.11 -40.70 -0.56 0.13 0.42 53733.00
52.45 132.10 -42.55 -0.30 0.09 0.62 53764.00
53.96 126.46 -43.67 0.05 0.24 0.88 53794.00
53.83 120.87 -45.75 0.68 0.24 1.41 53825.00
53.87 115.47 -48.35 1.40 -0.02 2.07 53856.00
53.36 113.29 -48.52 1.51 -0.30 2.07 53886.00
52.00 115.37 -46.81 0.45 -0.23 1.55 53917.00
50.26 118.32 -45.45 0.29 -0.27 1.49 53948.00
49.75 121.99 -43.33 0.27 -0.25 1.25 53979.00
49.55 126.36 -40.60 -0.04 -0.11 1.04 54009.00
49.16 131.00 -37.26 -0.51 0.05 0.83 54040.00
48.30 134.85 -33.71 -0.75 0.17 0.73 54071.00
47.08 138.42 -29.69 -0.76 0.29 0.64 54102.00
46.23 141.78 -26.14 -0.82 0.40 0.57 54132.00
46.69 144.97 -23.26 -0.95 0.49 0.47 54163.00
47.94 147.54 -20.68 -1.09 0.68 0.25 54194.00
47.41 149.49 -18.94 -1.17 0.84 0.12 54225.00
45.14 150.61 -18.59 -1.12 0.71 0.25 54256.00
43.46 150.84 -19.30 -1.03 0.46 0.36 54287.00
43.19 150.39 -20.66 -0.92 0.26 0.44 54319.00
43.83 149.61 -21.97 -0.84 0.18 0.47 54349.00
44.44 148.39 -23.26 -0.76 0.13 0.52 54380.00
44.90 146.80 -24.32 -0.71 0.09 0.58 54411.00
45.51 144.99 -25.07 -0.75 0.10 0.59 54443.00
46.05 143.15 -25.58 -0.74 0.16 0.58 54473.00
46.35 140.98 -26.16 -0.63 0.20 0.59 54504.00
46.51 138.57 -26.90 -0.60 0.23 0.57 54535.00
46.43 135.91 -27.85 -0.57 0.25 0.55 54565.00
45.84 132.88 -29.22 -0.51 0.22 0.54 54596.00
45.32 129.42 -30.84 -0.43 0.17 0.55 54626.00
44.75 125.01 -32.71 -0.31 0.12 0.60 54657.00
44.52 120.48 -34.59 -0.21 0.09 0.65 54687.00
44.23 115.16 -36.72 -0.02 0.02 0.73 54719.00
44.05 109.77 -38.73 0.22 -0.05 0.88 54749.00
44.29 104.22 -40.73 0.52 -0.16 1.14 54779.00
45.28 98.96 -42.13 0.66 -0.19 1.25 54810.00
45.60 94.66 -42.84 0.67 -0.15 1.30 54841.00
44.99 91.48 -43.11 0.55 -0.14 1.29 54872.00
43.83 88.62 -42.83 0.37 -0.13 1.28 54902.00
42.42 85.63 -42.30 0.25 -0.15 1.37 54933.00
41.76 82.78 -41.66 0.22 -0.23 1.52 54964.00
42.16 80.63 -40.68 0.27 -0.19 1.50 54994.00
42.82 79.22 -39.67 0.30 -0.11 1.45 55025.00
43.91 78.15 -38.62 0.32 -0.03 1.33 55056.00
45.05 77.26 -37.59 0.32 0.09 1.28 55087.00
45.29 76.73 -36.98 0.27 0.14 1.20 55117.00
45.32 76.50 -36.70 0.21 0.12 1.08 55148.00
45.56 76.39 -36.57 0.08 0.16 0.95 55179.00
45.34 76.20 -36.89 -0.09 0.24 0.82 55209.00
44.74 74.78 -37.91 -0.09 0.24 0.88 55240.00
44.19 72.75 -39.24 -0.16 0.27 0.94 55271.00
43.42 69.86 -40.87 -0.14 0.33 1.06 55301.00
41.81 67.20 -43.11 0.23 0.35 1.15 55331.00
39.79 65.43 -46.77 0.60 0.25 0.87 55362.00
38.22 65.06 -51.36 1.05 0.12 0.75 55393.00
37.24 64.42 -56.23 1.73 0.02 0.65 55425.00
37.19 62.44 -60.10 2.38 -0.18 1.57 55455.00
37.54 58.86 -61.70 2.18 -0.42 1.07 55486.00
37.95 58.60 -60.58 1.47 -0.37 0.84 55517.00
37.55 60.88 -58.10 1.23 -0.17 0.73 55547.00
37.27 64.80 -55.95 1.30 -0.12 0.56 55579.00
38.42 68.13 -53.58 0.99 -0.11 0.50 55610.00
40.76 71.04 -50.26 0.50 0.02 0.59 55641.00
41.07 71.47 -47.16 -0.07 0.18 0.80 55671.00
40.69 70.02 -45.05 -0.41 0.14 1.18 55702.00
41.56 68.16 -42.90 -0.52 0.22 1.08 55733.00
42.88 66.03 -41.84 -0.40 0.41 1.53 55763.00
43.83 65.17 -42.53 -0.30 0.64 1.37 55793.00
43.21 65.16 -45.44 -0.06 0.53 1.06 55824.00
42.14 65.40 -49.59 0.30 0.29 0.76 55855.00
41.32 66.01 -54.24 0.74 0.21 0.56 55885.00
40.52 64.67 -59.59 1.50 0.11 0.57 55917.00
40.46 62.06 -63.13 2.13 -0.04 0.84 55948.00
40.73 59.43 -63.82 2.00 -0.18 1.02 55979.00
40.36 58.55 -62.86 1.78 -0.26 1.14 56009.00
39.58 61.02 -60.34 1.33 -0.16 0.92 56040.00
39.42 65.57 -57.58 1.44 -0.06 0.84 56072.00
40.39 70.13 -54.79 1.32 0.06 0.67 56102.00
41.77 74.35 -51.68 0.96 0.14 0.70 56133.00
42.16 77.25 -48.59 0.47 0.20 0.88 56164.00
41.70 78.35 -45.62 0.29 0.17 1.05 56195.00
41.27 79.89 -42.99 0.24 0.14 1.13 56225.00
40.29 82.62 -40.24 -0.09 0.14 1.01 56256.00
39.02 84.65 -38.28 -0.26 0.07 1.04 56287.00
38.39 86.59 -36.88 -0.24 -0.01 0.98 56317.00
38.89 88.17 -35.58 -0.28 -0.07 0.97 56348.00
39.85 88.90 -34.21 -0.16 0.04 0.98 56379.00
40.03 89.70 -33.30 -0.04 0.03 1.02 56410.00
40.68 90.20 -32.45 0.00 0.04 1.04 56440.00
40.96 90.58 -31.96 0.08 0.10 1.12 56470.00
41.03 91.01 -31.94 0.14 0.06 1.23 56501.00
41.41 91.73 -32.09 0.20 0.04 1.32 56531.00
41.60 93.06 -32.29 0.18 0.06 1.37 56562.00
41.21 95.03 -32.93 0.28 0.01 1.46 56593.00
41.73 97.78 -33.81 0.30 -0.11 1.44 56624.00
42.91 100.87 -34.36 0.27 -0.08 1.40 56654.00
43.40 104.49 -35.01 0.25 -0.09 1.37 56685.00
43.63 108.58 -35.43 0.25 -0.19 1.34 56716.00
44.12 113.09 -35.28 0.24 -0.23 1.25 56747.00
44.52 118.04 -34.58 0.14 -0.19 1.12 56777.00
44.36 123.50 -33.59 0.03 -0.14 0.94 56808.00
44.09 129.29 -32.38 -0.10 -0.13 0.80 56839.00
43.95 135.23 -31.04 -0.21 -0.12 0.62 56869.00
43.75 141.88 -29.40 -0.40 -0.06 0.45 56900.00
43.85 147.91 -27.53 -0.56 0.05 0.28 56932.00
43.39 151.73 -25.93 -0.70 0.11 0.30 56963.00
43.11 154.37 -24.56 -0.80 0.14 0.29 56993.00
43.07 156.06 -23.13 -0.78 0.18 0.32 57025.00
42.66 157.34 -22.17 -0.81 0.22 0.35 57056.00
42.28 158.50 -21.82 -0.86 0.20 0.37 57086.00
42.49 159.28 -21.65 -0.91 0.22 0.32 57117.00
42.76 159.55 -21.96 -0.97 0.23 0.35 57149.00
43.50 159.36 -22.69 -1.03 0.16 0.38 57180.00
45.18 159.04 -23.31 -1.08 0.17 0.31 57210.00
47.24 158.90 -23.78 -1.20 0.27 0.09 57242.00
49.04 157.80 -24.36 -1.35 0.35 -0.13 57273.00
50.70 155.13 -25.28 -1.20 0.39 -0.02 57305.00
52.17 151.23 -26.39 -1.07 0.40 0.09 57335.00
53.75 145.99 -28.13 -0.74 0.31 0.36 57366.00
56.33 140.21 -29.90 -0.42 0.27 0.55 57397.00
58.26 134.28 -31.62 0.01 0.26 1.06 57427.00
58.65 129.15 -32.89 0.74 0.14 1.91 57458.00
57.75 124.90 -33.19 1.93 -0.07 2.68 57489.00
55.42 124.51 -32.32 1.72 -0.37 2.27 57520.00
54.23 129.15 -30.33 0.17 -0.28 1.39 57550.00
53.97 134.70 -28.24 -0.18 -0.00 0.88 57581.00
52.91 140.19 -26.29 -0.37 0.20 0.60 57612.00
50.84 144.90 -24.55 -0.76 0.17 0.42 57643.00
50.30 148.00 -22.61 -1.11 0.15 0.38 57674.00
51.58 150.25 -20.04 -1.30 0.34 0.17 57705.00
53.26 151.64 -17.42 -1.54 0.71 -0.11 57736.00
53.67 152.24 -16.42 -1.61 0.99 -0.35 57766.00
53.14 151.60 -17.71 -1.59 0.86 -0.22 57798.00
53.86 149.11 -19.88 -1.44 0.63 -0.15 57829.00
55.30 145.10 -22.69 -1.17 0.53 -0.05 57860.00
56.57 139.92 -26.24 -0.79 0.36 0.22 57890.00
58.50 132.88 -29.98 -0.42 0.21 0.54 57921.00
60.87 126.19 -32.88 0.02 0.20 0.84 57952.00
61.96 120.93 -35.53 0.69 0.23 1.43 57982.00
62.61 114.63 -38.00 1.51 0.12 2.00 58013.00
62.18 111.15 -38.48 1.95 -0.14 2.27 58044.00
60.92 112.76 -36.38 0.96 -0.17 1.71 58075.00
59.46 115.95 -35.05 0.44 -0.10 1.47 58105.00
58.45 119.73 -33.02 0.39 -0.02 1.26 58136.00
57.37 123.96 -30.87 0.06 0.04 1.03 58167.00
55.90 128.28 -28.22 -0.29 0.06 0.87 58198.00
53.97 132.62 -25.26 -0.57 0.09 0.71 58228.00
52.40 136.13 -21.76 -0.85 0.12 0.63 58259.00
52.05 139.13 -17.93 -0.80 0.31 0.55 58290.00
51.79 142.32 -15.05 -0.85 0.47 0.46 58320.00
52.57 144.76 -12.91 -1.10 0.59 0.32 58351.00
52.84 146.05 -10.97 -1.23 0.76 0.24 58382.00
51.13 146.51 -10.16 -1.16 0.79 0.30 58414.00
48.94 146.39 -10.73 -1.05 0.52 0.46 58444.00
48.50 145.61 -12.04 -0.95 0.30 0.54 58475.00
49.56 144.77 -13.72 -0.86 0.24 0.48 58506.00
50.37 143.68 -15.60 -0.78 0.19 0.42 58537.00
50.71 142.05 -17.34 -0.71 0.14 0.40 58568.00
50.96 139.50 -18.89 -0.63 0.12 0.40 58599.00
51.22 135.83 -20.42 -0.61 0.12 0.43 58631.00
51.59 131.42 -21.80 -0.49 0.14 0.48 58661.00
51.74 126.17 -23.31 -0.29 0.16 0.54 58692.00
51.20 120.69 -25.13 -0.13 0.15 0.59 58723.00
50.40 114.87 -27.64 0.06 0.06 0.69 58754.00
50.61 109.00 -30.37 0.33 -0.08 0.85 58784.00
51.39 103.28 -32.03 0.54 -0.17 0.89 58815.00
52.02 98.13 -32.82 0.62 -0.16 0.99 58845.00
52.74 93.06 -33.01 0.72 -0.10 1.13 58875.00
53.14 88.13 -32.83 0.84 -0.04 1.20 58906.00
53.19 84.27 -32.60 0.78 0.01 1.22 58937.00
53.02 81.00 -32.47 0.76 0.01 1.25 58968.00
53.00 78.36 -32.12 0.70 0.05 1.27 58998.00
52.44 75.85 -31.86 0.70 0.07 1.33 59029.00
51.75 73.53 -31.55 0.66 0.02 1.45 59060.00
51.27 71.81 -31.24 0.67 -0.04 1.59 59090.00
51.38 70.73 -30.74 0.64 -0.09 1.63 59120.00
51.95 70.40 -29.85 0.65 -0.04 1.66 59151.00
52.55 70.94 -28.61 0.65 0.10 1.62 59182.00
52.56 72.33 -28.02 0.65 0.18 1.56 59212.00
52.84 74.77 -27.99 0.46 0.12 1.34 59243.00
53.32 77.55 -28.14 0.26 0.17 1.12 59274.00
53.35 80.13 -28.75 0.08 0.18 1.02 59304.00
53.49 82.66 -29.53 -0.14 0.16 0.84 59335.00
53.90 84.58 -30.41 -0.41 0.25 0.66 59366.00
54.17 85.30 -32.11 -0.64 0.35 0.50 59397.00
54.70 83.90 -34.92 -0.39 0.36 0.42 59427.00
54.81 81.11 -38.84 0.02 0.20 0.31 59457.00
55.30 78.76 -43.33 0.63 0.15 0.49 59489.00
56.02 75.79 -46.80 1.62 0.14 0.74 59520.00
55.96 70.46 -48.46 2.19 0.15 -0.76 59550.00
55.47 68.81 -48.39 2.38 -0.18 1.54 59581.00
53.43 70.06 -46.90 1.78 -0.32 1.29 59612.00
51.63 74.37 -44.57 1.20 -0.27 0.89 59642.00
51.32 79.72 -41.48 1.16 -0.17 0.52 59674.00
52.59 85.23 -38.06 0.56 -0.03 0.49 59705.00
53.71 87.18 -34.34 -0.21 0.07 0.71 59736.00
54.21 86.34 -30.23 -0.43 0.30 0.98 59765.00
54.03 85.05 -26.07 -0.48 0.60 1.30 59796.00
54.16 83.31 -23.84 -0.56 0.85 1.65 59827.00
54.81 82.95 -24.35 -0.56 0.87 1.44 59857.00
54.57 83.64 -27.02 -0.52 0.72 1.16 59888.00
53.53 84.27 -31.15 -0.32 0.42 0.86 59919.00
52.28 84.41 -36.03 -0.01 0.14 0.73 59950.00
52.33 83.68 -40.46 0.28 0.07 0.53 59980.00
53.15 82.10 -45.17 0.94 0.02 0.59 60011.00
54.51 78.33 -48.72 1.60 0.03 0.71 60042.00
55.09 73.48 -50.20 2.03 0.01 1.08 60072.00
54.54 68.94 -50.46 2.10 -0.18 1.38 60104.00
53.59 68.78 -48.77 1.76 -0.32 1.21 60135.00
52.92 72.02 -46.21 1.17 -0.26 0.96 60166.00
53.21 76.56 -43.19 1.33 -0.15 0.80 60196.00
54.48 81.65 -39.65 0.95 -0.04 0.71 60227.00
55.27 85.20 -35.17 0.35 0.18 1.09 60258.00
53.94 86.30 -31.18 0.20 0.30 1.42 60289.00
52.76 87.81 -27.96 0.10 0.11 1.65 60319.00
53.60 90.17 -23.90 -0.02 0.20 1.78 60350.00
54.64 93.70 -20.81 0.04 0.41 1.63 60381.00
55.12 98.76 -19.12 -0.12 0.45 1.45 60411.00
55.37 104.61 -18.19 -0.15 0.36 1.20 60442.00
55.31 110.72 -18.18 -0.20 0.19 1.03 60473.00
55.72 116.68 -18.48 -0.28 0.03 0.94 60504.00
56.79 121.17 -18.57 -0.44 0.04 1.02 60534.00
57.07 124.95 -18.86 -0.38 0.06 1.04 60565.00
56.32 129.23 -19.48 -0.29 -0.09 0.99 60596.00
56.22 133.84 -20.16 -0.15 -0.25 0.90 60626.00
57.47 138.58 -20.65 -0.02 -0.30 0.86 60657.00
59.01 143.33 -20.72 0.03 -0.22 0.74 60688.00
59.51 148.54 -20.57 0.00 -0.17 0.66 60719.00
59.12 153.85 -19.91 -0.13 -0.16 0.48 60749.00
58.53 159.66 -18.54 -0.30 -0.09 0.29 60780.00
57.71 164.91 -16.67 -0.48 0.00 0.12 60811.00
56.79 168.22 -14.92 -0.71 0.08 0.06 60841.00
56.82 169.83 -13.44 -0.86 0.13 0.11 60873.00
57.34 170.41 -11.82 -0.96 0.25 0.12 60904.00
57.13 170.48 -10.41 -1.00 0.36 0.13 60936.00
56.31 170.01 -9.55 -1.06 0.38 0.26 60966.00
55.42 169.25 -8.94 -1.09 0.36 0.36 60997.00
54.88 168.33 -8.75 -1.08 0.33 0.41 61028.00
54.79 167.25 -8.95 -1.05 0.28 0.47 61060.00
55.02 166.16 -9.22 -0.99 0.22 0.54 61090.00
55.09 165.12 -9.52 -0.91 0.19 0.60 61121.00
54.85 164.20 -9.91 -0.83 0.13 0.63 61152.00
54.86 163.50 -10.34 -0.75 0.04 0.71 61184.00
55.48 163.44 -10.54 -0.81 0.04 0.66 61214.00
56.15 163.82 -10.69 -0.85 0.09 0.54 61245.00
57.03 164.55 -10.73 -0.99 0.20 0.34 61277.00
58.08 165.70 -10.73 -1.12 0.37 -0.13 61307.00
59.43 165.79 -11.06 -1.38 0.54 -0.54 61338.00
60.74 163.80 -12.45 -1.51 0.70 -0.84 61369.00
61.72 158.52 -15.43 -1.13 0.61 -0.60 61400.00
64.18 151.23 -19.06 -0.72 0.37 -0.12 61431.00
64.83 140.53 -22.36 0.21 0.28 1.12 61462.00
64.63 133.29 -25.67 1.18 0.11 2.08 61493.00
64.03 128.42 -28.89 2.11 -0.37 2.98 61523.00
63.86 128.14 -28.51 1.55 -0.60 2.46 61553.00
63.85 132.50 -26.22 0.39 -0.25 1.53 61585.00
63.41 137.12 -25.02 -0.13 -0.15 1.15 61616.00
61.98 141.14 -23.37 -0.26 -0.14 0.93 61646.00
60.22 145.44 -20.90 -0.54 -0.16 0.75 61677.00
59.52 149.14 -17.67 -0.92 -0.09 0.63 61708.00
59.44 151.98 -13.92 -1.01 0.11 0.57 61739.00
60.01 154.38 -10.49 -1.00 0.33 0.47 61769.00
61.54 156.65 -7.29 -1.08 0.56 0.19 61801.00
62.83 158.30 -4.89 -1.36 0.88 -0.24 61832.00
62.67 158.82 -4.52 -1.54 1.01 -0.36 61862.00
61.67 157.96 -6.13 -1.53 0.80 -0.33 61893.00
61.78 155.37 -8.94 -1.33 0.48 -0.15 61924.00
63.24 150.99 -11.89 -1.00 0.32 0.03 61955.00
64.63 144.86 -14.95 -0.63 0.23 0.32 61986.00
66.50 138.18 -17.84 -0.32 0.18 0.51 62017.00
68.03 131.74 -20.55 0.12 0.19 0.84 62048.00
69.73 126.54 -23.21 0.65 0.19 1.26 62078.00
71.09 121.41 -25.18 1.18 0.17 1.65 62108.00
71.12 117.92 -25.96 1.43 0.06 2.00 62139.00
69.82 117.53 -25.47 0.93 -0.05 1.75 62170.00
67.67 119.33 -24.26 0.30 -0.01 1.43 62200.00
65.42 121.72 -23.45 0.19 -0.05 1.27 62232.00
64.14 124.45 -22.50 0.06 -0.10 1.09 62262.00
63.56 126.97 -21.13 -0.15 -0.09 1.04 62292.00
63.23 129.10 -19.20 -0.33 -0.06 1.02 62323.00
62.93 131.23 -16.81 -0.53 0.02 0.94 62354.00
62.79 133.26 -13.91 -0.72 0.17 0.86 62385.00
62.46 134.97 -11.60 -0.67 0.29 0.81 62415.00
62.29 136.56 -9.90 -0.72 0.29 0.80 62446.00
62.66 137.69 -8.49 -0.77 0.35 0.76 62477.00
62.72 138.39 -7.69 -0.80 0.35 0.77 62508.00
62.55 138.74 -7.36 -0.73 0.31 0.79 62538.00
62.48 139.23 -7.47 -0.71 0.25 0.76 62569.00
62.68 139.45 -7.87 -0.70 0.23 0.72 62599.00
62.72 139.35 -8.51 -0.70 0.21 0.68 62629.00
62.55 138.82 -9.35 -0.67 0.18 0.65 62660.00
62.12 137.78 -10.36 -0.60 0.12 0.64 62691.00
61.85 136.21 -11.46 -0.61 0.07 0.68 62722.00
61.95 134.29 -12.29 -0.56 0.07 0.66 62752.00
61.68 131.73 -13.27 -0.46 0.08 0.73 62783.00
61.48 128.81 -14.40 -0.36 0.04 0.80 62814.00
61.45 125.92 -15.34 -0.29 0.05 0.80 62844.00
60.98 122.84 -16.44 -0.21 0.05 0.82 62875.00
60.32 119.67 -17.84 -0.12 -0.00 0.88 62906.00
60.09 116.47 -19.09 -0.07 -0.03 0.88 62937.00
59.65 113.10 -20.22 0.02 0.01 0.88 62967.00
58.83 109.64 -21.79 0.14 -0.05 0.93 62998.00
58.15 106.11 -23.07 0.18 -0.09 0.93 63029.00
57.43 102.36 -24.16 0.27 -0.08 0.97 63059.00
56.79 98.39 -25.74 0.47 -0.15 1.06 63090.00
56.84 94.46 -27.01 0.62 -0.21 1.15 63121.00
57.07 90.91 -27.88 0.75 -0.23 1.35 63151.00
57.60 87.71 -28.23 0.85 -0.22 1.47 63181.00
57.75 85.46 -28.11 0.78 -0.23 1.52 63212.00
57.74 84.18 -27.49 0.69 -0.23 1.53 63243.00
57.82 83.76 -26.82 0.61 -0.22 1.50 63273.00
58.44 83.98 -25.91 0.51 -0.19 1.41 63304.00
59.17 84.57 -24.70 0.36 -0.08 1.30 63335.00
59.49 85.27 -23.43 0.22 0.02 1.23 63366.00
59.73 85.99 -22.30 0.06 0.10 1.17 63396.00
60.37 86.61 -21.55 -0.07 0.20 1.08 63427.00
61.44 87.30 -21.81 -0.15 0.25 0.93 63458.00
62.51 87.66 -22.83 -0.27 0.28 0.80 63489.00
64.03 87.15 -24.30 -0.35 0.41 0.67 63519.00
64.87 85.27 -26.97 -0.13 0.46 0.49 63550.00
64.34 82.76 -30.62 0.23 0.37 0.51 63580.00
63.17 80.34 -35.19 0.78 0.29 0.64 63610.00
62.86 76.53 -40.49 1.50 0.18 0.67 63642.00
63.24 71.35 -44.12 2.08 0.01 1.06 63673.00
62.77 68.31 -45.18 2.23 -0.21 1.36 63704.00
60.93 68.72 -43.99 1.67 -0.34 1.02 63734.00
58.60 71.79 -41.66 1.30 -0.27 1.02 63765.00
58.05 76.53 -38.82 1.35 -0.19 0.81 63797.00
60.08 80.73 -35.75 1.05 -0.08 0.57 63827.00
62.20 83.71 -32.40 0.43 0.08 0.70 63858.00
62.01 84.15 -28.85 -0.01 0.15 0.90 63889.00
61.52 84.35 -25.18 -0.39 0.19 0.99 63920.00
61.98 83.88 -22.34 -0.50 0.35 1.05 63950.00
63.41 83.10 -21.04 -0.52 0.49 1.14 63980.00
65.32 82.36 -21.12 -0.58 0.63 1.05 64011.00
65.83 81.78 -22.81 -0.45 0.67 0.83 64041.00
65.28 80.43 -26.07 -0.28 0.45 0.70 64072.00
64.61 78.24 -30.09 0.13 0.28 0.58 64103.00
64.41 75.45 -34.63 0.59 0.20 0.56 64134.00
65.40 72.43 -38.56 1.11 0.22 0.50 64164.00
66.19 68.79 -41.82 1.51 0.33 0.56 64195.00
66.07 63.44 -45.08 1.81 0.27 0.87 64227.00
65.23 59.65 -46.70 1.65 0.06 1.02 64258.00
63.50 57.46 -47.04 1.43 -0.10 1.19 64288.00
61.79 57.54 -46.21 1.24 -0.16 1.14 64319.00
61.56 59.30 -44.77 1.05 0.01 0.98 64349.00
62.42 61.50 -43.72 0.99 0.20 0.88 64379.00
63.61 63.33 -42.87 0.90 0.25 0.97 64410.00
63.96 64.36 -41.91 0.90 0.30 1.15 64441.00
63.43 65.58 -40.93 0.96 0.26 1.34 64472.00
63.07 67.65 -39.98 0.97 0.22 1.42 64502.00
63.10 70.58 -39.35 1.07 0.19 1.49 64532.00
63.50 74.95 -38.89 1.16 0.14 1.47 64563.00
63.57 80.21 -38.70 1.29 0.08 1.40 64593.00
63.57 87.24 -38.05 1.05 0.03 1.11 64624.00
63.01 94.68 -37.16 0.80 0.04 0.91 64655.00
62.15 102.24 -36.22 0.57 0.02 0.72 64686.00
61.57 109.41 -35.20 0.36 -0.04 0.70 64716.00
62.29 117.38 -33.56 0.06 0.03 0.35 64747.00
61.57 122.92 -31.84 -0.08 0.13 0.45 64778.00
60.36 127.56 -30.49 -0.13 0.12 0.50 64808.00
59.23 131.95 -29.02 -0.24 0.10 0.51 64839.00
58.67 135.91 -27.75 -0.37 0.09 0.47 64870.00
58.42 139.24 -26.60 -0.47 0.10 0.44 64901.00
58.24 142.17 -25.50 -0.59 0.14 0.42 64931.00
57.36 144.14 -24.59 -0.65 0.10 0.41 64962.00
56.92 144.59 -23.65 -0.74 0.10 0.50 64993.00
56.54 144.18 -22.61 -0.74 0.12 0.64 65025.00
56.40 143.33 -21.61 -0.72 0.15 0.77 65055.00
56.31 142.66 -20.81 -0.59 0.15 0.88 65086.00
56.25 142.22 -20.11 -0.58 0.17 0.88 65117.00
55.87 141.87 -19.67 -0.55 0.15 0.91 65147.00
55.68 141.64 -19.21 -0.56 0.12 0.90 65177.00
55.34 141.22 -18.71 -0.59 0.13 0.89 65208.00
54.85 140.67 -18.18 -0.57 0.11 0.95 65239.00
54.44 140.37 -17.78 -0.52 0.08 0.98 65269.00
54.16 140.51 -17.39 -0.55 0.09 0.92 65300.00
53.56 140.55 -17.00 -0.56 0.12 0.91 65331.00
52.70 140.55 -16.71 -0.57 0.09 0.91 65361.00
52.08 140.62 -16.41 -0.59 0.07 0.89 65392.00
51.30 140.59 -16.09 -0.61 0.08 0.85 65423.00
50.20 140.41 -15.89 -0.61 0.06 0.86 65454.00
49.34 139.99 -15.77 -0.61 -0.03 0.90 65484.00
49.08 139.46 -15.32 -0.59 -0.03 0.90 65515.00
48.43 138.77 -14.81 -0.55 0.01 0.94 65546.00
47.59 138.15 -14.28 -0.54 -0.05 0.98 65576.00
46.99 137.45 -13.51 -0.51 -0.03 0.99 65607.00
46.27 137.02 -12.77 -0.49 -0.03 1.00 65638.00
45.52 136.65 -11.86 -0.47 0.01 1.00 65669.00
44.51 136.47 -11.11 -0.48 -0.02 1.00 65699.00
43.94 136.41 -10.23 -0.49 -0.04 0.95 65730.00
43.41 136.26 -9.33 -0.49 -0.00 0.92 65761.00
42.82 135.97 -8.43 -0.50 -0.02 0.92 65792.00
42.59 135.48 -7.47 -0.49 -0.01 0.94 65822.00
42.25 134.88 -6.57 -0.47 0.00 0.97 65853.00
42.20 134.31 -5.63 -0.47 0.01 0.98 65884.00
41.84 133.72 -4.88 -0.44 0.01 1.01 65914.00
41.67 133.31 -4.14 -0.43 -0.04 1.02 65945.00
41.62 132.91 -3.34 -0.41 0.01 1.01 65976.00
41.20 132.60 -2.68 -0.40 -0.02 1.03 66007.00
41.10 132.33 -1.93 -0.39 -0.01 1.04 66037.00
40.85 132.16 -1.17 -0.41 0.03 1.03 66068.00
40.53 132.00 -0.44 -0.42 0.06 1.02 66099.00
40.11 131.89 0.02 -0.43 0.04 1.02 66129.00
40.14 131.68 0.43 -0.42 0.04 1.03 
