5.82 3.87 0.34 1.34 -0.49 1.93 2257.00
9.15 8.09 1.36 1.50 -0.25 1.82 2288.00
11.75 13.54 1.89 1.69 -0.28 1.68 2318.00
14.80 19.96 2.17 1.57 -0.28 1.48 2349.00
17.37 26.93 2.18 1.58 -0.25 1.30 2379.00
18.76 34.29 1.84 1.69 -0.30 1.16 2410.00
19.56 41.94 1.56 1.43 -0.37 1.05 2442.00
20.22 48.98 1.60 1.37 -0.40 0.85 2472.00
20.90 56.36 1.88 1.24 -0.39 0.70 2503.00
21.75 63.77 2.34 1.03 -0.34 0.55 2534.00
22.51 70.93 2.96 0.88 -0.26 0.29 2565.00
22.25 77.89 3.62 0.59 -0.15 0.09 2595.00
20.69 87.75 4.48 0.23 -0.12 -0.08 2626.00
20.61 96.67 5.45 -0.12 -0.08 -0.15 2657.00
21.18 101.86 6.54 -0.39 -0.08 -0.12 2688.00
22.42 104.67 7.84 -0.64 0.04 -0.29 2718.00
23.62 106.85 9.20 -0.89 0.19 -0.34 2749.00
24.59 108.20 9.68 -1.00 0.23 -0.34 2780.00
25.74 108.48 10.23 -1.18 0.28 -0.41 2810.00
27.06 107.56 10.99 -1.27 0.41 -0.38 2842.00
27.77 105.42 11.01 -1.19 0.47 -0.22 2873.00
28.62 101.86 10.22 -1.02 0.39 0.03 2904.00
29.84 96.59 8.77 -0.72 0.28 0.39 2934.00
30.84 89.42 6.65 -0.28 0.14 0.96 2965.00
32.78 84.31 3.68 0.34 -0.14 1.58 2996.00
36.11 80.89 1.32 1.06 -0.50 2.09 3026.00
40.02 80.67 2.89 0.99 -0.25 1.79 3056.00
40.87 83.53 7.28 0.22 0.34 1.32 3087.00
38.05 88.77 9.59 -0.11 0.59 0.92 3118.00
34.06 94.88 10.13 -0.52 0.35 0.64 3148.00
31.76 100.35 11.02 -0.99 0.27 0.34 3179.00
31.39 103.56 12.91 -1.38 0.36 0.11 3210.00
31.89 105.03 15.03 -1.58 0.62 -0.26 3240.00
31.10 105.50 16.84 -1.73 0.89 -0.48 3271.00
29.26 104.80 17.09 -1.65 0.92 -0.32 3302.00
29.05 102.10 15.70 -1.42 0.76 -0.18 3334.00
30.55 97.64 13.80 -1.11 0.69 0.01 3364.00
31.84 92.03 11.01 -0.71 0.59 0.33 3395.00
32.07 85.98 7.61 -0.35 0.39 0.76 3425.00
32.58 81.41 3.87 0.09 0.20 1.02 3456.00
33.40 78.72 0.12 0.41 -0.01 1.22 3486.00
34.88 76.27 -2.23 0.56 -0.14 1.35 3517.00
36.19 74.76 -2.91 0.51 -0.11 1.36 3547.00
36.15 73.98 -2.44 0.26 0.02 1.24 3577.00
33.93 74.79 -1.51 -0.05 0.10 1.03 3608.00
30.74 76.37 -0.83 -0.29 0.03 0.86 3639.00
28.88 77.79 -0.14 -0.30 0.01 0.70 3670.00
27.95 79.37 0.66 -0.41 0.11 0.54 3700.00
26.78 80.01 0.91 -0.55 0.14 0.45 3731.00
25.53 79.47 0.57 -0.52 0.05 0.39 3762.00
24.71 78.22 0.25 -0.59 0.02 0.35 3792.00
24.35 74.89 0.07 -0.60 0.05 0.40 3823.00
23.57 70.64 -0.61 -0.43 0.06 0.43 3854.00
22.52 65.89 -1.52 -0.34 0.01 0.52 3884.00
21.50 60.61 -2.56 -0.17 -0.01 0.59 3914.00
19.97 54.53 -4.27 0.10 -0.07 0.79 3945.00
18.65 48.27 -6.69 0.37 -0.23 0.94 3976.00
17.72 42.39 -8.77 0.58 -0.33 1.11 4006.00
17.20 36.07 -10.45 0.69 -0.38 1.36 4037.00
17.14 30.17 -12.09 0.94 -0.38 1.48 4067.00
16.95 24.93 -13.78 1.13 -0.44 1.73 4098.00
17.16 20.48 -14.79 1.05 -0.56 1.85 4128.00
17.86 16.82 -14.64 1.00 -0.45 1.77 4159.00
17.51 14.62 -13.92 0.83 -0.26 1.74 4190.00
16.50 13.42 -13.43 0.71 -0.28 1.64 4219.00
16.14 12.95 -12.72 0.58 -0.35 1.51 4250.00
16.62 12.87 -11.71 0.51 -0.30 1.38 4281.00
17.46 13.18 -10.62 0.45 -0.19 1.33 4312.00
18.32 13.58 -9.30 0.38 0.03 1.23 4342.00
17.83 14.28 -8.65 0.30 0.19 1.18 4373.00
16.84 15.63 -9.22 0.16 0.10 1.11 4404.00
17.32 17.30 -10.05 -0.05 0.07 0.90 4434.00
18.59 18.73 -11.06 -0.33 0.25 0.64 4464.00
19.53 18.23 -12.91 -0.41 0.42 0.50 4495.00
19.18 15.46 -16.63 -0.06 0.42 0.51 4526.00
17.59 12.48 -21.54 0.45 0.24 0.59 4556.00
15.99 10.50 -27.86 1.31 -0.01 0.76 4587.00
14.77 6.77 -33.56 2.29 -0.21 0.85 4618.00
12.85 4.58 -36.18 2.80 -0.57 1.17 4648.00
10.65 4.64 -36.28 1.91 -0.67 1.15 4679.00
7.79 7.10 -33.84 1.40 -0.59 0.69 4710.00
5.52 11.49 -30.01 1.34 -0.47 0.64 4741.00
5.82 16.04 -25.90 1.18 -0.38 0.53 4771.00
9.58 19.27 -21.41 0.85 -0.20 0.41 4803.00
13.39 21.59 -17.63 0.24 0.15 0.53 4833.00
13.55 20.73 -14.59 -0.10 0.34 0.78 4864.00
12.09 19.33 -12.41 -0.31 0.33 1.04 4894.00
11.25 17.26 -11.13 -0.51 0.26 1.25 4925.00
12.89 14.76 -10.83 -0.55 0.31 1.31 4956.00
15.45 12.64 -11.46 -0.42 0.56 1.26 4986.00
16.66 11.12 -14.09 -0.13 0.68 1.03 5016.00
15.65 10.50 -19.25 0.39 0.41 0.86 5047.00
14.42 10.41 -25.58 1.01 0.14 0.91 5078.00
14.05 9.28 -31.27 1.74 -0.14 0.83 5108.00
14.69 7.68 -34.60 1.98 -0.24 0.85 5139.00
14.00 6.25 -36.42 1.69 -0.31 0.93 5171.00
12.04 6.32 -36.49 1.25 -0.41 0.84 5201.00
13.83 10.97 -27.82 0.34 0.16 0.80 5354.00
13.24 9.10 -27.37 0.42 0.05 1.11 5385.00
13.07 7.39 -26.90 0.56 -0.06 1.35 5415.00
13.52 6.51 -26.63 0.80 -0.13 1.54 5446.00
14.55 6.84 -26.70 1.01 -0.23 1.72 5477.00
15.56 8.29 -26.24 1.06 -0.27 1.73 5507.00
15.83 10.77 -25.22 1.00 -0.26 1.75 5537.00
15.42 14.38 -23.71 0.95 -0.28 1.72 5568.00
15.14 18.94 -21.71 0.95 -0.29 1.62 5599.00
15.42 24.15 -19.43 0.95 -0.22 1.52 5629.00
15.65 29.95 -17.13 0.94 -0.10 1.39 5659.00
15.50 36.78 -14.92 0.91 -0.11 1.24 5690.00
15.51 43.99 -12.53 0.86 -0.12 1.08 5721.00
15.58 51.11 -10.28 0.82 -0.09 0.93 5751.00
15.76 58.46 -8.18 0.65 -0.07 0.79 5781.00
15.99 66.02 -5.77 0.46 -0.02 0.61 5812.00
15.91 73.59 -3.36 0.27 0.04 0.42 5842.00
15.42 82.03 -0.95 0.05 0.07 0.29 5873.00
14.89 90.54 1.36 -0.16 0.08 0.22 5904.00
14.65 97.42 3.65 -0.37 0.12 0.08 5935.00
14.60 101.86 5.61 -0.52 0.18 0.06 5965.00
14.56 105.06 7.15 -0.59 0.21 0.04 5996.00
14.38 107.28 8.51 -0.66 0.25 0.04 6027.00
13.73 108.82 9.45 -0.76 0.26 0.03 6057.00
12.96 109.82 9.91 -0.83 0.22 0.11 6088.00
12.88 110.31 10.18 -0.98 0.18 0.09 6120.00
13.75 110.22 10.83 -1.16 0.26 0.02 6151.00
14.71 109.84 11.29 -1.24 0.42 -0.13 6181.00
15.15 109.24 11.30 -1.43 0.55 -0.31 6212.00
15.51 107.64 10.55 -1.52 0.60 -0.41 6243.00
16.34 104.09 8.83 -1.29 0.55 -0.24 6275.00
18.03 98.85 6.36 -0.98 0.39 0.09 6305.00
20.42 90.99 3.72 -0.52 0.29 0.66 6336.00
22.08 84.63 1.04 0.10 0.17 1.37 6366.00
24.02 79.53 -2.43 0.88 -0.18 2.16 6396.00
26.83 75.73 -3.61 1.55 -0.38 2.34 6427.00
27.05 77.18 -1.12 0.67 -0.05 1.78 6458.00
24.82 81.95 0.52 0.06 0.11 1.26 6489.00
21.85 87.43 1.02 -0.20 0.00 0.84 6518.00
19.44 93.81 2.18 -0.56 -0.08 0.41 6549.00
18.75 98.65 3.96 -1.08 -0.08 0.20 6580.00
19.97 101.28 6.20 -1.39 0.09 0.01 6611.00
21.10 102.80 9.30 -1.67 0.46 -0.46 6642.00
20.48 103.90 12.40 -1.90 0.87 -0.89 6673.00
18.68 102.77 12.80 -1.78 0.94 -0.56 6704.00
18.88 99.30 11.26 -1.59 0.67 -0.36 6734.00
20.95 93.29 9.44 -1.19 0.59 -0.07 6765.00
22.71 85.86 7.19 -0.76 0.58 0.27 6796.00
22.80 77.95 3.74 -0.34 0.43 0.84 6827.00
23.61 73.00 -0.19 0.21 0.21 1.13 6856.00
25.24 69.00 -4.57 0.68 0.05 1.54 6887.00
26.96 65.09 -7.52 1.16 -0.13 1.97 6918.00
27.84 63.42 -7.82 1.07 -0.19 1.87 6948.00
26.39 64.69 -6.56 0.45 -0.05 1.44 6979.00
22.82 67.70 -5.63 0.01 -0.04 1.15 7009.00
19.67 71.38 -4.83 -0.15 -0.21 0.95 7040.00
18.63 74.97 -2.97 -0.35 -0.15 0.73 7070.00
18.44 77.96 -0.76 -0.54 -0.01 0.56 7101.00
18.69 79.59 1.45 -0.67 0.13 0.50 7132.00
18.25 80.44 3.37 -0.62 0.20 0.45 7162.00
17.41 80.78 4.88 -0.60 0.17 0.45 7193.00
17.35 81.00 6.11 -0.60 0.17 0.38 7224.00
18.20 80.47 7.23 -0.71 0.24 0.34 7255.00
19.31 78.92 7.97 -0.79 0.41 0.26 7285.00
19.21 76.82 7.71 -0.80 0.44 0.22 7316.00
18.36 73.86 6.88 -0.70 0.34 0.20 7347.00
17.07 70.02 5.68 -0.56 0.30 0.29 7377.00
15.37 65.20 3.64 -0.44 0.26 0.31 7408.00
13.35 59.15 0.90 -0.18 0.18 0.37 7439.00
10.28 52.25 -2.59 0.08 0.09 0.56 7470.00
8.38 45.32 -6.64 0.34 -0.15 0.79 7499.00
8.76 37.47 -10.57 0.68 -0.29 0.98 7530.00
9.67 29.81 -13.52 1.05 -0.26 1.18 7561.00
9.62 22.95 -16.03 1.30 -0.28 1.37 7590.00
9.52 16.13 -18.44 1.28 -0.33 1.49 7621.00
9.51 10.05 -20.13 1.40 -0.42 1.76 7652.00
10.19 4.78 -20.56 1.46 -0.46 1.85 7683.00
10.79 2.00 -19.87 1.33 -0.39 1.85 7712.00
10.83 1.23 -18.61 1.04 -0.22 1.67 7743.00
10.62 1.72 -17.48 0.95 -0.22 1.53 7774.00
10.62 2.86 -16.15 0.78 -0.16 1.37 7804.00
10.32 4.30 -14.86 0.64 -0.10 1.35 7834.00
10.47 6.01 -13.66 0.45 -0.05 1.27 7865.00
11.11 7.59 -12.57 0.27 0.12 1.22 7896.00
11.77 9.04 -12.43 0.13 0.25 1.23 7926.00
12.89 10.77 -13.03 -0.13 0.33 1.05 7957.00
13.73 12.24 -14.40 -0.41 0.51 0.74 7988.00
13.51 12.10 -17.78 -0.21 0.56 0.55 8017.00
11.26 10.12 -23.19 0.33 0.30 0.37 8048.00
9.88 8.74 -29.29 1.11 0.06 0.41 8079.00
10.18 5.60 -34.49 2.11 -0.25 1.37 8110.00
12.61 2.12 -36.09 2.57 -0.43 1.36 8141.00
13.07 2.72 -34.54 1.82 -0.38 1.08 8172.00
10.70 6.31 -31.60 1.24 -0.19 0.54 8203.00
7.83 10.26 -28.56 1.35 -0.16 0.25 8233.00
6.96 11.70 -25.11 1.05 -0.27 0.36 8264.00
6.44 13.72 -20.62 0.60 -0.25 0.50 8295.00
6.11 15.17 -16.13 0.39 -0.13 0.65 8326.00
6.40 16.57 -12.05 -0.24 0.07 0.85 8356.00
8.81 14.33 -8.84 -0.72 0.47 1.13 8386.00
11.03 11.48 -7.32 -0.64 0.85 1.33 8417.00
11.48 9.13 -8.01 -0.67 1.05 1.36 8448.00
10.57 7.73 -11.59 -0.38 0.95 1.09 8477.00
9.25 5.76 -17.60 0.15 0.63 0.71 8508.00
7.26 3.48 -25.28 0.98 0.37 0.52 8539.00
6.54 -0.64 -32.51 2.16 0.04 0.89 8569.00
7.35 -3.99 -36.71 3.08 -0.25 1.13 8600.00
7.08 -4.19 -37.71 2.36 -0.45 1.38 8631.00
5.15 -2.05 -36.35 1.57 -0.48 0.94 8662.00
2.45 2.70 -32.99 1.31 -0.29 0.65 8692.00
1.32 7.78 -29.68 1.13 -0.23 0.49 8724.00
3.15 11.70 -26.31 0.91 -0.20 0.55 8755.00
5.31 14.94 -22.98 0.50 -0.03 0.62 8784.00
5.73 18.05 -19.85 0.15 0.08 0.56 8815.00
5.08 20.23 -17.49 -0.05 0.12 0.55 8846.00
4.79 20.80 -15.84 -0.09 0.10 0.56 8877.00
5.11 20.05 -15.03 -0.01 0.09 0.70 8907.00
5.52 18.50 -14.69 0.08 0.07 0.87 8938.00
5.58 16.97 -14.57 0.16 0.04 0.96 8969.00
5.04 15.48 -14.67 0.25 -0.01 1.02 8998.00
4.37 13.68 -15.14 0.41 -0.12 1.21 9029.00
4.71 12.14 -15.59 0.57 -0.27 1.41 9060.00
5.98 11.00 -15.36 0.57 -0.24 1.56 9091.00
6.98 10.58 -15.06 0.69 -0.16 1.76 9121.00
7.93 11.32 -14.85 0.82 -0.15 1.97 9151.00
8.69 12.96 -14.58 0.94 -0.12 2.05 9182.00
9.28 16.63 -14.31 0.89 -0.07 1.95 9212.00
9.41 21.60 -14.15 0.93 -0.10 1.86 9243.00
9.78 27.74 -13.92 0.92 -0.16 1.63 9273.00
10.26 34.94 -13.49 0.91 -0.15 1.36 9304.00
10.61 41.96 -12.99 0.89 -0.15 1.13 9334.00
10.82 49.41 -12.24 0.77 -0.14 0.93 9365.00
10.73 56.39 -11.35 0.61 -0.13 0.64 9395.00
10.32 63.82 -10.17 0.41 -0.08 0.39 9425.00
9.98 72.40 -8.64 0.15 -0.04 0.28 9456.00
8.54 82.51 -6.76 -0.10 0.01 0.06 9487.00
7.53 88.31 -5.01 -0.30 0.05 0.03 9518.00
6.67 92.36 -3.58 -0.45 0.07 0.04 9548.00
6.66 94.82 -2.27 -0.62 0.11 0.10 9579.00
7.08 96.49 -1.29 -0.69 0.16 0.15 9610.00
7.09 97.91 -0.60 -0.74 0.19 0.17 9641.00
6.62 99.21 -0.22 -0.87 0.18 0.18 9672.00
6.12 100.53 -0.02 -0.98 0.13 0.11 9703.00
6.39 101.10 0.26 -1.13 0.16 0.03 9734.00
7.19 100.77 0.53 -1.28 0.27 -0.16 9764.00
7.82 99.85 0.26 -1.41 0.34 -0.26 9796.00
8.61 97.84 -0.51 -1.37 0.39 -0.37 9827.00
10.11 94.35 -1.62 -1.26 0.36 -0.24 9858.00
13.25 89.03 -3.13 -0.96 0.32 0.10 9888.00
17.25 79.97 -5.01 -0.45 0.31 0.77 9919.00
19.86 73.07 -7.12 0.35 0.19 1.53 9950.00
21.40 67.52 -8.60 1.23 0.05 2.36 9979.00
21.51 65.21 -8.47 1.55 -0.04 2.44 10010.00
19.40 68.14 -7.12 0.60 -0.02 1.76 10041.00
16.82 73.11 -6.37 -0.06 -0.09 1.24 10072.00
15.46 78.45 -5.45 -0.37 -0.15 0.82 10102.00
14.46 84.55 -3.71 -0.73 -0.08 0.47 10133.00
13.63 89.31 -1.55 -1.22 0.04 0.21 10164.00
13.02 91.90 0.94 -1.42 0.21 0.10 10195.00
12.40 93.90 3.56 -1.30 0.41 -0.10 10226.00
12.15 95.04 5.40 -1.47 0.64 -0.40 10257.00
12.08 94.58 5.49 -1.43 0.66 -0.36 10288.00
12.73 92.36 4.78 -1.40 0.61 -0.35 10318.00
13.69 88.22 3.38 -1.20 0.57 -0.21 10349.00
14.83 82.27 1.09 -0.89 0.47 0.08 10380.00
15.90 73.59 -1.90 -0.43 0.33 0.76 10411.00
17.33 66.51 -5.39 0.31 0.13 1.47 10441.00
19.61 60.98 -8.87 1.21 -0.10 2.22 10472.00
21.12 58.45 -9.04 1.93 -0.17 2.44 10503.00
19.44 61.02 -6.25 0.79 -0.01 1.78 10533.00
15.37 65.78 -4.44 0.20 -0.01 1.34 10563.00
11.94 71.75 -2.48 -0.06 -0.18 0.95 10594.00
11.10 78.22 0.87 -0.56 -0.08 0.51 10625.00
11.61 83.21 4.44 -1.11 0.22 0.20 10655.00
12.13 86.27 7.48 -1.21 0.49 0.08 10686.00
11.39 88.65 10.04 -1.28 0.64 -0.04 10718.00
10.14 89.89 11.36 -1.26 0.68 0.01 10748.00
9.25 90.11 11.44 -1.12 0.50 0.17 10779.00
9.72 88.84 11.03 -0.98 0.40 0.34 10810.00
9.98 86.86 10.46 -0.82 0.36 0.52 10841.00
9.58 84.76 9.74 -0.68 0.26 0.69 10871.00
9.07 82.77 8.97 -0.57 0.16 0.81 10902.00
9.19 81.41 8.19 -0.52 0.10 0.85 10932.00
10.02 80.46 7.62 -0.61 0.18 0.76 10962.00
10.31 79.70 6.92 -0.56 0.28 0.65 10993.00
9.90 79.11 5.83 -0.59 0.30 0.50 11024.00
9.34 78.08 4.56 -0.63 0.27 0.37 11055.00
8.45 76.16 3.06 -0.63 0.21 0.33 11085.00
7.83 72.93 1.38 -0.59 0.12 0.35 11116.00
7.76 68.85 -0.11 -0.53 0.13 0.34 11147.00
7.47 64.16 -1.66 -0.41 0.14 0.36 11177.00
6.81 58.38 -3.69 -0.17 0.10 0.39 11208.00
6.08 51.44 -5.93 0.05 0.07 0.38 11238.00
4.75 44.82 -8.67 0.42 0.01 0.66 11269.00
3.56 38.06 -11.51 0.77 -0.09 0.79 11299.00
2.29 31.06 -13.91 0.86 -0.19 0.95 11330.00
0.56 24.57 -15.88 1.03 -0.27 1.20 11360.00
-0.91 18.86 -18.01 1.23 -0.41 1.42 11390.00
-1.64 14.15 -19.42 1.07 -0.46 1.51 11421.00
-1.46 10.59 -20.51 1.03 -0.55 1.51 11452.00
-0.60 7.77 -20.81 0.85 -0.51 1.52 11483.00
0.27 5.23 -20.55 0.74 -0.42 1.57 11513.00
1.04 3.15 -19.94 0.78 -0.36 1.62 11543.00
1.95 1.88 -18.90 0.75 -0.29 1.58 11574.00
2.87 1.39 -17.85 0.69 -0.20 1.47 11604.00
3.91 1.51 -16.77 0.60 -0.15 1.36 11635.00
4.82 1.76 -15.26 0.51 0.01 1.25 11666.00
4.35 2.15 -14.17 0.46 0.08 1.18 11696.00
3.03 2.86 -13.56 0.37 0.01 1.13 11726.00
2.36 3.61 -13.51 0.31 -0.03 1.10 11757.00
3.29 4.56 -14.50 0.22 -0.01 1.07 11788.00
5.82 5.69 -15.49 -0.22 0.15 0.83 11819.00
8.16 5.41 -16.62 -0.43 0.50 0.57 11848.00
7.47 3.22 -20.93 0.18 0.49 0.57 11879.00
6.32 1.85 -27.59 0.85 0.19 0.68 11910.00
6.62 0.22 -33.09 1.70 -0.06 0.85 11940.00
7.05 -1.93 -35.63 2.49 -0.19 1.12 11971.00
6.31 -3.39 -36.35 2.36 -0.32 1.20 12002.00
4.58 -2.25 -35.00 1.41 -0.40 0.91 12034.00
2.88 0.94 -32.15 1.02 -0.37 0.70 12064.00
2.31 4.50 -28.17 1.15 -0.27 0.58 12095.00
3.34 7.51 -23.90 0.85 -0.13 0.50 12126.00
5.45 10.25 -19.84 0.25 0.04 0.64 12156.00
7.25 11.01 -15.62 -0.27 0.31 0.76 12186.00
7.78 10.32 -12.15 -0.48 0.60 0.93 12217.00
7.48 8.79 -11.08 -0.55 0.70 1.16 12248.00
7.81 6.85 -11.51 -0.61 0.72 1.24 12278.00
7.65 5.29 -13.60 -0.42 0.79 1.03 12308.00
6.09 3.70 -17.81 -0.06 0.62 0.76 12339.00
3.19 2.34 -23.62 0.56 0.31 0.63 12369.00
1.33 1.20 -30.71 1.48 0.08 0.73 12400.00
0.68 -1.40 -34.89 2.20 -0.03 0.74 12431.00
-0.29 -4.16 -37.29 2.05 -0.15 0.96 12462.00
-1.44 -6.30 -39.03 1.75 -0.45 1.18 12492.00
-1.96 -6.12 -38.07 1.22 -0.52 1.06 12523.00
-1.51 -3.70 -35.62 0.93 -0.32 0.95 12554.00
-0.21 -0.58 -33.22 1.14 -0.08 0.99 12584.00
1.39 2.89 -31.31 1.04 0.05 1.12 12615.00
2.54 6.06 -29.63 0.79 0.06 1.22 12646.00
2.54 9.27 -27.93 0.66 0.04 1.33 12676.00
2.14 13.06 -26.35 0.65 -0.03 1.37 12706.00
2.25 17.61 -24.43 0.56 -0.05 1.30 12737.00
2.56 22.65 -22.70 0.47 -0.02 1.24 12768.00
2.55 27.75 -21.20 0.37 -0.05 1.21 12798.00
2.15 33.51 -19.51 0.32 -0.08 1.15 12829.00
1.78 39.78 -17.90 0.27 -0.12 1.06 12860.00
2.00 46.45 -16.19 0.10 -0.11 0.95 12890.00
2.35 53.14 -14.17 -0.07 -0.05 0.77 12920.00
2.26 59.87 -11.93 -0.22 0.05 0.70 12951.00
1.85 66.03 -10.25 -0.34 0.06 0.69 12982.00
1.36 71.40 -8.60 -0.46 0.07 0.64 13012.00
0.88 76.23 -6.91 -0.54 0.09 0.62 13042.00
0.43 80.36 -5.62 -0.55 0.06 0.67 13073.00
0.52 84.29 -4.36 -0.57 0.05 0.64 13104.00
0.93 87.98 -3.28 -0.58 0.09 0.56 13133.00
0.96 91.83 -2.26 -0.63 0.10 0.47 13164.00
1.25 95.50 -1.20 -0.71 0.14 0.35 13195.00
1.54 98.18 -0.18 -0.76 0.25 0.30 13225.00
1.65 100.29 -0.05 -0.79 0.29 0.27 13256.00
1.82 102.18 -0.81 -0.83 0.17 0.25 13288.00
2.31 103.77 -1.22 -0.89 0.10 0.27 13319.00
2.45 105.38 -1.32 -0.96 0.15 0.22 13349.00
1.90 106.65 -1.58 -0.89 0.09 0.25 13380.00
1.67 107.42 -1.79 -0.97 0.04 0.25 13412.00
1.45 107.86 -1.96 -0.99 0.00 0.26 13443.00
1.36 108.17 -1.86 -1.00 -0.01 0.26 13473.00
1.35 108.18 -1.57 -1.03 0.02 0.26 13505.00
1.36 107.99 -1.18 -1.04 0.06 0.26 13536.00
1.48 107.53 -0.80 -1.07 0.08 0.27 13566.00
1.96 106.90 -0.40 -1.11 0.13 0.24 13597.00
2.80 106.43 0.04 -1.17 0.21 0.15 13629.00
4.37 105.75 0.63 -1.24 0.37 -0.13 13660.00
5.89 104.12 0.49 -1.35 0.58 -0.29 13690.00
6.88 101.71 -1.03 -1.25 0.61 -0.27 13721.00
8.05 98.72 -3.39 -1.21 0.49 -0.25 13752.00
9.83 94.36 -6.17 -1.02 0.35 -0.03 13783.00
11.57 86.81 -8.73 -0.66 0.25 0.53 13813.00
11.73 79.08 -11.21 -0.08 0.11 1.25 13844.00
12.35 72.58 -13.41 0.65 -0.11 2.13 13875.00
13.38 67.28 -14.73 1.55 -0.46 2.68 13905.00
14.87 67.46 -13.51 1.00 -0.33 2.07 13936.00
14.35 71.34 -11.83 0.30 -0.06 1.49 13967.00
11.63 77.01 -10.85 -0.02 -0.11 1.02 13998.00
9.68 83.40 -9.31 -0.38 -0.18 0.55 14028.00
9.85 89.69 -6.82 -0.90 -0.06 0.35 14059.00
10.74 93.81 -4.20 -1.24 0.19 0.02 14090.00
11.20 96.94 -1.69 -1.38 0.45 -0.36 14120.00
10.51 99.82 0.54 -1.68 0.66 -0.79 14151.00
9.65 100.75 0.84 -1.76 0.68 -0.72 14182.00
10.27 98.60 -0.40 -1.55 0.51 -0.57 14213.00
11.96 94.08 -2.01 -1.31 0.46 -0.40 14244.00
12.90 88.36 -4.13 -0.94 0.38 -0.09 14275.00
13.39 80.65 -6.94 -0.56 0.21 0.39 14306.00
14.78 73.24 -9.37 -0.15 0.14 0.75 14337.00
16.72 67.45 -11.37 0.34 0.20 1.21 14367.00
18.16 61.94 -13.60 0.94 0.23 1.78 14397.00
18.07 57.49 -15.02 1.52 0.09 2.37 14428.00
16.10 57.62 -14.31 1.09 -0.06 1.95 14458.00
12.86 61.07 -13.24 0.22 -0.12 1.53 14489.00
10.05 65.31 -12.26 -0.03 -0.26 1.27 14520.00
9.30 70.12 -10.55 -0.18 -0.21 0.99 14551.00
9.55 74.80 -8.50 -0.46 -0.09 0.80 14581.00
10.06 78.65 -6.28 -0.73 0.06 0.72 14612.00
9.71 81.91 -4.20 -0.83 0.16 0.63 14643.00
8.60 85.03 -2.19 -0.82 0.18 0.54 14673.00
7.52 88.42 -0.40 -0.88 0.21 0.42 14704.00
7.36 91.61 0.80 -0.99 0.22 0.32 14735.00
7.80 94.26 1.87 -1.13 0.29 0.18 14766.00
7.33 96.06 2.55 -1.15 0.35 0.12 14796.00
5.85 97.29 2.80 -1.12 0.24 0.18 14827.00
4.97 97.65 2.90 -1.07 0.16 0.20 14859.00
5.24 97.17 2.83 -1.01 0.15 0.23 14889.00
5.91 96.15 2.65 -0.96 0.19 0.25 14920.00
6.18 94.97 2.20 -0.87 0.23 0.19 14951.00
5.73 93.28 1.34 -0.82 0.20 0.21 14982.00
5.04 91.01 0.13 -0.75 0.11 0.21 15012.00
4.62 87.50 -1.11 -0.78 0.07 0.28 15044.00
4.03 83.55 -2.20 -0.69 0.05 0.32 15075.00
3.57 79.34 -3.45 -0.60 0.05 0.40 15106.00
2.54 74.92 -4.87 -0.49 0.03 0.47 15135.00
1.55 70.11 -6.61 -0.39 0.03 0.51 15166.00
0.19 64.58 -8.58 -0.26 0.00 0.62 15197.00
-0.25 59.23 -11.27 -0.03 -0.11 0.74 15227.00
0.28 53.91 -13.54 0.03 -0.14 0.71 15258.00
-0.33 47.93 -15.30 0.12 -0.05 0.78 15289.00
-1.62 41.43 -18.01 0.39 -0.20 1.05 15319.00
-1.71 35.04 -20.71 0.64 -0.44 1.23 15349.00
-1.33 28.55 -22.17 0.73 -0.47 1.48 15380.00
-1.15 22.75 -23.28 0.91 -0.53 1.73 15411.00
-0.92 19.02 -23.87 1.04 -0.64 1.83 15441.00
-0.12 16.82 -23.37 0.77 -0.58 1.65 15472.00
0.67 15.46 -22.19 0.54 -0.35 1.47 15503.00
1.03 14.33 -21.09 0.35 -0.17 1.37 15533.00
1.34 13.38 -20.09 0.25 -0.11 1.32 15563.00
2.01 12.26 -19.08 0.16 0.03 1.31 15594.00
2.53 11.30 -18.52 0.09 0.18 1.26 15625.00
2.28 11.12 -18.72 -0.01 0.22 1.21 15655.00
2.31 11.95 -19.87 -0.12 0.17 1.13 15686.00
4.30 13.24 -21.70 -0.26 0.26 0.89 15717.00
7.00 13.55 -24.90 -0.08 0.39 0.70 15748.00
8.56 12.65 -28.82 0.29 0.35 0.62 15777.00
8.64 10.47 -33.60 0.91 0.27 0.73 15809.00
7.73 6.23 -38.85 1.80 -0.09 1.14 15840.00
7.84 1.72 -41.98 2.64 -0.62 1.49 15870.00
7.42 2.45 -40.14 2.06 -0.51 1.16 15901.00
6.11 5.60 -35.99 1.32 -0.14 0.75 15932.00
4.04 8.76 -32.09 1.14 0.01 0.73 15963.00
3.68 11.20 -28.84 0.80 -0.02 0.76 15993.00
4.57 13.39 -25.35 0.34 0.07 0.77 16024.00
4.94 14.58 -22.12 -0.04 0.23 0.88 16055.00
5.07 14.75 -20.00 -0.37 0.28 1.02 16086.00
6.05 14.33 -18.87 -0.52 0.29 1.17 16115.00
8.19 14.16 -18.47 -0.51 0.39 1.13 16146.00
10.52 14.40 -18.94 -0.56 0.61 0.99 16177.00
12.13 14.36 -21.10 -0.42 0.72 0.87 16207.00
13.41 13.94 -25.20 -0.11 0.57 0.75 16238.00
14.79 12.70 -29.98 0.28 0.45 0.61 16269.00
15.06 10.13 -34.88 0.86 0.42 0.81 16300.00
15.03 5.70 -40.23 1.61 0.24 1.09 16330.00
14.49 1.21 -44.54 2.06 -0.09 1.34 16361.00
12.31 -0.09 -45.56 2.15 -0.41 1.53 16392.00
10.00 1.87 -43.68 1.36 -0.43 1.26 16422.00
8.81 5.28 -40.11 1.11 -0.19 1.10 16453.00
9.98 9.06 -36.57 1.08 -0.01 0.94 16483.00
12.96 13.00 -32.98 0.71 0.25 0.92 16514.00
14.15 15.45 -30.00 0.45 0.45 1.08 16544.00
13.73 17.98 -27.86 0.40 0.38 1.16 16575.00
13.06 20.58 -25.82 0.34 0.24 1.31 16606.00
13.33 23.72 -24.18 0.39 0.15 1.33 16636.00
14.77 27.51 -22.90 0.35 0.11 1.39 16667.00
16.14 32.73 -21.65 0.27 0.16 1.14 16698.00
16.63 38.62 -20.51 0.09 0.25 0.99 16729.00
16.23 44.08 -19.77 -0.06 0.17 1.02 16758.00
16.51 49.83 -18.84 -0.21 0.10 0.99 16789.00
16.92 55.20 -17.82 -0.29 0.21 0.96 16820.00
16.75 60.46 -16.98 -0.25 0.17 0.94 16850.00
16.88 66.19 -15.89 -0.35 0.21 0.81 16881.00
16.60 71.62 -14.85 -0.44 0.27 0.76 16912.00
16.11 77.29 -14.06 -0.50 0.23 0.61 16943.00
15.67 81.89 -13.31 -0.54 0.19 0.60 16972.00
16.03 86.96 -12.50 -0.59 0.18 0.50 17004.00
16.61 91.50 -11.72 -0.63 0.20 0.38 17035.00
17.08 95.44 -11.05 -0.67 0.20 0.28 17065.00
17.68 98.81 -10.43 -0.68 0.21 0.21 17096.00
18.40 101.24 -9.96 -0.68 0.21 0.17 17127.00
18.84 103.16 -9.54 -0.67 0.20 0.17 17159.00
19.18 104.24 -9.13 -0.70 0.19 0.21 17189.00
19.76 104.66 -8.63 -0.70 0.24 0.23 17220.00
19.80 105.02 -8.37 -0.74 0.26 0.28 17251.00
20.01 105.14 -8.16 -0.78 0.26 0.29 17282.00
19.98 104.96 -8.05 -0.83 0.28 0.33 17312.00
19.90 104.52 -8.06 -0.87 0.28 0.39 17344.00
19.71 104.32 -8.09 -0.89 0.29 0.41 17375.00
19.36 104.52 -8.28 -0.93 0.26 0.40 17405.00
19.32 104.91 -8.51 -0.98 0.24 0.33 17436.00
20.24 105.21 -8.53 -1.03 0.35 0.13 17468.00
20.70 106.56 -8.67 -1.29 0.54 -0.30 17499.00
21.32 107.07 -9.43 -1.50 0.69 -0.74 17529.00
22.29 104.95 -10.91 -1.47 0.68 -0.72 17560.00
24.76 99.32 -13.12 -1.13 0.58 -0.45 17591.00
27.06 91.39 -15.44 -0.61 0.45 0.14 17622.00
25.25 82.07 -17.98 0.13 0.21 1.35 17652.00
25.54 75.66 -20.44 0.99 -0.35 2.77 17683.00
27.42 73.37 -20.83 1.80 -0.45 2.68 17714.00
27.18 77.64 -19.05 0.64 0.04 1.54 17744.00
25.06 84.64 -17.64 -0.24 0.23 0.87 17775.00
21.84 89.81 -17.01 -0.70 0.04 0.60 17806.00
19.73 93.81 -15.04 -0.82 -0.02 0.43 17837.00
18.79 97.10 -12.32 -1.04 0.06 0.36 17867.00
20.20 99.72 -8.92 -1.40 0.36 0.02 17898.00
22.13 101.20 -5.35 -1.41 0.90 -0.52 17929.00
21.84 102.02 -4.08 -1.45 1.23 -0.85 17959.00
20.36 101.20 -5.40 -1.45 0.97 -0.69 17990.00
20.27 97.99 -7.53 -1.35 0.67 -0.53 18021.00
21.36 92.62 -9.96 -1.04 0.52 -0.22 18052.00
22.69 85.67 -12.74 -0.68 0.41 0.15 18082.00
23.16 77.43 -15.72 -0.25 0.29 0.80 18113.00
24.38 71.63 -18.60 0.23 0.19 1.39 18144.00
26.38 67.06 -21.55 0.79 0.02 2.05 18174.00
27.98 64.01 -22.94 1.26 -0.07 2.34 18205.00
26.90 65.41 -22.38 0.80 -0.02 1.71 18236.00
22.80 69.85 -21.49 0.05 -0.04 1.11 18267.00
18.58 74.00 -20.57 -0.19 -0.34 0.91 18297.00
17.54 78.27 -18.07 -0.38 -0.40 0.68 18328.00
19.01 81.53 -14.17 -0.51 -0.14 0.57 18358.00
20.73 83.49 -9.67 -0.66 0.21 0.60 18388.00
21.77 84.74 -4.94 -0.71 0.57 0.65 18419.00
21.69 86.49 -1.27 -0.67 0.76 0.64 18450.00
21.01 89.22 1.13 -0.79 0.74 0.57 18480.00
21.13 91.91 3.15 -0.98 0.76 0.34 18510.00
21.21 93.78 4.78 -1.14 0.93 0.20 18541.00
19.85 95.06 5.27 -1.12 0.97 0.14 18572.00
17.86 95.84 4.81 -1.08 0.73 0.24 18603.00
17.33 95.74 3.98 -0.99 0.52 0.34 18633.00
18.12 95.31 2.83 -0.88 0.40 0.40 18664.00
19.58 94.78 1.72 -0.79 0.37 0.37 18695.00
20.48 94.42 0.64 -0.75 0.39 0.31 18725.00
20.99 93.78 -0.57 -0.76 0.39 0.18 18756.00
21.43 92.36 -1.85 -0.77 0.42 0.05 18787.00
21.17 89.52 -3.16 -0.75 0.50 -0.05 18818.00
19.69 85.13 -4.74 -0.64 0.49 -0.01 18848.00
17.16 79.30 -6.90 -0.49 0.39 0.09 18879.00
14.56 72.40 -9.49 -0.30 0.28 0.16 18910.00
11.51 64.91 -12.28 -0.13 0.21 0.24 18940.00
6.97 56.52 -15.63 0.04 0.14 0.35 18971.00
2.03 48.37 -19.74 0.31 -0.02 0.50 19002.00
-1.92 41.09 -23.99 0.70 -0.31 0.77 19032.00
-3.89 34.75 -28.18 1.00 -0.58 0.98 19062.00
-3.96 28.82 -31.70 1.01 -0.64 1.01 19093.00
-4.01 23.06 -33.75 1.03 -0.47 1.03 19124.00
-5.45 18.50 -36.16 1.26 -0.54 1.42 19153.00
-5.81 14.38 -38.94 1.33 -0.89 1.77 19184.00
-4.15 11.60 -39.41 1.13 -0.93 1.68 19215.00
-2.18 9.85 -38.17 0.98 -0.62 1.67 19246.00
-1.24 9.08 -36.98 0.85 -0.41 1.65 19276.00
-0.31 8.97 -35.50 0.64 -0.33 1.51 19306.00
1.10 9.36 -33.79 0.47 -0.19 1.36 19337.00
2.81 9.78 -32.30 0.27 -0.00 1.33 19367.00
4.66 10.20 -31.22 0.15 0.19 1.28 19398.00
6.38 11.54 -30.90 -0.07 0.36 1.01 19429.00
8.06 12.90 -31.61 -0.35 0.54 0.75 19460.00
9.39 12.78 -34.18 -0.18 0.59 0.67 19489.00
10.97 11.88 -38.49 0.10 0.44 0.58 19520.00
12.05 9.86 -43.63 0.67 0.34 0.56 19551.00
12.36 7.54 -48.64 1.38 0.13 0.71 19581.00
13.03 2.53 -52.98 1.97 -0.28 1.39 19612.00
15.07 -0.29 -54.63 2.03 -0.48 1.30 19644.00
14.73 0.73 -52.60 1.62 -0.27 0.96 19675.00
11.49 3.40 -49.25 1.26 -0.08 0.63 19705.00
8.33 5.93 -45.39 1.15 -0.11 0.64 19736.00
7.75 7.85 -41.43 0.82 -0.09 0.66 19767.00
8.45 9.08 -37.19 0.43 0.09 0.73 19798.00
8.55 9.74 -33.53 0.14 0.32 0.84 19828.00
8.32 9.38 -31.31 -0.19 0.43 1.10 19858.00
9.08 8.08 -30.17 -0.37 0.46 1.29 19889.00
10.07 7.44 -30.19 -0.38 0.62 1.30 19919.00
10.47 7.31 -32.01 -0.33 0.72 1.21 19950.00
10.65 6.99 -35.71 -0.04 0.57 1.05 19981.00
11.08 6.31 -40.44 0.37 0.42 0.76 20011.00
10.94 5.10 -45.92 0.95 0.34 0.73 20041.00
10.80 2.39 -52.13 1.67 0.00 0.84 20072.00
11.75 -0.01 -56.05 2.05 -0.33 1.01 20104.00
11.72 -0.61 -56.60 1.59 -0.35 1.11 20134.00
10.64 0.61 -55.38 1.32 -0.35 0.96 20165.00
9.73 3.14 -52.26 1.07 -0.17 0.82 20196.00
9.68 5.59 -49.15 1.08 -0.07 0.85 20227.00
10.63 7.87 -45.89 0.86 0.05 0.96 20257.00
11.20 9.60 -42.42 0.65 0.20 1.13 20288.00
10.78 11.41 -39.79 0.64 0.19 1.27 20318.00
10.38 13.65 -37.28 0.66 0.08 1.48 20348.00
10.44 17.19 -34.98 0.79 -0.04 1.56 20379.00
11.82 22.76 -32.82 0.67 -0.06 1.32 20410.00
13.58 29.10 -30.69 0.45 0.14 1.01 20441.00
14.13 35.15 -29.22 0.22 0.22 0.92 20471.00
14.49 40.90 -27.80 0.06 0.16 0.77 20502.00
14.27 45.76 -26.19 -0.06 0.21 0.78 20533.00
13.95 49.96 -25.14 -0.02 0.04 0.78 20563.00
15.09 54.39 -23.73 -0.15 0.10 0.63 20593.00
15.48 58.66 -22.33 -0.28 0.25 0.50 20624.00
14.75 62.06 -21.43 -0.44 0.23 0.49 20655.00
14.49 63.85 -20.70 -0.52 0.20 0.54 20685.00
14.25 64.84 -20.04 -0.59 0.27 0.57 20716.00
13.75 65.05 -19.77 -0.72 0.28 0.71 20747.00
13.94 64.14 -19.74 -0.79 0.27 0.97 20777.00
14.82 62.18 -19.86 -0.67 0.25 1.35 20808.00
16.28 61.26 -20.12 -0.47 0.27 1.53 20839.00
17.32 61.61 -21.02 -0.26 0.22 1.74 20869.00
18.74 63.53 -22.37 -0.11 0.03 1.72 20899.00
20.19 66.76 -23.56 -0.02 -0.04 1.57 20930.00
21.25 71.45 -24.52 0.01 -0.13 1.29 20961.00
21.91 76.95 -24.87 -0.12 -0.10 0.87 20992.00
21.77 83.15 -24.98 -0.23 -0.10 0.56 21022.00
21.96 89.07 -24.45 -0.46 -0.09 0.35 21053.00
22.66 93.28 -23.39 -0.55 0.02 0.22 21084.00
22.77 96.06 -22.25 -0.62 0.12 0.18 21114.00
23.05 97.85 -21.16 -0.67 0.16 0.18 21146.00
23.63 98.77 -20.04 -0.66 0.20 0.25 21177.00
24.21 99.31 -18.86 -0.69 0.31 0.31 21208.00
23.91 100.28 -18.13 -0.69 0.37 0.34 21238.00
23.29 101.17 -17.78 -0.77 0.34 0.39 21269.00
23.36 101.49 -17.61 -0.84 0.33 0.40 21301.00
23.55 101.38 -17.56 -0.89 0.36 0.42 21331.00
23.52 101.38 -17.56 -0.96 0.38 0.37 21362.00
23.81 101.70 -17.33 -1.05 0.49 0.03 21393.00
23.72 102.47 -17.39 -1.36 0.69 -0.45 21424.00
24.25 101.65 -18.70 -1.57 0.80 -0.64 21455.00
25.29 98.27 -20.94 -1.22 0.74 -0.54 21486.00
26.41 91.98 -23.96 -0.91 0.55 -0.11 21517.00
25.73 81.91 -27.50 -0.24 0.27 1.19 21548.00
25.55 76.02 -30.55 0.62 -0.20 2.12 21578.00
24.93 71.56 -31.39 1.51 -0.51 2.73 21609.00
24.81 71.95 -30.94 1.30 -0.59 2.37 21640.00
25.06 76.91 -29.18 0.22 -0.18 1.30 21669.00
25.17 83.69 -27.56 -0.38 0.01 0.78 21700.00
24.97 88.87 -26.00 -0.78 0.11 0.48 21731.00
23.96 92.70 -23.83 -0.97 0.13 0.37 21763.00
24.20 95.77 -21.05 -1.16 0.24 0.16 21793.00
25.76 97.51 -17.85 -1.46 0.64 -0.30 21824.00
26.56 98.09 -15.93 -1.49 1.04 -0.61 21855.00
25.44 97.66 -16.46 -1.43 1.01 -0.55 21885.00
24.71 95.43 -18.46 -1.34 0.69 -0.42 21916.00
25.62 91.04 -20.74 -1.11 0.51 -0.24 21947.00
27.41 84.48 -23.48 -0.75 0.44 0.08 21979.00
28.83 76.73 -26.20 -0.35 0.34 0.59 22008.00
30.77 71.06 -28.50 0.04 0.31 0.93 22039.00
32.32 66.53 -30.57 0.46 0.32 1.49 22070.00
34.34 61.34 -32.90 0.93 0.25 1.92 22100.00
34.38 56.43 -34.14 1.58 0.18 2.43 22131.00
31.26 57.75 -33.82 1.03 0.02 1.85 22162.00
26.83 61.68 -32.80 0.34 -0.16 1.61 22193.00
25.47 65.65 -30.98 0.12 -0.27 1.34 22223.00
26.84 70.38 -28.07 -0.10 -0.03 0.94 22254.00
28.22 75.30 -25.20 -0.39 0.25 0.70 22284.00
28.26 79.57 -22.57 -0.59 0.35 0.61 22315.00
27.71 83.20 -20.00 -0.66 0.43 0.52 22345.00
26.47 86.63 -17.62 -0.72 0.46 0.48 22376.00
25.93 89.51 -15.74 -0.83 0.44 0.41 22407.00
26.34 91.79 -13.91 -0.91 0.52 0.34 22437.00
26.38 93.78 -12.26 -0.97 0.62 0.24 22468.00
25.02 95.78 -10.94 -0.99 0.62 0.24 22499.00
23.16 97.70 -9.95 -0.99 0.55 0.28 22530.00
22.30 98.81 -9.18 -0.96 0.51 0.32 22560.00
22.04 98.98 -8.66 -0.88 0.58 0.36 22591.00
21.21 98.60 -8.70 -0.80 0.52 0.49 22622.00
20.53 97.97 -8.97 -0.75 0.45 0.54 22652.00
19.96 97.18 -9.50 -0.71 0.45 0.54 22683.00
19.17 96.57 -10.42 -0.70 0.45 0.45 22714.00
18.15 95.91 -11.81 -0.70 0.44 0.36 22745.00
17.15 95.33 -13.55 -0.73 0.39 0.21 22775.00
16.04 93.98 -15.69 -0.74 0.33 0.09 22807.00
14.65 91.75 -18.22 -0.68 0.27 0.01 22838.00
13.00 88.67 -21.18 -0.56 0.17 -0.02 22868.00
11.30 84.50 -24.52 -0.40 0.11 -0.03 22899.00
9.91 78.66 -28.45 -0.23 0.09 0.02 22931.00
6.53 68.34 -33.19 0.05 -0.00 0.18 22961.00
5.48 61.22 -38.58 0.37 -0.17 0.48 22991.00
5.11 53.75 -43.09 0.67 -0.27 0.79 23022.00
3.82 46.33 -46.11 0.99 -0.33 1.24 23053.00
-0.15 39.05 -49.09 1.38 -0.45 1.50 23084.00
-4.73 33.23 -52.14 1.27 -0.73 1.83 23113.00
-7.70 29.39 -55.38 1.40 -1.27 2.08 23144.00
-6.92 27.69 -57.41 1.06 -1.56 1.93 23175.00
-3.47 26.98 -56.85 0.64 -1.30 1.58 23205.00
-0.37 26.42 -55.57 0.46 -0.71 1.44 23236.00
1.36 26.25 -54.05 0.27 -0.41 1.45 23267.00
2.71 26.25 -52.75 0.17 -0.21 1.43 23297.00
4.21 26.79 -52.26 0.04 -0.12 1.36 23327.00
6.33 27.81 -52.21 -0.17 0.01 1.19 23358.00
7.95 28.78 -52.59 -0.41 0.24 0.95 23389.00
8.02 29.29 -54.49 -0.33 0.25 0.71 23419.00
7.18 29.20 -57.82 0.00 0.03 0.33 23450.00
8.14 27.05 -61.75 0.37 -0.10 0.06 23481.00
11.12 23.80 -65.60 1.24 -0.14 0.68 23512.00
14.93 19.05 -68.55 2.52 -0.23 1.42 23542.00
15.84 16.50 -68.29 2.61 -0.22 0.54 23573.00
14.39 21.14 -65.65 1.84 -0.21 0.92 23605.00
12.05 26.34 -63.30 1.39 -0.09 0.63 23635.00
11.23 31.04 -60.73 1.03 -0.08 0.46 23666.00
12.03 35.51 -57.47 0.36 0.03 0.66 23697.00
10.94 37.03 -54.42 -0.21 0.16 0.82 23728.00
9.31 36.93 -52.89 -0.51 0.03 1.06 23758.00
9.74 35.64 -51.13 -0.80 0.01 1.17 23789.00
11.53 33.96 -49.99 -0.75 0.25 1.26 23819.00
13.10 32.20 -49.95 -0.62 0.47 1.27 23849.00
13.18 31.09 -51.73 -0.41 0.49 1.11 23880.00
12.11 30.33 -55.01 -0.11 0.30 0.83 23911.00
10.92 29.15 -59.46 0.35 0.14 0.56 23942.00
9.97 26.77 -64.64 1.03 -0.03 0.62 23972.00
10.50 22.66 -69.18 1.81 -0.22 0.85 24003.00
11.92 18.78 -71.33 2.31 -0.33 1.17 24035.00
12.70 17.20 -71.06 1.95 -0.35 1.33 24066.00
12.33 19.39 -69.11 1.61 -0.27 1.04 24096.00
11.42 23.91 -66.45 1.45 -0.16 0.83 24127.00
11.31 29.59 -62.93 1.34 -0.05 0.68 24159.00
11.89 35.40 -59.45 0.71 0.09 0.59 24189.00
10.93 39.46 -56.36 -0.00 0.18 0.61 24220.00
9.12 40.76 -54.35 -0.43 0.12 0.68 24250.00
7.34 40.67 -52.58 -0.67 0.00 0.67 24281.00
6.68 38.11 -51.54 -0.54 -0.16 0.98 24311.00
8.05 35.05 -50.70 -0.27 -0.20 1.07 24342.00
10.31 32.65 -50.02 -0.00 -0.11 1.27 24373.00
11.72 32.04 -49.81 0.26 0.01 1.23 24403.00
12.22 32.02 -50.34 0.45 -0.03 1.30 24434.00
13.16 31.97 -50.49 0.55 -0.06 1.33 24465.00
13.28 32.32 -50.32 0.53 -0.00 1.39 24496.00
12.47 33.24 -50.16 0.46 -0.03 1.44 24526.00
11.82 34.83 -50.13 0.43 -0.11 1.49 24557.00
12.04 36.87 -50.17 0.43 -0.13 1.57 24588.00
12.52 39.73 -50.44 0.50 -0.20 1.66 24619.00
13.49 43.36 -50.55 0.66 -0.25 1.77 24649.00
14.23 47.45 -50.19 0.78 -0.19 1.67 24679.00
14.35 53.59 -49.72 0.65 -0.19 1.47 24710.00
14.45 60.04 -48.89 0.54 -0.22 1.28 24740.00
14.62 67.28 -47.68 0.44 -0.15 1.07 24771.00
14.19 74.84 -46.46 0.27 -0.09 0.82 24802.00
13.44 82.45 -45.47 0.17 -0.15 0.62 24833.00
13.34 90.98 -44.15 -0.05 -0.14 0.36 24863.00
13.45 99.58 -42.54 -0.27 -0.07 0.14 24894.00
12.80 105.79 -40.94 -0.48 -0.05 -0.01 24925.00
12.55 109.33 -39.20 -0.61 -0.04 0.06 24956.00
13.09 111.78 -37.91 -0.70 0.01 0.09 24987.00
13.75 113.42 -36.85 -0.80 0.04 0.13 25018.00
14.07 114.77 -35.71 -0.88 0.10 0.14 25050.00
13.75 115.67 -34.93 -0.93 0.14 0.15 25080.00
13.46 116.07 -34.43 -0.92 0.11 0.14 25111.00
13.99 115.81 -33.94 -1.11 0.18 0.04 25143.00
14.62 114.81 -33.43 -1.19 0.30 -0.13 25174.00
14.91 113.11 -33.35 -1.30 0.42 -0.22 25204.00
14.66 110.11 -33.55 -1.26 0.55 -0.32 25236.00
13.22 105.81 -34.27 -1.13 0.63 -0.23 25267.00
10.76 100.72 -36.75 -0.73 0.49 0.15 25297.00
9.32 93.95 -41.06 -0.42 0.17 0.67 25328.00
11.62 88.43 -45.11 -0.07 0.04 0.88 25359.00
14.03 83.03 -48.68 0.37 0.06 1.34 25390.00
15.51 78.06 -52.64 1.13 -0.08 2.11 25420.00
16.10 73.45 -55.76 1.84 -0.50 2.65 25450.00
14.05 73.86 -54.57 1.16 -0.59 2.31 25481.00
10.24 77.65 -52.91 0.67 -0.67 1.89 25511.00
7.99 83.87 -50.77 0.29 -0.62 1.11 25542.00
8.42 91.63 -47.93 -0.42 -0.42 0.55 25573.00
10.25 98.10 -45.06 -1.07 -0.12 0.22 25604.00
11.01 101.44 -42.27 -1.23 0.11 0.20 25635.00
10.61 103.71 -39.82 -1.39 0.22 0.13 25666.00
11.14 105.35 -37.32 -1.64 0.38 -0.20 25697.00
12.38 106.02 -35.54 -1.83 0.65 -0.48 25729.00
13.52 105.44 -36.37 -1.77 0.69 -0.38 25759.00
15.42 103.28 -39.03 -1.63 0.43 -0.28 25790.00
18.66 99.39 -41.72 -1.40 0.26 -0.15 25821.00
22.25 93.68 -44.12 -0.92 0.28 0.23 25852.00
25.18 86.39 -46.43 -0.39 0.27 0.67 25883.00
27.33 81.30 -48.29 0.28 0.26 1.02 25914.00
27.95 76.85 -49.44 0.97 0.34 1.56 25944.00
27.02 71.97 -50.90 1.81 0.16 2.29 25974.00
24.58 69.03 -50.57 1.80 -0.16 2.45 26005.00
20.70 71.90 -48.39 1.02 -0.19 1.84 26036.00
17.53 77.58 -47.54 0.60 -0.30 1.38 26066.00
16.52 84.13 -45.86 0.30 -0.32 0.96 26097.00
17.02 90.97 -42.83 -0.05 -0.09 0.64 26128.00
16.36 97.61 -39.57 -0.47 0.17 0.38 26158.00
13.98 102.72 -37.58 -0.98 0.09 0.23 26189.00
13.07 106.24 -34.79 -1.07 0.02 0.28 26220.00
13.16 109.66 -30.44 -1.18 0.34 -0.08 26251.00
12.46 112.51 -26.17 -1.38 0.77 -0.50 26283.00
9.68 113.85 -24.50 -1.44 0.75 -0.27 26313.00
7.33 113.39 -23.58 -1.43 0.51 -0.09 26344.00
6.37 111.71 -23.35 -1.16 0.40 0.16 26375.00
6.79 109.28 -24.25 -0.94 0.30 0.42 26405.00
8.44 106.53 -25.39 -0.81 0.25 0.54 26437.00
9.66 104.08 -26.52 -0.71 0.27 0.56 26468.00
9.77 102.41 -27.96 -0.71 0.20 0.45 26499.00
10.14 100.46 -29.31 -0.70 0.16 0.37 26529.00
10.68 97.94 -30.74 -0.68 0.19 0.26 26560.00
10.72 94.69 -32.22 -0.59 0.22 0.12 26592.00
9.99 90.26 -34.00 -0.45 0.22 0.16 26622.00
8.30 84.80 -36.60 -0.30 0.16 0.20 26653.00
6.09 77.65 -39.91 -0.12 0.05 0.28 26683.00
4.63 69.93 -43.68 0.11 -0.06 0.51 26714.00
3.95 62.93 -47.13 0.35 -0.15 0.70 26744.00
3.21 55.61 -50.27 0.65 -0.21 0.90 26775.00
2.67 48.59 -53.36 1.04 -0.28 1.29 26806.00
2.34 42.17 -56.13 1.28 -0.45 1.72 26836.00
2.05 37.14 -57.97 1.23 -0.59 1.88 26867.00
1.89 34.27 -58.71 0.97 -0.74 1.89 26897.00
2.76 32.58 -57.93 0.69 -0.74 1.64 26928.00
4.17 31.48 -56.45 0.52 -0.51 1.61 26958.00
5.95 30.59 -54.32 0.39 -0.29 1.60 26989.00
7.62 30.26 -51.80 0.29 0.04 1.51 27020.00
8.32 30.68 -50.08 0.18 0.28 1.40 27051.00
8.60 31.63 -49.75 0.00 0.30 1.26 27081.00
9.16 32.77 -50.08 -0.24 0.30 1.02 27112.00
9.60 33.37 -51.16 -0.42 0.34 0.84 27142.00
9.85 33.04 -53.21 -0.52 0.36 0.68 27172.00
10.21 31.15 -56.54 -0.39 0.32 0.46 27203.00
9.79 28.66 -60.97 0.05 0.19 0.41 27234.00
10.00 27.76 -66.11 0.65 0.16 0.45 27265.00
10.41 24.78 -70.65 1.60 0.21 0.53 27295.00
10.64 17.74 -74.31 2.72 0.08 1.30 27326.00
7.74 13.24 -76.43 2.48 -0.35 1.58 27357.00
2.15 13.95 -75.61 1.31 -0.73 1.29 27387.00
-0.97 17.57 -72.31 1.11 -0.64 1.06 27418.00
1.15 21.42 -68.74 1.41 -0.45 0.73 27449.00
5.59 24.44 -65.26 1.00 -0.05 0.63 27480.00
7.13 26.62 -61.65 0.58 0.17 0.77 27510.00
5.25 27.57 -57.95 0.12 0.18 1.07 27541.00
4.06 28.11 -55.40 -0.28 0.06 1.17 27572.00
5.50 28.15 -53.61 -0.65 0.07 1.23 27602.00
8.30 27.38 -52.34 -0.76 0.34 1.20 27633.00
9.45 26.84 -52.61 -0.58 0.52 1.09 27663.00
8.32 26.92 -54.91 -0.38 0.41 0.86 27694.00
6.79 26.52 -58.27 -0.04 0.16 0.58 27724.00
5.62 25.33 -62.87 0.55 -0.00 0.59 27755.00
6.41 22.26 -67.77 1.33 -0.17 0.84 27786.00
8.69 17.29 -70.83 2.23 -0.32 1.21 27816.00
9.66 14.77 -70.97 2.10 -0.32 1.43 27848.00
8.44 16.43 -68.74 1.56 -0.33 1.19 27879.00
6.46 21.18 -65.71 1.43 -0.25 1.02 27910.00
6.11 27.35 -62.27 1.38 -0.20 0.79 27940.00
7.74 33.76 -58.27 1.14 -0.02 0.69 27971.00
8.37 39.91 -54.38 0.53 0.17 0.78 28002.00
6.63 44.23 -51.52 -0.00 0.06 0.99 28033.00
5.93 47.41 -48.36 -0.15 -0.06 1.05 28063.00
6.01 51.82 -44.84 -0.35 0.10 0.82 28094.00
5.40 55.46 -42.48 -0.67 0.19 0.78 28124.00
4.76 57.78 -40.66 -0.68 0.09 0.78 28154.00
4.03 58.92 -39.44 -0.59 0.03 0.92 28185.00
3.56 60.08 -38.52 -0.51 -0.07 1.00 28216.00
3.63 61.64 -37.79 -0.41 -0.08 0.99 28247.00
3.90 63.32 -37.43 -0.42 -0.09 0.95 28276.00
4.27 64.95 -37.21 -0.42 -0.09 0.92 28307.00
4.49 65.71 -37.00 -0.45 -0.09 1.03 28338.00
4.40 66.20 -36.88 -0.42 -0.15 1.18 28368.00
4.62 66.96 -36.54 -0.34 -0.21 1.31 28399.00
5.22 68.38 -36.02 -0.29 -0.18 1.39 28430.00
5.69 70.59 -35.73 -0.22 -0.22 1.43 28461.00
5.86 73.47 -35.26 -0.12 -0.28 1.49 28491.00
5.81 77.57 -34.41 -0.02 -0.31 1.41 28522.00
6.04 83.11 -33.07 -0.18 -0.26 1.13 28553.00
6.03 88.70 -31.59 -0.28 -0.14 0.88 28583.00
6.02 94.86 -30.00 -0.43 -0.13 0.64 28614.00
6.48 100.59 -28.25 -0.57 -0.06 0.43 28644.00
7.15 105.82 -26.52 -0.67 0.01 0.22 28676.00
8.03 109.25 -25.37 -0.77 0.05 0.10 28706.00
9.10 110.97 -24.56 -0.84 0.08 0.08 28737.00
9.82 111.26 -23.96 -0.88 0.10 0.19 28768.00
10.39 111.41 -23.33 -0.85 0.12 0.24 28800.00
10.27 111.99 -23.06 -0.85 0.12 0.32 28830.00
10.49 113.09 -23.06 -0.91 0.08 0.25 28861.00
11.49 113.46 -23.07 -0.99 0.13 0.19 28893.00
12.18 113.02 -23.21 -1.03 0.20 0.17 28923.00
12.28 112.09 -23.63 -0.95 0.19 0.14 28954.00
12.58 111.00 -24.08 -0.99 0.21 0.01 28986.00
13.46 109.46 -24.66 -1.22 0.28 -0.21 29017.00
15.29 106.21 -25.60 -1.28 0.36 -0.20 29047.00
17.47 100.84 -27.05 -1.03 0.40 -0.01 29079.00
19.52 94.42 -28.74 -0.78 0.39 0.23 29110.00
20.87 87.48 -30.72 -0.43 0.31 0.67 29140.00
22.13 81.66 -32.86 0.02 0.21 1.19 29171.00
23.33 75.16 -35.36 0.71 0.10 2.17 29202.00
23.91 70.36 -37.70 1.69 -0.17 2.81 29232.00
22.11 71.01 -37.19 1.32 -0.24 2.21 29262.00
18.39 75.44 -36.44 0.34 -0.31 1.68 29293.00
16.52 80.47 -35.35 -0.09 -0.40 1.23 29324.00
16.60 86.04 -32.87 -0.40 -0.11 0.77 29355.00
16.55 91.87 -30.76 -0.82 0.10 0.42 29385.00
15.38 96.48 -29.12 -1.20 0.13 0.26 29416.00
14.78 99.63 -26.80 -1.15 0.12 0.22 29448.00
15.93 102.22 -24.26 -1.32 0.35 -0.09 29478.00
17.56 104.60 -22.40 -1.49 0.68 -0.56 29509.00
17.28 105.25 -22.77 -1.56 0.68 -0.49 29540.00
15.42 103.99 -24.26 -1.39 0.37 -0.35 29572.00
14.71 101.20 -25.88 -1.31 0.14 -0.24 29602.00
16.28 96.57 -27.36 -1.10 0.11 -0.03 29633.00
19.76 89.73 -28.89 -0.97 0.26 0.13 29665.00
23.36 81.27 -30.53 -0.51 0.38 0.58 29696.00
26.02 75.27 -32.16 0.04 0.46 0.88 29725.00
28.16 69.29 -35.42 0.70 0.42 1.48 29756.00
30.00 61.86 -38.92 1.50 0.31 2.11 29787.00
28.31 58.18 -39.90 1.93 0.14 2.51 29817.00
22.95 60.07 -39.62 1.11 -0.07 1.81 29848.00
17.01 65.69 -39.18 0.42 -0.36 1.26 29879.00
14.58 70.64 -37.78 0.13 -0.49 1.01 29910.00
14.20 74.94 -34.96 -0.08 -0.21 0.84 29940.00
12.40 78.03 -32.12 -0.37 -0.04 0.88 29971.00
9.68 80.80 -29.63 -0.62 -0.10 0.85 30001.00
8.16 83.78 -26.53 -0.84 -0.12 0.75 30031.00
7.99 86.85 -22.69 -0.87 0.06 0.59 30063.00
8.25 89.81 -19.58 -0.91 0.26 0.49 30094.00
8.99 92.01 -17.11 -1.04 0.40 0.39 30125.00
9.44 93.49 -15.81 -1.10 0.45 0.28 30155.00
8.83 94.47 -15.11 -1.11 0.40 0.25 30186.00
7.62 94.73 -14.84 -1.09 0.35 0.30 30217.00
6.45 94.14 -15.15 -1.06 0.24 0.42 30247.00
5.57 92.82 -15.90 -0.98 0.13 0.54 30279.00
5.22 91.74 -16.68 -0.99 0.05 0.63 30310.00
4.85 90.98 -17.76 -0.87 -0.02 0.67 30341.00
4.79 90.25 -18.95 -0.81 -0.15 0.72 30371.00
5.50 89.56 -19.68 -0.78 -0.17 0.69 30402.00
5.91 88.67 -20.14 -0.72 -0.09 0.69 30432.00
5.98 88.00 -20.62 -0.72 -0.05 0.65 30462.00
6.18 87.38 -21.06 -0.77 0.02 0.54 30493.00
6.43 86.48 -21.64 -0.79 0.11 0.42 30524.00
6.66 84.53 -22.70 -0.77 0.17 0.37 30556.00
6.81 81.76 -24.19 -0.63 0.15 0.34 30586.00
7.11 77.44 -26.08 -0.51 0.13 0.39 30617.00
7.42 72.11 -28.36 -0.38 0.10 0.46 30648.00
7.57 65.96 -30.90 -0.19 0.05 0.50 30679.00
7.91 60.14 -33.40 -0.01 -0.02 0.57 30708.00
8.75 53.21 -36.03 0.23 -0.07 0.76 30739.00
9.67 46.12 -38.48 0.56 -0.09 0.91 30770.00
9.53 40.09 -40.32 0.77 -0.09 1.14 30800.00
8.52 34.27 -42.43 1.15 -0.24 1.59 30831.00
6.88 29.70 -43.96 1.49 -0.46 1.82 30861.00
4.71 27.68 -44.14 0.96 -0.57 1.78 30892.00
3.68 26.93 -43.73 0.68 -0.61 1.48 30922.00
3.65 26.37 -42.89 0.43 -0.48 1.42 30953.00
3.71 25.58 -41.95 0.34 -0.43 1.45 30984.00
4.30 25.23 -40.70 0.23 -0.36 1.42 31014.00
5.36 25.39 -39.24 0.07 -0.16 1.38 31045.00
6.82 25.52 -38.34 -0.21 0.02 1.40 31076.00
8.95 25.46 -37.89 -0.54 0.26 1.34 31107.00
10.57 25.31 -38.72 -0.59 0.51 1.17 31136.00
11.56 25.65 -41.89 -0.49 0.46 0.92 31167.00
13.29 25.42 -46.36 -0.22 0.30 0.60 31198.00
14.71 22.82 -51.51 0.44 0.17 0.64 31228.00
17.61 19.37 -57.25 1.36 0.06 0.97 31259.00
20.89 14.66 -61.28 2.24 0.09 0.99 31291.00
20.29 11.69 -62.60 2.33 0.07 1.37 31322.00
16.09 12.07 -62.36 1.79 -0.25 1.14 31352.00
11.17 15.72 -60.21 1.43 -0.42 0.78 31383.00
8.62 20.54 -57.03 1.28 -0.38 0.72 31414.00
9.83 24.97 -53.38 0.99 -0.25 0.60 31446.00
11.69 29.12 -49.41 0.58 -0.07 0.55 31476.00
10.63 32.71 -45.19 0.02 0.03 0.66 31507.00
9.49 33.72 -41.01 -0.51 0.13 0.85 31537.00
9.83 33.34 -37.51 -0.78 0.31 0.98 31567.00
11.35 31.64 -35.05 -0.91 0.51 1.13 31598.00
13.20 29.63 -34.20 -0.90 0.65 1.21 31629.00
14.55 28.56 -35.11 -0.78 0.80 1.02 31660.00
14.76 28.03 -38.26 -0.57 0.71 0.77 31689.00
15.76 27.16 -43.09 -0.18 0.47 0.42 31720.00
15.47 23.90 -48.78 0.50 0.32 0.52 31751.00
16.63 18.81 -54.37 1.41 0.29 0.89 31781.00
16.58 11.49 -58.54 2.28 0.18 1.34 31813.00
12.93 7.32 -60.14 2.33 -0.15 1.76 31844.00
8.31 8.32 -59.75 1.84 -0.60 1.64 31875.00
6.53 12.62 -57.57 1.14 -0.63 1.28 31904.00
8.45 18.14 -54.35 1.22 -0.38 1.01 31935.00
12.18 23.64 -50.91 0.74 0.08 0.91 31966.00
12.69 27.14 -48.08 0.39 0.30 1.20 31996.00
9.88 30.02 -45.68 0.36 0.14 1.48 32027.00
7.32 33.83 -42.43 0.20 -0.02 1.68 32058.00
5.40 38.49 -39.35 0.34 0.11 1.60 32089.00
2.48 45.61 -38.17 0.32 0.02 1.38 32119.00
-0.35 53.31 -37.44 0.12 -0.26 1.01 32150.00
-2.36 61.00 -35.97 -0.09 -0.31 0.72 32180.00
-4.79 68.14 -34.00 -0.20 -0.25 0.55 32210.00
-6.61 74.93 -32.29 -0.27 -0.34 0.43 32241.00
-6.97 81.98 -30.22 -0.35 -0.30 0.25 32272.00
-6.53 88.19 -27.91 -0.47 -0.21 0.16 32303.00
-6.01 92.66 -25.71 -0.56 -0.13 0.10 32333.00
-5.93 95.71 -23.50 -0.61 -0.04 0.13 32364.00
-6.80 98.29 -21.20 -0.68 0.03 0.10 32396.00
-8.13 100.02 -19.24 -0.77 0.04 0.16 32427.00
-8.88 101.14 -17.65 -0.86 0.04 0.16 32457.00
-9.21 101.33 -15.98 -0.93 0.10 0.24 32489.00
-9.50 101.16 -14.58 -0.96 0.17 0.31 32520.00
-9.87 100.80 -13.64 -0.91 0.18 0.37 32550.00
-10.07 100.41 -13.13 -0.91 0.11 0.42 32581.00
-9.46 99.64 -12.67 -1.02 0.14 0.46 32613.00
-9.19 98.67 -12.57 -0.90 0.13 0.51 32644.00
-9.18 97.85 -12.62 -0.89 0.04 0.58 32674.00
-8.89 97.45 -12.55 -0.98 0.02 0.59 32705.00
-8.45 97.17 -12.57 -1.02 -0.01 0.58 32736.00
-7.60 97.11 -12.54 -1.06 -0.00 0.52 32768.00
-6.96 97.05 -12.53 -1.13 0.02 0.48 32798.00
-6.15 97.04 -12.55 -1.17 0.02 0.38 32829.00
-4.55 97.24 -12.53 -1.21 0.06 0.20 32860.00
-2.13 96.59 -12.40 -1.30 0.21 0.01 32891.00
0.47 95.17 -12.44 -1.28 0.39 -0.23 32922.00
2.40 92.02 -13.46 -1.15 0.46 -0.12 32953.00
3.98 87.36 -15.44 -0.92 0.36 0.00 32984.00
5.86 80.84 -17.66 -0.64 0.26 0.24 33014.00
7.57 71.54 -20.10 -0.25 0.24 0.70 33045.00
9.75 63.36 -23.35 0.50 0.06 1.65 33076.00
12.49 57.88 -25.83 1.33 -0.04 2.28 33106.00
12.48 55.87 -26.31 1.75 -0.13 2.35 33137.00
10.27 58.42 -25.18 0.84 -0.16 1.66 33168.00
6.48 62.94 -24.02 0.22 -0.17 1.25 33199.00
3.47 68.00 -22.59 -0.11 -0.30 0.93 33229.00
2.54 73.92 -20.38 -0.60 -0.20 0.58 33259.00
2.53 78.41 -17.78 -1.13 -0.09 0.43 33291.00
2.79 80.59 -15.09 -1.28 0.10 0.43 33321.00
3.01 81.88 -12.22 -1.32 0.30 0.40 33352.00
3.47 82.79 -9.78 -1.27 0.49 0.25 33383.00
3.23 83.74 -8.21 -1.37 0.64 0.02 33414.00
2.96 84.36 -8.09 -1.44 0.65 -0.09 33444.00
3.67 84.26 -9.60 -1.47 0.49 -0.19 33475.00
6.04 82.36 -11.43 -1.30 0.39 -0.23 33506.00
9.58 78.19 -13.75 -0.94 0.35 -0.10 33538.00
13.82 70.92 -15.96 -0.56 0.31 0.33 33568.00
16.59 62.83 -17.66 0.07 0.34 0.83 33598.00
18.24 56.66 -19.57 0.83 0.38 1.54 33629.00
19.05 50.93 -21.50 1.60 0.28 2.19 33659.00
17.62 48.00 -21.62 1.67 0.11 2.41 33690.00
13.91 49.79 -20.54 0.99 0.07 1.92 33721.00
10.09 54.14 -20.00 0.65 -0.04 1.55 33752.00
7.91 59.84 -19.11 0.16 -0.09 0.98 33782.00
7.02 66.15 -17.92 -0.56 -0.10 0.64 33813.00
6.41 71.35 -16.32 -0.91 -0.02 0.43 33844.00
5.39 74.36 -14.14 -1.16 0.03 0.43 33874.00
4.89 76.26 -11.37 -1.23 0.14 0.40 33905.00
4.63 77.47 -8.83 -1.00 0.26 0.43 33936.00
4.79 78.56 -6.89 -1.03 0.34 0.38 33968.00
5.33 78.93 -5.78 -1.07 0.36 0.39 33998.00
5.67 78.96 -5.34 -1.03 0.39 0.36 34029.00
5.25 78.55 -5.56 -0.96 0.32 0.43 34060.00
4.55 77.65 -6.33 -0.87 0.23 0.51 34091.00
4.04 76.20 -7.36 -0.83 0.15 0.59 34121.00
3.52 74.26 -8.54 -0.72 0.09 0.68 34152.00
2.80 72.26 -9.76 -0.69 0.05 0.79 34183.00
2.32 70.41 -10.63 -0.62 0.02 0.82 34213.00
1.79 68.83 -11.33 -0.56 0.10 0.72 34244.00
1.03 67.03 -12.04 -0.52 0.15 0.66 34274.00
0.03 64.74 -13.11 -0.36 0.15 0.62 34305.00
-0.96 61.82 -14.48 -0.28 0.09 0.64 34335.00
-1.68 58.75 -16.04 -0.22 0.06 0.63 34366.00
-2.44 55.28 -17.52 -0.20 0.10 0.61 34397.00
-3.94 51.72 -19.38 -0.15 0.09 0.58 34427.00
-5.62 47.63 -21.79 -0.12 0.02 0.56 34458.00
-7.11 43.11 -24.86 -0.02 -0.09 0.58 34489.00
-7.72 38.46 -28.18 0.05 -0.19 0.58 34520.00
-7.87 33.47 -31.19 0.16 -0.18 0.58 34550.00
-8.29 28.08 -34.80 0.40 -0.22 0.70 34581.00
-8.02 22.43 -38.24 0.59 -0.29 0.95 34611.00
-6.76 16.20 -41.10 1.01 -0.35 1.38 34641.00
-5.19 10.24 -43.11 1.35 -0.29 1.87 34672.00
-4.18 5.88 -45.10 1.57 -0.39 2.33 34703.00
-3.49 3.82 -45.71 1.43 -0.55 2.27 34734.00
-3.29 4.52 -44.91 0.83 -0.44 1.92 34764.00
-2.65 6.33 -44.03 0.59 -0.44 1.68 34794.00
-0.99 8.37 -42.47 0.46 -0.27 1.41 34825.00
0.06 10.81 -40.88 0.34 -0.03 1.28 34855.00
0.11 13.70 -39.57 0.17 0.14 1.08 34886.00
-0.46 16.51 -39.45 -0.00 0.12 0.98 34917.00
-0.36 19.26 -39.92 -0.25 0.06 0.75 34948.00
0.36 21.12 -40.44 -0.66 0.19 0.54 34978.00
1.04 20.45 -42.17 -0.60 0.30 0.42 35009.00
1.14 17.63 -45.65 -0.05 0.15 0.45 35040.00
2.47 14.29 -49.43 0.52 0.08 0.42 35070.00
4.13 8.93 -53.63 1.68 -0.04 1.15 35101.00
6.12 3.22 -55.70 2.75 -0.20 1.58 35132.00
4.67 4.38 -54.30 2.31 -0.21 1.34 35163.00
1.34 9.09 -52.50 1.57 -0.30 0.91 35193.00
-0.52 14.69 -49.99 1.23 -0.36 0.57 35224.00
-0.05 19.15 -46.52 0.87 -0.24 0.40 35255.00
0.23 24.12 -42.49 0.30 -0.10 0.57 35286.00
-1.12 26.16 -38.79 -0.23 -0.09 0.77 35316.00
-1.23 26.44 -34.64 -0.54 -0.01 0.90 35347.00
0.49 25.35 -30.92 -0.78 0.29 1.14 35377.00
3.11 23.53 -28.29 -0.85 0.68 1.26 35407.00
5.34 22.30 -27.40 -0.83 0.99 1.17 35438.00
6.61 21.81 -29.25 -0.78 1.06 0.90 35469.00
7.55 21.11 -33.48 -0.43 0.76 0.65 35499.00
9.58 19.32 -38.76 -0.00 0.48 0.31 35529.00
10.62 14.70 -44.46 0.75 0.43 0.59 35560.00
12.15 7.57 -49.77 1.95 0.32 1.14 35591.00
10.85 1.88 -52.22 2.58 0.14 1.68 35622.00
5.79 2.39 -52.95 1.87 -0.35 1.52 35653.00
1.71 7.17 -52.20 1.25 -0.66 0.92 35683.00
0.49 13.15 -49.44 0.91 -0.51 0.54 35714.00
2.21 17.30 -46.02 0.68 -0.31 0.38 35744.00
4.15 20.63 -42.37 0.26 -0.04 0.47 35775.00
3.60 21.15 -38.86 0.02 0.08 0.65 35806.00
2.75 20.19 -35.78 0.04 0.09 0.84 35836.00
3.02 19.20 -33.02 0.03 0.18 0.97 35867.00
3.90 18.51 -31.04 0.00 0.36 0.94 35898.00
3.44 17.69 -30.55 -0.01 0.43 0.97 35928.00
2.33 16.24 -31.04 -0.01 0.30 1.12 35958.00
1.32 13.98 -32.14 0.15 0.16 1.22 35989.00
1.88 15.28 -34.30 0.41 0.07 1.95 36264.00
1.61 17.12 -34.34 0.74 -0.06 2.20 36295.00
1.56 22.07 -34.31 1.10 -0.23 2.15 36326.00
1.48 28.99 -33.24 0.87 -0.20 1.79 36357.00
0.66 36.04 -31.96 0.81 -0.18 1.45 36387.00
-0.20 43.31 -30.24 0.60 -0.21 1.02 36417.00
-0.90 50.92 -27.98 0.37 -0.12 0.62 36448.00
-1.93 58.35 -25.88 0.21 -0.07 0.39 36478.00
-3.08 66.85 -23.80 0.00 -0.09 0.29 36509.00
-2.54 75.00 -21.72 -0.17 -0.06 0.12 36540.00
-2.20 80.70 -19.83 -0.30 0.01 0.06 36571.00
-2.57 84.75 -18.13 -0.46 0.05 0.06 36602.00
-3.15 87.63 -16.67 -0.55 0.06 0.10 36633.00
-3.76 89.83 -15.44 -0.59 0.05 0.16 36664.00
-4.18 91.92 -14.29 -0.69 0.07 0.15 36695.00
-4.33 93.30 -13.30 -0.81 0.12 0.17 36726.00
-3.91 93.70 -12.49 -1.00 0.17 0.19 36757.00
-2.54 93.93 -11.28 -1.10 0.32 0.04 36788.00
-1.29 93.96 -10.41 -1.39 0.56 -0.29 36818.00
-0.39 92.70 -10.60 -1.58 0.73 -0.44 36849.00
0.06 89.90 -12.13 -1.40 0.65 -0.30 36880.00
1.34 85.09 -14.51 -1.13 0.43 -0.09 36912.00
3.34 78.40 -16.87 -0.72 0.31 0.39 36942.00
4.55 70.62 -19.32 -0.09 0.24 1.10 36973.00
5.65 65.30 -22.31 0.82 -0.07 2.37 37003.00
6.93 61.97 -23.83 1.98 -0.44 2.84 37033.00
4.89 64.54 -21.40 1.04 -0.16 1.83 37064.00
1.43 71.40 -19.58 0.04 -0.07 0.94 37095.00
-0.85 77.48 -18.63 -0.63 -0.14 0.55 37126.00
-1.60 81.76 -16.70 -0.92 -0.11 0.38 37156.00
-1.74 85.70 -14.00 -1.09 0.06 0.21 37187.00
-1.39 88.47 -11.45 -1.46 0.30 -0.03 37218.00
-0.94 90.16 -9.24 -1.51 0.54 -0.24 37250.00
-0.96 90.49 -8.08 -1.44 0.72 -0.33 37280.00
-1.47 89.88 -8.41 -1.43 0.70 -0.32 37311.00
-1.01 87.91 -9.71 -1.43 0.59 -0.34 37342.00
-0.01 84.87 -11.63 -1.40 0.58 -0.33 37372.00
1.39 80.45 -14.44 -1.16 0.46 -0.12 37403.00
3.61 74.72 -17.78 -0.83 0.33 0.13 37434.00
6.06 66.18 -21.22 -0.27 0.24 0.68 37465.00
8.34 59.56 -24.72 0.54 0.10 1.67 37495.00
12.42 53.51 -28.24 1.99 -0.22 2.85 37526.00
12.12 51.22 -27.14 2.41 -0.10 2.57 37557.00
7.96 56.59 -23.72 0.80 0.09 1.44 37587.00
3.08 63.00 -22.47 -0.21 -0.01 0.97 37617.00
1.02 67.70 -21.27 -0.57 -0.24 0.72 37648.00
1.21 72.07 -18.58 -0.75 -0.09 0.48 37679.00
0.53 75.44 -16.04 -1.12 0.10 0.37 37709.00
-0.48 77.52 -13.40 -1.39 0.16 0.37 37741.00
-0.54 78.73 -10.57 -1.23 0.31 0.31 37772.00
-0.20 79.48 -8.40 -1.17 0.52 0.24 37803.00
-0.60 80.02 -7.58 -1.08 0.57 0.29 37833.00
-1.37 79.88 -7.55 -1.05 0.41 0.39 37864.00
-1.83 78.72 -7.77 -0.95 0.31 0.54 37895.00
-2.34 77.38 -8.23 -0.80 0.24 0.63 37926.00
-3.03 76.10 -9.08 -0.66 0.12 0.77 37956.00
-2.99 75.03 -10.00 -0.64 -0.02 0.87 37987.00
-2.03 74.60 -10.45 -0.62 -0.03 0.84 38018.00
-1.33 74.50 -10.62 -0.64 0.05 0.79 38048.00
-1.49 74.42 -10.61 -0.68 0.12 0.69 38079.00
-2.12 74.13 -10.59 -0.71 0.14 0.63 38110.00
-2.29 73.70 -10.61 -0.67 0.17 0.51 38140.00
-2.13 73.31 -10.72 -0.76 0.32 0.31 38171.00
-2.32 72.17 -11.67 -0.86 0.37 0.09 38202.00
-2.48 69.58 -13.27 -0.71 0.26 0.09 38233.00
-2.07 65.74 -15.10 -0.51 0.19 0.08 38263.00
-1.65 60.02 -17.27 -0.27 0.13 0.16 38294.00
-2.06 51.54 -19.73 0.00 0.09 0.32 38325.00
-2.26 44.26 -22.16 0.34 0.03 0.55 38355.00
-2.79 37.46 -24.48 0.68 -0.07 0.85 38386.00
-3.20 31.10 -26.47 0.91 -0.18 1.15 38417.00
-3.70 25.15 -27.75 1.01 -0.21 1.27 38448.00
-4.77 20.56 -28.95 0.90 -0.30 1.36 38477.00
-5.07 15.90 -29.71 0.80 -0.39 1.46 38508.00
-5.12 11.48 -29.64 0.69 -0.24 1.54 38539.00
-6.07 7.72 -29.95 0.62 -0.27 1.70 38569.00
-5.82 4.36 -29.85 0.55 -0.40 1.85 38600.00
-4.62 1.69 -29.01 0.51 -0.18 1.83 38631.00
-4.35 0.34 -28.85 0.55 -0.11 1.83 38662.00
-4.01 0.26 -28.71 0.49 -0.21 1.72 38691.00
-3.28 0.81 -28.17 0.39 -0.12 1.58 38722.00
-3.08 1.90 -27.72 0.12 0.06 1.24 38784.00
-2.77 5.47 -27.79 -0.28 0.16 1.05 38814.00
-1.79 6.48 -28.31 -0.55 0.38 0.76 38845.00
-1.13 5.99 -30.57 -0.45 0.50 0.50 38875.00
4.51 -6.34 -46.73 3.02 -0.17 1.35 38998.00
3.14 -7.06 -45.19 2.35 -0.05 1.53 39029.00
-2.07 -3.54 -42.93 1.61 -0.23 1.05 39060.00
-5.80 1.91 -39.75 1.59 -0.36 0.76 39091.00
-5.27 7.31 -35.87 1.02 -0.24 0.54 39121.00
-1.97 12.99 -31.31 0.38 0.00 0.57 39152.00
-1.59 15.78 -26.46 -0.32 0.36 0.70 39183.00
-2.99 16.37 -22.96 -0.69 0.46 0.94 39213.00
-2.89 15.54 -20.80 -0.89 0.46 1.22 39243.00
-0.52 14.71 -19.67 -0.83 0.64 1.21 39274.00
1.90 14.44 -20.59 -0.75 0.86 1.00 39305.00
3.34 14.83 -23.78 -0.56 0.79 0.57 39334.00
4.35 13.44 -28.88 -0.18 0.42 0.30 39365.00
3.86 9.47 -34.34 0.48 0.21 0.49 39396.00
4.65 3.10 -39.34 1.53 0.17 0.85 39427.00
3.94 -3.79 -42.58 2.46 0.12 1.54 39457.00
-0.43 -5.92 -43.62 2.54 -0.32 1.84 39488.00
-4.51 -2.91 -42.57 1.43 -0.61 1.16 39519.00
-6.03 2.71 -40.03 1.02 -0.52 0.75 39549.00
-4.01 8.22 -36.69 0.85 -0.27 0.50 39580.00
-0.75 13.83 -33.26 0.26 0.09 0.47 39611.00
-1.24 15.75 -30.99 -0.17 0.19 0.62 39642.00
-2.79 14.98 -28.98 -0.05 0.06 0.71 39672.00
-3.18 14.54 -27.23 0.01 -0.02 0.77 39702.00
-1.74 13.42 -25.60 0.07 0.05 0.81 39733.00
-0.48 11.86 -24.43 0.06 0.20 0.86 39763.00
-0.53 9.84 -23.84 0.06 0.26 0.96 39794.00
-1.46 7.72 -24.03 0.13 0.12 1.10 39825.00
-1.68 5.39 -24.35 0.18 -0.01 1.30 39856.00
-1.35 2.81 -24.54 0.35 -0.01 1.58 39886.00
-1.11 1.00 -24.54 0.49 0.04 1.84 39917.00
-1.02 0.31 -24.58 0.60 0.11 2.02 39948.00
-1.15 1.22 -24.89 0.75 0.13 2.07 39977.00
-1.61 3.90 -25.34 0.80 0.13 1.95 40008.00
-2.61 8.12 -26.01 0.82 0.05 1.75 40039.00
-3.39 13.30 -26.58 0.81 -0.07 1.59 40070.00
-3.94 18.59 -26.85 0.83 -0.13 1.41 40099.00
-4.65 24.97 -26.89 0.79 -0.22 1.25 40130.00
-5.25 31.58 -26.33 0.72 -0.25 1.08 40161.00
-5.86 38.47 -25.37 0.60 -0.25 0.94 40192.00
-6.65 45.26 -24.18 0.42 -0.21 0.67 40222.00
-7.75 52.46 -22.82 0.23 -0.22 0.51 40253.00
-8.58 59.20 -21.00 0.01 -0.19 0.39 40284.00
-9.45 65.48 -19.08 -0.18 -0.12 0.29 40314.00
-10.31 70.73 -17.38 -0.35 -0.11 0.27 40345.00
-10.39 75.07 -15.77 -0.47 -0.08 0.23 40376.00
-10.62 78.31 -14.21 -0.52 -0.00 0.23 40407.00
-11.61 81.50 -12.99 -0.57 0.05 0.17 40438.00
-13.02 83.81 -12.24 -0.69 0.04 0.18 40469.00
-14.01 85.30 -11.85 -0.85 0.01 0.23 40500.00
-14.36 86.12 -11.49 -1.03 0.00 0.26 40531.00
-14.30 86.23 -10.93 -1.13 0.04 0.26 40562.00
-13.82 85.64 -10.34 -1.22 0.10 0.26 40593.00
-12.94 85.11 -9.54 -1.32 0.26 0.11 40624.00
-12.00 84.42 -9.15 -1.45 0.44 -0.14 40655.00
-10.30 82.14 -10.27 -1.38 0.51 -0.10 40686.00
-7.99 78.40 -12.18 -1.19 0.49 -0.06 40717.00
-5.49 72.23 -14.83 -0.82 0.47 0.25 40748.00
-5.11 64.18 -17.99 -0.16 0.35 1.01 40778.00
-5.50 57.99 -22.05 0.60 -0.05 2.07 40809.00
-5.81 51.44 -24.60 1.73 -0.57 3.87 40840.00
-7.06 53.50 -23.56 1.69 -0.62 2.03 40870.00
-9.09 60.76 -21.96 0.18 -0.49 1.25 40901.00
-9.40 66.85 -20.88 -0.61 -0.49 0.79 40931.00
-9.23 72.11 -18.37 -0.74 -0.20 0.48 40962.00
-10.34 75.62 -15.75 -0.94 -0.11 0.40 40993.00
-11.08 77.89 -13.26 -1.21 -0.08 0.38 41024.00
-10.42 79.63 -10.24 -1.25 0.09 0.29 41055.00
-8.61 81.17 -7.52 -1.31 0.43 -0.03 41085.00
-7.23 82.52 -6.18 -1.37 0.71 -0.35 41116.00
-7.11 82.66 -7.01 -1.39 0.69 -0.31 41147.00
-7.10 80.64 -8.93 -1.31 0.48 -0.21 41179.00
-6.61 76.11 -11.17 -1.07 0.35 0.09 41209.00
-5.79 69.45 -13.88 -0.68 0.28 0.40 41240.00
-5.82 62.80 -17.11 -0.23 0.13 0.89 41271.00
-5.30 58.42 -20.63 0.35 -0.13 1.72 41302.00
-3.16 54.36 -23.38 1.39 -0.48 2.49 41332.00
-3.09 53.52 -22.65 1.50 -0.32 2.11 41362.00
-6.66 57.43 -20.74 0.42 -0.28 1.53 41393.00
-9.52 62.93 -19.53 -0.01 -0.39 1.00 41423.00
-10.38 68.94 -17.26 -0.36 -0.29 0.57 41454.00
-10.51 74.04 -14.81 -0.79 -0.09 0.33 41485.00
-11.06 76.91 -12.35 -1.16 -0.02 0.33 41517.00
-11.56 78.34 -9.36 -1.18 0.07 0.37 41547.00
-11.53 78.87 -6.15 -1.13 0.24 0.44 41578.00
-11.21 79.56 -3.67 -0.98 0.37 0.41 41609.00
-10.83 80.18 -2.17 -1.03 0.44 0.38 41639.00
-10.89 80.70 -1.51 -1.06 0.43 0.35 41671.00
-11.51 80.77 -1.52 -1.06 0.33 0.37 41702.00
-12.04 80.26 -1.85 -1.00 0.24 0.41 41733.00
-12.49 79.32 -2.52 -0.94 0.16 0.48 41763.00
-12.77 77.92 -3.29 -0.89 0.08 0.56 41794.00
-12.61 76.56 -4.03 -0.89 0.09 0.54 41825.00
-12.72 74.95 -4.98 -0.81 0.11 0.55 41857.00
-12.65 73.39 -6.20 -0.76 0.12 0.52 41887.00
-12.11 71.93 -7.97 -0.74 0.13 0.42 41918.00
-11.28 69.95 -9.85 -0.72 0.14 0.29 41949.00
-10.85 66.90 -11.68 -0.57 0.16 0.25 41979.00
-11.32 62.46 -13.88 -0.41 0.13 0.30 42010.00
-12.05 56.80 -16.49 -0.26 0.04 0.41 42041.00
-12.56 50.14 -19.25 -0.07 -0.04 0.59 42072.00
-12.07 44.22 -22.16 0.24 -0.16 0.83 42102.00
-10.35 38.12 -24.70 0.56 -0.27 1.11 42133.00
-8.13 32.24 -26.25 0.79 -0.24 1.45 42164.00
-6.65 27.76 -27.35 0.86 -0.30 1.65 42194.00
-5.97 25.01 -27.42 0.65 -0.30 1.59 42225.00
-6.70 23.05 -26.56 0.37 -0.22 1.54 42256.00
-7.81 21.00 -25.40 0.17 -0.26 1.65 42287.00
-7.78 19.10 -23.72 0.13 -0.25 1.74 42317.00
-7.53 18.03 -21.96 0.21 -0.12 1.70 42348.00
-7.38 18.30 -20.60 0.19 -0.10 1.55 42378.00
-6.89 19.13 -19.08 0.09 -0.03 1.32 42408.00
-6.68 20.02 -17.33 -0.07 0.14 1.23 42439.00
-7.44 20.93 -16.38 -0.18 0.20 1.05 42470.00
-8.24 21.69 -16.23 -0.32 0.11 0.94 42501.00
-8.27 22.04 -16.50 -0.47 0.15 0.79 42531.00
-7.95 21.56 -17.51 -0.47 0.16 0.75 42562.00
-7.19 20.52 -19.00 -0.57 0.22 0.63 42593.00
-6.25 18.48 -20.98 -0.61 0.30 0.52 42622.00
-5.35 14.66 -24.10 -0.28 0.34 0.47 42653.00
-5.70 10.07 -28.56 0.31 0.27 0.58 42684.00
-4.99 6.75 -34.35 1.22 0.13 1.00 42715.00
-3.24 1.63 -38.58 2.24 -0.01 2.03 42745.00
-3.06 -2.48 -39.37 2.83 -0.15 1.96 42777.00
-5.84 -1.91 -38.11 1.92 -0.37 1.46 42807.00
-9.77 0.59 -35.65 1.07 -0.36 0.57 42838.00
-11.66 5.60 -32.77 1.03 -0.43 0.61 42868.00
-11.24 10.17 -29.23 0.55 -0.32 0.56 42899.00
-10.41 12.02 -25.59 -0.00 -0.18 0.64 42930.00
-11.29 11.57 -22.14 -0.03 -0.07 0.81 42960.00
-12.75 11.67 -18.90 -0.06 -0.01 0.98 42991.00
-12.46 11.27 -16.18 -0.22 0.11 1.06 43022.00
-10.64 10.10 -14.08 -0.47 0.40 1.22 43053.00
-8.70 8.33 -13.15 -0.70 0.75 1.30 43083.00
-8.02 7.10 -14.77 -0.51 0.95 1.28 43113.00
-9.01 7.45 -19.50 -0.20 0.64 1.14 43144.00
-9.76 7.84 -25.41 0.19 0.21 0.91 43174.00
-9.80 7.78 -31.55 0.60 -0.00 0.80 43205.00
-8.76 5.36 -36.73 1.15 -0.21 0.94 43236.00
-7.68 1.53 -39.88 1.54 -0.27 1.11 43267.00
-8.32 -2.21 -41.44 1.68 -0.31 1.44 43297.00
-9.99 -2.77 -41.33 1.62 -0.51 1.31 43328.00
-11.25 0.12 -39.42 1.10 -0.51 1.00 43359.00
-10.92 3.13 -36.93 1.16 -0.49 0.96 43389.00
-9.45 6.43 -33.47 0.99 -0.31 0.92 43420.00
-9.42 9.45 -29.66 0.64 -0.16 1.08 43451.00
-10.66 11.82 -25.38 0.36 -0.15 1.23 43482.00
-11.43 13.39 -20.80 0.16 -0.08 1.44 43512.00
-11.56 15.19 -16.94 0.16 -0.03 1.43 43543.00
-11.15 18.10 -13.20 0.02 0.06 1.38 43574.00
-10.97 21.87 -10.10 -0.01 0.19 1.31 43604.00
-11.33 26.50 -8.20 -0.06 0.16 1.21 43634.00
-11.07 31.81 -6.65 -0.17 0.05 1.05 43665.00
-10.55 37.19 -5.41 -0.27 0.08 0.94 43696.00
-10.65 42.06 -4.82 -0.32 0.01 0.91 43726.00
-10.31 47.21 -4.37 -0.38 -0.11 0.82 43757.00
-9.53 51.78 -3.82 -0.52 -0.12 0.87 43788.00
-9.06 55.75 -3.49 -0.54 -0.13 0.87 43819.00
-8.46 59.67 -3.25 -0.47 -0.19 0.88 43849.00
-7.43 63.06 -2.86 -0.42 -0.21 0.84 43879.00
-6.06 67.02 -2.48 -0.38 -0.17 0.67 43910.00
-5.27 70.71 -2.15 -0.37 -0.18 0.56 43940.00
-4.42 74.58 -1.57 -0.45 -0.18 0.44 43971.00
-3.53 77.92 -0.48 -0.56 -0.12 0.30 44002.00
-2.84 79.88 0.91 -0.65 -0.01 0.26 44033.00
-2.65 80.45 2.14 -0.69 0.05 0.33 44063.00
-2.35 80.39 3.40 -0.75 0.11 0.43 44095.00
-2.38 80.40 4.46 -0.75 0.18 0.51 44126.00
-2.70 80.65 5.03 -0.74 0.16 0.56 44156.00
-2.59 80.82 5.40 -0.77 0.18 0.57 44187.00
-2.63 80.91 5.32 -0.80 0.17 0.57 44218.00
-2.55 81.02 5.00 -0.87 0.12 0.55 44249.00
-2.43 81.14 4.64 -1.02 0.12 0.49 44279.00
-1.84 81.57 4.12 -1.09 0.12 0.37 44310.00
-0.07 82.19 4.06 -1.35 0.29 -0.03 44342.00
2.73 82.90 3.64 -1.60 0.62 -0.64 44372.00
4.45 80.57 1.23 -1.26 0.59 -0.40 44403.00
6.59 75.18 -1.77 -1.06 0.36 -0.25 44434.00
8.35 66.35 -4.62 -0.48 0.25 0.38 44465.00
7.48 57.97 -7.23 0.21 0.08 1.30 44495.00
7.30 51.58 -9.84 1.01 -0.18 2.27 44525.00
7.88 47.22 -11.20 1.80 -0.50 2.66 44556.00
7.73 48.40 -9.48 0.80 -0.35 1.94 44587.00
6.61 52.77 -7.92 0.10 -0.18 1.36 44617.00
4.96 57.89 -6.63 -0.24 -0.14 0.94 44647.00
3.49 63.13 -4.72 -0.64 -0.09 0.64 44678.00
2.11 67.51 -2.39 -1.05 -0.02 0.44 44708.00
1.17 70.61 0.20 -1.22 0.06 0.41 44740.00
1.38 72.81 2.93 -1.30 0.21 0.30 44771.00
2.81 74.60 5.70 -1.39 0.54 -0.11 44802.00
3.67 75.06 6.81 -1.61 0.84 -0.42 44832.00
3.23 74.14 5.37 -1.41 0.72 -0.25 44863.00
3.34 71.32 2.86 -1.27 0.43 -0.14 44894.00
3.93 66.71 0.40 -0.93 0.30 0.06 44924.00
3.91 59.97 -2.23 -0.51 0.22 0.38 44955.00
1.38 52.98 -5.29 0.06 0.12 0.96 44986.00
0.00 47.84 -10.14 0.81 -0.36 1.87 45016.00
1.52 43.09 -13.82 1.61 -0.86 2.50 45046.00
2.01 42.23 -12.97 1.40 -0.66 2.12 45077.00
0.61 45.70 -10.90 0.38 -0.41 1.44 45108.00
-1.36 49.81 -9.47 0.01 -0.43 1.18 45138.00
-2.49 53.73 -6.98 -0.19 -0.37 0.90 45169.00
-2.80 57.26 -3.97 -0.51 -0.20 0.78 45200.00
-1.95 59.86 -0.57 -0.82 -0.06 0.74 45231.00
-0.83 61.80 3.39 -0.96 0.24 0.61 45261.00
-0.50 63.28 6.97 -0.82 0.51 0.52 45292.00
-1.01 64.84 9.00 -0.85 0.54 0.54 45323.00
-0.62 66.03 10.01 -0.95 0.48 0.47 45353.00
0.25 66.68 10.33 -1.01 0.48 0.43 45384.00
0.35 66.77 9.95 -0.97 0.45 0.45 45415.00
-0.48 66.32 8.99 -0.91 0.30 0.51 45446.00
-1.13 65.21 7.81 -0.82 0.14 0.61 45476.00
-1.10 63.73 6.49 -0.75 0.02 0.71 45507.00
-0.42 62.27 5.21 -0.74 -0.04 0.73 45538.00
0.66 60.96 4.27 -0.72 -0.03 0.71 45568.00
1.24 59.36 3.40 -0.66 0.03 0.71 45598.00
1.28 57.51 2.51 -0.63 0.02 0.69 45629.00
1.38 55.64 1.65 -0.62 0.01 0.63 45660.00
1.56 53.75 0.80 -0.60 0.05 0.54 45689.00
1.75 51.00 -0.25 -0.55 0.09 0.52 45720.00
1.70 47.60 -1.52 -0.45 0.09 0.51 45751.00
1.39 43.70 -2.83 -0.34 0.06 0.51 45780.00
0.77 38.51 -4.35 -0.15 0.03 0.60 45811.00
0.15 33.22 -6.20 0.11 -0.05 0.67 45842.00
-0.05 27.92 -8.11 0.26 -0.11 0.81 45873.00
0.19 22.55 -9.78 0.51 -0.16 1.03 45903.00
0.17 17.40 -11.28 0.79 -0.21 1.21 45934.00
-0.09 13.19 -12.21 0.91 -0.29 1.41 45964.00
0.07 9.53 -12.52 0.89 -0.36 1.54 45995.00
0.14 6.84 -12.04 0.77 -0.28 1.63 46025.00
-0.46 5.09 -11.36 0.58 -0.24 1.61 46056.00
-0.95 4.04 -10.57 0.43 -0.29 1.63 46087.00
-0.59 3.43 -9.28 0.32 -0.21 1.59 46117.00
-0.13 3.42 -8.11 0.24 -0.12 1.53 46148.00
0.71 3.83 -6.74 0.14 0.02 1.42 46178.00
1.52 4.47 -5.60 0.02 0.20 1.33 46209.00
2.16 5.23 -5.08 -0.14 0.34 1.22 46239.00
2.62 6.10 -5.68 -0.30 0.35 1.07 46270.00
3.41 6.86 -7.27 -0.47 0.33 0.89 46300.00
4.90 7.38 -9.48 -0.59 0.41 0.58 46330.00
6.42 5.89 -13.29 -0.29 0.42 0.42 46361.00
6.46 2.75 -18.26 0.27 0.28 0.49 46391.00
7.36 0.08 -24.35 1.17 0.13 0.96 46423.00
9.45 -4.57 -28.45 2.28 -0.09 1.96 46453.00
8.85 -8.27 -28.71 2.68 -0.22 1.77 46484.00
5.18 -7.71 -26.41 1.96 -0.43 1.88 46515.00
1.57 -2.09 -23.83 1.29 -0.40 0.89 46545.00
0.60 4.97 -20.14 1.14 -0.36 0.62 46576.00
2.16 11.06 -15.80 0.72 -0.21 0.43 46607.00
3.76 15.95 -11.13 -0.09 0.13 0.57 46638.00
2.64 16.52 -7.16 -0.55 0.34 0.77 46667.00
1.23 15.96 -3.67 -0.66 0.47 0.96 46698.00
1.19 14.71 -1.35 -0.81 0.62 1.14 46729.00
2.44 13.59 -0.56 -0.91 0.80 1.14 46758.00
4.01 12.41 -1.52 -0.87 0.95 1.03 46789.00
4.40 12.05 -5.01 -0.63 0.80 0.84 46820.00
5.69 11.47 -9.32 -0.50 0.57 0.58 46850.00
7.12 8.05 -13.90 0.08 0.48 0.55 46880.00
9.00 3.11 -20.27 1.02 0.32 0.82 46911.00
11.68 -4.40 -26.44 2.12 0.10 1.23 46942.00
12.17 -10.43 -28.04 2.74 0.09 1.68 46972.00
7.80 -11.26 -28.50 1.99 -0.19 1.58 47003.00
2.61 -7.73 -27.58 1.21 -0.50 1.23 47034.00
-0.06 -2.40 -25.00 0.91 -0.39 1.03 47065.00
0.50 2.97 -22.15 0.85 -0.27 0.96 47095.00
2.46 6.82 -19.46 0.36 -0.08 1.06 47125.00
2.70 8.80 -16.67 0.06 0.07 1.21 47156.00
0.58 10.51 -14.03 0.28 0.03 1.44 47186.00
-1.52 13.80 -11.38 0.35 -0.16 1.51 47217.00
-1.47 18.20 -8.31 0.37 -0.16 1.29 47248.00
-1.39 23.64 -5.48 0.26 0.06 1.04 47279.00
-2.33 28.86 -3.40 0.06 0.10 0.99 47309.00
-3.56 33.64 -1.60 0.02 -0.00 0.97 47339.00
-4.69 38.99 0.17 -0.05 -0.08 0.90 47370.00
-5.27 44.08 2.03 -0.13 -0.12 0.88 47400.00
-5.45 49.49 4.05 -0.11 -0.08 0.78 47431.00
-5.54 55.84 6.29 -0.23 0.02 0.52 47462.00
-5.80 62.46 8.81 -0.42 0.15 0.29 47493.00
-7.14 68.68 10.85 -0.63 0.24 0.12 47523.00
-8.69 72.77 12.33 -0.79 0.25 0.05 47554.00
-9.25 74.69 13.28 -0.92 0.24 0.03 47585.00
-9.55 74.79 14.14 -1.01 0.30 0.09 47617.00
-10.86 74.10 14.57 -0.97 0.32 0.26 47647.00
-12.58 72.97 14.35 -0.94 0.21 0.45 47678.00
-13.18 71.99 13.71 -0.96 0.06 0.56 47709.00
-12.42 70.79 13.06 -1.04 0.01 0.70 47739.00
-11.56 69.59 12.31 -1.01 -0.02 0.85 47771.00
-11.16 68.57 11.71 -0.96 -0.13 1.00 47801.00
-10.74 68.15 11.48 -0.87 -0.23 1.09 47832.00
-10.27 68.62 11.66 -0.79 -0.27 1.11 47862.00
-9.66 70.14 12.12 -0.66 -0.24 1.01 47893.00
-9.22 72.41 12.88 -0.71 -0.20 0.87 47924.00
-9.05 75.18 13.79 -0.76 -0.14 0.69 47954.00
-8.95 78.30 14.87 -0.81 -0.04 0.51 47985.00
-9.02 81.12 15.84 -0.89 0.03 0.38 48016.00
-8.76 83.43 16.78 -0.94 0.08 0.28 48048.00
-7.60 85.50 17.65 -1.02 0.20 0.02 48078.00
-6.30 87.18 18.49 -1.09 0.36 -0.36 48109.00
-4.83 88.04 18.83 -1.36 0.56 -0.69 48140.00
-3.00 87.09 18.39 -1.39 0.73 -0.86 48171.00
-1.40 83.82 16.48 -1.19 0.57 -0.60 48201.00
2.24 76.97 14.34 -0.94 0.36 -0.20 48232.00
5.68 67.11 12.95 -0.35 0.39 0.63 48263.00
5.34 59.06 11.51 0.33 0.30 1.30 48293.00
5.42 52.62 8.72 0.79 -0.03 2.07 48324.00
6.65 46.87 6.78 1.38 -0.38 2.68 48355.00
6.94 46.53 7.26 1.31 -0.26 2.27 48385.00
5.49 50.91 8.38 0.42 -0.07 1.56 48415.00
2.68 56.30 8.94 0.11 -0.13 1.14 48446.00
0.25 62.34 10.11 -0.18 -0.19 0.71 48477.00
-1.43 69.09 11.95 -0.62 -0.20 0.36 48507.00
-1.52 74.07 14.23 -1.09 -0.11 0.28 48538.00
-0.47 77.80 17.21 -1.30 0.07 0.09 48569.00
1.44 80.39 20.77 -1.47 0.49 -0.36 48600.00
2.71 83.58 23.39 -1.53 0.92 -1.14 48630.00
2.23 84.51 23.20 -1.60 0.94 -0.78 48661.00
1.97 82.54 21.52 -1.50 0.66 -0.73 48693.00
2.60 78.13 19.77 -1.26 0.51 -0.55 48723.00
2.77 71.86 17.29 -0.86 0.34 -0.18 48754.00
3.76 62.82 14.47 -0.45 0.17 0.37 48785.00
6.31 53.61 11.93 0.05 0.12 0.89 48816.00
9.04 47.36 9.94 0.64 0.13 1.45 48845.00
10.90 41.62 8.08 1.28 0.06 2.20 48876.00
11.32 37.73 7.44 1.69 -0.05 2.46 48907.00
8.80 38.81 8.93 1.04 0.00 1.92 48937.00
4.96 42.83 9.89 0.35 -0.06 1.46 48968.00
1.88 47.30 11.30 0.10 -0.18 1.12 48999.00
-0.30 52.03 14.02 -0.07 -0.07 0.83 49030.00
-3.50 55.71 16.53 -0.31 -0.05 0.72 49059.00
-6.44 58.57 19.03 -0.57 -0.15 0.75 49090.00
-7.40 61.36 22.72 -0.79 -0.06 0.62 49121.00
-7.25 63.71 26.62 -0.87 0.17 0.54 49152.00
-6.77 65.50 29.79 -0.80 0.44 0.52 49182.00
-6.61 67.30 32.17 -0.98 0.60 0.41 49213.00
-7.04 68.55 33.53 -1.15 0.63 0.34 49245.00
-8.33 69.05 34.48 -1.19 0.71 0.33 49275.00
-10.58 69.14 34.08 -1.09 0.64 0.41 49306.00
-12.30 68.80 32.36 -1.01 0.34 0.51 49337.00
-12.27 67.77 30.60 -0.94 0.16 0.57 49368.00
-11.77 66.09 28.94 -0.80 0.11 0.69 49398.00
-11.74 64.01 26.71 -0.73 -0.04 0.84 49429.00
-11.12 62.44 25.03 -0.67 -0.19 0.87 49460.00
-10.14 61.69 24.20 -0.67 -0.12 0.73 49490.00
-9.58 61.16 23.58 -0.73 0.02 0.57 49521.00
-9.41 60.34 22.83 -0.77 0.18 0.43 49552.00
-9.35 58.74 21.33 -0.65 0.23 0.33 49583.00
-9.48 56.30 19.02 -0.53 0.17 0.29 49613.00
-9.87 52.56 16.03 -0.40 0.04 0.30 49644.00
-9.65 46.66 12.99 -0.32 -0.04 0.40 49675.00
-9.50 39.60 10.23 -0.04 -0.07 0.57 49705.00
-9.69 32.87 7.47 0.23 -0.13 0.78 49736.00
-10.10 27.09 4.89 0.47 -0.20 1.02 49767.00
-9.87 21.73 2.03 0.75 -0.33 1.17 49798.00
-8.98 17.25 0.01 0.80 -0.37 1.23 49827.00
-8.44 12.87 -1.21 0.81 -0.34 1.29 49858.00
-9.00 9.00 -1.80 0.81 -0.30 1.44 49889.00
-9.54 5.61 -2.25 0.79 -0.39 1.60 49920.00
-9.39 3.24 -2.21 0.71 -0.42 1.63 49950.00
-9.23 1.52 -1.68 0.65 -0.37 1.70 49980.00
-9.33 0.60 -0.92 0.58 -0.34 1.72 50011.00
-9.26 0.58 0.21 0.42 -0.30 1.68 50041.00
-9.12 1.29 1.60 0.27 -0.15 1.55 50072.00
-8.93 2.58 2.73 0.05 -0.03 1.46 50103.00
-8.42 4.09 3.27 -0.07 0.09 1.30 50132.00
-7.46 6.27 3.09 -0.29 0.20 1.04 50163.00
-6.50 8.25 1.98 -0.53 0.35 0.73 50194.00
-6.27 8.90 -0.77 -0.44 0.35 0.55 50224.00
-6.22 7.30 -4.70 -0.09 0.17 0.51 50254.00
-5.82 4.37 -9.17 0.43 0.01 0.61 50285.00
-4.21 1.41 -13.33 1.22 -0.15 0.98 50316.00
-2.29 -1.91 -16.29 1.95 -0.22 1.26 50347.00
-2.12 -3.81 -17.42 2.26 -0.35 1.50 50377.00
-4.04 -2.53 -16.33 1.47 -0.40 1.10 50408.00
-6.84 0.99 -14.03 1.08 -0.35 0.78 50439.00
-8.79 4.74 -11.27 1.06 -0.39 0.56 50470.00
-8.97 7.85 -7.98 0.67 -0.34 0.57 50500.00
-8.17 9.58 -3.98 0.20 -0.22 0.64 50531.00
-7.48 9.46 0.64 -0.02 -0.05 0.76 50562.00
-6.49 7.96 5.24 -0.33 0.23 0.94 50592.00
-4.73 5.08 8.53 -0.50 0.52 1.16 50622.00
-2.75 2.16 10.18 -0.52 0.68 1.44 50653.00
-1.05 0.22 10.73 -0.59 0.89 1.38 50683.00
-0.99 -0.73 8.52 -0.46 0.98 1.20 50714.00
-1.77 -1.48 4.07 -0.30 0.68 0.94 50744.00
-2.46 -2.85 -1.83 0.10 0.36 0.63 50775.00
-2.89 -3.66 -8.22 0.71 0.22 0.73 50805.00
-1.77 -5.98 -14.24 1.59 0.11 0.78 50836.00
-0.46 -9.10 -18.30 2.30 -0.02 1.13 50867.00
-0.47 -12.50 -20.37 2.39 -0.28 1.52 50897.00
-2.43 -13.13 -19.97 1.80 -0.44 1.41 50928.00
-5.52 -9.55 -17.69 1.28 -0.46 1.08 50959.00
-6.93 -3.81 -14.24 1.30 -0.39 0.96 50991.00
-5.78 1.33 -9.97 1.01 -0.13 0.76 51021.00
-3.89 5.46 -5.99 0.59 0.03 0.79 51051.00
-3.43 8.24 -1.61 0.16 0.17 1.00 51082.00
-4.53 10.78 2.75 -0.00 0.24 1.07 51112.00
-5.69 13.42 7.02 -0.14 0.34 1.12 51143.00
-5.97 16.36 9.47 -0.20 0.26 1.09 51174.00
-5.24 19.42 11.46 -0.37 0.28 0.90 51205.00
-5.34 22.15 12.34 -0.39 0.27 0.82 51235.00
-5.98 24.40 12.50 -0.36 0.10 0.83 51265.00
-5.68 26.02 12.51 -0.33 0.01 0.86 51296.00
-4.79 27.26 12.51 -0.28 -0.00 0.88 51326.00
-4.44 28.43 12.50 -0.25 0.03 0.86 51357.00
-5.01 29.25 12.41 -0.21 0.01 0.87 51388.00
-5.60 29.87 12.10 -0.18 -0.08 0.93 51419.00
-5.22 30.47 12.03 -0.24 -0.11 0.94 51449.00
-4.88 30.43 12.20 -0.32 -0.02 1.06 51480.00
-5.06 30.12 12.54 -0.41 0.01 1.29 51511.00
-5.01 29.75 13.01 -0.44 0.09 1.56 51542.00
-4.28 30.19 12.46 -0.26 0.08 1.87 51572.00
-1.38 32.56 10.69 -0.10 -0.04 1.95 51603.00
2.37 36.46 8.94 0.07 -0.01 1.71 51634.00
4.23 41.29 7.31 0.14 0.03 1.40 51664.00
4.25 46.58 6.27 0.02 -0.05 1.10 51694.00
3.21 52.25 6.01 -0.11 -0.11 0.87 51725.00
2.03 57.72 6.19 -0.23 -0.17 0.70 51756.00
1.96 62.69 6.85 -0.33 -0.17 0.57 51786.00
2.43 67.60 7.94 -0.41 -0.07 0.52 51817.00
2.47 71.44 9.01 -0.50 0.01 0.33 51848.00
2.26 74.27 10.09 -0.58 0.07 0.25 51878.00
1.74 76.15 11.09 -0.65 0.10 0.24 51909.00
1.59 77.03 11.94 -0.72 0.12 0.29 51940.00
1.52 77.50 12.71 -0.78 0.21 0.31 51971.00
1.09 77.80 12.87 -0.79 0.19 0.34 52002.00
1.52 77.76 12.94 -0.91 0.19 0.28 52033.00
1.84 78.25 13.18 -1.11 0.30 0.04 52064.00
2.10 78.32 12.66 -1.44 0.39 -0.28 52094.00
2.58 77.20 11.70 -1.50 0.42 -0.38 52125.00
3.74 73.76 10.11 -1.33 0.39 -0.26 52157.00
6.37 67.47 8.28 -1.01 0.33 0.01 52188.00
9.63 58.37 6.73 -0.47 0.37 0.53 52218.00
10.51 50.14 5.05 0.33 0.36 1.32 52248.00
11.60 43.86 2.51 1.22 0.21 2.18 52279.00
12.82 39.44 1.27 1.80 -0.07 2.60 52310.00
12.01 39.99 3.02 1.31 -0.02 2.16 52340.00
9.17 44.32 4.41 0.41 0.06 1.46 52371.00
5.50 49.62 5.43 0.08 -0.07 1.08 52402.00
2.99 55.52 7.38 -0.28 -0.09 0.68 52431.00
1.69 61.53 9.84 -0.81 -0.07 0.43 52462.00
2.08 65.26 12.60 -1.15 0.04 0.43 52493.00
2.97 68.23 15.86 -1.20 0.30 0.30 52525.00
3.93 70.51 18.83 -1.38 0.63 -0.11 52555.00
4.00 72.27 20.55 -1.59 0.91 -0.43 52586.00
2.77 72.43 20.16 -1.62 0.96 -0.49 52617.00
2.06 70.69 17.46 -1.35 0.64 -0.30 52647.00
3.92 66.60 14.15 -1.13 0.39 -0.12 52678.00
7.05 59.91 10.82 -0.68 0.32 0.23 52709.00
9.29 51.81 7.55 -0.18 0.28 0.78 52740.00
10.19 46.10 4.24 0.49 0.20 1.48 52770.00
11.43 40.57 0.50 1.54 -0.01 2.27 52801.00
11.29 37.13 -0.14 2.10 -0.24 2.37 52831.00
8.66 38.77 2.47 0.97 -0.21 1.74 52861.00
4.78 43.33 4.04 0.29 -0.20 1.34 52892.00
2.43 48.60 6.03 0.01 -0.28 0.97 52923.00
2.26 54.11 9.48 -0.44 -0.14 0.61 52954.00
2.99 57.97 12.95 -0.87 0.08 0.51 52984.00
3.30 60.33 16.23 -1.04 0.26 0.51 53015.00
3.02 61.81 19.44 -0.91 0.37 0.55 53046.00
2.65 63.10 22.02 -0.92 0.45 0.55 53076.00
2.81 64.19 23.90 -0.95 0.50 0.55 53107.00
3.36 64.95 24.98 -1.00 0.55 0.48 53138.00
3.32 65.35 25.29 -0.98 0.53 0.50 53169.00
2.75 65.37 24.97 -0.92 0.42 0.55 53199.00
2.36 64.98 24.36 -0.84 0.30 0.60 53230.00
2.47 64.25 23.61 -0.76 0.23 0.65 53261.00
2.67 63.40 22.80 -0.69 0.20 0.69 53292.00
2.66 62.32 21.95 -0.61 0.14 0.78 53322.00
2.90 61.37 21.24 -0.57 0.09 0.77 53353.00
3.04 60.58 20.73 -0.63 0.14 0.73 53383.00
2.86 59.79 20.24 -0.59 0.15 0.66 53413.00
2.64 58.87 19.74 -0.62 0.17 0.55 53444.00
2.35 57.59 19.10 -0.62 0.20 0.45 53475.00
1.87 55.46 18.15 -0.57 0.22 0.43 53506.00
1.03 52.72 16.83 -0.48 0.16 0.43 53536.00
0.09 49.14 15.26 -0.41 0.10 0.42 53567.00
-1.02 44.02 13.50 -0.29 0.08 0.55 53598.00
-2.74 38.44 11.36 -0.06 -0.01 0.76 53628.00
-4.21 32.70 9.28 0.17 -0.13 1.00 53659.00
-5.28 27.29 7.65 0.44 -0.24 1.32 53690.00
-6.15 22.92 6.56 0.58 -0.32 1.53 53721.00
-6.91 20.38 5.97 0.48 -0.35 1.51 53751.00
-8.14 18.91 5.78 0.19 -0.28 1.33 53782.00
-9.80 17.72 5.60 -0.03 -0.27 1.22 53812.00
-10.99 15.98 5.41 -0.13 -0.30 1.20 53842.00
-11.06 13.65 5.55 -0.09 -0.31 1.26 53873.00
-10.51 11.09 5.96 0.03 -0.23 1.31 53904.00
-9.68 8.97 6.28 0.21 -0.25 1.42 53935.00
-8.18 7.50 6.90 0.27 -0.18 1.43 53965.00
-7.39 6.64 7.32 0.29 -0.05 1.37 53996.00
-7.52 6.51 7.30 0.24 -0.14 1.30 54027.00
-7.18 6.75 7.37 0.16 -0.17 1.15 54057.00
-6.97 7.13 7.38 0.09 -0.11 1.05 54087.00
-6.88 7.97 7.30 -0.11 -0.10 0.85 54118.00
-6.00 9.13 7.66 -0.48 0.06 0.54 54149.00
-5.35 9.38 7.96 -0.79 0.38 0.26 54179.00
-4.70 6.73 5.67 -0.54 0.49 0.32 54210.00
-4.04 1.43 1.79 -0.09 0.38 0.49 54240.00
-3.48 -3.99 -2.89 0.74 0.31 1.03 54270.00
-1.93 -8.79 -8.48 2.11 0.18 1.44 54301.00
-1.77 -12.65 -11.76 2.81 -0.18 2.10 54332.00
-3.12 -12.68 -11.18 2.22 -0.41 1.63 54363.00
-5.60 -10.91 -8.98 1.25 -0.26 0.86 54393.00
-8.26 -5.97 -7.15 0.82 -0.26 0.60 54424.00
-9.20 -1.85 -4.99 0.47 -0.32 0.58 54455.00
-7.87 -0.81 -2.10 0.07 -0.26 0.75 54486.00
-6.75 -1.33 1.35 -0.02 -0.00 0.89 54516.00
-6.46 -1.52 4.06 -0.10 0.23 1.06 54547.00
-5.86 -2.07 5.64 -0.23 0.35 1.20 54577.00
-4.75 -2.98 6.42 -0.42 0.52 1.34 54607.00
-3.66 -4.33 5.85 -0.47 0.71 1.42 54638.00
-3.67 -4.68 2.91 -0.34 0.67 1.26 54669.00
-4.12 -3.84 -1.65 -0.18 0.41 0.74 54699.00
-4.53 -4.29 -7.00 0.22 0.24 0.39 54729.00
-5.08 -5.34 -13.04 0.84 0.16 0.35 54760.00
-3.24 -10.83 -18.59 1.86 -0.02 0.72 54791.00
-1.48 -17.03 -21.77 2.88 -0.16 1.52 54822.00
-3.78 -18.16 -21.65 2.26 -0.46 1.42 54853.00
-7.22 -14.26 -19.36 1.34 -0.51 1.08 54884.00
-8.47 -8.14 -16.25 1.47 -0.37 0.68 54915.00
-6.21 -2.33 -12.34 1.19 -0.17 0.36 54945.00
-2.37 2.61 -7.90 0.74 0.09 0.53 54976.00
-3.19 5.70 -3.48 0.18 0.29 0.68 55007.00
-6.17 7.63 -0.07 -0.04 0.17 0.90 55037.00
-7.01 8.88 3.43 -0.19 0.10 0.96 55067.00
-6.21 9.84 6.97 -0.43 0.31 0.84 55098.00
-5.66 9.89 8.75 -0.54 0.44 0.83 55129.00
-6.36 9.18 9.16 -0.36 0.30 0.96 55158.00
-6.55 8.12 9.14 -0.25 0.07 1.11 55189.00
-5.39 7.16 9.21 -0.10 0.05 1.13 55220.00
-4.20 6.16 9.14 0.05 0.11 1.20 55250.00
-3.74 5.41 8.49 0.27 0.07 1.30 55281.00
-3.56 5.29 7.92 0.36 -0.06 1.29 55311.00
-3.46 5.69 7.77 0.35 -0.05 1.23 55342.00
-3.72 6.27 7.69 0.32 -0.02 1.21 55372.00
-3.89 7.06 7.62 0.29 -0.04 1.23 55403.00
-3.83 7.91 7.69 0.25 0.02 1.29 55434.00
-3.85 8.78 7.72 0.22 0.04 1.41 55464.00
-3.64 10.25 7.60 0.27 0.09 1.48 55495.00
-3.54 12.34 7.04 0.34 0.08 1.55 55525.00
-3.08 15.09 6.23 0.41 -0.03 1.69 55556.00
-2.20 18.52 5.64 0.51 -0.09 1.70 55586.00
-1.72 23.58 5.24 0.48 -0.12 1.54 55617.00
-1.80 29.85 5.14 0.37 -0.13 1.26 55648.00
-2.01 36.31 5.59 0.20 -0.11 0.99 55678.00
-2.59 43.23 6.46 0.01 -0.04 0.80 55709.00
-3.65 49.65 7.31 -0.11 -0.05 0.65 55739.00
-4.24 56.33 8.36 -0.26 -0.08 0.47 55770.00
-4.48 62.48 9.55 -0.40 -0.06 0.30 55800.00
-4.10 67.81 10.78 -0.52 -0.02 0.18 55831.00
-3.69 71.18 11.89 -0.62 -0.02 0.22 55863.00
-2.93 73.72 13.39 -0.68 0.06 0.20 55894.00
-2.98 75.52 14.69 -0.71 0.13 0.24 55924.00
-3.06 76.97 15.84 -0.82 0.14 0.27 55955.00
-2.68 77.99 16.89 -0.82 0.18 0.27 55986.00
-2.17 78.35 17.55 -0.89 0.25 0.27 56017.00
-1.91 78.08 17.91 -0.95 0.30 0.32 56048.00
-1.80 77.47 17.96 -0.99 0.33 0.31 56079.00
-1.43 76.77 17.76 -1.10 0.35 0.21 56110.00
-0.79 76.05 17.50 -1.30 0.45 -0.06 56140.00
-0.09 74.57 16.26 -1.24 0.49 -0.16 56171.00
1.20 71.39 14.35 -1.10 0.38 -0.16 56203.00
3.36 66.39 12.60 -0.81 0.33 0.09 56233.00
5.37 58.13 10.83 -0.46 0.36 0.56 56264.00
5.23 50.25 8.66 0.31 0.24 1.35 56295.00
5.23 44.83 5.94 1.32 -0.10 2.47 56325.00
5.16 40.83 5.39 1.90 -0.42 2.62 56355.00
4.63 43.36 7.90 0.59 -0.24 1.72 56386.00
3.78 48.20 9.49 -0.14 -0.04 1.15 56417.00
2.72 52.74 10.57 -0.44 0.04 0.78 56446.00
1.27 56.72 11.84 -0.75 0.02 0.64 56477.00
0.56 60.28 13.75 -1.08 0.01 0.56 56509.00
1.11 63.21 15.95 -1.22 0.14 0.46 56540.00
2.82 65.81 18.40 -1.31 0.42 0.15 56570.00
4.22 67.67 20.56 -1.52 0.83 -0.23 56601.00
3.95 68.16 20.35 -1.52 0.97 -0.40 56632.00
3.08 66.70 18.23 -1.45 0.70 -0.20 56663.00
3.42 63.34 15.59 -1.16 0.43 -0.05 56693.00
5.20 57.88 12.55 -0.78 0.29 0.24 56725.00
7.42 51.27 9.80 -0.39 0.24 0.60 56755.00
8.41 45.66 7.03 0.26 0.25 1.20 56785.00
9.16 40.06 2.75 1.30 0.00 2.10 56816.00
10.07 35.85 0.97 2.16 -0.41 2.42 56847.00
8.98 38.00 4.49 0.82 -0.16 1.59 56878.00
6.75 43.15 6.25 -0.07 -0.01 0.96 56907.00
4.45 46.91 6.83 -0.37 -0.11 0.80 56938.00
3.23 50.04 8.50 -0.51 -0.14 0.66 56969.00
2.46 52.04 10.66 -0.76 -0.09 0.67 56999.00
2.19 52.76 13.18 -0.89 -0.01 0.75 57030.00
2.19 53.04 15.90 -0.81 0.17 0.76 57061.00
1.83 53.41 18.25 -0.67 0.30 0.78 57092.00
1.89 53.80 19.91 -0.69 0.40 0.76 57122.00
2.19 54.23 20.95 -0.74 0.47 0.71 57152.00
1.62 54.39 21.31 -0.74 0.48 0.73 57183.00
0.53 54.18 21.15 -0.71 0.37 0.74 57213.00
-0.51 53.91 20.69 -0.71 0.23 0.78 57243.00
-0.82 53.21 20.27 -0.67 0.19 0.81 57274.00
-1.02 52.40 19.74 -0.63 0.18 0.82 57305.00
-1.38 51.29 19.16 -0.59 0.13 0.89 57335.00
-1.70 49.90 18.75 -0.59 0.11 0.92 57366.00
-2.16 48.53 18.36 -0.52 0.06 0.98 57397.00
-2.17 47.24 18.11 -0.49 0.04 1.00 57427.00
-2.24 46.40 17.94 -0.46 0.08 0.87 57457.00
-2.88 45.62 17.77 -0.47 0.09 0.71 57488.00
-3.59 44.13 17.69 -0.52 0.15 0.55 57519.00
-4.66 41.72 17.29 -0.44 0.18 0.45 57549.00
-5.43 39.03 16.36 -0.42 0.11 0.33 57580.00
-4.58 35.36 15.36 -0.41 0.15 0.19 57611.00
-3.95 29.66 14.32 -0.22 0.21 0.21 57641.00
-5.72 21.19 12.96 -0.01 0.20 0.33 57672.00
-8.06 13.24 11.12 0.33 0.06 0.51 57703.00
-8.79 6.16 9.39 0.61 -0.02 0.76 57733.00
-9.47 -1.30 7.84 0.94 0.04 0.92 57763.00
-11.94 -8.34 5.73 1.27 -0.02 1.28 57794.00
-14.32 -14.94 2.71 1.52 -0.34 1.59 57825.00
-15.93 -19.93 0.65 1.53 -0.59 1.86 57856.00
-16.29 -22.26 -0.25 1.46 -0.69 1.94 57886.00
-15.00 -22.54 -0.32 1.18 -0.60 1.72 57917.00
-13.33 -21.43 0.46 0.99 -0.39 1.45 57947.00
-11.85 -20.51 1.57 0.68 -0.18 1.43 57977.00
-10.51 -19.62 2.99 0.62 0.04 1.37 58008.00
-10.22 -18.03 4.30 0.47 0.25 1.26 58039.00
-10.29 -16.12 4.88 0.34 0.29 1.22 58070.00
0.92 -23.03 -24.48 3.13 -0.51 1.48 58346.00
2.17 -23.54 -23.76 2.11 -0.51 0.99 58377.00
0.52 -20.02 -20.18 1.50 -0.18 0.65 58407.00
-3.75 -15.19 -16.20 1.67 0.05 0.50 58438.00
-6.16 -10.70 -12.56 1.38 0.02 0.47 58470.00
-4.54 -6.56 -8.31 0.65 -0.03 0.60 58501.00
-2.34 -4.36 -3.19 -0.10 0.31 0.54 58530.00
-2.66 -4.89 1.97 -0.41 0.80 0.72 58561.00
-4.67 -6.61 3.74 -0.62 0.91 1.00 58592.00
-5.23 -8.89 3.81 -0.84 0.59 1.25 58622.00
-3.68 -10.67 4.13 -1.09 0.74 1.00 58652.00
-2.66 -13.24 2.83 -0.81 1.11 0.89 58683.00
-2.63 -16.00 -1.77 -0.34 0.98 0.75 58714.00
-2.45 -19.07 -7.90 0.25 0.75 0.50 58744.00
-2.84 -20.99 -15.41 1.24 0.76 0.65 58775.00
-2.22 -26.57 -23.08 2.65 0.54 0.99 58806.00
0.45 -29.91 -26.96 3.05 0.50 1.06 58836.00
-1.38 -32.45 -29.85 2.02 0.26 1.11 58868.00
-8.09 -32.18 -30.92 1.31 -0.44 1.10 58899.00
-12.86 -29.02 -27.10 1.12 -0.44 1.06 58930.00
-12.81 -25.14 -22.57 1.67 -0.06 0.95 58960.00
-8.49 -20.56 -18.76 1.62 0.23 0.78 58991.00
-4.42 -15.95 -14.99 1.23 0.45 0.86 59022.00
-4.30 -10.97 -11.51 1.08 0.57 1.02 59053.00
-5.71 -5.82 -8.81 0.98 0.39 1.03 59083.00
-5.61 -0.75 -5.80 0.76 0.21 1.06 59113.00
-3.69 4.86 -2.93 0.61 0.22 0.94 59144.00
-0.56 11.84 -0.15 0.03 0.39 0.56 59174.00
0.32 17.65 2.42 -0.45 0.69 0.18 59205.00
-2.56 21.19 3.26 -0.51 0.58 0.39 59235.00
-5.45 23.87 4.07 -0.56 0.32 0.45 59266.00
-6.09 25.82 4.84 -0.63 0.21 0.43 59296.00
-5.35 25.95 5.88 -0.56 0.40 0.52 59327.00
-6.10 25.42 6.02 -0.46 0.36 0.65 59358.00
-6.50 23.76 6.01 -0.34 0.23 0.86 59388.00
-6.49 22.06 5.89 -0.16 0.20 1.02 59419.00
-6.03 20.38 5.55 -0.02 0.17 1.20 59449.00
-5.27 19.48 5.33 0.06 0.20 1.26 59480.00
-4.97 19.13 5.15 0.06 0.26 1.33 59510.00
-4.83 19.42 4.87 -0.01 0.31 1.40 59541.00
-4.62 20.25 4.37 -0.04 0.36 1.51 59572.00
-4.22 21.76 3.55 -0.02 0.33 1.64 59602.00
-3.72 24.42 2.08 0.14 0.27 1.83 59633.00
-3.23 28.79 0.12 0.36 0.09 1.79 59664.00
-2.89 34.71 -1.18 0.41 -0.04 1.55 59695.00
-3.53 41.82 -1.39 0.24 -0.01 1.02 59725.00
-5.63 50.40 -1.03 -0.06 0.00 0.42 59756.00
-6.93 60.06 0.08 -0.40 -0.01 0.02 59787.00
-6.14 64.77 1.70 -0.69 0.05 -0.05 59817.00
-5.66 67.57 3.46 -0.77 0.26 -0.11 59848.00
-7.24 69.88 4.68 -0.74 0.29 -0.01 59879.00
-8.45 69.66 5.54 -0.72 0.16 0.26 59910.00
-9.13 67.77 6.48 -0.61 0.17 0.50 59940.00
-10.29 65.61 7.38 -0.49 0.16 0.75 59971.00
-11.20 64.80 8.33 -0.54 0.15 0.75 60002.00
-12.33 64.03 9.28 -0.59 0.26 0.73 60033.00
-14.08 63.37 9.67 -0.65 0.21 0.74 60063.00
-15.36 62.53 10.20 -0.71 0.17 0.74 60093.00
-17.16 61.43 10.59 -0.66 0.21 0.77 60124.00
-19.36 60.30 10.64 -0.63 0.10 0.83 60154.00
-21.01 59.04 10.85 -0.65 0.07 0.88 60185.00
-22.82 57.77 11.13 -0.62 0.10 0.96 60216.00
-25.03 56.78 11.34 -0.60 0.07 1.02 60247.00
-26.85 56.23 11.57 -0.59 0.00 1.04 60277.00
-28.11 56.09 12.04 -0.64 0.02 1.00 60308.00
-29.08 55.92 12.59 -0.66 0.03 1.01 60339.00
-29.71 55.79 13.33 -0.66 0.06 1.01 60369.00
-30.45 55.90 13.95 -0.63 0.06 0.98 60399.00
-30.59 56.29 14.57 -0.63 0.02 0.98 60430.00
-30.42 56.83 15.13 -0.61 0.07 0.91 60461.00
-30.37 57.54 15.59 -0.64 0.06 0.86 60491.00
-30.25 58.20 16.01 -0.64 0.08 0.81 60522.00
-30.16 58.85 16.28 -0.69 0.05 0.77 60553.00
-29.82 59.07 16.61 -0.72 0.09 0.76 60582.00
-29.90 59.07 16.80 -0.72 0.11 0.78 60613.00
-30.11 58.95 16.80 -0.72 0.04 0.80 60644.00
-29.95 58.76 16.85 -0.71 0.01 0.81 60675.00
-29.70 58.51 16.95 -0.70 0.01 0.82 60705.00
-29.57 58.12 17.23 -0.69 0.03 0.84 60736.00
-29.68 57.73 17.50 -0.66 0.02 0.87 60767.00
-29.51 57.49 17.89 -0.65 0.02 0.86 60797.00
-29.40 57.18 18.31 -0.63 0.07 0.88 60827.00
-29.34 57.01 18.75 -0.63 0.07 0.88 60858.00
-29.30 56.85 19.16 -0.62 0.09 0.88 60889.00
-29.21 56.65 19.54 -0.62 0.11 0.89 60919.00
-29.18 56.49 19.86 -0.62 0.11 0.88 60950.00
-29.12 56.46 20.20 -0.63 0.12 0.85 60981.00
-29.31 56.15 20.48 -0.62 0.11 0.88 61011.00
-29.29 55.93 20.76 -0.61 0.13 0.90 61041.00
-29.36 55.83 20.95 -0.61 0.12 0.89 61072.00
-29.39 55.75 21.13 -0.62 0.12 0.88 61103.00
-29.33 55.68 21.36 -0.61 0.11 0.86 61133.00
-29.63 55.60 21.80 -0.64 0.17 0.89 61164.00
-30.43 55.56 22.18 -0.57 0.18 0.86 61195.00
-32.00 55.76 22.47 -0.57 0.17 0.85 61225.00
