-15.45 -99.57 20.65 -0.50 0.15 0.27 823.00
-16.82 -104.55 21.26 -0.51 0.14 0.34 854.00
-18.11 -109.87 21.99 -0.55 0.13 0.40 884.00
-19.30 -115.83 23.19 -0.59 0.19 0.44 916.00
-20.55 -121.78 24.18 -0.61 0.21 0.49 947.00
-21.49 -128.03 25.19 -0.67 0.24 0.53 977.00
-22.37 -134.98 26.41 -0.71 0.29 0.60 1008.00
-23.41 -142.05 27.58 -0.68 0.33 0.67 1039.00
-24.39 -148.22 28.57 -0.68 0.33 0.67 1069.00
-25.39 -153.81 29.44 -0.69 0.31 0.59 1099.00
-26.67 -160.06 30.42 -0.73 0.29 0.66 1130.00
-27.16 -167.73 31.41 -0.73 0.29 0.79 1161.00
-27.27 -175.78 32.43 -0.60 0.37 0.87 1191.00
-28.51 -183.43 33.40 -0.48 0.43 0.99 1222.00
-30.11 -189.96 33.89 -0.45 0.36 1.04 1253.00
-30.82 -195.91 34.36 -0.52 0.37 1.01 1284.00
-31.22 -201.58 34.88 -0.58 0.51 1.01 1314.00
-32.19 -207.73 35.05 -0.62 0.63 1.22 1344.00
-33.72 -214.55 34.47 -0.60 0.55 1.58 1375.00
-34.80 -220.61 33.73 -0.45 0.38 1.75 1405.00
-35.55 -224.35 33.41 -0.42 0.35 1.47 1436.00
-36.73 -226.35 32.81 -0.45 0.29 1.30 1467.00
-37.37 -227.37 32.13 -0.52 0.19 1.00 1498.00
-37.74 -227.42 31.61 -0.61 0.21 0.55 1528.00
-38.22 -227.25 31.39 -0.75 0.28 0.02 1559.00
-38.79 -228.62 31.17 -1.18 0.38 -0.76 1590.00
-36.10 -233.25 30.88 -1.77 0.57 -1.22 1620.00
-33.46 -242.48 29.50 -1.33 0.70 -0.71 1652.00
-32.18 -253.99 26.93 -0.95 0.53 -0.15 1683.00
-33.51 -268.23 24.02 -0.29 0.32 0.73 1713.00
-34.21 -279.48 19.88 0.71 -0.20 1.90 1743.00
-31.78 -287.78 16.74 1.47 -0.53 2.35 1774.00
-30.00 -291.67 17.44 0.94 -0.29 1.76 1805.00
-30.63 -292.08 19.05 0.22 0.09 1.06 1836.00
-34.74 -291.34 19.64 -0.18 0.11 0.62 1866.00
-39.19 -290.39 20.07 -0.59 -0.06 0.36 1897.00
-42.07 -290.88 21.92 -1.07 -0.08 0.12 1928.00
-43.14 -293.26 24.34 -1.30 0.06 -0.03 1959.00
-42.94 -297.16 26.84 -1.51 0.31 -0.29 1990.00
-43.12 -301.81 29.21 -1.57 0.59 -0.62 2021.00
-44.60 -308.09 30.00 -1.52 0.68 -0.49 2052.00
-45.43 -315.82 29.59 -1.48 0.53 -0.39 2082.00
-45.08 -325.94 28.93 -1.31 0.50 -0.19 2114.00
-44.88 -336.58 28.07 -1.12 0.54 -0.09 2145.00
-45.70 -347.84 26.23 -0.87 0.46 0.16 2176.00
-46.88 -359.49 23.57 -0.53 0.24 0.55 2206.00
-46.54 -370.84 20.98 -0.27 0.11 0.71 2237.00
-46.31 -381.21 18.71 -0.01 0.08 1.01 2268.00
-46.00 -390.32 16.66 0.29 -0.01 1.22 2298.00
-45.91 -399.55 15.10 0.54 -0.09 1.52 2328.00
-46.61 -408.09 14.42 0.68 -0.19 1.76 2359.00
-48.16 -413.79 14.92 0.38 -0.24 1.59 2390.00
-50.58 -417.30 16.16 -0.10 -0.19 1.34 2420.00
-52.97 -420.54 17.43 -0.24 -0.20 1.20 2451.00
-53.97 -423.68 18.78 -0.27 -0.22 1.11 2482.00
-54.15 -426.64 20.58 -0.32 -0.12 1.03 2512.00
-54.97 -429.53 22.58 -0.43 -0.07 0.92 2543.00
-56.01 -432.46 24.99 -0.48 -0.04 0.88 2573.00
-57.32 -435.34 27.86 -0.48 0.03 0.78 2604.00
-58.70 -438.07 30.60 -0.55 0.05 0.70 2634.00
-59.70 -440.72 33.71 -0.58 0.09 0.54 2665.00
-61.04 -443.82 36.99 -0.59 0.22 0.48 2696.00
-63.29 -447.15 39.62 -0.56 0.19 0.41 2726.00
-65.72 -451.19 42.32 -0.66 0.15 0.38 2757.00
-67.97 -456.02 45.64 -0.75 0.26 0.22 2788.00
-71.88 -461.87 48.62 -0.87 0.37 0.17 2819.00
-75.97 -469.25 51.21 -1.04 0.44 0.17 2849.00
-80.69 -477.79 53.65 -1.04 0.48 -0.01 2881.00
-86.20 -487.10 55.01 -0.98 0.64 0.03 2912.00
-91.37 -497.50 53.63 -0.69 0.49 0.19 2942.00
-94.26 -509.95 51.07 -0.57 0.31 0.36 2973.00
-94.43 -522.92 48.79 -0.40 0.42 0.22 3004.00
-97.05 -537.02 45.61 -0.06 0.42 0.29 3035.00
-101.95 -550.47 41.44 0.25 0.26 0.55 3065.00
-106.27 -563.48 36.92 0.54 0.03 0.90 3095.00
-109.52 -576.64 32.40 0.97 -0.32 1.43 3126.00
-111.78 -589.32 29.37 1.41 -0.51 1.60 3156.00
-114.35 -600.26 26.47 1.37 -0.62 1.81 3187.00
-114.87 -610.09 23.92 1.25 -0.78 1.77 3218.00
-115.00 -618.72 22.88 1.09 -0.56 1.54 3249.00
-116.43 -625.95 22.17 1.11 -0.53 1.59 3279.00
-116.80 -632.16 21.81 1.07 -0.67 1.47 3309.00
-116.48 -637.74 22.29 0.93 -0.46 1.27 3340.00
-116.96 -642.95 22.94 0.76 -0.26 1.30 3371.00
-118.04 -647.58 23.26 0.72 -0.28 1.19 3401.00
-118.52 -651.84 23.82 0.61 -0.22 1.13 3432.00
-118.81 -655.75 24.43 0.41 -0.05 1.14 3463.00
-118.88 -659.84 24.72 0.13 0.10 1.16 3493.00
-118.10 -664.24 24.66 -0.17 0.28 1.02 3524.00
-116.99 -669.00 24.05 -0.52 0.54 0.81 3555.00
-116.42 -675.53 21.23 -0.21 0.61 0.66 3586.00
-117.20 -682.11 17.08 0.27 0.41 0.48 3616.00
-118.40 -689.84 11.94 0.95 0.30 0.45 3647.00
-119.65 -701.44 5.30 2.23 0.01 0.84 3678.00
-120.22 -712.65 1.01 3.32 -0.45 1.19 3708.00
-123.63 -718.61 1.37 2.05 -0.65 0.81 3740.00
-126.59 -720.95 4.07 1.27 -0.53 0.65 3771.00
-128.30 -722.07 7.67 1.34 -0.32 0.48 3802.00
-127.66 -723.69 11.40 1.06 -0.18 0.37 3832.00
-125.40 -726.07 15.12 0.72 -0.04 0.57 3863.00
-124.14 -729.54 19.29 0.24 0.21 0.65 3894.00
-125.08 -733.87 23.16 -0.06 0.41 0.73 3924.00
-127.19 -739.33 25.83 -0.33 0.48 0.86 3955.00
-128.77 -746.11 27.06 -0.50 0.49 1.08 3986.00
-128.85 -753.74 27.37 -0.56 0.54 1.13 4017.00
-128.73 -760.92 26.80 -0.53 0.72 1.08 4046.00
-129.88 -768.38 24.55 -0.44 0.80 0.87 4077.00
-132.72 -776.36 20.72 0.00 0.68 0.70 4108.00
-137.28 -783.81 14.71 0.85 0.45 0.55 4139.00
-140.68 -792.50 7.67 1.85 0.07 0.63 4169.00
-141.91 -802.70 3.15 2.83 -0.22 0.83 4201.00
-142.85 -810.64 2.02 2.36 -0.37 0.95 4232.00
-143.91 -816.14 2.38 1.47 -0.46 0.99 4262.00
-144.59 -818.84 4.51 1.10 -0.36 0.65 4293.00
-144.30 -820.59 7.56 0.97 -0.19 0.37 4324.00
-142.79 -823.15 10.47 0.82 0.01 0.39 4356.00
-141.40 -826.78 12.84 0.61 0.14 0.50 4386.00
-141.25 -831.78 14.92 0.44 0.17 0.59 4417.00
-142.13 -837.39 16.69 0.40 0.11 0.60 4448.00
-142.44 -842.88 18.32 0.39 0.08 0.61 4477.00
-142.23 -850.01 19.88 0.39 0.15 0.63 4508.00
-142.56 -857.75 20.85 0.45 0.18 0.77 4539.00
-143.25 -865.94 21.53 0.53 0.16 0.92 4570.00
-143.63 -873.96 22.12 0.68 0.18 1.17 4600.00
-144.03 -882.04 22.67 0.88 0.22 1.47 4631.00
-144.31 -889.28 23.03 1.12 0.22 1.79 4662.00
-206.00 -1314.26 46.26 1.13 0.06 1.52 7003.00
-222.63 -1425.16 46.09 0.99 0.01 0.33 7619.00
-275.60 -1701.70 95.31 -1.12 0.23 0.45 9593.00
-277.02 -1705.48 97.87 -1.27 0.38 0.28 9624.00
-278.66 -1710.44 99.99 -1.37 0.45 0.19 9656.00
-279.59 -1715.94 101.24 -1.37 0.51 0.12 9687.00
-280.04 -1722.55 101.36 -1.39 0.53 0.04 9717.00
-280.15 -1731.19 100.72 -1.36 0.53 0.06 9749.00
-280.41 -1741.10 99.55 -1.18 0.53 0.21 9780.00
-280.97 -1752.08 97.31 -0.71 0.39 0.48 9810.00
-281.26 -1764.44 94.07 -0.21 0.19 0.82 9841.00
-280.07 -1775.46 90.30 0.45 0.00 1.27 9872.00
-277.92 -1785.79 87.55 1.36 -0.09 1.85 9903.00
-277.03 -1793.55 87.95 1.83 -0.02 1.93 9933.00
-289.64 -1802.11 103.86 -1.03 0.33 0.51 10119.00
-291.63 -1805.14 106.16 -1.13 0.34 0.46 10149.00
-293.40 -1808.86 108.58 -1.27 0.35 0.36 10181.00
-294.39 -1813.19 110.34 -1.22 0.40 0.29 10212.00
-295.07 -1818.88 111.42 -1.14 0.40 0.34 10244.00
-298.36 -1847.26 112.57 -0.57 0.18 0.82 10368.00
-298.91 -1854.03 112.45 -0.50 0.17 0.86 10398.00
-299.56 -1860.71 112.27 -0.46 0.14 0.88 10429.00
-300.35 -1866.88 112.23 -0.48 0.13 0.83 10460.00
-301.40 -1872.71 112.30 -0.50 0.14 0.74 10490.00
-302.60 -1878.62 112.47 -0.52 0.17 0.61 10521.00
-304.19 -1884.81 112.54 -0.56 0.19 0.50 10552.00
-305.89 -1892.10 112.33 -0.58 0.15 0.47 10584.00
-307.03 -1899.73 112.13 -0.56 0.15 0.44 10614.00
-308.81 -1907.91 111.63 -0.51 0.14 0.39 10645.00
-310.39 -1917.40 110.96 -0.48 0.09 0.42 10677.00
-311.46 -1927.08 110.28 -0.41 0.13 0.39 10707.00
-313.58 -1937.86 109.03 -0.28 0.05 0.46 10738.00
-315.02 -1949.70 107.69 -0.17 -0.03 0.51 10769.00
-315.92 -1962.23 106.83 0.03 0.01 0.57 10800.00
-317.60 -1974.52 105.60 0.27 -0.01 0.68 10830.00
-319.03 -1987.29 104.03 0.53 -0.08 0.89 10861.00
-319.78 -2000.23 102.97 0.83 -0.08 0.98 10892.00
-321.08 -2012.71 102.04 1.02 -0.06 1.28 10923.00
-322.29 -2024.23 100.59 1.34 -0.13 1.34 10953.00
-322.98 -2034.92 99.69 1.42 -0.21 1.51 10984.00
-323.43 -2044.25 99.38 1.38 -0.20 1.56 11015.00
-324.05 -2052.19 99.47 1.17 -0.17 1.52 11045.00
-325.09 -2059.57 99.88 1.00 -0.20 1.45 11076.00
-325.66 -2066.20 100.59 0.92 -0.24 1.36 11107.00
-325.33 -2072.36 101.80 0.81 -0.13 1.27 11138.00
-330.75 -2140.57 89.41 2.27 -0.18 0.89 11479.00
-330.95 -2145.31 90.36 1.91 -0.17 0.83 11509.00
-337.25 -2191.81 113.97 -0.26 0.81 0.92 11819.00
-339.99 -2199.22 110.33 0.17 0.58 0.67 11849.00
-343.58 -2207.33 104.95 0.77 0.37 0.54 11881.00
-345.95 -2216.19 99.51 1.54 0.16 0.56 11912.00
-352.22 -2262.00 112.09 0.74 0.14 1.06 12222.00
-353.11 -2265.24 114.38 0.82 0.10 1.09 12253.00
-353.44 -2268.12 116.69 0.74 0.14 1.10 12283.00
-354.31 -2270.67 118.94 0.50 0.16 0.95 12314.00
-356.00 -2272.97 121.20 0.06 0.16 0.71 12345.00
-361.28 -2308.57 129.44 0.35 0.05 1.30 12561.00
-361.78 -2313.43 129.67 0.30 0.06 1.36 12593.00
-362.88 -2317.79 129.56 0.31 0.01 1.50 12623.00
-363.60 -2321.75 129.65 0.28 -0.08 1.69 12654.00
-364.73 -2326.20 130.25 0.22 -0.07 2.59 12685.00
-365.28 -2328.83 130.94 0.34 -0.09 1.97 12716.00
-364.91 -2328.02 131.89 0.58 -0.15 1.24 12809.00
-364.57 -2326.36 132.29 0.46 -0.08 0.99 12839.00
-365.06 -2324.66 132.93 0.34 -0.07 0.75 12870.00
-364.98 -2321.77 133.85 0.27 -0.08 0.20 12901.00
-366.43 -2321.42 135.15 0.12 -0.06 0.36 12932.00
-366.66 -2320.90 136.55 -0.06 -0.02 0.34 12962.00
-366.46 -2320.88 138.20 -0.21 0.06 0.21 12993.00
-367.69 -2322.16 139.88 -0.40 0.16 0.09 13025.00
-376.35 -2406.36 147.21 -0.68 0.37 0.35 13430.00
-376.29 -2420.15 145.47 -0.23 0.34 0.67 13461.00
-388.32 -2484.77 154.71 -1.36 0.53 0.06 13863.00
-388.82 -2495.05 153.23 -1.04 0.48 0.24 13895.00
-389.69 -2505.60 151.13 -0.74 0.34 0.40 13926.00
-390.33 -2516.81 148.50 -0.36 0.21 0.55 13957.00
-408.27 -2615.07 166.00 -0.50 0.11 0.87 14515.00
-408.94 -2622.94 165.45 -0.35 0.07 0.98 14545.00
-409.23 -2630.23 165.04 -0.27 0.05 0.98 14576.00
-409.69 -2636.84 164.93 -0.30 0.11 0.88 14607.00
-410.97 -2643.22 164.98 -0.35 0.16 0.74 14638.00
-412.80 -2649.75 164.89 -0.33 0.13 0.67 14668.00
-414.47 -2657.13 164.67 -0.37 0.09 0.65 14699.00
-416.85 -2673.35 164.16 -0.35 0.11 0.66 14761.00
-418.76 -2682.35 163.89 -0.28 0.09 0.66 14792.00
-420.64 -2691.79 163.37 -0.20 0.01 0.72 14823.00
-422.17 -2701.29 162.72 -0.12 -0.05 0.65 14854.00
-423.35 -2711.27 162.22 -0.06 -0.07 0.69 14884.00
-424.66 -2722.17 161.91 0.10 -0.04 0.71 14915.00
-426.19 -2732.89 161.34 0.15 -0.07 0.75 14946.00
-427.05 -2744.44 160.77 0.27 -0.06 0.78 14977.00
-427.92 -2755.43 159.91 0.49 -0.05 0.77 15007.00
-428.36 -2766.97 159.17 0.60 -0.03 0.89 15039.00
-428.63 -2778.51 158.60 0.81 0.04 0.93 15070.00
-443.37 -2918.57 161.23 0.62 0.03 0.69 15781.00
-443.04 -2923.44 165.26 0.42 0.26 0.78 15812.00
-444.37 -2928.90 168.83 0.19 0.44 0.98 15843.00
-445.58 -2936.16 171.51 -0.06 0.52 1.26 15874.00
-458.77 -2975.87 159.73 1.32 0.15 0.40 16059.00
-463.73 -3020.84 169.75 1.22 0.05 1.32 16369.00
-463.55 -3020.91 172.05 1.30 0.00 1.28 16400.00
-470.90 -3017.84 186.80 -0.24 0.01 0.65 16555.00
-470.89 -3020.25 189.36 -0.32 0.07 0.66 16585.00
-470.94 -3023.29 191.70 -0.37 0.18 0.63 16616.00
-472.06 -3027.33 193.36 -0.34 0.17 0.66 16647.00
-473.00 -3031.92 194.61 -0.36 0.08 0.72 16677.00
-473.53 -3037.19 195.79 -0.42 0.12 0.74 16708.00
-474.34 -3043.20 196.63 -0.49 0.16 0.79 16740.00
-475.06 -3049.81 196.99 -0.50 0.16 0.92 16771.00
-475.33 -3057.26 196.96 -0.43 0.18 1.23 16801.00
-475.23 -3065.76 196.76 -0.38 0.19 1.64 16832.00
-474.67 -3072.10 196.38 -0.07 0.14 1.94 16863.00
-474.46 -3076.35 195.39 0.08 0.06 2.00 16893.00
-474.12 -3078.98 194.19 0.14 -0.00 1.83 16924.00
-473.67 -3080.53 193.04 0.24 -0.08 1.59 16956.00
-473.66 -3080.97 192.37 0.24 -0.11 1.34 16987.00
-474.16 -3080.49 192.28 0.11 -0.14 1.04 17017.00
-475.18 -3079.58 192.84 -0.02 -0.12 0.72 17048.00
-475.71 -3077.62 193.86 -0.18 -0.08 0.44 17079.00
-476.72 -3078.17 195.33 -0.35 -0.03 0.37 17111.00
-477.03 -3079.45 196.75 -0.47 0.05 0.25 17141.00
-477.17 -3082.54 197.85 -0.55 0.10 0.29 17172.00
-477.28 -3086.58 198.80 -0.62 0.14 0.29 17204.00
-477.73 -3091.13 199.76 -0.63 0.19 0.34 17234.00
-478.81 -3096.37 200.66 -0.66 0.22 0.41 17266.00
-479.92 -3101.73 201.26 -0.73 0.22 0.44 17297.00
-480.59 -3107.40 201.74 -0.86 0.23 0.44 17329.00
-511.83 -3357.44 213.93 -0.68 0.17 0.55 18567.00
-513.04 -3363.25 215.13 -0.66 0.16 0.49 18598.00
-514.23 -3369.39 216.19 -0.69 0.18 0.40 18629.00
-515.49 -3376.95 217.04 -0.76 0.20 0.35 18661.00
-516.79 -3386.08 217.70 -0.69 0.22 0.36 18692.00
-518.39 -3396.00 218.15 -0.59 0.21 0.37 18722.00
-520.19 -3407.93 218.47 -0.44 0.21 0.42 18754.00
-521.93 -3421.23 218.38 -0.23 0.24 0.52 18785.00
-524.30 -3435.11 217.34 0.08 0.20 0.66 18816.00
-526.20 -3448.34 215.78 0.33 0.07 0.85 18846.00
-527.36 -3461.72 214.88 0.61 0.04 0.91 18877.00
-528.97 -3474.40 214.11 0.85 0.10 1.03 18908.00
-531.14 -3486.22 212.58 1.20 0.04 1.12 18938.00
-533.16 -3497.44 210.60 1.42 -0.12 1.24 18969.00
-534.17 -3507.84 209.57 1.45 -0.16 1.31 19000.00
-535.14 -3517.46 208.98 1.48 -0.14 1.33 19032.00
-536.17 -3525.41 208.79 1.40 -0.15 1.38 19062.00
-548.80 -3601.07 206.16 1.30 0.03 0.42 19494.00
-549.95 -3608.73 203.43 1.84 -0.14 0.62 19526.00
-550.43 -3615.28 202.83 1.90 -0.26 0.82 19557.00
-551.29 -3620.31 203.98 1.30 -0.24 0.72 19589.00
-552.71 -3623.65 206.44 1.22 -0.16 0.61 19619.00
-554.28 -3626.49 209.52 1.19 -0.06 0.49 19651.00
-553.75 -3629.35 212.46 0.87 0.01 0.51 19682.00
-552.52 -3633.39 215.35 0.40 0.09 0.71 19713.00
-552.06 -3638.84 218.22 -0.06 0.21 0.93 19743.00
-552.41 -3646.14 221.42 -0.22 0.33 1.19 19774.00
-552.91 -3653.83 223.68 -0.14 0.49 1.43 19806.00
-553.41 -3661.10 224.53 -0.06 0.65 1.42 19836.00
-555.19 -3667.46 223.17 0.13 0.56 1.29 19867.00
-557.45 -3673.52 220.52 0.43 0.37 1.10 19898.00
-559.14 -3678.51 217.90 0.65 0.20 0.50 19929.00
-561.77 -3682.78 215.36 0.94 0.11 0.44 19959.00
-564.61 -3688.90 211.73 1.37 -0.07 0.36 19991.00
-565.56 -3696.39 209.17 1.62 -0.35 0.51 20022.00
-564.65 -3768.85 229.25 0.72 0.15 1.47 20486.00
-564.37 -3770.49 229.30 0.68 0.18 1.38 20517.00
-564.40 -3771.33 229.06 0.67 0.17 1.30 20548.00
-564.17 -3771.31 228.84 0.57 0.12 1.18 20579.00
-563.92 -3771.03 228.84 0.49 0.16 1.10 20610.00
-564.20 -3770.53 228.84 0.42 0.18 1.08 20640.00
-564.75 -3769.99 228.85 0.31 0.16 1.08 20671.00
-566.59 -3769.52 229.20 0.04 0.17 0.90 20733.00
-568.26 -3770.81 230.06 -0.06 0.20 0.94 20764.00
-570.42 -3772.20 230.88 -0.12 0.15 0.89 20795.00
-572.29 -3773.02 231.73 -0.27 0.08 0.73 20826.00
-573.25 -3773.53 232.82 -0.43 0.08 0.54 20856.00
-573.52 -3774.80 234.11 -0.55 0.13 0.43 20887.00
-573.37 -3777.72 235.34 -0.63 0.18 0.38 20919.00
-573.75 -3781.90 236.54 -0.62 0.25 0.43 20950.00
-575.24 -3786.52 237.56 -0.58 0.25 0.56 20980.00
-576.78 -3791.47 238.45 -0.57 0.20 0.65 21012.00
-577.65 -3795.94 239.31 -0.60 0.23 0.64 21043.00
-578.50 -3800.08 239.91 -0.68 0.28 0.59 21073.00
-579.34 -3804.59 240.37 -0.82 0.29 0.53 21104.00
-580.00 -3809.58 240.75 -0.95 0.31 0.43 21136.00
-580.33 -3814.66 241.38 -1.18 0.40 0.29 21167.00
-580.81 -3820.89 241.53 -1.39 0.52 -0.06 21198.00
-581.71 -3829.16 240.78 -1.21 0.46 0.12 21229.00
-582.08 -3839.68 239.52 -0.95 0.36 0.34 21261.00
-582.58 -3851.20 237.71 -0.49 0.26 0.68 21292.00
-582.89 -3862.20 235.12 0.10 0.09 1.16 21322.00
-581.31 -3871.84 232.73 0.85 -0.03 1.73 21353.00
-580.19 -3879.41 232.65 1.61 -0.05 2.05 21384.00
-581.62 -3881.49 234.83 0.95 0.09 1.66 21414.00
-586.35 -3881.59 236.81 0.04 0.09 1.00 21446.00
-589.70 -3881.83 238.85 -0.47 -0.05 0.75 21477.00
-591.26 -3883.03 242.27 -0.91 0.08 0.49 21508.00
-592.16 -3885.63 245.26 -1.19 0.35 0.38 21538.00
-592.79 -3889.61 247.48 -1.37 0.52 0.16 21570.00
-593.94 -3894.69 249.14 -1.46 0.62 0.10 21601.00
-595.33 -3900.93 250.00 -1.45 0.65 0.03 21633.00
-596.34 -3907.91 249.69 -1.37 0.60 0.12 21663.00
-596.30 -3915.94 248.31 -1.27 0.51 0.15 21694.00
-595.22 -3925.16 245.96 -1.07 0.44 0.27 21726.00
-593.67 -3934.67 243.13 -0.80 0.33 0.47 21756.00
-591.57 -3945.81 240.01 -0.37 0.20 0.73 21787.00
-589.69 -3958.15 237.47 0.34 0.14 1.27 21819.00
-588.67 -3969.87 236.95 1.33 0.20 1.82 21849.00
-590.23 -3978.75 238.60 1.72 0.18 2.02 21879.00
-593.73 -3982.87 241.14 0.68 0.05 1.62 21911.00
-596.85 -3984.75 243.34 0.33 0.01 1.29 21942.00
-598.27 -3985.02 246.03 0.21 0.12 0.85 21972.00
-599.26 -3984.87 248.78 -0.22 0.26 0.70 22003.00
-600.79 -3986.12 250.61 -0.56 0.23 0.68 22034.00
-602.35 -3988.11 252.65 -0.73 0.24 0.60 22065.00
-603.73 -3990.13 254.93 -1.01 0.30 0.44 22096.00
-604.76 -3992.62 257.12 -1.20 0.44 0.27 22127.00
-606.01 -3996.17 258.89 -1.23 0.54 0.17 22159.00
-607.58 -4001.38 259.93 -1.19 0.48 0.30 22190.00
-608.53 -4008.06 260.80 -1.10 0.40 0.41 22221.00
-609.41 -4015.33 261.47 -0.96 0.41 0.53 22252.00
-610.32 -4022.55 261.70 -0.85 0.37 0.60 22283.00
-610.81 -4029.91 261.72 -0.78 0.36 0.58 22315.00
-611.49 -4036.85 261.38 -0.72 0.35 0.54 22345.00
-612.26 -4044.68 260.89 -0.71 0.32 0.48 22377.00
-613.31 -4052.86 260.32 -0.66 0.30 0.43 22408.00
-614.53 -4061.66 259.54 -0.58 0.23 0.48 22438.00
-615.42 -4071.71 258.87 -0.52 0.21 0.47 22470.00
-616.80 -4082.19 258.41 -0.42 0.21 0.48 22501.00
-618.85 -4093.27 257.84 -0.29 0.18 0.54 22532.00
-620.71 -4104.48 257.00 -0.14 0.14 0.54 22562.00
-622.35 -4116.66 255.98 0.03 0.11 0.70 22593.00
-623.85 -4128.66 254.77 0.22 0.08 0.73 22624.00
-625.21 -4140.34 254.03 0.31 0.07 0.75 22654.00
-627.23 -4152.20 253.22 0.57 0.06 0.84 22685.00
-629.24 -4164.01 251.67 0.82 -0.02 0.92 22716.00
-629.60 -4174.76 250.01 0.91 -0.09 1.00 22747.00
-628.92 -4184.58 248.84 0.96 -0.07 0.96 22777.00
-628.23 -4194.54 248.05 1.02 -0.01 0.97 22808.00
-628.22 -4204.28 247.95 1.06 0.05 1.02 22839.00
-629.22 -4214.02 248.56 1.05 0.09 1.08 22870.00
-630.79 -4222.98 249.25 1.15 0.06 1.22 22900.00
-631.90 -4231.84 250.29 1.12 0.07 1.23 22932.00
-632.91 -4240.02 251.36 1.07 0.12 1.25 22963.00
-633.92 -4247.20 252.12 1.10 0.10 1.31 22993.00
-634.32 -4253.74 252.89 1.07 0.05 1.30 23024.00
-634.44 -4259.24 254.09 1.05 0.13 1.23 23055.00
-634.98 -4264.15 255.26 0.99 0.23 1.17 23086.00
-635.88 -4268.75 256.12 0.83 0.27 1.16 23116.00
-636.88 -4273.57 256.75 0.62 0.31 1.32 23147.00
-637.40 -4278.02 257.42 0.17 0.44 1.24 23179.00
-638.07 -4283.21 257.26 -0.01 0.68 1.11 23209.00
-639.46 -4287.03 254.75 0.32 0.62 0.71 23240.00
-642.29 -4292.44 250.39 0.66 0.34 0.70 23271.00
-644.39 -4299.23 245.08 1.16 0.09 0.47 23303.00
-645.26 -4307.02 241.47 1.88 -0.20 0.55 23333.00
-645.69 -4314.08 240.85 1.92 -0.32 0.66 23365.00
-646.94 -4319.45 242.17 1.23 -0.26 0.61 23396.00
-649.41 -4323.43 244.74 1.16 -0.16 0.46 23427.00
-651.57 -4326.64 247.95 1.28 -0.16 0.44 23458.00
-652.18 -4330.01 251.65 1.15 -0.06 0.41 23489.00
-651.58 -4333.95 255.16 0.89 -0.01 0.52 23521.00
-649.82 -4337.52 259.38 0.38 0.14 0.66 23552.00
-648.92 -4343.19 263.57 0.03 0.44 0.82 23582.00
-649.63 -4350.08 266.10 -0.12 0.61 1.08 23613.00
-650.32 -4357.65 267.12 -0.24 0.53 1.36 23644.00
-650.04 -4365.34 267.85 -0.26 0.69 1.46 23674.00
-651.60 -4373.18 267.05 -0.06 0.91 1.22 23706.00
-654.64 -4379.66 263.99 -0.01 0.76 0.75 23737.00
-659.19 -4386.23 259.23 0.55 0.57 0.35 23768.00
-662.82 -4393.84 252.70 1.48 0.31 0.26 23798.00
-662.50 -4403.90 246.78 2.61 -0.07 0.72 23830.00
-660.04 -4412.23 245.62 2.35 -0.18 0.73 23861.00
-660.29 -4418.77 246.66 1.54 -0.18 0.96 23892.00
-662.84 -4422.68 249.10 1.28 -0.11 0.84 23923.00
-665.71 -4424.46 252.68 1.39 0.07 0.64 23954.00
-666.23 -4425.89 255.30 1.51 0.17 0.57 23986.00
-664.46 -4428.10 256.98 1.20 0.07 0.67 24016.00
-662.42 -4430.56 259.75 1.08 0.13 0.79 24047.00
-662.67 -4432.65 263.49 0.90 0.25 0.87 24078.00
-663.92 -4434.37 266.94 0.65 0.26 0.82 24110.00
-664.42 -4435.62 270.34 0.25 0.30 0.74 24140.00
-664.72 -4438.37 272.70 -0.18 0.33 0.65 24171.00
-666.30 -4443.75 274.14 -0.12 0.17 0.81 24202.00
-667.36 -4449.10 275.62 -0.08 0.07 0.86 24232.00
-667.74 -4455.18 277.10 0.07 0.08 0.96 24263.00
-667.82 -4461.11 278.32 0.18 0.08 1.03 24294.00
-667.77 -4467.45 279.90 0.21 0.17 1.04 24326.00
-668.79 -4473.41 281.11 0.29 0.25 1.09 24356.00
-670.12 -4479.55 281.84 0.35 0.22 1.12 24387.00
-671.07 -4485.26 282.17 0.39 0.20 1.24 24418.00
-671.91 -4490.97 282.24 0.47 0.21 1.41 24450.00
-672.95 -4495.76 282.17 0.59 0.20 1.65 24480.00
-674.06 -4499.68 282.11 0.70 0.21 1.77 24511.00
-675.66 -4502.17 281.72 0.76 0.19 1.82 24542.00
-677.13 -4503.07 280.96 0.74 0.03 1.72 24572.00
-677.88 -4502.87 280.26 0.74 -0.08 1.56 24603.00
-678.29 -4501.86 279.85 0.73 -0.12 1.43 24634.00
-678.83 -4500.16 279.82 0.61 -0.13 1.21 24665.00
-679.82 -4498.52 280.23 0.51 -0.11 1.04 24695.00
-681.17 -4496.36 280.95 0.36 -0.15 0.80 24727.00
-682.38 -4494.43 282.25 0.12 -0.13 0.58 24758.00
-683.78 -4492.58 283.77 -0.06 -0.10 0.40 24788.00
-684.31 -4490.75 285.64 -0.26 -0.07 0.27 24819.00
-684.80 -4489.98 287.93 -0.44 -0.03 0.01 24851.00
-685.08 -4492.85 290.38 -0.57 0.05 0.13 24882.00
-684.93 -4496.98 292.66 -0.70 0.15 0.18 24913.00
-685.35 -4501.64 294.54 -0.67 0.25 0.25 24944.00
-686.31 -4506.33 295.88 -0.74 0.24 0.34 24976.00
-686.40 -4510.80 296.99 -0.86 0.27 0.28 25007.00
-686.11 -4515.36 297.90 -1.04 0.37 0.12 25037.00
-686.14 -4520.96 298.73 -1.32 0.50 -0.13 25069.00
-686.85 -4527.65 299.27 -1.55 0.58 -0.36 25101.00
-687.65 -4536.11 298.95 -1.52 0.59 -0.24 25132.00
-688.09 -4545.56 297.65 -1.11 0.41 0.06 25162.00
-687.05 -4557.36 296.29 -0.72 0.26 0.38 25194.00
-684.78 -4570.06 295.61 -0.27 0.31 0.63 25225.00
-685.09 -4581.66 294.78 0.34 0.34 1.31 25255.00
-687.60 -4593.14 293.61 1.24 0.21 2.18 25286.00
-690.16 -4601.95 292.26 1.81 -0.20 2.29 25317.00
-691.73 -4604.71 293.59 0.81 -0.28 1.63 25348.00
-692.43 -4603.79 295.26 -0.06 -0.05 0.89 25379.00
-693.94 -4603.95 295.98 -0.25 0.03 0.83 25410.00
-694.82 -4603.26 296.82 -0.62 0.04 0.52 25441.00
-695.31 -4603.52 298.57 -1.04 0.11 0.15 25472.00
-695.90 -4605.99 300.89 -1.37 0.29 0.07 25503.00
-697.29 -4609.50 303.53 -1.45 0.48 -0.15 25534.00
-699.78 -4614.10 305.45 -1.51 0.57 -0.22 25566.00
-701.52 -4620.30 305.92 -1.48 0.49 -0.10 25596.00
-701.36 -4628.74 305.63 -1.43 0.50 -0.06 25628.00
-701.09 -4638.24 304.81 -1.31 0.56 0.02 25659.00
-701.89 -4648.85 303.35 -1.13 0.53 0.13 25691.00
-702.86 -4659.88 301.08 -0.79 0.38 0.40 25721.00
-702.73 -4672.31 298.13 -0.39 0.24 0.67 25752.00
-701.70 -4684.51 295.12 0.11 0.21 1.09 25783.00
-701.13 -4695.06 292.07 0.84 0.20 2.08 25814.00
-700.71 -4705.03 289.48 1.85 0.15 2.05 25844.00
-702.62 -4710.99 289.66 1.65 -0.02 1.93 25875.00
-707.12 -4712.96 292.64 0.60 -0.03 1.50 25907.00
-711.79 -4713.30 294.72 0.33 -0.15 1.08 25937.00
-714.26 -4711.84 297.29 0.09 -0.18 0.85 25968.00
-714.79 -4710.47 300.63 -0.52 -0.11 0.47 25999.00
-713.95 -4711.99 304.61 -0.83 0.20 0.47 26031.00
-715.53 -4713.42 307.67 -0.84 0.43 0.41 26061.00
-717.25 -4715.24 310.01 -1.09 0.40 0.29 26092.00
-718.85 -4717.14 312.90 -1.21 0.46 0.08 26124.00
-720.36 -4719.80 314.87 -1.30 0.49 -0.06 26155.00
-721.32 -4724.18 315.78 -1.33 0.39 0.02 26186.00
-721.72 -4730.14 316.59 -1.30 0.41 0.10 26217.00
-722.93 -4737.11 316.87 -1.15 0.40 0.28 26249.00
-724.09 -4744.11 316.50 -1.00 0.30 0.42 26279.00
-724.79 -4751.66 315.81 -0.88 0.22 0.47 26311.00
-725.34 -4759.12 315.08 -0.79 0.17 0.50 26342.00
-726.15 -4766.84 314.55 -0.74 0.14 0.49 26374.00
-727.10 -4774.14 314.30 -0.70 0.16 0.44 26404.00
-728.42 -4782.30 313.89 -0.65 0.16 0.40 26436.00
-729.88 -4790.64 313.25 -0.61 0.13 0.40 26467.00
-731.33 -4799.45 312.40 -0.62 0.10 0.36 26498.00
-732.80 -4809.07 311.39 -0.58 0.04 0.42 26529.00
-733.64 -4819.18 310.77 -0.53 0.05 0.42 26560.00
-735.11 -4829.77 310.14 -0.43 0.09 0.39 26591.00
-737.31 -4841.22 309.10 -0.29 0.03 0.44 26621.00
-739.15 -4853.78 307.68 -0.11 -0.08 0.46 26652.00
-740.03 -4867.04 306.72 0.05 -0.11 0.51 26684.00
-741.17 -4880.82 306.46 0.29 -0.02 0.61 26715.00
-743.95 -4893.95 305.51 0.74 -0.05 0.79 26745.00
-746.94 -4906.67 303.45 1.12 -0.26 0.98 26776.00
-748.47 -4918.84 301.96 1.15 -0.46 1.24 26807.00
-748.67 -4930.02 301.40 1.16 -0.43 1.26 26838.00
-749.19 -4940.50 301.41 1.12 -0.34 1.34 26869.00
-749.88 -4950.35 301.66 1.12 -0.39 1.45 26900.00
-749.67 -4959.49 302.58 1.08 -0.40 1.49 26931.00
-748.81 -4967.47 304.04 0.98 -0.26 1.48 26961.00
-747.88 -4975.03 305.97 0.89 -0.01 1.40 26992.00
-747.69 -4981.87 307.21 0.82 0.16 1.40 27023.00
-747.76 -4988.13 307.90 0.75 0.26 1.34 27054.00
-748.24 -4993.50 307.75 0.64 0.31 1.26 27084.00
-749.07 -4998.48 306.67 0.39 0.28 1.06 27116.00
-749.59 -5003.17 305.24 0.05 0.29 0.83 27147.00
-749.99 -5008.59 303.56 -0.16 0.40 0.57 27177.00
-750.71 -5014.79 300.44 0.18 0.36 0.39 27208.00
-754.30 -5023.74 295.71 0.83 0.21 0.53 27239.00
-755.02 -5032.28 289.82 1.83 0.04 0.47 27271.00
-754.20 -5040.36 286.54 2.83 -0.13 0.95 27302.00
-753.85 -5047.37 286.73 2.49 -0.14 1.00 27333.00
-755.50 -5051.87 288.83 1.78 -0.12 0.77 27364.00
-759.48 -5054.08 291.81 1.33 -0.16 0.57 27396.00
-761.74 -5055.99 295.02 1.31 -0.17 0.27 27426.00
-762.21 -5058.22 298.64 1.00 -0.19 0.42 27458.00
-760.41 -5061.37 302.99 0.45 -0.08 0.56 27489.00
-758.40 -5066.45 308.17 0.00 0.24 0.71 27520.00
-758.45 -5072.92 312.36 -0.11 0.60 0.93 27550.00
-759.81 -5079.99 314.25 -0.12 0.66 1.24 27581.00
-760.15 -5087.14 314.73 -0.19 0.65 1.40 27612.00
-760.81 -5093.70 313.72 0.01 0.76 1.35 27643.00
-763.39 -5099.28 310.63 0.21 0.69 1.17 27674.00
-766.95 -5103.73 305.86 0.68 0.36 0.97 27705.00
-769.52 -5107.70 300.44 1.14 -0.00 0.60 27736.00
-770.98 -5113.50 296.67 1.51 -0.19 0.43 27767.00
-771.25 -5121.54 295.44 1.73 -0.27 0.63 27798.00
-772.09 -5130.14 295.80 1.55 -0.22 0.80 27830.00
-773.57 -5135.90 297.15 1.45 -0.33 0.79 27860.00
-773.84 -5140.34 299.55 0.98 -0.26 0.69 27891.00
-772.88 -5144.24 302.45 1.16 -0.10 0.60 27923.00
-772.08 -5147.89 305.50 1.06 0.08 0.69 27954.00
-772.26 -5151.92 308.52 0.89 0.15 0.88 27984.00
-773.03 -5156.81 312.06 0.73 0.18 1.12 28016.00
-773.75 -5161.45 315.23 0.64 0.21 1.35 28047.00
-774.14 -5165.46 317.65 0.62 0.16 1.53 28078.00
-773.86 -5168.29 319.84 0.55 0.20 1.56 28108.00
-774.12 -5170.35 321.44 0.53 0.26 1.52 28139.00
-774.78 -5171.63 322.34 0.47 0.16 1.45 28170.00
-775.05 -5172.54 323.38 0.35 0.14 1.39 28200.00
-775.63 -5173.62 324.89 0.14 0.19 1.40 28231.00
-776.92 -5175.12 325.94 0.08 0.16 1.45 28263.00
-777.93 -5176.10 326.13 0.23 0.05 1.37 28294.00
-778.10 -5176.40 325.65 0.42 -0.06 1.25 28324.00
-777.28 -5176.28 324.57 0.66 -0.12 1.17 28355.00
-776.02 -5175.51 323.29 0.72 -0.19 1.02 28386.00
-775.11 -5174.14 322.90 0.60 -0.14 0.77 28417.00
-775.82 -5172.49 323.44 0.36 -0.06 0.56 28447.00
-778.59 -5170.38 324.84 0.07 -0.04 0.42 28479.00
-781.39 -5168.98 326.59 -0.16 -0.08 0.33 28510.00
-782.83 -5169.02 328.40 -0.44 -0.12 0.24 28540.00
-782.24 -5169.91 330.59 -0.72 -0.00 0.09 28572.00
-781.61 -5173.11 332.55 -0.81 0.18 0.08 28603.00
-782.29 -5177.13 333.72 -0.75 0.23 0.14 28635.00
-783.33 -5182.04 334.65 -0.77 0.15 0.28 28665.00
-784.10 -5187.89 335.92 -0.73 0.17 0.35 28697.00
-785.21 -5193.78 337.09 -0.69 0.22 0.45 28728.00
-786.71 -5199.70 337.98 -0.72 0.17 0.51 28760.00
-787.52 -5205.11 338.79 -0.77 0.16 0.51 28790.00
-788.14 -5211.02 339.63 -0.86 0.22 0.50 28822.00
-788.78 -5216.94 340.26 -0.97 0.25 0.47 28853.00
-789.31 -5223.00 341.06 -1.14 0.31 0.32 28884.00
-790.04 -5229.50 342.16 -1.41 0.44 0.07 28915.00
-791.20 -5237.65 342.44 -1.33 0.49 0.13 28947.00
-792.51 -5245.76 342.34 -1.28 0.44 0.05 28978.00
-793.75 -5255.48 342.08 -1.13 0.48 0.11 29008.00
-795.44 -5268.08 340.37 -0.61 0.39 0.46 29040.00
-797.11 -5281.47 336.49 0.04 0.10 1.20 29071.00
-795.91 -5293.36 332.67 0.70 -0.16 1.56 29102.00
-794.27 -5302.36 331.48 1.21 -0.17 1.81 29132.00
-794.35 -5309.26 331.64 1.25 -0.13 1.81 29163.00
-796.68 -5312.73 333.42 0.55 -0.09 1.49 29194.00
-800.18 -5314.78 335.44 0.17 -0.15 1.28 29224.00
-802.45 -5316.13 337.96 -0.07 -0.20 1.06 29256.00
-802.74 -5317.05 341.07 -0.32 -0.07 0.84 29287.00
-802.64 -5318.18 344.20 -0.63 0.11 0.78 29318.00
-802.57 -5320.21 347.40 -0.84 0.36 0.58 29348.00
-804.17 -5322.98 350.58 -0.84 0.50 0.52 29380.00
-806.25 -5325.91 352.74 -0.95 0.52 0.47 29411.00
-806.98 -5329.05 354.28 -1.18 0.53 0.29 29442.00
-806.58 -5333.13 355.29 -1.41 0.66 -0.01 29473.00
-806.68 -5338.32 355.02 -1.47 0.70 -0.11 29504.00
-807.66 -5345.60 353.58 -1.41 0.52 -0.01 29536.00
-808.29 -5353.77 352.14 -1.31 0.36 0.09 29566.00
-808.64 -5363.69 350.54 -1.08 0.31 0.22 29598.00
-808.84 -5374.50 348.70 -0.76 0.23 0.42 29629.00
-808.75 -5386.32 346.85 -0.36 0.19 0.62 29660.00
-808.75 -5398.07 345.17 0.01 0.16 0.84 29690.00
-808.93 -5409.75 343.46 0.59 0.16 1.14 29721.00
-809.32 -5419.85 341.47 1.39 -0.03 1.78 29752.00
-809.80 -5426.56 341.13 1.26 -0.21 1.78 29784.00
-810.89 -5429.83 343.09 0.41 -0.08 1.37 29814.00
-813.91 -5432.34 345.07 0.18 0.01 1.18 29845.00
-816.60 -5434.06 346.81 0.05 -0.07 1.06 29876.00
-817.47 -5435.60 348.83 -0.14 -0.08 0.92 29906.00
-817.47 -5437.31 351.25 -0.31 0.01 0.83 29937.00
-817.80 -5438.91 354.00 -0.55 0.14 0.67 29968.00
-819.28 -5441.00 357.07 -0.67 0.20 0.64 30000.00
-820.69 -5443.09 359.99 -0.77 0.27 0.57 30030.00
-821.02 -5445.71 362.81 -0.93 0.40 0.46 30061.00
-821.02 -5449.19 365.42 -1.13 0.57 0.35 30093.00
-821.98 -5453.36 367.49 -1.20 0.68 0.30 30124.00
-824.23 -5458.20 368.71 -1.13 0.60 0.42 30154.00
-826.10 -5463.74 369.26 -1.06 0.46 0.45 30186.00
-826.63 -5469.65 369.25 -0.97 0.39 0.45 30217.00
-826.92 -5476.20 368.95 -0.89 0.37 0.49 30248.00
-827.68 -5483.06 368.44 -0.80 0.33 0.53 30279.00
-828.70 -5490.29 367.84 -0.76 0.25 0.55 30311.00
-829.27 -5497.41 367.40 -0.74 0.23 0.51 30342.00
-829.82 -5504.60 367.02 -0.72 0.28 0.45 30372.00
-830.82 -5512.93 366.52 -0.71 0.31 0.42 30404.00
-832.05 -5521.56 365.89 -0.66 0.30 0.40 30435.00
-833.78 -5531.18 365.14 -0.60 0.29 0.36 30467.00
-835.87 -5540.83 364.33 -0.52 0.27 0.35 30497.00
-838.55 -5551.48 363.15 -0.40 0.23 0.33 30528.00
-841.45 -5562.51 361.51 -0.27 0.17 0.32 30559.00
-844.57 -5574.52 359.27 -0.09 0.09 0.33 30589.00
-847.40 -5587.51 356.17 0.14 -0.03 0.40 30620.00
-848.71 -5600.88 352.76 0.47 -0.14 0.59 30652.00
-848.98 -5613.92 350.36 0.74 -0.14 0.66 30683.00
-849.70 -5626.20 348.28 0.97 -0.15 0.74 30713.00
-850.41 -5638.80 346.02 1.25 -0.23 0.95 30745.00
-850.92 -5650.47 345.30 1.26 -0.22 1.00 30776.00
-851.89 -5661.55 345.10 1.38 -0.14 1.18 30807.00
-853.20 -5671.90 344.55 1.50 -0.20 1.32 30838.00
-853.69 -5681.33 344.61 1.36 -0.26 1.40 30869.00
-854.07 -5689.92 345.41 1.15 -0.15 1.41 30900.00
-854.99 -5697.46 346.42 1.15 -0.11 1.41 30930.00
-856.06 -5704.44 347.40 1.05 -0.15 1.43 30961.00
-856.18 -5710.94 348.53 0.92 -0.14 1.41 30992.00
-855.73 -5717.05 349.86 0.80 0.00 1.42 31023.00
-855.67 -5722.45 351.10 0.67 0.14 1.41 31053.00
-856.64 -5726.73 352.43 0.48 0.27 1.28 31085.00
-858.19 -5727.86 352.70 0.35 0.23 0.81 31116.00
-859.64 -5730.30 352.49 0.22 0.29 0.73 31147.00
-861.32 -5733.97 350.78 0.42 0.29 0.53 31177.00
-863.19 -5738.89 347.06 0.89 -0.01 0.45 31208.00
-863.48 -5746.07 342.65 1.43 -0.38 0.65 31240.00
-862.09 -5754.60 340.68 1.74 -0.47 0.82 31270.00
-861.39 -5762.98 340.75 1.58 -0.34 0.92 31302.00
-862.01 -5769.07 342.05 1.20 -0.32 0.81 31333.00
-862.91 -5773.35 344.76 1.19 -0.32 0.70 31365.00
-862.98 -5776.87 348.24 1.17 -0.17 0.45 31395.00
-862.42 -5780.57 351.78 0.93 0.01 0.50 31426.00
-860.63 -5785.92 355.33 0.58 0.13 0.70 31458.00
-859.57 -5792.71 359.36 0.30 0.33 0.86 31489.00
-860.22 -5799.75 362.89 0.21 0.56 1.12 31519.00
-861.43 -5806.54 364.97 0.16 0.63 1.05 31550.00
-862.40 -5812.96 366.17 0.12 0.67 1.56 31581.00
-863.04 -5817.84 365.88 0.14 0.84 1.51 31611.00
-864.32 -5820.87 363.39 0.13 0.73 1.15 31642.00
-865.76 -5822.79 359.42 0.26 0.54 0.68 31673.00
-868.34 -5826.11 353.44 0.68 0.30 0.27 31705.00
-870.17 -5833.26 347.85 1.23 -0.14 0.15 31735.00
-868.12 -5844.97 345.18 1.84 -0.34 0.56 31767.00
-867.21 -5856.16 344.85 1.76 -0.13 0.98 31798.00
-867.99 -5864.18 345.53 1.82 -0.24 1.10 31828.00
-869.16 -5868.75 347.44 1.40 -0.28 0.87 31860.00
-869.49 -5871.18 350.07 1.13 -0.10 0.64 31891.00
-869.06 -5873.22 353.12 1.20 0.04 0.50 31923.00
-868.54 -5876.48 356.19 0.93 0.18 0.69 31953.00
-868.72 -5881.76 359.27 0.78 0.29 1.01 31984.00
-869.90 -5887.45 362.20 0.81 0.30 1.30 32015.00
-871.38 -5892.49 364.69 0.87 0.21 1.53 32046.00
-871.94 -5895.78 366.87 0.86 0.14 1.59 32076.00
-871.80 -5896.98 368.93 0.85 0.17 1.36 32107.00
-872.13 -5897.16 370.72 0.64 0.19 1.10 32139.00
-872.90 -5897.32 372.27 0.43 0.17 0.87 32169.00
-874.08 -5897.63 373.51 0.21 0.09 0.75 32200.00
-874.69 -5898.15 374.79 0.04 0.02 0.59 32231.00
-875.37 -5900.88 376.04 -0.00 0.02 0.61 32262.00
-875.53 -5904.03 377.04 -0.00 0.04 0.63 32292.00
-875.78 -5908.29 377.96 0.00 0.06 0.72 32323.00
-876.32 -5913.06 378.75 0.03 0.07 0.82 32354.00
-877.21 -5918.43 379.40 0.05 0.06 0.90 32386.00
-877.93 -5923.73 379.93 0.03 0.04 1.06 32416.00
-878.35 -5929.44 380.75 -0.01 0.07 1.27 32447.00
-879.01 -5934.85 381.78 -0.02 0.16 1.63 32478.00
-879.93 -5939.08 382.52 0.07 0.20 1.98 32508.00
-880.80 -5941.38 382.47 0.26 0.20 2.08 32539.00
-881.16 -5941.68 381.37 0.35 0.03 1.80 32571.00
-880.62 -5940.71 380.43 0.30 -0.09 1.49 32602.00
-880.50 -5939.18 380.30 0.12 -0.05 1.07 32632.00
-881.83 -5937.63 380.61 -0.04 -0.03 0.79 32663.00
-884.09 -5936.69 381.22 -0.13 -0.11 0.56 32694.00
-885.07 -5935.70 382.19 -0.25 -0.17 0.40 32726.00
-884.57 -5936.02 383.53 -0.37 -0.13 0.28 32756.00
-883.87 -5937.71 385.00 -0.45 -0.01 0.20 32787.00
-883.93 -5940.62 386.48 -0.54 0.06 0.18 32819.00
-883.90 -5944.03 387.97 -0.64 0.11 0.16 32849.00
-883.95 -5948.66 389.51 -0.71 0.19 0.16 32881.00
-884.30 -5953.72 390.67 -0.70 0.21 0.24 32912.00
-884.52 -5959.31 391.85 -0.78 0.25 0.25 32944.00
-884.68 -5965.03 392.87 -0.91 0.33 0.21 32974.00
-885.19 -5971.40 393.69 -1.07 0.44 0.09 33006.00
-885.90 -5978.10 394.08 -1.25 0.51 -0.20 33037.00
-886.83 -5985.82 394.02 -1.39 0.55 -0.10 33069.00
-887.46 -5994.80 393.13 -1.26 0.54 0.13 33099.00
-887.60 -6005.47 391.29 -0.98 0.41 0.40 33131.00
-886.67 -6015.86 389.49 -0.68 0.28 0.63 33162.00
-885.19 -6026.35 388.01 -0.27 0.31 0.82 33192.00
-884.93 -6037.06 385.52 0.31 0.21 1.20 33223.00
-884.22 -6048.85 383.48 1.08 0.07 1.96 33254.00
-884.57 -6058.03 383.79 1.77 -0.01 2.23 33285.00
-886.51 -6060.70 385.85 0.64 0.06 1.26 33315.00
-890.45 -6061.64 387.32 -0.10 0.05 1.19 33347.00
-892.90 -6061.67 388.12 -0.21 -0.06 0.80 33378.00
-893.57 -6060.87 389.34 -0.60 -0.03 0.35 33409.00
-893.42 -6063.30 390.96 -1.07 0.06 0.46 33439.00
-893.61 -6066.95 393.22 -1.31 0.28 0.30 33471.00
-894.90 -6071.32 395.23 -1.35 0.39 0.17 33502.00
-896.12 -6076.39 396.75 -1.54 0.47 0.01 33533.00
-896.66 -6082.52 397.43 -1.55 0.54 -0.07 33564.00
-896.81 -6090.31 397.04 -1.48 0.56 -0.04 33596.00
-896.82 -6099.43 395.87 -1.30 0.51 0.13 33627.00
-896.39 -6109.88 394.07 -0.95 0.43 0.38 33658.00
-895.40 -6121.08 391.81 -0.55 0.30 0.59 33689.00
-894.07 -6132.47 389.86 -0.07 0.27 0.88 33720.00
-893.82 -6143.52 387.59 0.66 0.22 1.65 33751.00
-893.53 -6154.11 385.64 1.59 0.15 1.64 33781.00
-895.84 -6160.76 386.28 1.40 -0.06 1.77 33813.00
-899.22 -6163.31 388.90 0.41 -0.07 1.52 33844.00
-902.94 -6164.88 391.03 0.16 -0.10 1.24 33874.00
-904.96 -6165.17 393.12 0.04 -0.11 0.92 33905.00
-904.92 -6164.93 395.35 -0.38 -0.02 0.67 33936.00
-904.61 -6166.00 397.61 -0.80 0.10 0.49 33967.00
-905.12 -6168.98 400.43 -0.99 0.28 0.46 33998.00
-907.01 -6172.44 403.47 -1.01 0.41 0.40 34029.00
-909.40 -6176.49 406.37 -1.13 0.46 0.37 34061.00
-911.09 -6181.19 408.48 -1.09 0.45 0.42 34092.00
-911.75 -6186.52 409.72 -1.09 0.43 0.45 34123.00
-911.89 -6192.59 410.72 -1.05 0.46 0.47 34154.00
-912.93 -6199.04 411.41 -0.94 0.47 0.53 34185.00
-914.54 -6205.83 411.63 -0.84 0.35 0.63 34216.00
-915.37 -6212.98 411.81 -0.75 0.27 0.69 34247.00
-916.02 -6220.22 411.96 -0.66 0.28 0.72 34278.00
-916.95 -6227.62 412.08 -0.59 0.27 0.79 34309.00
-918.08 -6234.87 412.15 -0.53 0.25 0.80 34340.00
-919.24 -6241.91 412.11 -0.50 0.23 0.80 34371.00
-920.25 -6248.65 412.01 -0.49 0.24 0.72 34402.00
-921.66 -6255.31 411.72 -0.52 0.28 0.59 34433.00
-923.60 -6262.26 411.09 -0.52 0.23 0.49 34463.00
-925.68 -6270.09 410.34 -0.50 0.14 0.46 34494.00
-927.34 -6278.59 409.75 -0.46 0.11 0.42 34526.00
-928.68 -6287.35 409.10 -0.49 0.11 0.45 34556.00
-929.78 -6297.75 408.43 -0.38 0.13 0.51 34587.00
-931.44 -6308.89 407.56 -0.19 0.10 0.59 34618.00
-932.81 -6320.56 406.87 -0.10 0.08 0.70 34649.00
-934.49 -6332.20 406.49 0.11 0.13 0.71 34679.00
-937.15 -6344.19 405.44 0.33 0.09 0.83 34711.00
-939.86 -6355.52 404.35 0.39 0.02 0.83 34742.00
-942.47 -6366.52 403.08 0.54 -0.03 0.86 34772.00
-945.20 -6377.78 401.06 0.81 -0.14 0.90 34803.00
-947.11 -6389.04 399.05 0.89 -0.23 1.01 34834.00
-948.13 -6400.47 397.33 1.06 -0.25 1.26 34865.00
-948.87 -6411.53 396.03 1.35 -0.26 1.24 34895.00
-949.65 -6420.98 395.14 1.30 -0.26 1.45 34926.00
-950.13 -6429.41 394.84 1.24 -0.32 1.50 34957.00
-950.27 -6436.42 395.33 1.16 -0.29 1.41 34988.00
-950.14 -6442.31 396.21 1.09 -0.28 1.28 35019.00
-949.40 -6447.87 397.74 0.91 -0.15 1.21 35050.00
-948.83 -6453.40 399.46 0.73 0.06 1.25 35081.00
-949.02 -6458.64 400.69 0.61 0.22 1.33 35111.00
-949.52 -6463.58 401.24 0.42 0.28 1.36 35142.00
-949.85 -6467.96 400.86 0.20 0.35 1.18 35173.00
-950.28 -6472.38 399.46 0.05 0.47 1.02 35205.00
-951.59 -6477.09 396.63 0.11 0.44 0.70 35235.00
-953.32 -6482.16 392.29 0.46 0.20 0.38 35266.00
-954.46 -6487.59 388.14 1.05 0.01 0.30 35297.00
-954.03 -6495.59 384.98 1.91 -0.15 0.54 35329.00
-952.96 -6503.34 384.67 2.10 -0.16 0.77 35359.00
-954.32 -6510.05 386.45 1.60 -0.13 0.80 35391.00
-957.51 -6513.76 389.08 1.31 -0.23 0.79 35422.00
-958.45 -6516.19 392.64 1.27 -0.24 0.62 35453.00
-956.83 -6518.20 396.62 1.07 -0.05 0.41 35484.00
-954.90 -6520.61 400.75 0.68 0.16 0.54 35515.00
-955.18 -6524.75 404.62 0.36 0.28 0.69 35546.00
-955.94 -6530.47 408.69 0.04 0.37 0.93 35577.00
-955.89 -6537.43 412.53 -0.13 0.59 1.10 35608.00
-955.87 -6544.69 414.54 -0.20 0.74 1.34 35639.00
-956.13 -6551.71 414.88 -0.26 0.86 1.36 35670.00
-957.56 -6558.01 413.33 -0.15 0.87 1.26 35700.00
-959.87 -6564.21 409.95 0.00 0.67 1.06 35731.00
-962.69 -6569.69 405.26 0.40 0.50 0.96 35762.00
-965.37 -6575.19 399.65 0.92 0.28 0.51 35793.00
-968.61 -6582.68 394.81 1.72 0.15 0.42 35824.00
-971.63 -6590.89 391.74 1.94 -0.15 0.79 35855.00
-973.23 -6599.90 390.29 1.71 -0.43 1.05 35887.00
-973.01 -6606.93 391.18 1.36 -0.47 1.02 35917.00
-972.36 -6611.20 394.12 1.15 -0.19 0.88 35949.00
-971.92 -6613.95 396.84 1.08 0.05 0.70 35980.00
-971.32 -6616.80 399.47 0.94 0.17 0.65 36011.00
-971.24 -6620.43 401.94 0.69 0.16 0.87 36042.00
-971.27 -6625.63 404.53 0.57 0.17 0.97 36073.00
-971.32 -6630.49 407.04 0.72 0.20 1.07 36104.00
-971.54 -6634.77 409.19 0.72 0.21 1.03 36134.00
-972.08 -6638.20 410.63 0.73 0.13 0.93 36165.00
-971.91 -6640.88 411.95 0.58 0.01 0.81 36196.00
-971.03 -6644.02 414.13 0.28 0.12 0.61 36227.00
-972.12 -6648.55 416.12 0.13 0.22 0.63 36258.00
-974.12 -6654.06 417.93 0.12 0.13 0.73 36289.00
-975.48 -6660.45 419.59 0.19 0.07 0.83 36320.00
-975.68 -6666.97 421.23 0.22 0.15 0.92 36350.00
-976.33 -6673.86 422.57 0.28 0.22 0.98 36381.00
-977.35 -6681.02 423.75 0.36 0.23 1.08 36413.00
-978.46 -6687.65 424.46 0.49 0.19 1.19 36444.00
-979.07 -6693.72 424.90 0.56 0.15 1.22 36474.00
-979.37 -6699.64 425.20 0.61 0.16 1.27 36505.00
-979.95 -6705.35 425.54 0.67 0.22 1.37 36536.00
-981.18 -6710.55 425.74 0.69 0.22 1.51 36567.00
-982.59 -6715.10 425.84 0.69 0.16 1.73 36598.00
-983.49 -6719.16 426.28 0.68 0.14 1.73 36629.00
-985.14 -6721.53 426.75 0.80 0.19 2.04 36660.00
-986.74 -6722.56 426.40 0.88 0.01 1.90 36690.00
-986.75 -6721.61 426.36 0.96 -0.09 1.62 36721.00
-986.59 -6719.95 426.35 0.90 0.01 1.27 36752.00
-987.27 -6718.14 426.14 0.75 -0.06 1.05 36783.00
-988.04 -6716.48 426.42 0.61 -0.15 0.83 36814.00
-988.84 -6714.67 427.09 0.48 -0.17 0.66 36845.00
-990.25 -6712.62 428.16 0.30 -0.19 0.22 36876.00
-990.09 -6710.54 429.59 0.07 -0.19 0.29 36907.00
-989.01 -6708.69 431.50 -0.19 -0.11 0.23 36937.00
-988.44 -6708.38 434.07 -0.34 0.05 0.12 36969.00
-988.91 -6709.86 436.00 -0.48 0.14 0.17 37000.00
-989.26 -6712.73 437.55 -0.53 0.17 0.12 37031.00
-989.84 -6716.91 438.83 -0.55 0.20 0.15 37062.00
-990.93 -6721.72 440.08 -0.65 0.24 0.19 37094.00
-992.12 -6726.97 441.05 -0.74 0.28 0.23 37125.00
-992.96 -6732.53 441.49 -0.91 0.27 0.18 37156.00
-992.85 -6737.94 442.17 -1.23 0.38 -0.09 37187.00
-993.09 -6744.76 442.59 -1.53 0.54 -0.37 37219.00
-993.87 -6753.25 441.98 -1.51 0.48 -0.24 37250.00
-993.82 -6763.96 441.04 -1.19 0.38 0.02 37281.00
-993.13 -6776.97 439.96 -0.71 0.33 0.44 37312.00
-993.00 -6790.88 438.54 -0.07 0.29 1.24 37343.00
-991.60 -6802.73 436.30 0.77 0.19 1.55 37373.00
-989.16 -6814.13 434.78 1.78 0.13 2.29 37404.00
-989.41 -6820.07 436.84 1.18 0.22 2.01 37435.00
-993.22 -6822.22 439.74 0.39 0.38 1.49 37466.00
-998.50 -6823.62 441.17 0.16 0.23 1.15 37496.00
-1001.78 -6823.39 442.28 -0.18 -0.01 0.74 37528.00
-1002.40 -6823.86 444.53 -0.71 0.05 0.54 37559.00
-1003.78 -6826.08 446.90 -0.99 0.24 0.53 37590.00
-1005.89 -6828.52 449.02 -1.05 0.31 0.47 37621.00
-1007.38 -6831.19 451.64 -1.37 0.40 0.44 37652.00
-1008.13 -6834.74 454.34 -1.71 0.67 -0.20 37684.00
-1008.85 -6840.10 454.97 -1.66 0.68 -0.10 37714.00
-1008.15 -6847.89 455.41 -1.69 0.68 -0.07 37746.00
-1007.36 -6857.67 455.31 -1.35 0.77 -0.03 37777.00
-1007.16 -6869.12 453.59 -0.88 0.62 0.31 37809.00
-1006.54 -6880.96 451.09 -0.44 0.39 0.67 37839.00
-1004.33 -6892.11 449.06 -0.04 0.33 0.86 37870.00
-1002.89 -6901.95 447.23 0.49 0.38 1.08 37901.00
-1002.79 -6912.13 444.50 1.21 0.32 1.56 37932.00
-1003.95 -6921.30 443.39 1.42 0.07 1.80 37962.00
-1006.63 -6926.95 445.09 0.92 0.04 1.53 37993.00
-1011.46 -6930.52 447.49 0.37 0.07 1.31 38025.00
-1015.49 -6932.82 449.17 0.38 -0.04 1.22 38055.00
-1017.58 -6933.66 451.38 0.16 -0.01 0.89 38086.00
-1019.12 -6934.38 453.78 -0.30 0.09 0.74 38117.00
-1020.67 -6936.99 455.67 -0.69 0.11 0.76 38148.00
-1022.19 -6940.15 458.58 -0.86 0.21 0.72 38179.00
-1024.05 -6943.13 461.57 -0.88 0.31 0.63 38210.00
-1024.67 -6946.81 464.14 -1.03 0.41 0.57 38242.00
-1024.56 -6950.70 466.30 -1.11 0.56 0.49 38273.00
-1025.11 -6955.06 467.49 -1.14 0.61 0.46 38303.00
-1026.20 -6960.47 468.28 -1.11 0.50 0.52 38335.00
-1027.14 -6966.32 468.78 -1.01 0.45 0.54 38366.00
-1028.03 -6972.57 468.91 -0.92 0.36 0.58 38397.00
-1028.61 -6979.34 468.96 -0.84 0.30 0.64 38428.00
-1029.20 -6986.67 469.01 -0.74 0.30 0.68 38460.00
-1030.14 -6994.01 468.90 -0.64 0.28 0.73 38491.00
-1031.18 -7000.85 468.58 -0.58 0.22 0.74 38521.00
-1031.90 -7007.76 468.30 -0.57 0.22 0.67 38552.00
-1032.95 -7014.90 467.95 -0.55 0.25 0.62 38583.00
-1034.41 -7022.61 467.45 -0.51 0.22 0.63 38614.00
-1035.82 -7030.52 466.84 -0.47 0.17 0.65 38644.00
-1037.05 -7039.21 466.23 -0.44 0.16 0.65 38676.00
-1038.32 -7047.93 465.67 -0.39 0.19 0.65 38707.00
-1039.95 -7056.77 464.93 -0.33 0.18 0.65 38737.00
-1041.81 -7066.22 463.98 -0.25 0.13 0.63 38768.00
-1043.90 -7076.11 462.89 -0.19 0.08 0.60 38799.00
-1046.05 -7087.08 461.71 -0.05 0.02 0.67 38831.00
-1047.86 -7097.60 460.66 0.11 -0.04 0.69 38861.00
-1049.61 -7108.57 459.73 0.22 -0.09 0.74 38892.00
-1051.30 -7119.87 459.15 0.37 -0.10 0.78 38923.00
-1053.11 -7130.72 458.96 0.42 -0.05 0.75 38953.00
-1055.58 -7141.74 458.15 0.62 -0.06 0.89 38984.00
-1057.33 -7153.22 456.56 0.84 -0.20 0.93 39016.00
-1057.82 -7164.45 455.79 0.87 -0.23 0.92 39047.00
-1058.18 -7174.97 455.53 1.01 -0.12 1.07 39077.00
-1058.95 -7185.59 454.91 1.16 -0.10 1.19 39108.00
-1059.48 -7195.44 454.37 1.27 -0.15 1.50 39139.00
-1059.63 -7204.10 454.47 1.34 -0.13 1.40 39170.00
-1059.81 -7211.39 454.77 1.34 -0.14 1.37 39200.00
-1060.02 -7217.75 455.46 1.22 -0.17 1.28 39231.00
-1060.08 -7223.54 456.87 0.99 -0.12 1.16 39262.00
-1060.33 -7229.17 458.64 0.80 0.01 1.12 39293.00
-1060.71 -7234.77 460.20 0.65 0.16 1.16 39324.00
-1061.13 -7239.98 461.31 0.43 0.29 1.11 39355.00
-1078.35 -7397.49 471.97 0.50 0.31 0.88 40287.00
-1079.55 -7402.99 474.73 0.52 0.30 1.02 40317.00
-1079.99 -7408.56 477.47 0.40 0.31 1.05 40349.00
-1080.33 -7413.97 479.65 0.31 0.38 1.06 40380.00
-1081.36 -7419.54 480.96 0.33 0.36 1.10 40411.00
-1082.25 -7424.74 481.56 0.35 0.23 1.15 40441.00
-1082.39 -7430.48 482.14 0.32 0.18 1.07 40473.00
-1082.33 -7436.26 482.78 0.34 0.29 1.12 40504.00
-1083.05 -7442.26 482.82 0.55 0.31 1.29 40535.00
-1083.65 -7447.94 482.18 0.80 0.21 1.94 40566.00
-1083.37 -7452.75 481.35 0.90 0.16 1.54 40597.00
-1083.66 -7456.16 480.60 0.98 0.18 1.55 40628.00
-1085.04 -7458.33 479.81 0.96 0.16 1.46 40658.00
-1086.69 -7459.89 479.07 0.92 0.06 1.38 40689.00
-1087.83 -7460.79 478.36 0.84 -0.04 1.31 40720.00
-1088.25 -7461.28 478.01 0.77 -0.06 1.21 40751.00
-1088.72 -7461.43 477.92 0.68 -0.04 1.14 40782.00
-1089.32 -7461.47 478.16 0.61 -0.04 1.06 40813.00
-1089.97 -7461.35 478.76 0.52 -0.02 0.96 40844.00
-1090.78 -7461.19 479.46 0.41 -0.01 0.86 40875.00
-1091.40 -7460.79 480.33 0.29 -0.03 0.76 40906.00
-1091.76 -7460.52 481.48 0.13 0.00 0.62 40937.00
-1092.31 -7460.07 482.66 0.01 0.06 0.53 40968.00
-1092.74 -7458.46 483.79 -0.12 0.07 0.14 40998.00
-1093.96 -7459.83 485.07 -0.32 0.07 0.32 41030.00
-1094.87 -7461.40 486.61 -0.50 0.15 0.24 41061.00
-1096.67 -7464.32 487.73 -0.53 0.14 0.27 41093.00
-1097.91 -7468.29 488.74 -0.60 0.11 0.33 41123.00
-1098.79 -7473.32 490.15 -0.73 0.17 0.41 41155.00
-1099.93 -7478.50 491.42 -0.72 0.20 0.49 41186.00
-1100.92 -7484.11 492.51 -0.78 0.18 0.59 41218.00
-1101.32 -7489.62 493.59 -0.84 0.25 0.64 41248.00
-1101.61 -7495.85 494.48 -0.89 0.33 0.69 41280.00
-1102.11 -7501.81 494.98 -0.89 0.35 0.74 41311.00
-1102.58 -7507.62 495.18 -0.90 0.39 0.75 41342.00
-1102.95 -7513.01 494.84 -0.93 0.41 0.66 41373.00
-1102.93 -7517.50 494.17 -1.09 0.45 0.36 41405.00
-1103.00 -7522.86 493.32 -1.47 0.50 0.08 41436.00
-1103.46 -7530.17 491.87 -1.34 0.47 -0.01 41467.00
-1103.31 -7539.07 489.95 -1.12 0.30 0.11 41498.00
-1101.70 -7550.45 488.04 -0.74 0.23 0.34 41530.00
-1099.46 -7563.12 486.58 -0.31 0.29 0.59 41561.00
-1099.29 -7574.84 485.00 0.32 0.35 1.05 41591.00
-1099.46 -7586.88 482.85 1.03 0.27 1.61 41622.00
-1100.65 -7597.87 482.07 1.84 0.10 2.15 41653.00
-1103.94 -7602.84 483.28 1.48 -0.06 1.97 41683.00
-1108.55 -7604.56 484.74 0.39 -0.18 1.44 41714.00
-1111.57 -7605.52 486.41 0.22 -0.25 1.00 41746.00
-1112.91 -7606.00 488.75 -0.08 -0.14 0.79 41777.00
-1113.84 -7607.24 490.98 -0.64 -0.07 0.62 41807.00
-1114.67 -7610.77 493.62 -0.94 -0.04 0.69 41839.00
-1115.02 -7614.46 496.86 -1.10 0.09 0.66 41870.00
-1114.68 -7618.37 500.51 -1.37 0.35 0.44 41902.00
-1114.63 -7622.37 503.80 -1.54 0.67 0.14 41932.00
-1115.40 -7627.81 505.94 -1.70 0.92 -0.05 41963.00
-1117.05 -7634.93 506.36 -1.60 0.89 0.07 41995.00
-1118.62 -7643.74 505.61 -1.41 0.87 0.17 42025.00
-1120.72 -7653.83 502.74 -0.91 0.64 0.43 42057.00
-1121.82 -7664.04 498.25 -0.43 0.25 0.71 42088.00
-1121.16 -7673.79 494.01 0.01 0.03 0.88 42119.00
-1119.99 -7683.09 491.15 0.47 0.02 1.08 42149.00
-1119.39 -7693.16 489.06 1.04 0.01 1.59 42180.00
-1119.93 -7703.00 487.86 1.33 -0.14 2.03 42212.00
-1121.53 -7709.62 488.54 1.10 -0.27 1.74 42243.00
-1124.16 -7713.36 490.25 0.67 -0.32 1.58 42273.00
-1126.27 -7716.06 492.97 0.62 -0.27 1.37 42304.00
-1127.91 -7717.44 496.55 0.62 -0.14 1.13 42335.00
-1129.46 -7718.24 501.35 0.19 0.05 0.84 42366.00
-1132.10 -7719.42 505.53 -0.27 0.13 0.82 42397.00
-1132.83 -7721.35 509.41 -0.73 0.09 0.78 42428.00
-1131.55 -7723.15 514.13 -0.87 0.36 0.58 42459.00
-1130.58 -7725.03 518.87 -1.05 0.75 0.28 42490.00
-1131.43 -7727.87 522.17 -1.23 0.98 0.16 42521.00
-1133.64 -7731.74 523.51 -1.20 0.74 0.33 42552.00
-1134.28 -7737.11 524.45 -1.15 0.55 0.41 42584.00
-1134.35 -7742.73 525.06 -1.00 0.59 0.41 42614.00
-1135.34 -7749.19 524.94 -0.88 0.51 0.52 42646.00
-1136.28 -7755.95 524.40 -0.78 0.38 0.60 42677.00
-1136.93 -7762.65 523.74 -0.70 0.31 0.63 42707.00
-1137.74 -7769.66 523.02 -0.64 0.26 0.66 42738.00
-1138.79 -7777.04 522.37 -0.59 0.22 0.66 42770.00
-1139.94 -7784.44 521.89 -0.55 0.20 0.67 42801.00
-1141.30 -7791.90 521.67 -0.52 0.18 0.70 42831.00
-1142.87 -7799.97 521.83 -0.48 0.18 0.71 42862.00
-1145.06 -7808.14 522.19 -0.44 0.20 0.75 42893.00
-1147.74 -7816.52 522.40 -0.40 0.19 0.78 42924.00
-1150.18 -7824.88 522.12 -0.37 0.13 0.83 42955.00
-1151.80 -7833.00 521.64 -0.35 0.12 0.74 42986.00
-1153.68 -7841.39 521.03 -0.36 0.14 0.70 43017.00
-1155.95 -7850.12 520.16 -0.23 0.10 0.69 43047.00
-1158.59 -7859.22 518.91 -0.18 0.01 0.64 43078.00
-1160.79 -7868.94 517.68 -0.14 -0.06 0.60 43110.00
-1162.62 -7879.27 516.45 -0.01 -0.05 0.55 43141.00
-1165.04 -7889.57 514.98 0.14 -0.09 0.50 43171.00
-1167.27 -7900.60 513.47 0.24 -0.14 0.60 43202.00
-1168.80 -7912.44 511.63 0.49 -0.19 0.73 43233.00
-1169.64 -7924.69 509.80 0.75 -0.22 0.88 43265.00
-1170.44 -7935.88 508.78 0.87 -0.17 0.94 43295.00
-1171.60 -7947.40 507.76 1.02 -0.15 1.71 43326.00
-1172.72 -7958.94 506.96 1.36 -0.18 1.31 43357.00
-1173.69 -7968.42 506.02 1.49 -0.30 1.52 43387.00
-1173.94 -7976.92 505.44 1.29 -0.37 1.53 43418.00
-1173.78 -7984.35 506.26 1.06 -0.24 1.39 43450.00
-1174.82 -7990.95 507.74 0.94 -0.10 1.31 43481.00
-1176.34 -7997.14 509.08 0.75 -0.08 1.41 43511.00
-1176.87 -8003.27 510.26 0.69 0.03 1.45 43542.00
-1176.79 -8008.41 510.24 0.59 0.13 1.43 43573.00
-1176.19 -8012.38 509.20 0.54 0.17 1.38 43604.00
-1175.03 -8015.45 507.95 0.27 0.32 1.17 43635.00
-1174.02 -8017.87 505.22 0.15 0.45 0.76 43666.00
-1173.63 -8021.52 500.63 0.34 0.28 0.65 43697.00
-1174.13 -8026.61 495.89 0.80 0.03 0.45 43728.00
-1174.65 -8034.33 492.77 1.28 -0.16 0.35 43759.00
-1175.85 -8043.78 492.27 1.65 -0.17 0.75 43791.00
-1177.90 -8052.69 492.42 1.96 -0.32 1.11 43822.00
-1179.03 -8058.42 494.24 1.46 -0.39 0.87 43853.00
-1178.94 -8061.80 497.78 1.10 -0.18 0.61 43884.00
-1179.08 -8064.94 501.50 1.22 -0.01 0.38 43916.00
-1179.24 -8068.07 504.98 1.00 0.06 0.46 43947.00
-1179.00 -8072.08 508.76 0.60 0.17 0.59 43977.00
-1179.29 -8077.61 513.08 0.27 0.36 0.78 44008.00
-1180.43 -8085.16 516.98 0.07 0.56 1.03 44040.00
-1181.18 -8094.55 519.29 -0.07 0.71 1.48 44070.00
-1180.37 -8101.60 520.35 -0.04 0.73 1.77 44101.00
-1180.05 -8107.50 520.27 0.02 0.97 1.53 44132.00
-1182.27 -8111.96 517.49 0.09 0.99 1.08 44163.00
-1185.93 -8116.83 512.77 0.41 0.60 0.76 44194.00
-1188.46 -8120.84 506.87 0.88 0.22 0.57 44225.00
-1189.54 -8127.12 501.41 1.39 -0.10 0.37 44256.00
-1188.42 -8135.27 498.77 1.64 -0.32 0.36 44288.00
-1186.89 -8143.68 498.52 1.38 -0.16 0.68 44318.00
-1186.83 -8152.33 498.70 1.69 -0.16 1.09 44350.00
-1187.53 -8157.99 500.87 1.41 -0.14 0.95 44381.00
-1188.43 -8161.48 504.09 1.06 0.01 0.77 44412.00
-1188.86 -8164.13 506.78 1.02 0.20 0.66 44443.00
-1188.74 -8167.01 509.07 0.84 0.24 0.71 44474.00
-1188.50 -8171.32 511.39 0.63 0.29 0.81 44506.00
-1189.57 -8176.13 513.65 0.67 0.37 1.05 44536.00
-1191.38 -8181.03 515.61 0.70 0.35 1.26 44567.00
-1192.77 -8185.49 517.52 0.70 0.31 1.40 44598.00
-1193.85 -8189.90 519.04 0.75 0.29 1.46 44628.00
-1194.69 -8192.65 520.08 0.76 0.26 1.45 44659.00
-1195.41 -8194.71 520.90 0.72 0.21 1.41 44691.00
-1196.18 -8196.20 521.60 0.75 0.22 1.34 44722.00
-1197.14 -8197.05 521.89 0.73 0.15 1.29 44752.00
-1197.79 -8197.46 522.22 0.63 0.07 1.19 44783.00
-1198.30 -8197.63 522.74 0.62 0.09 1.09 44814.00
-1199.31 -8197.45 523.09 0.56 0.07 1.00 44845.00
-1200.41 -8196.96 523.37 0.47 -0.00 0.97 44876.00
-1201.18 -8196.08 524.02 0.37 0.00 0.85 44907.00
-1202.46 -8194.90 524.65 0.28 0.00 0.75 44938.00
-1203.85 -8193.27 525.32 0.15 -0.04 0.61 44968.00
-1204.88 -8192.47 526.26 0.02 -0.05 0.49 44999.00
-1205.60 -8189.81 527.53 -0.22 -0.02 0.40 45031.00
-1206.33 -8188.62 529.05 -0.43 0.02 0.17 45062.00
-1207.36 -8190.04 530.81 -0.58 0.10 0.25 45093.00
-1208.81 -8191.94 532.50 -0.72 0.14 0.18 45124.00
-1210.07 -8195.13 533.95 -0.73 0.12 0.20 45156.00
-1210.62 -8199.13 535.42 -0.88 0.17 0.21 45187.00
-1211.34 -8203.84 536.99 -0.87 0.24 0.24 45218.00
-1212.77 -8209.13 538.26 -0.90 0.24 0.32 45249.00
-1214.08 -8214.95 539.55 -0.94 0.21 0.38 45281.00
-1214.88 -8220.80 540.83 -0.95 0.26 0.39 45312.00
-1215.62 -8226.91 541.77 -0.99 0.29 0.44 45343.00
-1216.14 -8233.24 542.50 -1.00 0.31 0.46 45374.00
-1216.72 -8239.73 543.02 -1.01 0.35 0.42 45406.00
-1217.61 -8245.66 543.42 -1.09 0.41 0.23 45437.00
-1218.58 -8251.43 543.60 -1.32 0.45 -0.04 45468.00
-1219.29 -8258.84 542.88 -1.40 0.43 -0.09 45500.00
-1219.43 -8267.66 541.50 -1.09 0.32 -0.01 45531.00
-1218.42 -8278.43 540.05 -0.82 0.27 0.22 45562.00
-1217.46 -8292.08 538.35 -0.34 0.26 0.68 45593.00
-1216.93 -8305.61 535.89 0.36 0.08 1.28 45624.00
-1215.48 -8317.01 534.86 1.19 -0.08 2.29 45655.00
-1215.32 -8324.30 535.92 1.30 -0.01 2.07 45686.00
-1217.26 -8327.92 538.07 0.55 0.08 1.57 45717.00
-1220.64 -8329.94 539.96 0.13 0.06 1.30 45748.00
-1222.99 -8331.01 542.00 -0.19 0.00 1.01 45778.00
-1224.28 -8331.48 544.94 -0.60 0.12 0.72 45810.00
-1225.93 -8333.32 547.84 -0.79 0.33 0.64 45841.00
-1228.21 -8335.54 550.23 -0.93 0.36 0.56 45872.00
-1229.51 -8338.02 552.94 -1.17 0.44 0.53 45903.00
-1230.35 -8340.59 555.46 -1.28 0.66 0.05 45934.00
-1231.06 -8344.72 556.38 -1.46 0.76 -0.18 45966.00
-1231.11 -8350.51 555.94 -1.56 0.72 -0.27 45997.00
-1230.76 -8358.31 554.99 -1.48 0.73 -0.25 46027.00
-1230.84 -8368.54 553.37 -1.24 0.71 -0.08 46059.00
-1231.11 -8380.24 551.06 -0.85 0.60 0.19 46090.00
-1232.18 -8393.27 547.66 -0.34 0.40 0.72 46120.00
-1233.45 -8405.18 543.47 0.21 0.09 1.36 46152.00
-1234.16 -8415.84 540.16 1.00 -0.15 1.61 46183.00
-1234.66 -8426.16 537.94 2.15 -0.41 2.27 46214.00
-1235.71 -8432.12 539.42 1.54 -0.53 1.88 46244.00
-1237.13 -8433.53 543.37 0.23 -0.22 1.31 46275.00
-1239.68 -8434.25 546.33 0.20 -0.10 1.01 46307.00
-1241.05 -8432.48 549.27 -0.06 -0.10 0.57 46338.00
-1240.57 -8431.67 552.90 -0.64 0.07 0.09 46368.00
-1240.35 -8434.62 556.69 -0.92 0.32 0.38 46400.00
-1240.79 -8438.17 559.84 -0.96 0.47 0.47 46431.00
-1241.63 -8441.66 563.14 -1.05 0.61 0.42 46461.00
-1243.27 -8445.34 566.12 -1.12 0.75 0.32 46493.00
-1245.11 -8449.50 567.70 -1.18 0.76 0.29 46524.00
-1246.22 -8455.19 568.34 -1.21 0.70 0.30 46556.00
-1247.18 -8461.51 568.20 -1.13 0.64 0.40 46586.00
-1248.37 -8468.86 567.26 -1.00 0.48 0.53 46618.00
-1249.04 -8476.26 566.01 -0.88 0.32 0.59 46649.00
-1249.35 -8484.12 564.81 -0.77 0.25 0.61 46681.00
-1249.95 -8491.72 563.77 -0.67 0.19 0.66 46711.00
-1250.60 -8499.36 562.91 -0.63 0.16 0.62 46742.00
-1251.19 -8507.09 562.25 -0.62 0.20 0.56 46773.00
-1252.06 -8515.05 561.50 -0.59 0.25 0.48 46804.00
-1253.34 -8523.63 560.55 -0.55 0.24 0.45 46835.00
-1254.89 -8532.82 559.54 -0.45 0.20 0.42 46866.00
-1257.10 -8542.83 558.47 -0.35 0.15 0.44 46897.00
-1259.54 -8553.51 557.16 -0.23 0.08 0.46 46928.00
-1261.46 -8564.75 555.74 -0.13 0.06 0.46 46959.00
-1263.35 -8576.77 554.37 0.04 0.07 0.44 46990.00
-1266.15 -8588.52 552.60 0.26 0.01 0.53 47021.00
-1268.88 -8599.92 550.43 0.46 -0.10 0.63 47051.00
-1270.55 -8612.15 547.91 0.76 -0.20 0.76 47083.00
-1272.07 -8624.36 545.73 1.08 -0.28 0.85 47114.00
-1273.08 -8635.57 543.75 1.31 -0.38 1.10 47144.00
-1272.56 -8647.24 542.20 1.33 -0.42 1.31 47176.00
-1271.74 -8657.68 542.50 1.28 -0.35 1.41 47207.00
-1272.02 -8667.11 543.99 1.06 -0.22 1.50 47238.00
-1273.38 -8675.62 545.88 1.01 -0.18 1.58 47268.00
-1274.66 -8683.70 547.58 0.92 -0.22 1.68 47299.00
-1274.48 -8690.76 549.45 0.80 -0.18 1.64 47330.00
-1273.48 -8697.32 551.81 0.66 0.07 1.57 47362.00
-1273.28 -8702.84 553.68 0.53 0.33 1.51 47392.00
-1274.46 -8708.00 554.43 0.47 0.44 1.46 47423.00
-1275.70 -8712.24 553.53 0.42 0.29 1.35 47454.00
-1275.76 -8715.80 552.25 0.21 0.27 1.07 47485.00
-1275.61 -8718.23 549.81 0.14 0.23 0.69 47516.00
-1276.64 -8721.80 546.04 0.20 0.06 0.32 47547.00
-1275.76 -8725.91 541.47 0.57 -0.15 0.34 47578.00
-1273.20 -8732.79 537.62 1.25 -0.23 0.43 47609.00
-1269.87 -8743.87 536.43 1.98 -0.09 0.64 47641.00
-1269.42 -8754.72 537.86 2.18 0.05 1.17 47672.00
-1272.22 -8762.06 540.21 1.85 -0.10 1.13 47703.00
-1275.58 -8765.41 543.32 1.39 -0.22 0.91 47734.00
-1277.05 -8766.59 547.05 1.39 -0.12 0.76 47765.00
-1276.34 -8768.35 551.52 1.04 0.10 0.45 47797.00
-1275.40 -8771.59 555.73 0.48 0.29 0.61 47827.00
-1276.77 -8778.31 559.77 0.16 0.41 0.78 47858.00
-1278.55 -8785.57 563.69 -0.01 0.43 0.83 47889.00
-1279.78 -8793.23 567.19 -0.05 0.56 1.36 47921.00
-1279.55 -8799.79 568.92 -0.04 0.73 1.55 47951.00
-1279.07 -8805.01 568.68 -0.05 0.97 1.36 47982.00
-1279.72 -8808.59 564.66 0.07 0.78 1.17 48013.00
-1279.36 -8810.23 558.11 0.36 0.50 0.91 48044.00
-1276.75 -8809.91 551.01 0.76 0.10 0.64 48074.00
-1272.78 -8813.72 544.57 1.03 -0.11 0.25 48106.00
-1270.59 -8823.26 545.32 1.19 0.30 0.60 48137.00
-1275.58 -8836.66 546.47 1.75 0.35 0.92 48168.00
-1281.54 -8847.47 547.04 1.91 -0.37 1.48 48199.00
-1283.10 -8852.50 550.12 1.10 -0.47 1.23 48230.00
-1281.72 -8855.67 553.90 1.06 -0.10 0.82 48262.00
-1280.80 -8857.41 557.38 0.90 0.26 0.70 48292.00
-1281.90 -8861.10 561.03 0.55 0.47 0.83 48323.00
-1284.78 -8866.95 563.80 0.52 0.42 1.15 48354.00
-1287.05 -8873.42 566.61 0.56 0.28 1.29 48385.00
-1288.16 -8878.78 569.44 0.62 0.22 1.72 48416.00
-1288.79 -8881.27 571.69 0.71 0.30 1.68 48447.00
-1289.88 -8881.69 572.78 0.70 0.24 1.59 48478.00
-1290.56 -8880.65 573.33 0.66 0.13 1.39 48508.00
-1290.74 -8878.94 573.85 0.48 0.07 1.23 48539.00
-1291.13 -8877.82 574.50 0.37 0.07 1.14 48570.00
-1292.30 -8876.42 575.29 0.24 0.05 0.96 48602.00
-1293.68 -8875.84 576.36 0.09 0.03 0.97 48632.00
-1295.28 -8875.73 577.26 0.05 -0.04 0.89 48663.00
-1295.78 -8875.56 578.21 -0.09 -0.09 0.84 48694.00
-1295.76 -8876.27 579.26 -0.15 -0.04 0.81 48724.00
-1295.95 -8877.03 580.05 -0.11 -0.02 0.73 48756.00
-1296.19 -8877.63 580.73 -0.19 -0.03 0.62 48787.00
-1296.57 -8878.31 581.66 -0.28 -0.02 0.51 48818.00
-1297.25 -8879.51 582.67 -0.38 0.01 0.48 48848.00
-1298.30 -8880.55 583.86 -0.56 0.04 0.33 48880.00
-1299.41 -8882.66 585.30 -0.71 0.07 0.28 48911.00
-1300.42 -8885.57 586.78 -0.81 0.12 0.26 48943.00
-1301.09 -8888.92 587.93 -0.87 0.12 0.22 48973.00
-1301.18 -8893.77 589.40 -0.89 0.17 0.25 49005.00
-1301.66 -8899.10 590.72 -0.80 0.20 0.31 49036.00
-1302.53 -8905.01 592.09 -0.79 0.20 0.39 49068.00
-1303.43 -8910.83 593.39 -0.76 0.27 0.45 49098.00
-1304.71 -8917.09 594.35 -0.78 0.27 0.52 49130.00
-1305.71 -8923.45 595.14 -0.79 0.27 0.55 49162.00
-1306.72 -8929.12 595.66 -0.82 0.27 0.56 49192.00
-1307.84 -8935.05 596.00 -0.85 0.26 0.54 49224.00
-1308.68 -8940.92 596.07 -0.91 0.23 0.53 49255.00
-1309.05 -8946.98 596.19 -0.97 0.27 0.42 49287.00
-1309.38 -8952.62 596.31 -1.12 0.34 0.30 49317.00
-1309.41 -8958.81 596.31 -1.29 0.47 -0.07 49349.00
-1309.99 -8966.34 595.51 -1.36 0.54 -0.17 49380.00
-1310.50 -8975.78 593.74 -1.15 0.43 -0.08 49412.00
-1310.03 -8986.47 591.67 -0.87 0.33 0.15 49442.00
-1308.72 -9000.50 589.20 -0.43 0.27 0.61 49474.00
-1308.40 -9013.85 586.26 0.30 0.15 1.40 49505.00
-1307.76 -9025.28 583.49 1.25 -0.11 1.72 49536.00
-1307.73 -9034.74 583.06 1.93 -0.31 2.23 49566.00
-1308.68 -9038.34 586.04 0.58 -0.20 1.62 49597.00
-1311.73 -9040.18 588.86 0.07 -0.02 1.31 49629.00
-1314.55 -9041.12 590.84 -0.09 -0.09 1.03 49659.00
-1315.31 -9041.38 593.54 -0.49 -0.04 0.76 49690.00
-1315.17 -9042.90 596.59 -0.91 0.13 0.61 49721.00
-1315.42 -9045.70 599.83 -1.06 0.37 0.53 49753.00
-1316.44 -9048.45 602.59 -1.15 0.50 0.40 49783.00
-1317.49 -9051.46 605.56 -1.34 0.67 0.14 49815.00
-1319.07 -9055.22 607.56 -1.42 0.87 -0.08 49846.00
-1320.95 -9060.83 607.62 -1.44 0.85 -0.17 49878.00
-1322.03 -9068.12 606.19 -1.26 0.68 -0.05 49908.00
-1322.09 -9077.74 603.88 -1.04 0.53 0.03 49940.00
-1321.66 -9088.56 601.04 -0.74 0.43 0.24 49971.00
-1320.92 -9100.95 597.78 -0.37 0.33 0.49 50001.00
-1321.15 -9113.90 593.92 0.13 0.18 1.14 50032.00
-1320.00 -9125.58 590.23 0.69 0.03 1.42 50064.00
-1319.79 -9136.43 588.80 1.19 -0.03 1.81 50095.00
-1321.17 -9144.58 588.58 1.60 -0.18 1.84 50125.00
-1323.86 -9149.30 590.51 0.83 -0.20 1.68 50156.00
-1327.23 -9152.48 592.80 0.37 -0.19 1.45 50187.00
-1329.78 -9154.27 595.11 0.28 -0.20 1.19 50217.00
-1331.28 -9155.37 597.95 0.06 -0.18 0.99 50249.00
-1331.52 -9156.55 601.10 -0.30 -0.10 0.96 50280.00
-1331.26 -9157.84 604.80 -0.64 0.11 0.69 50311.00
-1332.10 -9159.85 608.44 -0.74 0.28 0.63 50341.00
-1333.50 -9162.57 611.85 -0.78 0.35 0.60 50373.00
-1334.09 -9165.53 614.46 -0.87 0.39 0.56 50404.00
-1333.79 -9168.99 616.94 -1.03 0.53 0.41 50435.00
-1334.14 -9173.24 618.65 -1.13 0.65 0.31 50466.00
-1336.00 -9178.11 619.66 -1.12 0.60 0.35 50497.00
-1338.08 -9184.03 620.14 -1.04 0.46 0.42 50529.00
-1339.05 -9190.75 620.21 -0.94 0.36 0.52 50560.00
-1339.31 -9198.01 620.03 -0.84 0.35 0.58 50591.00
-1339.91 -9205.50 619.66 -0.74 0.31 0.64 50622.00
-1340.80 -9213.04 619.28 -0.66 0.26 0.67 50653.00
-1341.69 -9220.25 618.86 -0.61 0.23 0.65 50683.00
-1342.50 -9228.11 618.40 -0.58 0.23 0.61 50715.00
-1343.52 -9236.03 617.88 -0.55 0.25 0.56 50746.00
-1344.92 -9244.29 617.22 -0.51 0.22 0.51 50777.00
-1346.43 -9252.91 616.48 -0.45 0.20 0.48 50807.00
-1347.91 -9262.49 615.59 -0.38 0.18 0.48 50838.00
-1349.32 -9272.88 614.58 -0.28 0.19 0.45 50869.00
-1351.31 -9283.62 613.15 -0.13 0.14 0.47 50899.00
-1353.39 -9295.79 611.20 0.05 0.04 0.54 50931.00
-1354.72 -9308.09 609.60 0.25 0.00 0.60 50962.00
-1356.61 -9320.58 607.89 0.64 -0.05 0.83 50993.00
-1358.49 -9332.57 606.19 0.98 -0.24 0.97 51023.00
-1359.58 -9344.07 605.91 0.94 -0.33 1.09 51054.00
-1360.56 -9355.05 606.68 0.91 -0.15 1.06 51085.00
-1362.66 -9365.14 606.79 1.07 -0.12 1.19 51116.00
-1363.84 -9375.00 606.95 0.99 -0.21 1.24 51147.00
-1364.71 -9384.54 607.79 1.01 -0.13 1.31 51178.00
-1366.37 -9393.22 608.46 1.00 -0.12 1.41 51209.00
-1367.36 -9401.01 609.01 1.01 -0.17 1.48 51239.00
-1367.57 -9408.13 609.61 0.98 -0.17 1.43 51270.00
-1367.87 -9414.45 610.49 0.93 -0.12 1.33 51301.00
-1368.59 -9420.01 611.28 0.82 -0.17 1.28 51332.00
-1368.25 -9425.34 612.47 0.67 -0.09 1.22 51363.00
-1368.04 -9430.37 613.61 0.53 0.14 1.17 51394.00
-1368.67 -9435.06 614.12 0.35 0.29 1.24 51425.00
-1369.34 -9439.22 613.79 0.06 0.40 1.19 51456.00
-1369.18 -9442.13 612.70 -0.14 0.57 0.72 51487.00
-1370.45 -9446.36 609.88 -0.04 0.54 0.62 51518.00
-1372.77 -9451.40 604.69 0.42 0.29 0.40 51549.00
-1375.05 -9457.87 598.53 1.06 -0.02 0.43 51579.00
-1374.87 -9468.47 593.98 2.02 -0.34 0.70 51611.00
-1373.59 -9478.45 594.09 2.04 -0.24 0.97 51642.00
-1374.37 -9486.76 595.72 1.88 -0.23 1.07 51674.00
-1376.44 -9491.37 597.79 1.48 -0.27 0.82 51704.00
-1377.93 -9494.18 600.84 1.02 -0.28 0.50 51736.00
-1377.29 -9497.00 604.46 1.06 -0.22 0.38 51767.00
-1375.44 -9501.06 608.78 0.76 -0.09 0.36 51799.00
-1373.54 -9506.34 613.24 0.49 0.08 0.58 51829.00
-1372.87 -9513.12 617.99 0.38 0.31 0.82 51860.00
-1372.89 -9520.71 622.70 0.17 0.59 1.13 51891.00
-1373.45 -9528.08 626.03 0.15 0.91 1.42 51921.00
-1375.08 -9534.66 626.79 0.10 1.04 1.66 51952.00
-1377.13 -9539.63 625.12 0.17 0.92 1.55 51983.00
-1379.53 -9542.74 621.31 0.33 0.61 1.12 52015.00
-1381.87 -9544.06 616.01 0.60 0.20 0.68 52045.00
-1384.12 -9546.29 609.92 0.88 -0.10 0.09 52076.00
-1385.47 -9554.05 606.14 1.14 -0.48 0.17 52108.00
-1382.78 -9566.73 605.46 1.65 -0.42 0.83 52139.00
-1381.52 -9578.00 606.20 1.94 -0.21 1.19 52170.00
-1381.33 -9583.75 608.18 1.65 -0.26 0.82 52201.00
-1380.66 -9587.04 610.82 0.92 -0.11 0.59 52233.00
-1379.36 -9589.92 613.75 0.91 0.17 0.35 52263.00
-1379.94 -9594.05 616.49 0.76 0.38 0.52 52294.00
-1382.68 -9600.45 618.67 0.68 0.34 0.86 52326.00
-1385.25 -9606.89 620.94 0.75 0.26 1.16 52357.00
-1386.56 -9612.71 622.96 0.74 0.28 1.25 52387.00
-1387.48 -9617.64 624.43 0.84 0.34 1.48 52418.00
-1388.50 -9621.74 625.03 0.81 0.32 1.51 52449.00
-1389.76 -9625.18 625.16 0.80 0.21 1.54 52480.00
-1390.70 -9628.03 625.31 0.80 0.12 1.56 52510.00
-1391.87 -9630.48 625.28 0.88 0.05 1.56 52542.00
-1392.69 -9631.60 625.15 0.92 -0.06 1.44 52573.00
-1393.13 -9632.00 625.29 0.90 -0.08 1.31 52603.00
-1393.89 -9631.78 625.48 0.85 -0.07 1.15 52634.00
-1394.85 -9631.12 625.60 0.73 -0.15 1.06 52665.00
-1395.12 -9630.68 626.23 0.60 -0.16 0.98 52696.00
-1395.39 -9630.36 627.12 0.50 -0.10 0.90 52727.00
-1396.32 -9630.22 628.07 0.43 -0.09 0.86 52758.00
-1397.35 -9629.87 628.84 0.36 -0.16 0.75 52789.00
-1397.55 -9629.36 629.85 0.26 -0.19 0.66 52819.00
-1397.53 -9628.75 631.27 0.14 -0.12 0.49 52850.00
-1398.15 -9626.98 632.89 -0.09 -0.06 0.30 52882.00
-1399.31 -9626.37 634.85 -0.33 -0.00 0.20 52913.00
-1400.92 -9627.42 636.68 -0.59 0.01 0.18 52944.00
-1401.33 -9630.66 638.36 -0.75 0.05 0.16 52975.00
-1401.08 -9636.26 639.95 -0.76 0.15 0.27 53007.00
-1401.81 -9642.65 641.50 -0.75 0.22 0.43 53038.00
-1403.35 -9649.73 642.99 -0.70 0.20 0.64 53069.00
-1405.11 -9656.49 644.39 -0.62 0.19 0.79 53100.00
-1406.10 -9663.33 645.48 -0.60 0.16 0.86 53131.00
-1406.41 -9669.25 646.57 -0.59 0.18 0.98 53161.00
-1406.84 -9674.70 647.70 -0.63 0.27 0.95 53192.00
-1408.08 -9679.70 648.57 -0.69 0.27 0.94 53223.00
-1408.98 -9684.68 649.47 -0.78 0.24 0.87 53255.00
-1409.28 -9689.06 650.19 -0.86 0.27 0.74 53285.00
-1409.14 -9693.49 651.04 -1.09 0.35 0.53 53316.00
-1408.21 -9698.90 652.14 -1.38 0.54 0.25 53348.00
-1407.10 -9705.42 652.45 -1.40 0.75 0.01 53379.00
-1406.83 -9713.37 650.99 -1.13 0.67 0.15 53410.00
-1405.59 -9722.83 648.60 -0.85 0.44 0.29 53441.00
-1403.18 -9734.51 646.42 -0.43 0.38 0.47 53472.00
-1403.06 -9747.80 643.67 0.21 0.35 0.90 53504.00
-1403.00 -9758.73 640.43 1.18 0.13 1.70 53534.00
-1403.41 -9767.83 639.37 2.05 -0.15 2.17 53565.00
-1405.73 -9770.05 642.64 1.06 -0.13 1.51 53596.00
-1409.87 -9770.00 645.83 0.23 0.06 1.16 53626.00
-1413.72 -9770.15 648.29 -0.04 0.01 0.91 53657.00
-1415.81 -9770.46 651.25 -0.40 0.01 0.75 53689.00
-1416.16 -9772.05 654.57 -0.80 0.17 0.57 53720.00
-1416.47 -9774.90 657.64 -0.84 0.37 0.53 53750.00
-1417.30 -9778.30 660.63 -0.99 0.53 0.42 53782.00
-1417.85 -9781.76 663.79 -1.29 0.76 -0.17 53813.00
-1419.02 -9786.31 665.95 -1.36 1.02 0.04 53844.00
-1420.69 -9791.16 666.12 -1.40 1.05 -0.00 53875.00
-1421.21 -9797.95 664.37 -1.55 0.93 -0.35 53907.00
-1420.65 -9806.71 661.94 -1.39 0.81 -0.22 53938.00
-1420.34 -9816.90 658.67 -0.96 0.63 -0.02 53968.00
-1420.41 -9829.97 654.44 -0.49 0.36 0.38 54000.00
-1420.38 -9844.08 650.78 0.02 0.20 0.97 54031.00
-1419.70 -9856.28 647.94 0.64 0.17 1.26 54062.00
-1419.33 -9868.09 645.23 1.52 0.08 1.83 54092.00
-1419.64 -9878.42 643.68 2.31 -0.16 2.28 54123.00
-1421.86 -9882.45 646.70 1.60 -0.18 1.89 54154.00
-1426.18 -9884.11 649.89 0.86 -0.07 1.50 54185.00
-1429.55 -9882.95 652.61 0.40 -0.10 0.87 54216.00
-1431.15 -9881.68 655.83 -0.29 -0.06 0.70 54247.00
-1430.73 -9881.56 659.18 -0.81 0.12 0.50 54278.00
-1431.02 -9883.53 662.43 -0.93 0.33 0.49 54309.00
-1432.01 -9886.30 665.35 -1.00 0.39 0.48 54340.00
-1432.93 -9889.72 668.60 -1.04 0.49 0.46 54372.00
-1434.06 -9893.13 671.39 -1.07 0.60 0.35 54403.00
-1435.28 -9897.16 673.36 -1.15 0.69 0.29 54433.00
-1436.84 -9902.68 674.42 -1.12 0.70 0.34 54465.00
-1438.69 -9908.85 674.39 -1.02 0.54 0.46 54496.00
-1440.21 -9915.83 673.60 -0.89 0.34 0.56 54528.00
-1440.99 -9922.66 672.76 -0.78 0.20 0.63 54558.00
-1441.55 -9930.14 672.13 -0.67 0.16 0.65 54590.00
-1442.38 -9937.62 671.67 -0.58 0.13 0.71 54621.00
-1443.23 -9944.83 671.48 -0.59 0.12 0.72 54651.00
-1443.97 -9952.24 671.53 -0.59 0.17 0.68 54682.00
-1445.16 -9959.80 671.54 -0.55 0.23 0.62 54713.00
-1446.86 -9967.77 671.33 -0.52 0.25 0.59 54744.00
-1448.71 -9976.12 670.75 -0.47 0.23 0.54 54775.00
-1450.74 -9984.90 669.67 -0.40 0.18 0.52 54806.00
-1452.55 -9994.39 668.29 -0.31 0.10 0.52 54837.00
-1454.25 -10004.42 667.00 -0.23 0.08 0.52 54867.00
-1456.59 -10015.16 665.36 -0.08 0.01 0.54 54898.00
-1458.41 -10026.68 663.64 0.04 -0.09 0.61 54930.00
-1459.63 -10038.47 662.51 0.24 -0.09 0.67 54961.00
-1461.12 -10049.63 661.47 0.44 -0.09 0.74 54991.00
-1462.51 -10061.48 660.07 0.52 -0.15 0.85 55023.00
-1463.04 -10073.19 659.02 0.72 -0.18 0.98 55054.00
-1463.70 -10084.56 658.85 0.90 -0.10 1.04 55085.00
-1465.22 -10095.51 658.41 1.01 -0.07 1.27 55115.00
-1466.22 -10106.37 657.71 1.20 -0.15 1.53 55146.00
-1466.97 -10116.12 657.63 1.32 -0.13 1.56 55177.00
-1468.02 -10124.59 657.62 1.34 -0.18 1.64 55208.00
-1468.95 -10131.78 658.00 1.22 -0.26 1.63 55239.00
-1469.57 -10137.93 659.10 1.03 -0.19 1.57 55270.00
-1470.47 -10142.87 660.47 1.00 -0.18 1.42 55301.00
-1471.34 -10146.96 662.13 0.77 -0.13 1.23 55331.00
-1472.13 -10151.01 663.97 0.54 -0.03 1.14 55363.00
-1472.44 -10155.18 665.41 0.36 0.09 1.07 55394.00
-1472.20 -10159.44 666.20 0.18 0.23 1.01 55425.00
-1471.84 -10163.39 666.54 -0.16 0.39 0.87 55456.00
-1471.96 -10167.98 665.99 -0.35 0.54 0.69 55487.00
-1473.38 -10173.52 663.22 -0.04 0.49 0.63 55518.00
-1475.07 -10179.47 658.56 0.33 0.22 0.41 55548.00
-1475.46 -10186.59 652.11 1.07 -0.05 0.64 55580.00
-1473.28 -10197.14 647.24 2.26 -0.32 1.07 55611.00
-1471.37 -10206.61 647.72 2.46 -0.21 1.20 55643.00
-1473.45 -10211.56 650.52 1.78 -0.18 1.05 55673.00
-1478.04 -10214.38 653.72 1.22 -0.24 0.79 55705.00
-1480.70 -10216.68 657.11 1.11 -0.29 0.57 55736.00
-1480.22 -10219.84 661.15 0.79 -0.24 0.54 55768.00
-1478.07 -10224.15 665.42 0.38 -0.04 0.64 55798.00
-1477.51 -10230.13 670.12 0.26 0.19 0.82 55829.00
-1478.34 -10236.21 674.40 0.16 0.35 0.95 55861.00
-1478.86 -10242.15 677.87 -0.03 0.51 1.04 55891.00
-1478.93 -10248.98 680.22 -0.16 0.67 1.15 55922.00
-1479.09 -10256.17 681.04 -0.28 0.87 1.26 55953.00
-1480.09 -10262.95 679.73 -0.23 1.00 1.28 55984.00
-1482.09 -10268.93 676.06 -0.20 0.90 1.04 56015.00
-1484.53 -10274.10 670.19 0.23 0.56 0.53 56046.00
-1488.16 -10279.82 662.86 0.97 0.26 0.45 56077.00
-1489.31 -10289.15 655.88 1.99 -0.11 0.45 56109.00
-1488.13 -10298.05 653.47 2.29 -0.16 0.80 56140.00
-1488.60 -10307.65 651.96 1.85 -0.14 1.10 56171.00
-1489.97 -10315.12 651.37 1.69 -0.34 1.18 56203.00
-1490.93 -10318.60 652.90 1.14 -0.33 0.86 56233.00
-1490.91 -10320.97 655.53 1.10 -0.09 0.60 56265.00
-1490.50 -10323.53 657.44 1.10 0.05 0.59 56296.00
-1489.39 -10327.10 659.61 0.92 0.06 0.72 56327.00
-1488.41 -10331.62 662.43 0.84 0.17 0.91 56358.00
-1488.58 -10336.27 665.22 0.92 0.25 1.00 56389.00
-1489.21 -10340.20 667.76 0.92 0.25 1.05 56420.00
-1489.46 -10343.79 670.27 0.84 0.22 1.02 56451.00
-1489.81 -10347.12 672.72 0.69 0.27 0.99 56481.00
-1490.79 -10351.02 674.84 0.53 0.26 1.03 56513.00
-1491.76 -10354.59 676.67 0.41 0.22 1.01 56544.00
-1492.42 -10357.72 678.27 0.23 0.20 0.97 56574.00
-1492.84 -10361.43 679.99 0.14 0.25 0.97 56606.00
-1493.39 -10365.01 681.31 0.08 0.29 0.94 56637.00
-1494.31 -10369.04 682.21 0.11 0.26 0.99 56668.00
-1494.50 -10372.92 683.02 0.16 0.22 1.01 56698.00
-1494.68 -10377.20 683.64 0.25 0.26 1.06 56730.00
-1495.03 -10381.18 683.97 0.28 0.24 1.10 56761.00
-1495.40 -10384.96 684.18 0.28 0.21 1.11 56792.00
-1496.01 -10388.62 684.34 0.27 0.17 1.12 56823.00
-1496.69 -10392.18 684.66 0.23 0.14 1.17 56854.00
-1497.41 -10395.59 685.15 0.17 0.14 1.21 56885.00
-1498.11 -10398.84 685.83 0.11 0.18 1.24 56916.00
-1498.78 -10401.88 686.49 0.05 0.20 1.26 56947.00
-1498.91 -10404.54 687.22 -0.05 0.23 1.29 56978.00
-1498.65 -10407.30 688.10 -0.15 0.32 1.36 57010.00
-1498.30 -10409.53 688.56 -0.18 0.36 1.37 57040.00
-1497.86 -10411.04 688.64 -0.20 0.34 1.28 57071.00
-1497.39 -10411.79 688.26 -0.22 0.25 1.12 57103.00
-1496.38 -10412.55 687.72 -0.20 0.18 0.96 57134.00
-1495.71 -10413.43 686.98 -0.13 0.08 0.83 57164.00
-1494.58 -10413.48 686.50 -0.15 0.01 0.40 57195.00
-1494.45 -10415.53 686.48 -0.19 -0.02 0.62 57227.00
-1494.47 -10417.05 687.10 -0.28 0.03 0.42 57257.00
-1494.61 -10419.29 688.19 -0.36 0.10 0.38 57288.00
-1494.37 -10423.28 689.95 -0.49 0.23 0.34 57319.00
-1494.15 -10428.54 691.69 -0.51 0.37 0.40 57351.00
-1494.17 -10433.32 692.93 -0.63 0.46 0.45 57381.00
-1494.03 -10438.15 694.07 -0.78 0.57 0.29 57412.00
-1494.09 -10443.38 694.88 -0.96 0.72 0.12 57444.00
-1494.85 -10448.86 694.95 -1.20 0.83 -0.03 57475.00
-1495.90 -10455.46 693.97 -1.34 0.84 -0.21 57506.00
-1496.88 -10463.45 692.08 -1.18 0.70 -0.05 57537.00
-1497.27 -10473.02 689.71 -0.94 0.55 0.13 57569.00
-1496.89 -10484.61 687.25 -0.50 0.47 0.52 57600.00
-1497.54 -10496.02 684.73 0.04 0.42 0.95 57630.00
-1498.33 -10507.32 681.92 0.56 0.30 1.56 57661.00
-1499.06 -10519.62 679.77 1.32 0.05 2.19 57693.00
-1500.05 -10527.38 680.13 1.81 -0.13 2.17 57723.00
-1501.91 -10529.49 682.67 0.84 0.02 1.58 57754.00
-1504.18 -10529.16 684.52 0.18 0.15 1.07 57785.00
-1505.98 -10528.82 686.13 -0.24 0.12 0.67 57817.00
-1506.84 -10529.38 688.41 -0.71 0.12 0.50 57847.00
-1506.56 -10532.02 691.43 -1.07 0.27 0.48 57879.00
-1506.09 -10535.34 694.46 -1.19 0.50 0.35 57910.00
-1506.54 -10539.19 697.15 -1.39 0.74 0.12 57942.00
-1508.45 -10543.25 698.79 -1.46 0.86 -0.08 57972.00
-1510.79 -10548.40 699.06 -1.51 0.75 -0.12 58004.00
-1511.55 -10554.97 698.48 -1.48 0.59 -0.10 58035.00
-1511.28 -10563.39 697.83 -1.38 0.64 -0.23 58066.00
-1511.72 -10573.15 696.51 -1.08 0.64 0.00 58097.00
-1512.31 -10584.62 694.24 -0.69 0.49 0.34 58129.00
-1512.16 -10596.38 691.66 -0.29 0.37 0.69 58160.00
-1510.83 -10606.50 689.67 0.03 0.45 0.83 58190.00
-1511.05 -10616.88 687.16 0.47 0.53 1.09 58221.00
-1512.01 -10627.90 684.13 0.96 0.37 1.55 58252.00
-1514.43 -10638.03 682.79 1.38 0.10 1.99 58283.00
-1517.44 -10644.25 683.68 1.16 -0.16 1.80 58314.00
-1520.63 -10646.86 685.65 0.46 -0.15 1.45 58345.00
-1521.95 -10648.63 687.63 0.26 -0.10 1.23 58376.00
-1521.91 -10649.86 690.16 0.11 0.12 1.00 58406.00
-1522.82 -10651.57 692.66 -0.16 0.24 0.93 58438.00
-1524.49 -10653.41 695.05 -0.34 0.13 0.89 58469.00
-1525.48 -10655.16 698.32 -0.55 0.18 0.76 58500.00
-1526.19 -10657.66 701.44 -0.57 0.31 0.73 58530.00
-1527.08 -10659.92 704.36 -0.60 0.37 0.60 58561.00
-1528.14 -10662.21 707.11 -0.69 0.41 0.55 58593.00
-1529.25 -10664.51 709.28 -0.76 0.43 0.31 58624.00
-1530.57 -10667.48 711.38 -0.91 0.44 0.16 58655.00
-1531.86 -10671.65 714.04 -1.04 0.60 0.12 58686.00
-1534.11 -10677.23 716.65 -1.11 0.83 0.08 58718.00
-1537.35 -10683.25 717.91 -1.09 0.84 0.23 58748.00
-1540.12 -10690.10 718.05 -0.99 0.65 0.43 58779.00
-1541.16 -10697.76 717.46 -0.87 0.48 0.56 58811.00
-1541.56 -10705.45 716.69 -0.76 0.39 0.63 58842.00
-1542.76 -10713.58 716.00 -0.61 0.31 0.83 58872.00
-1544.40 -10721.89 715.42 -0.51 0.19 0.94 58904.00
-1545.43 -10729.59 715.20 -0.45 0.11 0.95 58935.00
-1546.08 -10736.89 715.36 -0.48 0.16 0.92 58966.00
-1546.98 -10743.49 715.57 -0.44 0.20 0.83 58996.00
-1548.45 -10750.41 715.82 -0.47 0.23 0.71 59028.00
-1550.03 -10757.20 715.95 -0.50 0.21 0.60 59059.00
-1551.29 -10764.19 716.03 -0.54 0.25 0.46 59089.00
-1553.13 -10772.50 715.91 -0.51 0.24 0.36 59121.00
-1555.25 -10781.61 715.79 -0.45 0.20 0.34 59152.00
-1557.88 -10791.27 715.54 -0.33 0.15 0.27 59183.00
-1560.34 -10803.03 715.20 -0.23 0.11 0.41 59214.00
-1563.06 -10815.79 714.76 -0.01 0.13 0.48 59245.00
-1565.68 -10827.67 713.56 0.19 0.06 0.62 59276.00
-1567.37 -10840.22 712.48 0.37 0.06 0.72 59307.00
-1569.12 -10852.46 710.90 0.75 -0.01 1.00 59337.00
-1570.66 -10865.12 709.97 0.89 0.01 1.06 59369.00
-1572.57 -10877.50 708.43 1.12 -0.04 1.43 59400.00
-1573.95 -10889.32 706.97 1.50 -0.18 1.68 59430.00
-1575.20 -10899.91 706.36 1.61 -0.31 1.78 59461.00
-1575.66 -10908.58 706.75 1.36 -0.31 1.78 59492.00
-1576.56 -10915.26 708.16 1.01 -0.19 1.53 59524.00
-1578.05 -10920.32 709.88 0.78 -0.06 1.37 59554.00
-1579.22 -10925.07 711.16 0.53 -0.01 1.20 59585.00
-1579.08 -10930.33 712.43 0.33 0.10 1.23 59617.00
-1578.54 -10935.05 713.26 0.23 0.27 1.02 59648.00
-1578.63 -10939.39 713.44 0.08 0.42 1.05 59678.00
-1579.08 -10943.59 712.72 -0.12 0.49 0.91 59709.00
-1579.46 -10948.45 710.84 -0.18 0.53 0.59 59741.00
-1581.14 -10954.24 707.12 0.28 0.45 0.39 59771.00
-1583.39 -10961.01 701.62 0.82 0.18 0.39 59802.00
-1583.59 -10971.31 695.56 1.85 -0.32 0.82 59834.00
-1579.74 -10982.85 693.99 2.55 -0.50 1.15 59865.00
-1577.45 -10990.68 696.94 2.14 -0.16 1.07 59896.00
-1577.83 -10994.56 701.05 1.70 0.03 0.76 59927.00
-1580.22 -10997.40 704.60 1.39 0.08 0.46 59959.00
-1580.85 -10999.98 708.40 1.09 0.05 0.48 59990.00
-1579.81 -11003.66 712.67 0.71 0.13 0.56 60021.00
-1578.93 -11008.21 716.99 0.35 0.30 0.69 60052.00
-1579.46 -11014.23 721.50 0.10 0.51 0.87 60083.00
-1580.54 -11020.73 724.94 -0.05 0.73 1.07 60113.00
-1582.05 -11027.45 726.56 -0.09 0.72 1.24 60145.00
-1582.66 -11033.29 726.28 -0.14 0.66 1.23 60176.00
-1583.08 -11038.91 725.17 -0.11 0.78 1.12 60207.00
-1584.56 -11043.99 722.59 -0.03 0.80 0.84 60237.00
-1587.50 -11049.31 718.19 0.18 0.65 0.58 60268.00
-1591.38 -11053.95 711.65 0.80 0.31 0.50 60300.00
-1593.75 -11060.72 704.49 1.66 0.03 0.43 60331.00
-1593.72 -11069.88 700.07 2.56 -0.25 0.98 60362.00
-1591.48 -11080.63 698.88 2.40 -0.29 1.16 60394.00
-1591.48 -11087.09 700.94 1.90 -0.26 1.16 60425.00
-1592.90 -11088.98 704.57 1.31 -0.11 0.78 60456.00
-1594.67 -11089.32 707.78 1.23 -0.03 0.64 60487.00
-1594.58 -11089.72 711.80 0.95 0.10 0.48 60519.00
-1592.92 -11091.63 715.66 0.46 0.28 0.56 60550.00
-1592.94 -11096.95 718.88 0.24 0.41 0.74 60580.00
-1594.52 -11102.87 721.95 0.26 0.43 1.00 60611.00
-1596.61 -11108.83 724.37 0.32 0.40 1.10 60643.00
-1597.63 -11113.18 726.09 0.27 0.29 1.16 60674.00
-1597.63 -11117.64 727.35 0.32 0.32 1.19 60704.00
-1597.73 -11122.33 728.09 0.42 0.34 1.29 60736.00
-1598.35 -11126.80 728.47 0.50 0.27 1.35 60767.00
-1598.90 -11130.31 729.04 0.49 0.22 1.33 60797.00
-1599.71 -11133.35 729.52 0.56 0.19 1.35 60828.00
-1600.28 -11135.86 729.68 0.62 0.12 1.42 60860.00
-1600.11 -11137.51 729.68 0.68 0.08 1.38 60891.00
-1599.99 -11138.51 729.74 0.65 0.11 1.27 60921.00
-1600.63 -11138.99 729.74 0.64 0.06 1.23 60952.00
-1601.29 -11139.07 730.11 0.57 0.00 1.11 60983.00
-1602.20 -11139.07 730.90 0.45 -0.02 1.02 61015.00
-1602.95 -11139.17 732.10 0.35 0.01 0.99 61045.00
-1604.04 -11139.15 733.58 0.24 0.05 0.89 61076.00
-1605.30 -11138.70 735.37 0.04 0.09 0.73 61108.00
-1606.32 -11138.20 737.07 -0.14 0.13 0.58 61138.00
-1606.80 -11137.96 738.85 -0.32 0.19 0.46 61169.00
-1607.21 -11138.89 740.27 -0.48 0.23 0.44 61200.00
-1607.74 -11140.80 741.37 -0.60 0.27 0.33 61232.00
-1608.99 -11143.61 742.00 -0.66 0.23 0.34 61262.00
-1609.89 -11147.43 742.57 -0.74 0.19 0.37 61294.00
-1610.39 -11151.94 742.98 -0.77 0.19 0.43 61326.00
-1610.67 -11156.78 743.28 -0.82 0.18 0.48 61357.00
-1611.03 -11161.83 743.58 -0.84 0.20 0.49 61388.00
-1611.61 -11167.05 743.58 -0.88 0.19 0.54 61419.00
-1611.81 -11172.40 743.29 -0.93 0.14 0.53 61451.00
-1611.49 -11177.50 743.04 -0.98 0.15 0.47 61481.00
-1611.26 -11183.23 742.87 -1.04 0.20 0.39 61513.00
-1610.98 -11188.65 743.17 -1.21 0.32 -0.13 61545.00
-1611.12 -11195.17 743.34 -1.36 0.46 -0.01 61576.00
-1611.52 -11203.16 742.67 -1.19 0.51 0.05 61607.00
-1611.53 -11212.73 741.08 -0.93 0.42 0.17 61638.00
-1610.53 -11224.82 738.94 -0.57 0.34 0.45 61670.00
-1609.63 -11237.66 736.50 -0.02 0.24 0.96 61701.00
-1608.97 -11249.12 733.96 0.75 0.12 1.62 61731.00
-1608.66 -11259.67 732.19 1.68 -0.07 2.14 61762.00
-1609.66 -11265.76 733.55 1.54 -0.19 1.93 61793.00
-1612.41 -11267.36 736.90 0.31 -0.05 1.39 61825.00
-1615.57 -11268.63 739.49 -0.01 -0.04 1.15 61855.00
-1617.04 -11268.27 742.34 -0.24 -0.04 0.84 61886.00
-1617.23 -11268.71 745.84 -0.65 0.10 0.46 61917.00
-1617.57 -11270.30 749.31 -0.90 0.32 0.63 61948.00
-1617.98 -11271.87 752.33 -1.02 0.51 0.35 61979.00
-1618.22 -11273.26 755.52 -1.30 0.75 -0.10 62011.00
-1619.03 -11275.95 757.88 -1.62 1.05 -0.45 62042.00
-1620.74 -11280.86 757.86 -1.63 1.06 -0.52 62073.00
-1621.76 -11287.68 755.96 -1.55 0.78 -0.43 62104.00
-1621.49 -11297.26 753.58 -1.28 0.60 -0.19 62136.00
-1621.16 -11308.32 750.95 -0.88 0.47 0.07 62167.00
-1621.76 -11320.48 748.23 -0.45 0.31 0.34 62197.00
-1623.19 -11334.01 745.72 -0.17 0.18 0.77 62229.00
-1624.09 -11346.37 743.84 0.31 0.16 1.07 62260.00
-1625.50 -11358.11 740.87 1.13 -0.01 1.71 62290.00
-1626.15 -11368.47 738.83 1.73 -0.35 1.95 62321.00
-1626.79 -11374.11 740.91 0.78 -0.34 1.60 62353.00
-1628.84 -11377.92 744.16 0.08 -0.10 1.37 62384.00
-1631.08 -11381.29 746.31 -0.14 0.03 1.12 62414.00
-1632.55 -11385.11 747.99 -0.27 -0.02 0.98 62446.00
-1632.43 -11388.79 750.08 -0.45 0.02 0.91 62477.00
-1632.61 -11392.95 752.25 -0.47 0.14 0.87 62508.00
-1633.40 -11397.45 754.09 -0.44 0.19 0.89 62538.00
-1634.39 -11402.08 755.87 -0.45 0.19 0.83 62569.00
-1635.63 -11406.36 757.79 -0.52 0.24 0.69 62601.00
-1637.00 -11410.42 759.31 -0.63 0.31 0.48 62631.00
-1638.53 -11416.18 760.46 -0.71 0.35 0.54 62662.00
-1640.39 -11422.81 760.65 -0.71 0.27 0.53 62694.00
-1641.78 -11429.93 760.69 -0.69 0.15 0.51 62725.00
-1643.06 -11437.27 760.90 -0.64 0.13 0.43 62756.00
-1644.38 -11445.88 761.27 -0.64 0.18 0.45 62787.00
-1646.13 -11456.20 761.37 -0.38 0.18 0.50 62818.00
-1648.63 -11468.04 760.65 -0.16 0.07 0.63 62850.00
-1650.20 -11480.03 759.79 0.02 -0.09 0.84 62880.00
-1650.66 -11492.62 759.47 0.34 -0.12 1.01 62911.00
-1651.42 -11504.92 759.24 0.75 -0.14 1.32 62942.00
-1651.31 -11516.17 758.91 0.96 -0.24 1.70 62973.00
-1650.96 -11526.18 760.35 0.94 -0.13 1.65 63004.00
-1652.12 -11534.41 762.50 0.70 0.07 1.57 63035.00
-1655.00 -11541.52 764.23 0.55 0.09 1.48 63066.00
-1656.99 -11547.62 765.32 0.39 -0.09 1.40 63096.00
-1657.15 -11554.29 766.90 0.36 -0.02 1.31 63128.00
-1658.01 -11560.18 767.82 0.37 -0.02 1.24 63159.00
-1658.27 -11565.79 769.11 0.34 -0.10 1.17 63190.00
-1658.31 -11571.62 770.92 0.41 0.06 1.10 63221.00
-1659.35 -11577.35 772.37 0.41 0.10 1.12 63252.00
-1660.22 -11583.18 773.73 0.39 0.13 1.10 63283.00
-1661.40 -11588.44 774.42 0.40 0.11 1.04 63313.00
-1662.26 -11593.70 774.74 0.33 0.03 0.95 63345.00
-1662.85 -11599.05 775.01 0.31 0.05 0.88 63376.00
-1663.71 -11604.97 775.15 0.35 0.06 0.90 63407.00
-1664.62 -11610.84 775.13 0.37 0.05 0.92 63437.00
-1665.30 -11617.14 775.30 0.28 0.11 0.87 63469.00
-1666.56 -11623.62 775.49 0.20 0.27 0.79 63500.00
-1668.66 -11630.57 774.71 0.20 0.33 0.86 63531.00
-1670.44 -11637.88 773.34 0.12 0.34 0.87 63562.00
-1672.25 -11645.58 771.57 0.05 0.38 1.00 63593.00
-1674.17 -11653.16 769.66 -0.05 0.46 1.16 63624.00
-1676.25 -11660.07 767.21 0.05 0.52 1.07 63654.00
-1679.53 -11665.49 762.98 0.63 0.50 0.95 63685.00
-1683.28 -11671.06 756.31 1.20 0.19 0.62 63717.00
-1686.25 -11678.21 749.94 2.01 -0.18 0.61 63748.00
-1687.34 -11687.76 746.18 2.85 -0.65 0.87 63779.00
-1687.29 -11698.15 744.83 2.08 -0.73 1.21 63811.00
-1686.73 -11704.48 747.22 1.48 -0.60 0.64 63842.00
-1686.39 -11706.70 750.91 1.12 -0.33 0.58 63873.00
-1685.02 -11709.03 754.15 1.11 -0.18 0.29 63904.00
-1682.71 -11712.33 757.84 0.73 -0.08 0.30 63936.00
-1680.84 -11716.65 761.93 0.34 0.05 0.59 63967.00
-1681.03 -11722.75 765.99 0.20 0.20 0.88 63997.00
-1681.51 -11729.29 769.84 -0.03 0.33 1.19 64028.00
-1681.20 -11737.55 773.26 -0.18 0.59 2.08 64060.00
-1680.21 -11744.28 775.43 -0.18 0.92 1.88 64091.00
-1681.27 -11749.20 774.86 -0.12 1.03 1.76 64121.00
-1683.95 -11752.33 771.72 -0.03 0.75 1.23 64152.00
-1687.26 -11754.07 766.73 0.39 0.39 0.81 64184.00
-1690.27 -11757.12 760.29 0.90 0.15 0.10 64215.00
-1692.97 -11764.29 754.90 1.57 -0.23 0.23 64246.00
-1692.86 -11774.79 753.14 1.96 -0.43 0.73 64277.00
-1693.06 -11784.73 753.22 1.67 -0.36 1.03 64309.00
-1693.03 -11790.29 754.37 1.45 -0.41 1.04 64339.00
-1691.60 -11793.36 757.42 1.06 -0.22 0.64 64371.00
-1689.94 -11795.33 760.55 1.12 0.06 0.38 64402.00
-1689.80 -11797.67 763.07 0.94 0.12 0.55 64434.00
-1689.84 -11800.78 766.12 0.61 0.12 0.61 64464.00
-1690.69 -11804.40 769.49 0.44 0.17 0.75 64495.00
-1692.02 -11808.54 772.35 0.35 0.21 0.94 64526.00
-1692.39 -11813.53 775.02 0.17 0.26 0.83 64558.00
-1692.78 -11819.74 777.09 0.19 0.33 1.01 64588.00
-1693.62 -11826.09 778.72 0.22 0.37 1.13 64619.00
-1695.14 -11832.50 779.40 0.31 0.21 1.19 64651.00
-1695.46 -11837.98 779.96 0.33 -0.02 1.25 64681.00
-1694.85 -11843.72 781.15 0.36 0.10 1.10 64712.00
-1695.63 -11849.74 782.04 0.42 0.08 1.14 64744.00
-1696.06 -11855.56 783.30 0.45 -0.00 1.16 64775.00
-1696.55 -11861.11 784.80 0.44 0.11 1.08 64805.00
-1698.04 -11866.70 786.04 0.43 0.05 1.02 64837.00
-1698.68 -11872.34 787.43 0.42 0.04 0.97 64868.00
-1699.66 -11878.14 788.60 0.46 0.09 0.98 64899.00
-1700.68 -11883.69 789.47 0.50 0.01 1.03 64929.00
-1701.19 -11889.56 790.39 0.56 0.01 1.02 64961.00
-1701.88 -11895.05 791.19 0.55 0.02 0.99 64992.00
-1702.68 -11900.38 792.13 0.53 0.03 0.96 65022.00
-1704.03 -11906.02 793.00 0.56 0.04 0.97 65053.00
-1705.17 -11911.45 793.72 0.53 -0.06 0.98 65084.00
-1705.62 -11917.27 794.85 0.51 0.02 0.92 65116.00
-1706.94 -11922.71 795.59 0.50 0.04 0.93 65146.00
-1708.13 -11928.23 796.27 0.47 -0.05 0.96 65177.00
-1708.90 -11933.98 797.19 0.48 0.02 0.92 65208.00
-1710.39 -11939.69 797.67 0.49 -0.03 0.96 65239.00
-1711.16 -11945.37 798.20 0.48 -0.12 0.98 65270.00
-1711.47 -11951.32 799.12 0.51 0.00 0.97 65301.00
-1712.98 -11957.17 799.66 0.52 -0.00 1.02 65332.00
-1714.18 -11962.86 800.16 0.51 -0.12 1.03 65363.00
-1714.66 -11968.63 800.92 0.49 -0.08 0.97 65394.00
-1715.73 -11974.26 801.62 0.43 -0.01 1.00 65425.00
-1716.96 -11980.17 802.19 0.46 -0.11 1.01 65456.00
-1717.32 -11985.97 802.87 0.50 -0.11 1.03 65486.00
-1717.93 -11991.87 803.43 0.51 -0.08 1.03 65518.00
-1718.60 -11997.62 804.10 0.51 -0.08 1.01 65549.00
-1719.56 -12003.36 804.82 0.50 -0.07 1.00 65580.00
-1720.37 -12009.01 805.39 0.49 -0.10 0.99 65610.00
-1720.99 -12015.09 806.08 0.48 -0.08 0.98 65642.00
-1721.58 -12021.12 806.65 0.53 -0.14 1.05 65673.00
-1721.59 -12026.70 807.38 0.55 -0.10 0.99 65703.00
-1722.10 -12032.23 807.80 0.58 -0.04 0.93 65734.00
-1723.76 -12037.63 808.14 0.53 -0.02 0.91 65766.00
-1725.97 -12042.99 808.60 0.49 -0.06 0.91 65797.00
-1728.64 -12048.17 809.11 0.51 -0.10 1.00 65827.00
-1730.80 -12053.53 809.43 0.51 -0.18 1.06 65858.00
-1732.39 -12058.98 809.95 0.46 -0.25 1.03 65890.00
-1733.33 -12064.33 810.44 0.48 -0.22 0.98 65921.00
