-149.30 -1.47 295.65 0.41 -0.66 -0.40 
0 0 0 0 0 0 
38.14 2.88 317.41 -0.56 0.18 -0.01 
38.14 2.88 317.41 -0.56 0.18 -0.01 
78.68 2.13 316.14 -0.72 -0.03 0.44 
79.48 1.91 315.11 -0.90 0.04 0.79 
0.28 3.25 311.62 -0.35 -0.12 -0.01 
0 0 0 0 0 0 
44.73 0.44 309.99 -0.06 -0.06 -1.34 
0 0 0 0 0 0 
0 0 0 0 0 0 
0 0 0 0 0 0 
0 0 0 0 0 0 
0 0 0 0 0 0 
0 0 0 0 0 0 
0 0 0 0 0 0 
-65.23 2.12 314.69 -0.70 0.00 0.39 
-2.81 2.69 -324.00 -1.61 0.10 0.52 
6.38 2.96 -325.31 -1.31 -0.19 0.25 
14.41 2.25 325.37 -1.28 -0.78 0.03 
71.48 1.81 -318.10 -0.54 -0.46 -0.08 
-4.36 1.63 -317.48 -0.19 0.18 -0.11 
-35.37 1.52 -324.81 -0.82 -0.20 0.84 
0 0 0 0 0 0 
0 0 0 0 0 0 
44.25 3.31 -324.85 -0.45 -0.10 0.05 
-42.15 2.86 -293.04 -0.53 -0.05 -0.05 
-57.55 1.90 -291.37 -0.75 0.28 0.43 
35.19 1.35 -285.81 -0.36 -0.21 0.34 
-55.72 2.43 -298.29 -0.42 0.17 -0.07 
-1.45 2.64 -299.83 -1.48 -0.13 0.57 
-25.61 2.83 -315.59 -1.38 -0.17 0.41 
9.62 2.71 -300.00 -1.34 -0.19 0.38 
18.05 2.76 -306.01 -1.01 -0.20 0.23 
46.43 2.37 -309.84 -0.62 -0.31 0.07 
5.17 3.05 -302.98 -0.47 0.11 -0.06 
9.27 2.38 -314.94 -0.46 0.01 0.34 
9.59 0.75 -321.16 -0.11 -0.05 -0.68 
-18.04 0.35 -316.73 -0.16 -0.33 -2.60 
-3.83 -0.68 -318.92 0.01 -0.23 -1.72 
78.67 0.46 -306.95 -0.27 -0.28 -0.40 
-65.59 2.72 -297.84 -0.58 -0.09 0.09 
-24.92 1.74 -294.57 -0.63 0.05 0.51 
-7.00 2.41 -294.66 -0.61 0.26 0.00 
-94.45 2.11 -307.28 -0.80 -0.47 0.20 
10.59 3.00 -312.18 -1.33 -0.25 0.25 
-8.03 2.43 -318.00 -1.22 -0.32 0.47 
-61.47 2.94 -313.67 -1.19 -0.17 0.31 
44.86 2.10 -307.93 -1.09 -0.65 0.22 
16.45 2.90 -303.71 -0.74 -0.17 0.01 
32.84 3.13 -306.77 -0.65 0.02 -0.06 
43.48 1.20 -307.79 -0.60 0.20 0.76 
38.54 2.70 -314.67 -0.48 -0.15 0.22 
-27.23 1.27 -318.28 -0.30 -0.26 -0.68 
0 0 0 0 0 0 
30.96 0.73 -320.99 -0.31 -0.50 -1.73 
7.21 0.75 -302.69 -0.38 -0.17 -0.46 
-55.39 2.40 -293.58 -0.72 -0.08 0.23 
-23.64 1.73 -288.19 -0.67 0.27 0.56 
81.48 2.74 -283.19 -0.58 0.12 -0.11 
-11.58 2.94 -289.36 -0.78 -0.03 0.19 
-78.98 2.70 -298.25 -1.37 -0.19 0.51 
0.84 2.53 -301.20 -1.24 -0.09 0.52 
58.38 2.25 -298.36 -1.26 -0.08 0.58 
0 0 0 0 0 0 
-32.87 1.93 -313.34 -0.64 -0.29 0.43 
53.21 1.56 -304.63 -0.70 0.34 0.73 
15.57 3.42 -314.38 -0.54 -0.05 0.07 
-34.52 1.59 -320.30 -0.38 -0.28 -0.56 
9.99 0.50 -319.30 -0.13 -0.17 -1.68 
-0.58 -0.25 -318.84 -0.14 -0.23 -1.78 
34.35 -0.13 -314.94 -0.21 -0.41 -0.94 
-2.11 2.39 -302.37 -0.49 -0.02 -0.18 
-51.23 1.47 -298.52 -0.72 0.03 0.62 
-15.23 3.02 -295.61 -0.80 0.12 0.04 
-44.48 2.77 -299.10 -0.46 -0.14 0.02 
-32.25 1.98 -299.45 -0.87 -0.55 0.36 
0.22 2.54 -303.84 -1.29 0.10 0.56 
18.73 2.48 -307.32 -1.18 -0.23 0.46 
0.22 2.30 -296.61 -1.10 -0.26 0.57 
6.63 2.51 -297.01 -0.99 -0.24 0.36 
29.11 2.52 -293.29 -0.61 -0.01 0.32 
59.59 2.61 -293.01 -0.38 -0.16 -0.05 
23.93 0.98 -292.93 -0.44 -0.19 0.94 
16.05 3.43 -296.22 -0.59 -0.01 0.09 
0 0 0 0 0 0 
17.22 1.81 -300.76 -0.41 -0.12 -0.56 
-3.82 -0.23 -294.75 -0.21 -0.26 -1.30 
129.76 1.27 -274.39 -0.47 -0.30 -0.31 
-105.39 2.29 -268.40 -0.80 -0.17 0.20 
-94.06 0.50 -265.71 -0.27 0.47 0.99 
8.41 2.25 -264.30 -0.51 0.22 0.11 
-50.34 1.65 -269.72 -0.66 -0.50 0.42 
-74.45 2.72 -282.34 -1.27 -0.14 0.57 
23.89 2.33 -279.69 -1.19 -0.27 0.54 
31.15 2.11 -274.81 -1.20 -0.62 0.53 
-28.72 2.45 -276.76 -0.67 -0.21 0.29 
10.42 3.47 -272.29 -0.75 -0.06 0.01 
-4.23 3.50 -274.64 -0.53 0.01 -0.01 
51.47 2.14 -278.55 -0.80 0.00 0.60 
25.62 2.71 -285.42 -0.56 -0.19 -0.29 
-17.52 1.10 -286.14 -0.35 -0.27 -1.05 
0 0 0 0 0 0 
13.57 0.37 -284.67 -0.26 -0.39 -1.95 
-48.06 2.41 -261.01 -0.61 -0.07 -0.19 
-60.90 2.37 -258.23 -0.93 0.00 0.41 
-16.26 2.26 -259.33 -0.57 0.08 0.27 
-38.97 2.53 -260.53 -0.40 -0.05 0.14 
1.57 1.95 -265.83 -1.03 -0.62 0.47 
-56.28 2.59 -279.51 -1.33 0.00 0.55 
29.67 2.53 -279.34 -1.22 -0.23 0.43 
-13.02 1.91 -279.86 -0.88 -0.32 0.57 
18.54 2.16 -284.24 -0.70 -0.28 0.43 
39.73 2.47 -285.33 -0.46 -0.17 0.18 
33.71 1.80 -274.73 -0.63 -0.05 0.56 
-11.37 2.23 -282.17 -0.48 -0.09 0.35 
-8.57 1.31 -277.88 -0.40 -0.50 -0.94 
10.13 0.72 -277.57 -0.48 -0.44 -1.57 
0 0 0 0 0 0 
-12.61 0.28 -277.51 -0.44 -0.39 -1.60 
-32.33 1.06 -259.28 -0.59 0.03 0.90 
25.44 2.93 -256.95 -0.61 0.09 0.10 
-102.13 2.56 -267.31 -0.67 -0.14 0.22 
-25.08 2.27 -270.59 -1.01 -0.59 0.38 
-27.11 2.46 -282.76 -1.18 0.03 0.56 
-0.03 2.57 -283.24 -1.19 -0.15 0.46 
11.22 2.15 -283.60 -1.05 -0.49 0.45 
26.23 2.05 -276.61 -0.69 -0.45 0.28 
-28.88 2.89 -277.18 -0.35 -0.10 -0.06 
-6.74 1.48 -287.94 -0.77 0.21 0.73 
2.00 2.41 -297.23 -0.48 -0.02 0.31 
-4.16 1.17 -289.21 -0.36 -0.20 -0.97 
28.64 0.61 -286.14 -0.39 -0.12 -1.65 
-1.05 0.14 -289.22 -0.33 -0.07 -1.58 
0 0 0 0 0 0 
13.31 0.31 -293.02 -0.39 -0.23 -0.94 
-12.87 1.88 -267.08 -0.62 0.11 0.47 
-16.17 2.66 -272.12 -0.58 -0.19 0.05 
-22.46 1.95 -275.11 -0.70 -0.50 0.22 
12.44 2.60 -268.00 -1.14 -0.22 0.57 
-7.09 2.76 -275.30 -1.07 -0.11 0.32 
-0.02 2.66 -273.50 -1.18 -0.21 0.37 
-1.71 2.29 -273.89 -0.95 -0.28 0.44 
21.93 2.58 -271.21 -0.83 -0.18 0.30 
11.25 2.67 -274.01 -0.42 -0.17 0.04 
64.10 1.32 -264.00 -0.53 0.13 0.82 
25.61 2.45 -267.89 -0.75 -0.48 0.08 
11.09 2.07 -267.00 -0.46 -0.15 -0.49 
4.14 0.73 -265.34 -0.38 -0.03 -1.66 
-0.19 0.41 -268.17 -0.43 -0.22 -1.44 
-24.10 0.27 -273.27 -0.39 -0.14 -1.27 
48.94 0.96 -271.43 -0.50 -0.37 -0.59 
-1.12 1.76 -261.40 -0.55 -0.31 0.16 
5.16 1.42 -252.99 -0.58 0.07 0.62 
0 0 0 0 0 0 
65.51 2.20 -242.78 -0.51 -0.30 0.12 
-0.43 2.45 -251.87 -1.07 -0.05 0.53 
8.54 2.53 -252.17 -1.03 -0.25 0.36 
36.38 2.36 -238.32 -1.10 -0.10 0.56 
-20.18 2.22 -240.56 -0.94 -0.53 0.28 
-8.77 3.20 -240.26 -0.61 -0.02 0.09 
-19.90 2.42 -240.55 -0.71 0.20 0.29 
38.41 1.92 -246.41 -0.75 -0.13 0.74 
42.35 1.86 -250.31 -0.48 -0.42 -0.31 
50.96 0.96 -243.33 -0.29 -0.07 -1.06 
11.14 0.28 -246.61 -0.35 -0.14 -1.71 
37.72 -0.02 -250.54 -0.29 -0.21 -1.18 
-55.13 0.88 -245.07 -0.39 -0.31 -0.57 
-33.23 1.38 -236.95 -0.63 0.07 0.58 
-123.46 3.07 -253.25 -0.63 -0.08 0.08 
9.26 2.29 -255.46 -0.52 -0.24 0.11 
0.16 2.04 -249.48 -0.98 0.15 0.69 
-46.88 2.61 -269.72 -1.09 -0.19 0.41 
10.55 2.35 -266.60 -1.01 -0.30 0.44 
27.93 2.42 -257.05 -1.26 -0.32 0.52 
18.01 1.94 -254.54 -0.81 -0.59 0.35 
2.05 2.79 -255.56 -0.38 0.14 0.04 
-21.61 1.22 -256.96 -0.53 0.18 0.82 
-9.20 2.89 -270.42 -0.48 -0.20 0.03 
-7.94 1.65 -275.15 -0.46 -0.28 -0.61 
68.89 0.73 -273.50 -0.36 -0.15 -1.62 
-16.90 0.39 -273.25 -0.48 -0.25 -1.63 
28.71 0.25 -265.63 -0.45 -0.43 -1.04 
-61.81 2.28 -255.42 -0.69 -0.01 -0.26 
-19.13 1.66 -243.41 -0.57 -0.07 0.44 
4.03 1.88 -242.21 -0.57 0.27 0.35 
-72.00 3.19 -250.65 -0.65 -0.05 0.01 
-39.20 1.95 -257.18 -0.79 -0.43 0.41 
3.73 2.38 -259.75 -1.11 -0.28 0.55 
2.01 2.38 -263.35 -1.00 -0.30 0.40 
41.08 1.88 -258.67 -1.08 -0.36 0.64 
36.99 2.13 -251.92 -1.01 -0.33 0.58 
27.05 2.00 -247.21 -0.58 -0.43 0.21 
16.80 2.89 -245.96 -0.53 -0.07 0.13 
7.06 2.14 -248.77 -0.78 0.27 0.54 
8.28 3.10 -254.91 -0.64 -0.20 -0.03 
-8.03 1.49 -257.07 -0.39 -0.13 -0.72 
12.67 0.60 -253.04 -0.35 -0.19 -1.69 
-17.88 -0.02 -256.35 -0.28 -0.17 -1.53 
31.93 0.40 -254.44 -0.37 -0.26 -0.82 
-10.16 1.94 -245.96 -0.56 -0.26 -0.02 
-3.76 1.67 -237.38 -0.76 0.09 0.62 
-18.53 2.60 -240.24 -0.55 0.06 0.22 
-27.18 2.28 -248.01 -0.56 -0.25 0.16 
-29.97 2.36 -243.18 -1.23 -0.43 0.50 
2.47 2.51 -249.61 -1.00 -0.20 0.45 
7.20 2.51 -250.27 -1.00 -0.32 0.29 
20.07 2.39 -236.28 -1.12 -0.33 0.47 
49.53 2.36 -236.55 -1.03 -0.21 0.48 
45.15 2.31 -237.84 -0.51 -0.29 0.14 
-32.71 1.01 -228.41 -0.35 0.56 0.75 
22.64 2.98 -233.41 -0.46 -0.17 0.10 
17.06 1.53 -238.07 -0.48 -0.31 -0.78 
45.06 0.81 -235.28 -0.45 -0.02 -1.56 
1.38 0.41 -236.17 -0.40 -0.25 -1.50 
4.32 0.19 -234.77 -0.37 -0.32 -1.33 
55.41 0.98 -225.03 -0.38 -0.15 -0.44 
-15.03 2.69 -220.14 -0.84 -0.08 0.10 
57.21 1.12 -213.14 -0.29 0.27 0.38 
-65.13 1.76 -225.30 -0.50 -0.38 0.08 
-48.77 2.28 -226.00 -1.16 -0.11 0.70 
13.86 2.47 -228.56 -1.07 -0.13 0.39 
8.21 2.31 -227.13 -1.00 -0.29 0.47 
-8.69 2.54 -221.64 -1.11 -0.38 0.37 
29.67 2.07 -214.47 -0.91 -0.47 0.41 
48.90 3.20 -212.19 -0.70 -0.05 0.11 
58.70 1.79 -207.12 -0.52 -0.01 0.42 
29.00 2.36 -216.90 -0.62 0.09 0.45 
71.00 2.37 -224.30 -0.56 -0.13 -0.50 
-22.71 0.61 -226.32 -0.19 -0.48 -1.36 
-11.44 0.48 -226.09 -0.40 -0.26 -1.62 
91.82 0.26 -219.45 -0.39 -0.52 -1.42 
-18.41 1.25 -207.71 -0.58 -0.23 -0.51 
-51.12 2.35 -201.17 -0.62 -0.04 0.17 
-22.00 1.63 -202.27 -0.75 -0.03 0.69 
-30.34 2.28 -208.98 -0.52 -0.23 0.18 
-41.23 2.01 -212.34 -0.54 -0.12 0.35 
37.64 2.28 -208.26 -1.05 -0.46 0.42 
-5.80 2.69 -220.01 -1.09 -0.09 0.38 
6.48 2.33 -219.88 -1.00 -0.35 0.40 
-8.54 2.44 -215.95 -1.05 -0.27 0.43 
19.33 1.80 -214.15 -0.78 -0.50 0.51 
46.89 2.36 -207.31 -0.72 -0.34 0.20 
-8.59 2.55 -215.11 -0.55 -0.25 0.13 
25.09 2.08 -205.11 -0.76 0.04 0.48 
62.70 2.24 -209.27 -0.49 -0.09 0.38 
44.55 1.77 -215.24 -0.46 -0.28 -0.52 
-16.26 1.04 -220.71 -0.48 -0.49 -1.21 
-4.38 0.57 -220.57 -0.48 -0.43 -1.55 
-15.19 0.34 -217.89 -0.49 -0.56 -1.42 
0 0 0 0 0 0 
-24.37 0.98 -209.31 -0.48 -0.26 -0.66 
-68.51 1.83 -205.14 -0.65 0.47 0.41 
-32.58 1.42 -207.95 -0.35 -0.14 0.34 
-56.66 2.36 -210.71 -1.13 -0.17 0.65 
-35.25 2.35 -226.55 -1.14 -0.26 0.57 
1.52 2.27 -226.26 -0.92 -0.29 0.43 
45.69 2.05 -217.31 -1.02 -0.18 0.70 
-0.01 2.15 -219.94 -0.97 -0.27 0.55 
8.16 1.80 -219.70 -0.62 -0.51 0.27 
59.52 2.62 -216.86 -0.66 -0.02 0.31 
19.80 1.15 -216.22 -0.48 0.31 0.88 
6.85 3.53 -226.61 -0.54 -0.08 0.05 
41.72 1.65 -220.16 -0.47 -0.31 -0.77 
19.31 0.56 -219.43 -0.26 -0.22 -1.45 
9.39 0.21 -220.54 -0.28 -0.13 -1.64 
-9.01 0.32 -219.62 -0.45 -0.35 -1.27 
65.38 1.27 -202.60 -0.58 -0.33 -0.58 
-103.53 2.25 -205.55 -0.78 -0.09 -0.24 
-26.00 1.61 -203.23 -0.56 0.25 0.42 
85.60 2.60 -203.73 -0.30 -0.09 0.03 
-34.98 1.50 -216.46 -0.66 -0.59 0.26 
0 0 0 0 0 0 
3.10 2.08 -218.08 -1.44 -0.12 0.94 
-9.03 2.09 -208.79 -1.01 -0.47 0.49 
35.97 1.97 -205.73 -0.92 -0.45 0.51 
39.12 2.62 -204.91 -0.56 0.03 0.24 
44.47 1.18 -200.03 -0.31 0.01 0.65 
25.18 3.03 -213.21 -0.47 0.14 0.09 
-19.58 1.46 -220.58 -0.41 -0.24 -0.80 
12.94 0.60 -219.32 -0.35 -0.07 -1.67 
-0.67 0.29 -218.01 -0.37 -0.25 -1.41 
-10.71 0.44 -215.55 -0.42 -0.31 -0.91 
-90.32 2.35 -208.95 -0.51 0.10 -0.19 
-58.37 1.18 -204.62 -0.60 -0.04 0.73 
-38.38 2.74 -215.42 -0.43 0.00 0.11 
2.34 2.11 -219.89 -1.02 -0.54 0.28 
-18.16 2.75 -231.70 -1.30 -0.18 0.49 
16.93 2.39 -231.80 -0.86 -0.34 0.24 
15.64 2.19 -227.32 -1.13 -0.47 0.49 
20.85 2.47 -215.89 -1.05 -0.22 0.40 
39.57 2.44 -222.28 -0.80 -0.25 0.29 
66.03 1.79 -223.74 -0.24 -0.18 0.11 
39.54 1.84 -231.05 -0.63 0.15 0.61 
16.73 2.47 -239.36 -0.62 -0.31 -0.31 
-13.90 1.04 -241.59 -0.39 -0.30 -1.27 
-9.24 0.54 -239.33 -0.48 -0.27 -1.78 
-2.13 0.19 -238.46 -0.42 -0.26 -1.23 
-59.47 0.86 -224.67 -0.40 -0.13 -0.58 
-73.19 1.75 -222.85 -0.69 0.01 0.46 
-22.88 1.51 -223.99 -0.57 0.50 0.34 
-88.17 2.86 -243.24 -0.60 0.13 0.09 
-53.98 2.45 -252.85 -1.60 -0.60 0.53 
-7.82 1.88 -275.35 -0.60 0.18 0.41 
-20.56 -0.29 -299.38 -0.10 -0.96 0.45 
-14.42 -0.35 -307.42 0.08 -1.00 0.37 
-14.39 -0.44 -308.67 0.14 -0.96 0.25 
3.93 -0.56 -309.21 0.16 -0.93 0.30 
1.80 -0.66 -310.03 0.20 -0.86 0.32 
-2.06 -0.76 -312.32 0.27 -0.89 0.32 
-10.98 -0.55 -315.21 0.19 -0.90 0.30 
0 0 0 0 0 0 
20.50 2.63 -95.60 -1.00 -0.28 0.20 
0 0 0 0 0 0 
6.45 3.31 -102.02 -0.63 0.10 0.09 
6.45 3.31 -102.02 -0.63 0.10 0.09 
64.02 2.14 -100.00 -0.96 -0.11 0.56 
0 0 0 0 0 0 
0 0 0 0 0 0 
0 0 0 0 0 0 
15.18 1.47 -98.25 -0.29 -0.14 -0.52 
0 0 0 0 0 0 
0 0 0 0 0 0 
0 0 0 0 0 0 
-7.88 0.07 -103.12 -0.26 -0.46 -1.83 
-11.63 0.64 -92.44 -0.37 -0.49 -0.72 
-47.65 1.56 -86.22 -0.64 -0.01 -0.49 
0 0 0 0 0 0 
0 0 0 0 0 0 
0 0 0 0 0 0 
-44.42 1.81 -76.57 -0.55 0.29 0.33 
-44.59 2.76 -85.57 -0.58 0.15 -0.01 
-26.42 2.42 -90.87 -0.75 -0.25 0.21 
0 0 0 0 0 0 
0 0 0 0 0 0 
0 0 0 0 0 0 
-23.20 2.61 -108.51 -1.27 -0.15 0.52 
-7.26 2.19 -113.01 -1.13 -0.38 0.56 
-3.98 2.20 -108.53 -1.10 -0.48 0.53 
20.01 2.12 -103.88 -0.87 -0.45 0.40 
55.70 2.37 -94.44 -0.79 -0.28 0.33 
0 0 0 0 0 0 
0 0 0 0 0 0 
0 0 0 0 0 0 
20.61 0.77 -85.98 -0.32 0.34 0.49 
11.99 3.19 -100.01 -0.48 -0.11 -0.13 
23.87 1.94 -101.87 -0.52 -0.22 -0.56 
24.40 1.26 -103.27 -0.39 -0.21 -0.86 
0 0 0 0 0 0 
0 0 0 0 0 0 
0 0 0 0 0 0 
0 0 0 0 0 0 
0 0 0 0 0 0 
0 0 0 0 0 0 
0 0 0 0 0 0 
0 0 0 0 0 0 
0 0 0 0 0 0 
0 0 0 0 0 0 
13.79 2.61 -42.44 -0.44 0.19 0.04 
66.33 1.98 -40.84 -0.97 0.00 0.82 
43.04 1.93 -46.91 -0.37 -0.13 -0.44 
60.09 0.69 -44.59 -0.21 -0.28 -1.52 
-12.60 0.01 -44.40 -0.21 -0.24 -2.01 
-23.52 -0.32 -38.20 -0.18 -0.25 -1.04 
-72.87 2.45 -37.69 -0.73 -0.13 -0.17 
-115.52 1.88 -38.50 -0.96 -0.01 0.63 
-22.86 1.18 -41.44 -0.31 0.42 -0.01 
21.17 2.25 -45.78 -0.47 0.21 0.08 
26.98 1.86 -42.70 -1.14 -0.83 0.28 
-14.01 3.14 -73.25 -1.43 0.10 0.25 
-2.13 2.96 -67.80 -1.41 -0.16 0.24 
-0.08 2.34 -63.09 -1.10 -0.50 0.07 
90.51 3.10 -54.70 -0.48 -0.04 0.09 
84.44 3.05 -41.87 -0.48 0.08 0.02 
54.96 1.66 -42.86 -0.65 0.01 0.79 
47.02 3.15 -41.60 -0.39 -0.08 -0.12 
29.34 0.92 -37.23 -0.15 0.12 -1.20 
23.35 0.47 -39.26 -0.27 -0.31 -1.88 
-11.44 -0.23 -36.63 -0.15 -0.23 -1.82 
-56.24 0.00 -32.78 -0.19 -0.25 -0.78 
10.99 1.45 -28.09 -0.35 -0.04 0.26 
-3.13 1.40 -8.51 -0.50 0.29 0.57 
-34.96 3.39 -14.68 -0.47 0.00 -0.01 
-36.01 2.17 -18.66 -0.99 -0.43 0.54 
-42.22 2.40 -45.59 -1.34 -0.29 0.62 
16.62 2.23 -40.85 -1.08 -0.42 0.47 
73.15 1.68 -29.63 -0.95 -0.32 0.77 
-29.56 2.25 -25.91 -0.80 -0.26 0.45 
-53.55 1.98 -28.57 -0.22 -0.20 0.06 
63.95 0.60 -35.18 -0.39 -0.01 1.18 
6.51 2.92 -42.89 -0.45 -0.14 -0.14 
24.31 0.99 -47.07 -0.27 -0.38 -1.19 
-14.84 0.51 -48.99 -0.42 -0.44 -1.83 
-17.71 -0.11 -45.87 -0.25 -0.26 -1.43 
15.38 0.86 -28.77 -0.43 -0.25 -0.56 
-65.66 1.85 -14.57 -0.36 0.10 0.23 
0 0 0 0 0 0 
-12.00 1.43 -5.44 -0.85 0.49 0.80 
22.74 2.24 -34.75 -1.11 -0.23 0.70 
0 0 0 0 0 0 
-28.46 1.85 -51.87 -1.06 -0.72 0.50 
28.41 1.74 -27.38 -1.03 -0.83 0.46 
-6.68 2.08 -25.68 -0.71 -0.39 0.38 
58.69 3.03 -18.94 -0.66 0.07 0.13 
34.00 2.88 -17.87 -0.72 0.10 0.19 
0 0 0 0 0 0 
49.01 1.73 -24.86 -0.66 0.11 0.76 
13.26 0.50 -45.47 -0.23 -0.42 -1.71 
2.11 0.04 -43.49 -0.22 -0.55 -1.63 
-62.67 -0.27 -37.34 -0.15 -0.44 -1.34 
8.48 0.34 -27.46 -0.21 -0.07 -0.51 
-39.23 1.91 -17.13 -0.57 0.06 0.34 
-81.21 0.00 -12.94 -0.01 0.90 1.75 
-53.97 2.96 -20.33 -0.48 0.03 0.05 
-65.99 1.58 -22.70 -0.77 -0.70 0.34 
-33.53 2.77 -46.51 -1.51 -0.17 0.53 
-10.55 1.91 -50.14 -0.81 -0.59 0.28 
61.60 1.78 -35.92 -1.30 -0.67 0.69 
-2.29 1.55 -36.97 -0.57 -0.54 0.43 
-18.26 1.97 -35.37 -0.33 -0.34 0.03 
56.55 2.97 -24.94 -0.69 0.14 0.09 
71.76 1.61 -30.23 -0.57 0.16 0.68 
44.60 2.10 -46.66 -0.41 -0.30 -0.26 
-46.25 0.94 -55.20 -0.31 -0.48 -1.10 
24.42 0.14 -55.50 -0.12 -0.40 -1.72 
-23.87 -0.23 -55.95 -0.11 -0.44 -1.59 
75.96 0.00 -30.74 -0.28 -0.44 -0.77 
-71.23 2.23 -13.74 -0.32 0.02 0.11 
-33.71 1.27 -7.88 -0.67 0.33 0.75 
-17.64 2.36 -10.96 -0.51 0.23 0.05 
-73.36 2.13 -18.93 -0.76 0.01 0.44 
-25.19 1.91 -20.82 -0.95 -0.36 0.77 
-53.57 2.01 -43.33 -0.90 -0.46 0.49 
-3.33 1.74 -43.33 -0.72 -0.63 0.30 
14.89 1.88 -34.86 -1.23 -0.75 0.53 
42.64 1.84 -25.47 -0.97 -0.57 0.58 
7.89 2.83 -20.65 -0.54 -0.08 0.18 
48.12 2.85 -14.65 -0.53 0.18 0.03 
64.08 1.53 -18.70 -0.61 0.15 0.78 
25.47 2.96 -32.56 -0.49 -0.12 -0.15 
-20.00 0.67 -50.10 -0.19 -0.62 -1.27 
-6.88 0.40 -53.37 -0.15 -0.61 -1.47 
-3.99 0.09 -52.24 -0.18 -0.60 -1.50 
-27.02 -0.22 -48.00 -0.16 -0.59 -1.54 
66.73 0.39 -35.00 -0.44 -0.53 -0.72 
-33.74 2.72 -12.34 -0.49 0.09 0.06 
-3.82 1.70 -10.27 -0.60 0.32 0.38 
20.64 2.23 -9.83 -0.67 0.25 0.22 
-75.71 2.56 -19.69 -0.41 -0.12 0.07 
-11.73 2.01 -20.89 -1.19 -0.53 0.77 
-68.39 2.02 -40.95 -0.98 -0.60 0.50 
10.95 1.81 -41.48 -0.76 -0.61 0.25 
6.02 1.86 -35.85 -1.06 -0.60 0.59 
76.96 1.85 -20.37 -0.90 -0.51 0.53 
-3.01 2.31 -17.22 -0.61 -0.30 0.23 
0 0 0 0 0 0 
0 0 0 0 0 0 
69.44 2.56 -14.91 -0.43 -0.03 0.19 
-37.11 -0.24 -60.53 -0.10 -0.42 -1.72 
-0.71 -0.74 -55.50 0.11 -0.23 -1.01 
-3.39 1.51 -44.58 -0.23 0.10 -0.12 
-63.34 1.41 -42.20 -0.72 0.08 0.77 
14.60 1.87 -45.90 -0.42 0.33 0.10 
-7.61 1.88 -45.94 -0.71 -0.32 0.41 
-73.49 2.53 -58.57 -1.26 -0.34 0.62 
-34.87 2.35 -73.15 -0.94 -0.33 0.39 
2.61 1.97 -76.62 -0.75 -0.53 0.17 
14.92 1.95 -75.06 -0.83 -0.61 0.29 
46.59 2.07 -53.27 -1.05 -0.55 0.38 
71.60 2.01 -47.15 -0.74 -0.42 0.31 
21.86 2.82 -46.04 -0.59 0.04 0.23 
25.37 1.01 -55.91 -0.42 0.17 0.65 
-12.91 2.61 -70.64 -0.54 0.04 0.32 
7.83 1.07 -78.80 -0.25 -0.52 -0.74 
93.54 0.28 -80.89 -0.09 -0.42 -1.87 
-15.19 0.05 -81.79 -0.25 -0.42 -1.66 
-58.30 -0.65 -78.26 0.02 -0.37 -1.29 
-31.89 1.31 -57.71 -0.36 -0.27 0.18 
-10.55 1.28 -49.62 -0.64 0.49 0.63 
-24.55 2.33 -58.59 -0.29 0.14 0.03 
-68.94 1.74 -67.34 -0.85 -0.64 0.41 
58.22 2.40 -73.54 -1.21 -0.59 0.45 
52.43 2.20 -78.72 -0.90 -0.32 0.42 
19.92 1.93 -72.33 -0.93 -0.68 0.33 
8.94 2.28 -55.04 -1.04 -0.15 0.54 
29.51 1.68 -51.57 -0.77 -0.65 0.36 
100.93 2.75 -46.22 -0.45 -0.16 0.07 
79.13 1.59 -40.30 -0.58 -0.09 0.56 
-30.26 3.30 -64.27 -0.45 0.05 0.10 
22.93 0.93 -80.25 -0.22 -0.47 -1.02 
29.26 0.15 -83.03 -0.05 -0.42 -1.54 
-178.56 0.12 -80.07 -0.37 -0.54 -0.86 
11.44 0.51 -77.30 -0.56 -0.80 -0.53 
75.70 1.34 -55.92 -0.37 -0.08 0.36 
-176.63 0.12 -54.69 0.05 0.82 1.46 
-2.16 2.69 -64.21 -0.64 -0.25 0.09 
19.59 2.51 -70.64 -0.96 -0.16 0.42 
-29.90 2.30 -89.66 -1.06 -0.14 0.58 
-4.25 2.15 -89.57 -1.07 -0.52 0.43 
-5.87 2.19 -81.00 -1.05 -0.44 0.46 
51.69 2.00 -77.38 -0.95 -0.59 0.34 
38.83 2.47 -77.38 -0.44 -0.02 0.23 
42.93 0.52 -78.64 -0.20 0.25 0.69 
-6.77 1.80 -95.36 -0.46 0.00 0.52 
-28.58 1.19 -98.63 -0.14 -0.33 -0.65 
60.96 0.40 -99.90 0.00 -0.33 -1.73 
-28.79 -0.14 -98.29 -0.14 -0.35 -1.89 
-99.28 -0.29 -104.84 -0.17 -0.44 -1.08 
45.23 2.64 -87.38 -0.70 -0.13 -0.15 
-48.74 1.03 -73.98 -0.40 0.35 0.63 
-157.35 1.54 -89.94 -0.44 0.34 0.40 
25.21 2.28 -102.07 -0.67 -0.25 0.15 
37.29 2.51 -111.13 -1.19 -0.27 0.57 
-12.53 2.10 -117.23 -1.02 -0.45 0.46 
26.69 2.07 -111.64 -1.06 -0.56 0.46 
23.80 2.29 -99.93 -1.18 -0.38 0.55 
0 0 0 0 0 0 
-34.87 2.69 -100.00 -0.65 -0.31 -0.09 
-22.51 1.90 -128.41 -0.19 -0.17 -0.16 
77.63 0.17 -118.63 0.11 -0.28 -1.49 
-18.18 -0.03 -113.30 -0.11 -0.16 -2.51 
-13.47 -0.86 -116.94 0.11 -0.16 -1.35 
30.37 0.72 -108.30 -0.37 -0.34 -0.49 
-16.93 2.17 -95.06 -0.60 0.14 0.21 
13.25 1.64 -92.74 -0.62 -0.07 0.43 
-40.71 2.49 -99.47 -0.31 -0.09 0.08 
-12.52 1.92 -103.39 -1.09 -0.43 0.83 
-44.79 2.41 -119.63 -1.07 -0.15 0.55 
7.73 2.06 -116.82 -0.87 -0.47 0.39 
27.17 2.20 -105.09 -1.09 -0.40 0.53 
-3.02 1.83 -103.28 -0.83 -0.47 0.53 
0 0 0 0 0 0 
32.71 2.55 -98.24 -0.50 -0.18 0.17 
-13.51 3.00 -119.77 -0.33 0.08 0.13 
-52.41 0.73 -135.74 0.01 -0.28 -1.01 
37.99 0.18 -139.11 -0.14 -0.21 -1.98 
-41.74 -0.47 -132.23 -0.04 -0.05 -1.27 
35.14 1.03 -112.63 -0.57 -0.12 -0.70 
-59.80 1.78 -101.33 -0.45 0.19 0.20 
-8.38 1.63 -98.41 -0.63 0.16 0.49 
-21.16 3.00 -106.07 -0.61 -0.03 0.05 
-62.67 1.44 -124.05 -0.75 -0.72 0.35 
-2.90 2.42 -124.92 -1.15 -0.30 0.58 
-15.32 2.13 -130.82 -0.95 -0.24 0.59 
7.21 2.14 -121.85 -1.07 -0.29 0.64 
6.09 2.28 -120.70 -1.07 -0.27 0.58 
31.64 1.70 -117.04 -0.34 -0.28 0.21 
54.51 1.91 -120.35 -0.11 0.09 -0.06 
38.19 1.78 -122.41 -0.78 0.37 0.79 
-38.94 3.03 -132.30 -0.37 -0.11 -0.13 
33.69 0.59 -135.52 -0.10 -0.27 -1.33 
-5.85 0.19 -133.00 -0.25 -0.27 -2.05 
26.83 -0.69 -129.51 -0.01 -0.38 -1.51 
-97.27 0.70 -124.95 -0.34 -0.29 -0.58 
-116.84 1.15 -125.52 -0.53 0.19 0.51 
-78.52 3.43 -129.07 -0.77 -0.14 0.08 
-131.26 2.52 -147.04 -0.27 -0.07 -0.04 
-49.68 2.26 -152.75 -1.41 -0.87 0.33 
-45.79 2.91 -174.66 -1.22 -0.12 0.30 
3.15 2.32 -173.02 -0.91 -0.49 0.17 
-4.26 2.70 -161.04 -1.40 -0.44 0.13 
28.23 2.01 -149.14 -0.94 -0.66 0.11 
37.44 2.30 -153.47 -0.37 -0.17 0.11 
34.70 1.30 -150.27 -0.51 0.57 0.65 
0 0 0 0 0 0 
116.28 2.88 -162.82 -0.67 -0.26 -0.16 
-20.60 0.06 -161.18 -0.27 -0.12 -1.65 
33.41 -0.22 -162.69 -0.18 -0.19 -1.24 
-25.65 1.41 -152.17 -0.43 -0.17 -0.31 
71.40 0.61 -136.60 -0.38 0.26 0.78 
-21.07 2.79 -141.38 -0.47 0.11 0.05 
-12.51 2.66 -147.17 -1.24 -0.38 0.40 
-60.97 2.28 -175.06 -0.86 0.16 0.43 
0 0 0 0 0 0 
