-181.87 1.90 -311.82 -1.55 0.70 0.57 
-93.64 5.04 -73.24 0.16 -0.16 1.01 
-93.64 5.04 -73.24 0.16 -0.16 1.01 
-90.56 2.80 -74.55 0.15 -0.19 1.00 
-92.54 2.33 -74.99 0.15 -0.20 0.98 
-97.44 3.92 -75.57 0.18 -0.20 0.97 
-118.78 2.60 -76.58 0.34 -0.17 0.86 
-147.70 3.06 -81.88 0.40 -0.30 1.04 
-108.28 1.69 -88.25 0.34 -0.53 1.50 
35.57 7.70 -98.06 -0.16 -0.48 1.43 
49.26 5.12 -99.94 -0.29 -0.28 1.08 
43.64 10.14 167.44 0.00 -0.07 0.68 
-106.72 14.68 178.02 0.25 0.43 0.42 
-206.48 5.48 189.33 0.30 0.39 0.60 
-228.60 -3.65 190.22 0.46 -0.04 0.96 
-189.42 8.23 184.26 0.51 -0.57 1.24 
-72.67 9.04 176.01 0.06 -0.65 0.92 
-85.39 4.62 176.78 0.30 -0.50 0.79 
-99.90 3.00 178.67 0.29 -0.53 0.81 
-64.07 3.80 187.66 0.21 -0.81 1.31 
94.68 10.11 192.29 0.52 -0.40 1.11 
17.75 -2.16 184.97 0.34 0.17 0.53 
-76.01 -7.36 171.57 0.23 0.35 0.41 
-218.07 -2.77 161.85 0.12 0.10 0.64 
-259.62 15.00 172.81 -0.27 -0.73 1.37 
-57.77 -3.98 190.50 0.39 -0.60 1.24 
-74.87 3.66 191.40 0.34 -0.44 0.83 
-83.97 4.84 188.39 0.23 -0.57 0.96 
-97.80 6.05 176.12 0.55 -0.52 0.91 
-46.52 -2.25 157.10 0.46 -0.69 1.44 
38.32 7.73 153.27 -0.16 -0.33 1.03 
-29.02 22.07 163.05 0.20 0.19 0.48 
-160.99 10.21 174.54 0.27 0.32 0.42 
-287.30 -8.81 184.10 0.51 -0.14 0.59 
-144.45 11.41 175.00 0.24 -0.75 1.73 
-96.03 7.48 171.14 0.25 -0.55 0.85 
-104.48 2.76 171.26 0.21 -0.49 0.83 
-34.20 8.92 180.44 0.09 -0.76 1.45 
94.91 12.57 183.27 0.68 -0.01 0.99 
6.84 -10.02 173.50 0.26 0.28 0.34 
-145.33 -7.46 157.46 0.18 0.37 0.49 
-255.74 -0.28 159.13 -0.24 -0.17 0.67 
-166.15 4.64 171.82 0.01 -1.17 1.63 
-10.28 -0.01 183.05 0.59 -0.24 0.77 
-118.55 5.71 179.18 0.19 -0.36 0.95 
-104.34 7.79 176.23 0.25 -0.54 0.86 
85.69 10.19 128.26 -0.46 -0.57 1.31 
44.96 14.71 135.88 -0.15 0.03 0.43 
-114.28 14.04 149.43 0.26 0.29 0.38 
-231.69 4.06 157.42 0.38 0.27 0.43 
-243.35 -3.52 149.86 0.71 -0.35 1.51 
-89.21 9.10 133.75 -0.08 -0.79 1.24 
-92.94 8.49 135.55 0.27 -0.53 0.90 
-91.55 3.60 136.47 0.24 -0.47 0.85 
-88.15 4.96 145.26 0.04 -0.65 1.41 
125.63 14.56 140.64 0.76 -0.20 0.89 
-9.17 -3.04 129.04 0.44 0.37 0.32 
-142.96 -6.09 117.00 0.17 0.40 0.51 
-246.39 2.72 119.04 -0.09 -0.24 0.74 
-214.80 4.74 133.57 -0.06 -0.84 1.54 
-28.43 0.98 146.21 0.51 -0.56 1.03 
-87.25 2.04 147.17 0.32 -0.33 0.84 
-90.76 6.80 144.14 0.18 -0.38 0.96 
-96.91 6.62 142.14 0.26 -0.44 0.87 
-143.52 9.97 133.92 0.50 -0.42 0.81 
-22.54 5.16 112.13 0.07 -0.88 1.46 
53.80 10.98 105.10 -0.09 -0.56 1.04 
12.38 11.87 114.22 0.00 0.05 0.32 
-117.30 16.32 127.38 0.37 0.38 0.58 
-223.21 -0.33 136.33 0.46 0.14 0.68 
-211.10 7.30 135.00 0.75 -0.56 1.19 
-130.45 6.31 118.86 0.10 -0.70 1.17 
-85.08 6.92 117.48 0.15 -0.54 0.81 
-78.25 4.77 117.57 0.32 -0.51 0.85 
-95.59 3.88 117.92 0.27 -0.46 0.87 
-113.58 3.20 121.90 -0.03 -0.68 0.72 
49.50 6.70 123.77 0.55 -0.94 1.56 
76.25 7.74 124.41 0.52 -0.06 0.77 
-17.54 0.96 116.39 0.27 0.31 0.56 
-114.90 -7.49 102.79 0.13 0.37 0.43 
-182.25 1.53 97.62 0.14 0.03 0.84 
-272.89 2.69 110.77 -0.16 -0.53 0.90 
-118.56 -0.98 126.51 0.29 -1.24 1.32 
-29.75 0.08 129.79 0.55 -0.21 0.64 
-113.17 5.65 126.27 0.25 -0.61 0.85 
-81.08 6.57 123.67 0.25 -0.64 0.85 
-114.83 6.80 121.22 0.62 -0.52 0.78 
-66.67 13.45 99.75 0.46 -1.03 1.37 
41.39 11.52 85.93 -0.05 -0.58 1.25 
68.30 17.38 92.23 0.05 -0.22 0.58 
-104.70 17.76 106.34 0.08 0.41 0.37 
-226.00 3.54 115.16 0.38 0.44 0.68 
-261.85 -7.09 115.80 0.56 -0.29 0.66 
-200.80 2.14 109.62 0.58 -0.88 1.22 
-76.63 8.76 107.49 0.20 -0.61 0.83 
-80.97 4.09 106.99 0.42 -0.53 0.68 
-117.22 3.62 107.59 0.12 -0.73 0.69 
14.56 11.97 115.60 0.44 -1.03 1.33 
54.65 9.11 113.71 0.53 -0.41 1.02 
15.41 8.04 109.05 0.33 0.11 0.50 
-63.92 -7.04 96.63 0.25 0.47 0.54 
-165.19 -0.86 87.04 0.15 0.21 0.77 
-217.02 -1.26 88.36 0.04 -0.35 0.74 
-231.48 5.35 102.53 0.02 -0.86 1.30 
-45.29 -4.57 115.49 0.67 -0.86 0.99 
-79.86 0.79 114.98 0.38 -0.59 0.71 
-112.71 12.02 114.97 0.40 -0.69 0.78 
-108.82 9.78 101.51 0.56 -0.67 0.87 
-6.31 10.21 82.65 0.17 -0.97 1.15 
47.45 10.85 76.41 -0.12 -0.53 1.04 
-2.10 13.58 88.82 0.10 0.06 0.55 
-125.24 10.37 105.20 0.30 0.27 0.58 
-222.54 -2.16 113.28 0.43 0.06 0.49 
-234.93 -2.86 110.81 0.84 -0.61 1.17 
-105.97 15.95 99.29 0.19 -1.04 1.02 
-85.32 6.07 99.41 0.31 -0.73 0.66 
-104.21 1.72 101.90 0.24 -0.67 0.72 
28.45 11.94 102.42 0.34 -0.85 1.16 
64.96 13.69 103.09 0.62 -0.15 0.81 
-34.46 -3.08 95.17 0.33 0.37 0.53 
-105.59 -4.86 81.69 0.33 0.35 0.70 
-237.49 1.27 117.76 0.21 -1.15 1.44 
-59.58 -2.77 131.92 0.21 -0.44 0.77 
-97.37 4.82 128.35 0.31 -0.47 0.89 
-126.45 4.86 120.88 0.21 -0.54 0.75 
-66.17 11.53 111.99 0.65 -0.48 1.05 
-10.46 8.47 96.14 0.24 -0.63 1.33 
-43.64 -0.50 89.66 -0.02 -0.72 1.09 
-25.67 16.03 100.48 0.08 0.23 0.33 
-180.03 5.05 115.65 0.39 0.32 0.45 
-269.69 -7.37 118.72 0.78 -0.76 0.75 
-139.87 8.47 114.33 0.46 -0.86 1.08 
-89.22 7.61 110.97 0.26 -0.62 0.63 
-88.29 4.16 109.93 0.47 -0.73 0.64 
-94.76 6.09 109.76 0.37 -0.73 0.71 
-48.52 10.88 110.89 0.27 -1.01 1.02 
32.94 8.21 114.42 0.73 -0.62 1.00 
28.22 4.51 105.83 0.45 -0.07 0.68 
-73.65 -2.52 93.29 0.35 0.17 0.69 
-145.91 1.13 82.67 0.14 0.22 0.76 
-166.01 0.35 82.59 0.09 -0.12 0.79 
-210.86 3.81 93.58 0.08 -0.67 0.98 
-120.23 -0.37 104.81 0.38 -1.01 1.08 
-62.05 -0.30 109.59 0.46 -0.57 0.75 
-94.05 5.07 107.85 0.30 -0.74 0.71 
-10.64 9.00 65.29 0.21 -0.94 1.05 
94.00 15.99 58.16 -0.09 -0.53 0.83 
-31.97 11.84 68.75 0.13 -0.07 0.65 
-122.16 3.41 80.72 0.23 0.16 0.57 
-246.12 -5.41 87.06 0.39 -0.16 0.55 
-221.64 -3.68 87.60 0.87 -0.51 1.16 
-66.90 12.07 75.69 -0.01 -1.14 0.98 
-87.30 5.48 75.62 0.28 -0.47 0.62 
-91.68 2.97 76.08 0.40 -0.57 0.72 
-97.03 4.47 76.54 0.32 -0.68 0.66 
-79.58 5.70 82.84 0.26 -1.07 1.10 
54.90 6.05 86.67 0.66 -0.50 1.06 
65.06 7.90 79.16 0.37 0.06 0.52 
-62.79 2.47 67.29 0.25 0.23 0.68 
-147.64 0.42 56.30 0.08 0.11 0.67 
-197.71 -1.43 56.31 -0.03 -0.31 0.79 
-267.89 -1.85 70.88 0.03 -0.93 1.06 
-73.30 -5.61 84.29 0.58 -1.06 1.06 
-71.98 2.72 84.74 0.49 -0.45 0.67 
-92.87 6.35 82.42 0.26 -0.77 0.77 
-56.93 8.16 49.75 0.39 -1.03 1.12 
63.41 16.83 37.08 0.02 -0.81 0.99 
62.83 18.36 39.94 0.07 -0.06 0.73 
-58.62 9.04 53.37 0.23 0.21 0.48 
-220.03 6.28 67.93 0.32 0.22 0.52 
-255.82 -9.27 70.68 0.57 -0.59 0.58 
-198.57 12.18 60.09 0.64 -1.41 1.11 
-47.57 9.50 57.45 0.22 -0.55 0.51 
-78.03 6.50 55.99 0.43 -0.72 0.72 
-107.80 3.57 56.74 0.16 -0.77 0.66 
4.20 8.63 64.58 0.49 -1.09 0.98 
88.81 8.22 60.99 0.65 -0.21 0.71 
-15.78 2.78 45.49 0.40 0.08 0.72 
-117.16 -0.91 31.95 0.15 0.12 0.68 
-204.02 -0.99 31.21 -0.12 -0.31 0.72 
-240.93 -2.33 43.81 0.04 -0.91 1.00 
-86.61 -8.20 59.02 0.86 -1.45 0.91 
-76.24 3.36 56.77 0.45 -0.63 0.54 
-88.35 7.03 53.98 0.30 -0.82 0.64 
-98.64 4.87 53.43 0.37 -0.89 0.66 
-112.03 5.25 51.67 0.78 -0.74 0.65 
-45.20 8.56 32.14 0.44 -0.98 0.87 
-7.97 18.15 17.65 0.05 -0.72 0.78 
28.25 17.24 18.98 -0.04 -0.29 0.73 
-83.38 7.35 34.13 0.05 0.31 0.37 
-211.41 1.32 49.93 0.37 0.07 0.53 
-250.70 -13.55 55.20 0.81 -0.63 0.60 
-176.12 12.78 44.66 0.70 -1.52 1.04 
-59.24 9.92 41.00 0.22 -0.57 0.54 
-97.09 2.83 41.70 0.45 -0.60 0.66 
-105.82 4.11 41.90 0.21 -0.78 0.62 
-45.54 2.09 48.56 0.28 -1.30 1.03 
73.21 10.33 44.20 0.92 -0.54 0.90 
18.84 6.49 33.77 0.29 0.02 0.50 
-90.74 -1.20 20.12 0.23 0.29 0.70 
-169.40 -1.59 12.23 0.10 0.03 0.74 
-250.48 -1.65 21.20 -0.01 -0.59 0.79 
-181.81 -5.90 33.13 0.46 -1.47 1.21 
-50.90 -2.77 35.71 0.63 -0.59 0.75 
-95.91 5.62 35.72 0.37 -0.85 0.57 
-92.48 5.81 34.87 0.33 -0.78 0.63 
-98.79 8.37 31.44 0.53 -0.74 0.61 
-76.92 13.95 16.17 0.57 -0.85 0.91 
75.91 17.04 -4.52 -0.20 -0.72 0.81 
24.05 13.34 -2.02 0.13 -0.16 0.76 
-57.26 15.63 12.63 0.11 0.20 0.56 
-182.55 1.27 24.23 0.39 0.24 0.62 
-241.61 -4.47 26.94 0.47 -0.48 0.59 
-217.32 2.32 21.32 0.66 -1.04 1.05 
-60.13 12.82 17.63 0.33 -0.75 0.63 
-82.38 3.74 17.32 0.49 -0.74 0.53 
-120.32 1.88 21.00 0.32 -0.90 0.65 
-20.42 10.86 21.11 0.53 -0.82 0.90 
-65.80 2.40 -6.52 0.26 0.10 0.62 
-162.30 1.06 -17.55 0.02 0.12 0.61 
-229.93 -6.42 -12.98 0.04 -0.39 0.62 
-143.32 -3.80 -1.47 0.32 -1.35 0.95 
-46.80 -0.94 8.82 0.66 -0.87 0.63 
-100.53 -2.08 8.62 0.47 -0.64 0.57 
-91.48 5.86 6.90 0.36 -0.82 0.65 
-83.37 5.35 5.39 0.37 -0.76 0.60 
-98.03 6.39 1.05 0.76 -0.60 0.60 
-10.61 15.83 -24.85 0.46 -1.15 1.12 
22.66 17.75 -36.50 0.03 -0.74 0.90 
-15.07 12.83 -29.84 -0.06 -0.03 0.53 
-86.24 8.78 -16.79 0.19 0.38 0.48 
-235.21 -3.09 -5.94 0.28 0.03 0.39 
-256.95 -10.46 -2.60 0.96 -0.60 1.02 
-164.38 9.53 -9.91 0.37 -1.53 1.11 
-78.77 6.26 -11.11 0.32 -0.80 0.53 
-83.03 2.45 -12.07 0.44 -0.66 0.56 
-97.38 4.44 -12.41 0.42 -0.73 0.59 
-92.65 3.29 -8.42 0.16 -1.21 0.82 
111.51 11.97 -12.54 1.12 -0.64 1.02 
33.07 9.96 -20.01 0.64 -0.13 0.82 
-52.03 -4.08 -34.58 0.19 0.32 0.47 
-172.32 -1.89 -45.98 0.05 0.06 0.54 
-211.63 2.08 -38.29 -0.06 -0.40 0.92 
-191.59 -3.59 -23.50 0.36 -1.37 1.08 
-2.82 -3.66 -14.84 0.88 -0.46 0.78 
-123.74 1.30 -17.93 0.42 -0.72 0.64 
-92.09 7.81 -20.25 0.37 -0.68 0.73 
-104.69 5.23 -21.28 0.39 -0.68 0.59 
-119.48 7.68 -25.55 0.49 -0.79 0.65 
-96.06 11.13 -34.49 0.58 -0.96 0.81 
-9.03 15.79 -52.71 0.44 -1.11 1.03 
41.79 12.18 -53.96 -0.16 -0.42 0.80 
-58.98 19.66 -37.19 0.10 0.32 0.42 
-171.62 2.24 -25.87 0.38 0.27 0.64 
-239.52 -4.02 -23.17 0.53 -0.48 0.79 
-218.17 -0.40 -29.75 0.71 -1.14 1.22 
-39.85 12.00 -35.66 0.35 -0.59 0.70 
-76.35 4.26 -35.66 0.40 -0.62 0.56 
-93.94 2.60 -36.03 0.50 -0.66 0.77 
-103.81 5.63 -33.49 0.20 -0.78 0.73 
-15.74 10.32 -30.71 0.54 -0.86 1.07 
26.96 8.83 -32.81 0.52 -0.37 0.88 
-20.14 2.06 -38.42 0.35 0.20 0.70 
-86.16 -0.98 -52.97 0.27 0.22 0.54 
-174.90 -1.86 -63.47 0.14 0.03 0.71 
-227.59 -0.94 -55.74 -0.02 -0.52 0.76 
-196.31 0.25 -40.39 0.23 -0.98 1.10 
-74.29 -7.20 -30.15 0.79 -0.85 0.81 
-99.80 1.27 -32.19 0.46 -0.62 0.61 
-103.36 6.70 -34.43 0.34 -0.74 0.67 
-94.78 6.94 -35.36 0.51 -0.76 0.64 
-58.35 12.79 -47.64 0.62 -0.73 0.83 
-0.95 15.93 -68.68 0.36 -0.86 1.03 
0.01 11.84 -75.85 0.04 -0.33 1.05 
-10.58 15.06 -66.52 0.18 -0.17 0.71 
-124.13 9.17 -50.63 0.26 0.41 0.54 
-209.88 -1.89 -43.08 0.35 -0.02 0.52 
-237.61 -16.30 -42.28 0.95 -0.84 0.82 
-121.30 18.63 -50.78 0.76 -1.10 0.90 
-72.63 8.64 -55.42 0.23 -0.81 0.50 
-90.27 3.12 -53.93 0.60 -0.72 0.68 
-85.74 4.98 -54.32 0.43 -0.79 0.61 
-74.32 5.74 -53.82 0.26 -0.83 0.79 
36.07 10.51 -50.82 0.52 -0.73 1.10 
74.58 15.90 -53.26 0.63 -0.17 0.79 
-12.83 -0.51 -61.82 0.26 0.22 0.43 
-161.03 -7.85 -75.54 0.18 0.15 0.50 
-205.55 -6.75 -72.66 0.10 -0.33 0.85 
-266.95 2.11 -57.83 0.20 -1.27 1.21 
-15.51 1.57 -48.92 0.83 -0.63 0.89 
-103.79 -0.30 -51.01 0.41 -0.63 0.71 
-98.49 5.90 -54.61 0.35 -0.57 0.78 
-88.43 9.08 -60.97 0.93 -0.55 0.93 
-88.59 13.70 -74.70 0.56 -0.69 1.39 
56.75 13.92 -85.98 -0.11 -0.41 1.06 
-38.89 19.79 -74.38 0.02 0.02 0.37 
-152.64 6.64 -63.30 0.26 0.35 0.37 
-255.50 -16.61 -55.75 0.61 -0.09 0.54 
-249.59 -1.68 -55.66 0.90 -0.72 1.16 
-45.35 12.43 -62.26 0.37 -0.73 0.84 
-82.98 3.97 -60.00 0.44 -0.61 0.70 
-85.15 1.62 -59.36 0.50 -0.59 0.80 
-83.64 -0.82 -59.38 0.48 -0.59 0.80 
-109.02 5.91 -59.39 0.25 -0.60 0.76 
-101.78 4.84 -57.93 0.18 -0.88 1.08 
43.67 3.80 -50.96 0.89 -0.82 1.37 
60.54 4.16 -49.96 0.78 -0.41 0.91 
67.48 6.39 -54.21 0.34 0.33 0.31 
-12.19 0.38 -59.14 0.24 0.41 0.45 
-94.13 -1.61 -68.99 0.17 0.35 0.50 
-175.29 -0.92 -72.99 0.06 0.19 0.73 
-165.38 1.32 -75.42 0.05 -0.16 0.85 
-261.80 -0.17 -72.05 -0.01 -0.29 0.82 
-220.70 -2.11 -63.80 0.30 -0.85 1.11 
-164.35 -1.88 -58.09 0.34 -1.00 1.19 
-62.75 -1.55 -55.71 0.52 -0.65 0.66 
-95.41 5.73 -63.33 0.56 -0.57 0.78 
-95.41 5.73 -63.33 0.56 -0.57 0.78 
-2.02 10.72 -75.76 0.47 -0.55 1.22 
35.02 17.58 -89.41 -0.01 -0.50 0.98 
-124.70 4.74 -72.83 0.09 0.15 0.53 
-53.83 4.20 -66.66 0.36 -0.81 1.18 
-135.12 -0.75 -104.86 0.06 0.26 0.62 
-203.99 -1.83 -99.38 -0.04 -0.29 0.67 
-273.12 0.76 -80.01 0.26 -0.95 1.17 
-21.41 -1.18 -73.55 0.84 -0.56 1.05 
-68.48 1.64 -77.43 0.36 -0.63 0.75 
-110.61 5.35 -78.96 0.43 -0.60 0.79 
-100.10 6.93 -81.92 0.52 -0.61 0.75 
-43.21 10.44 -95.33 0.61 -0.95 1.28 
34.50 9.95 -110.06 0.24 -0.52 1.15 
34.44 16.42 -112.15 0.12 -0.14 0.77 
-99.80 14.00 -100.85 0.04 0.32 0.32 
-169.04 -3.49 -94.41 0.39 -0.14 0.54 
-240.99 -6.71 -90.45 0.92 -0.45 1.27 
-117.72 10.37 -100.19 0.57 -0.62 1.14 
-89.03 7.11 -104.53 0.23 -0.48 0.75 
-83.41 4.36 -103.59 0.43 -0.46 0.84 
-78.37 3.32 -102.14 0.46 -0.53 0.88 
-84.86 4.68 -102.28 0.42 -0.38 0.86 
-85.32 9.49 -100.02 0.23 -0.61 1.37 
46.67 9.94 -98.68 0.70 -0.51 1.05 
32.64 0.49 -105.25 0.47 0.20 0.63 
-60.39 -0.96 -116.97 0.26 0.27 0.54 
-163.77 -1.21 -123.26 0.10 0.14 0.73 
-203.86 3.95 -117.33 0.06 -0.29 0.81 
-220.05 3.54 -104.35 -0.06 -0.55 1.14 
-55.03 -5.13 -97.29 0.73 -0.43 1.04 
-78.11 3.23 -100.03 0.37 -0.53 0.80 
-96.32 7.25 -102.67 0.37 -0.59 0.82 
-58.96 5.20 -123.48 0.46 -0.76 1.09 
30.88 14.60 -139.29 0.25 -0.34 1.30 
14.05 13.14 -138.13 0.07 0.03 0.79 
-79.48 15.11 -126.33 0.22 0.28 0.43 
-167.37 6.63 -119.64 0.38 0.49 0.52 
-246.39 -2.27 -117.87 0.61 -0.06 0.82 
-185.70 2.00 -122.42 0.50 -0.55 1.26 
-85.52 9.35 -131.39 0.24 -0.63 0.99 
-85.26 6.08 -130.68 0.39 -0.52 0.82 
-93.55 4.08 -130.02 0.33 -0.54 0.80 
-115.76 6.14 -128.49 0.21 -0.62 0.86 
-39.73 6.98 -123.85 0.36 -0.79 1.21 
37.81 4.85 -124.56 0.65 -0.32 0.90 
24.89 2.39 -135.10 0.46 0.24 0.83 
-85.89 -1.40 -147.30 0.33 0.41 0.59 
-158.70 -0.68 -155.74 0.22 0.18 0.71 
-221.96 1.10 -146.01 0.04 -0.41 0.76 
-214.93 2.48 -129.30 0.16 -0.77 1.25 
-40.51 -1.74 -121.95 0.77 -0.56 1.04 
-68.39 3.12 -124.93 0.39 -0.62 0.80 
-51.58 14.65 -123.82 0.30 -0.38 0.99 
-100.12 8.50 -126.44 0.14 -0.30 0.93 
-96.80 4.28 -127.47 0.13 -0.31 0.99 
-97.64 5.90 -127.68 0.30 -0.26 0.93 
-136.27 4.04 -135.72 0.47 -0.30 1.04 
8.20 5.85 -152.73 0.11 -0.57 1.47 
46.14 7.54 -158.39 -0.06 -0.19 0.88 
-22.50 14.87 -151.63 0.15 0.13 0.59 
-121.25 7.55 -141.68 0.39 0.42 0.59 
-222.23 5.38 -136.61 0.46 0.18 0.57 
-195.84 -1.87 -138.06 0.72 -0.19 1.44 
-89.53 8.41 -148.82 0.12 -0.50 1.10 
-92.48 4.97 -149.41 0.25 -0.33 0.86 
-90.05 4.41 -148.44 0.37 -0.36 0.93 
-110.96 8.00 -147.13 0.22 -0.42 0.88 
-82.27 7.89 -142.80 0.26 -0.70 1.40 
63.13 8.26 -141.15 0.60 -0.24 1.08 
9.28 -1.18 -154.01 0.54 0.07 0.64 
-100.87 -3.17 -167.36 0.14 0.36 0.43 
-181.33 -3.24 -167.52 -0.04 -0.22 0.67 
-220.09 8.11 -149.11 0.00 -0.75 1.50 
-61.19 -0.65 -131.67 0.70 -0.40 1.17 
-112.70 2.37 -132.66 0.39 -0.34 0.70 
-103.21 8.30 -137.38 0.37 -0.47 0.90 
-139.11 5.57 -149.04 0.62 -0.66 0.85 
3.60 8.90 -172.32 0.20 -0.89 1.36 
61.57 11.17 -179.29 -0.10 -0.52 1.05 
-22.28 19.90 -166.86 0.15 -0.04 0.47 
-175.38 8.46 -152.72 0.28 0.24 0.39 
-226.67 -5.33 -147.04 0.67 -0.11 0.82 
-217.30 7.79 -153.98 0.75 -0.67 1.47 
-85.03 9.45 -163.68 0.04 -0.69 0.93 
-91.84 4.47 -162.79 0.34 -0.54 0.76 
-95.45 6.04 -161.91 0.23 -0.58 0.86 
-41.30 9.67 -157.61 0.34 -0.74 1.24 
52.45 5.26 -160.79 0.63 -0.19 0.98 
-5.61 0.89 -171.59 0.47 0.18 0.71 
-118.58 0.96 -186.76 0.12 0.12 0.61 
-187.87 1.21 -184.76 -0.10 -0.20 0.67 
-212.47 3.12 -170.12 0.11 -0.86 1.23 
-80.88 -2.11 -157.88 0.60 -0.60 1.13 
-97.38 2.02 -157.63 0.31 -0.54 0.71 
-104.81 7.16 -160.52 0.37 -0.61 0.80 
-99.96 7.02 -170.23 0.51 -0.68 0.94 
15.26 9.53 -195.56 0.32 -0.90 1.11 
37.10 10.85 -198.25 -0.19 -0.37 1.10 
-19.90 19.41 -188.76 0.08 -0.01 0.50 
-219.11 -5.60 -164.85 0.82 -0.36 1.13 
-112.41 14.80 -177.38 0.26 -0.87 1.10 
-68.61 6.70 -181.18 0.25 -0.58 0.68 
-105.08 4.37 -180.91 0.43 -0.55 0.80 
-126.72 9.52 -176.95 0.12 -0.74 1.03 
62.27 3.68 -169.01 0.65 -0.72 1.24 
43.11 3.06 -176.16 0.61 0.04 0.72 
-51.48 0.92 -187.00 0.35 0.32 0.67 
-155.04 -1.97 -199.99 0.05 0.23 0.39 
-209.61 -3.27 -199.52 0.01 -0.05 0.67 
-220.76 -0.20 -185.36 0.17 -0.86 1.22 
-44.57 -2.85 -172.94 0.76 -0.76 1.09 
-94.38 2.38 -172.46 0.45 -0.56 0.71 
-103.93 6.53 -175.50 0.36 -0.61 0.81 
-101.97 7.49 -176.88 0.45 -0.60 0.73 
-43.74 7.23 -196.61 0.72 -0.75 1.21 
46.95 16.39 -214.41 0.00 -0.35 1.14 
2.51 21.49 -210.49 -0.02 -0.18 0.62 
-75.98 12.39 -194.99 0.19 0.19 0.39 
-196.60 -0.97 -185.79 0.42 0.46 0.49 
-262.22 -6.20 -180.67 0.80 -0.38 1.15 
-111.85 16.07 -191.94 0.36 -0.77 1.23 
-67.67 5.66 -197.47 0.17 -0.56 0.74 
-101.44 4.36 -195.47 0.41 -0.48 0.79 
-117.71 7.70 -191.44 0.15 -0.69 0.97 
2.04 13.56 -185.00 0.29 -0.89 1.13 
69.16 5.27 -190.63 0.52 -0.04 0.84 
-37.22 3.36 -198.53 0.29 0.44 0.60 
-129.28 -7.62 -213.08 0.15 0.13 0.51 
-183.29 -0.64 -216.23 0.05 -0.09 0.77 
-229.41 1.12 -204.02 -0.02 -0.51 0.86 
-172.12 -2.96 -187.00 0.39 -1.06 1.18 
-56.66 -0.18 -183.14 0.64 -0.41 0.75 
-94.85 4.93 -187.05 0.33 -0.63 0.76 
-86.53 6.82 -189.00 0.31 -0.67 0.78 
-66.04 9.55 -197.83 0.78 -0.52 0.92 
-44.28 9.24 -216.11 0.36 -0.65 1.22 
33.74 12.99 -228.17 -0.19 -0.33 1.08 
-4.21 17.37 -221.30 -0.05 -0.03 0.50 
-214.46 5.53 -200.87 0.29 0.47 0.46 
-219.41 -8.19 -199.08 0.67 -0.32 1.02 
-144.91 7.45 -206.02 0.47 -0.66 1.19 
-91.67 9.75 -211.06 0.21 -0.77 0.86 
-83.09 4.49 -209.56 0.43 -0.60 0.80 
-100.64 4.11 -210.25 0.30 -0.64 0.77 
-67.27 7.17 -203.60 0.19 -0.90 1.20 
70.89 8.86 -207.01 0.80 -0.26 0.97 
19.38 4.29 -216.50 0.39 0.25 0.67 
-62.54 -4.11 -229.29 0.14 0.33 0.52 
-169.15 1.11 -234.19 -0.01 0.14 0.61 
-271.29 1.17 -221.44 -0.05 -0.60 0.90 
-146.51 -1.94 -206.78 0.28 -1.09 1.23 
-51.97 1.40 -202.22 0.66 -0.38 0.81 
-97.57 3.42 -208.37 0.29 -0.59 0.79 
-89.90 6.95 -211.76 0.25 -0.52 0.82 
-94.73 5.15 -214.07 0.51 -0.48 0.77 
-82.20 9.57 -223.61 0.54 -0.73 1.10 
61.28 18.61 -242.90 -0.02 -0.34 1.22 
-23.34 6.81 -242.63 -0.06 -0.34 0.67 
-92.93 11.17 -228.57 0.31 0.15 0.49 
-208.38 4.87 -213.98 0.40 0.12 0.61 
-230.25 -4.16 -210.90 0.66 -0.42 0.86 
-150.63 9.92 -217.63 0.23 -0.93 1.16 
-59.70 7.68 -223.17 0.20 -0.76 0.73 
-85.92 3.97 -222.82 0.38 -0.62 0.70 
-82.49 3.99 -223.86 0.39 -0.59 0.79 
-109.12 7.22 -222.06 0.09 -0.68 0.75 
-7.07 8.94 -212.64 0.34 -0.67 1.37 
47.04 4.42 -218.67 0.40 0.08 0.99 
-37.72 3.40 -226.65 0.24 0.13 0.50 
-105.32 -6.20 -238.72 0.26 0.27 0.54 
-145.11 -2.16 -246.78 -0.04 0.03 0.54 
-87.85 8.18 47.71 0.27 -0.35 0.95 
-111.51 5.66 44.08 0.34 -0.31 0.91 
-97.71 5.98 41.01 0.15 -0.44 0.94 
-88.47 5.82 41.59 0.18 -0.44 0.95 
-65.38 6.73 36.05 0.59 -0.30 1.24 
53.30 11.30 26.51 -0.27 -0.45 1.29 
10.67 14.90 37.16 0.05 0.01 0.28 
-171.79 14.09 43.38 0.32 0.47 0.45 
-257.55 -3.14 40.54 0.59 -0.19 1.07 
-131.69 0.00 30.79 0.46 -0.86 1.44 
-72.44 7.08 25.45 0.21 -0.51 0.98 
-93.80 7.38 29.00 0.11 -0.46 0.78 
-94.60 8.26 39.95 0.09 -0.66 1.51 
54.60 4.48 42.54 0.64 0.03 1.30 
27.69 -7.49 34.17 0.23 0.04 0.18 
-167.69 -6.68 24.30 0.12 0.32 0.47 
-289.62 9.52 32.34 -0.17 -0.26 1.10 
-70.62 12.91 51.46 0.54 -1.04 1.53 
-76.66 2.01 53.15 0.36 -0.38 0.83 
-117.56 9.82 48.75 0.49 -0.42 0.86 
-17.87 -1.33 28.99 -0.02 -0.85 1.61 
84.29 8.31 21.91 -0.17 -0.38 0.92 
-19.77 13.67 27.48 0.11 0.24 0.37 
-196.03 18.35 34.44 0.38 0.63 0.41 
-241.87 -0.91 36.95 0.36 -0.17 0.84 
-172.43 6.39 28.33 0.40 -0.35 1.43 
-64.91 8.48 22.78 0.00 -0.56 1.00 
-100.70 5.44 23.34 0.17 -0.33 0.86 
29.76 13.54 30.32 0.17 -0.35 1.45 
74.41 2.26 31.71 0.58 0.31 0.50 
-48.99 -11.61 22.90 0.26 0.43 0.32 
-212.19 0.72 16.41 0.01 0.30 0.63 
-250.60 9.21 24.77 -0.22 -0.21 1.16 
-114.93 5.95 41.43 0.23 -1.08 1.49 
-86.31 0.98 44.94 0.33 -0.22 0.71 
-115.83 6.32 40.36 0.16 -0.35 1.00 
-107.16 3.66 28.76 0.28 -0.67 1.04 
74.12 5.23 11.24 -0.11 -0.29 1.61 
66.59 14.28 16.09 -0.17 0.02 0.73 
-108.28 13.51 25.61 0.21 0.34 0.06 
-263.64 3.47 32.58 0.47 -0.03 0.56 
-89.36 4.75 5.92 0.02 -0.42 0.90 
-97.58 7.48 5.99 0.01 -0.35 0.93 
8.08 5.41 13.50 0.17 -0.33 1.47 
96.16 2.90 12.44 0.59 0.20 0.67 
-52.57 -4.01 3.95 0.15 0.38 0.32 
-184.87 -1.46 -5.27 -0.02 0.24 0.50 
-284.69 5.97 -3.49 -0.18 -0.08 1.02 
-153.95 5.97 8.99 0.01 -0.47 1.40 
-88.90 -0.17 13.77 0.31 -0.23 0.80 
-101.34 7.23 9.93 0.18 -0.38 1.06 
69.12 2.85 -30.69 -0.33 -0.20 1.18 
45.77 13.55 -27.29 0.05 -0.02 0.56 
-153.03 15.92 -18.49 0.31 0.39 0.32 
-266.96 4.89 -13.62 0.23 0.07 0.61 
-172.36 -0.22 -19.25 0.59 -0.14 1.31 
-83.90 11.65 -33.35 -0.04 -0.54 1.05 
-87.01 5.97 -34.09 0.15 -0.48 0.84 
-85.57 7.20 -31.46 -0.07 -0.52 1.04 
53.41 2.30 -24.52 0.41 -0.40 1.27 
54.89 10.65 -25.47 0.51 0.32 0.73 
-61.52 -9.77 -34.12 0.30 0.35 0.25 
-185.10 -4.49 -45.77 0.22 0.23 0.56 
-252.25 3.42 -39.79 -0.07 -0.42 0.95 
-171.18 8.37 -20.97 0.21 -1.01 1.80 
-61.07 -0.96 -13.21 0.53 -0.48 0.86 
-104.22 4.74 -17.19 0.25 -0.52 0.93 
-90.63 4.98 -20.62 0.14 -0.50 0.89 
-130.56 8.73 -24.62 0.57 -0.60 0.79 
18.67 6.34 -45.50 -0.01 -0.75 1.53 
78.72 12.92 -53.01 -0.21 -0.47 0.94 
6.90 17.24 -41.62 0.11 0.03 0.57 
-151.28 7.93 -31.12 0.26 0.49 0.13 
-292.22 -0.07 -29.39 0.61 -0.45 0.89 
-177.63 13.54 -37.80 0.66 -1.02 1.63 
-72.99 6.19 -42.96 -0.03 -0.42 0.74 
-106.51 5.11 -40.15 0.24 -0.58 0.75 
-87.63 1.72 -29.15 0.19 -1.08 1.45 
121.64 5.08 -27.41 0.75 -0.45 1.02 
14.20 -0.96 -36.27 0.48 0.11 0.57 
-117.23 -8.88 -54.09 0.10 0.27 0.32 
-260.77 3.05 -52.82 -0.12 -0.23 0.77 
-282.77 1.24 -32.96 0.07 -0.88 1.36 
-62.52 -1.59 -24.57 0.70 -0.75 0.95 
-85.92 4.26 -24.55 0.38 -0.58 0.69 
-114.63 18.64 -34.67 0.92 -0.85 1.18 
122.65 10.96 -52.71 -0.13 -0.48 1.15 
39.72 14.55 -45.29 0.04 -0.02 0.64 
-158.60 -2.09 -36.10 0.46 0.30 0.21 
-278.16 0.32 -29.79 0.83 -0.41 0.88 
-178.97 5.59 -36.00 0.38 -0.94 1.37 
-70.20 7.36 -39.22 0.20 -0.71 0.76 
-102.31 6.07 -37.68 0.07 -0.62 0.97 
100.95 5.13 -43.84 0.72 -0.63 1.09 
67.35 8.40 -47.52 0.51 0.36 0.49 
-100.99 -10.02 -58.01 0.40 0.50 0.52 
-215.32 0.74 -64.18 -0.04 0.19 0.67 
-278.27 5.67 -48.25 -0.08 -0.61 1.13 
-114.69 -2.24 -29.66 0.44 -1.72 1.20 
-58.18 -0.69 -27.97 0.51 -0.41 0.53 
-131.40 5.75 -29.60 0.38 -0.68 0.89 
-123.98 7.86 -36.24 0.61 -0.70 0.84 
72.72 16.74 -63.94 0.00 -1.01 1.27 
11.04 5.46 -62.83 -0.18 -0.21 0.83 
-21.17 18.64 -52.64 0.24 0.21 0.41 
-152.82 13.56 -38.78 0.37 0.44 0.44 
-300.17 1.10 -31.92 0.56 -0.12 0.70 
-229.29 5.77 -35.09 0.68 -0.87 1.51 
-82.89 9.58 -42.90 0.19 -0.63 0.72 
-65.22 9.04 -40.85 0.31 -0.66 0.67 
-23.19 3.59 -37.82 0.08 -1.02 1.43 
90.45 10.61 -35.83 0.54 -0.34 0.82 
40.94 2.75 -44.34 0.55 0.22 0.78 
-59.12 -10.90 -58.62 0.13 0.26 0.24 
-193.28 -1.79 -66.67 0.10 0.19 0.61 
-292.65 -0.56 -43.33 0.09 -0.53 0.92 
-139.64 4.66 -27.41 0.42 -1.19 1.28 
-61.16 -0.22 -26.68 0.51 -0.39 0.65 
-102.79 10.07 -30.66 0.52 -0.68 0.79 
-44.24 10.94 -48.64 0.45 -0.96 1.24 
77.48 9.76 -64.21 0.00 -0.43 1.15 
33.83 23.18 -59.80 -0.04 -0.16 0.67 
-104.00 14.28 -45.49 0.25 0.37 0.38 
-246.02 4.91 -34.26 0.41 0.28 0.59 
-245.84 -7.74 -36.04 0.81 -0.75 1.05 
-123.12 15.43 -47.32 0.24 -1.23 1.28 
-58.64 8.70 -49.48 0.24 -0.67 0.68 
-84.86 7.31 -50.23 0.19 -0.65 0.94 
36.22 7.19 -45.92 0.46 -0.84 1.41 
90.11 15.67 -44.26 0.68 0.27 0.60 
-22.65 -10.66 -57.82 0.29 0.41 0.31 
-129.22 -2.19 -71.74 0.03 0.47 0.50 
-237.25 0.95 -79.16 0.00 0.19 0.81 
-220.06 4.36 -70.60 -0.13 -0.74 1.50 
-10.07 6.20 -54.87 0.38 -0.27 1.24 
-72.52 3.25 -48.76 0.31 -0.13 0.74 
-103.25 5.41 -57.65 0.45 -0.14 1.07 
19.28 2.45 -79.33 -0.06 -0.13 1.48 
26.15 4.44 -78.89 -0.37 -0.20 0.87 
-49.33 17.71 -70.05 -0.05 0.30 0.47 
-158.51 11.98 -60.39 0.19 0.19 0.59 
-282.98 0.42 -53.58 0.58 0.17 0.76 
-192.34 4.88 -56.47 0.69 -0.29 1.60 
-59.54 11.87 -71.84 -0.13 -0.33 0.87 
-95.90 8.79 -70.45 0.17 -0.42 0.90 
-73.81 1.86 -81.69 0.66 -0.20 1.17 
55.44 5.65 -98.90 -0.07 -0.50 1.31 
49.68 11.26 -101.48 -0.09 -0.05 0.88 
-94.94 23.71 -90.41 0.18 0.46 0.47 
-227.99 12.46 -79.69 0.24 0.37 0.61 
-210.12 -3.74 -76.69 0.60 -0.19 1.39 
-93.51 5.32 -81.44 0.27 -0.15 1.14 
-100.60 4.94 -84.90 0.22 -0.19 0.83 
-11.39 12.75 -79.63 0.26 -0.35 1.89 
66.18 4.97 -87.86 0.52 0.31 0.53 
-79.66 -11.70 -103.36 0.16 0.21 0.53 
-182.49 -4.34 -111.28 -0.15 0.09 0.47 
-278.22 2.12 -98.31 -0.15 -0.55 1.15 
-100.75 -0.49 -77.03 0.64 -1.01 1.38 
-64.76 -0.45 -74.47 0.43 -0.31 0.71 
-116.99 10.15 -80.36 0.39 -0.45 0.87 
-93.74 9.07 -101.14 0.61 -0.93 1.07 
87.12 11.60 -121.43 -0.18 -0.62 1.32 
44.22 22.05 -119.08 0.03 -0.08 0.57 
-110.90 13.92 -102.51 0.13 0.29 0.34 
-248.65 -1.24 -88.24 0.51 0.08 0.54 
-263.25 -0.43 -84.32 1.01 -0.57 1.24 
-96.56 21.77 -95.30 0.12 -1.01 1.04 
-80.86 1.29 -95.90 0.24 -0.75 0.72 
-98.33 4.93 -93.61 0.13 -0.68 0.81 
-4.80 4.19 -92.16 0.24 -0.88 1.34 
117.45 8.69 -95.80 0.72 -0.01 0.77 
-23.49 -2.96 -106.76 0.44 0.21 0.49 
-142.61 -5.28 -120.64 0.03 0.25 0.28 
-246.17 1.49 -117.76 -0.05 -0.30 0.84 
-296.41 8.01 -95.57 0.02 -1.01 1.67 
-40.35 -5.72 -81.39 0.57 -0.35 0.85 
-99.06 -0.64 -83.08 0.47 -0.38 0.67 
-92.10 10.17 -89.22 0.30 -0.64 0.95 
-90.91 9.66 -102.17 0.74 -0.76 0.89 
88.10 5.37 -131.32 0.02 -0.35 1.20 
-9.27 18.66 -133.52 0.11 0.15 0.91 
-91.41 26.69 -121.59 0.00 0.44 0.18 
-227.54 -5.64 -108.43 0.41 0.25 0.30 
-236.16 -2.96 -97.69 1.04 -0.67 1.08 
-113.86 18.05 -112.10 0.24 -0.89 1.15 
-81.96 6.77 -112.92 0.25 -0.51 0.71 
-98.21 4.73 -110.05 0.25 -0.55 0.77 
40.13 11.65 -105.40 0.26 -0.68 1.41 
99.61 8.30 -108.07 0.77 0.00 0.71 
-43.67 -5.49 -121.01 0.21 0.34 0.36 
-146.17 -3.06 -133.94 0.13 0.13 0.63 
-244.32 0.37 -125.85 -0.11 -0.25 0.71 
-262.50 -4.37 -104.21 0.23 -1.17 1.19 
-24.62 -1.83 -93.89 0.62 -0.51 0.87 
-92.97 -0.60 -94.71 0.45 -0.55 0.64 
-108.87 7.94 -97.21 0.37 -0.70 0.80 
-106.33 13.54 -108.76 0.71 -0.99 0.74 
17.70 9.52 -132.26 0.23 -0.93 1.33 
94.07 8.79 -142.38 0.03 -0.39 1.05 
-31.67 24.44 -130.64 0.19 0.20 0.28 
-177.02 6.47 -119.77 0.32 0.53 0.31 
-290.65 -11.13 -105.74 0.93 -0.25 0.69 
-276.04 15.63 -111.64 0.45 -0.39 1.26 
-50.97 12.64 -120.34 0.10 -0.77 0.52 
-108.85 3.68 -117.83 0.25 -0.65 0.65 
-41.54 0.60 -110.37 0.20 -1.17 1.15 
101.02 8.58 -114.20 0.91 -0.35 0.92 
1.48 2.06 -128.30 0.51 0.08 0.71 
-82.38 2.00 -145.73 0.07 0.23 0.40 
-203.80 -1.23 -154.10 0.00 -0.07 0.62 
-268.93 -2.98 -146.81 -0.11 -0.42 0.98 
-147.34 -10.83 -131.54 0.44 -1.61 1.09 
-27.56 -0.79 -127.89 0.59 -0.43 0.57 
-107.45 9.60 -129.81 0.45 -0.70 0.67 
-100.87 10.40 -143.05 0.66 -0.80 0.80 
26.28 17.60 -165.18 0.38 -1.18 1.12 
-78.02 15.42 -126.54 0.25 0.39 0.40 
-247.78 -3.60 -115.73 0.49 0.10 0.63 
-204.40 1.44 -116.67 0.96 -0.41 1.37 
-85.56 15.96 -133.45 -0.09 -1.00 1.17 
-57.02 7.58 -134.95 0.25 -0.41 0.67 
-114.45 4.69 -132.15 0.04 -0.72 0.77 
-43.60 9.06 -118.96 0.19 -0.93 1.47 
103.41 3.40 -118.72 0.55 -0.29 0.90 
-9.95 -3.72 -129.82 0.35 0.29 0.50 
-176.73 -6.80 -145.13 0.03 0.13 0.43 
-269.76 -0.13 -138.03 -0.05 -0.49 0.73 
-205.51 2.63 -118.16 0.07 -1.10 1.44 
-29.76 -5.41 -110.60 0.53 -0.49 0.80 
-93.64 -0.66 -111.67 0.32 -0.52 0.67 
-109.55 10.67 -113.79 0.46 -0.61 0.79 
-101.89 9.66 -125.44 0.48 -0.74 0.77 
-31.30 7.12 -142.59 0.30 -0.84 1.04 
86.45 10.78 -156.43 0.19 -0.65 1.22 
36.87 24.92 -152.70 0.17 -0.22 0.73 
-110.04 17.73 -136.57 0.15 0.27 0.14 
-295.51 -4.17 -127.76 0.56 -0.02 0.56 
-217.95 0.90 -133.22 0.82 -0.58 1.57 
-89.54 16.01 -147.00 -0.05 -0.59 1.04 
-97.49 8.91 -146.67 0.16 -0.47 0.92 
-103.70 4.88 -142.53 0.00 -0.59 0.88 
55.83 7.54 -132.73 0.30 -0.64 1.49 
102.52 9.59 -136.31 0.47 0.14 0.69 
-6.82 -4.08 -144.50 0.10 0.54 0.22 
-118.76 -3.54 -155.81 0.02 0.53 0.42 
-254.81 -6.78 -157.42 -0.09 -0.01 0.59 
-296.87 6.49 -140.48 -0.05 -0.85 1.34 
30.67 -2.88 -130.27 0.67 -0.77 1.16 
-95.52 -0.42 -128.33 0.42 -0.39 0.70 
-118.36 7.82 -133.36 0.45 -0.52 0.87 
-110.99 9.54 -144.81 0.47 -0.82 0.92 
40.53 8.32 -166.59 0.16 -0.59 1.37 
90.70 15.23 -174.26 -0.19 -0.26 0.96 
-17.34 24.04 -161.37 0.05 0.02 0.45 
-168.26 11.09 -151.38 0.27 0.49 0.41 
-224.77 -1.26 -145.75 0.29 0.00 0.68 
-231.00 -7.50 -149.52 0.72 -0.25 1.32 
-76.25 4.07 -152.23 0.23 -0.57 0.80 
-100.58 6.08 -147.36 0.15 -1.04 1.26 
102.48 10.35 -141.60 0.68 -0.28 1.24 
49.08 4.45 -149.31 0.41 0.34 0.54 
-78.12 -4.69 -162.76 0.16 0.40 0.45 
-190.37 -3.10 -172.50 -0.04 0.11 0.54 
-266.72 -2.37 -163.33 0.02 -0.62 0.89 
-197.48 0.12 -143.20 0.32 -1.34 1.45 
-49.34 -0.84 -131.80 0.63 -0.28 0.83 
-97.17 4.74 -135.88 0.17 -0.39 0.80 
-121.06 7.78 -141.24 0.58 -0.43 0.88 
-67.14 11.11 -162.16 0.34 -0.83 1.31 
139.89 10.74 -177.95 -0.37 -0.80 1.19 
37.09 15.77 -173.33 -0.05 -0.12 0.42 
-157.67 22.27 -158.76 0.02 0.40 0.31 
-260.38 0.68 -147.71 0.40 -0.12 0.66 
-209.69 -5.18 -147.47 0.86 -0.64 1.32 
-105.34 16.06 -160.64 0.29 -0.76 1.05 
-62.99 8.02 -166.06 0.09 -0.59 0.70 
-103.41 6.28 -161.66 0.14 -0.60 0.81 
-78.79 4.84 -156.80 0.08 -0.74 1.05 
48.65 8.14 -150.66 0.37 -0.52 1.12 
102.19 7.30 -158.61 0.61 0.14 1.07 
-25.77 -5.92 -169.78 0.24 0.37 0.48 
-170.15 -5.77 -183.44 0.03 0.24 0.41 
-272.93 2.45 -181.99 -0.02 -0.22 0.84 
-236.93 -0.17 -166.94 -0.03 -1.23 1.35 
-49.24 -4.19 -150.86 0.53 -0.69 0.99 
-85.42 2.48 -149.31 0.42 -0.31 0.71 
-127.95 5.03 -156.63 0.44 -0.48 0.65 
-136.33 -0.44 -157.04 0.43 -0.50 0.67 
-78.58 12.95 -171.41 0.61 -0.96 1.57 
82.13 6.45 -183.74 -0.10 -1.25 1.37 
62.64 1.74 -191.43 -0.20 -0.50 1.05 
81.95 7.82 -193.39 0.04 -0.18 0.89 
-207.09 1.36 -174.30 0.35 0.51 0.47 
-75.83 7.41 -194.54 -0.02 -0.53 0.86 
-75.83 7.41 -194.54 -0.02 -0.53 0.86 
-64.64 2.43 -195.26 0.24 -0.57 0.83 
-82.98 1.85 -194.48 0.24 -0.43 0.82 
-108.73 5.34 -192.92 0.04 -0.69 1.00 
-69.17 4.97 -190.26 -0.09 -0.70 1.40 
44.93 8.55 -181.37 0.41 -0.63 1.26 
