0.00 0.00 0.00 0.00 0.00 0.00 
14.05 2.29 -40.93 -0.70 -0.56 0.13 
45.08 2.55 -33.62 -0.81 -0.12 0.49 
-7.48 2.55 -35.87 -0.72 -0.15 0.49 
-4.71 2.22 -41.41 -0.56 -0.11 0.62 
-104.16 2.10 -37.37 -1.01 -0.61 0.35 
-33.65 0.36 -26.96 -0.06 -0.28 1.08 
-37.58 1.13 -106.06 -0.24 -1.10 -0.26 
-61.52 -0.59 -138.33 0.41 -0.73 -0.11 
-85.74 -1.70 -176.49 0.80 0.12 -0.62 
25.96 -2.04 -195.11 1.73 -0.72 -0.58 
-19.48 -2.54 -186.68 1.03 -0.01 -0.33 
-11.16 -1.90 -149.77 1.53 -0.87 -0.52 
214.04 -1.06 -95.19 1.39 -1.60 -1.30 
110.18 2.65 -39.00 -0.16 -0.09 0.00 
13.45 2.05 -19.86 -0.47 0.22 0.39 
76.79 2.19 -23.29 -0.66 0.47 0.62 
-91.18 2.70 -26.74 -0.86 0.29 0.48 
-152.68 2.77 -37.78 -0.79 -0.11 0.32 
-92.73 1.22 -40.06 -0.41 -0.68 0.70 
-130.28 1.22 -41.14 -0.30 -0.92 0.24 
-54.13 0.57 -75.32 -0.01 -0.83 0.04 
2.46 -1.19 -120.52 0.75 -0.56 -0.43 
-249.69 -2.68 -155.83 3.01 -1.67 -0.61 
-100.04 -2.23 -144.68 0.78 0.12 -0.39 
-26.63 -2.91 -139.13 1.05 0.07 -0.14 
-199.57 -2.28 -85.54 1.61 -0.82 -0.36 
141.92 -1.26 -30.96 1.01 -1.02 -1.02 
136.56 -0.24 9.00 0.11 -0.51 -0.29 
51.38 2.67 33.46 -0.40 -0.04 0.23 
53.88 2.16 31.31 -0.68 0.16 0.68 
-9.38 3.17 29.41 -0.94 0.11 0.36 
-65.97 3.15 28.46 -0.89 -0.14 0.23 
-97.52 0.72 15.70 -0.22 -0.39 0.79 
-142.94 1.07 -13.62 -0.16 -0.76 0.18 
-140.06 -0.88 -58.82 0.52 -0.60 -0.35 
-109.03 -1.83 -87.65 1.07 0.02 -0.68 
232.24 -1.65 -132.62 2.34 -1.10 -0.41 
-63.46 -2.45 -126.65 1.04 -0.09 -0.40 
-8.00 -3.01 -122.16 1.13 0.09 -0.15 
-39.49 -1.61 -67.30 1.24 -0.93 -0.82 
178.01 -0.94 -14.30 0.84 -1.16 -0.95 
118.05 0.48 34.66 -0.04 -0.31 -0.22 
-35.70 2.36 27.00 -0.66 0.32 0.47 
-244.84 2.72 27.80 -0.73 0.34 0.15 
-136.33 0.81 11.80 -0.26 -0.78 0.72 
-124.13 1.36 -15.06 -0.18 -0.77 0.16 
-50.10 -0.65 -60.03 0.31 -0.30 -0.55 
-249.69 -1.87 -42.50 1.66 -0.35 -1.44 
70.33 -1.94 -45.82 0.80 0.13 -0.45 
-41.16 -2.48 -38.28 0.98 0.31 -0.17 
-119.23 -2.44 19.97 1.49 -0.45 -0.32 
99.99 -1.25 74.83 1.20 -1.23 -0.88 
105.00 -0.50 129.68 0.24 -0.68 -0.43 
99.32 1.50 168.04 -0.20 -0.20 0.24 
101.02 1.53 174.97 -0.42 0.59 0.45 
-38.08 2.52 169.52 -0.59 0.30 0.42 
-191.08 2.36 156.25 -0.76 -0.35 0.27 
-148.71 0.87 146.24 -0.22 -0.69 0.57 
-102.09 1.07 121.80 -0.27 -1.08 0.00 
-71.21 -0.51 94.59 0.38 -0.65 -0.18 
-5.79 -1.81 49.39 1.11 -0.28 -0.61 
-12.41 -1.50 23.38 1.31 -0.78 -0.68 
-2.37 -2.30 30.80 0.97 -0.02 -0.41 
11.54 -2.31 32.31 1.00 -0.04 -0.40 
-63.49 -1.99 57.41 1.46 -0.85 -0.46 
179.22 -1.18 111.99 1.27 -1.32 -1.12 
129.46 -1.34 162.50 0.60 -0.86 -0.52 
101.95 1.81 184.56 -0.31 0.00 0.38 
88.67 2.62 193.74 -0.67 0.33 0.45 
-235.81 3.03 183.04 -0.91 0.25 0.13 
-134.42 0.56 170.77 -0.16 -0.63 0.69 
-105.31 0.89 143.58 -0.12 -0.94 0.28 
-152.36 -1.21 98.61 0.59 -0.47 -0.37 
-96.29 -2.50 64.96 1.56 0.04 -0.69 
103.72 -1.82 48.61 1.20 -0.35 -0.38 
-43.09 -2.80 55.73 1.17 -0.06 -0.19 
-3.11 -2.56 61.22 1.03 0.24 -0.16 
-28.22 -2.66 87.34 1.52 -0.39 -0.10 
8.76 -1.39 142.47 1.40 -1.35 -0.64 
113.31 -0.93 193.85 0.42 -0.70 -0.38 
88.80 2.08 222.29 -0.31 -0.22 0.20 
54.27 1.78 235.45 -0.43 0.00 0.60 
-11.74 3.13 235.97 -0.86 0.22 0.37 
-125.12 2.65 216.43 -0.83 -0.32 0.26 
-106.13 1.09 202.36 -0.36 -0.83 0.49 
-40.98 0.87 166.37 -0.22 -0.87 0.19 
-81.49 -0.82 126.20 0.38 -0.61 -0.06 
-66.58 -2.03 86.15 1.04 -0.33 -0.51 
-249.69 -2.38 83.78 1.92 -0.76 -0.75 
-47.47 -2.40 87.97 0.82 0.24 -0.21 
33.57 -2.57 90.78 1.00 0.10 -0.24 
-93.90 -2.78 116.26 1.23 -0.15 -0.18 
21.31 -1.34 168.31 1.24 -1.31 -0.39 
111.81 -0.83 216.28 0.68 -1.07 -0.48 
59.70 1.55 255.73 -0.19 -0.32 0.08 
80.99 2.37 279.49 -0.50 -0.01 0.43 
-39.12 2.39 288.64 -0.81 0.71 0.25 
-39.69 3.45 276.89 -0.85 -0.06 0.17 
-174.71 2.74 255.50 -0.52 -0.04 0.13 
-147.45 -0.92 174.33 0.41 -0.52 -0.33 
5.73 -1.84 128.90 1.08 -0.34 -0.55 
-35.09 -2.07 115.71 1.40 -0.08 -0.49 
-61.48 -2.77 123.92 1.09 0.12 -0.23 
26.50 -2.35 122.38 0.97 0.11 -0.32 
-90.55 -2.30 161.20 1.20 -0.37 -0.40 
-15.05 -1.05 215.79 0.98 -1.29 -0.78 
152.40 -0.76 267.37 0.47 -1.03 -0.60 
116.21 1.71 302.51 -0.22 -0.26 0.08 
73.67 1.82 322.64 -0.39 0.25 0.45 
-102.14 2.54 325.30 -0.71 0.45 0.43 
-74.18 2.95 307.65 -0.83 0.12 0.29 
-78.98 0.72 298.41 -0.17 -0.41 0.89 
-113.12 0.89 272.45 -0.17 -0.95 0.29 
-74.62 -0.40 227.25 0.38 -1.00 0.08 
-37.42 -1.52 192.86 0.75 -0.47 -0.36 
-139.81 -1.97 170.81 1.28 0.05 -0.73 
76.78 -2.06 176.87 0.77 0.00 -0.37 
-9.79 -2.65 177.98 1.01 0.08 -0.24 
7.09 -2.63 179.98 1.04 0.11 -0.23 
-74.94 -2.77 200.34 1.32 -0.24 -0.16 
-2.98 -1.47 255.19 1.23 -1.07 -0.55 
99.86 -0.75 303.78 0.62 -1.02 -0.67 
34.95 1.17 -314.26 -0.17 -0.39 -0.07 
86.15 2.80 -287.22 -0.52 -0.10 0.24 
146.05 2.28 -274.29 -0.57 0.37 0.46 
-60.16 2.67 -274.17 -0.79 0.51 0.28 
-194.55 2.77 -285.88 -0.89 0.15 -0.18 
-84.95 0.00 -292.84 0.17 -0.59 1.10 
-133.39 1.23 -311.97 -0.29 -0.75 0.41 
-81.90 0.07 314.00 0.14 -0.94 0.07 
-74.75 -1.15 268.80 0.97 -0.92 -0.47 
-113.45 -2.21 251.33 1.16 -0.20 -0.43 
44.44 -2.22 234.72 1.34 -0.46 -0.32 
-27.00 -2.77 239.01 1.12 -0.05 -0.21 
20.40 -2.62 241.41 0.99 0.15 -0.19 
5.72 -2.72 242.70 1.05 0.06 -0.22 
16.31 -2.06 270.24 1.50 -0.63 -0.08 
-37.66 -1.55 322.84 1.27 -1.02 -0.09 
77.69 -0.86 -280.50 0.68 -1.06 -0.28 
54.05 1.23 -239.05 -0.25 -0.56 0.00 
46.41 2.29 -215.05 -0.45 0.21 0.31 
-75.09 2.65 -214.48 -0.88 0.45 0.48 
-144.36 3.07 -230.08 -0.91 -0.17 0.00 
-71.81 0.00 -240.31 0.07 -0.71 0.98 
-112.49 0.91 -259.87 -0.22 -0.78 0.46 
-82.73 -0.31 -297.08 0.23 -0.66 0.19 
-92.21 -1.66 316.10 1.07 -0.76 -0.33 
-140.68 -2.70 302.48 1.32 -0.07 -0.36 
2.52 -2.15 296.99 1.39 -0.59 -0.31 
14.49 -2.64 303.49 1.05 -0.07 -0.24 
11.96 -2.76 304.40 1.10 0.12 -0.16 
-21.82 -2.71 311.13 1.14 -0.19 -0.19 
-30.70 -1.46 -293.00 1.26 -1.14 -0.45 
70.62 -1.12 -238.15 0.88 -1.18 -0.66 
86.05 0.57 -200.09 -0.08 -0.48 0.05 
41.95 2.44 -180.00 -0.51 -0.22 0.28 
115.57 2.19 -172.43 -0.55 0.02 0.55 
1.69 3.16 -170.55 -0.85 0.10 0.35 
-62.58 2.93 -175.86 -0.70 0.12 0.31 
-175.41 2.12 -191.44 -0.65 -0.33 0.15 
-68.84 0.84 -189.67 -0.11 -0.59 0.69 
-146.74 0.46 -206.06 0.00 -0.88 0.18 
-76.10 -1.03 -251.26 0.54 -0.68 -0.14 
-131.01 -2.20 -273.33 1.17 -0.15 -0.58 
-204.66 -2.65 -276.50 1.75 -0.33 -0.60 
-16.32 -2.59 -275.10 0.90 0.04 -0.30 
5.33 -2.61 -274.09 1.05 0.08 -0.26 
-2.00 -2.63 -271.65 1.04 -0.01 -0.27 
-64.15 -2.20 -249.31 1.36 -0.61 -0.46 
81.18 -1.35 -194.45 1.30 -1.19 -0.71 
142.50 -0.78 -140.63 0.38 -0.68 -0.31 
97.29 2.22 -112.49 -0.37 -0.25 0.22 
94.82 2.32 -99.21 -0.50 0.06 0.41 
-165.30 2.40 -93.64 -0.81 0.09 0.48 
-74.97 -0.38 -88.78 0.02 -0.41 0.85 
-61.61 0.30 -97.33 0.16 -0.28 0.97 
-149.20 1.82 -121.32 -0.41 -0.55 0.41 
-120.30 -0.81 -178.05 0.37 -0.64 0.06 
-53.79 -2.05 -211.34 0.85 -0.21 -0.42 
-60.04 -2.29 -228.89 1.35 -0.23 -0.61 
16.65 -2.31 -230.74 1.12 -0.12 -0.35 
21.73 -2.51 -229.69 1.01 0.05 -0.30 
19.63 -2.32 -230.56 1.00 0.05 -0.39 
16.38 -2.46 -229.20 1.04 0.03 -0.33 
-35.28 -2.15 -201.87 1.26 -0.48 -0.34 
5.21 -1.38 -157.16 1.21 -1.28 -0.61 
153.93 -0.96 -109.24 0.67 -0.99 -0.49 
111.02 2.03 -77.61 -0.23 -0.25 0.08 
56.34 2.05 -59.03 -0.51 -0.24 0.48 
15.12 2.82 -44.28 -0.78 0.00 0.41 
-249.69 2.39 -43.52 -0.88 0.47 0.29 
-70.90 -0.33 -44.98 0.04 -0.09 1.02 
-62.33 1.14 -54.54 -0.20 -0.45 0.82 
-146.60 1.63 -79.31 -0.38 -0.68 0.27 
-108.65 -0.53 -124.73 0.35 -0.67 -0.03 
-65.78 -1.93 -164.19 1.13 -0.42 -0.53 
-142.48 -2.84 -162.09 0.89 0.08 -0.18 
24.66 -2.20 -178.94 1.48 -0.29 -0.55 
58.87 -2.20 -183.53 0.98 0.00 -0.42 
25.71 -2.38 -184.69 0.95 0.22 -0.31 
2.70 -2.20 -184.31 0.96 0.02 -0.40 
-36.52 -2.36 -169.29 1.13 -0.22 -0.36 
-7.66 -1.66 -120.85 1.35 -0.88 -0.69 
161.88 -1.17 -81.54 0.89 -0.97 -0.68 
122.44 -0.27 -45.88 0.15 -0.61 -0.01 
100.22 1.85 -20.78 -0.44 -0.33 0.45 
34.11 1.88 -0.56 -0.49 0.23 0.61 
-115.48 1.29 -1.66 -0.50 -0.07 0.67 
-1.47 1.06 -18.18 -0.15 -0.42 0.70 
-132.14 1.10 -38.15 -0.22 -0.61 0.61 
-128.03 -0.02 -71.06 0.28 -1.20 -0.17 
-53.81 -1.59 -100.45 0.79 -0.56 -0.20 
-139.50 -2.23 -116.11 1.23 -0.35 -0.28 
-6.62 -2.35 -144.36 1.54 -0.55 -0.38 
-10.25 -2.68 -141.67 1.10 -0.10 -0.23 
21.23 -2.56 -137.81 0.99 0.06 -0.25 
6.55 -2.70 -135.50 1.00 0.02 -0.26 
7.74 -2.72 -134.55 1.04 -0.03 -0.22 
-76.14 -1.91 -87.07 1.45 -0.86 -0.44 
126.83 -1.32 -39.94 1.07 -1.06 -0.67 
105.19 -0.66 -0.38 0.32 -0.75 -0.29 
104.03 1.41 20.34 -0.32 -0.46 0.31 
149.57 1.49 34.07 -0.30 -0.33 0.54 
24.32 2.70 55.72 -0.84 0.58 0.31 
-222.96 2.24 56.10 -0.68 -0.33 0.22 
-24.33 -0.29 50.49 0.29 -0.52 1.26 
-53.16 0.92 30.85 -0.15 -0.56 0.71 
-62.28 1.06 -1.32 -0.25 -0.67 0.38 
-77.23 -1.14 -30.91 0.53 -0.73 0.08 
-59.45 -2.29 -54.89 0.89 -0.39 -0.03 
-67.16 -2.55 -67.07 0.91 -0.04 -0.32 
-124.65 -2.12 -70.81 1.12 0.07 -0.71 
23.16 -2.27 -67.73 0.97 -0.01 -0.39 
24.37 -2.04 -69.86 0.95 0.02 -0.48 
9.37 -2.28 -68.13 0.99 0.03 -0.42 
4.80 -2.21 -67.25 0.94 0.03 -0.43 
-46.47 -1.99 -38.13 1.25 -0.55 -0.33 
59.15 -1.48 13.66 1.33 -1.01 -0.65 
143.00 -0.59 66.78 0.28 -0.63 -0.12 
72.24 2.48 92.85 -0.64 0.34 0.52 
-249.69 2.72 91.10 -1.20 0.55 0.06 
-8.64 -0.73 87.68 0.31 -0.36 1.27 
-93.74 0.45 78.86 0.02 -0.48 0.74 
-116.89 0.83 65.45 -0.11 -0.93 0.43 
-87.96 -0.39 41.61 0.27 -0.77 0.26 
-128.21 -1.23 2.24 0.78 -0.73 -0.47 
-70.03 -2.17 -27.86 1.26 -0.23 -0.46 
9.31 -2.48 -41.81 1.46 0.02 -0.32 
25.88 -2.08 -43.74 0.97 0.09 -0.48 
5.20 -2.23 -39.39 0.94 0.24 -0.37 
11.13 -2.11 -39.91 0.93 0.25 -0.38 
39.53 -2.39 -35.58 1.10 -0.03 -0.38 
-2.07 -2.12 7.56 1.41 -0.51 -0.30 
67.75 -1.38 55.16 1.06 -0.96 -0.32 
128.05 -0.07 92.47 0.21 -0.81 0.02 
50.70 2.18 125.86 -0.36 -0.25 0.27 
32.91 2.15 136.39 -0.56 0.02 0.51 
79.26 2.28 137.04 -0.65 -0.04 0.69 
-93.29 3.03 143.89 -0.95 0.26 0.31 
-147.80 1.82 128.30 -0.67 -0.43 0.29 
-36.10 0.35 133.03 0.13 -0.55 1.18 
-109.63 0.58 107.29 -0.05 -0.77 0.43 
-103.90 -2.31 48.36 1.32 -0.20 -0.34 
9.12 -2.55 19.36 1.52 -0.53 -0.29 
-13.03 -2.55 26.42 0.85 0.14 -0.18 
9.12 -2.71 28.09 1.02 0.11 -0.20 
3.87 -2.77 28.43 1.05 0.00 -0.20 
7.77 -2.92 29.76 1.05 0.01 -0.14 
-36.87 -2.01 67.28 1.31 -0.67 -0.33 
35.52 -1.28 117.96 1.10 -1.12 -0.64 
144.97 -0.44 158.12 0.31 -0.87 -0.35 
106.14 1.60 191.98 -0.24 -0.38 0.13 
59.42 2.38 206.81 -0.61 0.06 0.47 
7.28 2.49 213.77 -0.70 -0.10 0.59 
-186.08 3.10 220.94 -0.78 0.15 0.21 
-93.05 1.08 212.08 -0.38 -0.14 0.61 
-45.82 0.96 193.00 -0.16 -0.32 0.79 
-58.29 1.23 160.43 -0.25 -0.82 0.57 
-100.33 -0.27 132.79 0.24 -0.79 0.25 
-88.05 -1.60 101.65 0.97 -0.80 -0.33 
-71.61 -2.30 80.86 1.26 -0.31 -0.37 
-103.81 -2.54 72.06 1.10 -0.08 -0.31 
6.04 -2.77 70.13 1.10 -0.02 -0.19 
10.55 -2.76 72.67 1.05 0.08 -0.17 
12.13 -2.65 78.92 1.03 0.13 -0.17 
8.70 -2.98 81.52 1.11 -0.03 -0.12 
-89.64 -1.33 163.56 1.02 -1.29 -0.52 
81.11 2.17 258.73 -0.48 0.05 0.45 
81.11 2.17 258.73 -0.48 0.05 0.45 
-0.59 2.15 272.93 -0.54 0.39 0.46 
-220.73 1.90 274.78 -0.57 0.40 0.44 
-104.71 0.89 267.71 -0.40 -0.35 0.74 
-13.01 0.05 261.95 0.01 -0.55 1.06 
43.36 2.04 8.76 -0.51 -0.10 0.50 
-12.47 2.71 13.64 -0.75 0.11 0.52 
-148.57 3.00 14.43 -0.95 -0.05 0.22 
15.00 -0.13 2.47 0.00 -0.44 0.97 
-82.08 0.95 -4.90 -0.16 -0.40 0.76 
-98.86 0.93 -12.62 -0.20 -0.84 0.51 
-71.58 0.43 -32.13 -0.03 -0.86 0.16 
-90.71 -1.48 -77.10 0.59 -0.58 -0.01 
-89.44 -2.27 -102.02 1.44 -0.46 -0.51 
-199.29 -2.28 -93.84 1.23 0.00 -0.51 
-66.29 -2.37 -91.66 1.32 -0.47 -0.24 
21.92 -2.61 -93.11 1.08 -0.09 -0.25 
16.61 -2.68 -90.90 1.00 -0.01 -0.22 
17.91 -2.84 -91.82 1.04 -0.04 -0.19 
2.88 -2.75 -90.61 1.07 -0.09 -0.18 
9.97 -2.73 -90.19 1.04 -0.05 -0.20 
-37.30 -2.77 -81.63 1.26 -0.24 -0.07 
-10.95 -1.37 -13.06 1.26 -1.32 -0.48 
162.70 -1.16 38.84 0.56 -0.71 -0.17 
86.73 2.65 77.58 -0.37 -0.03 0.23 
53.68 1.78 86.08 -0.49 0.22 0.63 
-162.14 2.61 92.24 -0.92 0.41 0.40 
-110.94 1.77 90.07 -0.68 -0.22 0.60 
-84.92 0.67 87.62 -0.07 -0.16 0.82 
-91.88 1.21 75.44 -0.26 -0.85 0.41 
-80.74 0.35 32.60 0.03 -0.84 0.05 
-63.57 -1.92 -12.59 1.02 -0.52 -0.28 
-2.13 -2.75 -28.61 0.90 -0.04 -0.13 
210.80 -2.53 -61.94 1.40 -0.13 -0.20 
-55.38 -2.80 -53.11 1.06 -0.08 -0.19 
16.20 -2.91 -50.85 1.06 0.12 -0.08 
14.15 -2.88 -53.28 1.05 0.02 -0.13 
0.61 -2.99 -52.48 1.07 0.07 -0.08 
-105.57 -1.66 2.37 1.31 -0.97 -0.29 
88.35 -1.33 48.34 0.93 -1.16 -0.68 
168.25 -0.32 87.06 0.15 -0.63 -0.16 
70.54 2.73 111.18 -0.57 -0.12 0.30 
97.97 1.74 117.81 -0.44 0.24 0.73 
-177.08 2.94 122.76 -0.87 0.13 0.25 
-18.11 0.34 110.84 -0.15 -0.47 1.00 
-101.81 1.16 101.37 -0.20 -0.56 0.52 
-102.16 0.57 79.18 -0.04 -1.00 0.13 
-96.60 -1.02 35.48 0.64 -0.79 -0.15 
-86.04 -2.55 5.16 1.21 -0.23 -0.24 
-138.39 -2.54 -0.26 1.09 0.16 -0.30 
-48.65 -2.48 13.41 0.91 0.28 -0.12 
45.68 -2.82 12.83 0.95 0.07 -0.12 
19.28 -2.88 13.50 1.04 0.06 -0.12 
11.53 -2.87 12.64 1.06 0.00 -0.15 
-34.02 -2.89 19.50 1.23 -0.16 -0.04 
-6.59 -1.56 70.81 1.31 -1.17 -0.49 
98.05 -1.24 125.66 0.82 -1.03 -0.58 
98.47 0.60 163.66 -0.07 -0.39 0.01 
99.43 1.95 176.27 -0.48 -0.04 0.57 
83.93 2.54 180.98 -0.70 0.00 0.57 
-247.07 3.31 177.57 -0.99 0.23 0.13 
-85.83 0.25 165.70 -0.23 -0.42 0.84 
-98.04 0.89 156.31 -0.19 -0.72 0.76 
-99.05 1.33 123.62 -0.18 -0.47 0.14 
-86.75 -2.00 66.89 1.09 -0.53 -0.31 
-152.53 -2.54 62.84 1.14 -0.14 -0.13 
112.21 -2.08 26.16 1.99 -0.87 -0.44 
-55.60 -2.88 31.25 0.98 -0.07 -0.18 
19.37 -2.94 30.34 1.05 0.09 -0.04 
-3.35 -2.68 34.63 1.01 0.03 -0.22 
-10.62 -3.10 39.19 1.24 -0.09 -0.07 
-19.74 -1.55 93.77 1.19 -1.35 -0.58 
197.28 -1.01 143.90 0.64 -0.87 -0.71 
95.81 2.15 179.50 -0.24 -0.13 0.18 
71.68 1.67 193.25 -0.39 -0.04 0.56 
139.83 2.87 205.03 -0.66 0.45 0.17 
-55.71 1.14 166.27 -0.18 -0.56 0.51 
-158.23 0.77 123.55 -0.03 -0.77 0.17 
-107.14 -1.96 78.58 0.91 -0.59 -0.23 
-178.66 -2.76 65.54 1.34 0.15 -0.23 
-6.97 -2.31 40.09 2.04 -0.91 -0.42 
-123.95 -2.85 64.14 0.95 -0.01 -0.21 
46.36 -2.85 62.77 1.03 0.11 -0.12 
-209.25 -2.82 100.14 1.35 -0.32 -0.04 
39.63 -1.15 155.00 1.14 -1.40 -0.65 
207.21 -0.68 202.88 0.29 -0.59 -0.38 
101.71 2.67 230.32 -0.39 -0.12 0.18 
60.92 1.75 246.12 -0.47 0.29 0.55 
-109.22 2.63 248.29 -0.70 0.25 0.46 
-117.01 2.68 229.47 -0.85 0.18 0.33 
-71.63 0.27 217.98 -0.01 -0.50 0.90 
-67.96 1.08 207.52 -0.28 -0.84 0.63 
-87.00 0.21 187.24 0.06 -0.79 0.25 
-39.87 -1.58 142.84 0.76 -0.71 -0.03 
-124.25 -2.99 112.01 1.17 0.01 -0.08 
-144.70 -2.73 108.96 1.62 -0.18 -0.32 
-12.98 -2.83 107.73 1.02 0.06 -0.13 
23.51 -2.95 109.37 1.08 0.02 -0.11 
-56.21 -3.09 125.41 1.19 -0.02 -0.04 
149.02 -0.12 238.99 0.07 -0.52 -0.09 
43.35 2.09 262.45 -0.50 -0.14 0.50 
84.02 2.82 271.30 -0.76 -0.14 0.46 
-249.69 2.44 274.04 -0.76 0.50 0.34 
-72.58 0.99 259.97 -0.39 -0.18 0.69 
-62.68 1.06 243.71 -0.25 -0.68 0.67 
-150.27 0.57 212.63 -0.03 -0.56 0.33 
-101.03 -0.19 174.07 0.51 -0.94 -0.60 
-99.41 -2.19 138.40 1.35 -0.45 -0.41 
-91.50 -2.47 128.64 1.45 -0.51 -0.04 
-9.53 -2.89 130.54 0.97 -0.04 -0.13 
5.77 -2.83 137.18 1.01 0.12 -0.11 
13.67 -2.94 134.85 1.03 0.00 -0.10 
-213.38 -1.78 189.98 1.45 -0.94 -0.24 
115.66 -1.11 241.87 0.82 -1.26 -0.79 
142.92 -0.04 283.57 0.03 -0.34 -0.02 
66.18 1.22 302.30 -0.25 -0.15 0.55 
-97.63 2.87 306.03 -0.82 0.24 0.42 
-113.58 1.58 298.71 -0.69 -0.45 0.46 
-36.26 0.83 284.07 -0.11 -0.25 0.72 
-101.06 0.85 251.08 -0.11 -0.59 0.46 
-175.77 -0.91 222.46 0.51 -0.85 -0.18 
-55.51 -2.10 177.03 1.43 -0.52 -0.24 
-57.94 -2.04 171.03 0.97 0.37 -0.41 
123.38 -2.31 168.51 1.08 -0.01 -0.29 
-15.61 -2.38 177.08 0.98 0.32 -0.25 
0.50 -2.61 164.60 0.98 0.15 -0.20 
