-63.27 12.01 240.84 -0.30 -0.45 0.94 
0.00 -50.61 48.57 -0.75 -0.33 0.47 
-93.61 7.69 47.04 -0.76 -0.28 0.48 
-85.39 4.69 46.45 -0.76 -0.32 0.50 
-90.19 6.07 45.52 -0.78 -0.31 0.51 
-91.07 4.98 45.15 -0.78 -0.31 0.45 
-58.89 -0.77 45.33 -0.89 -0.44 0.60 
-78.44 17.66 55.10 -0.79 0.57 -1.02 
-78.44 17.66 55.10 -0.79 0.57 -1.02 
-58.44 -3.39 49.48 0.60 -1.10 2.53 
-85.57 11.45 52.22 -0.98 0.07 -0.02 
-23.76 -0.15 31.65 -0.14 0.04 0.15 
-172.17 -41.73 30.57 -0.25 -1.19 0.85 
-102.19 35.89 74.39 0.24 0.04 2.04 
22.45 36.18 67.47 -0.28 0.41 1.26 
110.16 27.21 49.11 -0.42 -0.10 0.32 
22.19 -7.42 30.62 -0.48 -0.50 0.23 
-101.16 13.01 35.80 -0.66 -0.45 0.13 
-203.93 3.21 57.23 -0.54 -0.61 0.08 
-183.64 8.78 58.72 -1.85 1.07 0.33 
-103.90 33.94 63.58 -0.52 -0.32 1.09 
-12.80 -0.29 61.07 -1.13 0.43 -0.87 
-22.64 -22.89 51.93 -0.43 0.03 0.35 
-165.05 27.79 59.82 -0.16 -0.38 1.14 
-126.54 12.10 55.83 -1.36 0.60 -1.46 
-41.88 -25.73 53.97 -0.18 -0.34 1.77 
-86.70 9.29 57.08 -1.01 -0.04 0.00 
-13.46 3.66 42.88 -0.13 0.24 0.42 
-104.95 -39.24 36.67 -0.06 -0.72 0.43 
-87.30 -0.45 103.24 0.11 -0.57 2.04 
-30.53 44.33 107.75 0.34 0.51 1.72 
67.43 35.83 95.18 -0.19 0.21 0.62 
125.83 13.27 82.31 -0.83 -0.02 0.19 
-41.25 -11.37 61.86 -0.19 -0.65 0.73 
-192.22 10.52 61.92 -0.44 -0.31 0.49 
-191.38 -3.98 63.27 -1.22 0.56 0.28 
-110.40 3.04 66.67 -1.06 -0.09 0.47 
-100.44 8.78 65.14 -0.75 -0.10 0.65 
-108.12 32.53 73.01 -0.92 0.41 -0.50 
-1.03 -18.03 63.15 -0.88 0.33 -0.47 
-172.60 33.37 63.54 0.22 -0.88 2.04 
-205.35 21.59 64.45 -1.20 0.36 -0.59 
-13.56 -16.14 52.69 -0.80 0.29 -0.26 
-69.48 9.17 52.08 -0.68 0.07 0.46 
-9.16 -1.14 39.70 -0.38 0.07 0.36 
-40.22 -41.68 33.44 -0.01 -0.70 0.98 
-103.64 -6.25 82.34 -0.13 -0.69 1.86 
-44.73 38.98 106.02 0.03 0.34 1.57 
33.81 29.42 89.38 0.02 0.40 0.97 
62.21 17.17 70.74 -0.56 0.16 0.57 
89.54 -3.48 53.45 -0.52 -0.23 0.34 
-31.72 14.46 60.43 -0.75 -0.68 0.07 
-174.19 9.79 61.44 -0.44 -0.40 0.48 
-212.92 14.31 82.09 -0.42 -0.31 -0.09 
-290.21 3.48 69.40 -1.32 0.80 0.38 
-103.45 2.65 72.86 -0.88 -0.08 0.33 
-190.45 34.63 84.13 -0.37 -0.49 1.08 
11.08 -4.54 75.63 -0.92 0.45 -0.80 
-66.03 -17.98 69.70 0.70 -0.75 3.20 
-180.32 32.65 81.26 -0.86 0.25 -0.28 
-3.64 -12.51 71.28 -0.90 0.32 -0.84 
-93.14 9.65 68.67 -0.75 -0.28 0.54 
-21.52 1.41 67.35 -0.84 0.20 0.43 
-22.49 -10.93 56.85 -0.29 -0.40 0.19 
-83.37 -39.18 54.82 -0.36 -0.90 1.03 
-77.69 -5.28 102.32 -0.07 -0.51 1.63 
-56.57 38.97 109.02 0.25 0.57 1.64 
39.22 39.19 90.54 -0.11 0.16 0.92 
103.18 21.59 80.26 -1.02 -0.18 0.08 
105.42 -5.47 71.95 -0.67 -0.06 0.29 
-72.01 12.02 82.42 -0.67 -0.44 0.26 
-292.67 24.58 81.27 -0.61 -0.64 0.42 
-233.23 -5.35 101.77 -0.94 0.02 0.02 
-219.94 -4.62 95.18 -1.35 0.41 0.89 
-75.08 13.92 95.08 -0.84 -0.01 0.30 
-94.61 41.09 108.79 -0.77 -0.03 -0.01 
8.92 -16.92 97.64 -0.92 0.31 -0.86 
-125.45 18.61 102.56 0.43 -1.07 2.77 
-195.06 33.94 107.42 -0.88 0.33 -0.52 
23.56 -16.24 97.45 -0.90 0.43 -0.63 
-121.36 20.78 101.19 -0.83 -0.43 0.26 
-23.20 6.96 100.10 -0.71 0.29 0.45 
-128.71 -23.22 98.24 -0.46 -0.97 1.37 
-120.34 -4.25 143.97 0.18 -0.31 1.79 
-31.36 37.72 142.90 0.21 0.54 1.50 
53.20 30.39 129.87 -0.26 0.11 0.76 
75.01 13.60 116.16 -0.84 0.19 0.24 
150.91 -17.99 95.28 -0.30 -0.47 0.64 
-88.78 8.90 99.31 -0.65 -0.32 0.29 
-220.28 12.37 112.86 -0.36 -0.69 0.68 
-150.61 13.48 133.21 -0.60 -0.05 0.10 
-213.15 0.73 130.67 -1.03 0.54 0.50 
-92.81 4.37 123.71 -1.02 0.06 0.31 
-92.80 14.11 122.96 -0.64 -0.04 0.93 
-163.42 29.33 128.01 -0.94 0.07 -0.13 
-12.68 -8.33 117.35 -0.93 0.35 -0.47 
-124.73 17.60 115.85 0.57 -0.72 3.02 
-180.61 28.19 117.36 -0.93 0.46 -0.54 
7.11 -20.82 103.95 -0.75 0.09 -0.11 
-104.12 16.38 106.89 -0.77 -0.25 0.44 
-1.48 6.26 89.82 -0.47 0.19 0.26 
-32.09 -29.07 84.68 -0.34 -0.10 0.49 
-119.93 -21.95 104.19 -0.14 -0.72 1.53 
-60.93 16.49 153.36 0.32 -0.17 1.79 
-41.64 42.23 152.78 0.28 0.54 1.53 
69.15 31.85 135.39 -0.34 0.03 0.77 
118.64 13.22 127.33 -0.91 0.12 0.12 
-113.96 -8.15 88.05 -0.10 -0.70 1.06 
-128.57 9.11 85.64 -0.84 -0.28 0.25 
-289.80 18.23 95.71 -0.52 -0.86 0.32 
-152.60 1.87 108.73 -1.09 0.42 0.03 
-152.92 -0.38 100.39 -1.18 0.08 0.31 
-157.20 40.19 107.38 -0.72 0.34 -0.09 
-4.67 -12.62 102.68 -0.95 0.28 -0.81 
-67.16 0.78 96.39 -0.43 -0.61 1.93 
-219.35 38.10 102.01 -0.84 0.15 -0.14 
-28.23 -12.51 92.93 -0.91 0.34 -1.10 
-74.80 16.45 93.34 -0.75 -0.59 1.22 
-47.67 4.92 97.13 -1.03 0.11 0.19 
14.19 6.91 87.33 -0.47 0.05 0.35 
-29.99 -23.06 86.00 -0.36 -0.54 0.55 
-175.87 -27.20 100.52 -0.54 -0.58 1.18 
-62.41 -1.44 146.61 0.21 -0.22 1.95 
-30.52 48.64 130.47 0.33 0.68 1.37 
77.11 26.56 113.39 -0.49 0.03 0.65 
87.06 11.79 99.21 -0.76 -0.04 0.21 
-276.74 -0.73 53.17 -0.15 -0.67 0.73 
-81.77 8.89 55.31 -0.89 -0.12 0.25 
-207.98 18.12 70.46 -0.04 -0.47 0.79 
-210.00 3.74 87.04 -1.00 0.00 0.12 
-204.64 -3.69 76.57 -1.42 0.49 0.28 
-124.87 29.39 82.08 -0.64 -0.32 1.11 
-5.32 1.68 77.94 -1.02 0.25 -0.91 
-19.32 -22.88 68.61 -0.52 0.20 0.38 
-169.57 39.04 78.68 -0.40 -0.17 0.68 
-97.13 7.21 76.14 -1.07 0.54 -1.46 
-50.16 -8.72 67.42 -0.32 -0.31 1.06 
-55.83 8.85 69.39 -0.90 0.15 0.42 
17.43 3.85 58.74 -0.49 0.28 0.33 
-39.75 -20.96 49.41 -0.19 -0.53 0.60 
-143.05 -25.85 70.14 -0.29 -0.78 1.31 
45.94 26.28 42.90 -0.19 0.21 0.94 
69.84 19.60 29.83 -0.94 0.09 0.43 
73.59 -21.90 10.79 -0.20 -0.10 0.54 
-3.86 6.49 25.84 -0.64 -0.20 0.23 
-131.47 8.25 28.40 -0.67 -0.26 0.64 
-213.91 17.09 34.59 -0.45 -0.52 0.09 
-237.22 -4.50 43.19 -1.04 0.17 0.10 
-126.83 2.69 42.29 -1.19 0.33 0.49 
-89.98 1.04 40.93 -0.78 -0.24 0.91 
-146.11 35.83 44.81 -0.82 0.22 -0.43 
0.40 -18.30 37.46 -0.93 0.28 -0.56 
-206.35 32.97 37.33 0.06 -0.56 2.16 
-176.22 18.38 40.95 -0.99 0.31 -0.66 
-39.90 -18.40 28.89 -0.83 0.02 0.06 
-82.34 15.61 31.11 -0.96 -0.21 0.35 
-33.64 10.31 28.40 -0.67 0.28 0.74 
-7.00 -2.00 14.08 -0.36 -0.10 0.30 
-93.54 -20.56 13.90 -0.29 -0.81 0.83 
-152.71 -23.64 41.28 -0.39 -0.89 1.43 
-25.51 13.89 88.00 0.36 -0.03 1.76 
-15.93 34.30 77.48 0.14 0.32 1.26 
64.45 19.90 54.59 -0.46 0.11 0.68 
83.73 7.32 38.84 -0.73 -0.05 0.54 
-244.65 11.26 9.70 -0.28 -1.25 0.33 
-114.32 5.55 8.26 -0.82 -0.16 0.51 
-251.29 16.18 13.00 -0.16 -0.16 0.94 
-237.19 10.58 29.06 -0.55 0.00 -0.07 
-182.97 4.28 30.13 -1.41 0.90 0.52 
-84.84 1.91 30.58 -0.81 -0.06 0.48 
-140.56 36.26 35.23 -0.88 0.43 -0.66 
1.20 -22.63 22.52 -0.85 0.16 -0.36 
-171.76 33.03 24.49 -0.48 -0.44 1.14 
-74.02 3.47 24.36 -1.03 0.69 -1.52 
-85.32 17.84 23.49 -0.10 -0.83 1.95 
-65.71 6.57 26.01 -0.95 0.10 0.26 
-10.37 12.92 17.91 -0.79 0.28 0.38 
-1.43 -8.20 8.00 -0.26 -0.37 0.42 
-110.82 -29.80 6.93 -0.38 -0.78 0.63 
-127.80 -21.54 49.57 -0.14 -0.74 1.61 
-34.48 20.86 87.57 0.33 0.14 1.76 
-19.63 38.03 70.82 0.14 0.45 1.16 
105.97 20.34 54.52 -0.72 -0.10 0.72 
85.61 8.07 43.71 -0.71 -0.08 0.24 
-226.83 13.97 45.01 -0.45 -0.29 0.70 
-236.72 1.39 54.80 -0.83 -0.55 0.02 
-192.10 8.52 63.03 -1.49 0.98 0.37 
-82.19 3.28 58.36 -0.73 0.02 0.37 
-87.64 17.65 59.91 -0.62 -0.11 1.06 
-60.02 22.59 60.00 -0.98 0.52 -1.55 
-16.26 -35.81 48.75 -0.61 -0.07 0.65 
-161.71 43.04 57.50 -0.32 -0.02 0.44 
-48.83 -4.94 51.65 -1.20 0.61 -0.83 
-44.92 -2.26 49.34 -0.52 -0.43 1.15 
-76.38 6.92 47.96 -0.82 0.04 0.32 
-5.53 7.16 34.55 -0.64 0.12 0.46 
-19.97 -8.72 23.58 -0.33 -0.35 0.50 
-108.20 -26.03 27.75 -0.35 -0.62 0.83 
-125.92 -15.36 70.02 -0.04 -0.59 1.58 
-56.25 24.91 99.09 0.17 0.43 1.70 
-20.89 37.87 81.69 0.13 0.34 1.12 
76.00 23.70 65.10 -0.60 -0.15 0.57 
48.77 12.61 55.40 -0.80 -0.25 0.22 
-9.04 -5.54 32.36 -0.34 -0.27 0.88 
-103.78 7.00 28.15 -0.70 -0.09 0.42 
-240.26 21.55 31.75 -0.35 -0.65 0.90 
-187.64 7.31 37.44 -0.87 -0.19 -0.14 
-161.20 9.12 38.43 -1.28 0.55 0.46 
-129.89 10.01 42.80 -0.64 -0.08 0.88 
-118.19 34.68 43.72 -0.89 0.32 -0.90 
-22.44 -27.82 35.76 -0.77 0.34 -0.54 
-192.21 40.23 39.93 -0.52 -0.66 1.33 
-155.67 11.19 37.14 -1.21 0.62 -0.91 
-67.99 5.46 35.64 -0.91 -0.34 0.28 
-86.63 6.94 34.54 -0.91 -0.18 0.31 
30.33 0.54 26.02 -0.91 0.47 0.27 
25.05 -4.04 12.07 -0.45 -0.18 0.47 
-83.50 -21.23 9.24 -0.29 -0.72 0.63 
-169.62 -24.88 34.76 -0.34 -0.71 1.26 
-65.99 6.08 78.57 0.17 -0.13 1.87 
-77.67 34.51 64.47 0.25 0.46 1.41 
57.51 29.85 50.25 -0.39 0.03 0.73 
61.04 10.59 33.96 -0.85 0.00 0.35 
-29.16 -11.62 12.74 -0.13 -0.24 0.84 
-110.20 8.24 12.12 -0.98 -0.25 0.23 
-201.51 12.20 21.09 -0.39 -0.43 0.57 
-189.77 -0.08 34.78 -0.95 -0.12 0.08 
-176.06 2.65 32.69 -1.17 0.32 0.65 
-91.25 7.86 32.92 -0.74 -0.06 0.58 
-134.56 19.46 37.57 -0.49 -0.38 1.14 
-42.37 4.85 35.14 -1.10 0.67 -1.17 
-94.98 -37.54 34.41 0.06 -0.30 2.03 
-186.83 34.72 44.42 -0.91 0.24 -0.15 
-34.66 -15.46 32.33 -0.99 0.44 -0.64 
-90.74 4.04 28.79 -0.58 -0.48 1.15 
-53.97 5.44 28.69 -0.79 -0.01 0.53 
16.49 11.22 13.55 -0.70 0.20 0.50 
-2.95 -2.08 1.82 -0.25 -0.55 0.38 
-106.37 -28.30 5.11 -0.57 -0.76 0.62 
-125.03 -20.11 49.89 -0.26 -0.82 1.57 
-42.71 24.94 74.33 0.09 0.30 1.79 
0.95 31.23 58.57 0.02 0.30 1.06 
-79.29 0.19 -0.53 -0.22 -0.09 0.81 
-80.62 9.54 4.73 -0.77 -0.53 0.24 
-188.11 15.07 16.34 -0.42 -0.68 0.46 
-174.69 6.46 26.05 -0.89 0.00 0.00 
-187.51 2.06 24.19 -1.30 0.30 0.32 
-83.14 4.79 22.99 -0.88 -0.12 0.46 
-50.19 5.98 22.72 -0.77 0.00 0.58 
-154.98 26.59 28.91 -0.66 -0.37 0.55 
-5.04 -6.02 19.93 -0.85 0.57 -0.90 
-44.01 -16.50 18.27 0.14 -1.11 2.82 
-132.51 24.59 29.73 -0.98 0.37 -0.59 
-31.57 -12.58 16.67 -0.84 0.04 -0.11 
-93.10 19.00 19.64 -0.81 -0.16 0.39 
-27.82 1.44 7.56 -0.61 0.32 0.44 
-25.81 -6.54 -6.06 -0.38 -0.30 0.34 
-98.87 -27.27 -1.21 -0.44 -0.90 0.84 
-105.28 -11.10 43.62 -0.18 -0.60 1.64 
-66.58 42.67 40.23 0.18 0.42 1.38 
16.42 29.27 24.83 -0.39 0.12 0.68 
66.50 15.52 13.86 -0.97 -0.10 0.31 
37.38 -9.86 -2.59 -0.33 -0.12 0.63 
-45.16 11.99 4.63 -0.75 -0.33 0.21 
-153.09 23.09 40.14 -0.61 -0.12 0.45 
55.00 -18.30 30.95 -1.02 0.78 -1.21 
14.90 8.76 23.21 -0.50 0.12 0.47 
-7.99 -14.52 12.52 -0.46 -0.45 0.21 
-135.12 -27.09 22.83 -0.47 -0.57 0.87 
-150.63 -4.85 63.56 -0.20 -0.42 1.83 
-63.88 34.90 76.11 0.00 0.46 1.54 
13.38 29.29 62.41 -0.27 0.20 0.75 
52.51 17.41 49.47 -0.78 0.13 0.31 
114.88 -6.81 39.07 -0.57 0.04 0.38 
40.14 11.76 48.97 -0.59 -0.39 0.05 
-195.79 17.06 52.11 -0.58 -0.40 0.47 
-198.53 4.11 68.19 -0.43 -0.39 0.24 
-200.42 -0.49 74.10 -1.33 0.40 0.40 
-114.63 2.51 76.80 -0.49 -0.57 1.21 
-118.29 19.22 81.73 -1.02 0.48 -0.64 
-17.80 -19.74 63.68 -0.85 0.22 -0.15 
-170.26 19.30 75.06 -0.96 0.09 0.13 
-173.29 4.77 75.69 -0.99 0.20 0.00 
-76.85 -2.02 70.40 -1.09 0.25 -0.08 
-50.39 5.17 68.59 -0.83 -0.26 0.38 
-82.60 4.49 66.83 -0.90 -0.19 0.32 
-70.12 4.60 66.60 -0.94 -0.12 0.28 
10.62 3.17 67.02 -1.02 0.42 0.53 
40.45 2.35 62.22 -0.65 0.28 0.59 
15.01 -4.56 48.41 -0.36 -0.04 0.61 
-13.03 -2.32 41.19 -0.32 -0.36 0.62 
-98.73 -9.39 39.88 -0.47 -0.59 0.50 
-151.12 -12.32 41.45 -0.67 -0.54 0.69 
-90.02 -1.72 94.64 0.22 -0.39 1.49 
44.42 14.96 83.86 -0.58 -0.12 0.73 
44.42 14.96 83.86 -0.58 -0.12 0.73 
-159.58 21.93 82.43 -0.70 0.18 -0.09 
-92.47 7.96 14.33 -0.91 -0.16 0.21 
-92.47 7.96 14.33 -0.91 -0.16 0.21 
-117.87 8.10 11.64 -0.95 -0.25 0.23 
-96.93 5.19 11.74 -0.90 -0.20 0.07 
-78.19 7.06 11.89 -0.92 -0.20 0.24 
-101.92 5.97 12.76 -0.88 -0.32 0.44 
-157.24 20.43 19.90 -0.79 -0.01 0.00 
-96.94 6.68 21.22 -0.91 0.34 -0.55 
-3.48 -1.96 19.88 -1.09 0.19 -0.70 
8.31 -7.39 15.18 -1.00 0.21 -0.30 
-16.27 -17.14 15.98 0.43 -0.32 2.32 
122.17 11.83 175.51 1.70 -0.66 0.58 
-82.34 31.96 190.51 0.97 -0.19 0.11 
-175.70 -6.99 209.74 -0.04 0.22 0.01 
-53.54 -14.40 163.40 2.83 -0.64 0.12 
-234.39 18.67 155.19 1.14 -0.83 0.04 
-146.91 4.24 154.45 1.01 -0.39 0.11 
-150.62 -19.19 170.20 1.19 0.09 0.31 
-104.29 51.76 196.79 1.61 -0.84 0.47 
-48.83 42.18 240.47 0.00 -0.56 1.18 
-91.29 38.16 253.17 -0.54 0.24 0.11 
-192.06 42.45 267.23 0.39 -0.88 1.41 
-169.39 13.72 272.99 -1.25 0.51 -0.58 
-0.38 -16.83 256.75 -0.84 0.16 -0.13 
-106.70 34.14 269.07 -0.26 -0.51 0.75 
-94.70 -0.53 266.47 -1.22 0.00 -0.36 
17.78 6.57 253.78 -0.72 0.63 0.48 
-21.02 -6.10 231.07 -0.21 -0.42 0.40 
-79.96 -37.90 231.53 -0.20 -0.89 0.90 
-88.36 -22.84 284.32 0.13 -0.75 1.70 
-29.48 35.27 303.00 0.41 0.08 1.73 
43.98 33.60 284.08 0.02 0.35 0.94 
44.15 11.61 256.08 -0.60 -0.27 0.60 
-18.29 -2.84 230.10 -0.25 -0.21 0.55 
-133.85 15.61 237.48 -0.63 -0.39 0.32 
-205.89 18.48 251.25 -0.77 -0.32 0.16 
-209.58 1.85 261.78 -1.06 0.47 0.51 
-93.35 7.73 268.73 -0.36 -0.18 1.43 
-120.46 37.71 269.95 -1.02 0.42 -0.50 
-33.59 -32.56 250.52 -0.82 0.22 -0.30 
-187.93 28.07 259.50 -0.20 -0.31 0.87 
-17.31 0.02 254.27 -1.39 0.87 -1.26 
-70.59 1.63 252.66 0.75 -0.96 2.29 
-78.48 10.33 255.78 -0.89 0.11 0.21 
-26.50 10.18 243.41 -0.60 0.40 0.59 
-3.84 -15.51 227.81 -0.16 -0.45 0.29 
-133.28 -36.94 224.48 -0.02 -0.74 0.95 
-33.99 -19.46 271.38 0.47 -0.64 1.82 
-4.19 22.62 302.28 0.64 0.13 1.76 
-237.97 9.46 284.40 -0.24 -0.45 0.78 
-185.80 5.29 304.65 -0.73 0.00 0.31 
-215.79 1.45 315.54 -1.18 0.60 0.48 
-66.77 7.46 316.84 -0.90 0.11 0.62 
-142.09 11.47 316.76 -0.36 -0.36 1.20 
-51.32 16.00 319.18 -1.05 0.64 -0.88 
30.90 -31.90 314.41 -0.35 0.16 0.47 
-240.47 32.67 313.19 -0.32 -0.27 0.75 
-21.76 -32.62 295.24 -0.88 0.30 -0.62 
-80.10 23.74 297.69 -0.67 -0.51 1.29 
-25.20 7.39 301.83 -0.90 0.42 0.47 
-79.18 -26.39 283.12 -0.12 -0.56 0.88 
-81.70 -16.47 -326.98 0.34 -0.27 1.89 
-43.65 51.64 -312.38 0.44 0.58 1.50 
25.60 37.42 322.93 -0.08 0.39 0.84 
80.17 23.52 307.03 -0.67 -0.09 0.46 
150.91 -24.59 293.40 -0.12 -0.01 0.75 
-92.90 4.13 292.78 -0.71 -0.53 0.35 
-241.72 26.74 307.86 -0.27 -0.75 0.85 
-258.56 3.12 327.18 -0.97 0.32 -0.18 
-162.69 -4.86 315.47 -1.32 0.20 0.32 
-161.06 40.43 319.46 -0.76 0.18 -0.10 
38.09 -8.87 312.64 -1.25 0.50 -0.98 
-43.06 -19.34 314.97 0.79 -1.09 2.81 
-171.20 43.89 324.04 -0.76 0.18 0.00 
-22.50 -3.68 318.57 -1.26 0.62 -1.43 
-49.96 -7.11 312.04 0.57 -0.93 2.34 
-95.80 9.29 316.72 -0.88 0.02 0.29 
-23.01 6.79 316.74 -0.81 0.46 0.55 
15.03 0.85 298.56 -0.46 -0.03 0.12 
-28.60 -26.32 290.88 -0.04 -0.74 0.71 
-101.22 -29.26 318.67 0.02 -0.92 1.70 
-15.59 16.39 -284.47 0.59 0.26 2.00 
-72.61 44.66 -300.84 0.48 0.68 1.35 
25.51 -6.29 318.56 -0.37 -0.34 0.40 
-105.06 10.69 319.29 -0.89 -0.40 -0.08 
-246.02 6.69 -325.63 -0.19 -0.80 0.64 
-172.83 19.36 -314.47 -1.37 0.23 0.05 
-128.61 -9.17 -315.92 -0.49 -0.02 1.33 
-133.36 32.74 -313.99 -0.91 0.16 -0.35 
-4.35 -26.87 -325.99 -0.86 0.18 -0.20 
-179.83 26.51 -319.11 -0.10 -0.22 0.96 
-48.77 0.17 -320.19 -1.17 0.75 -1.68 
-74.62 6.58 -322.77 0.41 -1.40 2.54 
-62.51 11.67 -318.94 -0.99 0.38 0.24 
-13.88 6.00 318.19 -0.48 0.19 0.24 
-12.48 -9.94 304.09 -0.33 -0.60 0.32 
-123.70 -33.97 308.80 -0.27 -0.58 0.68 
-115.86 -17.88 -299.27 -0.07 -0.71 1.88 
-33.41 32.16 -278.36 0.22 0.89 1.82 
8.39 38.16 -298.73 0.03 0.38 0.95 
144.20 29.16 -312.06 -0.87 -0.08 0.34 
-4.30 -9.75 311.19 -0.32 0.15 0.79 
-80.47 9.66 316.29 -0.79 -0.21 0.06 
-243.38 17.80 321.88 -0.42 -0.84 0.49 
-170.16 -0.45 -310.81 -0.81 -0.20 0.18 
-129.75 0.78 -310.35 -1.03 0.20 0.87 
-136.95 7.58 -305.15 -0.49 -0.40 1.08 
-132.90 16.23 -305.78 -1.08 0.55 -0.96 
-27.22 -23.46 -320.60 -0.86 0.29 -0.32 
-154.35 28.52 -317.65 -0.19 -0.44 0.96 
-47.67 13.26 -316.12 -1.40 0.80 -1.45 
-112.24 -1.31 -316.53 0.84 -0.74 2.37 
-45.32 4.30 -315.59 -0.96 0.52 0.09 
-20.18 -1.10 323.12 -0.28 0.05 0.58 
-71.06 -14.71 312.76 -0.29 -0.57 0.61 
-131.13 -32.94 322.65 -0.22 -0.88 1.30 
-95.79 3.71 -285.32 0.24 -0.22 1.86 
-38.05 33.45 -287.74 0.33 0.52 1.39 
69.97 29.81 -308.05 -0.33 0.18 1.09 
70.59 13.09 322.40 -0.56 -0.22 0.32 
-244.95 4.45 286.48 -0.04 -0.89 0.68 
-133.22 11.69 291.01 -0.63 -0.61 0.55 
-181.88 6.65 312.07 -0.29 -0.12 0.39 
-278.93 0.18 -324.57 -1.17 0.59 0.33 
-108.12 3.93 -327.23 -0.87 -0.06 0.52 
-71.51 1.15 -325.19 -0.80 0.08 0.32 
-104.26 29.63 -320.86 -1.21 0.63 -0.76 
-59.45 -26.00 320.63 -0.59 0.09 0.55 
-148.74 49.29 -317.26 -0.67 0.17 0.01 
-4.99 -22.49 325.33 -0.99 0.58 -0.64 
-129.41 16.83 320.57 -0.55 -0.31 0.83 
-47.29 3.45 310.66 -0.73 0.50 0.62 
-42.03 2.13 290.21 -0.26 -0.15 0.46 
-53.33 -24.28 285.15 -0.20 -0.67 0.70 
-122.18 -22.45 318.51 -0.23 -1.07 1.53 
-12.54 20.01 -292.47 0.46 0.26 2.06 
-14.90 37.83 -314.58 0.16 0.64 1.26 
80.94 31.88 313.52 -0.36 -0.12 0.76 
19.54 0.38 289.39 0.00 -0.55 0.52 
-195.33 15.89 299.80 -0.33 -0.70 0.55 
-256.97 7.78 -325.74 -0.78 -0.02 -0.09 
-170.21 -4.91 322.06 -1.50 0.68 0.90 
-102.54 21.09 -323.13 -0.42 -0.49 1.17 
-108.22 11.63 -318.47 -1.00 0.50 -0.92 
-43.90 -37.34 -316.07 0.51 -0.17 3.01 
-173.03 37.08 -307.60 -0.72 0.13 -0.11 
-44.55 -17.09 -321.72 -1.11 0.67 -1.09 
-98.04 17.21 -322.61 -0.01 -0.71 2.07 
-63.50 6.18 -319.01 -0.91 0.24 0.34 
-32.83 9.01 316.74 -0.36 0.02 0.44 
-25.35 -13.46 305.97 -0.28 -0.30 0.57 
-83.11 -29.79 309.97 -0.18 -0.62 1.10 
-81.50 -14.65 -301.34 0.11 -0.61 1.65 
-51.52 26.28 -277.22 0.37 0.37 1.54 
8.52 32.88 -288.82 0.17 0.40 1.10 
67.32 18.38 -310.76 -0.41 0.22 0.79 
82.78 -6.20 316.58 -0.47 -0.15 0.45 
48.60 24.43 318.96 -0.58 -1.20 -0.04 
-174.95 3.27 318.75 -0.69 -0.34 0.70 
-247.46 13.14 -314.29 -0.55 -0.38 0.21 
-181.66 3.30 -299.29 -1.05 0.48 0.22 
-189.70 -12.67 -298.82 -0.20 -0.32 1.94 
-88.99 27.75 -297.59 -1.05 0.58 -1.07 
-30.54 -40.47 -309.56 -0.74 0.14 1.01 
-165.64 46.82 -299.00 -0.57 0.09 0.11 
-34.47 -19.05 -310.38 -1.02 0.55 -0.93 
-106.87 19.91 -314.20 -0.39 -0.39 1.35 
-32.85 4.87 326.79 -0.51 0.33 0.51 
-33.53 -12.74 310.38 -0.32 -0.34 0.42 
-93.87 -29.94 312.91 -0.13 -0.81 1.02 
-71.78 -9.67 -292.98 0.14 -0.53 1.62 
-53.16 34.88 -277.20 0.37 0.41 1.61 
-17.52 34.01 -288.82 0.05 0.23 1.07 
77.59 20.93 -306.33 -0.55 0.09 0.60 
33.54 1.87 323.65 -0.46 -0.47 0.42 
-21.59 18.51 325.64 -0.50 -1.42 -0.12 
-216.57 3.27 -321.59 0.00 -0.89 0.69 
-230.51 9.11 -301.40 -1.05 -0.07 -0.07 
-211.26 -19.24 -309.73 -0.71 0.22 0.88 
-130.62 33.68 -303.86 -0.36 -0.21 0.92 
-58.77 1.67 -309.16 -1.06 0.81 -1.41 
-0.35 -27.55 -310.32 0.35 -0.33 2.13 
-166.09 45.68 -297.43 -0.74 0.07 -0.04 
-51.45 -6.36 -306.68 -0.96 0.66 -1.19 
-32.56 -7.58 -308.64 -0.23 -0.44 2.02 
-94.42 12.01 -303.73 -0.77 -0.08 0.38 
-13.66 4.05 -313.80 -0.44 0.30 0.59 
-70.25 -23.24 326.27 -0.25 -0.47 0.30 
-104.03 -33.49 -313.61 -0.24 -0.85 1.21 
11.77 15.85 -260.17 0.75 -0.10 2.07 
-62.68 41.23 -268.44 0.54 0.46 1.26 
23.88 24.80 -291.81 -0.28 0.26 0.75 
88.45 20.33 -304.75 -0.71 -0.15 0.38 
-5.58 -23.37 -327.30 0.01 -0.11 0.93 
-139.48 12.13 323.29 -0.81 -0.31 0.15 
-212.17 14.65 -320.93 -0.02 -0.74 0.69 
-214.78 -6.58 -317.17 -1.28 0.12 -0.08 
-144.91 -15.34 -317.92 -1.03 -0.05 0.83 
-139.58 35.36 -310.60 -0.92 0.29 -0.35 
-46.38 -24.74 -326.37 -0.81 0.31 -0.41 
-118.60 30.56 -319.15 -0.43 -0.55 1.31 
-158.45 15.60 -317.26 -1.08 0.52 -0.76 
-11.70 -37.11 324.98 -0.78 0.00 0.86 
-68.51 17.49 -324.14 -0.86 -0.03 0.14 
-9.16 8.44 322.77 -0.78 0.42 0.59 
2.49 -8.24 306.98 -0.43 -0.17 0.25 
-93.90 -22.16 298.84 -0.06 -0.79 0.87 
-74.74 30.16 -262.73 0.44 0.46 1.45 
50.93 33.01 -278.98 -0.33 0.15 0.88 
81.38 34.39 -290.65 -0.75 -0.13 0.13 
-200.83 6.01 -325.40 -0.11 -1.29 0.47 
-200.56 3.81 323.48 -0.68 -0.53 0.36 
-221.67 14.69 -314.13 -0.64 -0.53 0.13 
-293.51 -2.94 -309.85 -1.41 0.97 0.15 
-107.53 2.40 -315.37 -0.92 0.12 0.52 
-107.06 32.72 -311.36 -0.74 0.13 0.08 
-7.77 -18.20 -320.75 -0.99 0.34 -0.51 
-193.87 27.95 -315.21 -0.37 -0.54 0.90 
-20.15 -2.16 -318.49 -1.17 0.84 -1.37 
-71.90 24.91 -316.23 -0.51 -0.63 1.30 
-109.15 6.22 -314.06 -0.90 -0.12 0.19 
-27.79 10.92 -321.14 -0.68 0.33 0.52 
0.90 -6.33 320.32 -0.44 -0.08 0.31 
-85.05 -26.01 315.29 -0.26 -0.54 0.75 
-136.30 -24.79 -321.77 -0.20 -0.77 1.35 
-66.48 3.29 -279.81 0.28 -0.29 1.70 
-12.03 35.71 -280.20 0.34 0.58 1.43 
42.32 30.10 -300.30 -0.12 0.30 0.86 
107.70 14.90 -319.33 -0.75 -0.23 0.43 
-22.89 -7.49 304.89 -0.14 -0.24 0.72 
-171.29 12.65 310.25 -0.63 -0.34 0.50 
-219.01 6.68 325.12 -0.46 -0.61 0.27 
-204.99 3.89 -317.56 -1.01 0.16 0.36 
-105.63 2.91 -321.31 -1.03 0.01 0.56 
-147.24 28.63 -312.61 -0.61 -0.18 0.63 
-24.25 -5.19 -322.85 -1.29 0.84 -1.17 
-90.99 14.18 -324.99 0.48 -0.86 2.95 
-140.59 26.75 -318.77 -1.01 0.36 -0.49 
-16.58 -25.55 317.44 -0.76 0.19 0.03 
-87.44 20.44 322.95 -0.90 -0.32 0.40 
-27.35 10.64 324.81 -0.90 0.45 0.81 
-15.70 7.05 312.46 -0.34 0.00 0.21 
-45.41 -23.25 301.67 -0.31 -0.45 0.50 
-120.44 -30.40 316.29 -0.15 -0.79 1.32 
-84.24 6.39 -291.60 0.26 -0.20 1.93 
-51.15 38.71 -290.34 0.35 0.62 1.42 
40.27 24.89 -311.65 -0.25 0.37 0.79 
27.78 15.22 322.04 -0.70 -0.07 0.44 
14.16 -4.16 293.87 -0.25 -0.40 0.59 
-91.29 7.13 301.67 -0.44 -0.37 0.47 
-182.20 4.08 324.85 -0.02 -0.21 0.42 
-225.42 -0.18 -312.42 -1.28 0.68 0.32 
-114.54 1.80 -313.30 -0.84 0.17 0.64 
-131.25 29.23 -307.18 -0.62 -0.17 0.70 
6.47 -14.29 -317.51 -1.11 0.74 -1.12 
-61.31 8.10 -320.54 0.61 -0.90 3.01 
-146.88 25.16 -316.96 -0.98 0.47 -0.49 
3.50 -18.91 324.22 -0.71 -0.02 0.09 
-81.85 15.88 -326.15 -0.88 -0.20 0.20 
-18.58 12.56 -324.45 -0.91 0.19 0.64 
-7.61 6.28 318.39 -0.53 0.03 0.25 
-34.81 -14.05 308.98 -0.39 -0.34 0.39 
-46.00 -33.14 315.90 -0.28 -0.57 0.96 
-61.56 -10.51 -291.87 0.12 -0.51 1.88 
-57.74 40.11 -277.76 0.26 0.95 1.83 
17.96 37.43 -304.66 0.25 0.45 0.81 
104.49 18.21 -326.82 -0.64 -0.24 0.41 
-124.41 -5.77 295.43 -0.23 -0.59 0.61 
-155.12 7.20 296.84 -0.88 -0.51 0.42 
-272.90 12.82 318.14 -0.21 -0.39 0.27 
-211.91 -8.79 -326.22 -1.37 0.93 0.50 
-141.06 23.20 -321.09 -0.45 -0.25 1.14 
-10.35 3.27 -324.09 -1.22 0.58 -1.59 
-59.11 6.56 -326.90 0.68 -0.77 3.70 
-135.03 35.58 -321.57 -1.07 0.57 -0.84 
13.00 -26.47 319.67 -0.68 -0.12 0.29 
-122.74 17.05 322.49 -0.88 -0.10 0.19 
-30.41 4.96 321.35 -0.91 0.18 0.48 
-12.58 2.54 310.72 -0.56 0.00 0.31 
-40.00 -11.30 300.76 -0.36 -0.44 0.48 
-81.33 -34.94 307.54 -0.26 -0.79 1.01 
-52.77 -2.14 -294.38 0.28 -0.51 1.91 
-56.87 31.56 -280.77 0.32 0.54 1.51 
38.25 32.80 -298.50 0.14 0.41 1.10 
93.03 20.19 -324.49 -0.68 -0.03 0.77 
-16.64 -8.56 296.07 -0.11 -0.35 0.34 
-201.79 7.78 299.09 -0.46 -0.31 0.19 
-197.97 -5.42 -326.30 -0.95 -0.34 -0.07 
-202.95 0.21 319.65 -1.35 0.62 0.49 
-137.39 18.85 323.05 -0.54 -0.09 0.94 
-58.87 9.92 324.21 -1.14 0.30 -1.00 
-31.95 -22.82 311.11 -0.69 0.05 0.41 
-192.34 43.54 325.14 -0.84 0.05 -0.02 
-34.07 -7.83 317.55 -1.07 0.57 -0.78 
-52.64 1.68 313.46 -0.40 -0.51 1.39 
-90.96 10.76 315.38 -0.84 -0.03 0.29 
-28.64 9.91 310.67 -0.71 0.42 0.57 
-3.41 -3.98 300.11 -0.45 -0.11 0.27 
-142.49 -15.50 301.61 -0.23 -0.89 1.25 
-150.90 -1.77 302.50 -0.26 -0.94 1.35 
-89.91 0.61 -307.57 0.25 -0.10 1.93 
-46.58 13.41 -291.50 0.40 0.40 1.99 
24.30 22.68 -310.03 -0.10 0.25 0.84 
-63.67 11.66 318.61 -0.68 -0.49 0.13 
-63.67 11.66 318.61 -0.68 -0.49 0.13 
-233.56 4.00 322.78 -0.35 -0.68 0.53 
-228.29 3.62 -325.72 -0.27 -0.33 0.09 
