-48.35 33.67 128.70 0.39 -1.97 -2.37 
10.57 37.75 179.74 1.60 0.16 0.20 
-112.59 -21.51 150.04 1.06 -0.23 -0.02 
49.25 11.15 177.01 -0.49 -1.71 -0.36 
95.29 -32.86 190.52 1.62 -1.43 -1.06 
238.81 -34.63 244.39 -0.18 -2.57 -1.35 
-39.64 18.58 258.06 -0.21 -0.27 0.22 
66.09 -44.11 217.21 -0.50 0.18 0.10 
1.67 33.05 243.07 -0.17 -0.22 0.43 
-28.50 -11.15 230.76 -1.76 0.63 0.34 
-15.55 29.02 227.94 1.05 -0.47 1.06 
-89.50 -10.74 247.51 -0.79 0.18 0.75 
-261.45 48.11 259.64 0.38 -0.92 -0.12 
-52.40 25.44 234.52 0.60 -1.68 -1.86 
41.32 16.75 223.78 1.46 0.10 -0.24 
-93.19 -2.11 201.35 0.54 -0.85 -0.45 
-16.32 26.66 203.70 1.13 -0.04 -0.31 
119.58 -35.74 213.68 0.53 -1.20 -0.61 
134.85 23.44 222.00 -0.49 0.55 0.26 
46.11 -21.11 195.87 -0.68 -0.01 0.38 
35.35 33.71 216.34 0.18 -0.39 0.59 
-111.97 -9.02 236.57 -0.46 0.18 0.62 
-261.45 48.14 241.02 0.94 -1.33 -1.18 
5.65 8.81 281.89 0.00 -0.73 -0.36 
30.06 -34.73 273.36 1.46 0.18 -0.26 
-57.90 1.38 278.40 -0.91 -1.89 -0.56 
28.47 11.29 281.69 1.68 -0.78 -0.78 
-28.32 -15.35 273.92 0.15 -1.88 -0.97 
238.81 4.12 310.87 0.51 -0.07 -0.45 
57.11 -58.65 271.94 0.01 0.21 0.23 
-1.38 12.01 300.59 -1.15 0.07 0.63 
24.97 -8.82 274.46 -0.70 0.18 0.79 
-93.83 10.23 305.97 0.18 -0.31 0.48 
-261.45 48.79 296.14 0.28 -1.10 -0.81 
126.41 20.95 305.60 0.55 -0.85 -1.91 
-261.45 7.55 282.67 1.35 -1.89 -1.29 
-31.41 0.12 271.51 -0.30 -1.31 -0.58 
64.22 15.14 285.93 0.57 -0.22 -0.30 
13.33 -26.52 265.34 1.07 -0.24 -0.48 
68.06 -27.35 280.57 -0.60 -1.92 -1.63 
238.81 -4.20 -327.21 0.21 -0.47 -1.19 
218.96 -45.53 293.65 -0.20 0.30 0.11 
16.97 33.21 302.57 -0.56 0.03 0.69 
75.44 -17.38 273.93 -0.66 0.12 0.53 
-40.98 19.88 289.56 0.08 0.10 0.43 
-261.45 25.28 276.97 0.72 -0.41 -0.63 
-102.84 13.27 285.35 0.13 -0.65 -1.97 
107.13 -2.11 284.24 1.55 -0.84 -1.31 
-21.28 5.10 289.30 -0.86 -1.27 -0.81 
-72.22 13.21 280.63 1.84 -1.29 -1.98 
238.81 -28.01 326.82 0.11 -1.57 -0.94 
30.75 15.45 -325.62 -0.76 0.02 0.10 
89.06 -49.27 319.45 1.76 0.21 0.90 
-21.96 26.56 -317.09 -0.83 -0.02 0.48 
51.93 -41.90 316.29 -0.02 0.27 0.66 
-261.45 24.15 -291.60 -0.08 0.59 -0.03 
-237.23 49.16 317.61 0.33 -1.56 -1.55 
-39.09 4.69 -315.64 -0.43 -1.07 -0.93 
-9.19 -2.14 -316.31 1.41 -1.23 -1.21 
-39.16 4.12 317.63 -0.14 -0.81 -0.66 
56.83 15.72 321.25 0.62 -0.54 -0.36 
216.81 -41.17 -319.54 0.71 -1.43 -0.81 
167.58 7.58 -296.80 -0.38 0.72 0.38 
14.24 -3.36 -310.56 -1.13 0.29 0.23 
-41.54 4.32 -312.10 1.85 -0.66 1.34 
-97.48 0.59 -294.06 -2.54 0.69 0.77 
-18.86 -25.95 -288.79 2.98 0.06 1.08 
-261.45 17.10 -272.84 -0.15 -0.17 0.21 
-261.45 48.12 -318.76 0.03 -2.06 -1.79 
42.48 11.53 -306.37 1.20 -0.33 -0.21 
-65.93 -23.85 -315.92 1.03 -0.84 -0.46 
238.81 -34.52 -261.79 0.34 -1.00 -0.74 
65.98 -20.32 -279.92 -0.80 0.05 0.05 
-68.76 29.41 -250.62 0.91 -0.58 0.86 
-104.90 -2.81 -249.99 -1.87 0.49 0.31 
-54.10 4.26 -251.61 1.92 -0.63 1.31 
-161.29 -18.74 -266.81 -0.80 0.44 0.21 
-261.45 48.06 -297.54 1.50 -2.35 -2.48 
47.05 15.31 -267.81 1.76 -0.21 -0.99 
-30.74 -12.09 -279.15 0.49 -0.45 -0.42 
111.84 3.69 -257.99 0.08 -0.34 -0.32 
81.02 -37.87 -248.12 0.89 -0.75 -0.82 
238.81 0.37 -195.39 -0.12 -0.33 -0.29 
79.88 -13.05 -211.52 -1.08 0.20 -0.03 
-93.61 21.09 -196.48 0.65 -0.41 1.02 
-90.20 -4.82 -195.55 -1.43 0.41 0.37 
-148.64 2.31 -168.92 0.33 -0.23 0.64 
-261.45 9.26 -165.59 0.08 -0.49 -0.40 
-33.82 22.91 -173.31 -0.30 -1.48 -1.37 
61.39 26.67 -161.01 1.74 -0.65 -0.80 
-92.59 -9.70 -170.57 0.53 -0.76 -0.50 
-7.46 -1.24 -150.65 -0.22 -0.66 -0.80 
128.38 -42.48 -146.01 1.15 -1.30 -1.26 
238.81 -21.27 -123.66 0.25 -0.62 -0.12 
38.03 10.75 -123.62 -1.39 0.35 0.27 
48.69 -33.51 -134.69 3.37 0.17 0.97 
-85.64 3.91 -110.47 -3.01 0.60 0.58 
-76.68 -43.12 -107.03 2.99 -0.50 0.92 
-91.13 9.07 -84.11 -0.74 0.04 0.42 
-261.45 49.29 -115.16 -0.03 -1.89 -1.43 
12.60 8.31 -90.79 0.79 -1.05 -0.79 
-12.51 -28.86 -106.89 1.44 -0.13 -0.28 
16.79 6.55 -88.91 -0.62 -1.35 -0.78 
-25.13 -39.55 -83.11 1.07 -0.84 -1.11 
238.81 -40.74 -28.98 0.25 -1.53 -1.29 
4.00 4.68 -28.35 -1.16 0.16 -0.33 
66.44 -43.56 -41.82 2.01 -0.22 1.05 
36.28 8.13 -25.04 -1.99 0.01 0.75 
-29.80 -20.00 -32.46 0.94 0.10 0.70 
-261.45 1.50 5.16 -0.36 0.13 0.01 
-107.08 48.53 -33.41 0.39 -0.86 -0.87 
-69.95 7.72 -3.71 -0.23 -1.22 -0.86 
71.54 -36.24 4.83 1.16 -1.22 -1.11 
-47.46 8.38 -0.73 -1.20 -1.12 -0.22 
89.01 5.92 -10.66 2.35 -2.40 -1.97 
238.81 -38.06 7.92 0.33 -1.48 0.37 
79.64 33.80 5.83 -0.09 -0.30 1.00 
28.57 -11.32 -27.58 -0.16 0.16 0.38 
71.00 35.69 -4.94 -0.15 -0.41 0.57 
105.32 -6.67 -41.26 -0.43 0.06 0.58 
62.13 16.99 -27.80 0.14 0.17 0.31 
-261.45 41.26 -11.49 0.73 0.37 -1.32 
-18.80 10.08 13.21 -0.01 -0.75 -1.63 
-99.32 5.14 -0.08 2.49 -1.22 -1.43 
54.40 18.75 -17.51 -0.80 -1.16 -0.48 
119.70 24.83 -15.02 1.18 -0.50 0.00 
96.56 -39.55 1.15 0.85 -1.53 -0.28 
238.81 1.54 31.68 0.34 0.40 -0.30 
20.45 1.38 12.64 -1.23 0.28 -0.02 
-79.35 25.05 18.66 1.28 -0.57 1.10 
-66.61 10.18 30.32 -2.71 0.45 0.81 
-108.65 -31.71 28.57 2.69 -0.25 1.24 
-261.45 53.17 16.49 -0.21 -0.49 -0.23 
-88.48 29.93 2.41 -0.21 -2.20 -2.41 
-63.69 31.71 4.44 2.20 -0.40 -0.72 
83.54 -15.34 3.84 0.24 -0.71 -0.48 
125.63 14.98 34.05 -0.32 -1.15 -0.53 
102.74 -42.65 44.76 0.92 -1.91 -1.04 
238.81 -21.81 70.01 0.26 -0.99 0.47 
93.34 26.27 84.70 -0.36 0.04 0.47 
39.96 -9.58 51.48 -0.15 -0.13 0.56 
49.32 24.86 67.71 0.34 -0.36 0.60 
23.45 -12.33 42.84 -1.97 0.15 0.38 
21.97 -13.01 30.01 2.15 0.18 1.57 
-261.45 -2.41 75.65 -0.79 0.75 0.19 
-125.96 48.00 29.96 0.87 -0.79 -1.69 
-50.67 2.94 47.26 -0.04 -0.82 -1.18 
3.95 -0.40 45.48 1.44 -1.48 -1.03 
-18.15 1.63 37.14 -0.28 -0.51 -0.57 
149.66 11.35 60.28 -0.16 -0.70 -0.36 
200.37 -49.00 76.37 1.77 -0.78 -0.95 
61.05 -15.14 46.00 0.09 0.14 0.44 
27.22 24.13 76.09 0.58 -0.36 0.64 
-2.96 1.10 53.19 -2.29 0.38 0.44 
-38.65 37.80 78.63 -0.29 -0.55 -1.11 
-36.28 6.77 98.21 0.04 -0.67 -1.36 
71.86 6.46 105.98 1.89 -1.34 -0.74 
-9.41 -0.89 93.46 0.21 -0.63 -0.48 
-28.38 -3.01 128.05 -0.44 -0.94 -0.82 
-49.46 -25.14 132.26 1.20 -1.16 -1.15 
238.81 -27.70 169.02 -0.95 -1.26 -0.85 
17.38 6.19 173.17 -1.05 -0.20 0.07 
75.55 -26.64 150.86 0.15 0.14 0.58 
12.49 21.53 173.10 -0.16 -0.29 0.42 
6.69 -14.45 152.97 -1.90 0.19 0.50 
-169.92 10.70 164.31 1.91 -0.83 1.00 
-261.45 17.26 151.52 -0.47 -0.52 0.05 
-31.94 34.41 142.22 0.29 -0.93 -1.66 
-78.41 27.76 163.98 1.15 -0.70 -0.94 
1.75 -12.84 146.08 0.36 -0.67 -0.45 
77.50 6.78 172.66 -0.29 -0.69 -0.50 
116.93 -48.73 172.80 1.61 -0.68 -1.25 
238.81 -17.49 226.93 -0.04 -1.87 -0.40 
124.32 10.74 228.82 -1.01 1.01 -0.27 
-83.45 21.62 257.29 0.22 -0.29 0.59 
98.94 -6.83 230.29 -1.36 0.00 0.45 
-156.84 12.12 249.84 0.81 -0.70 0.68 
-261.45 43.30 255.07 -0.31 0.40 -0.20 
93.23 33.62 265.61 -0.16 -1.18 -1.82 
-45.15 8.27 282.28 1.98 -1.62 -1.19 
-6.11 -5.12 267.06 0.09 -0.70 -0.60 
114.98 5.98 286.08 0.22 -0.17 -0.14 
55.30 -35.73 288.99 1.06 -0.39 -0.81 
238.81 -30.74 327.67 -0.01 -1.46 -0.54 
150.90 8.23 -327.28 -1.53 0.64 0.00 
63.51 -21.63 315.18 2.27 -0.52 1.58 
-19.11 -2.29 327.34 -1.33 0.50 0.86 
90.74 -22.93 287.36 0.12 0.16 0.41 
20.64 12.98 311.38 0.54 0.05 0.77 
-261.45 42.47 -312.84 -0.60 0.95 0.30 
-251.23 48.94 298.79 0.03 -0.63 -1.00 
57.67 4.47 314.87 0.10 -0.93 -1.07 
-16.58 -19.44 311.86 0.96 -0.83 -0.64 
4.74 5.04 310.76 -0.16 -0.59 -0.67 
63.49 8.85 323.67 0.00 -0.66 -0.45 
-106.33 -9.80 325.10 0.87 -0.60 -1.06 
238.81 -28.70 -310.91 -0.14 -1.81 -0.81 
189.31 15.89 -302.26 -0.63 0.20 0.31 
21.51 -9.57 -319.41 -0.67 0.17 0.58 
-75.17 -12.40 -327.52 2.17 -0.53 1.29 
1.49 4.48 -306.95 -0.62 0.08 0.95 
20.88 -15.78 310.79 -0.90 0.31 0.69 
30.66 2.55 311.10 1.55 -0.98 0.98 
-165.09 -17.84 -309.25 -0.55 0.17 0.63 
-261.45 49.45 317.36 0.03 -1.47 -1.13 
-2.38 5.50 -317.22 0.05 -1.19 -1.01 
-82.71 16.82 -318.98 1.62 -0.56 -0.89 
-25.99 -2.63 -323.23 0.20 -0.81 -0.41 
74.05 7.02 -301.67 -0.44 -1.06 -0.45 
-210.51 15.82 -299.72 1.04 -0.86 -1.40 
238.81 -22.12 -263.49 -0.30 -1.86 -0.42 
126.08 -5.03 -250.20 -0.45 0.19 0.51 
24.26 -8.82 -272.38 -1.12 0.32 0.41 
-62.81 -4.61 -280.68 1.95 -0.62 1.24 
-32.58 0.51 -264.51 -0.51 0.10 1.05 
48.67 -18.40 -301.08 -0.55 0.14 0.75 
-51.35 7.98 -294.20 1.08 -0.57 0.82 
-261.45 -6.23 -275.15 -0.39 0.16 0.27 
-247.61 34.15 -297.63 0.81 -1.63 -1.62 
-36.20 7.44 -282.16 0.33 -0.25 -0.64 
-9.56 -10.99 -279.43 1.06 -0.81 -0.99 
10.05 12.73 -297.31 -0.40 -0.98 -0.74 
30.65 17.52 -286.14 0.86 -0.76 -0.20 
207.54 14.02 -232.74 -0.94 0.40 0.35 
77.06 -39.40 -247.60 0.81 -0.15 0.61 
48.65 17.95 -234.26 -0.44 -0.12 0.78 
44.65 -0.76 -260.44 -0.71 0.05 0.59 
5.31 13.58 -241.76 0.52 -0.55 0.59 
-261.45 3.72 -239.13 -0.19 0.15 -0.57 
197.82 4.50 -229.34 0.23 -1.85 -2.01 
-36.51 7.66 -217.08 1.06 -0.17 -0.44 
46.58 -24.45 -226.94 1.05 -0.12 -0.47 
-23.25 14.23 -217.75 -0.48 -1.17 -0.35 
-91.64 18.12 -217.48 1.45 -1.11 -1.53 
37.34 -20.10 -208.81 0.02 -1.68 -0.63 
238.81 -5.45 -194.73 0.02 -0.59 -0.35 
137.78 -5.68 -207.61 -0.70 -0.08 0.67 
91.73 -22.51 -214.65 1.13 -0.24 0.94 
14.25 8.29 -195.07 -0.54 0.03 0.77 
33.21 -4.44 -227.44 -0.70 0.12 0.68 
-49.80 9.48 -217.38 0.70 -0.76 0.81 
-259.74 -4.77 -182.30 -0.45 0.32 0.70 
-160.61 49.26 -211.15 0.00 -0.91 -1.14 
33.60 1.37 -187.56 0.03 -1.12 -0.84 
-45.47 14.37 -185.12 1.95 -0.64 -0.83 
28.65 -21.16 -193.27 0.66 -0.72 -0.36 
54.09 -3.19 -186.74 -0.79 -1.22 -0.23 
-97.09 21.52 -209.89 1.88 -1.21 -0.83 
30.61 -27.66 -205.30 0.45 -1.61 -0.57 
238.81 2.77 -163.84 -0.11 -0.40 -0.03 
148.27 0.28 -171.34 -1.15 0.37 0.24 
33.72 -49.17 -177.70 2.37 -0.31 1.35 
46.29 -0.85 -159.63 -0.54 0.04 0.86 
-4.50 -69.91 -136.60 2.40 -0.21 0.92 
-18.96 6.26 -69.57 0.70 -0.05 -0.28 
-18.96 6.26 -69.57 0.70 -0.05 -0.28 
193.64 -16.00 -62.45 1.23 -0.73 -0.96 
43.56 -11.54 -69.05 0.65 -0.50 -0.48 
-3.58 1.60 -81.30 -1.14 -1.84 -0.37 
92.76 9.68 -73.39 -0.23 -0.63 -0.06 
-154.02 17.72 -81.83 2.24 -1.78 -1.77 
5.96 -16.02 -79.52 0.83 -0.51 -0.50 
238.81 -19.77 -54.76 -0.40 -1.56 -0.36 
238.81 4.18 -31.41 -0.03 -0.38 0.03 
234.19 2.24 -32.75 -0.41 -0.03 0.40 
8.31 1.07 -38.68 -1.28 0.57 0.30 
-7.98 -31.34 -50.71 1.16 -0.24 0.84 
3.00 4.69 -48.59 1.15 -0.73 0.93 
22.19 2.71 -34.46 -0.53 0.04 0.93 
37.80 6.61 -30.97 -1.34 0.26 1.22 
-31.25 -10.85 -51.97 -0.55 0.12 0.81 
-37.60 -7.93 -59.36 1.26 -0.34 0.76 
49.98 13.61 -42.82 0.50 -0.25 0.42 
-31.70 -7.53 -31.68 -0.49 0.32 0.64 
-261.45 16.54 -23.43 -0.02 -0.23 -0.37 
-242.67 23.30 -41.17 -0.01 -1.95 -1.26 
-16.48 9.18 -24.30 0.04 -0.90 -0.88 
-54.90 8.89 -20.46 1.17 -0.38 -0.53 
97.62 -24.88 -14.20 1.30 -0.46 -0.79 
-261.45 82.26 -93.60 -0.19 -1.79 -1.22 
129.20 1.71 -85.33 2.20 -1.07 -0.45 
147.23 -1.29 -85.50 2.77 -1.07 -0.69 
38.58 4.63 38.86 -0.75 -1.19 -1.50 
-11.21 -4.81 49.30 1.28 -1.26 -1.40 
-12.71 1.16 35.04 -0.33 -0.70 -0.63 
176.69 1.37 46.75 -0.04 -0.46 -0.21 
23.72 -38.74 57.52 1.48 -0.67 -0.99 
238.81 -14.28 84.34 -0.92 -1.23 -0.40 
238.81 13.82 83.21 -0.50 0.07 -0.23 
97.20 -35.97 57.16 -0.19 0.19 0.44 
16.56 19.39 73.10 0.19 -0.30 0.52 
-3.79 -1.53 72.54 -1.39 0.33 1.35 
10.13 0.58 59.88 0.76 -0.42 0.66 
-60.68 25.76 88.72 -0.18 0.21 0.56 
-261.45 0.44 97.00 0.02 -0.24 0.57 
-261.45 46.56 108.20 -0.27 -0.72 -0.88 
-10.22 -23.24 107.43 0.80 -0.32 -1.22 
-34.86 9.39 94.38 -0.42 -0.72 -0.86 
113.69 -6.68 111.64 -0.25 -0.73 -0.45 
-111.06 -10.82 115.96 0.75 -0.81 -1.20 
79.64 -12.84 113.99 -1.05 0.08 0.46 
-6.83 23.09 118.70 1.04 -0.46 0.74 
25.29 -13.64 127.43 -0.81 0.32 1.39 
43.93 -4.46 105.58 0.08 0.18 0.53 
12.19 16.32 137.55 0.13 0.26 0.47 
-261.45 35.77 163.54 -0.40 -1.27 -0.55 
-59.41 28.15 175.17 -0.33 -0.59 -1.07 
44.11 -34.92 174.62 0.94 -0.48 -1.20 
-47.35 7.07 166.05 -0.87 -1.21 -0.78 
77.88 9.45 174.82 0.33 -0.46 -0.66 
-34.82 -38.79 174.43 1.33 -0.75 -1.18 
238.81 -20.80 209.46 -0.34 -0.92 -0.22 
68.14 -3.08 201.21 -0.89 0.25 0.39 
83.61 -49.11 204.91 2.23 0.06 1.09 
6.86 1.40 221.63 -0.79 0.05 0.94 
39.06 -3.08 189.75 -0.26 0.04 0.67 
7.02 8.77 208.63 0.55 -0.19 0.51 
-261.45 14.69 226.68 0.09 0.02 0.26 
-111.33 26.60 216.34 -0.29 -1.73 -1.55 
-99.77 25.15 208.34 1.73 -0.75 -1.07 
15.83 -13.75 198.72 0.18 -0.73 -0.53 
82.65 8.74 213.50 -0.13 -0.39 -0.24 
33.44 -33.78 218.85 1.24 -0.88 -0.99 
238.81 -31.43 235.94 0.04 -1.31 -1.08 
238.81 11.74 244.92 -0.91 0.27 0.09 
93.47 -6.78 221.54 0.08 0.00 0.60 
83.05 23.58 235.41 0.01 0.08 0.52 
-28.05 -3.06 219.61 -1.52 0.23 1.04 
-7.30 -11.24 220.47 2.60 -0.01 0.99 
-74.09 -0.82 237.97 -0.27 0.11 0.38 
-261.45 26.50 199.75 -0.13 -2.06 -0.99 
-94.72 7.24 217.21 0.72 -0.96 -0.84 
-57.32 -13.87 214.57 0.92 -0.73 -0.35 
-19.40 0.57 218.51 -0.86 -1.17 -1.28 
59.15 25.88 221.46 1.26 -0.88 -0.43 
53.31 -30.37 214.50 0.65 -1.27 -0.55 
238.81 -11.20 255.63 -0.19 -0.44 -0.56 
67.01 -3.97 251.15 -0.97 0.31 0.24 
0.16 -34.68 234.55 1.09 -0.39 1.43 
21.25 -6.83 248.27 -1.05 -0.21 0.83 
14.42 -6.72 216.43 -0.42 -0.03 0.66 
-244.87 11.23 250.54 0.64 -0.45 0.60 
-261.45 0.36 243.74 0.09 -0.32 0.25 
-105.57 21.59 241.68 -0.38 -1.83 -1.13 
-17.08 29.15 244.23 1.39 -1.10 -1.10 
31.58 -15.22 232.35 0.67 -0.81 -0.43 
117.71 20.33 254.88 -0.10 -0.62 -0.09 
104.58 -41.46 266.99 1.37 -0.85 -0.91 
238.81 -19.38 284.35 -0.28 -1.92 -0.29 
226.10 10.19 282.02 -0.50 -0.31 0.32 
93.34 -15.50 262.06 0.41 -0.12 0.58 
13.16 23.50 281.23 0.10 -0.02 0.61 
-13.18 -1.18 255.99 -1.49 0.42 0.72 
-109.93 -8.35 261.51 1.38 -0.38 0.89 
-261.45 -16.56 279.16 -0.52 0.24 0.51 
-167.57 16.60 256.23 0.53 -1.74 -1.44 
70.24 1.45 279.24 0.46 -0.51 -0.15 
14.55 -31.76 269.93 1.22 -0.14 -0.37 
6.74 6.31 259.41 -0.89 -1.50 -0.86 
-61.64 37.53 246.01 2.08 -1.28 -1.37 
49.67 -13.11 245.62 0.26 -1.22 -0.32 
238.81 -2.08 291.58 0.22 -0.99 -0.28 
61.06 1.18 283.99 -1.19 0.36 0.36 
29.83 -20.33 267.82 2.01 -0.63 1.54 
51.11 -7.27 282.12 -0.70 0.06 0.99 
31.06 -4.01 249.18 -0.17 0.18 0.68 
-8.54 5.25 274.67 0.20 0.03 0.49 
-261.45 43.99 265.65 0.40 -0.51 -0.46 
1.96 9.28 277.85 -0.24 -1.53 -1.00 
-18.86 12.69 283.44 1.78 -1.14 -1.11 
-31.35 -1.90 267.44 0.24 -0.49 -0.47 
174.69 16.21 273.02 0.28 -0.47 -0.17 
5.00 -42.81 278.73 1.20 -0.65 -0.50 
238.81 -32.88 -326.79 -0.10 -1.46 -0.74 
192.06 11.48 -315.62 -1.15 0.55 -0.16 
81.41 -49.40 -317.49 2.47 -0.65 1.30 
95.35 24.65 -299.49 -1.98 0.70 0.86 
-141.46 -30.55 -286.67 1.97 -0.42 1.05 
-261.45 21.75 -292.07 -0.04 0.16 0.08 
-211.36 49.25 320.47 0.47 -3.22 -2.96 
130.69 4.68 -316.21 0.67 -0.45 -0.16 
-52.39 -21.82 -318.48 0.79 -0.22 -0.44 
72.51 21.66 -319.69 0.36 -0.41 -0.14 
67.93 -33.56 -316.14 1.26 -0.62 -0.52 
232.80 -20.11 -262.27 -0.66 -1.72 -0.47 
238.81 4.93 -250.12 -0.53 -0.34 -0.10 
28.66 -48.43 -273.37 0.85 -0.60 0.77 
-252.92 5.91 -310.92 0.62 -0.45 0.44 
-261.45 18.74 316.05 0.12 -0.37 0.09 
16.03 7.29 304.33 -0.54 -2.52 -1.44 
-119.66 18.98 303.33 1.73 -0.58 -0.87 
-43.68 -9.38 289.91 0.30 -0.62 -0.53 
99.55 15.84 287.49 0.54 -0.46 -0.27 
-38.57 -32.89 284.12 0.78 -0.45 -0.69 
238.81 -27.34 -324.56 -0.05 -1.28 -0.67 
238.81 13.17 -323.37 -1.23 0.84 -0.20 
70.12 -49.35 326.02 2.70 -0.55 1.18 
96.92 6.41 -314.42 -1.49 0.51 1.05 
-89.03 -21.58 -327.18 0.80 -0.10 0.75 
79.30 3.28 -317.53 -0.58 -0.08 1.19 
-44.28 3.81 321.07 0.32 0.01 0.52 
-202.90 6.50 326.77 0.00 0.13 -0.28 
-261.45 49.03 293.12 0.41 -3.65 -2.13 
-19.86 18.75 306.84 0.80 -0.16 -0.01 
53.73 -30.21 307.25 1.22 -0.19 -0.40 
55.83 23.88 295.09 0.16 -0.48 0.15 
4.06 -31.60 304.30 1.10 -0.65 -0.41 
238.81 -11.37 -305.71 0.22 -1.14 -0.59 
114.19 2.93 -315.87 -1.00 0.50 0.08 
-30.74 17.57 -293.44 0.07 -0.46 0.70 
23.57 -15.46 -326.10 -1.06 0.43 0.74 
-114.27 3.47 -316.48 1.74 -0.40 0.84 
-261.45 2.45 -312.45 -0.12 -0.15 -0.04 
-206.30 21.67 311.92 0.39 -2.77 -1.49 
47.97 18.20 323.66 0.93 -0.20 -0.13 
-12.78 -21.93 316.86 0.81 -0.30 -0.27 
17.05 17.35 324.29 -0.21 -0.86 0.02 
107.18 -48.48 -311.69 1.40 -1.22 -0.92 
160.18 -21.02 -275.52 -0.04 -1.41 -0.57 
238.81 18.28 -269.92 -0.56 0.15 -0.15 
213.01 -48.43 -294.26 1.24 -0.62 1.28 
50.13 13.08 -279.01 -0.76 -0.07 0.80 
44.52 -20.44 -310.35 -0.08 0.25 0.56 
-164.69 -6.17 -278.58 0.06 -0.02 0.21 
-261.45 21.71 -316.33 1.47 -1.83 -0.54 
8.68 4.50 -288.77 0.07 -0.95 -0.27 
25.46 -10.86 -284.56 0.93 -1.28 -0.90 
54.86 3.09 -288.27 -0.75 -1.21 -0.03 
-105.86 19.57 -285.60 1.64 -1.93 -1.43 
17.27 -23.03 -248.96 0.18 -1.68 -0.29 
76.22 11.71 -233.55 -1.10 1.13 0.51 
162.16 -34.27 -245.52 1.05 0.05 1.15 
70.92 17.16 -241.13 -1.71 0.33 0.80 
-16.87 -49.31 -232.35 2.35 0.23 1.17 
67.54 1.78 -225.82 -2.02 0.67 1.24 
-64.06 -17.88 -221.50 2.20 0.14 0.67 
-261.45 18.15 -228.55 0.01 -0.13 -0.38 
-18.67 7.78 -243.06 0.08 -2.95 -1.69 
29.88 15.80 -232.26 1.09 -0.29 -0.16 
-72.85 -14.34 -241.59 0.62 -0.49 -0.42 
63.74 11.46 -226.22 0.17 -0.78 -0.26 
18.04 -35.39 -224.22 1.27 -0.58 -0.79 
238.81 -26.79 -187.52 -0.06 -1.13 -0.60 
146.01 5.48 -194.53 -0.81 0.15 0.42 
12.42 -34.77 -209.34 0.91 -0.56 0.84 
94.70 6.23 -204.04 -0.69 0.08 0.89 
-7.36 -8.64 -226.08 0.52 0.10 0.67 
78.63 17.16 -215.99 -0.32 0.01 0.92 
-9.93 6.63 -232.38 -0.13 0.25 0.75 
-142.35 -8.83 -204.63 0.27 -0.28 0.40 
-261.45 40.31 -239.12 0.53 -1.34 -0.51 
44.71 1.46 -222.00 0.15 -1.14 -0.39 
38.19 -22.74 -213.17 0.81 -0.82 -0.97 
-14.07 4.50 -208.12 -0.50 -1.10 -0.14 
-60.24 24.16 -208.66 1.46 -1.45 -1.49 
-103.54 -11.13 -206.77 0.23 -1.24 -0.71 
238.81 -11.59 -161.64 0.59 -0.98 -0.53 
84.01 -3.07 -162.81 -1.23 0.27 0.03 
86.32 35.02 -157.01 0.73 0.00 0.91 
-73.16 -3.88 -164.34 -1.70 0.35 0.70 
-58.50 -2.89 -163.04 2.39 -0.59 0.94 
-261.45 -9.74 -133.93 -0.56 0.27 0.54 
-261.45 43.02 -173.70 0.54 -2.21 -1.91 
9.08 10.71 -145.47 -0.07 -0.79 -0.27 
182.30 -42.79 -141.70 1.56 -0.30 -0.78 
81.70 6.41 -134.02 -0.52 -0.95 -0.11 
-153.03 -2.10 -124.29 0.69 -1.31 -1.32 
150.62 -23.15 -99.00 -0.52 -2.00 -0.56 
238.81 4.42 -86.04 0.01 0.00 0.00 
71.82 -28.42 -114.60 -0.47 0.08 0.41 
37.66 24.41 -90.73 0.32 -0.42 0.60 
28.85 -5.50 -126.17 -0.40 0.12 0.84 
2.32 9.87 -109.23 0.64 -0.74 0.85 
-46.20 6.53 -123.43 -0.54 0.07 0.99 
-138.67 -7.16 -101.51 0.61 -0.34 0.54 
-261.45 48.08 -119.42 0.50 -0.72 -0.52 
141.99 -6.03 -96.71 -0.44 -1.72 -0.80 
-118.94 17.40 -103.13 1.51 -1.60 -1.57 
50.06 -3.68 -93.60 -0.96 -1.14 0.07 
-91.63 7.59 -122.20 2.18 -1.25 -1.52 
7.29 -16.55 -111.99 -0.05 -1.81 -0.65 
238.81 -2.69 -72.04 0.00 -0.51 -0.45 
87.08 -19.01 -90.53 -0.57 0.04 0.48 
-24.77 23.41 -72.68 0.14 -0.41 0.76 
39.80 -6.95 -104.80 -0.36 0.06 0.72 
-51.17 6.32 -83.77 0.79 -0.55 0.71 
-198.84 -22.61 -58.35 -0.91 0.65 0.79 
-261.45 48.50 -94.01 0.67 -1.58 -2.52 
127.38 15.95 -79.41 1.13 -0.09 -0.13 
-33.67 -23.25 -96.37 0.58 -0.56 -0.48 
69.70 18.03 -102.27 0.45 -0.19 -0.16 
-62.54 -25.07 -100.76 0.53 -0.54 -0.63 
238.81 -32.70 -52.88 0.19 -1.44 -1.03 
21.56 -11.88 -61.91 -1.12 0.64 0.11 
-88.72 19.02 -62.11 2.18 -0.36 1.12 
-107.96 -13.10 -49.00 -1.58 0.67 1.04 
-194.84 -7.45 -27.43 1.40 -0.21 0.63 
-261.45 24.64 -6.04 0.16 0.29 0.10 
-81.58 20.01 -11.09 0.12 -2.78 -1.73 
238.81 -20.26 19.17 0.20 -1.18 -0.79 
-2.69 -18.12 9.37 -1.27 0.54 -0.20 
-50.96 16.57 4.56 1.97 -0.60 1.13 
-126.85 -18.66 7.86 -1.23 0.91 1.21 
-154.88 13.53 25.24 1.18 -0.24 0.68 
-261.45 33.75 79.65 0.10 0.57 0.83 
-222.57 43.33 37.04 1.04 -2.33 -1.74 
47.76 20.25 49.60 0.58 -0.39 -0.02 
75.25 -30.22 42.90 0.82 -0.28 -0.58 
66.79 23.73 35.63 0.23 -0.31 0.00 
77.42 -23.31 41.09 1.13 -0.12 -0.41 
-35.20 24.49 36.49 0.24 -0.55 0.07 
-50.78 -35.36 50.35 1.16 -0.98 -0.91 
238.81 -22.27 88.41 0.31 -0.66 -0.53 
143.16 -36.29 52.04 -0.33 0.09 0.26 
64.02 31.09 85.66 0.09 -0.44 0.60 
77.76 -15.20 56.83 0.37 0.26 0.66 
12.60 8.16 -20.16 0.37 -0.31 -0.88 
49.50 -30.41 -11.89 1.06 -0.90 -1.02 
11.68 -0.59 -5.50 -0.90 -1.05 -0.06 
233.55 -60.05 14.26 1.24 -0.95 -1.35 
238.81 -33.00 46.02 -0.13 -1.75 -0.50 
79.73 -4.86 34.77 -0.90 0.66 0.28 
-24.99 18.71 36.12 2.08 -0.26 1.13 
-110.20 -12.56 45.90 -1.48 0.99 1.28 
-18.32 -3.61 48.15 3.72 -0.49 0.51 
-261.45 14.36 72.67 0.10 0.22 0.07 
-220.16 33.00 35.45 0.26 -2.85 -2.02 
13.76 19.46 42.71 1.31 -0.27 -0.35 
-19.97 -8.71 32.61 0.00 -0.76 -0.07 
238.81 -15.21 51.19 0.46 -0.70 -0.30 
25.97 1.86 38.62 -0.69 0.47 0.67 
-138.97 13.81 54.57 1.12 -0.32 0.70 
-91.90 -12.63 53.01 -1.06 0.90 1.76 
-64.58 -17.48 60.62 3.62 -0.11 0.45 
-261.45 39.72 46.43 0.12 -0.65 0.13 
6.00 4.52 60.13 -0.12 -2.27 -0.54 
-137.61 19.27 30.89 3.42 -1.25 -1.59 
157.35 -14.67 37.35 -0.97 -1.38 0.35 
-5.21 -0.22 -0.10 1.55 -0.43 -0.39 
208.09 -33.75 10.57 0.61 -1.74 0.01 
174.09 22.72 4.31 -0.30 0.38 0.73 
20.93 -3.70 -23.53 -0.17 0.16 0.38 
114.00 23.41 -6.29 -0.23 -0.03 0.56 
35.99 10.24 -46.58 -0.30 0.19 0.58 
-261.45 17.85 -23.36 0.07 0.10 -0.11 
-185.22 19.94 -39.25 0.03 -3.51 -0.95 
-102.41 20.76 -49.24 1.40 -0.02 -0.51 
-56.92 -24.01 -52.20 -0.13 -0.98 -0.11 
-221.34 8.06 -83.22 1.25 -0.54 -0.89 
238.81 -31.20 -59.50 0.28 -1.65 -0.72 
238.81 24.54 -55.74 -0.70 0.52 0.08 
151.24 -49.36 -75.06 2.19 -0.85 0.63 
6.18 7.14 -53.48 -2.55 1.60 0.98 
-115.64 -40.23 -42.89 3.52 -0.81 0.00 
-215.26 -37.34 -28.33 -0.27 0.30 0.60 
-261.45 49.42 -16.63 -0.10 -1.37 -0.22 
219.23 -47.59 -7.26 0.63 -1.08 -1.35 
89.61 15.26 -8.03 -0.42 -0.41 0.09 
209.54 -24.17 18.23 0.79 -1.05 -0.87 
238.81 9.76 21.19 -0.27 0.29 -0.04 
30.11 -36.04 15.04 1.89 -1.09 0.65 
59.12 -1.98 31.55 -1.48 0.78 1.37 
10.55 -27.65 26.13 2.68 -0.78 0.36 
-261.45 6.64 20.40 0.16 0.11 0.15 
-25.13 -2.70 24.13 0.17 -1.72 -1.30 
-79.80 6.94 18.03 2.01 -0.75 -1.34 
26.63 -4.49 19.17 -0.61 -1.34 0.02 
-190.58 11.25 -9.97 1.65 -0.17 -0.88 
238.81 -38.31 8.19 0.41 -1.91 -0.22 
