0.00 0.00 0.00 0.00 0.00 0.00 
-139.56 7.52 -64.81 0.84 0.03 0.17 
-17.74 -5.07 -65.36 0.95 -0.02 0.04 
-5.76 -4.16 -71.15 1.04 0.00 0.13 
-11.73 -2.64 -72.58 1.02 -0.04 -0.01 
-7.12 -4.80 -76.20 1.03 -0.07 0.00 
-18.81 -2.46 -36.74 1.36 -0.93 -0.07 
7.92 -0.48 1.08 0.93 -0.91 -0.27 
9.01 -4.18 32.36 0.07 -0.60 -0.03 
-8.62 -3.65 49.84 -0.23 -0.54 0.38 
9.66 8.68 61.07 -0.58 -0.13 0.54 
2.75 6.70 59.69 -0.76 0.14 0.52 
-8.67 5.01 59.65 -0.83 0.03 0.56 
-12.49 6.99 48.80 -0.83 0.26 0.49 
-31.84 -0.79 29.70 -0.73 -0.28 0.63 
-25.01 -14.33 5.98 -0.63 -0.87 0.41 
-13.71 34.01 -16.07 -0.37 -0.69 0.28 
-4.16 24.53 -68.19 0.11 -0.90 0.04 
1.05 -15.34 -105.92 0.83 -0.56 0.30 
-3.00 -10.49 -136.22 1.39 -0.71 -0.01 
-11.25 4.98 -135.37 1.23 -0.50 0.00 
-6.04 -1.99 -141.48 1.02 -0.25 -0.14 
-2.97 7.57 -109.82 1.53 -1.07 -0.09 
9.69 14.90 -65.20 0.74 -0.80 -0.28 
-4.31 -2.74 -27.70 -0.17 -0.36 0.09 
5.15 19.99 -23.75 -0.60 -0.35 0.59 
-3.99 7.53 -29.49 -0.60 -0.07 0.42 
-19.24 8.36 -44.58 -0.87 -0.40 0.49 
-23.69 -9.11 -60.30 -0.80 -0.63 0.57 
-14.14 6.67 -77.38 -0.54 -0.87 0.25 
-16.44 -24.59 -84.94 -0.28 -0.74 0.29 
-5.61 26.50 -105.05 -0.22 -0.63 0.25 
-15.34 18.01 -143.64 0.21 -0.71 -0.09 
-12.70 2.30 -190.05 1.04 -0.87 -0.14 
-15.20 -17.11 -218.04 1.33 -0.55 -0.20 
-2.64 -8.78 -225.77 0.75 -0.17 -0.51 
-7.16 -1.87 -231.10 1.00 -0.15 -0.19 
-8.09 7.39 -200.38 1.49 -0.92 -0.16 
2.98 9.11 -150.48 0.67 -0.79 -0.36 
-2.19 -11.58 -126.70 -0.08 -0.50 0.08 
-3.03 -2.70 -116.95 -0.35 -0.63 0.54 
5.01 11.60 -111.18 -0.56 -0.41 0.47 
5.56 8.08 -104.90 -0.65 -0.20 0.52 
-5.46 7.75 -108.08 -0.87 0.12 0.39 
-11.48 5.65 -122.21 -0.81 -0.05 0.49 
-20.86 0.77 -147.11 -0.81 -0.46 0.34 
-18.17 -39.38 -167.41 -0.68 -0.82 0.16 
-14.90 13.22 -177.93 -0.37 -0.82 0.42 
-4.03 22.51 -207.85 -0.25 -0.65 0.33 
-12.86 11.90 -241.84 0.22 -0.90 0.06 
0.12 -9.07 -282.69 1.06 -1.10 0.10 
-9.41 -27.72 -313.18 1.09 -0.62 -0.10 
15.46 7.69 -314.47 0.52 -0.24 -0.46 
-15.10 3.70 -323.03 1.05 -0.18 -0.20 
-8.89 -7.81 -323.62 1.17 -0.59 -0.07 
54.73 15.19 -285.28 -0.53 -0.35 0.56 
4.60 9.83 -279.54 -0.79 -0.02 0.50 
-4.81 7.07 -283.64 -0.83 0.08 0.50 
-13.82 12.47 -309.14 -0.76 -0.01 0.48 
-16.03 8.18 317.91 -0.89 -0.49 0.28 
-63.60 33.12 108.10 0.41 -0.80 -0.13 
-5.87 -4.93 71.13 0.99 -0.79 -0.11 
9.61 -20.70 39.63 1.03 -0.60 -0.32 
-2.42 -2.05 26.32 0.85 -0.22 -0.42 
-9.45 3.76 22.10 0.97 -0.30 -0.11 
-24.15 2.42 43.83 1.47 -0.86 -0.07 
-3.42 5.92 84.59 0.82 -0.89 -0.44 
-1.15 -5.38 109.65 0.11 -0.57 -0.05 
9.88 3.56 131.51 -0.27 -0.70 0.33 
-0.19 3.20 137.86 -0.65 -0.28 0.47 
-4.26 2.70 136.82 -0.77 -0.18 0.61 
-11.60 10.98 123.75 -0.79 -0.27 0.59 
-12.08 8.31 110.91 -0.74 -0.55 0.35 
-7.99 8.82 98.88 -0.65 -0.59 0.32 
-13.73 -8.61 89.78 -0.68 -0.76 0.20 
-11.87 1.65 77.48 -0.56 -0.87 0.20 
-16.78 16.81 79.22 0.09 -1.10 0.66 
-3.76 27.72 56.76 -0.31 -0.66 0.20 
6.42 13.30 19.18 0.06 -0.62 0.25 
-22.98 -15.46 -16.30 0.79 -0.57 0.05 
-11.26 -21.48 -52.57 1.45 -0.43 -0.20 
5.81 -19.62 -65.16 0.62 -0.14 -0.20 
-5.62 -2.26 -72.52 1.07 -0.24 -0.16 
-16.93 -8.03 -37.80 1.49 -0.82 -0.34 
19.09 -17.47 -4.61 0.83 -0.78 -0.68 
14.02 -4.27 22.89 -0.01 -0.51 0.05 
6.22 3.68 36.38 -0.30 -0.65 0.27 
15.40 0.56 45.35 -0.55 -0.06 0.42 
-7.88 0.72 39.98 -0.67 0.01 0.79 
-17.58 13.26 28.52 -0.76 -0.23 0.62 
-16.10 7.29 -5.65 -0.67 -0.78 0.30 
-14.58 -2.63 -10.70 -0.62 -0.85 0.19 
-12.92 19.72 -10.29 -0.25 -0.85 0.55 
-7.25 25.26 -40.36 -0.30 -0.78 0.12 
-3.41 -4.23 -113.25 1.06 -0.46 -0.03 
-53.71 -7.67 -91.47 1.99 -0.28 0.01 
-17.62 -1.99 -96.03 0.99 -0.16 -0.29 
-7.35 -1.34 -100.46 1.05 -0.25 -0.13 
-15.37 -0.82 -62.47 1.40 -0.95 -0.34 
6.78 -1.00 -27.07 0.61 -0.63 -0.39 
12.13 -8.41 -1.64 -0.15 -0.59 0.02 
2.46 4.42 16.98 -0.58 -0.46 0.39 
-2.52 0.39 23.61 -0.69 -0.12 0.49 
-6.81 -0.87 21.13 -0.72 -0.05 0.67 
-6.97 4.75 11.56 -0.74 0.02 0.72 
-16.56 14.05 -7.32 -0.80 -0.40 0.41 
-18.21 2.23 -23.71 -0.66 -0.64 0.36 
3.75 1.37 -46.38 -0.49 -0.71 0.42 
-20.98 -22.62 -68.03 -0.25 -1.01 0.14 
-15.13 19.19 -89.87 0.02 -0.86 0.19 
-14.47 13.11 -117.61 0.26 -0.89 -0.16 
-1.14 6.65 -152.21 0.68 -0.60 -0.02 
-11.84 -3.13 -182.89 1.26 -0.61 -0.14 
-6.41 -18.52 -198.78 1.17 -0.32 -0.36 
-7.82 0.51 -206.31 1.00 -0.16 -0.21 
-5.55 -1.33 -166.22 1.45 -0.79 -0.36 
20.30 3.82 -121.31 0.82 -0.76 -0.51 
8.15 -16.50 -97.76 -0.16 -0.47 0.00 
3.92 11.37 -80.85 -0.54 -0.40 0.42 
-1.89 7.62 -68.91 -0.83 -0.17 0.44 
-9.94 -4.36 -74.58 -0.76 0.00 0.55 
-18.10 4.51 -91.02 -0.81 -0.07 0.54 
-18.11 7.73 -107.00 -0.67 -0.50 0.58 
-13.41 9.64 -124.30 -0.57 -0.73 0.36 
-10.35 13.71 -147.28 -0.41 -0.84 0.27 
-16.23 7.78 -152.31 -0.37 -1.13 0.04 
-12.13 -22.31 -155.07 -0.42 -0.94 -0.06 
-20.29 6.88 -167.03 -0.29 -0.78 0.18 
-11.92 17.79 -195.79 -0.06 -0.74 0.02 
-12.37 15.00 -224.57 0.36 -0.63 -0.03 
-15.38 -1.51 -265.69 1.18 -0.74 -0.22 
-4.21 -11.01 -291.21 1.08 -0.45 -0.33 
-2.87 -3.10 -297.93 0.87 -0.25 -0.23 
-12.47 -1.05 -289.83 1.17 -0.46 -0.25 
-1.76 -7.43 -257.41 1.12 -0.85 -0.41 
10.23 -3.10 -224.31 0.50 -0.92 -0.39 
8.60 -9.98 -207.85 -0.14 -0.43 0.00 
-6.09 -1.92 -197.88 -0.27 -0.75 0.56 
1.34 7.21 -185.76 -0.59 -0.51 0.36 
-61.77 39.99 -256.01 -0.51 -0.85 0.28 
-13.19 5.04 -262.06 -0.62 -0.97 -0.03 
-9.85 12.65 -267.20 -0.04 -0.66 0.64 
-12.91 -2.46 -91.69 1.28 -0.84 -0.41 
1.42 -0.76 -64.55 0.80 -0.80 -0.41 
-1.90 -19.36 -41.28 0.02 -0.61 -0.21 
-8.39 -14.09 -32.39 -0.30 -0.62 0.32 
2.51 4.32 -20.44 -0.44 -0.64 0.37 
7.58 3.12 -5.73 -0.64 -0.35 0.40 
-1.22 -3.13 -12.45 -0.75 0.05 0.56 
-5.84 4.66 -35.06 -0.65 -0.06 0.73 
-20.25 20.47 -64.28 -0.66 -0.71 0.33 
-18.97 9.53 -75.85 -0.56 -0.99 0.05 
-15.79 -11.51 -81.39 -0.59 -0.91 -0.11 
-8.37 -32.34 -99.26 -0.25 -0.77 0.38 
-9.95 23.40 -119.56 -0.29 -0.68 0.08 
-32.98 17.68 -140.87 0.11 -0.59 -0.10 
-10.86 18.31 -179.30 0.66 -0.60 -0.45 
-12.41 1.47 -226.26 1.53 -0.28 -0.35 
-3.53 -28.86 -228.68 0.88 -0.22 -0.35 
-14.16 4.36 -231.17 1.06 -0.23 -0.20 
-1.34 -40.64 -146.09 0.46 -0.77 -0.50 
1.38 -13.26 -124.93 -0.16 -0.63 -0.03 
8.46 -1.96 -110.68 -0.38 -0.60 0.29 
24.46 6.45 -99.89 -0.52 -0.25 0.49 
-5.08 -0.69 -95.22 -0.84 0.27 0.46 
-18.33 -2.58 -108.25 -0.63 0.24 0.73 
-23.55 2.28 -134.04 -0.69 -0.39 0.59 
-22.06 17.38 -156.85 -0.51 -0.78 0.45 
-21.39 12.11 -166.12 -0.48 -1.01 0.16 
-15.86 -12.78 -168.62 -0.58 -0.98 -0.06 
-9.97 13.08 -174.60 -0.39 -0.59 0.20 
-8.33 25.71 -200.88 -0.19 -0.71 0.01 
-12.93 18.85 -235.40 0.35 -0.90 -0.23 
-6.49 3.48 -277.36 0.84 -0.71 -0.08 
-11.03 -6.63 -299.27 1.15 -0.51 -0.13 
-18.37 16.45 -289.34 1.34 -0.51 0.26 
-3.25 2.30 -297.52 0.98 -0.11 -0.24 
-9.71 -4.18 -287.43 1.37 -0.69 -0.08 
-1.85 1.89 -242.06 1.23 -0.95 -0.44 
-3.51 -8.06 -206.94 0.05 -0.60 -0.35 
-1.41 -13.69 -187.81 -0.14 -0.60 0.39 
11.78 2.78 -174.20 -0.48 -0.28 0.34 
-2.02 3.18 -168.66 -0.83 0.05 0.48 
-9.35 1.39 -173.89 -0.79 0.15 0.58 
-14.37 4.16 -193.53 -0.77 0.00 0.57 
-17.31 5.76 -216.33 -0.63 -0.71 0.47 
2.66 77.33 -212.82 -0.22 -0.89 0.40 
-24.68 -14.95 -46.44 1.35 -0.90 -0.33 
-0.04 -26.81 -25.07 -0.32 -0.54 0.38 
3.12 6.36 -19.35 -0.57 -0.52 0.51 
-1.09 9.54 -12.08 -0.75 -0.27 0.43 
-8.85 1.46 -17.04 -0.81 0.00 0.41 
-11.89 8.64 -30.33 -0.94 -0.19 0.49 
-16.39 10.91 -50.91 -0.87 -0.55 0.30 
-16.13 6.56 -63.31 -0.68 -0.58 0.15 
-21.08 4.97 -77.10 -0.66 -0.84 -0.05 
-12.40 -6.68 -86.42 -0.57 -0.98 -0.09 
-1.69 8.48 -89.86 -0.42 -0.61 0.10 
-5.76 21.02 -111.83 -0.28 -0.64 0.03 
-25.56 24.36 -143.81 0.34 -0.88 -0.28 
-23.28 34.00 -182.91 1.08 -1.07 -0.46 
11.74 -2.12 -214.42 1.04 -0.44 -0.13 
-20.61 15.71 -209.76 1.28 -0.17 0.19 
-5.41 -1.78 -213.50 1.09 -0.28 -0.07 
-7.35 5.76 -183.27 1.46 -0.91 -0.04 
7.95 1.55 -146.66 0.84 -0.93 -0.20 
-9.07 -5.56 -120.45 0.03 -0.65 -0.05 
-2.87 -11.37 -108.30 -0.31 -0.62 0.26 
-36.49 10.11 -118.50 -0.82 0.13 0.60 
-16.67 3.59 -135.65 -0.75 -0.19 0.49 
-25.25 1.32 -156.71 -0.73 -0.53 0.46 
-17.40 10.03 -165.74 -0.61 -0.74 0.32 
-10.01 11.84 -179.26 -0.60 -0.79 0.09 
-15.65 2.27 -184.43 -0.63 -0.84 -0.06 
-6.84 -41.22 -196.44 -0.11 -0.70 0.36 
-7.38 14.54 -209.08 -0.38 -0.64 0.14 
-23.50 19.89 -236.36 -0.03 -0.71 -0.18 
-6.94 17.63 -270.01 0.55 -0.92 -0.45 
0.95 11.73 -300.85 1.05 -0.73 -0.24 
-9.76 -2.20 -318.82 1.10 -0.41 -0.13 
-7.84 8.02 -313.74 1.30 -0.43 0.85 
-11.84 2.63 -308.71 1.14 -0.46 -0.23 
-3.19 3.03 -273.60 1.33 -0.91 -0.32 
-11.95 4.59 -236.57 0.64 -0.85 -0.25 
6.69 -36.86 -211.37 -0.24 -0.62 0.09 
13.43 5.09 -191.81 -0.18 -0.46 0.57 
3.32 8.26 -183.41 -0.61 -0.01 0.44 
-6.00 0.70 -185.55 -0.73 0.06 0.55 
-12.49 1.81 -199.73 -0.80 -0.06 0.60 
-23.32 1.44 -221.51 -0.62 -0.13 0.64 
-29.11 18.93 -247.26 -0.58 -0.91 0.30 
-12.69 7.98 -257.24 -0.57 -1.01 0.02 
-10.28 0.60 -257.90 -0.46 -0.93 -0.02 
-11.48 -19.61 -268.69 -0.37 -0.70 0.30 
-12.98 15.81 -288.53 -0.32 -0.66 0.15 
-13.56 21.73 -324.90 0.12 -0.78 -0.12 
-2.57 5.80 293.29 0.70 -0.77 -0.03 
-11.30 -10.08 265.20 1.18 -0.57 0.03 
-7.28 -7.13 249.17 1.12 -0.39 -0.01 
-9.28 -25.89 235.18 1.06 -0.25 -0.17 
-6.71 6.28 237.80 1.10 -0.28 -0.03 
-4.51 5.01 260.75 1.23 -0.74 -0.08 
-8.14 1.40 298.09 0.82 -0.87 -0.19 
1.33 -11.50 325.41 -0.09 -0.62 -0.09 
-8.16 -10.48 -320.95 -0.37 -0.72 0.30 
-0.71 -2.66 -317.50 -0.41 -0.69 0.47 
18.17 13.89 -299.55 -0.47 -0.32 0.36 
-13.30 -5.52 -300.19 -0.81 0.14 0.51 
-29.41 0.11 -314.72 -0.66 -0.18 0.78 
-19.89 10.18 315.95 -0.56 -0.71 0.42 
-16.04 16.93 308.68 -0.48 -0.99 0.08 
-12.62 5.50 303.69 -0.55 -0.86 -0.02 
-9.90 -0.24 298.55 -0.59 -0.84 0.00 
1.52 65.24 219.52 -0.23 -0.85 -0.05 
-2.96 5.46 217.71 -0.19 -0.87 -0.04 
-4.16 13.09 186.85 0.13 -0.75 0.08 
-7.67 1.70 170.80 0.46 -0.80 0.09 
-1.96 -6.41 122.32 1.11 -0.58 -0.01 
-11.20 13.55 144.23 1.38 -0.65 -0.07 
-11.20 13.55 144.23 1.38 -0.65 -0.07 
-4.96 -1.77 206.36 0.48 -0.77 -0.33 
10.30 6.75 252.95 -0.62 -0.12 0.51 
-34.46 12.25 211.22 -0.64 -0.40 0.59 
-21.92 27.42 179.20 -0.51 -0.91 0.12 
-9.75 -4.30 175.77 -0.55 -0.84 0.04 
-19.68 -34.48 162.26 -0.50 -0.90 -0.04 
-6.18 14.58 150.81 -0.38 -0.86 0.19 
-23.01 13.43 132.66 -0.20 -0.72 0.00 
-11.56 22.69 104.42 0.19 -0.80 -0.30 
13.81 10.91 61.07 0.73 -0.63 -0.18 
2.60 -36.87 31.89 1.32 -0.45 -0.30 
9.33 2.02 25.10 1.02 -0.47 0.11 
-7.43 7.45 51.27 1.23 -0.79 -0.16 
-6.55 -8.48 94.53 0.58 -0.93 -0.44 
-0.68 -18.05 115.09 -0.07 -0.61 -0.10 
-11.14 -11.86 123.83 -0.17 -0.76 0.48 
6.57 7.78 138.08 -0.60 -0.43 0.19 
7.93 3.09 140.61 -0.75 -0.09 0.36 
-3.75 2.65 139.07 -0.84 0.00 0.59 
-8.29 9.04 123.99 -0.88 -0.11 0.47 
-16.54 5.64 104.89 -0.80 -0.51 0.39 
-8.27 9.54 86.26 -0.67 -0.70 0.27 
-16.00 -0.14 76.43 -0.63 -0.82 0.11 
-8.83 -24.76 65.04 -0.54 -0.89 0.05 
-11.07 11.55 58.12 -0.42 -0.87 0.23 
46.55 -1.11 -64.91 0.48 -0.85 0.28 
-20.64 -22.01 -88.10 1.00 -0.24 0.27 
-18.57 -24.25 -106.16 1.34 -0.47 -0.24 
8.29 -1.43 -122.35 1.00 -0.04 -0.42 
-9.39 -4.29 -122.13 1.19 -0.42 -0.03 
-3.47 7.78 -92.18 1.36 -0.81 -0.19 
2.06 0.46 -58.84 0.72 -0.79 -0.32 
-3.33 -14.98 -27.92 0.14 -0.72 0.03 
2.00 2.04 -5.83 -0.44 -0.40 0.36 
4.44 -2.03 6.74 -0.58 -0.20 0.42 
-0.32 1.73 3.10 -0.74 0.03 0.72 
-14.27 4.30 -14.11 -0.75 -0.10 0.68 
-6.78 12.23 -37.20 -0.74 -0.48 0.54 
-11.65 8.18 -53.78 -0.61 -0.68 0.46 
-16.93 5.41 -61.40 -0.55 -0.80 0.29 
-16.06 -2.35 -65.75 -0.55 -0.78 0.16 
-15.54 -31.83 -75.18 -0.47 -0.84 0.19 
-4.40 12.06 -80.81 -0.27 -0.76 0.44 
-1.79 28.11 -112.41 -0.25 -0.73 0.16 
-7.40 12.33 -144.70 0.12 -0.92 0.04 
-17.87 -4.68 -180.58 0.71 -0.87 -0.02 
-6.87 -5.23 -206.02 1.02 -0.65 0.07 
4.61 -20.75 -225.93 0.91 -0.47 -0.30 
-9.52 -11.67 -230.72 0.95 -0.25 0.18 
-19.77 5.68 -236.28 0.90 -0.23 -0.19 
-4.81 -1.80 -246.03 1.04 -0.16 -0.15 
-6.40 -1.02 -252.94 1.04 -0.14 -0.12 
-5.26 -0.49 -256.49 0.99 -0.07 -0.14 
-10.09 -3.79 51.13 1.02 -0.02 0.02 
-29.60 -5.91 24.62 1.01 -0.01 0.00 
-5.21 -1.47 19.26 1.02 -0.01 0.01 
-5.51 -1.14 14.76 1.02 -0.01 0.01 
-7.12 -0.61 12.97 1.07 -0.08 0.01 
-12.11 -1.03 20.51 1.03 -0.22 0.03 
-9.22 -1.56 25.13 0.98 -0.35 0.00 
-16.33 0.95 42.33 1.05 -0.76 0.00 
0.08 0.62 69.16 0.71 -1.05 -0.16 
5.86 0.70 104.26 0.00 -0.83 -0.02 
-0.76 -4.84 119.67 -0.46 -0.43 0.25 
2.12 3.36 128.65 -0.51 -0.46 0.53 
6.68 6.14 138.69 -0.70 -0.15 0.52 
-0.94 3.99 142.39 -0.75 0.10 0.53 
-6.02 1.14 138.76 -0.69 0.18 0.64 
-7.98 8.87 124.30 -0.68 0.20 0.65 
-9.23 11.67 103.48 -0.89 -0.12 0.48 
-21.56 3.82 81.68 -0.70 -0.61 0.31 
-24.12 3.75 69.71 -0.63 -0.86 0.24 
-14.71 2.51 59.61 -0.62 -0.80 0.07 
-13.17 -26.39 44.42 -0.57 -0.90 -0.07 
-10.40 14.28 35.32 -0.32 -0.72 0.21 
6.56 26.44 4.35 -0.12 -0.81 0.00 
-9.65 5.28 -26.46 0.46 -0.72 0.15 
-8.50 -2.86 -62.18 1.00 -0.66 0.04 
-10.84 -5.79 -84.98 1.18 -0.37 -0.06 
-6.46 -23.35 -96.61 1.09 -0.14 -0.27 
-4.15 3.93 -102.27 1.05 -0.27 -0.19 
0.14 2.63 -86.00 1.19 -0.54 -0.18 
0.56 1.78 -62.00 1.00 -0.75 -0.21 
-0.34 -0.67 -37.62 0.53 -0.94 -0.28 
-7.90 -12.07 -6.76 0.01 -0.83 -0.18 
-14.62 -20.43 15.67 -0.27 -0.52 0.40 
7.55 4.13 28.37 -0.59 -0.35 0.50 
-2.64 4.86 37.04 -0.78 -0.01 0.38 
-10.07 4.77 33.78 -0.79 0.03 0.47 
-12.78 2.89 23.41 -0.95 -0.12 0.42 
-14.85 1.07 10.00 -0.71 -0.36 0.55 
-25.80 -4.07 -8.11 -0.67 -0.60 0.48 
-21.49 4.60 -23.90 -0.50 -0.77 0.32 
-17.79 -6.68 -30.07 -0.61 -0.92 0.11 
-5.75 9.41 -32.24 -0.37 -0.81 0.29 
-2.36 24.88 -51.72 -0.41 -0.70 0.07 
-1.60 15.03 -83.58 -0.04 -0.80 0.05 
-6.14 -4.73 -120.98 0.59 -0.71 0.07 
-15.63 -6.66 -159.41 1.09 -0.57 -0.01 
-6.37 -26.60 -169.26 1.88 -0.07 -0.07 
2.03 3.92 -175.00 0.99 -0.10 -0.12 
-3.40 2.17 -181.09 1.01 -0.15 -0.20 
-7.45 -0.32 -184.74 1.01 -0.20 -0.20 
-3.68 -0.27 -174.32 1.20 -0.65 -0.14 
6.27 1.74 -136.32 1.05 -0.83 -0.31 
3.81 -5.51 -106.77 0.34 -0.72 -0.05 
-4.19 -7.50 -87.17 -0.22 -0.57 0.29 
-10.17 -5.80 -79.83 -0.40 -0.63 0.51 
-8.06 2.09 -72.49 -0.46 -0.68 0.50 
15.19 7.21 -67.59 -0.61 -0.44 0.54 
6.42 2.82 -58.68 -0.71 0.05 0.53 
-6.99 0.75 -61.95 -0.67 0.26 0.65 
-15.85 3.10 -79.61 -0.65 0.18 0.69 
-20.33 13.70 -107.27 -0.70 -0.50 0.51 
-22.95 0.51 -124.87 -0.51 -0.86 0.30 
-13.22 18.82 -142.11 -0.38 -0.90 0.26 
-10.96 -37.19 -149.99 -0.37 -1.02 0.02 
-7.68 22.79 -161.27 -0.22 -0.79 0.13 
-4.41 24.31 -201.83 0.23 -0.73 0.05 
-11.26 3.69 -247.60 1.10 -0.74 -0.16 
-15.15 -7.07 -276.84 1.38 -0.47 -0.24 
-0.29 0.57 -272.28 1.51 -0.23 1.12 
-4.93 3.32 -277.29 1.00 -0.09 -0.25 
-4.35 1.08 -279.99 0.99 -0.04 -0.15 
-6.59 1.48 -285.07 0.99 -0.08 -0.14 
-15.41 -11.18 -292.25 1.00 -0.25 -0.18 
-11.12 -9.77 -269.50 1.45 -0.78 -0.40 
8.86 -3.57 -224.59 1.12 -0.89 -0.63 
10.65 -19.82 -191.74 0.08 -0.50 -0.19 
-1.31 -6.76 -178.05 -0.22 -0.36 0.54 
8.95 9.54 -172.94 -0.51 -0.48 0.55 
9.46 11.03 -167.69 -0.67 -0.16 0.60 
1.63 2.62 -165.49 -0.77 0.16 0.56 
-4.12 1.78 -166.23 -0.72 0.18 0.67 
-9.34 5.21 -177.71 -0.69 0.27 0.77 
-18.51 10.47 -200.31 -0.79 -0.15 0.55 
-20.21 2.94 -221.43 -0.70 -0.63 0.40 
-14.80 6.32 -237.25 -0.58 -0.80 0.31 
-11.18 -41.21 -251.80 -0.52 -0.94 0.15 
-3.87 22.38 -264.24 -0.28 -0.80 0.33 
-16.75 21.63 -287.13 -0.04 -0.77 0.12 
-10.64 13.92 -317.02 0.34 -0.92 -0.09 
0.00 -0.73 301.70 0.85 -0.77 0.00 
-6.04 -12.84 269.49 1.28 -0.46 -0.10 
-31.51 -0.52 286.73 1.48 -0.21 1.06 
2.78 6.70 278.90 1.02 -0.09 -0.19 
-7.51 0.58 274.82 0.99 -0.05 -0.13 
-3.88 -1.44 269.28 0.99 -0.04 -0.10 
-19.95 -9.92 271.92 1.22 -0.33 -0.03 
-1.62 3.53 311.56 1.37 -0.85 -0.32 
4.48 -2.46 -307.64 0.58 -0.69 -0.32 
2.22 -4.59 -286.12 -0.06 -0.71 -0.11 
-0.17 -9.77 -274.14 -0.45 -0.53 0.33 
4.59 3.98 -268.55 -0.51 -0.40 0.63 
2.45 10.83 -262.88 -0.69 -0.25 0.59 
2.75 4.92 -258.25 -0.80 0.01 0.46 
0.06 1.48 -262.62 -0.75 0.19 0.56 
-46.41 -13.28 -317.09 -0.82 -0.26 0.47 
-2.57 -0.61 313.99 -0.67 -0.38 0.61 
-29.67 -9.24 304.07 -0.39 -0.81 0.55 
-20.20 -29.77 295.56 -0.26 -0.92 0.37 
-5.19 28.95 278.74 -0.19 -0.83 0.38 
-4.62 13.16 249.57 0.01 -0.79 0.28 
-19.01 -3.72 222.83 0.46 -0.76 0.28 
-8.19 -7.55 192.32 0.87 -0.56 0.12 
-4.16 -11.44 162.51 1.29 -0.42 -0.01 
-37.92 13.11 161.55 1.13 -0.70 -0.16 
-8.68 0.49 158.10 0.99 0.00 -0.15 
-12.87 -1.13 161.59 1.15 -0.24 -0.15 
-10.16 2.56 193.21 1.42 -0.74 -0.43 
3.57 12.74 236.44 0.74 -0.84 -0.41 
7.51 2.62 265.19 -0.12 -0.68 -0.24 
4.94 -3.32 270.24 -0.56 -0.41 0.09 
16.08 6.81 266.57 -0.65 -0.28 0.61 
-4.85 0.98 263.84 -0.65 -0.16 0.70 
-3.18 1.02 254.28 -0.50 0.00 0.89 
-22.03 4.98 236.99 -0.75 -0.17 0.73 
-19.16 8.76 221.14 -0.71 -0.62 0.46 
-12.96 10.56 207.70 -0.60 -0.79 0.34 
-12.58 5.99 198.32 -0.50 -0.96 0.18 
-10.90 -2.79 187.99 -0.42 -0.90 0.09 
-5.74 -27.87 173.75 -0.15 -0.94 0.19 
-7.80 27.97 155.13 -0.21 -0.67 0.12 
17.49 45.83 111.05 0.37 -0.99 -0.06 
-22.41 -13.54 69.58 0.94 -0.67 0.11 
-7.19 -15.15 38.15 1.48 -0.52 0.00 
-7.11 -44.89 11.41 0.96 -0.12 -0.28 
-10.08 4.19 7.25 0.98 -0.08 -0.34 
-5.55 0.49 3.45 0.96 -0.02 -0.16 
-7.92 -2.61 11.07 1.23 -0.40 -0.10 
-4.29 2.13 41.96 1.33 -0.80 -0.39 
11.25 -0.53 77.57 0.75 -0.76 -0.37 
10.18 -12.42 113.58 -0.14 -0.44 0.15 
3.05 5.85 128.56 -0.48 -0.42 0.54 
12.10 10.09 136.84 -0.63 -0.24 0.52 
0.71 0.73 137.97 -0.81 0.26 0.44 
11.72 0.75 131.59 -0.82 0.10 0.44 
-20.10 -2.05 110.74 -0.66 0.23 0.50 
-25.56 -5.64 89.14 -0.69 -0.37 0.65 
-31.18 10.28 73.28 -0.42 -0.91 0.45 
-21.79 2.36 68.57 -0.58 -1.02 0.01 
-36.63 -0.40 63.92 0.26 -1.00 1.06 
-8.62 24.12 43.69 -0.20 -0.76 0.17 
16.07 21.56 7.05 0.04 -0.83 0.09 
-27.86 -12.31 -10.81 0.41 -0.34 0.33 
-28.05 -13.74 -37.16 0.92 -0.20 0.06 
-14.68 -1.98 -54.28 1.13 -0.36 -0.16 
14.02 9.09 -55.16 0.71 -0.35 -0.29 
-4.02 1.50 -60.87 0.98 -0.09 -0.22 
-12.70 -2.55 -54.75 1.24 -0.46 -0.18 
0.10 -0.43 -24.58 1.21 -0.76 -0.35 
2.39 -2.32 12.54 0.61 -0.73 -0.41 
1.45 -16.54 33.46 -0.07 -0.66 -0.08 
-4.71 -7.21 45.45 -0.40 -0.60 0.44 
4.80 10.92 49.87 -0.60 -0.38 0.53 
11.08 9.09 58.99 -0.71 -0.38 0.47 
4.93 8.46 61.66 -0.82 0.18 0.46 
-6.18 2.75 53.00 -0.84 0.04 0.43 
-12.37 -0.85 40.66 -0.85 0.00 0.51 
-15.63 -5.36 18.91 -0.71 -0.24 0.67 
-19.41 5.70 1.38 -0.53 -0.65 0.57 
-17.82 -9.75 -6.38 -0.49 -0.89 0.37 
-14.13 18.47 -5.72 -0.11 -0.95 0.71 
-5.61 23.64 -22.12 -0.27 -0.79 0.42 
-12.22 23.51 -49.92 -0.02 -0.77 0.27 
-25.79 9.56 -78.89 0.33 -0.70 0.06 
-0.46 1.70 -112.39 0.75 -0.60 -0.05 
-1.67 -10.36 -148.00 1.40 -0.35 -0.15 
-53.86 -11.29 -122.08 1.91 -0.27 2.29 
1.52 6.72 -127.26 1.00 -0.05 -0.17 
-4.60 1.46 -130.63 0.98 -0.08 -0.23 
-6.87 -5.83 -133.48 1.09 -0.23 -0.14 
-8.83 -0.06 -118.89 1.15 -0.56 -0.16 
0.58 2.95 -97.60 0.98 -0.77 -0.22 
2.19 2.49 -72.54 0.51 -0.87 -0.25 
-0.78 -14.37 -50.75 0.04 -0.82 -0.01 
0.79 -5.95 -36.52 -0.28 -0.72 0.36 
6.73 4.81 -16.26 -0.45 -0.53 0.52 
1.43 3.69 -4.70 -0.68 0.07 0.47 
-11.62 -3.92 -9.49 -0.77 0.21 0.67 
-23.74 -1.79 -39.20 -0.73 -0.16 0.60 
-16.27 8.11 -58.37 -0.61 -0.62 0.62 
-9.21 13.69 -74.32 -0.54 -0.79 0.37 
-19.73 3.43 -78.09 -0.54 -0.89 0.12 
-15.10 -46.13 -81.18 0.28 -0.58 0.69 
-7.71 21.91 -103.24 -0.21 -0.71 0.30 
-11.05 28.71 -128.93 0.17 -0.87 0.10 
-10.48 8.98 -160.20 0.57 -0.96 -0.05 
-8.29 -5.29 -195.09 1.01 -0.54 0.00 
-8.09 -13.61 -220.68 1.25 -0.37 -0.14 
7.97 1.73 -229.14 0.92 -0.18 -0.06 
-10.21 1.90 -225.87 1.10 -0.28 -0.16 
-5.39 2.32 -211.41 1.05 -0.44 -0.17 
-3.57 -0.07 -195.28 0.90 -0.70 -0.16 
-0.60 0.26 -175.66 0.60 -0.99 -0.17 
-3.73 -7.39 -151.21 0.16 -0.91 -0.09 
1.02 -10.65 -135.67 -0.31 -0.72 0.16 
-5.00 -3.04 -128.76 -0.45 -0.62 0.42 
4.24 4.90 -119.39 -0.57 -0.48 0.46 
1.10 2.82 -109.25 -0.67 -0.04 0.45 
-17.40 -0.96 -115.96 -0.71 0.05 0.71 
-14.03 0.59 -131.46 -0.64 -0.07 0.75 
-19.57 11.75 -147.46 -0.58 -0.54 0.63 
-19.45 16.00 -168.91 -0.55 -0.79 0.32 
-16.32 2.55 -177.66 -0.43 -0.92 0.23 
-2.87 -21.63 -189.66 -0.48 -1.13 -0.20 
-15.44 15.45 -198.98 -0.18 -0.88 0.17 
-8.40 22.94 -223.80 -0.10 -0.66 0.11 
0.76 -42.85 -283.17 1.18 -0.39 -0.30 
-7.84 -5.15 -290.04 0.90 -0.14 -0.20 
-5.31 -1.27 -294.61 0.98 -0.09 -0.25 
-6.13 -0.92 -281.28 1.32 -0.56 -0.13 
15.47 10.88 -239.91 1.10 -0.84 -0.38 
-0.27 -12.31 -193.59 0.07 -0.69 0.11 
-7.01 -4.44 -175.18 -0.36 -0.53 0.43 
5.94 5.08 -165.16 -0.49 -0.37 0.47 
2.74 7.79 -159.20 -0.81 -0.03 0.49 
-6.81 1.87 -160.17 -0.81 0.12 0.50 
-10.36 1.68 -182.02 -0.70 -0.04 0.71 
-14.90 9.26 -202.12 -0.71 -0.30 0.52 
-26.82 2.64 -225.69 -0.57 -0.83 0.32 
-16.66 -1.42 -234.26 -0.52 -0.96 0.21 
-20.56 -21.19 -240.55 0.12 -0.82 0.81 
-9.34 20.64 -253.09 -0.28 -0.76 0.24 
-5.98 25.67 -279.72 -0.08 -0.80 0.00 
-11.60 8.20 -313.11 0.46 -0.70 -0.07 
-7.76 -1.27 301.48 1.25 -0.63 -0.20 
-67.35 -0.32 327.39 2.23 -0.61 0.44 
-11.11 -3.66 319.00 1.06 -0.29 -0.20 
-1.61 4.85 -309.45 1.14 -0.65 -0.23 
3.46 5.63 -288.77 0.79 -0.80 -0.23 
0.08 -0.97 -268.27 0.29 -0.89 -0.10 
-6.13 -9.48 -249.31 -0.13 -0.79 0.15 
-1.12 -9.04 -238.46 -0.37 -0.69 0.39 
5.60 6.17 -229.58 -0.39 -0.65 0.58 
7.55 7.08 -221.32 -0.63 -0.05 0.50 
-8.48 1.84 -222.97 -0.80 0.09 0.56 
-13.29 -4.81 -231.68 -0.79 -0.09 0.80 
-27.94 -1.90 -247.42 -0.48 -0.30 0.78 
-13.96 14.41 -269.76 -0.44 -0.86 0.53 
-17.32 5.64 -279.46 -0.37 -0.88 0.39 
-11.81 -20.88 -288.40 -0.35 -0.97 0.19 
-13.17 18.61 -303.55 -0.14 -0.80 0.43 
-13.02 23.69 324.91 -0.01 -0.71 0.17 
-11.50 15.25 288.22 0.65 -0.92 -0.07 
-4.55 1.34 260.28 0.90 -0.55 -0.06 
-0.78 -10.19 231.12 1.23 -0.33 -0.09 
-39.45 -4.72 239.41 1.28 -0.16 0.11 
-5.80 3.72 238.48 1.09 -0.15 -0.24 
-1.51 3.50 256.54 1.26 -0.57 -0.22 
-4.24 2.21 289.19 0.95 -0.66 -0.26 
-26.07 -36.96 -21.15 1.01 -0.32 -0.09 
-6.11 -4.97 -36.01 1.21 -0.29 -0.06 
-23.63 -6.39 -37.79 1.05 -0.25 -0.25 
-2.30 -0.41 -43.58 1.02 -0.09 -0.13 
28.82 -17.42 17.79 -0.49 -0.60 0.49 
-0.96 4.75 18.47 -0.48 -0.58 0.47 
-1.38 4.09 28.78 -0.78 -0.01 0.58 
-15.62 6.97 4.57 -0.72 -0.05 0.66 
-15.62 6.97 4.57 -0.72 -0.05 0.66 
-10.52 4.65 -7.08 -0.74 -0.32 0.69 
-5.21 6.73 -14.62 -0.71 -0.41 0.63 
-8.17 4.77 -28.28 -0.65 -0.53 0.55 
-5.90 6.19 -35.34 -0.58 -0.54 0.56 
-22.08 -57.88 -72.13 -0.13 -0.86 0.44 
-43.87 18.99 -105.03 -0.03 -0.84 0.11 
-11.50 23.27 -146.38 0.42 -0.82 -0.21 
-3.08 7.36 -187.35 0.94 -0.64 -0.23 
-9.31 -11.56 -211.28 1.23 -0.45 -0.19 
-0.99 6.72 -219.65 1.04 -0.10 -0.21 
-12.43 -2.09 -216.56 1.08 -0.38 -0.22 
-2.88 -1.55 -194.42 1.16 -0.71 -0.28 
-2.31 -2.68 -163.08 0.71 -0.85 -0.36 
-2.37 -17.93 -138.15 0.06 -0.72 -0.20 
1.78 -13.32 -125.98 -0.30 -0.63 0.27 
0.21 -2.70 -121.98 -0.44 -0.52 0.50 
5.73 12.27 -115.67 -0.64 -0.47 0.47 
-0.89 6.25 -111.63 -0.77 -0.14 0.45 
-9.72 0.14 -115.70 -0.84 -0.06 0.58 
-12.48 -0.28 -126.21 -0.80 -0.12 0.60 
-16.92 5.76 -146.98 -0.69 -0.33 0.59 
-11.62 8.76 -165.06 -0.59 -0.73 0.44 
-17.61 1.88 -174.75 -0.54 -0.80 0.27 
-8.04 -43.90 -184.59 -0.28 -0.73 0.51 
-6.41 22.09 -209.10 -0.29 -0.73 0.37 
-9.69 12.86 -238.86 0.01 -0.79 0.23 
-22.88 -1.77 -277.03 0.51 -0.70 0.01 
-10.96 -7.84 -309.52 1.18 -0.53 -0.06 
-11.69 -11.03 -326.17 1.16 -0.30 -0.12 
-2.31 4.48 323.36 1.00 -0.10 -0.34 
-7.90 -0.42 -326.67 1.19 -0.45 -0.17 
-5.31 -1.74 -286.68 1.14 -0.83 -0.30 
0.22 -2.46 -252.37 0.39 -0.73 -0.29 
-3.51 -11.35 -232.81 -0.20 -0.60 -0.01 
3.27 -6.88 -228.02 -0.31 -0.71 0.35 
-94.11 -38.93 -273.33 -0.51 -0.87 0.29 
-14.50 -6.10 -275.86 -0.49 -0.85 0.23 
-4.46 11.05 -280.38 -0.37 -1.06 0.47 
-8.88 22.39 -296.46 -0.25 -0.70 0.29 
-20.22 20.65 320.19 0.04 -0.70 0.09 
-18.55 16.78 285.88 0.63 -0.80 -0.21 
-10.54 -6.13 250.46 1.07 -0.46 -0.18 
-2.25 -17.08 231.57 1.20 -0.28 -0.14 
7.45 3.71 220.13 1.00 -0.11 -0.31 
-5.92 3.53 214.36 1.01 -0.09 -0.16 
-4.57 -3.77 208.54 0.98 -0.03 -0.12 
-8.38 -4.31 201.06 0.95 -0.02 -0.10 
-14.99 -1.45 192.15 1.08 0.04 -0.17 
-4.99 -2.46 185.99 1.05 0.01 -0.16 
-6.94 -1.46 180.80 1.01 0.05 -0.14 
0.00 0.00 0.00 0.00 0.00 0.00 
8.00 63.80 -296.06 1.02 0.00 0.07 
10.33 29.84 -303.79 1.03 0.01 0.06 
3.20 8.65 -306.39 1.00 0.03 0.05 
3.38 8.60 -309.15 1.02 0.02 0.05 
2.28 8.31 -312.11 1.02 0.02 0.04 
-0.63 7.74 -313.52 1.04 0.00 0.05 
-10.88 9.19 -296.00 1.33 -0.39 0.26 
-4.18 16.82 -260.31 1.10 -0.83 0.04 
5.24 3.22 -227.87 0.42 -0.90 -0.11 
7.00 0.29 -205.55 -0.14 -0.60 0.11 
1.31 4.62 -196.24 -0.39 -0.62 0.38 
0.43 15.45 -226.70 -0.58 -0.99 0.00 
-2.00 9.44 -229.13 -0.47 -0.81 0.06 
4.65 30.74 -242.10 -0.34 -0.75 0.12 
7.25 25.46 -270.94 -0.08 -0.76 0.05 
-2.42 7.38 -301.15 0.53 -0.77 0.13 
-5.11 2.09 320.14 1.06 -0.68 0.02 
-4.51 7.12 298.27 1.25 -0.22 0.13 
-4.05 -1.84 294.71 0.96 -0.35 -0.31 
10.51 26.97 294.09 1.12 -0.02 -0.10 
5.83 17.40 312.08 1.21 -0.41 -0.15 
3.20 17.15 -321.72 1.02 -0.61 -0.11 
10.25 6.51 -287.09 0.56 -0.89 -0.08 
4.19 0.77 -263.03 -0.05 -0.86 -0.03 
1.47 5.06 -243.69 -0.35 -0.57 0.41 
14.78 13.30 -230.28 -0.48 -0.55 0.37 
19.81 15.51 -222.18 -0.64 -0.08 0.47 
2.59 15.64 -223.90 -0.76 0.09 0.47 
-11.51 21.28 -239.09 -0.85 -0.17 0.52 
-5.19 20.82 -258.23 -0.74 -0.56 0.40 
9.90 17.44 -283.12 -0.55 -0.64 0.32 
-18.13 4.38 -289.51 -0.37 -1.09 0.11 
-16.94 -5.82 -291.02 -0.31 -1.16 0.01 
-2.35 16.63 -297.54 -0.02 -0.97 0.54 
4.64 38.80 -325.65 -0.11 -0.79 0.07 
2.98 22.02 288.83 0.44 -0.59 0.09 
-10.75 5.02 260.93 1.03 -0.50 0.03 
-10.18 4.08 243.95 1.26 -0.18 0.05 
1.43 -4.23 243.86 1.09 -0.22 -0.30 
-11.77 2.30 236.96 1.09 -0.13 -0.16 
-10.50 9.20 264.36 1.36 -0.48 -0.11 
10.03 5.15 301.41 1.16 -0.97 -0.30 
3.56 2.21 -316.72 0.20 -0.79 -0.21 
18.57 -7.15 -292.55 -0.36 -0.50 0.30 
7.82 21.27 -290.55 -0.60 0.39 0.57 
0.52 17.82 -301.55 -0.73 0.18 0.78 
-13.76 16.42 -314.13 -0.83 -0.18 0.57 
-6.74 15.29 -326.55 -0.78 -0.37 0.44 
-12.19 12.10 314.80 -0.64 -0.66 0.33 
-6.72 25.83 296.70 -0.57 -0.81 0.07 
-6.49 -17.26 283.93 -0.20 -0.95 0.28 
6.36 32.11 264.05 -0.18 -0.63 0.13 
-3.74 29.02 229.96 0.31 -0.62 0.00 
-12.97 12.88 193.20 1.04 -0.71 -0.13 
-6.42 12.23 171.40 1.07 -0.30 -0.06 
7.67 11.01 170.47 1.14 -0.34 0.00 
37.44 60.60 225.09 1.27 -0.38 0.07 
3.80 18.37 263.19 0.93 -1.05 -0.08 
19.03 6.06 296.08 0.32 -0.80 0.13 
12.32 19.11 321.97 -0.26 -0.28 0.51 
17.17 28.28 -309.03 -0.53 -0.25 0.48 
10.56 10.14 -301.27 -0.70 0.40 0.57 
-0.93 12.23 -312.55 -0.67 0.38 0.72 
-8.09 19.20 324.91 -0.78 -0.02 0.60 
-9.61 15.60 307.70 -0.80 -0.43 0.45 
2.65 2.54 293.39 -0.63 -0.68 0.45 
-18.09 9.21 287.18 -0.46 -0.73 0.37 
-21.21 -11.82 283.57 -0.34 -1.12 0.07 
-7.42 26.31 276.52 -0.18 -0.61 0.38 
-4.72 31.66 245.59 0.00 -0.71 0.05 
-10.51 20.30 214.85 0.59 -0.87 -0.09 
1.26 16.17 186.73 1.04 -0.73 -0.14 
-3.69 11.04 160.37 1.18 -0.24 -0.15 
4.21 4.65 156.38 1.09 -0.18 -0.11 
8.93 21.74 154.05 1.13 -0.04 0.15 
-0.15 12.16 160.15 1.18 -0.22 -0.06 
-2.96 10.51 186.89 1.32 -0.64 -0.18 
9.51 3.79 228.88 0.99 -0.76 -0.33 
23.33 0.01 271.95 0.13 -0.78 -0.02 
2.83 -3.53 295.70 -0.27 -0.49 0.35 
36.32 26.66 312.15 -0.50 -0.08 0.51 
1.43 11.77 312.85 -0.75 0.27 0.46 
-3.74 13.38 289.92 -0.91 0.09 0.51 
-9.69 17.81 270.31 -0.81 -0.43 0.44 
-10.71 9.43 253.71 -0.68 -0.81 0.26 
-17.41 10.18 247.13 -0.53 -0.96 0.10 
-8.14 -14.53 234.90 -0.47 -0.93 0.07 
6.14 27.90 222.32 -0.27 -0.78 0.31 
-0.96 32.09 199.34 -0.10 -0.79 0.09 
-5.07 17.04 167.03 0.33 -0.82 0.04 
-2.94 9.56 138.32 0.79 -0.74 -0.01 
15.35 56.90 189.55 1.18 -0.44 -0.11 
2.60 12.76 218.38 1.15 -0.72 -0.15 
11.30 7.55 253.25 0.64 -0.89 -0.23 
11.29 -4.25 282.36 -0.03 -0.76 0.01 
5.63 -0.98 301.77 -0.26 -0.55 0.48 
19.00 18.67 317.58 -0.48 -0.38 0.47 
6.01 15.51 324.65 -0.79 0.18 0.45 
-1.33 11.46 311.12 -0.76 0.21 0.65 
-14.43 9.35 286.01 -0.83 -0.21 0.56 
-12.35 17.94 270.53 -0.60 -0.78 0.31 
-10.70 3.29 263.22 -0.50 -0.94 0.26 
-4.65 4.85 256.79 -0.42 -0.90 0.21 
-16.40 16.44 255.11 0.25 -1.04 0.95 
-1.36 37.00 234.25 -0.16 -0.77 0.22 
-8.08 28.82 208.65 0.12 -0.84 0.00 
-7.63 23.56 183.02 0.56 -0.77 -0.15 
2.63 13.31 149.07 1.06 -0.61 -0.27 
6.28 2.42 129.24 1.17 -0.36 -0.11 
-2.88 8.68 127.52 0.87 -0.12 -0.09 
-1.97 11.84 140.82 1.18 -0.54 -0.13 
6.50 2.85 173.04 1.17 -0.86 -0.36 
16.86 0.05 208.92 0.54 -0.83 -0.30 
2.43 -9.14 230.86 -0.15 -0.67 0.02 
11.66 5.15 246.30 -0.23 -0.70 0.39 
21.85 21.40 264.75 -0.55 -0.14 0.37 
-0.53 10.26 261.39 -0.77 0.20 0.44 
-10.76 27.17 235.83 -0.84 -0.29 0.50 
-2.20 24.96 218.41 -0.79 -0.75 0.03 
-3.93 10.90 208.64 -0.67 -0.78 0.00 
-5.06 0.59 199.68 -0.56 -0.82 0.11 
-8.27 -6.82 198.04 -0.46 -0.90 0.05 
2.62 22.59 198.06 -0.28 -0.69 0.40 
5.96 35.41 175.04 -0.20 -0.80 0.17 
-1.02 26.33 149.85 0.10 -0.69 0.06 
-3.05 15.34 117.05 0.64 -0.74 -0.07 
4.61 -2.82 84.38 1.12 -0.42 -0.01 
8.84 -5.54 70.19 1.17 -0.27 -0.09 
1.40 9.09 65.12 1.04 -0.16 -0.10 
3.01 14.30 81.82 1.24 -0.54 -0.06 
6.53 12.05 118.96 1.23 -0.92 -0.19 
24.23 13.69 152.62 0.51 -0.79 -0.10 
-5.29 9.80 195.27 -0.25 -0.56 0.51 
24.87 15.93 224.80 -0.48 -0.14 0.32 
-2.17 13.89 220.71 -0.80 0.41 0.54 
-19.11 14.97 192.78 -0.73 -0.18 0.64 
-9.64 21.89 172.71 -0.84 -0.71 0.23 
-11.47 8.26 163.45 -0.64 -0.78 0.14 
-6.90 11.46 161.71 -0.57 -0.81 0.10 
-4.23 -7.19 154.09 -0.51 -0.87 0.08 
7.06 36.40 138.93 -0.26 -0.90 0.29 
-2.68 26.79 121.97 -0.19 -0.75 0.15 
-10.49 22.68 94.28 0.19 -0.70 0.03 
0.26 22.71 49.14 0.84 -0.63 -0.25 
-26.65 -0.10 35.46 1.44 -0.37 -0.02 
18.52 -10.12 18.21 1.01 -0.25 -0.16 
-9.99 11.61 24.35 1.18 -0.52 -0.01 
-10.35 3.50 78.71 1.29 -1.00 -0.53 
9.49 -2.47 110.75 0.56 -0.51 -0.44 
2.04 -15.49 131.07 -0.06 -0.63 0.12 
20.55 5.86 161.30 -0.35 -0.60 0.26 
4.09 9.48 166.15 -0.77 0.11 0.44 
-5.90 9.28 151.23 -0.68 0.02 0.64 
9.21 25.11 131.20 -0.81 -0.52 0.50 
0.12 19.30 116.06 -0.69 -0.64 0.34 
-8.93 13.74 105.56 -0.53 -0.74 0.31 
-14.32 -6.41 99.02 -0.56 -1.02 0.04 
-8.50 28.41 95.02 -0.28 -0.79 0.30 
7.73 37.40 77.95 -0.27 -0.71 -0.05 
2.76 24.36 52.35 0.18 -0.82 -0.15 
11.05 15.80 18.90 0.72 -0.85 -0.14 
10.44 2.88 -9.07 1.16 -0.62 -0.08 
-2.08 -1.10 -22.19 1.12 -0.26 -0.04 
2.37 10.02 -21.08 1.09 -0.40 -0.08 
4.30 11.38 3.10 1.18 -0.75 -0.24 
10.63 7.53 47.15 1.01 -1.01 -0.47 
24.08 -6.08 84.99 0.22 -0.68 -0.16 
6.26 5.95 106.45 -0.24 -0.36 0.59 
9.51 15.93 122.49 -0.58 -0.10 0.37 
-4.24 7.52 107.75 -0.74 -0.01 0.64 
-10.55 20.71 84.89 -0.66 -0.54 0.50 
-4.20 14.77 68.00 -0.70 -0.68 0.40 
-8.78 9.05 63.85 -0.55 -0.84 0.23 
-8.61 10.68 59.81 -0.50 -0.87 0.22 
1.84 -14.21 48.32 -0.39 -0.85 0.25 
4.09 27.90 38.83 -0.32 -0.70 0.37 
-2.10 34.17 14.59 -0.10 -0.74 0.12 
-16.25 12.91 -13.33 0.33 -0.81 0.03 
3.98 11.87 -43.75 0.75 -0.74 0.01 
0.96 2.27 -67.56 1.07 -0.53 -0.02 
-9.49 -18.94 -81.71 1.18 -0.19 -0.21 
5.46 15.22 -74.38 1.19 -0.52 -0.20 
-0.04 10.66 -42.57 1.15 -0.79 -0.23 
1.12 0.63 -3.70 0.60 -0.78 -0.35 
12.78 -6.91 23.99 0.02 -0.71 -0.10 
12.68 4.57 40.55 -0.30 -0.65 0.36 
8.22 9.33 54.01 -0.56 -0.31 0.43 
4.12 8.62 34.76 -0.74 -0.01 0.66 
-3.25 38.82 8.92 -0.68 -0.50 0.47 
-7.69 20.99 -5.78 -0.72 -0.81 -0.04 
-6.90 0.87 -13.58 -0.56 -0.97 -0.03 
-8.30 -5.91 -21.90 -0.44 -0.91 0.02 
-12.62 20.98 -22.65 0.46 -0.98 0.66 
-6.14 27.06 -37.04 -0.09 -0.78 0.23 
-2.21 31.87 -73.53 0.31 -0.82 0.07 
-13.34 13.07 -101.63 0.80 -0.85 -0.03 
0.47 8.84 -130.42 1.10 -0.55 -0.09 
-2.17 0.67 -144.42 1.06 -0.30 -0.10 
-16.65 18.60 -139.33 1.16 -0.25 -0.34 
-9.85 12.06 -108.49 1.35 -0.69 -0.27 
22.38 10.20 -68.69 0.85 -0.84 -0.27 
12.15 4.67 -34.44 0.15 -0.84 -0.13 
3.02 -1.39 -10.45 -0.31 -0.65 0.31 
16.89 -1.48 16.08 -0.17 -0.42 0.35 
7.78 10.58 27.24 -0.58 0.44 0.60 
-4.85 12.27 6.85 -0.64 0.36 0.78 
-8.21 29.55 -14.13 -0.82 -0.31 0.52 
8.10 77.63 -222.95 -0.80 0.24 0.57 
-2.60 14.42 -234.27 -0.78 0.15 0.61 
-0.26 22.72 -249.29 -0.85 -0.29 0.43 
0.45 16.81 -261.13 -0.85 -0.48 0.26 
-4.19 8.95 -272.91 -0.79 -0.59 0.22 
-4.49 2.76 -281.38 -0.63 -0.72 0.31 
-8.03 -2.19 -291.35 -0.48 -0.94 0.22 
1.83 23.42 -292.78 -0.38 -0.65 0.41 
1.33 33.38 -308.74 -0.31 -0.69 0.25 
-5.58 25.21 315.62 0.05 -0.83 0.09 
-15.38 15.36 285.06 0.54 -0.89 -0.14 
-1.70 7.51 252.70 0.91 -0.66 -0.14 
3.86 -1.92 234.20 1.18 -0.47 -0.16 
-8.46 16.29 231.53 0.94 -0.28 -0.10 
-0.61 11.07 247.25 1.16 -0.62 -0.16 
5.25 9.72 284.55 1.09 -0.91 -0.34 
9.19 17.41 -323.84 -0.44 -0.69 0.42 
34.60 22.96 -309.89 -0.60 -0.08 0.40 
-1.53 11.77 -313.18 -0.90 0.13 0.39 
-9.94 15.81 325.14 -0.84 -0.13 0.55 
-1.40 19.16 308.41 -0.82 -0.54 0.40 
0.58 15.84 298.10 -0.73 -0.68 0.27 
-5.23 10.38 289.94 -0.60 -0.70 0.30 
-15.50 8.49 287.96 -0.56 -0.78 0.17 
-6.60 -18.48 275.72 -0.46 -0.89 0.13 
5.94 39.21 263.72 -0.35 -0.73 0.14 
4.31 31.64 239.09 -0.09 -0.88 -0.12 
5.03 18.53 210.38 0.34 -0.91 -0.05 
1.48 10.82 180.65 0.76 -0.74 -0.12 
-1.86 -2.82 149.65 1.21 -0.39 -0.14 
6.94 19.06 156.74 1.05 -0.55 -0.20 
0.11 12.21 182.38 1.20 -0.70 -0.28 
2.12 5.13 219.11 0.88 -0.93 -0.43 
10.37 -0.33 247.73 0.05 -0.71 -0.24 
2.67 -4.45 268.12 -0.31 -0.62 0.14 
5.40 6.14 287.22 -0.50 -0.63 0.36 
12.97 23.37 299.09 -0.75 0.27 0.39 
-0.56 12.60 283.45 -0.85 0.18 0.49 
-6.83 20.03 262.26 -0.92 -0.27 0.38 
-12.17 8.59 244.91 -0.77 -0.75 0.26 
-10.67 2.92 235.31 -0.62 -0.83 0.22 
-0.77 22.61 235.01 -0.33 -1.00 0.42 
5.54 31.18 215.37 -0.37 -0.61 0.24 
-29.65 12.90 161.12 0.33 -0.68 0.16 
-3.56 0.96 158.95 0.48 -0.83 0.11 
-9.56 -1.09 110.08 1.15 -0.54 -0.17 
-1.76 16.24 160.09 1.07 -0.86 -0.36 
-1.76 16.24 160.09 1.07 -0.86 -0.36 
3.30 -1.21 188.37 0.75 -0.97 -0.56 
5.42 -1.33 204.43 0.38 -0.73 -0.42 
3.22 0.01 229.65 -0.45 -0.47 0.29 
19.79 18.77 249.90 -0.59 -0.56 0.41 
106.84 108.45 196.59 -0.62 -0.60 0.36 
14.77 17.62 211.56 -0.65 -0.60 0.35 
16.83 15.95 224.77 -0.81 0.09 0.41 
1.36 15.92 212.58 -0.82 0.15 0.48 
-1.26 13.07 194.44 -0.88 -0.25 0.43 
-5.55 11.48 179.68 -0.77 -0.56 0.47 
-5.93 12.26 167.65 -0.62 -0.69 0.40 
-5.24 10.12 160.11 -0.51 -0.85 0.29 
-1.85 -16.76 149.36 -0.37 -0.81 0.33 
-2.82 29.09 144.14 -0.30 -0.81 0.30 
7.35 39.08 124.43 -0.19 -0.85 0.03 
7.99 23.39 97.61 0.18 -0.80 0.08 
-7.21 6.05 67.40 0.72 -0.81 0.03 
-2.78 2.94 40.33 1.04 -0.67 -0.02 
5.15 -10.53 17.00 1.06 -0.42 -0.33 
-8.59 13.39 30.40 1.32 -0.45 -0.15 
6.65 17.67 67.26 1.10 -0.74 -0.31 
6.24 9.11 98.61 0.52 -0.92 -0.42 
8.34 -1.46 121.33 -0.11 -0.73 -0.07 
5.63 3.64 131.70 -0.33 -0.59 0.25 
16.87 11.07 144.04 -0.52 -0.47 0.49 
6.16 15.91 159.59 -0.57 -0.04 0.59 
-7.16 13.68 137.27 -0.83 0.12 0.60 
-7.86 20.70 117.77 -0.81 -0.51 0.46 
-3.48 19.61 106.96 -0.73 -0.65 0.34 
-1.98 14.20 94.65 -0.62 -0.69 0.25 
-2.47 9.01 82.06 -0.49 -0.88 0.24 
-5.94 -14.91 77.82 -0.46 -1.00 0.05 
-7.76 18.21 69.65 -0.29 -0.82 0.30 
-0.51 29.15 52.36 -0.19 -0.74 0.22 
-9.46 23.85 26.42 0.12 -0.74 0.10 
6.08 14.84 -6.06 0.70 -0.88 0.04 
-0.87 1.34 -41.90 1.11 -0.47 -0.11 
-45.16 -30.04 -36.97 2.10 0.88 3.99 
1.75 14.45 -24.74 1.21 -0.44 -0.21 
4.15 10.48 8.13 1.08 -0.82 -0.32 
2.12 4.24 42.48 0.53 -0.84 -0.36 
10.40 -9.18 60.76 -0.27 -0.59 -0.03 
19.63 3.98 73.13 -0.49 -0.60 0.43 
18.26 16.58 87.62 -0.57 -0.38 0.50 
1.93 17.83 86.20 -0.83 0.06 0.46 
-4.81 17.19 74.66 -0.94 -0.26 0.52 
-7.39 13.58 58.95 -0.80 -0.37 0.41 
-9.32 12.28 47.62 -0.72 -0.59 0.38 
-8.97 10.80 36.61 -0.53 -0.84 0.30 
-9.94 10.33 31.93 -0.56 -0.81 0.11 
-2.57 15.16 34.94 -0.11 -1.38 0.15 
-0.80 27.29 24.30 -0.38 -0.72 0.26 
9.23 33.94 3.12 -0.08 -0.86 0.02 
-1.93 13.01 -30.77 0.37 -0.79 0.02 
-1.47 7.20 -60.90 1.06 -0.62 -0.13 
-3.05 -13.41 -87.41 1.16 -0.49 -0.28 
12.15 15.17 -83.24 1.12 -0.36 -0.14 
0.06 16.12 -57.17 1.13 -0.72 -0.28 
3.71 11.24 -27.76 0.76 -0.85 -0.22 
5.60 8.61 3.75 0.13 -0.87 -0.07 
4.99 -2.05 26.81 -0.38 -0.63 0.15 
10.38 7.93 41.08 -0.56 -0.43 0.46 
15.68 17.29 56.50 -0.64 -0.01 0.57 
18.38 14.20 57.91 -0.78 0.32 0.45 
-9.06 6.01 42.85 -0.85 0.25 0.48 
-12.17 11.96 25.49 -0.74 -0.24 0.64 
1.34 14.68 9.31 -0.69 -0.57 0.52 
-5.00 15.66 -0.50 -0.56 -0.67 0.51 
-11.80 10.78 -4.98 -0.57 -0.73 0.27 
-6.82 -26.79 -16.67 -0.12 -0.82 0.57 
10.52 42.76 -43.00 -0.32 -0.69 0.19 
-11.10 25.95 -69.74 0.03 -0.95 -0.04 
-3.83 18.22 -100.14 0.44 -0.84 0.00 
-3.09 -7.00 -147.39 1.20 -0.60 -0.25 
-46.81 17.81 -132.12 1.62 -0.95 0.22 
-0.74 10.47 -123.10 1.18 -0.53 -0.27 
9.70 10.14 -74.62 1.03 -0.85 -0.43 
0.85 -1.61 -38.04 0.25 -0.73 -0.30 
12.04 -5.04 -19.85 -0.29 -0.47 0.05 
10.08 2.45 -10.42 -0.39 -0.64 0.51 
4.60 16.98 9.12 -0.64 -0.14 0.50 
5.36 12.93 10.74 -0.88 0.16 0.32 
-6.34 5.73 -3.46 -0.79 0.00 0.62 
-2.40 21.79 -21.85 -0.66 -0.45 0.62 
-0.91 14.54 -41.54 -0.63 -0.70 0.42 
-17.11 -30.17 -44.94 -0.37 -0.81 0.40 
6.21 57.46 -66.11 -0.19 -0.77 0.31 
5.37 34.98 -96.54 0.02 -0.92 0.07 
-5.15 13.06 -132.15 0.56 -0.98 0.08 
-7.74 2.25 -168.23 1.12 -0.75 -0.06 
-0.73 -17.94 -198.29 1.27 -0.46 -0.13 
6.27 12.24 -198.73 1.13 -0.42 -0.18 
3.05 11.25 -172.19 1.14 -0.73 -0.26 
4.33 5.59 -137.03 0.85 -0.98 -0.34 
7.54 -10.03 -102.69 0.05 -0.70 -0.24 
1.85 -4.60 -89.85 -0.32 -0.43 0.40 
22.16 20.38 -74.17 -0.47 -0.52 0.56 
10.10 16.05 -71.07 -0.86 0.21 0.44 
-5.12 3.29 -84.74 -0.75 -0.02 0.58 
-4.64 13.96 -107.11 -0.45 -0.32 0.81 
-11.51 8.55 -119.42 -0.61 -0.93 0.19 
6.26 39.53 -117.60 0.07 -0.78 0.94 
7.64 37.83 -141.39 -0.31 -0.73 0.23 
4.66 23.72 -178.13 0.11 -0.81 0.21 
-4.96 3.83 -218.52 0.91 -0.87 0.12 
-6.24 3.59 -244.76 1.22 -0.55 -0.05 
18.51 -38.95 -273.74 0.87 -0.12 -0.33 
-22.86 29.73 -273.95 0.97 -0.01 -0.24 
4.91 11.64 -279.92 1.04 -0.12 -0.14 
-0.07 11.03 -285.06 0.99 0.00 -0.12 
2.79 6.92 -290.78 1.04 0.02 -0.06 
