0.00 0.00 0.00 0.00 0.00 0.00 
-35.72 16.18 45.01 1.00 -0.09 0.04 
-0.55 -2.68 45.23 1.02 -0.11 0.06 
-2.72 -2.34 45.55 1.01 -0.10 0.07 
1.75 -0.95 73.02 1.32 -0.71 -0.02 
38.62 6.87 120.64 0.82 -0.78 0.14 
21.07 1.30 148.68 0.20 -0.68 0.34 
14.73 -19.09 182.18 0.23 -0.14 0.71 
-9.22 -2.27 198.21 0.18 -0.15 1.03 
-5.45 0.15 199.60 0.12 -0.20 1.10 
1.12 -0.86 193.95 0.15 -0.18 1.06 
0.65 4.85 162.94 0.41 -0.03 1.06 
7.54 4.81 112.53 0.56 0.10 1.00 
-11.99 -18.57 87.15 0.43 -0.63 1.13 
-12.93 45.72 95.32 0.76 -0.32 1.64 
-9.97 49.28 108.44 -0.03 0.12 0.33 
-11.86 29.13 116.25 -0.70 0.29 -1.06 
0.74 -32.79 103.66 -0.74 -0.06 -0.29 
2.77 -22.75 99.56 -0.62 -0.03 0.32 
0.30 -24.21 89.06 -0.39 -0.11 0.67 
13.47 -30.53 81.81 0.03 -0.13 1.44 
-1.71 -5.32 81.00 0.16 -0.32 1.29 
-3.14 0.64 109.70 0.34 -0.50 1.04 
6.00 -0.91 156.53 0.49 -0.18 1.06 
-2.34 -1.72 185.41 0.25 0.35 1.04 
-3.55 -2.53 184.67 0.15 0.12 1.10 
0.08 2.42 169.52 0.20 0.11 1.14 
-0.54 5.30 123.84 0.25 0.00 1.07 
-9.02 1.65 89.67 0.23 -0.25 0.95 
-0.82 1.00 80.24 0.27 -0.51 1.47 
-5.12 24.18 85.54 -0.08 -0.40 1.12 
-1.17 30.26 93.44 -0.26 -0.05 0.90 
-13.25 42.91 96.06 -0.59 -0.10 0.01 
17.20 -65.41 93.38 -0.76 -0.21 -0.01 
5.75 -41.66 92.73 -0.24 0.06 0.68 
-7.04 -20.16 88.64 0.01 0.01 1.30 
-3.36 -4.24 88.17 0.18 -0.23 1.46 
-19.09 -0.03 189.44 0.31 0.09 1.11 
-4.43 -2.59 188.51 0.24 0.12 1.16 
5.07 -1.94 65.23 0.09 -0.17 0.87 
0.06 -7.15 52.67 0.13 -0.45 1.11 
-1.28 11.04 55.00 0.32 -0.32 1.48 
8.02 40.31 57.37 0.02 -0.05 1.15 
-26.62 46.30 68.00 -0.50 -0.17 0.08 
-2.52 15.61 74.10 -1.00 0.41 -0.80 
3.56 -31.19 64.67 -0.79 0.17 -0.39 
1.01 -28.83 55.29 -0.43 -0.08 0.45 
-2.80 -30.30 48.20 -0.21 -0.21 0.97 
-2.07 0.31 89.94 0.05 -0.44 1.05 
-1.67 -2.42 123.48 0.18 -0.32 1.02 
-1.91 1.01 155.50 0.22 0.32 1.06 
-5.92 -32.52 87.67 0.20 -0.29 1.26 
-6.02 19.46 87.88 0.19 -0.18 1.44 
-6.28 31.52 91.69 -0.25 -0.10 0.92 
-8.00 34.52 92.67 -0.51 -0.10 0.48 
6.79 30.53 99.09 -0.86 -0.02 -0.38 
-2.83 -8.03 97.71 -0.94 0.02 -0.61 
-7.44 -20.57 93.79 -0.83 0.00 0.02 
0.59 0.25 196.16 0.13 -0.37 1.09 
-1.09 2.65 227.17 0.18 -0.09 1.02 
-2.67 -0.41 255.61 0.16 0.08 1.09 
-2.26 -1.87 264.39 0.05 0.22 1.09 
9.60 158.68 271.19 -0.90 0.12 -0.87 
-0.10 -10.04 268.58 -0.92 0.39 -0.58 
-0.43 -26.54 260.32 -0.73 0.01 0.11 
-0.88 -23.27 253.33 -0.50 -0.19 0.74 
5.55 -29.90 250.26 -0.10 -0.17 1.02 
0.79 -13.35 250.86 0.25 -0.06 1.43 
-1.17 2.55 262.21 0.34 -0.35 1.26 
1.32 6.72 289.80 0.24 -0.18 1.02 
0.68 1.53 321.67 0.22 0.06 1.01 
-6.01 1.19 -315.58 0.10 0.24 1.08 
2.16 3.09 -324.44 0.04 0.36 1.17 
0.98 3.80 303.45 0.08 0.16 0.98 
-0.41 -6.67 270.76 0.24 0.01 1.12 
-8.30 -2.35 244.63 0.22 -0.39 1.02 
-1.83 2.70 239.00 0.28 -0.41 1.37 
-4.38 21.24 243.80 0.11 -0.27 1.29 
-22.21 50.44 326.57 0.17 -0.33 1.04 
1.67 5.83 -246.72 0.16 0.09 1.09 
-4.80 -3.77 -240.16 0.07 0.20 1.10 
0.00 5.28 -257.11 0.05 0.19 1.08 
-1.90 0.39 -282.30 0.12 0.03 1.06 
-6.35 3.09 -309.30 0.16 -0.14 1.05 
-5.56 -2.14 324.26 0.14 -0.41 1.03 
-2.55 17.31 323.38 0.27 -0.32 1.54 
-5.80 34.51 -324.64 -0.02 -0.31 0.97 
-6.22 42.29 -315.34 -0.58 -0.19 0.27 
2.83 23.48 -303.24 -0.99 0.31 -0.52 
-0.06 -11.57 -309.33 -0.89 0.13 -0.46 
2.36 -31.44 -313.86 -0.74 0.03 0.15 
0.76 -34.45 -318.19 -0.34 0.01 0.81 
-0.24 -30.61 -322.27 0.16 -0.10 1.28 
-3.40 1.93 -320.38 0.32 -0.23 1.34 
1.35 7.75 -303.14 0.21 -0.34 1.07 
2.34 5.89 -275.78 0.11 -0.06 1.01 
-0.49 4.61 -241.79 0.19 0.11 1.10 
-6.77 -3.34 -234.06 0.02 0.15 1.00 
2.42 3.72 -251.16 0.13 0.28 1.18 
0.89 -8.41 -300.51 0.20 0.11 0.97 
-6.88 -5.84 326.36 0.28 -0.26 1.11 
-0.46 5.26 321.19 0.30 -0.35 1.44 
-2.15 29.54 327.43 0.02 -0.28 1.24 
-8.71 40.34 -316.25 -0.48 -0.12 0.52 
-0.33 33.93 -309.90 -0.72 0.05 -0.13 
-2.72 -2.22 -311.47 -0.89 0.29 -0.72 
-7.20 -23.05 -319.74 -0.78 0.22 0.00 
5.94 12.01 288.75 0.04 0.21 1.11 
-19.08 -1.16 206.28 0.23 -0.19 1.08 
-3.78 -0.23 199.29 0.14 -0.38 1.20 
-12.31 23.93 203.36 0.17 -0.13 1.51 
-14.53 56.22 213.25 -0.25 -0.09 0.59 
4.43 21.94 222.28 -0.87 -0.09 -0.35 
-1.82 -4.48 219.18 -0.91 0.03 -0.42 
2.81 -24.56 212.16 -0.86 -0.19 0.09 
0.10 -27.59 207.62 -0.35 -0.22 0.56 
3.20 -32.07 204.25 0.13 -0.15 1.27 
-5.29 1.26 203.51 0.12 -0.15 1.31 
2.31 3.86 215.29 0.11 -0.47 1.11 
-0.37 2.90 245.05 0.14 -0.16 1.03 
-5.45 -1.49 275.99 0.14 0.07 1.05 
-3.29 -2.29 291.21 0.08 0.20 1.09 
4.06 4.51 277.49 0.06 0.25 1.13 
-0.43 -0.55 247.34 0.08 0.15 0.99 
-9.10 -2.55 215.64 0.23 -0.17 1.07 
-4.91 -1.75 196.07 0.18 -0.25 1.10 
-3.37 13.82 192.83 0.22 -0.46 1.45 
-6.18 -40.86 193.00 0.15 -0.27 1.50 
2.54 2.69 196.38 0.14 -0.41 1.16 
-0.45 2.50 219.69 0.14 -0.30 1.02 
3.04 2.87 252.28 0.22 0.05 1.05 
-3.40 0.39 272.65 0.14 0.27 1.08 
3.30 1.72 266.79 0.09 0.33 1.16 
1.03 1.35 237.63 0.18 0.18 1.00 
-3.67 -8.76 203.35 0.30 -0.17 0.98 
-12.32 -4.18 182.68 0.38 -0.29 1.18 
-2.20 1.23 181.31 0.22 -0.31 1.19 
-5.20 27.77 189.13 0.12 -0.32 1.36 
-6.30 41.63 200.09 -0.23 -0.16 0.83 
5.95 29.87 211.29 -0.71 -0.09 -0.06 
-0.34 6.18 211.71 -0.92 0.19 -0.35 
-2.18 -10.12 202.66 -0.89 0.09 -0.20 
3.66 -29.75 188.25 -0.66 -0.13 0.32 
11.10 -31.08 180.00 -0.33 -0.23 1.01 
5.00 -18.37 179.30 0.21 -0.11 1.62 
-4.36 1.94 183.61 0.05 -0.45 1.04 
1.98 0.20 209.40 0.13 -0.47 1.07 
4.61 -0.47 246.55 0.24 -0.04 1.05 
-4.73 -3.13 271.79 0.12 0.31 1.00 
6.04 4.92 250.31 0.09 0.37 1.07 
1.92 -3.18 220.50 0.10 0.25 1.02 
-7.75 -4.33 186.92 0.21 -0.09 1.01 
-2.02 -4.09 173.45 0.19 -0.42 1.14 
3.09 10.14 171.02 0.15 -0.23 1.43 
-15.29 40.17 171.93 -0.40 -0.18 0.98 
-9.10 35.67 177.74 -0.52 -0.23 0.41 
-2.14 23.59 184.82 -0.95 -0.04 -0.20 
-1.07 4.66 186.25 -0.92 0.16 -0.59 
-3.07 -22.13 179.97 -0.82 0.04 -0.08 
-2.17 -30.49 173.75 -0.53 -0.19 0.44 
7.74 -43.95 166.67 0.19 0.04 1.40 
-2.48 0.04 169.11 0.25 -0.11 1.23 
-0.75 2.70 188.87 0.22 -0.29 1.08 
4.61 0.32 238.62 0.28 0.06 1.04 
-4.84 1.22 260.83 0.23 0.21 1.11 
1.74 4.50 251.07 0.17 0.16 1.13 
1.86 2.46 226.63 0.14 0.16 1.02 
-1.17 -0.84 200.59 0.18 -0.11 1.04 
0.01 -2.74 181.08 0.17 -0.23 1.11 
-4.37 0.94 175.75 0.12 -0.25 1.15 
-1.81 17.08 177.07 0.12 -0.06 1.53 
-10.01 41.61 182.04 -0.10 0.03 1.05 
-5.01 -47.70 165.08 -0.89 0.04 -0.07 
-1.32 -20.62 156.23 -0.68 -0.08 0.30 
-0.75 -20.39 147.44 -0.40 -0.25 0.89 
2.87 -17.64 141.48 -0.17 -0.34 1.17 
2.82 -5.27 140.97 0.06 -0.15 1.34 
-4.34 2.16 151.44 0.06 -0.53 1.06 
1.98 -0.92 181.62 0.10 -0.24 1.03 
-3.03 -2.23 210.21 0.13 0.07 1.09 
-5.17 -10.64 221.11 0.13 0.22 1.19 
1.91 5.75 199.47 0.12 0.26 1.04 
-3.98 0.54 170.99 0.14 -0.04 1.05 
-0.52 -0.33 148.02 0.11 -0.26 1.01 
-3.65 0.04 138.90 0.15 -0.44 1.21 
-3.53 13.48 141.14 0.03 -0.24 1.33 
-0.45 31.73 143.32 -0.04 -0.21 1.27 
-5.48 40.76 154.62 -0.63 -0.34 0.25 
1.16 10.47 166.05 -0.95 0.32 -0.50 
-2.42 -18.22 160.85 -0.89 0.28 -0.34 
-5.23 -28.34 149.74 -0.50 0.11 0.36 
-4.22 -36.23 138.23 -0.15 -0.20 0.95 
-1.03 -7.63 137.19 0.24 -0.27 1.55 
0.51 3.31 150.99 0.15 -0.33 1.05 
-0.45 2.90 175.75 0.12 -0.15 1.09 
0.22 2.41 201.15 0.08 0.08 1.05 
-4.06 -0.51 219.33 0.06 0.22 1.08 
4.78 4.70 209.90 0.03 0.32 1.12 
2.02 -0.32 181.98 0.08 0.17 1.03 
3.55 -4.16 152.26 0.10 -0.05 1.04 
-5.15 -3.41 134.79 0.14 -0.37 1.08 
0.67 2.58 134.12 0.12 -0.31 1.23 
1.29 17.60 135.86 -0.04 -0.02 1.30 
-9.38 41.51 132.68 -0.16 0.17 1.11 
-7.01 47.09 142.34 -0.63 -0.31 -0.04 
2.26 7.48 151.26 -0.81 0.26 -0.66 
-2.09 -14.14 146.13 -0.87 0.22 -0.37 
-6.56 -25.01 138.46 -0.75 0.03 0.17 
-6.20 -26.48 130.36 -0.40 -0.12 0.84 
2.33 -25.24 127.77 -0.18 -0.11 1.05 
-3.49 -3.98 127.01 0.14 -0.04 1.45 
-0.88 3.65 133.06 0.08 -0.30 1.16 
-0.59 3.98 153.49 0.00 -0.17 1.04 
0.56 1.26 179.00 0.04 0.06 1.05 
-7.56 -3.46 201.45 0.07 0.01 1.05 
0.21 0.34 202.44 0.09 0.15 1.20 
-0.34 3.57 182.36 0.08 0.16 1.05 
3.18 -2.43 154.54 0.10 0.17 1.01 
-6.87 -5.89 126.43 0.25 -0.28 1.09 
-6.06 -0.64 118.22 0.18 -0.25 1.14 
-3.93 14.23 120.14 0.22 -0.25 1.40 
-5.19 40.64 127.10 0.02 -0.15 1.15 
-2.85 41.52 140.42 -0.55 -0.04 0.23 
8.22 20.39 141.56 -0.93 0.16 -0.58 
-5.30 -70.03 117.63 -0.26 -0.08 0.72 
-6.05 11.95 149.91 0.20 -0.45 1.05 
1.64 -1.08 177.72 0.19 -0.34 1.03 
-2.68 2.03 135.25 0.20 0.32 1.12 
-11.85 -6.43 103.83 0.25 -0.48 1.12 
11.59 78.78 146.28 -0.84 0.09 -0.28 
-7.11 -72.54 122.54 -0.20 -0.27 0.73 
-7.28 -5.72 113.20 0.15 -0.44 1.10 
0.04 4.42 112.74 0.13 -0.25 1.33 
0.04 4.42 112.74 0.13 -0.25 1.33 
-6.21 32.40 115.22 -0.08 -0.01 1.02 
1.87 32.10 126.60 -0.82 0.07 -0.34 
1.87 32.10 126.60 -0.82 0.07 -0.34 
-5.13 -52.00 110.62 -0.18 -0.18 1.00 
-4.78 4.26 135.92 0.12 0.10 1.05 
-2.21 4.12 89.67 0.22 -0.29 1.25 
-1.68 33.99 102.19 -0.28 -0.19 0.82 
13.58 29.77 113.19 -0.77 0.19 -0.51 
-6.37 -21.99 104.70 -0.85 0.16 -0.23 
-2.06 -45.14 93.28 -0.36 -0.14 0.49 
2.58 -37.22 86.60 0.35 -0.15 1.62 
-3.02 6.69 90.09 0.18 -0.37 1.16 
0.04 0.94 114.74 0.13 -0.33 1.00 
10.47 2.84 149.96 0.25 -0.08 1.08 
1.88 6.88 138.73 0.13 0.04 1.11 
-2.11 -2.19 83.00 0.11 -0.24 1.03 
-2.11 -2.19 83.00 0.11 -0.24 1.03 
0.67 -2.47 80.53 0.20 -0.32 1.28 
-0.17 3.53 81.79 0.21 -0.16 1.39 
-0.68 17.20 84.22 0.09 -0.08 1.32 
-0.53 16.83 85.35 -0.06 -0.02 1.17 
-14.96 -61.57 77.04 -0.67 0.15 0.45 
-5.84 -26.65 70.40 -0.29 -0.03 0.86 
-3.05 -23.57 69.14 0.15 -0.11 1.43 
-1.08 5.08 72.00 0.16 -0.17 1.17 
3.56 4.98 104.52 0.14 -0.30 1.05 
13.24 -1.44 143.98 0.23 0.12 1.07 
1.39 3.00 148.02 0.06 0.31 1.01 
-2.70 -0.59 124.77 0.11 0.23 1.04 
-6.26 -8.98 110.06 0.18 -0.22 1.16 
-5.62 22.68 113.47 0.23 -0.16 1.36 
-0.66 49.14 119.73 -0.21 -0.12 0.95 
4.49 35.81 126.59 -0.83 0.06 -0.36 
-3.91 -17.69 120.54 -0.87 0.15 -0.28 
4.75 -51.73 106.78 -0.43 -0.08 0.55 
7.84 -36.90 103.14 0.16 -0.22 1.44 
-2.66 6.98 105.53 0.23 -0.22 1.24 
0.55 2.55 122.81 0.11 -0.30 1.04 
2.49 0.55 151.58 0.13 -0.18 1.07 
-4.69 2.61 180.57 0.09 0.20 1.07 
-0.07 1.73 174.96 0.14 0.12 1.19 
2.64 5.64 139.19 0.11 0.09 1.00 
-5.35 0.61 104.06 0.25 -0.42 1.05 
-1.05 0.95 102.61 0.11 -0.35 1.12 
-3.79 32.05 104.26 0.07 -0.24 1.33 
-7.41 61.74 115.37 -0.28 -0.30 0.55 
-7.61 23.78 129.65 -0.75 0.39 -0.83 
-2.73 -38.07 117.93 -0.78 0.13 -0.02 
-0.01 -38.41 107.70 -0.37 -0.08 0.79 
1.76 22.53 144.93 0.27 -0.40 1.05 
3.82 3.07 184.89 0.25 -0.03 1.05 
-5.46 -2.38 198.62 0.09 0.26 1.07 
2.19 4.13 178.95 0.16 0.14 1.13 
-2.85 2.96 141.84 0.18 -0.04 1.03 
-5.04 -7.47 119.17 0.16 -0.39 1.07 
-0.44 4.74 117.00 0.16 -0.24 1.35 
-0.80 45.91 118.06 0.07 -0.11 1.22 
-5.94 55.89 130.59 -0.80 -0.15 -0.27 
-4.52 -14.49 126.90 -0.91 0.22 -0.19 
7.26 -47.64 115.45 -0.56 0.01 0.45 
3.95 -42.54 108.18 0.06 -0.31 1.15 
-1.31 1.68 111.46 0.27 -0.23 1.27 
1.73 5.30 130.76 0.17 -0.30 1.01 
4.12 -2.02 173.64 0.28 -0.10 1.01 
6.22 0.63 170.89 0.18 0.20 1.14 
1.61 5.55 147.14 0.20 -0.03 1.09 
6.11 -5.93 100.08 0.24 0.21 1.03 
-11.96 -4.46 76.98 0.29 -0.41 1.00 
-0.69 5.11 79.52 0.46 -0.11 1.50 
-3.63 52.27 87.55 0.13 -0.04 1.11 
-0.48 57.75 100.51 -0.67 0.11 0.03 
-5.59 -10.86 89.62 -0.79 0.24 -0.74 
-5.48 -46.11 76.34 -0.58 -0.22 0.25 
17.09 -56.97 73.10 0.21 -0.16 1.24 
-7.12 9.79 72.87 0.33 -0.20 1.27 
-0.13 8.00 96.05 0.13 -0.33 0.97 
7.08 4.39 145.38 0.28 0.20 1.00 
9.93 0.32 142.68 0.07 0.50 1.09 
-3.35 -0.19 109.85 0.10 0.25 1.01 
5.06 -9.53 64.33 0.15 -0.30 1.03 
-8.81 0.99 57.64 0.16 -0.42 1.21 
-0.67 23.18 59.51 0.25 -0.15 1.52 
-20.83 61.08 69.04 -0.06 -0.06 0.44 
2.23 30.99 80.28 -0.70 0.26 -0.71 
-3.33 -30.71 64.33 -0.66 0.14 -0.46 
-6.56 -43.85 48.70 -0.17 -0.10 0.61 
29.65 -50.99 37.11 0.60 -0.14 1.64 
-5.33 12.41 41.40 0.27 -0.34 1.12 
1.54 2.87 73.91 0.17 -0.31 0.96 
-6.05 7.91 64.67 0.05 -0.21 1.01 
-13.52 9.86 1.72 0.16 -0.49 0.99 
3.36 2.04 1.80 0.18 -0.40 1.30 
0.25 45.58 4.65 0.04 -0.17 1.23 
-6.39 63.31 16.46 -0.46 -0.09 0.20 
-3.54 -10.53 16.14 -0.74 0.31 -0.91 
-3.80 -43.60 1.16 -0.60 -0.08 0.35 
-11.77 8.34 -19.16 1.14 -0.06 0.04 
-0.16 -3.37 -16.29 1.04 -0.08 0.17 
-3.77 -3.46 -19.04 1.02 -0.07 0.13 
-2.65 -1.38 -19.93 1.02 -0.08 0.11 
-3.51 -0.90 -22.13 1.01 -0.10 0.07 
-2.56 -1.74 -23.03 1.02 -0.08 0.08 
-1.78 -2.34 -23.73 1.02 -0.08 0.09 
-1.35 -2.35 -24.21 1.01 -0.09 0.09 
-1.70 -2.51 -24.81 1.01 -0.09 0.08 
-1.56 -2.62 -25.41 1.01 -0.08 0.09 
-4.58 -1.22 -24.07 1.12 -0.16 0.19 
-1.99 4.98 3.62 1.35 -0.58 0.30 
3.95 8.79 37.59 0.90 -0.84 0.16 
8.12 14.78 70.69 0.08 -0.61 0.42 
12.27 -2.18 76.46 -0.33 -0.71 0.22 
5.36 -29.28 95.33 0.07 -0.50 0.55 
6.91 -17.89 120.72 0.44 -0.36 1.13 
-0.54 -2.95 133.75 0.34 -0.01 1.13 
-2.12 -0.84 131.82 0.26 -0.12 1.02 
-0.20 6.15 110.28 0.38 0.06 1.10 
0.83 5.28 76.68 0.36 0.04 1.03 
-8.73 -4.04 49.66 0.17 -0.34 0.88 
-2.19 5.50 43.56 0.39 -0.18 1.53 
-7.00 31.25 44.26 0.04 -0.06 1.16 
-9.41 39.55 48.63 -0.38 -0.15 0.64 
1.13 46.87 59.18 -0.78 -0.05 -0.33 
-3.11 4.18 62.78 -0.78 0.23 -0.72 
-4.39 -18.98 57.25 -0.78 0.10 -0.33 
-20.58 17.77 136.59 0.04 -0.39 1.01 
-3.96 -5.81 166.54 0.19 -0.20 0.97 
-3.87 -14.25 196.99 0.41 0.04 1.11 
1.61 7.69 188.62 0.36 0.11 1.12 
-1.65 5.50 163.00 0.31 0.05 1.01 
-4.83 0.71 131.98 0.25 0.01 1.00 
-6.56 -5.85 113.48 0.21 -0.36 1.05 
-2.85 7.98 113.13 0.34 -0.02 1.58 
-2.86 35.29 120.01 0.00 -0.14 1.13 
-7.90 49.02 136.36 -0.62 0.03 0.16 
5.59 16.39 135.93 -0.97 0.19 -0.63 
1.15 -15.36 131.49 -0.82 0.10 -0.39 
5.86 -26.91 126.59 -0.74 -0.05 0.33 
-1.96 -26.08 123.62 -0.47 -0.14 0.77 
0.03 -23.40 124.75 -0.15 0.10 1.14 
-3.75 3.44 121.51 0.01 0.00 1.19 
-4.35 2.52 129.83 0.00 -0.35 1.09 
1.11 -0.87 157.92 0.11 -0.14 1.03 
-9.60 -9.46 191.32 0.28 0.20 1.06 
1.84 -1.51 190.00 0.37 0.21 1.23 
3.98 8.31 169.55 0.28 0.15 1.11 
-41.09 189.12 194.44 0.01 -0.01 1.09 
-16.14 44.33 201.70 -0.39 -0.17 0.63 
-4.81 19.76 214.89 -0.93 0.15 -0.19 
3.52 2.63 213.17 -0.97 0.27 -0.21 
-0.77 -9.43 207.30 -0.89 0.13 -0.11 
3.08 -27.21 197.28 -0.71 -0.02 0.31 
56.56 83.93 31.20 0.27 0.32 1.13 
0.61 2.87 8.59 0.15 0.14 0.94 
-2.42 -3.46 -23.15 0.26 0.01 1.06 
-6.27 -5.70 -29.34 0.30 -0.43 1.17 
0.64 1.04 -27.64 0.17 -0.06 1.17 
-6.86 29.24 -22.80 0.15 -0.09 1.37 
-5.58 47.07 -16.98 -0.10 -0.08 0.87 
8.82 58.42 1.83 -0.70 -0.10 -0.36 
2.07 -0.05 1.01 -0.68 0.39 -1.01 
-5.60 -18.52 -5.64 -0.77 0.12 -0.49 
-4.00 -36.69 -13.84 -0.61 0.04 0.16 
-5.69 -37.29 -22.76 -0.19 -0.18 0.96 
-0.27 -9.97 -29.22 0.00 -0.22 1.57 
-14.79 -24.91 89.74 0.28 0.11 1.07 
-4.88 -1.77 82.83 0.36 0.48 1.27 
-12.17 -11.82 6.90 0.30 0.00 1.04 
-7.64 -5.68 -11.15 0.32 -0.37 1.04 
1.39 -2.68 -13.66 0.31 -0.16 1.19 
2.30 6.93 -13.13 0.42 0.03 1.30 
-1.02 40.54 -12.91 0.17 0.04 1.21 
-13.04 50.53 -6.08 -0.53 0.02 0.26 
8.06 19.04 -0.31 -0.90 0.27 -0.30 
-3.41 -3.07 -4.63 -0.88 0.19 -0.74 
-5.76 -28.76 -10.12 -0.64 0.18 -0.22 
-0.51 -54.81 -15.48 0.08 0.02 1.31 
-5.22 -10.32 -20.12 0.20 -0.11 1.53 
-1.58 2.04 -18.41 0.14 -0.18 1.19 
-1.40 4.18 -3.47 0.10 -0.30 1.06 
0.60 2.75 35.31 0.16 -0.11 1.07 
-3.41 -0.87 65.77 0.20 0.13 1.07 
7.24 -2.11 61.85 0.16 0.13 1.18 
-0.91 4.46 36.62 0.14 0.05 1.03 
0.50 -2.62 3.81 0.19 0.04 1.05 
-7.44 -4.07 -22.25 0.13 -0.19 0.94 
-0.05 4.51 -24.35 0.23 -0.28 1.26 
-1.09 23.68 -21.57 0.07 -0.01 1.37 
1.22 32.85 -18.01 -0.24 0.03 1.03 
-4.30 48.69 -15.30 -0.43 0.00 0.18 
-14.98 18.93 -12.17 -0.89 0.16 -0.86 
0.61 -38.72 -17.73 -0.68 0.16 -0.22 
3.35 -43.85 -24.40 -0.44 -0.14 0.59 
-2.60 -29.15 -27.13 -0.05 -0.05 1.34 
-1.90 3.40 -27.68 0.24 -0.01 1.43 
-3.00 5.64 -18.48 0.10 -0.37 1.02 
1.38 2.35 13.70 0.10 -0.17 0.96 
-11.39 -5.34 57.45 0.25 0.35 1.05 
2.74 2.99 55.05 0.17 -0.10 0.96 
2.37 7.01 29.05 0.32 0.19 1.09 
-0.70 -2.36 -8.99 0.34 -0.02 0.99 
-14.84 -11.23 -34.92 0.44 -0.34 1.04 
-2.58 -1.16 -36.54 0.33 -0.33 1.12 
0.93 6.89 -33.94 0.53 -0.10 1.44 
2.69 40.40 -28.88 0.23 -0.13 1.20 
-4.71 50.28 -22.55 -0.26 0.07 0.26 
-3.20 43.17 -11.88 -0.90 0.22 -0.98 
-1.86 -20.86 -19.94 -0.70 0.35 -0.72 
-3.29 -37.37 -31.05 -0.57 0.02 0.14 
3.31 -34.47 -36.34 -0.37 -0.05 0.92 
8.59 -46.75 -40.71 0.31 -0.21 1.21 
-6.28 6.88 -40.74 0.39 0.01 1.28 
-2.01 4.12 -29.68 0.30 -0.41 1.04 
-0.56 1.91 2.47 0.31 -0.23 0.96 
1.44 -6.00 47.26 0.55 0.14 1.09 
0.34 4.59 39.94 0.29 -0.03 1.12 
2.95 3.55 14.70 0.22 0.15 1.01 
2.26 -5.86 -18.02 0.31 0.15 1.04 
-4.71 -17.02 -48.43 0.27 -0.22 0.96 
-3.16 1.46 -50.37 0.35 -0.06 1.20 
-0.67 11.71 -50.50 0.41 0.16 1.41 
-3.95 43.77 -49.42 0.06 0.02 1.18 
-20.10 51.09 -41.27 -0.24 0.02 0.11 
-4.09 34.72 -33.27 -0.74 0.14 -0.79 
-3.09 -17.42 -41.13 -0.55 0.51 -1.10 
-2.32 -44.45 -56.32 -0.40 0.10 -0.16 
3.59 -47.52 -64.09 0.01 -0.11 0.98 
-2.15 -13.11 -69.11 0.23 -0.07 1.61 
-0.15 3.77 -65.63 0.20 -0.34 1.22 
1.15 4.05 -35.85 0.16 -0.35 0.98 
4.11 -2.01 4.98 0.32 0.03 0.99 
-9.78 -5.21 32.39 0.27 0.32 1.11 
-0.34 5.82 21.13 0.18 0.22 1.11 
-0.23 -0.74 -11.72 0.27 0.12 1.00 
-3.43 0.73 -46.19 0.31 0.04 1.07 
-4.50 -3.57 -66.45 0.31 -0.35 1.13 
-0.70 6.85 -65.04 0.35 -0.17 1.57 
2.31 44.59 -54.90 -0.13 -0.16 1.03 
2.69 42.82 -45.59 -0.58 0.05 0.65 
8.52 45.02 -33.83 -0.38 0.41 -0.54 
-1.12 2.04 -34.61 -0.48 0.32 -1.16 
-7.86 -30.55 -42.02 -0.55 0.37 -0.60 
-1.68 -45.21 -56.30 -0.48 0.21 0.32 
-0.40 -47.79 -72.39 0.22 -0.24 0.91 
-1.10 -2.70 -72.74 0.42 -0.03 1.54 
-0.75 4.36 -66.62 0.22 -0.20 1.15 
1.37 13.18 -39.57 0.22 -0.28 1.05 
-2.12 -0.45 -1.01 0.20 -0.08 0.98 
-9.91 -7.10 28.15 0.30 0.37 1.18 
1.91 3.19 22.58 0.12 0.14 1.13 
1.94 2.62 -6.93 0.20 0.04 1.04 
-0.33 1.22 -38.98 0.21 -0.09 1.08 
-5.80 -2.69 -65.82 0.18 -0.27 1.02 
-0.57 -0.78 -67.27 0.13 -0.23 1.12 
-2.34 26.87 -68.05 0.26 0.03 1.61 
-4.96 60.94 -66.25 0.01 -0.04 0.86 
2.90 49.79 -52.91 -0.38 0.00 -0.63 
-2.21 -12.65 -55.88 -0.57 0.56 -1.33 
0.64 -33.58 -67.25 -0.61 0.19 -0.19 
-6.33 -30.44 -83.16 -0.42 -0.15 0.56 
15.86 -40.95 -88.03 -0.12 -0.20 1.08 
-8.28 6.45 -88.76 0.24 -0.09 1.31 
-2.09 3.16 -77.23 0.26 -0.45 1.06 
-2.41 2.07 -45.94 0.20 -0.18 0.99 
-3.06 -2.72 -9.36 0.32 0.01 1.06 
-8.28 -5.22 10.85 0.21 0.27 1.11 
-1.29 1.54 2.81 0.16 0.15 1.10 
-0.33 3.43 -23.47 0.22 0.09 1.08 
-0.02 1.70 -64.34 0.27 -0.04 1.08 
-6.71 -2.70 -87.11 0.24 -0.40 1.03 
1.05 0.50 -87.73 0.12 -0.26 1.16 
-1.87 10.15 -85.56 0.17 -0.11 1.44 
-1.78 35.83 -79.43 0.08 -0.16 1.23 
-1.29 63.99 -63.28 -0.49 -0.12 -0.04 
-0.84 16.82 -55.84 -0.72 0.19 -1.00 
-2.88 -20.70 -63.73 -0.79 0.08 -0.59 
4.88 -44.87 -70.55 -0.59 -0.07 0.25 
-0.61 -39.02 -77.38 0.02 -0.09 0.92 
-0.42 -15.03 -79.86 0.28 -0.12 1.60 
-1.26 5.61 -77.16 0.19 -0.24 1.21 
0.90 5.72 -54.62 0.17 -0.32 0.99 
-1.44 -0.18 -21.28 0.20 -0.04 0.97 
-5.89 -9.99 11.82 0.29 0.28 1.04 
8.05 3.71 2.82 0.24 0.09 1.15 
-1.70 10.45 -31.14 0.18 0.11 0.99 
-7.69 -4.49 -69.50 0.22 0.05 1.00 
-4.17 -4.53 -83.30 0.25 -0.38 1.15 
0.10 6.29 -80.62 0.23 -0.15 1.38 
-1.01 25.15 -75.98 0.03 0.04 1.37 
-0.32 49.36 -69.63 -0.19 0.03 0.52 
4.85 35.94 -58.64 -0.62 0.00 -0.21 
-3.43 -2.20 -58.13 -0.90 0.34 -1.24 
-7.69 -55.28 -69.19 -0.61 0.08 -0.03 
-0.04 -43.96 -74.59 0.05 0.07 0.99 
-5.12 -6.65 -75.82 0.37 0.05 1.61 
-5.14 9.82 -67.95 0.20 -0.22 1.15 
-3.42 7.46 -43.54 0.05 -0.16 0.97 
-1.28 -4.78 -9.18 0.21 -0.10 1.01 
-6.87 -12.59 17.23 0.28 0.27 1.13 
3.02 2.62 10.58 0.21 0.03 1.13 
0.58 6.23 -16.36 0.23 0.09 1.02 
-3.77 -2.02 -50.27 0.25 -0.03 1.02 
-9.88 1.44 -76.21 0.31 -0.36 1.08 
-1.37 0.83 -78.58 0.23 -0.37 1.20 
-7.22 27.50 -73.07 0.06 -0.24 1.35 
-14.52 57.51 -58.58 -0.33 -0.11 0.59 
12.86 36.41 -43.36 -0.72 0.05 -0.59 
-2.34 -9.28 -46.08 -0.88 0.36 -0.84 
1.20 -36.94 -53.96 -0.58 0.16 0.06 
-5.44 -47.20 -65.98 -0.08 0.03 0.66 
3.97 -17.57 -69.66 0.72 -0.13 1.75 
-6.38 9.54 -66.22 0.30 -0.16 1.17 
4.40 9.35 -38.98 0.28 -0.42 0.98 
-7.38 -8.93 13.95 0.28 0.24 1.04 
9.45 -2.42 13.59 0.25 -0.09 1.13 
6.89 8.53 -14.87 0.20 0.14 1.12 
-5.00 1.52 -42.68 0.07 0.04 0.92 
-0.91 -15.40 -71.05 0.32 -0.25 1.04 
-5.20 1.98 -72.62 0.28 -0.23 1.18 
-4.02 12.38 -70.89 0.25 0.16 1.52 
-10.92 41.19 -69.31 0.02 -0.25 1.09 
-16.40 51.62 -52.35 -0.29 -0.05 0.04 
-2.42 21.84 -46.78 -0.92 0.34 -0.81 
0.36 -10.14 -53.05 -0.84 0.14 -0.61 
3.29 -38.72 -64.31 -0.64 0.00 -0.10 
-4.30 13.35 -40.44 0.13 -0.42 1.07 
-1.40 1.86 -4.91 0.07 -0.26 0.92 
-2.10 -3.10 29.32 0.26 0.04 1.08 
-9.18 -2.46 24.49 0.50 0.59 1.52 
7.82 10.48 3.75 0.29 0.18 1.19 
-1.12 3.95 -29.48 0.11 0.19 0.98 
-3.46 -4.07 -69.16 0.11 -0.23 0.89 
-3.65 -0.24 -73.16 0.23 -0.44 1.22 
7.48 -77.47 -118.60 -0.75 0.19 -0.79 
23.84 17.70 71.23 0.27 -0.17 0.96 
-4.93 -3.46 109.36 0.34 0.24 1.06 
0.72 -0.03 104.84 0.28 -0.22 1.11 
1.78 3.46 88.52 0.23 0.12 1.14 
0.42 5.79 61.29 0.19 -0.03 1.01 
-3.55 1.97 33.61 0.27 -0.14 1.05 
-3.32 -8.70 9.56 0.27 -0.33 1.04 
-2.38 2.99 8.87 0.29 -0.23 1.24 
-2.69 19.59 13.60 0.26 -0.02 1.46 
-2.24 35.65 16.29 -0.08 -0.11 1.23 
-14.52 50.29 33.01 -0.34 -0.36 -0.24 
-3.16 5.50 34.90 -0.72 0.43 -1.17 
-3.56 -54.00 22.05 -0.68 0.06 -0.02 
0.11 0.64 21.47 -0.64 0.04 0.05 
6.87 -38.60 12.50 -0.45 -0.05 0.72 
0.68 -20.75 7.61 -0.18 -0.31 1.02 
0.83 -16.80 3.78 0.14 -0.10 1.44 
-1.69 -2.66 2.80 0.17 -0.11 1.48 
-1.28 3.61 3.07 0.10 -0.23 1.21 
-1.82 2.52 7.03 0.11 -0.43 1.09 
-2.27 3.40 -103.95 0.20 -0.14 1.19 
-1.78 1.52 -94.23 0.19 -0.47 1.07 
3.99 4.37 -64.65 0.22 -0.29 1.02 
2.90 -2.81 -25.45 0.34 0.10 1.02 
6.59 0.24 -29.54 0.29 0.31 1.26 
0.92 6.53 -54.66 0.16 0.01 1.02 
0.39 -3.60 -81.17 0.14 -0.09 1.05 
-3.54 0.17 -111.01 0.21 -0.12 1.04 
-6.46 -3.70 -123.01 0.16 -0.41 1.15 
-1.19 11.03 -119.13 0.16 -0.28 1.36 
-6.20 31.13 -109.81 -0.08 -0.15 1.10 
1.15 32.58 -102.01 -0.51 0.02 0.80 
1.08 50.53 -90.44 -0.45 -0.07 -0.46 
-7.09 -16.70 -93.98 -0.61 0.55 -0.99 
3.06 -30.92 -104.38 -0.79 0.13 -0.01 
-0.15 -29.40 -119.38 -0.48 -0.15 0.41 
-1.42 -28.99 -128.64 -0.22 -0.32 0.98 
-6.53 -10.10 -134.97 0.16 -0.22 1.56 
-0.97 2.83 -132.18 0.08 -0.39 1.07 
-0.49 1.64 -111.37 0.10 -0.39 1.03 
-0.31 -1.70 -75.52 0.21 -0.18 1.00 
-1.43 -13.68 -44.94 0.32 0.29 1.22 
-0.90 7.38 -57.55 0.21 0.13 1.19 
2.95 6.36 -84.42 0.14 0.00 0.98 
-8.80 -2.62 -121.44 0.23 0.17 0.99 
-4.83 -6.67 -141.54 0.28 -0.50 1.08 
-2.45 2.00 -142.19 0.18 -0.19 1.29 
-3.29 17.03 -145.39 0.04 -0.14 1.21 
-8.03 29.54 -142.86 0.01 -0.09 1.39 
-7.00 49.37 -125.03 -0.28 -0.14 0.43 
-5.55 38.72 -104.92 -0.57 0.35 -0.85 
-2.58 -19.75 -119.60 -0.60 0.47 -0.78 
3.72 -32.67 -138.29 -0.61 0.09 -0.08 
2.02 -39.85 -153.45 -0.45 -0.30 0.60 
10.37 -25.11 -154.36 0.16 -0.18 1.44 
-3.01 3.61 -150.56 0.16 -0.12 1.25 
-4.59 6.46 -134.06 0.09 -0.34 1.04 
-3.04 0.50 -106.50 0.09 -0.26 1.04 
-7.11 -10.03 -56.91 0.25 0.12 1.03 
4.39 -1.38 -65.58 0.16 -0.16 1.06 
2.67 5.14 -87.89 0.18 0.09 1.11 
8.74 2.29 -126.75 0.16 0.03 1.06 
-4.10 -0.95 -157.28 0.16 -0.06 1.07 
-6.29 -3.12 -162.76 0.08 -0.39 1.13 
-3.01 9.31 -160.52 0.07 -0.16 1.39 
-6.67 31.07 -155.26 -0.14 -0.17 1.18 
-20.27 61.75 -150.62 -0.23 0.14 0.42 
-0.83 20.76 -139.75 -0.62 0.29 -1.08 
-2.80 -22.20 -147.79 -0.78 0.24 -0.51 
11.90 -38.61 -155.68 -0.56 0.04 0.17 
1.21 -36.48 -161.89 -0.19 0.11 0.92 
0.68 -24.28 -165.26 0.37 -0.27 1.58 
-1.47 3.86 -162.52 0.14 -0.29 1.19 
-7.22 3.29 -144.21 0.07 -0.52 0.96 
1.03 -4.11 -94.16 0.24 -0.05 1.00 
-7.89 -13.82 -68.26 0.33 0.17 1.19 
6.16 8.11 -82.77 0.17 -0.05 1.09 
7.94 1.91 -124.45 0.19 0.04 0.99 
-6.49 -3.84 -160.44 0.30 -0.24 1.01 
-3.37 4.26 -164.77 0.29 -0.46 1.25 
1.33 13.75 -161.35 0.18 -0.16 1.41 
-4.97 48.39 -160.83 0.24 0.01 1.40 
-15.68 52.12 -130.73 -0.51 0.21 -0.95 
-0.94 -18.35 -140.08 -0.73 0.44 -0.65 
10.43 -28.50 -151.82 -0.71 0.13 0.00 
1.67 -39.17 -163.79 -0.47 -0.16 0.66 
-5.68 -40.35 -173.95 0.38 -0.38 1.28 
0.23 2.78 -170.30 0.38 -0.29 1.36 
-2.40 6.27 -155.63 0.24 -0.43 1.05 
0.70 -6.94 -114.36 0.40 -0.53 0.89 
4.65 -11.60 -76.39 0.42 0.30 1.11 
-0.14 3.11 -83.38 0.19 -0.26 1.05 
7.23 8.22 -109.32 0.25 0.00 1.06 
14.04 1.21 -139.57 0.22 -0.14 1.02 
-10.15 -6.40 -172.38 0.26 -0.08 0.95 
-9.83 0.42 -176.86 0.29 -0.42 1.26 
-1.85 12.90 -170.68 0.22 -0.21 1.37 
-4.76 38.21 -165.91 0.00 -0.14 1.18 
-13.41 51.86 -155.86 -0.50 -0.04 -0.10 
-6.04 16.47 -149.20 -0.89 0.45 -0.75 
-4.85 -15.86 -163.19 -0.75 0.27 -0.26 
16.95 -36.93 -172.92 -0.53 0.08 0.30 
-7.52 -47.34 -182.09 -0.07 -0.29 1.11 
4.72 -7.83 -181.10 0.43 -0.19 1.56 
-4.02 6.17 -169.91 0.18 -0.35 1.13 
1.08 2.34 -138.67 0.19 -0.31 0.98 
-0.33 -5.90 -93.64 0.48 -0.04 1.10 
12.58 0.15 -102.31 0.20 0.37 1.25 
0.93 1.71 -138.87 0.13 -0.10 0.99 
-0.97 3.06 -170.12 0.21 -0.06 1.10 
-4.64 -10.46 -180.80 0.36 -0.59 1.31 
3.03 9.26 -175.42 0.12 -0.10 1.33 
-3.71 33.91 -171.92 -0.08 -0.05 1.18 
-5.21 44.90 -168.44 -0.45 -0.12 0.67 
-16.76 48.39 -154.67 -0.65 0.04 -0.48 
1.88 -4.64 -151.11 -0.59 0.53 -0.94 
1.16 -29.93 -163.96 -0.67 0.19 -0.30 
-9.81 -60.80 -197.55 0.47 -0.33 0.37 
-6.64 -5.14 -203.82 0.30 -0.36 1.80 
5.92 9.61 -203.72 0.13 -0.20 1.20 
-5.01 3.97 -186.19 0.14 -0.58 0.98 
-1.02 -7.25 -136.89 0.42 -0.41 0.86 
-25.41 -22.98 -147.02 0.19 -1.12 0.82 
-6.21 4.04 -153.56 0.11 -0.26 1.03 
7.20 7.51 -184.53 0.26 0.02 1.12 
-9.76 -3.95 -233.25 0.37 -0.04 0.82 
-6.57 -2.39 -239.66 0.28 -0.78 1.12 
2.96 4.11 -236.38 0.26 -0.29 1.24 
3.53 24.96 -232.96 0.29 -0.15 1.43 
-14.15 47.31 -225.50 0.46 -0.04 0.49 
-2.41 33.80 -224.52 -0.31 0.38 -1.73 
-9.48 -22.75 -236.32 -0.71 0.16 -0.44 
0.20 -33.77 -244.44 -0.68 -0.06 0.08 
-7.94 -47.77 -262.03 0.05 -0.17 0.37 
-7.83 -5.81 -266.18 0.21 -0.30 1.82 
-1.16 6.25 -268.30 0.00 -0.34 1.09 
-3.35 0.90 -262.25 0.04 -0.51 0.97 
-3.10 -7.72 -237.52 0.26 -0.81 0.98 
14.14 25.03 -223.27 0.75 1.06 2.75 
-8.59 0.26 -224.37 0.06 -0.02 1.00 
-3.35 3.17 -225.60 0.06 -0.36 1.03 
-3.87 2.15 -227.03 0.02 -0.44 1.02 
-1.95 38.11 -5.83 1.12 -0.15 0.15 
-4.59 -4.15 -16.02 1.04 -0.12 0.12 
-0.58 -2.20 -17.35 1.01 -0.13 0.16 
0.54 -1.59 -16.58 1.01 -0.08 0.12 
-2.51 -3.22 -17.29 1.02 -0.12 0.14 
-0.96 -1.91 -17.72 1.01 -0.10 0.13 
-2.70 -2.74 -18.19 1.01 -0.09 0.13 
-3.45 -2.57 -18.47 1.01 -0.12 0.15 
-4.97 -2.45 -18.16 1.16 -0.09 0.17 
-8.94 1.32 -12.10 0.86 -0.23 0.23 
-11.24 0.60 -21.79 1.00 -0.18 0.06 
-6.86 -6.60 -21.76 1.03 -0.20 0.21 
0.05 -0.67 -10.08 1.13 -0.39 0.25 
12.02 11.25 18.63 1.46 -0.84 0.27 
32.11 14.67 55.78 0.66 -0.63 0.14 
22.63 2.32 95.95 0.18 -0.05 0.66 
0.10 -7.52 123.62 0.17 0.02 0.87 
1.68 -5.47 122.72 0.15 -0.32 1.06 
-3.64 -0.55 121.70 0.14 -0.09 1.07 
2.14 1.53 100.89 0.33 0.29 1.14 
-2.48 -1.07 60.47 0.51 0.23 1.04 
-10.37 -6.15 33.90 0.28 -0.46 0.93 
-2.56 8.15 28.40 0.24 -0.20 1.37 
-1.19 19.06 29.42 0.04 -0.14 1.23 
-2.12 34.71 31.56 -0.22 -0.05 0.97 
-3.84 62.18 34.69 -0.49 -0.21 -0.83 
3.49 -23.17 38.43 -0.70 0.06 -0.65 
-2.72 -27.74 34.32 -0.83 -0.01 0.19 
13.14 -13.01 28.07 0.39 -0.42 0.64 
0.32 2.48 31.52 0.22 -0.14 1.12 
-0.25 12.88 32.85 0.27 -0.07 1.30 
-5.02 73.69 41.49 -0.18 -0.05 0.81 
-7.50 43.93 56.51 -0.78 0.04 -0.41 
3.47 5.65 58.92 -0.71 0.52 -0.70 
2.04 -7.88 54.56 -0.81 0.26 -0.42 
-3.47 -23.35 46.46 -0.91 0.07 -0.13 
2.54 -58.17 28.81 -0.18 0.02 0.44 
-4.39 -18.20 30.94 0.68 0.17 1.57 
-1.77 5.13 30.18 0.40 0.00 1.15 
0.94 -0.10 32.81 0.24 -0.24 0.98 
8.65 8.92 76.00 0.55 -0.31 0.95 
-16.28 -31.01 125.54 0.80 0.36 0.99 
-6.41 3.18 124.77 0.53 -0.08 0.89 
1.91 8.85 109.32 0.59 0.18 1.04 
-5.04 6.60 77.77 0.61 0.18 0.99 
-8.84 5.78 43.87 0.44 -0.18 0.87 
-4.26 -0.11 38.21 0.25 -0.35 1.01 
-0.52 0.31 38.79 0.28 -0.05 1.21 
-8.59 49.14 47.89 0.04 -0.07 1.25 
-6.64 49.78 57.56 -0.34 -0.03 0.57 
3.03 41.74 70.34 -0.47 0.19 -0.84 
-0.70 -8.77 67.98 -0.46 0.33 -0.98 
2.05 -28.24 69.32 -0.53 0.21 -0.42 
-4.91 -33.52 58.45 -0.56 0.17 -0.02 
-6.52 -48.61 40.06 0.57 -0.27 0.82 
-7.84 -3.65 38.31 0.49 -0.02 1.73 
-1.46 4.11 38.12 0.21 -0.12 1.03 
-4.35 2.92 52.61 0.33 -0.39 1.00 
8.52 -2.39 86.96 0.43 -0.33 0.94 
5.23 -9.88 123.94 0.48 0.45 0.96 
-2.67 0.49 127.66 0.38 0.05 1.00 
-4.34 1.33 125.64 0.36 -0.04 1.04 
-20.08 3.02 28.97 0.43 0.16 1.00 
-6.62 -0.70 14.87 0.31 -0.50 0.96 
1.11 -4.48 14.91 0.09 -0.11 0.97 
-8.42 12.95 15.72 0.38 0.11 1.61 
-5.86 39.37 17.19 0.12 -0.31 1.39 
-6.57 51.68 29.06 -0.33 -0.06 0.08 
2.46 1.15 41.03 -0.89 0.23 -0.93 
-2.58 -19.99 38.28 -0.80 0.18 -0.17 
-1.72 -31.90 33.24 -0.58 0.00 0.49 
-1.15 -39.91 30.75 -0.05 0.07 0.64 
3.11 -10.45 28.03 0.72 0.22 1.68 
-1.96 11.32 26.27 0.29 -0.01 1.06 
0.03 4.96 36.13 0.25 -0.15 1.10 
1.00 8.97 63.34 0.27 -0.28 1.01 
3.54 -2.87 113.13 0.63 0.41 0.96 
7.40 -4.22 115.79 0.25 -0.39 1.00 
-1.50 2.60 116.17 0.22 -0.04 1.07 
-2.93 1.21 111.94 0.22 0.22 1.06 
-10.40 -6.44 59.95 0.51 0.36 0.94 
-4.60 -5.64 30.05 0.57 -0.37 0.99 
-0.97 4.09 26.10 0.37 -0.18 1.09 
-2.92 23.44 25.24 0.45 -0.05 1.59 
0.70 48.44 32.25 0.03 -0.11 0.91 
-5.39 50.94 45.71 -0.59 0.02 -0.53 
0.20 -1.65 45.87 -0.77 0.44 -0.67 
-1.14 -10.17 42.12 -0.80 0.23 -0.41 
-5.36 -30.46 35.46 -0.69 0.15 0.09 
-6.88 -46.43 22.40 -0.30 0.04 0.60 
-6.35 -6.69 17.68 0.31 -0.07 1.79 
-2.14 5.25 16.72 0.04 -0.08 1.10 
-1.44 1.54 26.20 0.09 -0.31 1.08 
-0.11 4.85 51.56 0.12 -0.14 1.05 
3.91 -0.50 85.27 0.22 0.07 1.02 
-13.06 -8.26 115.17 0.23 0.59 1.06 
-4.75 2.85 114.74 0.19 0.05 1.14 
2.67 8.67 86.19 0.28 0.27 1.14 
-2.35 -0.30 41.90 0.30 0.09 1.01 
-3.50 -10.70 18.01 0.26 -0.31 1.12 
-3.78 0.52 13.24 0.16 -0.16 1.13 
-2.57 10.70 14.67 0.14 -0.02 1.36 
3.22 24.48 16.59 0.13 0.07 1.73 
5.72 60.12 27.90 -0.49 0.05 -0.41 
2.08 10.36 29.87 -0.89 0.20 -0.61 
-2.37 -7.54 28.29 -0.94 0.06 -0.48 
-6.60 -56.58 23.51 -0.39 0.02 0.15 
-8.79 -48.02 16.63 0.48 -0.07 1.41 
-4.32 9.58 11.35 0.44 -0.11 1.40 
1.57 9.80 14.66 0.06 -0.29 0.99 
-0.86 3.03 42.81 0.15 -0.45 0.94 
-4.67 -15.08 92.10 0.58 0.21 0.96 
1.87 -10.07 99.54 0.11 -0.52 0.94 
-2.64 2.12 96.81 0.16 -0.19 1.04 
5.13 5.90 68.95 0.31 0.13 1.08 
-0.32 -1.26 18.69 0.56 0.12 1.00 
-13.10 1.45 1.81 0.08 -0.65 0.78 
-1.05 -19.11 1.83 0.24 -0.17 1.21 
-3.83 22.80 2.06 0.50 -0.18 1.47 
-11.83 48.04 15.17 0.21 -0.43 0.88 
2.16 49.97 38.67 -0.21 0.32 -0.37 
-0.75 -9.82 34.56 -0.67 0.45 -0.87 
-7.72 -8.01 25.40 -0.92 0.08 -0.34 
-5.54 -26.07 16.71 -0.69 -0.07 -0.15 
6.73 -48.90 -0.03 0.52 -0.21 0.56 
-9.59 5.35 -8.11 0.66 -0.05 1.64 
-4.92 6.45 -16.12 0.08 -0.23 0.93 
-2.04 6.88 -49.60 0.13 -0.09 1.10 
10.01 2.66 -79.27 0.24 0.16 1.05 
-17.03 -4.15 -122.35 0.45 0.03 0.94 
-1.02 -0.83 -127.35 0.27 -0.50 1.11 
2.23 -3.95 -129.33 0.24 -0.04 1.15 
-2.71 22.79 -126.46 0.33 -0.11 1.39 
-10.03 48.44 -118.48 0.15 -0.05 1.02 
-8.37 33.62 -103.66 -0.73 0.08 -0.33 
-2.51 1.14 -109.32 -0.85 0.27 -0.53 
1.98 -22.05 -119.20 -0.79 -0.01 -0.26 
10.08 -44.63 -134.63 -0.36 -0.13 0.09 
-2.70 -25.80 -137.98 0.65 0.04 1.94 
-2.38 4.86 -142.36 0.25 -0.16 1.19 
2.34 -0.27 -139.32 0.12 -0.30 1.00 
5.13 1.16 -123.43 0.32 -0.42 1.11 
-3.75 7.85 -82.60 0.40 -0.13 0.98 
3.61 -0.83 -90.79 0.24 1.69 1.03 
6.56 3.69 -93.10 0.13 -0.15 1.13 
6.23 3.40 -104.93 0.12 0.20 1.14 
6.65 2.25 -141.32 0.26 0.21 1.03 
-22.74 0.77 -184.03 0.52 -0.84 0.84 
-2.23 -1.54 -183.92 0.14 -0.51 1.08 
1.66 2.13 -182.85 0.19 -0.20 1.26 
0.00 22.70 -177.52 0.17 -0.21 1.37 
-12.18 47.90 -167.97 0.28 -0.17 1.00 
-21.91 29.39 -154.53 -0.82 0.46 -1.39 
-5.32 -17.45 -164.14 -0.80 0.27 -0.35 
-3.39 -38.86 -178.17 -0.66 -0.09 0.14 
-17.22 24.69 -148.33 0.35 0.08 1.23 
1.57 3.30 -149.79 0.17 -0.08 1.05 
-2.23 5.48 -166.60 0.22 0.07 1.14 
0.38 3.78 -200.58 0.23 0.13 0.99 
-11.34 -2.50 -228.50 0.46 -0.42 1.09 
-0.32 -4.98 -229.19 0.19 -0.29 1.13 
-1.48 9.07 -226.40 0.32 -0.14 1.30 
-8.60 38.20 -221.27 0.18 -0.27 1.19 
-13.42 51.52 -207.71 -0.38 -0.09 0.04 
-4.43 13.11 -204.97 -0.89 0.25 -0.91 
-5.49 -16.61 -213.75 -0.84 0.03 -0.30 
-2.90 -30.67 -222.89 -0.50 -0.04 0.28 
4.20 -48.21 -236.94 0.41 -0.06 0.94 
-2.20 8.15 -237.81 0.45 -0.23 1.35 
0.47 0.64 -236.15 0.16 -0.15 1.01 
0.27 3.22 -224.98 0.20 -0.30 1.11 
3.44 5.75 -197.41 0.22 -0.28 1.00 
-23.91 -28.56 -152.34 0.44 -0.17 0.92 
3.07 -3.43 -152.50 0.16 -0.81 0.77 
0.58 4.89 -156.08 0.22 -0.38 1.04 
-0.85 7.90 -170.70 0.21 -0.22 1.04 
2.29 11.87 -207.75 0.32 -0.02 0.98 
-8.63 -6.82 -235.49 0.39 -0.70 0.99 
-0.32 0.74 -233.81 0.18 -0.42 1.12 
1.50 1.77 -231.95 0.28 -0.26 1.35 
-0.07 30.57 -226.91 0.23 -0.23 1.47 
-19.20 49.58 -212.27 -0.05 -0.15 -0.01 
-3.23 5.19 -211.92 -0.91 0.13 -0.89 
0.89 -24.70 -218.39 -0.81 -0.05 -0.27 
4.16 -39.99 -222.82 -0.36 -0.06 0.48 
10.53 -47.62 -230.49 0.29 -0.15 1.10 
-5.14 4.69 -236.30 0.54 -0.02 1.49 
-0.42 6.65 -237.89 0.17 -0.26 1.00 
5.97 4.85 -221.36 0.27 -0.43 1.05 
-6.25 1.69 -181.45 0.36 -0.16 1.01 
-32.30 -0.20 -152.92 0.87 1.62 2.46 
2.25 2.90 -153.18 0.06 0.17 0.97 
-2.61 1.08 -154.27 0.06 -0.20 1.07 
15.56 0.86 -205.26 0.44 0.59 1.16 
-28.48 -1.20 -255.77 0.69 -0.45 0.70 
1.79 -4.02 -256.82 0.24 -0.54 1.20 
-2.23 3.84 -253.06 0.32 -0.11 1.34 
-18.42 48.29 -252.11 0.45 0.05 1.39 
-0.91 54.50 -228.00 -0.74 -0.04 -0.88 
-5.04 -10.58 -227.98 -0.81 0.37 -0.39 
0.06 -12.07 -232.27 -0.98 0.15 -0.03 
0.39 -12.51 -236.04 -0.78 0.07 0.14 
-13.71 -41.40 -248.72 -0.37 -0.05 0.38 
2.44 -18.40 -256.27 0.60 -0.04 1.86 
-3.43 4.89 -259.72 0.27 -0.23 1.21 
-0.15 1.38 -257.50 0.14 -0.30 1.02 
2.04 2.84 -239.22 0.31 -0.57 1.11 
-14.75 -4.29 -189.68 0.37 -0.14 0.90 
-7.68 -4.63 -196.57 0.81 1.09 1.74 
0.27 2.95 -197.79 0.18 -0.47 0.95 
8.51 7.47 -208.31 0.21 -0.22 1.10 
7.33 14.33 -255.01 0.29 0.05 1.04 
-8.64 -5.76 -277.39 0.24 -0.78 0.97 
2.76 0.54 -275.72 0.19 -0.32 1.18 
-7.40 21.47 -268.74 0.16 -0.14 1.32 
-9.90 48.48 -262.48 0.02 -0.10 1.14 
6.22 51.26 -241.38 -0.66 0.12 -0.41 
-0.19 -2.57 -245.16 -0.80 0.37 -0.68 
5.99 -19.06 -251.58 -0.88 0.06 0.03 
-5.77 -19.72 -259.73 -0.72 -0.04 0.22 
-3.94 -46.67 -272.42 -0.11 -0.27 0.72 
-4.61 -0.40 -275.87 0.22 -0.26 1.65 
-0.87 4.82 -276.69 -0.03 -0.21 1.00 
-4.65 1.25 -271.85 -0.02 -0.34 1.05 
-4.39 1.87 -227.30 0.13 -0.20 0.93 
-16.50 -15.77 -187.89 0.28 0.51 1.30 
-6.52 2.44 -190.80 0.00 -0.21 1.02 
5.25 2.68 -202.33 0.11 -0.01 1.16 
2.93 0.78 -238.77 0.23 0.16 1.06 
-14.26 6.34 -275.54 0.16 -0.36 0.70 
3.76 -6.58 -279.81 0.25 -0.52 1.30 
-0.28 4.94 -276.78 0.21 -0.22 1.25 
-2.87 27.09 -270.21 0.12 -0.18 1.26 
-5.88 50.08 -257.70 -0.22 -0.04 0.45 
-2.25 18.05 -254.09 -0.73 0.31 -0.61 
-3.50 -10.10 -258.72 -0.97 0.24 -0.20 
3.37 -24.85 -265.10 -0.77 0.15 0.21 
-4.70 -38.76 -274.93 -0.10 0.03 0.63 
-4.47 -10.49 -280.84 0.57 -0.20 1.82 
-3.08 7.31 -282.41 0.17 -0.24 1.06 
-1.78 1.36 -278.44 0.12 -0.32 1.06 
1.00 2.91 -256.60 0.19 -0.57 1.07 
-6.30 0.63 -210.18 0.32 -0.14 0.92 
-10.87 -5.93 -210.40 -0.26 0.13 1.09 
-4.48 1.14 -212.11 0.00 -0.13 1.09 
1.94 0.70 -218.34 0.03 0.01 1.15 
-29.40 5.35 -293.58 0.30 -0.79 0.94 
1.53 -3.10 -295.34 0.04 -0.60 1.11 
4.07 3.69 -292.93 0.04 -0.17 1.29 
3.76 14.62 -288.90 0.00 -0.10 1.42 
-7.63 48.73 -282.05 0.02 -0.38 1.07 
-0.83 49.75 -270.78 -0.35 0.40 -1.02 
-3.56 -24.00 -278.57 -0.70 0.45 -0.55 
0.94 -29.46 -289.59 -0.60 0.15 0.14 
4.54 -39.32 -301.94 -0.30 -0.07 0.66 
5.30 -41.59 -311.20 0.65 -0.26 2.02 
-1.49 10.62 -312.54 0.10 -0.30 1.11 
0.96 2.04 -310.77 0.03 -0.25 1.03 
-3.11 2.74 -298.52 0.05 -0.41 1.05 
2.16 -3.70 -268.65 0.18 -0.55 1.07 
-30.50 -4.68 -225.49 0.13 0.57 1.03 
-1.40 2.39 -227.91 0.00 -0.35 1.12 
-0.58 0.10 -228.05 0.00 -0.31 1.10 
-148.20 62.74 -210.98 0.40 0.09 1.00 
-7.70 -4.05 -222.15 0.08 -0.86 1.00 
1.25 -2.39 -221.22 0.09 -0.30 1.24 
0.54 11.81 -215.94 0.07 -0.27 1.32 
4.33 28.29 -207.60 -0.12 -0.15 1.17 
-7.52 50.47 -195.96 -0.19 0.01 0.26 
-5.14 14.31 -184.74 -0.98 0.65 -0.84 
-3.73 -21.97 -197.21 -0.79 0.32 -0.13 
-3.96 -27.36 -209.90 -0.42 0.10 0.35 
3.08 -46.98 -226.12 -0.14 -0.12 1.20 
0.12 0.94 -230.38 0.26 -0.26 1.47 
-2.63 3.83 -231.32 0.09 -0.23 1.04 
-2.97 3.78 -221.51 0.06 -0.36 1.07 
-2.51 1.78 -199.74 0.07 -0.42 1.03 
-5.61 -8.12 -164.59 0.18 -0.36 0.91 
-8.03 -2.45 -164.59 -0.10 -0.38 1.19 
-3.18 -0.55 -167.60 0.06 -0.07 1.09 
4.06 3.85 -185.09 0.15 0.00 1.16 
7.55 6.82 -219.95 0.16 0.06 1.05 
-13.16 1.90 -250.47 0.21 -0.65 0.88 
0.41 -7.17 -256.42 0.13 -0.53 1.11 
-0.25 2.89 -255.57 0.20 -0.27 1.28 
1.17 15.04 -251.74 0.14 -0.26 1.36 
-7.84 48.00 -244.90 0.25 -0.33 1.00 
27.49 36.57 -221.35 -0.61 0.37 -0.84 
-5.49 -15.75 -225.45 -0.89 0.55 -0.28 
-2.03 -10.62 -236.12 -0.80 0.19 0.11 
-6.03 -20.31 -247.45 -0.60 -0.04 0.35 
3.17 -46.85 -258.33 -0.17 -0.14 0.92 
-3.40 -1.28 -261.54 0.30 -0.24 1.47 
0.47 1.52 -262.11 0.09 -0.18 1.08 
-3.00 3.85 -255.56 0.12 -0.45 1.11 
-0.52 5.20 -227.50 0.15 -0.55 0.98 
3.01 -5.44 -178.98 0.41 0.17 1.04 
-29.73 -7.54 -183.67 0.03 -0.27 0.90 
-5.80 -0.83 -186.71 0.02 -0.27 1.07 
5.75 4.96 -203.46 0.15 -0.05 1.16 
4.96 2.42 -241.53 0.25 0.15 1.14 
-13.76 1.67 -275.52 0.20 -0.75 0.77 
3.96 -5.46 -278.06 0.08 -0.52 1.16 
3.21 -3.13 -274.37 0.12 -0.31 1.24 
3.50 17.64 -266.51 0.26 -0.25 1.47 
-22.50 46.63 -258.39 0.50 0.02 0.36 
-5.03 25.64 -249.87 -0.76 0.63 -1.18 
0.21 -19.20 -261.41 -0.83 0.31 -0.18 
11.26 -42.88 -258.12 -0.69 0.26 0.22 
-10.30 -40.98 -273.91 0.00 0.00 0.43 
-11.16 1.01 -279.94 0.56 -0.11 1.75 
-1.93 4.98 -281.09 0.19 -0.17 1.03 
-8.86 4.55 -269.10 0.14 -0.26 1.05 
0.15 0.97 -248.92 0.13 -0.42 1.03 
6.49 -10.51 -205.53 0.44 -0.75 0.81 
-2.70 -0.25 -217.31 0.16 0.99 0.98 
-7.97 -2.33 -222.03 0.12 -0.14 1.09 
4.93 3.72 -248.20 0.31 0.06 1.19 
-13.75 4.51 -308.11 0.42 0.08 0.88 
-7.67 1.59 -318.57 0.13 -0.86 0.88 
6.44 -3.47 -315.83 0.12 -0.16 1.25 
-3.19 16.75 -310.54 0.25 -0.24 1.48 
1.65 39.67 -299.08 -0.13 -0.26 0.88 
-8.71 51.60 -290.53 -0.63 0.17 -0.14 
-1.86 0.49 -289.40 -0.97 0.26 -0.68 
10.31 -34.10 -292.95 -0.71 0.10 0.09 
-11.79 -27.35 -305.90 -0.43 -0.10 0.66 
5.93 -47.49 -316.82 0.11 -0.29 1.10 
-6.93 2.10 -319.47 0.31 -0.15 1.42 
-4.60 8.83 -318.97 0.14 -0.27 1.03 
1.83 1.68 -303.26 0.10 -0.45 1.04 
-6.10 -2.03 -262.15 0.32 -0.49 0.99 
-3.87 10.97 -244.45 0.57 0.89 2.11 
-3.55 -0.08 -246.86 0.03 -0.08 1.13 
4.50 0.98 -255.87 0.06 -0.12 1.10 
10.79 7.47 -293.91 0.41 0.36 1.11 
-15.28 -0.59 321.45 0.29 -0.91 0.83 
3.31 -7.84 317.70 0.15 -0.55 1.16 
2.93 3.20 320.35 0.20 -0.20 1.35 
11.17 23.72 324.27 0.32 -0.07 1.54 
-16.82 46.56 -327.30 0.24 -0.11 0.11 
-10.82 14.32 -323.65 -0.59 0.47 -1.09 
-2.98 -33.45 317.47 -0.66 0.37 -0.06 
-8.00 -28.42 303.19 -0.35 0.24 0.59 
8.09 -48.15 293.89 0.52 -0.52 1.69 
-1.31 6.95 297.60 0.20 -0.22 1.25 
-3.79 6.13 311.22 0.17 -0.51 1.00 
10.60 -10.13 -282.21 0.61 -0.34 0.89 
-22.79 -12.69 -276.21 -0.35 -0.14 1.56 
-13.32 -2.21 -278.27 0.05 -0.17 1.12 
4.48 1.30 -295.90 0.16 0.03 1.14 
7.51 4.95 309.74 0.45 0.45 1.11 
-10.66 -10.25 286.12 0.36 -0.81 0.99 
6.59 -5.47 291.21 0.25 -0.14 1.40 
2.38 26.62 294.40 0.42 0.10 1.56 
-13.98 48.34 282.97 0.13 -0.02 0.66 
-13.19 19.52 305.63 -0.29 0.53 -1.07 
-6.96 -30.06 286.03 -0.55 0.49 -0.52 
-7.58 -37.77 267.31 -0.40 0.13 0.14 
2.56 -47.49 251.53 0.12 -0.48 1.10 
-26.00 24.27 253.07 0.35 -0.69 2.37 
5.03 2.03 253.13 0.06 -0.16 0.91 
-7.22 7.91 248.86 0.11 -0.35 1.04 
1.55 12.77 252.12 0.30 -0.66 1.17 
-37.64 -12.60 283.44 -0.25 -0.74 0.32 
-2.38 -5.93 300.12 0.18 0.20 1.24 
-15.66 5.30 302.05 0.20 -0.27 0.96 
-0.85 0.27 297.21 0.26 -0.51 1.16 
-5.58 3.73 290.30 0.13 -0.46 0.97 
