0.00 0.00 0.00 0.00 0.00 0.00 
34.36 -93.18 323.87 0.87 0.03 0.46 
22.61 6.11 327.14 0.92 -0.02 0.40 
9.94 3.64 326.94 0.99 0.01 0.43 
19.75 9.82 327.53 0.97 -0.19 0.42 
26.51 4.08 324.40 0.91 -0.25 0.39 
26.64 8.38 -326.88 0.96 -0.24 0.43 
16.26 9.64 -317.67 0.99 -0.34 0.58 
14.32 19.66 -289.89 0.98 -0.65 0.56 
-5.52 7.11 -258.09 0.50 -0.86 0.25 
-2.01 -7.46 -233.04 -0.03 -0.85 -0.02 
2.31 -11.42 -219.12 -0.34 -0.80 -0.12 
7.72 -5.85 -209.45 -0.60 -0.52 -0.13 
14.91 7.89 -213.08 -0.83 -0.37 0.17 
27.30 10.47 -211.65 -0.85 -0.65 -0.04 
65.02 26.56 -202.73 -0.91 -0.60 0.20 
76.24 8.13 -199.47 -0.63 0.17 0.32 
41.36 9.76 -201.44 -0.70 0.01 0.55 
33.46 -0.28 -206.99 -0.65 0.01 0.71 
32.66 8.01 -202.13 -0.61 0.29 0.77 
2.42 38.94 -200.79 -0.63 0.23 0.77 
-9.29 19.13 -200.46 -0.82 -0.02 0.49 
-24.16 13.64 -211.47 -1.00 -0.24 -0.11 
-18.96 6.83 -213.14 -0.87 -0.38 -0.19 
5.06 1.84 -213.07 -0.87 -0.36 0.00 
20.08 13.35 -216.66 -0.98 -0.37 -0.05 
41.88 10.03 -209.14 -0.97 -0.57 0.03 
65.67 25.62 -200.49 -0.90 -0.23 -0.13 
72.43 -2.29 -196.98 -0.93 0.00 -0.10 
29.40 7.08 -201.16 -0.64 0.05 0.64 
33.51 4.43 -202.55 -0.87 0.13 0.55 
23.94 11.55 -205.44 -0.67 -0.19 0.85 
4.28 26.49 -196.39 -0.67 -0.01 0.79 
-24.41 21.00 -200.93 -0.81 -0.19 0.11 
-8.72 3.03 -204.98 -0.92 -0.38 -0.08 
-2.03 -1.16 -205.67 -0.92 -0.29 0.06 
143.32 28.49 -183.32 -1.01 -0.31 0.26 
67.45 18.77 -183.45 -0.89 -0.45 -0.11 
53.45 9.07 -180.22 -0.95 -0.13 0.47 
37.06 8.52 -182.14 -0.82 0.00 0.58 
40.55 -4.97 -186.52 -0.65 0.17 0.57 
19.04 11.92 -184.56 -0.76 -0.08 0.75 
2.07 26.46 -178.73 -0.60 -0.03 0.84 
-24.74 14.82 -182.54 -0.73 -0.18 0.13 
-25.60 -10.35 -195.07 -0.77 -0.58 -0.49 
-2.30 -9.36 -204.21 -1.18 -0.28 0.15 
28.30 18.37 -198.39 -0.84 -0.50 -0.10 
56.46 20.49 -190.03 -1.01 -0.51 0.17 
71.71 29.25 -165.90 -1.06 -0.01 -0.58 
45.18 -7.02 -170.51 -0.80 0.14 0.28 
47.68 -3.80 -171.05 -0.68 0.05 0.61 
14.99 8.75 -181.26 -0.66 0.02 0.88 
4.26 22.84 -176.09 -0.71 0.01 0.82 
4.66 23.11 -171.74 -0.76 -0.05 0.50 
-22.98 17.90 -176.78 -0.95 -0.04 0.08 
-25.54 -2.86 -189.64 -0.88 -0.54 -0.53 
8.82 -0.07 -197.45 -0.98 -0.38 -0.10 
20.88 12.34 -199.20 -0.89 -0.51 -0.09 
30.59 16.75 -195.42 -0.86 -0.55 -0.05 
55.17 34.71 -189.05 -0.75 -0.66 -0.17 
64.69 15.61 -179.32 -0.60 -0.52 0.01 
57.20 -1.38 -172.17 -0.61 -0.04 0.20 
36.31 7.44 -171.80 -0.77 0.18 0.65 
29.51 5.13 -182.03 -0.63 0.04 0.80 
-35.18 39.42 -216.92 -0.77 -0.11 -0.30 
-3.53 4.18 -221.13 -0.99 -0.18 0.01 
13.05 1.80 -224.42 -0.94 -0.48 0.06 
26.39 9.77 -223.59 -0.92 -0.45 0.00 
50.22 18.27 -221.06 -1.00 -0.22 0.22 
70.55 26.13 -201.19 -0.88 -0.36 -0.36 
57.37 -1.47 -200.12 -0.73 -0.15 0.13 
42.63 3.63 -199.62 -0.84 0.21 0.48 
31.95 1.13 -206.90 -0.83 0.17 0.51 
20.26 9.40 -210.65 -0.66 -0.01 0.80 
16.53 15.97 -207.20 -0.74 0.09 0.65 
7.19 22.68 -205.42 -0.85 0.00 0.44 
3.65 19.17 -205.10 -0.98 -0.11 0.21 
-2.29 23.88 -202.76 -0.91 -0.26 0.07 
256.38 78.54 -158.49 -0.91 -0.43 0.10 
66.41 14.59 -150.75 -0.91 -0.25 -0.04 
71.99 4.98 -136.27 -0.92 0.10 0.07 
43.10 -3.14 -137.39 -0.74 0.27 0.50 
22.90 5.48 -148.68 -0.65 0.04 0.73 
23.51 15.81 -147.44 -0.76 -0.04 0.73 
10.56 20.58 -141.77 -0.65 0.00 0.78 
-3.69 17.81 -142.59 -0.94 -0.09 0.41 
-25.00 14.80 -152.98 -0.78 -0.29 0.00 
-5.60 -4.65 -159.10 -0.87 -0.64 -0.12 
1.94 -0.86 -159.56 -0.89 -0.40 -0.23 
24.84 10.57 -160.60 -0.92 -0.49 -0.01 
29.82 10.85 -158.02 -0.87 -0.54 -0.11 
61.38 24.41 -146.34 -0.87 -0.59 -0.01 
78.95 14.18 -133.97 -0.89 0.03 0.08 
38.46 -5.70 -139.52 -0.98 0.00 0.39 
33.57 -0.05 -149.45 -0.65 0.09 0.73 
26.38 7.44 -150.27 -0.68 -0.09 0.72 
-0.40 18.52 -151.32 -0.73 -0.10 0.94 
-25.81 6.41 -157.97 -0.74 -0.58 0.12 
-26.21 -9.41 -170.12 -0.42 -0.66 -0.53 
9.15 1.12 -165.37 -0.84 -0.57 -0.19 
23.50 -1.15 -164.52 -0.89 -0.42 0.05 
24.60 14.04 -167.16 -0.82 -0.51 0.06 
69.79 31.34 -162.36 -0.79 -0.67 0.12 
71.09 5.83 -137.51 -1.00 -0.29 -0.02 
23.41 4.86 -144.13 -0.78 -0.08 0.53 
32.02 7.18 -147.35 -0.75 0.23 0.54 
32.30 4.10 -154.32 -0.63 0.13 0.64 
23.70 12.21 -149.98 -0.71 0.06 0.62 
14.19 14.92 -148.75 -0.76 0.11 0.74 
-15.80 24.78 -150.86 -0.62 -0.14 0.55 
-31.43 15.56 -161.34 -0.87 -0.25 0.00 
-5.21 2.42 -162.26 -0.89 -0.36 0.00 
10.99 6.36 -162.47 -0.97 -0.28 0.03 
25.05 8.74 -161.68 -1.01 -0.32 0.16 
32.35 11.15 -161.49 -0.94 -0.43 0.11 
59.04 31.30 -166.64 -0.94 -0.31 0.17 
70.63 8.94 -156.45 -1.08 -0.37 -0.13 
55.22 3.03 -158.40 -0.84 -0.04 0.52 
34.65 -3.09 -166.83 -0.69 -0.08 0.74 
15.12 11.60 -169.13 -0.68 -0.10 0.71 
-70.58 21.40 -204.44 -0.79 -0.36 0.08 
7.65 6.14 -196.08 -0.98 -0.51 0.17 
6.33 3.88 -195.71 -0.95 -0.42 -0.11 
22.63 8.82 -196.97 -0.95 -0.34 -0.08 
35.43 12.33 -196.85 -0.90 -0.52 -0.13 
70.68 21.25 -181.77 -0.95 -0.48 0.20 
60.80 17.56 -173.12 -0.96 -0.03 0.10 
48.84 -14.66 -182.61 -0.85 -0.02 0.42 
33.77 1.58 -191.06 -0.57 0.14 0.82 
22.96 7.78 -195.36 -0.68 0.05 0.75 
21.19 13.52 -188.46 -0.68 0.13 0.79 
-16.69 23.72 -190.20 -0.76 -0.14 0.66 
1.51 20.55 -181.13 -0.85 -0.20 0.26 
-5.92 11.96 -181.01 -0.81 -0.03 -0.33 
-4.87 1.09 -182.89 -1.04 -0.18 0.22 
9.23 8.27 -184.73 -0.94 -0.18 0.12 
22.15 10.46 -186.07 -0.93 -0.34 0.08 
48.15 16.16 -180.40 -1.01 -0.34 0.21 
43.37 15.52 -190.37 -0.99 -0.18 0.30 
62.61 2.56 -193.82 -0.85 -0.05 0.30 
49.23 -0.83 -197.77 -0.81 0.06 0.58 
34.27 -0.21 -203.26 -0.66 0.15 0.80 
23.74 8.49 -202.69 -0.57 -0.13 0.86 
2.99 18.94 -198.00 -0.56 -0.20 0.95 
-71.24 -16.37 -225.70 -0.76 -0.17 0.02 
8.42 3.15 -231.91 -0.91 -0.28 -0.21 
19.41 11.86 -234.26 -0.92 -0.38 -0.15 
25.45 10.60 -235.75 -0.93 -0.40 -0.11 
53.08 19.16 -237.07 -0.93 -0.52 0.26 
71.20 23.11 -219.05 -0.85 -0.20 -0.13 
33.03 8.00 -224.93 -0.76 0.07 0.39 
33.93 1.77 -228.72 -0.72 0.07 0.65 
19.94 13.50 -232.70 -0.49 0.65 0.69 
30.37 12.55 -228.63 -0.68 0.32 0.69 
16.35 16.91 -221.66 -0.54 0.11 0.94 
-7.88 28.68 -219.21 -0.67 0.03 0.62 
-22.35 29.48 -219.82 -0.76 -0.04 -0.07 
40.95 13.50 -225.15 -0.96 -0.33 0.06 
25.09 13.11 -224.49 -0.89 -0.33 0.01 
33.62 13.67 -223.08 -0.92 -0.47 0.16 
35.45 29.06 -228.38 -0.86 -0.47 -0.44 
54.16 15.93 -228.83 -0.78 -0.54 -0.32 
71.26 0.89 -220.93 -0.80 -0.17 0.16 
43.76 9.53 -218.14 -0.69 0.00 0.59 
27.95 6.43 -222.97 -0.73 0.13 0.74 
23.55 11.20 -221.14 -0.82 0.01 0.70 
16.99 13.84 -220.64 -0.74 0.01 0.69 
-2.14 30.41 -215.55 -0.78 -0.13 0.40 
-1.05 15.98 -221.30 -0.90 -0.19 0.07 
-24.56 21.66 -232.06 -1.43 -0.16 0.09 
-6.75 3.78 -244.22 -0.73 -0.54 -0.55 
19.57 6.05 -247.35 -0.90 -0.44 -0.15 
19.79 11.34 -248.06 -0.83 -0.42 -0.18 
50.78 18.77 -243.68 -0.93 -0.49 0.00 
52.22 28.50 -244.69 -0.77 -0.70 -0.22 
70.60 11.42 -230.82 -0.66 -0.36 -0.12 
49.71 -5.90 -236.98 -0.45 -0.05 0.92 
35.78 7.10 -242.85 -0.75 0.04 0.70 
20.49 12.25 -246.72 -0.56 0.00 0.81 
15.10 14.18 -244.76 -0.62 0.08 0.81 
-5.67 19.61 -247.04 -0.79 -0.11 0.60 
4.41 19.68 -234.91 -0.81 -0.29 0.34 
-5.01 18.70 -228.88 -1.11 -0.04 -0.05 
-3.37 21.84 -228.22 -1.63 0.12 0.15 
0.06 3.20 -235.03 -0.95 -0.19 0.05 
23.37 9.94 -236.78 -0.95 -0.36 0.01 
27.79 14.10 -235.19 -0.90 -0.34 0.13 
46.00 14.07 -237.63 -0.95 -0.39 0.12 
70.37 8.21 -229.00 -0.88 -0.31 0.03 
59.20 11.32 -217.71 -1.00 -0.03 0.12 
32.55 0.21 -220.18 -0.75 0.23 0.48 
38.72 -2.76 -222.87 -0.75 0.12 0.64 
21.11 14.19 -221.71 -0.81 -0.09 0.54 
19.91 13.44 -218.20 -0.83 0.09 0.58 
2.06 25.93 -212.39 -0.89 0.06 0.44 
-9.81 20.17 -214.54 -0.97 0.08 0.24 
-22.84 16.68 -224.83 -0.95 -0.05 0.02 
-12.05 5.44 -231.71 -0.94 -0.28 -0.04 
15.17 1.19 -233.38 -0.92 -0.41 -0.17 
22.34 12.54 -234.16 -0.94 -0.35 -0.17 
35.20 10.84 -230.74 -0.98 -0.40 -0.07 
43.51 17.80 -233.92 -0.99 -0.43 -0.03 
61.34 13.25 -233.32 -0.83 -0.26 -0.12 
62.79 0.62 -221.22 -0.73 -0.27 0.27 
39.75 7.14 -221.22 -0.84 0.23 0.55 
36.93 -3.09 -227.12 -0.68 0.15 0.90 
21.13 11.78 -223.20 -0.80 0.09 0.63 
20.23 12.22 -220.60 -0.69 0.06 0.74 
9.39 26.08 -219.12 -0.82 0.00 0.66 
-14.77 27.12 -218.40 -0.82 -0.12 0.33 
0.94 10.04 -216.54 -0.98 -0.07 -0.07 
-5.88 12.15 -229.89 -0.98 -0.06 -0.11 
-6.02 9.49 -242.82 -0.87 -0.15 -0.22 
32.10 7.41 -243.81 -0.94 -0.34 -0.09 
28.13 8.81 -242.55 -0.97 -0.39 -0.02 
109.64 11.82 -280.48 -0.71 0.14 0.87 
20.13 13.78 -276.61 -0.79 0.08 0.76 
9.68 28.04 -271.53 -0.66 0.05 0.60 
3.72 22.98 -268.80 -0.89 -0.10 0.26 
-5.72 16.93 -276.30 -1.00 0.00 -0.06 
-3.10 24.04 -281.17 -0.92 -0.05 0.10 
1.52 0.27 -284.30 -0.96 -0.25 -0.11 
15.62 5.93 -288.91 -0.93 -0.35 0.04 
24.87 9.33 -288.30 -0.95 -0.30 -0.10 
33.29 12.71 -286.44 -0.94 -0.34 0.06 
71.15 12.86 -274.43 -1.00 -0.26 0.13 
47.80 19.72 -264.85 -1.15 0.56 3.41 
33.57 10.18 -268.56 -0.94 0.15 0.35 
38.89 0.62 -270.46 -0.82 0.06 0.41 
35.83 -2.41 -274.89 -0.68 0.00 0.56 
19.33 14.20 -272.88 -0.71 -0.01 0.71 
17.10 15.72 -269.74 -0.75 0.08 0.72 
2.00 24.29 -267.79 -0.79 -0.11 0.53 
-13.99 21.22 -267.78 -0.77 -0.09 0.19 
-9.89 12.88 -272.54 -0.94 -0.08 0.05 
-15.20 -4.45 -288.37 -0.87 -0.30 -0.44 
14.21 3.41 -291.56 -0.92 -0.45 -0.08 
27.59 15.08 -291.09 -0.88 -0.39 -0.10 
45.27 16.16 -286.53 -0.93 -0.42 -0.16 
49.39 17.85 -281.78 -0.84 -0.23 -0.14 
71.28 7.09 -254.73 -0.89 -0.33 -0.10 
47.36 -0.25 -254.03 -0.79 0.01 0.52 
31.56 -2.60 -263.15 -0.77 0.07 0.73 
18.25 12.74 -269.79 -0.61 -0.06 0.67 
21.99 11.29 -266.40 -0.79 -0.13 0.71 
-0.78 21.24 -263.55 -0.64 -0.17 0.80 
-15.90 16.24 -265.49 -0.72 -0.17 0.25 
-11.51 7.05 -269.19 -0.86 -0.26 0.00 
-17.35 30.40 -278.87 -1.43 -0.52 -0.34 
15.36 -3.02 -276.92 -0.81 -0.41 -0.19 
22.75 10.76 -279.88 -0.89 -0.49 -0.03 
28.57 13.01 -277.96 -0.89 -0.44 -0.05 
32.30 28.17 -279.95 -0.91 -0.84 -0.21 
71.08 10.36 -262.69 -0.77 -0.37 -0.19 
57.16 6.81 -250.63 -0.82 -0.11 0.24 
33.37 3.62 -250.09 -0.85 0.11 0.50 
40.15 -1.21 -249.73 -0.71 0.25 0.63 
27.87 15.72 -244.24 -0.72 0.20 0.70 
12.44 19.38 -243.37 -0.70 0.15 0.68 
6.38 27.28 -240.81 -0.91 -0.01 0.47 
3.24 20.91 -238.81 -0.96 -0.06 0.12 
4.69 22.73 -231.98 -0.95 -0.08 -0.03 
6.10 21.51 -250.74 -0.90 0.00 -0.06 
-10.17 -2.73 -263.87 -1.02 -0.15 -0.65 
10.71 5.39 -270.54 -0.91 -0.11 -0.10 
32.36 12.62 -268.94 -1.01 -0.30 0.00 
42.68 9.73 -271.92 -0.96 -0.47 0.19 
123.22 2.00 -265.46 -0.65 -0.22 0.65 
32.63 7.21 -271.13 -0.77 -0.04 0.70 
26.81 79.35 -250.48 -0.79 -0.02 0.61 
2.01 5.12 -250.04 -0.84 -0.04 0.57 
0.63 19.88 -247.75 -0.97 0.00 0.25 
-0.19 14.27 -248.08 -0.96 -0.11 0.17 
-4.63 9.39 -253.98 -1.01 -0.06 -0.03 
-6.79 8.49 -259.36 -0.98 -0.15 -0.09 
-6.19 4.85 -263.67 -0.90 -0.38 -0.10 
46.23 17.27 -257.55 -0.92 -0.37 0.06 
107.27 10.11 -243.31 -0.90 -0.12 0.12 
107.27 10.11 -243.31 -0.90 -0.12 0.12 
40.51 3.08 -241.58 -0.82 0.13 0.39 
21.65 2.27 -240.52 -0.82 0.19 0.34 
22.51 3.93 -244.55 -0.73 0.17 0.63 
10.69 39.56 -249.02 -0.65 0.10 0.77 
10.69 39.56 -249.02 -0.65 0.10 0.77 
-12.96 29.69 -251.80 -0.90 -0.18 0.22 
-3.94 13.96 -251.62 -0.92 -0.22 0.05 
-4.67 14.30 -262.45 -1.08 -0.17 0.22 
65.26 18.09 -260.49 -0.92 -0.36 -0.09 
172.06 4.62 -224.80 -0.84 0.02 0.21 
31.96 -0.85 -227.86 -0.86 0.26 0.36 
32.64 -0.69 -230.66 -0.76 0.19 0.52 
22.86 5.05 -236.14 -0.71 0.14 0.78 
21.78 10.77 -235.16 -0.76 0.11 0.70 
15.44 16.06 -233.94 -0.76 0.02 0.67 
4.60 27.17 -227.96 -0.74 0.08 0.51 
-10.84 19.05 -234.17 -0.95 -0.03 0.15 
-16.82 4.34 -254.17 -0.53 -0.55 0.40 
-0.26 -3.81 -257.72 -0.78 -0.66 -0.41 
11.69 -1.82 -259.90 -0.82 -0.42 -0.15 
20.83 12.18 -257.12 -0.92 -0.36 -0.09 
31.83 9.83 -256.28 -0.90 -0.47 -0.08 
47.42 19.59 -253.25 -0.91 -0.60 -0.02 
52.06 16.52 -248.40 -0.74 -0.55 0.01 
60.90 8.07 -236.75 -0.89 0.11 0.18 
42.92 5.33 -230.38 -0.91 0.14 0.33 
30.60 2.63 -231.75 -0.81 0.09 0.52 
25.60 6.53 -232.85 -0.71 0.04 0.78 
11.81 17.24 -233.61 -0.87 -0.07 0.59 
-0.03 17.69 -229.94 -0.82 -0.07 0.41 
-8.06 19.66 -230.39 -0.82 -0.13 0.14 
-12.33 4.18 -239.99 -0.63 -0.33 0.14 
-4.20 7.23 -251.35 -0.80 -0.51 -0.39 
18.30 11.36 -253.60 -0.79 -0.29 -0.39 
23.47 8.48 -255.27 -0.78 -0.55 -0.40 
35.64 17.11 -249.49 -0.68 -0.54 -0.20 
70.24 21.20 -232.54 -0.80 -0.68 -0.39 
47.35 5.23 -228.68 -0.83 -0.57 0.12 
46.27 2.43 -217.91 -0.76 -0.34 0.28 
29.68 21.49 -210.87 -0.99 0.20 0.32 
36.68 3.36 -212.38 -1.00 0.21 0.22 
29.28 0.02 -217.19 -0.68 -0.09 0.99 
10.97 24.83 -210.77 -0.67 0.03 0.71 
6.63 29.93 -210.26 -0.83 0.15 0.21 
-2.37 15.26 -230.37 -1.09 -0.03 0.10 
6.15 17.58 -242.81 -0.75 -0.59 -1.52 
5.52 5.55 -244.21 -0.76 -0.38 -0.45 
26.87 7.32 -241.29 -0.83 -0.17 -0.43 
23.58 11.83 -239.44 -0.78 -0.44 -0.41 
26.27 11.60 -235.70 -0.76 -0.40 -0.45 
24.61 11.58 -233.77 -0.74 -0.41 -0.45 
121.18 3.58 -156.37 0.98 -0.11 0.63 
79.74 25.96 -172.66 0.91 -0.15 0.41 
21.54 3.58 -172.60 0.92 -0.11 0.46 
100.24 30.03 -167.34 0.90 -0.08 0.50 
22.87 5.64 -167.12 0.91 -0.10 0.46 
23.51 5.32 -165.40 0.92 -0.08 0.48 
23.10 6.59 -164.53 0.91 -0.07 0.50 
26.01 17.67 -12.93 -0.12 -0.84 0.14 
3.43 0.06 0.11 -0.34 -0.79 0.05 
14.60 -0.95 7.26 -0.70 -0.55 -0.15 
17.33 9.94 5.64 -0.75 -0.58 -0.17 
23.57 12.12 6.85 -0.75 -0.58 -0.24 
48.41 16.83 11.43 -0.84 -0.61 -0.10 
62.05 9.17 21.12 -0.86 -0.59 0.07 
59.21 5.71 24.67 -0.91 -0.07 0.41 
44.14 6.95 20.23 -0.80 -0.01 0.68 
36.04 6.43 12.25 -0.66 0.12 0.68 
19.28 13.20 13.58 -0.60 -0.13 0.73 
12.39 19.90 18.38 -0.72 -0.03 0.71 
4.38 22.20 28.27 -0.78 0.14 0.42 
-6.53 18.42 27.66 -1.05 -0.09 0.15 
-21.38 6.09 26.74 -1.03 -0.20 0.19 
-15.26 7.17 23.06 -1.03 -0.13 0.25 
32.75 9.95 25.60 -0.94 -0.34 0.06 
47.93 18.80 28.28 -1.07 -0.32 0.20 
67.03 2.91 25.13 -0.91 0.00 0.08 
63.14 -7.75 21.06 -0.79 -0.06 0.39 
44.13 4.26 19.18 -0.78 0.08 0.64 
35.67 0.43 10.85 -0.54 0.15 0.71 
13.86 13.24 7.11 -0.60 0.01 0.82 
14.64 16.25 9.87 -0.69 0.14 0.82 
-5.87 26.82 7.04 -0.73 -0.02 0.58 
-5.97 17.99 13.76 -0.84 -0.24 0.17 
-19.28 12.56 3.00 -0.95 -0.17 -0.11 
-12.28 -7.61 -8.00 -0.76 -0.39 -0.33 
17.44 12.09 -10.95 -1.05 -0.51 -0.03 
30.64 9.59 -9.49 -0.90 -0.42 -0.03 
48.66 21.83 -8.68 -0.97 -0.58 0.03 
70.85 9.17 1.92 -0.93 -0.38 0.08 
40.57 4.93 -1.82 -0.86 -0.05 0.52 
39.20 4.31 -5.66 -0.66 0.13 0.60 
32.75 -1.83 -13.90 -0.66 0.08 0.71 
19.56 17.65 -6.67 -0.71 -0.09 0.75 
-11.16 18.73 -6.31 -0.76 -0.03 0.46 
-16.83 13.44 -12.76 -0.95 -0.30 0.07 
-23.71 -1.38 -29.53 -0.87 -0.55 -0.38 
2.44 1.84 -33.67 -0.84 -0.41 -0.15 
26.64 11.05 -37.69 -0.90 -0.62 -0.16 
44.73 7.49 -32.57 -1.02 -0.68 0.00 
50.93 18.51 -30.89 -0.93 -0.43 0.06 
71.04 6.21 -21.44 -0.90 -0.45 0.17 
51.25 2.85 -19.15 -0.74 0.22 0.45 
34.07 1.55 -23.72 -0.51 0.42 0.87 
16.25 12.91 -21.37 -0.66 0.02 0.83 
8.44 23.46 -13.96 -0.71 -0.05 0.57 
1.09 21.42 -9.42 -0.95 -0.18 0.33 
-19.10 13.49 -15.32 -1.04 -0.38 0.42 
-5.74 12.40 -19.92 -0.96 -0.35 -0.05 
0.26 6.73 -23.37 -0.80 -0.40 -0.15 
19.46 9.36 -23.88 -1.00 -0.44 0.10 
32.91 9.65 -20.92 -0.89 -0.57 0.05 
66.72 15.69 -13.41 -0.87 -0.47 0.09 
55.54 16.60 -12.43 -0.83 -0.41 0.07 
67.11 6.88 -5.33 -0.80 0.01 0.35 
34.20 5.64 -9.15 -0.74 0.18 0.56 
36.68 0.01 -11.94 -0.72 0.18 0.57 
13.00 15.46 -15.60 -0.62 -0.10 0.74 
13.42 15.55 -14.73 -0.75 -0.05 0.72 
7.84 17.12 -7.31 -0.81 -0.11 0.56 
-12.36 17.06 -11.11 -0.97 -0.15 0.22 
-15.02 3.94 -13.45 -0.96 -0.47 0.00 
-10.76 -6.27 -16.36 -0.81 -0.52 -0.05 
7.36 2.02 -18.82 -0.89 -0.44 0.02 
25.63 11.03 -18.13 -0.90 -0.53 0.02 
50.72 15.69 -14.72 -0.89 -0.44 0.08 
59.83 11.20 -10.34 -1.01 -0.14 0.21 
61.84 19.49 -8.16 -0.79 -0.69 0.33 
50.98 7.45 -4.08 -0.82 0.15 1.62 
45.04 3.91 6.49 -0.70 0.08 0.50 
9.42 9.85 -3.22 -0.55 0.68 0.83 
11.21 20.27 -5.24 -0.57 0.33 0.74 
-1.08 30.12 -6.64 -0.85 0.02 0.52 
-15.72 20.58 -8.55 -0.86 -0.06 0.15 
-9.57 3.94 -21.58 -0.99 -0.25 -0.20 
-15.44 -1.67 -35.89 -0.93 -0.49 -0.03 
22.80 9.43 -35.28 -0.97 -0.47 0.06 
35.85 10.16 -30.90 -0.94 -0.50 0.04 
57.50 21.09 -27.71 -0.91 -0.43 -0.05 
71.12 8.71 -16.43 -0.80 -0.22 0.14 
37.92 2.65 -23.88 -0.90 0.00 0.50 
33.79 8.98 -22.77 -0.92 0.08 0.52 
32.97 5.01 -25.95 -0.65 0.22 0.50 
16.86 10.80 -30.83 -0.51 0.11 0.86 
4.29 26.94 -28.63 -0.84 -0.09 0.59 
-12.86 26.91 -26.24 -0.85 -0.06 0.25 
-12.86 16.36 -28.24 -1.07 -0.07 -0.07 
-12.33 2.93 -39.35 -0.77 -0.24 -0.32 
0.87 3.66 -47.18 -1.01 -0.56 0.00 
23.27 9.97 -46.97 -0.93 -0.44 -0.06 
58.96 17.36 -40.37 -0.91 -0.56 0.24 
86.87 6.07 -25.85 -0.93 0.04 -0.02 
43.35 1.93 -30.15 -0.85 0.08 0.40 
38.29 4.50 -30.43 -0.89 -0.08 0.33 
40.01 0.50 -27.50 -0.59 0.24 0.86 
24.18 12.80 -24.40 -0.67 0.13 0.69 
3.56 26.39 -24.18 -0.59 0.13 0.81 
-11.47 18.18 -22.81 -0.90 -0.32 0.20 
-24.07 14.76 -33.62 -0.88 -0.22 -0.02 
-9.94 -8.27 -37.14 -0.92 -0.43 -0.15 
13.68 2.94 -34.89 -1.05 -0.41 0.18 
26.46 12.47 -34.36 -0.91 -0.28 -0.03 
50.58 15.52 -31.41 -0.97 -0.44 0.20 
72.14 15.95 -22.27 -0.89 0.02 0.01 
49.72 -6.39 -23.95 -0.79 0.34 0.27 
34.39 1.25 -25.31 -0.86 0.12 0.32 
33.92 -8.71 -33.50 -0.28 0.30 1.18 
25.42 11.85 -35.06 -0.67 0.13 0.84 
0.99 22.77 -37.83 -0.62 -0.13 0.79 
-8.96 21.18 -32.75 -0.77 -0.28 0.42 
-5.70 15.97 -33.20 -1.07 -0.29 -0.02 
-15.88 -1.21 -35.28 -0.84 -0.41 -0.12 
-15.81 -0.11 -50.86 -0.85 -0.33 0.10 
33.41 11.70 -47.55 -0.98 -0.31 0.40 
59.26 22.65 -42.11 -0.96 -0.37 0.36 
64.23 9.77 -35.41 -1.03 -0.13 0.16 
45.10 0.17 -35.41 -0.93 -0.04 0.29 
41.50 -2.75 -40.61 -0.66 0.17 0.60 
-4.67 13.60 -32.52 -0.89 -0.30 -0.20 
13.26 -8.47 -33.11 -0.83 -0.30 -0.20 
-13.17 5.77 -43.56 -0.71 -0.36 -0.20 
16.04 14.15 -47.74 -1.01 -0.27 0.26 
34.52 8.38 -45.56 -0.92 -0.53 0.09 
66.12 19.50 -34.38 -1.01 -0.37 0.17 
66.08 9.70 -24.95 -0.97 0.20 0.06 
45.77 1.97 -29.98 -0.87 0.18 0.16 
34.15 -2.35 -43.83 -0.50 0.06 0.88 
15.61 17.55 -37.08 -0.78 -0.13 0.65 
-28.24 21.65 -39.51 -0.85 -0.42 0.17 
-23.26 7.15 -48.06 -0.79 -0.33 -0.29 
3.51 -2.18 -53.09 -0.96 -0.38 -0.03 
19.47 3.93 -54.06 -0.98 -0.42 0.11 
30.64 10.90 -52.53 -0.88 -0.43 -0.11 
69.19 12.30 -38.65 -0.85 -0.51 -0.03 
60.80 14.37 -34.17 -0.90 -0.37 0.21 
58.72 11.79 -27.05 -1.04 0.06 0.31 
33.24 -0.23 -38.95 -0.71 0.19 0.54 
23.96 8.45 -44.20 -0.51 -0.01 0.97 
-22.40 26.51 -47.29 -0.68 -0.23 0.48 
-32.13 -9.47 -56.54 -0.91 -0.60 0.03 
-3.51 -4.61 -61.16 -0.93 -0.38 0.03 
34.86 10.88 -56.00 -1.04 -0.49 0.55 
65.23 27.37 -52.38 -0.97 -0.30 0.29 
58.59 9.70 -59.42 -0.57 -0.61 0.10 
49.06 3.59 -61.97 -0.77 -0.50 0.29 
40.04 10.70 -59.63 -0.78 -0.06 0.55 
25.75 12.89 -69.65 -0.74 0.06 0.79 
-0.64 23.92 -72.46 -0.71 -0.16 0.70 
-18.58 19.59 -66.35 -0.66 -0.38 0.13 
-8.68 1.29 -70.74 -0.88 -0.40 -0.15 
7.37 -11.22 -70.50 -0.96 -0.40 0.10 
12.11 3.90 -72.80 -0.99 -0.34 0.43 
50.59 20.74 -65.14 -1.04 -0.41 0.31 
71.57 8.55 -54.82 -1.03 0.08 -0.03 
43.31 0.44 -65.57 -0.85 0.21 0.33 
40.47 -10.23 -80.14 -0.50 0.00 0.72 
-3.08 22.95 -79.31 -0.60 -0.37 0.70 
9.53 14.95 -111.05 -0.96 -0.39 0.14 
23.73 11.84 -112.07 -0.86 -0.74 -0.08 
44.36 14.33 -105.82 -0.93 -0.57 0.20 
59.11 14.05 -100.79 -0.96 -0.34 0.16 
59.19 3.20 -98.21 -0.79 0.13 0.18 
40.59 -0.37 -111.02 -0.84 0.15 0.43 
51.70 -16.04 -118.89 -0.74 0.03 0.51 
5.92 19.48 -118.72 -0.53 -0.04 0.74 
-26.26 33.28 -125.25 -0.65 -0.31 0.55 
-27.63 10.93 -131.75 -1.03 -0.32 -0.14 
-7.35 -2.51 -134.15 -0.95 -0.24 -0.03 
20.70 7.00 -137.22 -1.00 -0.57 0.14 
44.22 17.63 -134.99 -0.90 -0.47 0.16 
66.30 10.39 -134.29 -1.01 -0.03 0.24 
45.43 7.53 -129.15 -1.04 0.05 0.15 
51.02 -2.15 -134.39 -0.70 0.08 0.52 
14.95 7.90 -145.04 -0.53 -0.03 1.00 
-83.05 60.45 -181.66 -1.16 -0.23 -0.09 
1.44 -6.03 -185.17 -0.74 -0.37 -0.21 
29.38 13.92 -183.27 -1.02 -0.35 0.08 
26.93 9.41 -182.16 -0.89 -0.50 -0.05 
70.27 25.01 -172.88 -0.81 -0.60 -0.03 
52.40 12.85 -177.01 -1.04 -0.10 0.40 
56.87 -9.70 -171.50 -0.94 0.16 0.38 
38.63 2.99 -167.97 -0.73 0.27 0.66 
71.94 -20.10 -170.90 -0.34 0.33 0.95 
27.96 14.14 -162.10 -0.52 0.24 0.65 
3.29 28.07 -163.04 -0.64 -0.10 0.63 
4.72 29.16 -153.42 -0.93 0.01 0.27 
1.00 25.01 -146.45 -0.86 0.12 0.13 
-15.12 11.62 -154.70 -1.05 0.15 -0.02 
-24.57 8.11 -167.66 -0.86 -0.10 -0.35 
35.46 9.90 -166.79 -0.95 -0.28 0.12 
39.62 10.42 -168.34 -0.97 -0.22 0.26 
45.85 14.12 -174.73 -0.95 -0.06 0.21 
99.79 14.36 -169.43 -0.77 -0.33 0.13 
49.61 6.21 -168.19 -0.91 0.01 0.51 
36.02 -3.02 -174.53 -0.56 0.09 0.81 
16.32 18.45 -172.91 -0.67 0.01 0.83 
-17.47 22.12 -175.49 -0.88 -0.16 0.41 
-15.87 17.31 -177.12 -0.94 -0.25 -0.01 
13.45 10.32 -177.52 -0.85 -0.36 -0.13 
6.89 2.46 -181.24 -0.99 -0.44 -0.12 
25.04 9.77 -180.57 -0.94 -0.41 -0.21 
43.85 13.85 -179.16 -0.94 -0.52 0.00 
124.75 -14.65 -187.19 -0.79 0.16 0.39 
33.94 -2.76 -201.27 -0.62 -0.15 0.73 
18.13 12.37 -201.19 -0.61 -0.12 0.80 
1.10 36.29 -194.80 -0.73 0.00 0.60 
-9.55 19.81 -196.45 -0.99 -0.05 0.20 
-11.82 4.79 -198.04 -0.92 -0.21 0.19 
-14.74 4.39 -202.24 -0.91 -0.14 0.03 
7.17 2.15 -201.09 -0.86 -0.51 0.00 
25.99 10.45 -200.04 -0.86 -0.38 0.08 
72.69 17.24 -194.92 -0.95 -0.34 0.15 
70.90 15.76 -188.94 -0.87 -0.34 0.22 
46.69 -19.67 -195.39 -0.83 0.28 0.52 
30.89 2.24 -202.52 -0.64 0.13 0.69 
35.73 9.88 -203.39 -0.57 0.19 0.91 
19.82 13.87 -201.35 -0.64 0.19 0.83 
12.55 23.66 -194.46 -0.76 0.00 0.64 
7.57 25.77 -189.80 -0.89 0.23 0.30 
-2.07 18.17 -189.00 -0.91 -0.10 0.17 
-4.15 14.90 -190.43 -1.04 0.24 -0.01 
0.74 9.41 -196.35 -0.84 0.02 0.07 
20.36 7.77 -199.03 -0.96 0.00 0.05 
38.46 11.19 -201.68 -0.94 -0.14 0.20 
47.29 11.56 -200.45 -0.98 -0.20 0.13 
66.06 8.05 -198.16 -0.98 -0.07 0.14 
50.82 -6.51 -198.65 -0.92 0.29 0.37 
31.25 -3.87 -205.01 -0.79 0.00 0.47 
34.77 2.74 -207.71 -0.63 0.21 0.93 
20.65 12.28 -204.91 -0.64 0.03 0.80 
5.12 26.48 -199.88 -0.65 -0.07 0.81 
1.11 25.97 -192.71 -0.84 -0.06 0.25 
-6.97 14.86 -193.66 -0.98 0.01 0.15 
-4.73 0.25 -195.61 -0.96 -0.17 0.00 
-2.75 5.04 -201.19 -0.92 -0.28 -0.09 
20.15 10.74 -201.37 -1.03 -0.16 0.17 
31.90 9.04 -198.88 -0.93 -0.33 -0.05 
40.20 14.13 -196.63 -1.03 -0.30 0.06 
54.79 6.75 -194.89 -0.95 -0.24 0.16 
55.54 11.67 -189.58 -0.78 -0.34 0.33 
50.82 -4.25 -195.93 -0.89 0.16 0.46 
27.47 13.77 -206.40 -0.73 0.10 0.72 
27.91 3.13 -213.36 -0.59 -0.02 0.86 
22.30 11.77 -210.24 -0.76 -0.02 0.75 
11.28 19.67 -207.64 -0.70 -0.12 0.72 
1.46 20.00 -200.72 -0.92 0.04 0.32 
-31.25 25.05 -213.78 -1.23 -0.32 0.14 
-14.42 -2.61 -212.54 -0.88 -0.51 0.11 
0.21 3.33 -212.36 -0.84 -0.55 -0.02 
-160.48 -38.30 -244.70 -0.84 0.10 0.39 
36.91 5.08 -247.57 -0.86 0.02 0.57 
35.53 1.50 -249.80 -0.79 0.08 0.64 
28.80 11.49 -248.09 -0.75 0.11 0.65 
15.07 15.09 -248.08 -0.75 0.11 0.73 
7.01 25.76 -246.58 -0.86 -0.09 0.48 
5.66 17.57 -242.58 -0.91 -0.15 0.18 
-0.14 12.95 -246.26 -0.96 -0.12 0.11 
-10.77 3.78 -254.93 -0.67 -0.45 0.04 
3.67 7.76 -257.71 -0.85 -0.36 -0.17 
12.96 5.28 -259.03 -0.90 -0.29 -0.14 
20.81 11.18 -260.56 -0.97 -0.29 0.00 
32.59 11.13 -256.07 -0.93 -0.37 -0.07 
43.16 14.84 -251.33 -0.95 -0.47 0.00 
81.83 15.96 -238.78 -0.84 -0.39 -0.09 
46.16 2.82 -238.45 -0.99 0.01 0.33 
34.44 0.40 -236.96 -0.93 -0.15 0.28 
41.33 1.69 -238.36 -0.73 0.29 0.49 
17.32 5.09 -250.75 -0.57 -0.15 0.93 
17.96 11.87 -248.99 -0.76 -0.09 0.78 
5.34 20.23 -244.69 -0.65 -0.23 0.72 
-1.82 19.09 -241.87 -0.89 -0.26 0.24 
-0.55 17.44 -240.33 -0.92 -0.20 0.07 
-3.76 10.12 -248.56 -0.84 -0.30 -0.06 
-2.06 1.15 -261.20 -0.70 -0.40 -0.51 
5.56 6.41 -266.44 -0.59 -0.47 -0.39 
27.38 18.58 -266.59 -1.12 -0.23 -0.13 
37.78 8.87 -261.76 -0.91 -0.41 -0.06 
70.50 13.99 -248.78 -0.89 -0.36 -0.07 
48.05 4.37 -249.41 -0.83 -0.33 0.19 
41.11 7.08 -246.84 -0.81 -0.21 0.40 
52.93 14.26 -246.03 -0.79 0.00 0.46 
37.84 -6.54 -250.81 -0.87 0.29 0.57 
18.53 12.91 -252.87 -0.57 -0.06 0.83 
21.59 19.01 -248.40 -0.79 0.05 0.65 
4.16 19.15 -248.47 -0.80 0.00 0.50 
-5.63 23.02 -252.70 -0.99 -0.29 0.26 
-23.46 -9.69 -262.18 -0.94 -0.63 -0.08 
0.97 1.01 -257.63 -0.92 -0.49 0.00 
7.98 4.95 -256.64 -0.87 -0.31 -0.10 
17.59 13.19 -256.97 -0.98 -0.16 0.05 
27.32 12.45 -256.11 -0.92 -0.33 -0.04 
44.66 21.22 -254.95 -0.90 -0.32 0.06 
71.09 8.77 -237.08 -1.05 -0.31 -0.29 
52.15 6.21 -245.55 -0.90 0.09 0.50 
33.07 0.52 -252.74 -0.62 0.18 0.57 
32.55 2.23 -259.07 -0.54 0.10 0.99 
20.45 11.47 -254.67 -0.68 0.05 0.78 
12.75 20.55 -251.50 -0.69 -0.02 0.76 
1.37 22.26 -254.03 -0.84 -0.14 0.70 
-25.51 15.75 -257.46 -0.70 -0.53 0.13 
-2.42 13.56 -251.16 -0.88 -0.42 0.09 
1.81 1.83 -248.65 -0.87 -0.24 -0.07 
14.13 4.04 -249.61 -0.90 -0.35 0.09 
24.77 13.58 -251.23 -0.94 -0.43 0.01 
47.46 17.09 -252.33 -0.89 -0.55 0.03 
70.59 25.42 -236.25 -0.87 -0.32 -0.13 
49.81 0.85 -235.00 -0.98 0.17 0.27 
36.52 1.86 -235.60 -0.92 0.10 0.35 
57.09 27.22 -228.30 -0.69 0.10 0.67 
4.23 26.00 -230.62 -0.79 0.02 0.71 
0.01 21.94 -226.01 -1.00 -0.20 0.28 
-1.47 16.11 -223.35 -1.08 -0.02 0.03 
-4.84 9.35 -225.11 -0.91 -0.23 -0.01 
-3.60 1.05 -227.85 -0.93 -0.25 0.03 
1.67 9.27 -233.31 -1.00 -0.29 0.04 
25.82 9.43 -232.73 -0.98 -0.30 0.10 
27.55 19.70 -239.76 -0.96 -0.26 0.14 
47.47 18.63 -243.73 -0.87 -0.46 0.02 
68.47 17.55 -244.33 -0.93 -0.52 0.09 
59.27 4.16 -240.19 -0.84 -0.16 0.47 
46.74 -7.47 -238.91 -0.61 0.17 0.85 
19.22 11.11 -238.69 -0.63 0.04 0.77 
4.46 25.13 -238.18 -0.64 0.00 0.90 
-1.44 13.68 -232.62 -0.96 -0.20 0.01 
-4.39 15.80 -234.86 -1.01 -0.22 -0.03 
9.33 3.24 -233.01 -0.96 -0.36 0.09 
22.05 12.13 -234.08 -0.95 -0.26 0.06 
32.37 14.77 -236.49 -0.96 -0.20 0.13 
52.69 15.49 -236.22 -0.87 -0.31 0.12 
50.06 7.14 -237.62 -0.86 -0.11 0.08 
59.06 5.07 -229.92 -1.02 -0.20 0.29 
34.96 1.20 -234.09 -0.78 0.07 0.56 
36.97 -0.96 -240.88 -0.68 0.16 0.85 
23.40 10.66 -237.84 -0.70 0.07 0.72 
8.93 24.20 -234.60 -0.70 0.01 0.66 
4.28 26.37 -232.25 -0.87 0.00 0.35 
-3.40 18.37 -230.91 -0.93 -0.20 0.10 
-2.33 14.32 -234.47 -0.99 -0.04 0.10 
2.24 19.79 -238.37 -0.84 -0.12 0.07 
13.72 -0.33 -235.62 -0.85 -0.31 0.01 
24.98 11.41 -237.72 -0.96 -0.38 0.06 
60.84 21.56 -233.02 -0.96 -0.42 0.04 
52.32 14.74 -224.09 -0.89 -0.27 0.03 
52.98 3.48 -213.19 -1.01 0.00 0.09 
47.84 -1.17 -207.43 -0.92 0.12 0.32 
51.61 -5.03 -210.97 -0.79 0.25 0.49 
22.68 7.12 -215.55 -0.53 0.21 0.88 
14.21 18.67 -211.20 -0.71 0.20 0.87 
0.11 23.76 -210.99 -0.86 -0.06 0.36 
-3.13 17.26 -210.78 -0.94 -0.20 0.22 
-11.84 12.00 -206.25 -1.04 -0.24 0.06 
-11.38 -1.59 -212.63 -0.95 -0.27 0.12 
8.18 0.92 -215.26 -0.95 -0.33 0.09 
23.32 13.18 -218.29 -0.98 -0.46 0.01 
38.27 16.07 -216.92 -0.90 -0.35 0.20 
40.72 14.28 -222.72 -0.84 -0.47 0.13 
45.13 14.98 -223.98 -0.78 -0.34 0.34 
60.70 -1.27 -221.58 -0.80 -0.10 0.25 
45.64 9.82 -224.46 -0.66 0.25 0.73 
27.90 5.86 -229.54 -0.62 0.35 0.67 
12.84 7.15 -240.62 -0.54 0.40 0.90 
2.54 22.18 -243.02 -0.62 0.19 0.83 
-56.80 85.30 -257.20 -0.81 -0.42 0.03 
-0.41 8.61 -263.51 -0.87 -0.53 -0.14 
10.94 10.32 -258.70 -0.79 -0.52 -0.45 
28.32 14.37 -256.18 -0.88 -0.27 -0.35 
27.74 11.87 -252.03 -0.75 -0.34 -0.51 
22.63 14.12 -254.25 -0.83 -0.29 -0.52 
71.46 29.43 -321.71 0.72 -0.15 0.46 
25.39 -0.95 326.87 0.89 -0.15 0.57 
22.71 4.40 -326.50 0.91 -0.19 0.56 
27.12 7.48 -323.22 0.92 -0.11 0.56 
18.65 10.99 -318.36 0.86 -0.10 0.51 
4.57 15.77 -310.28 0.98 -0.47 0.81 
7.48 16.58 -281.36 0.66 -0.81 0.62 
4.55 10.72 -245.45 0.27 -0.87 0.47 
-0.93 4.59 -217.79 -0.30 -0.74 0.15 
2.75 -2.06 -198.67 -0.67 -0.51 0.05 
3.45 3.62 -199.17 -0.90 -0.23 0.14 
39.56 11.47 -197.00 -0.93 -0.40 0.06 
51.70 13.51 -195.09 -1.00 -0.34 0.10 
62.41 5.85 -189.89 -0.90 -0.07 0.11 
70.34 7.54 -190.22 -0.79 -0.13 0.60 
73.75 2.07 -192.35 -0.66 0.16 0.79 
22.22 23.48 -186.70 -0.67 0.10 0.81 
0.23 23.37 -182.55 -0.77 0.01 0.50 
-2.71 22.22 -182.39 -0.94 -0.11 0.26 
-0.47 15.32 -171.86 -0.91 -0.02 0.07 
-12.61 -9.21 -177.80 -0.84 -0.14 -0.60 
6.60 4.95 -176.60 -0.97 -0.11 0.09 
25.98 13.77 -177.03 -1.01 -0.30 0.18 
38.30 14.98 -173.00 -0.93 -0.30 0.09 
63.44 12.24 -166.19 -1.03 -0.16 -0.04 
60.04 -5.98 -159.94 -1.01 0.30 -0.06 
38.00 -3.76 -159.87 -0.63 0.00 1.72 
35.40 -0.76 -167.79 -0.70 0.20 0.63 
24.80 3.96 -174.46 -0.59 0.01 0.86 
20.23 14.32 -168.98 -0.71 0.05 0.81 
-7.49 23.75 -167.75 -0.72 -0.09 0.56 
-10.34 17.56 -168.26 -0.95 0.03 0.13 
-22.75 8.91 -173.17 -0.83 -0.33 0.03 
-7.33 4.90 -172.30 -0.77 -0.37 -0.03 
53.26 6.56 -161.53 -1.02 0.27 0.74 
35.23 10.57 -159.44 -0.95 -0.18 0.17 
37.63 18.67 -159.13 -0.95 -0.27 0.19 
54.70 11.88 -159.91 -0.85 -0.23 0.16 
65.38 13.52 -157.13 -0.91 -0.39 0.15 
42.07 -5.22 -156.17 -0.75 0.24 0.61 
23.01 7.70 -165.24 -0.65 0.14 0.77 
29.49 1.91 -172.01 -0.54 -0.02 0.88 
14.30 17.39 -167.54 -0.69 0.00 0.82 
2.83 22.11 -159.76 -0.84 -0.08 0.51 
-7.94 18.19 -154.44 -0.91 -0.03 0.21 
-19.82 12.06 -162.35 -1.06 -0.21 -0.03 
-19.37 -8.99 -168.34 -0.84 -0.57 -0.04 
19.26 13.62 -168.39 -0.96 -0.02 0.45 
33.22 13.92 -165.15 -0.94 -0.42 0.16 
52.15 21.74 -155.78 -0.93 -0.32 -0.13 
64.75 4.41 -159.14 -0.96 0.00 0.08 
54.96 5.70 -158.99 -0.86 0.03 0.29 
36.17 3.44 -161.89 -0.85 0.09 0.50 
44.83 -4.90 -164.14 -0.70 0.13 0.70 
24.70 13.23 -161.74 -0.68 0.00 0.72 
1.32 26.29 -156.77 -0.61 -0.08 0.73 
3.07 19.03 -150.27 -0.88 0.06 0.38 
2.11 21.55 -139.74 -0.91 0.00 0.28 
-7.73 10.74 -140.79 -1.07 -0.04 0.07 
-12.51 16.67 -146.03 -0.86 -0.08 -0.24 
18.37 3.73 -142.68 -1.03 0.04 0.59 
53.54 13.67 -146.47 -1.01 -0.12 0.31 
65.98 9.44 -139.43 -0.90 -0.07 0.24 
44.58 10.02 -139.21 -0.83 0.23 0.33 
40.27 -2.34 -144.86 -0.91 0.33 0.28 
44.73 -7.89 -147.40 -0.70 0.09 0.69 
22.08 5.28 -158.59 -0.57 0.31 0.85 
11.10 21.69 -153.02 -0.55 0.09 0.94 
6.23 34.59 -145.69 -0.86 0.10 0.44 
-5.17 19.30 -150.78 -0.99 0.16 0.07 
-11.61 3.86 -151.43 -1.04 -0.20 0.11 
-9.26 4.68 -156.08 -0.88 -0.20 0.08 
11.13 8.28 -159.76 -0.97 -0.30 0.41 
37.66 17.72 -158.22 -0.95 -0.34 0.28 
65.40 18.80 -154.83 -0.88 -0.26 0.05 
57.10 11.46 -152.09 -0.99 -0.15 0.09 
52.39 -9.38 -160.39 -0.84 0.14 0.32 
32.46 -1.80 -169.66 -0.73 0.30 0.77 
19.26 14.22 -167.01 -0.71 0.00 0.83 
-11.88 34.38 -165.10 -0.69 0.01 0.57 
-22.62 23.57 -180.42 -0.89 -0.25 -0.15 
-6.87 -1.72 -191.30 -1.01 -0.39 -0.26 
0.44 -9.04 -197.28 -0.83 -0.50 -0.42 
14.87 -2.55 -197.27 -1.01 -0.31 0.14 
26.78 13.13 -196.84 -0.92 -0.36 0.02 
53.73 17.38 -189.58 -1.00 -0.31 0.09 
70.99 5.18 -177.76 -0.86 -0.15 0.03 
52.94 3.04 -176.35 -0.89 0.12 0.19 
38.27 -6.59 -178.09 -0.71 0.31 0.54 
37.95 -3.84 -174.97 -0.60 0.21 0.75 
16.79 16.39 -173.55 -0.55 0.40 0.74 
5.51 26.53 -170.87 -0.61 0.34 0.68 
4.18 17.26 -169.18 -0.95 0.32 0.47 
-2.78 17.81 -164.96 -0.90 0.06 0.44 
-0.74 15.84 -157.97 -0.92 0.01 0.23 
-1.07 5.77 -151.69 -0.94 -0.16 0.40 
24.60 15.45 -153.47 -0.90 0.21 0.52 
53.74 10.72 -151.22 -0.86 0.03 0.39 
47.24 6.22 -154.36 -0.91 0.29 0.38 
46.84 5.18 -156.78 -0.85 0.39 0.80 
56.03 -4.37 -151.09 -0.83 0.23 0.34 
33.80 -4.89 -159.19 -0.62 0.41 0.53 
41.01 -6.88 -165.79 -0.67 0.38 0.84 
21.75 11.38 -167.28 -0.63 0.23 0.72 
-30.76 60.11 -169.06 -0.87 0.09 0.11 
3.38 12.32 -163.33 -0.87 0.03 0.10 
-17.19 7.90 -169.58 -0.95 -0.02 -0.04 
10.84 11.29 -167.50 -0.98 -0.10 0.42 
25.05 11.40 -168.87 -1.01 -0.04 0.20 
34.37 17.29 -172.51 -1.00 -0.04 0.22 
50.43 15.44 -173.00 -0.88 -0.12 -0.06 
60.12 15.74 -165.99 -0.99 -0.19 0.04 
62.25 -12.79 -157.72 -0.94 0.06 0.04 
25.95 79.58 -136.92 -0.65 -0.02 0.86 
-6.80 24.12 -130.19 -0.83 0.06 0.30 
-9.48 14.65 -129.66 -1.09 -0.03 0.00 
0.36 21.44 -124.68 -1.04 -0.23 0.21 
-4.13 9.93 -126.95 -1.05 0.02 0.21 
28.81 10.60 -121.85 -0.99 0.00 0.25 
30.10 13.09 -121.50 -0.97 -0.21 0.17 
50.00 22.27 -126.88 -0.98 -0.20 0.29 
47.15 17.23 -128.32 -0.90 -0.24 0.02 
56.68 0.13 -130.96 -0.85 -0.04 0.26 
59.96 1.11 -126.93 -0.88 0.16 0.40 
37.87 4.24 -128.60 -0.71 -0.04 0.70 
22.25 8.93 -129.54 -0.77 0.12 0.69 
10.21 21.80 -128.64 -0.80 0.04 0.82 
-0.04 30.09 -122.33 -0.91 -0.16 0.33 
-13.79 19.93 -121.56 -0.78 -0.02 0.01 
-12.96 9.60 -128.54 -1.05 -0.08 0.04 
-5.36 5.72 -129.83 -0.95 -0.27 -0.03 
32.35 9.00 -125.04 -1.01 -0.04 0.34 
25.89 12.51 -123.49 -0.96 -0.18 0.17 
34.22 14.80 -124.97 -0.96 -0.24 0.22 
64.02 16.63 -115.31 -1.02 -0.04 0.12 
63.37 -0.78 -110.61 -0.95 0.24 0.24 
39.29 -1.04 -115.61 -0.82 0.13 0.32 
37.87 -6.67 -121.94 -0.64 0.15 0.77 
23.20 7.97 -126.84 -0.56 0.27 0.85 
14.46 18.87 -120.40 -0.62 0.00 0.79 
6.76 27.56 -120.23 -0.86 0.08 0.52 
-16.34 23.52 -129.22 -1.02 -0.10 0.12 
179.67 58.86 -126.88 -0.98 -0.19 0.23 
44.17 18.79 -127.21 -0.87 -0.26 0.15 
43.71 12.82 -134.55 -0.93 -0.33 0.16 
88.88 -3.20 -123.53 -0.81 -0.14 0.24 
38.15 0.92 -123.23 -0.83 0.13 0.51 
159.72 82.82 -132.23 -0.90 -0.28 0.00 
151.47 34.02 -118.87 -0.87 -0.44 -0.13 
59.51 7.11 -109.25 -0.85 -0.28 0.18 
42.74 1.48 -105.23 -0.76 0.15 0.43 
43.30 -10.79 -111.34 -0.73 0.12 0.70 
31.66 5.95 -110.97 -0.60 0.04 0.84 
16.19 18.58 -112.63 -0.51 0.23 1.01 
2.43 30.78 -117.00 -0.74 0.05 0.53 
2.85 26.31 -115.44 -0.90 -0.13 0.19 
0.57 18.34 -122.29 -0.91 -0.10 -0.07 
1.28 8.89 -131.69 -0.71 -0.15 -0.78 
17.54 13.22 -131.67 -0.99 -0.17 -0.08 
19.16 13.31 -135.13 -0.88 -0.39 -0.40 
28.35 6.44 -134.22 -0.83 -0.40 -0.41 
49.01 10.25 -132.38 -0.83 -0.53 0.00 
70.35 10.60 -124.76 -0.89 -0.44 0.15 
47.43 -10.89 -136.93 -0.75 0.28 0.65 
41.63 -1.82 -138.08 -0.64 0.11 0.63 
23.54 8.55 -140.44 -0.41 0.27 0.95 
13.17 18.69 -138.45 -0.54 0.28 1.01 
1.24 52.28 -117.23 -1.05 -0.18 0.11 
-3.14 10.35 -128.13 -1.01 -0.18 -0.02 
4.19 2.31 -135.29 -0.81 -0.50 -0.45 
21.63 12.42 -137.04 -0.90 -0.33 -0.19 
29.71 9.72 -135.86 -0.83 -0.50 -0.26 
59.39 11.02 -131.24 -0.97 -0.46 -0.06 
57.00 5.70 -132.02 -0.86 -0.22 0.12 
55.08 0.24 -135.68 -0.63 -0.44 0.43 
55.56 5.50 -123.86 -0.58 0.16 0.78 
36.37 -0.10 -123.23 -0.53 0.39 0.84 
22.69 12.12 -120.30 -0.49 0.29 0.85 
4.43 23.65 -124.80 -0.62 0.23 0.91 
-32.31 38.82 -126.90 -0.89 -0.23 0.17 
-0.07 15.99 -122.62 -0.89 -0.47 0.00 
3.22 11.41 -121.92 -0.91 -0.34 -0.14 
14.47 5.35 -123.43 -0.83 -0.41 -0.27 
24.63 8.64 -123.88 -0.89 -0.30 -0.16 
26.31 9.25 -127.59 -0.86 -0.45 -0.20 
47.49 10.15 -127.52 -0.91 -0.55 0.11 
54.87 20.15 -125.51 -0.87 -0.60 0.00 
46.15 -3.26 -133.33 -0.79 -0.29 0.44 
50.41 0.46 -127.58 -0.71 0.06 0.68 
35.93 0.57 -127.00 -0.65 0.46 0.74 
22.36 4.61 -133.51 -0.47 0.22 0.75 
16.24 15.06 -130.67 -0.48 0.25 0.82 
3.62 29.75 -132.15 -0.64 0.11 0.82 
-7.89 27.21 -133.84 -0.88 -0.06 0.44 
-6.27 18.12 -136.00 -0.86 -0.24 0.10 
-5.96 10.29 -149.93 -0.74 -0.21 -0.16 
4.34 18.02 -152.50 -0.83 -0.67 0.00 
17.58 -3.98 -151.51 -0.92 -0.34 -0.09 
21.40 11.33 -154.32 -0.87 -0.45 -0.11 
46.36 10.68 -151.58 -0.90 -0.61 -0.08 
56.18 17.10 -143.65 -0.88 -0.41 0.08 
70.34 10.90 -127.65 -0.82 -0.57 0.04 
22.46 0.38 -136.05 -0.79 0.24 0.51 
33.39 3.16 -135.45 -0.77 0.06 0.66 
46.81 -2.92 -129.84 -0.51 0.25 0.91 
24.47 14.06 -128.26 -0.58 0.28 0.87 
2.39 39.70 -126.41 -0.92 -0.14 0.68 
-8.83 23.00 -134.06 -0.96 -0.29 0.12 
-2.28 10.91 -144.52 -1.00 -0.24 -0.10 
-0.49 -6.20 -156.10 -0.72 -0.60 -0.33 
8.20 3.54 -158.24 -0.82 -0.48 -0.36 
19.31 4.40 -158.64 -0.85 -0.31 -0.20 
26.99 12.47 -157.91 -0.87 -0.50 -0.21 
36.69 12.63 -158.08 -0.82 -0.43 -0.15 
32.35 15.78 -157.61 -0.76 -0.56 -0.08 
54.76 8.08 -151.08 -0.74 -0.52 -0.27 
60.08 2.33 -144.60 -0.75 -0.52 0.29 
56.95 -8.27 -141.18 -0.50 0.06 0.74 
26.61 7.60 -144.78 -0.41 0.28 1.01 
19.75 12.45 -142.47 -0.44 0.26 0.98 
7.70 27.54 -135.80 -0.59 0.02 0.81 
-5.57 25.08 -134.18 -0.77 -0.16 0.61 
-3.69 20.01 -129.68 -0.91 -0.24 0.18 
-4.53 20.24 -131.12 -1.11 -0.33 0.15 
0.13 11.49 -132.82 -0.86 -0.45 -0.20 
14.09 3.61 -129.42 -0.88 -0.36 -0.08 
20.67 12.14 -129.82 -0.94 -0.30 -0.09 
28.54 11.86 -130.83 -0.90 -0.30 -0.04 
38.44 15.18 -129.31 -0.93 -0.36 0.05 
52.86 16.54 -129.39 -0.86 -0.53 -0.10 
-71.67 87.37 -131.73 -0.89 -0.35 0.03 
-3.40 8.59 -132.69 -0.89 -0.34 -0.07 
5.94 5.60 -133.56 -0.89 -0.33 -0.13 
6.61 10.46 -137.40 -0.79 -0.33 -0.31 
15.82 11.75 -140.07 -0.97 -0.24 -0.10 
27.81 9.03 -137.09 -0.86 -0.35 -0.27 
34.70 10.26 -136.11 -0.93 -0.39 -0.10 
48.10 10.38 -137.80 -0.86 -0.39 -0.01 
36.19 13.61 -147.27 -0.83 -0.52 0.21 
48.35 6.76 -151.21 -0.75 -0.67 0.37 
64.58 -9.41 -157.48 -0.56 -0.08 0.73 
31.70 7.39 -165.32 -0.53 0.42 0.94 
20.98 9.76 -167.51 -0.36 0.19 0.93 
6.81 22.20 -163.29 -0.37 0.18 1.05 
-12.92 26.15 -162.91 -0.75 -0.03 0.55 
-5.28 17.05 -161.75 -0.80 -0.26 0.33 
-8.87 13.66 -163.21 -1.00 -0.35 0.03 
4.42 9.67 -161.76 -0.90 -0.44 -0.13 
5.17 8.67 -161.90 -0.88 -0.42 -0.83 
16.57 5.98 -165.18 -0.99 -0.05 -0.14 
26.44 9.97 -164.61 -0.90 -0.20 -0.14 
25.92 12.98 -167.18 -0.98 -0.40 -0.11 
47.47 8.83 -167.70 -0.88 -0.38 -0.14 
53.01 13.99 -172.07 -0.87 -0.48 0.18 
52.40 3.61 -179.48 -0.65 -0.39 0.48 
67.05 -4.23 -171.10 -0.55 0.22 0.80 
47.02 3.01 -172.48 -0.33 0.29 0.90 
18.16 15.17 -167.88 -0.42 0.30 0.95 
4.78 24.92 -162.71 -0.44 0.23 0.74 
-4.17 25.71 -161.12 -0.76 -0.05 0.53 
-16.99 21.61 -171.04 -0.80 -0.37 0.24 
-3.43 14.97 -180.10 -0.80 -0.59 -0.22 
16.52 1.26 -174.46 -0.56 -0.79 -0.70 
15.35 1.40 -171.81 -0.85 -0.31 -0.24 
36.00 11.29 -171.61 -0.86 -0.47 -0.14 
2.62 4.27 -171.53 -0.86 -0.43 -0.14 
113.29 52.82 -172.19 -0.45 0.25 0.92 
4.41 21.37 -170.19 -0.57 0.08 0.88 
-3.27 26.69 -162.80 -0.79 -0.14 0.58 
-6.82 18.38 -167.91 -0.89 -0.15 0.23 
2.15 14.05 -168.36 -0.90 -0.51 0.06 
2.66 7.97 -170.00 -0.88 -0.42 -0.24 
5.08 10.17 -175.07 -0.83 -0.41 -0.20 
24.02 7.05 -173.83 -0.88 -0.43 -0.21 
23.68 10.43 -174.00 -0.83 -0.42 -0.19 
31.91 14.48 -171.81 -0.85 -0.51 -0.21 
35.92 8.79 -173.82 -0.81 -0.45 -0.17 
58.10 6.56 -167.90 -0.83 -0.44 0.20 
44.46 5.12 -173.17 -0.74 -0.37 0.49 
47.43 -2.59 -179.85 -0.67 -0.04 0.66 
51.94 -1.47 -172.87 -0.34 0.09 0.99 
20.63 7.93 -176.36 -0.40 0.21 0.96 
15.18 16.93 -172.91 -0.45 0.19 0.97 
-0.96 29.28 -165.77 -0.59 0.14 0.82 
-0.05 20.69 -163.78 -0.77 -0.06 0.52 
-0.55 15.86 -161.88 -0.84 -0.29 0.28 
1.59 13.91 -160.63 -0.91 -0.45 0.12 
-7.71 13.79 -163.39 -0.79 -0.65 0.24 
0.51 5.46 -167.72 -0.65 -0.44 -0.63 
14.93 3.65 -167.62 -0.91 -0.36 -0.21 
21.81 13.67 -169.57 -0.85 -0.46 -0.09 
40.62 12.89 -169.30 -0.82 -0.50 -0.13 
60.28 6.97 -159.20 -0.86 -0.45 0.08 
55.93 1.10 -156.49 -0.84 0.09 0.43 
39.51 -1.14 -159.42 -0.80 0.14 0.59 
41.73 -1.80 -155.96 -0.60 0.38 0.78 
29.52 1.08 -157.43 -0.48 0.50 0.75 
25.49 5.44 -161.60 -0.36 0.39 0.85 
17.76 13.86 -162.39 -0.36 0.46 0.89 
-3.34 28.73 -159.96 -0.70 0.18 0.75 
1.87 33.63 -157.75 -0.85 0.08 0.50 
7.19 27.00 -153.54 -0.97 0.00 0.12 
5.05 13.36 -160.43 -1.00 -0.04 -0.05 
-7.84 11.38 -183.14 -0.87 -0.13 -0.08 
11.48 6.10 -186.59 -0.92 -0.36 -0.21 
25.35 8.49 -185.89 -0.87 -0.38 -0.22 
28.29 12.89 -186.06 -0.86 -0.51 -0.13 
49.10 11.63 -190.35 -0.91 -0.47 -0.11 
46.77 9.96 -189.74 -0.75 -0.53 0.01 
64.49 3.35 -187.31 -0.69 -0.66 0.39 
58.68 -0.52 -183.29 -0.53 -0.25 1.38 
49.68 0.32 -189.67 -0.47 0.63 0.82 
18.61 7.52 -198.32 -0.40 0.30 0.88 
15.90 14.45 -196.31 -0.46 0.28 0.93 
4.89 32.85 -186.35 -0.61 0.27 0.80 
6.44 24.66 -185.87 -0.74 0.20 0.60 
6.93 26.97 -181.10 -0.83 0.00 0.30 
5.47 15.74 -181.93 -0.90 -0.09 0.23 
6.57 14.42 -190.83 -1.04 -0.09 0.04 
-1.92 15.01 -199.48 -0.86 -0.32 -0.09 
4.06 6.69 -202.68 -0.80 -0.40 -0.27 
21.10 10.30 -203.51 -0.91 -0.32 -0.21 
31.95 8.47 -205.09 -0.87 -0.40 -0.26 
71.56 4.78 -196.65 -0.85 -0.38 0.00 
52.93 0.83 -194.88 -0.90 -0.19 0.17 
56.55 5.34 -188.44 -0.85 0.00 0.40 
43.58 -4.17 -193.56 -0.63 0.03 0.81 
46.21 -9.86 -193.56 -0.31 0.32 1.05 
22.74 14.19 -188.92 -0.37 0.28 0.90 
-3.26 28.19 -184.82 -0.55 0.20 0.81 
3.34 24.31 -180.31 -0.81 -0.09 0.62 
5.54 20.92 -175.27 -0.95 0.05 0.36 
8.80 11.89 -173.74 -0.98 -0.12 0.20 
0.92 15.57 -177.35 -0.92 -0.14 -0.03 
-7.32 -0.59 -180.58 -0.83 -0.37 0.00 
11.51 11.27 -182.29 -0.92 -0.31 0.08 
31.80 12.91 -181.85 -0.91 -0.39 -0.07 
47.29 15.64 -178.65 -0.85 -0.50 0.26 
53.84 7.66 -177.64 -0.92 -0.38 0.23 
61.83 3.95 -178.20 -0.78 -0.33 0.42 
57.85 4.95 -172.91 -0.73 -0.23 0.58 
54.14 -6.24 -171.71 -0.49 0.31 0.84 
31.83 3.62 -176.41 -0.38 0.35 0.85 
20.08 19.27 -172.57 -0.47 0.37 0.89 
-2.65 26.41 -166.39 -0.62 0.16 0.80 
-3.14 28.35 -166.59 -0.83 -0.05 0.51 
-5.75 19.96 -168.34 -0.93 -0.28 0.17 
-11.20 9.10 -174.87 -0.99 -0.28 -0.12 
7.28 16.76 -175.75 -0.80 -0.36 -0.48 
14.91 6.55 -176.42 -0.86 -0.47 -0.19 
18.25 11.51 -179.17 -0.93 -0.38 -0.13 
32.98 10.35 -176.54 -0.83 -0.47 -0.15 
35.23 13.92 -180.55 -0.82 -0.50 -0.18 
37.99 9.76 -184.43 -0.77 -0.63 0.01 
45.91 13.81 -182.86 -0.76 -0.69 0.09 
47.46 -6.13 -181.79 -0.63 -0.52 0.51 
58.84 -2.29 -177.08 -0.58 -0.01 0.76 
36.64 1.63 -180.89 -0.45 0.25 0.91 
31.54 4.03 -187.57 -0.47 0.42 0.78 
25.00 18.35 -181.82 -0.36 0.18 1.00 
4.50 29.56 -169.21 -0.48 0.14 0.79 
-2.85 19.35 -163.79 -0.76 -0.03 0.61 
-5.85 21.17 -161.74 -0.89 -0.20 0.47 
-2.42 14.37 -160.51 -0.94 -0.42 0.27 
-2.82 15.00 -162.98 -0.88 -0.32 0.12 
-1.94 10.44 -164.79 -0.81 -0.40 -0.16 
22.21 5.50 -161.38 -0.82 -0.41 -0.05 
31.42 9.96 -162.07 -0.89 -0.36 -0.08 
50.77 15.15 -159.90 -0.90 -0.52 -0.01 
39.82 8.45 -164.00 -0.85 -0.46 0.15 
38.38 6.96 -168.58 -0.76 -0.63 0.31 
43.37 4.06 -165.76 -0.79 -0.29 0.53 
60.27 -0.05 -155.57 -0.77 0.08 0.58 
38.12 -4.38 -154.43 -0.44 0.35 0.74 
27.78 16.42 -165.59 -0.45 0.40 0.73 
23.70 9.81 -164.16 -0.49 0.44 0.72 
10.20 33.19 -161.19 -0.63 0.26 0.81 
3.33 20.77 -155.63 -0.74 0.14 0.54 
-3.33 19.93 -158.56 -0.94 0.06 0.42 
6.28 15.32 -161.67 -0.91 -0.19 0.19 
0.49 11.64 -162.65 -0.88 -0.35 -0.08 
21.08 6.33 -156.33 -0.91 -0.37 0.01 
3.79 9.46 -161.91 -0.86 -0.31 -0.24 
27.38 15.01 -164.27 -0.97 -0.24 -0.10 
31.50 18.58 -162.75 -0.79 -0.37 -0.19 
27.84 16.33 -159.85 -0.85 -0.36 -0.32 
25.14 12.13 -158.03 -0.84 -0.39 -0.31 
