3.69 4.20 -208.06 -0.44 -0.01 0.90 
37.57 -4.02 64.29 -0.05 -0.47 0.58 
-3.13 1.40 63.81 -0.05 -0.82 0.84 
-7.41 16.53 80.21 -0.25 -0.88 0.65 
-4.96 4.29 109.35 -0.45 -0.52 0.02 
1.04 4.59 107.67 -0.74 -0.45 0.08 
1.24 6.17 109.30 -0.81 -0.66 0.12 
-0.72 -1.17 114.66 -1.11 -0.72 0.34 
26.67 25.84 137.55 -0.99 -0.40 0.17 
25.36 22.77 129.57 -0.74 -0.24 -0.10 
2.67 25.52 117.16 0.38 -0.45 -1.55 
4.20 5.22 119.33 -0.59 -0.35 -0.74 
1.70 1.82 123.24 -0.60 -0.45 -0.71 
-3.07 -4.66 135.71 -0.48 -0.31 -0.64 
-14.81 -5.45 138.76 -0.66 -0.05 -0.11 
-22.93 -1.08 129.39 -0.86 -0.02 0.08 
17.94 3.01 135.74 -1.00 -0.50 -0.07 
1.85 4.74 140.09 -0.99 -0.41 0.13 
17.82 9.88 160.71 -1.19 -0.57 0.35 
27.03 17.00 170.02 -0.84 -0.19 0.00 
18.65 21.01 167.44 -0.63 -0.31 -0.20 
20.52 22.12 163.98 -0.47 -0.21 -1.35 
-1.10 7.83 163.02 -0.36 -0.42 -0.93 
4.22 -1.29 166.71 -0.53 -0.41 -0.74 
-1.01 -3.69 171.13 -0.55 -0.42 -0.66 
-8.24 -10.38 177.24 -0.55 -0.35 -0.60 
-7.82 -7.76 187.55 -0.65 -0.01 -0.08 
-16.03 5.14 181.47 -0.87 0.05 0.07 
85.85 96.46 139.47 -0.77 -0.23 -0.02 
5.51 20.84 135.39 -0.67 -0.34 -0.21 
-0.91 19.25 127.80 -0.50 -0.51 -0.46 
4.40 5.98 128.80 -0.49 -0.54 -0.77 
1.35 -2.92 133.40 -0.46 -0.50 -0.74 
-9.18 -8.03 142.35 -0.56 -0.37 -0.66 
-20.32 -5.86 142.81 -0.68 -0.10 -0.41 
-20.05 -0.68 142.25 -0.89 -0.24 -0.21 
-14.12 -3.20 145.19 -0.91 -0.17 -0.01 
-22.37 -2.57 129.58 -1.17 -0.27 0.11 
-6.69 -4.54 122.02 -0.89 -0.86 0.38 
-4.51 -1.54 122.63 -0.84 -0.62 -0.10 
1.27 -0.10 125.00 -1.09 -0.60 0.16 
19.60 15.70 141.02 -1.00 -0.54 0.19 
18.24 14.98 143.44 -0.86 -0.30 0.06 
4.67 25.75 135.23 -0.58 -0.35 -0.24 
13.36 21.15 130.20 -0.57 -0.43 -1.47 
-5.84 1.86 124.49 -0.12 -0.70 -0.71 
-1.73 -5.78 130.47 -0.23 -0.66 -0.80 
-0.57 -12.93 144.64 -0.32 -0.52 -0.65 
-14.04 -15.00 151.39 -0.60 -0.22 -0.26 
-10.03 -5.16 153.69 -0.87 -0.22 0.00 
3.47 -3.20 149.79 -1.06 -0.05 0.27 
88.33 89.83 191.35 -0.80 -0.36 -0.11 
15.21 19.38 188.19 -0.61 -0.29 -0.29 
11.44 26.41 181.63 -0.42 -0.38 -0.05 
7.73 15.10 184.25 -0.23 -0.44 -0.88 
2.49 -3.63 188.65 -0.28 -0.53 -0.82 
-2.68 -9.12 197.39 -0.37 -0.55 -0.74 
0.40 -16.78 214.20 -0.53 -0.25 -0.56 
-14.05 -1.31 219.37 -0.78 -0.09 -0.10 
96.07 128.38 240.72 -0.63 -0.19 -0.24 
9.72 14.69 238.61 -0.65 -0.23 -0.41 
12.78 38.58 231.20 -0.30 -0.41 -0.39 
4.39 3.46 232.17 -0.25 -0.50 -1.01 
3.98 -9.90 234.11 -0.27 -0.50 -0.93 
-5.96 -19.85 240.97 -0.57 -0.48 -0.58 
-1.37 -15.14 263.77 -0.69 -0.19 -0.04 
-5.04 5.70 268.24 -0.91 -0.06 0.12 
-9.56 22.17 255.22 -1.09 0.19 -0.19 
-6.94 2.83 233.14 -1.10 -0.70 0.00 
-1.32 0.15 235.39 -0.86 -0.62 0.23 
-0.47 7.41 233.29 -0.84 -0.61 0.02 
24.84 14.23 252.94 -1.14 -0.42 0.41 
5.87 20.76 267.27 -1.06 -0.30 -0.13 
16.57 12.50 273.04 -0.86 -0.02 -0.26 
18.84 15.25 264.17 -0.59 -0.09 -0.34 
3.62 11.41 250.84 -0.24 -0.66 -0.42 
-1.64 1.23 250.06 -0.46 -0.56 -0.65 
0.58 -7.68 256.31 -0.62 -0.70 -0.41 
-13.85 -3.13 266.87 -0.57 -0.21 -0.37 
-7.30 -2.53 271.96 -0.75 -0.15 -0.18 
3.25 -6.68 272.67 -1.25 -0.11 0.12 
9.58 -2.28 268.51 -1.05 -0.17 0.19 
-5.72 2.38 261.27 -0.95 -0.45 0.03 
0.72 5.95 260.48 -0.81 -0.46 0.12 
30.56 26.61 298.92 -1.14 -0.69 0.14 
35.46 37.70 296.35 -0.60 -0.23 -0.35 
15.16 18.04 301.48 -0.74 -0.35 -0.52 
-10.52 14.66 291.74 -0.35 -0.43 -0.22 
-3.89 1.52 298.64 -0.31 -0.51 -0.84 
-6.97 -8.86 309.23 -0.31 -0.40 0.23 
3.87 -35.65 256.72 -1.34 0.00 0.02 
2.91 5.27 248.24 -1.01 -0.45 0.02 
88.78 109.61 256.61 -0.69 -0.22 -0.23 
2.70 35.84 258.90 -0.25 -0.60 -0.06 
-12.17 -2.24 257.21 -0.44 -0.53 -0.63 
-8.53 -10.09 266.79 -0.54 -0.51 -0.67 
-7.90 -14.56 271.77 -0.75 -0.17 -0.32 
-5.39 -6.84 270.46 -0.88 -0.11 0.04 
12.74 8.75 270.25 -1.03 0.01 0.33 
2.42 -0.52 261.30 -1.13 -0.40 0.18 
4.02 6.83 266.03 -0.91 -0.40 0.11 
15.04 10.55 281.06 -1.17 -0.29 0.21 
13.05 13.18 294.20 -1.18 -0.22 0.00 
7.90 24.28 300.99 -0.80 -0.09 -0.25 
23.08 22.04 294.45 -0.61 -0.11 -0.54 
11.99 11.51 286.24 -0.20 -0.37 -0.22 
3.10 0.85 289.41 -0.46 -0.38 -0.77 
-6.33 -8.00 298.32 -0.37 -0.46 -0.80 
-11.04 -11.57 307.26 -0.44 -0.03 -0.44 
-7.25 -4.67 310.70 -0.86 0.00 -0.28 
-5.51 -0.51 309.56 -1.16 0.26 -0.13 
-2.37 -9.14 299.10 -1.24 -0.08 0.15 
-13.94 -2.26 293.91 -1.14 -0.22 0.38 
-16.24 3.29 297.33 -0.97 -0.30 0.22 
-4.27 5.56 306.31 -1.09 -0.20 0.18 
2.99 13.30 318.27 -1.13 -0.18 0.02 
-7.58 23.08 310.63 -0.82 -0.29 -0.20 
7.03 19.98 304.32 -0.54 -0.34 -0.46 
11.60 17.19 300.12 -0.32 -0.52 -0.40 
-9.49 12.45 294.31 -0.33 -0.50 -0.96 
-5.58 -0.20 295.12 -0.25 -0.47 -0.77 
-3.71 -16.80 295.96 -0.31 -0.50 -0.67 
-9.55 -18.04 297.94 -0.72 -0.49 -0.22 
-6.63 -7.98 301.30 -0.86 -0.50 -0.18 
4.72 -10.02 317.46 -1.00 -0.05 0.08 
-10.58 0.73 320.21 -0.98 0.01 0.34 
-10.75 6.61 316.06 -0.97 -0.16 0.42 
-1.00 5.44 319.78 -0.92 -0.26 0.31 
4.19 8.26 326.43 -1.07 -0.15 0.34 
12.30 16.74 -320.69 -1.18 -0.07 0.23 
23.61 49.90 311.02 -0.65 -0.21 -0.57 
26.23 1.63 310.67 -0.08 -0.37 -0.51 
-3.87 7.47 303.81 -0.19 -0.57 -0.94 
10.91 22.73 291.10 -1.04 -0.24 0.24 
2.87 6.57 292.76 -0.93 -0.22 0.09 
9.77 8.57 296.25 -1.09 -0.12 0.29 
13.04 16.73 305.02 -1.13 -0.05 0.12 
6.55 18.73 304.75 -0.97 -0.03 -0.17 
-5.39 27.34 302.32 -0.69 -0.26 -0.58 
18.65 14.10 302.85 -0.42 -0.09 -0.72 
10.51 15.09 296.22 -0.09 -0.36 -0.54 
8.86 1.35 301.37 -0.22 -0.35 -0.93 
-2.36 -1.96 305.03 -0.25 -0.35 -0.88 
0.61 -11.70 311.97 -0.38 -0.30 -0.72 
-7.94 -26.31 311.60 -0.64 -0.23 -0.47 
-1.34 -6.39 323.41 -0.86 -0.05 0.08 
-4.06 5.39 325.84 -1.02 0.08 0.09 
5.13 -1.53 321.30 -1.00 0.16 0.17 
-0.06 4.98 315.65 -1.13 -0.12 0.27 
4.14 5.47 317.88 -1.00 -0.14 0.16 
22.39 40.10 322.64 -0.95 -0.01 -0.22 
10.57 15.93 322.14 -0.87 -0.01 -0.28 
13.97 21.16 319.61 -0.57 -0.17 -0.48 
16.32 15.18 306.44 -0.39 -0.43 -0.60 
6.49 18.43 309.39 -0.17 -0.39 -1.28 
0.62 0.70 310.85 -0.19 -0.49 -0.81 
12.51 -8.11 324.31 -0.15 -0.74 -0.86 
4.69 -15.30 -320.50 -0.35 -0.36 -0.76 
-9.53 -12.48 -313.73 -0.63 -0.40 -0.41 
-13.12 -6.28 -309.86 -0.70 -0.12 -0.29 
-2.59 0.44 -307.82 -1.18 0.29 0.13 
8.50 -2.76 -298.88 -1.04 0.09 0.20 
-4.75 2.12 -311.72 -1.16 -0.07 0.28 
7.65 5.07 -306.49 -1.01 -0.17 0.22 
4.20 10.17 -303.12 -1.05 -0.11 0.25 
7.13 14.21 -297.71 -1.01 -0.05 0.08 
13.01 15.42 -290.20 -1.04 0.03 0.00 
11.17 39.51 -300.00 -0.71 -0.14 -0.60 
8.51 18.30 -299.82 -0.46 -0.16 -0.71 
21.93 25.79 -290.64 -0.02 -0.34 -0.86 
5.21 3.24 -288.79 -0.03 -0.38 -0.97 
-0.54 -2.08 -285.76 -0.03 -0.33 -0.97 
13.12 -15.86 -270.60 -0.13 -0.10 -0.93 
-3.76 -12.86 -267.22 -0.52 -0.33 -0.79 
-8.93 -5.40 -263.04 -0.80 -0.09 -0.38 
3.81 -0.49 -253.68 -0.84 0.26 -0.23 
-0.39 -5.87 -258.20 -1.09 0.12 0.03 
-5.24 -2.68 -266.67 -0.99 -0.10 0.22 
-0.74 2.14 -270.78 -1.09 -0.23 0.36 
3.45 7.79 -267.45 -0.95 -0.17 0.25 
6.34 8.41 -261.83 -1.06 -0.10 0.26 
8.45 13.04 -256.51 -0.98 -0.04 0.20 
10.66 16.10 -255.48 -1.01 -0.04 0.10 
6.14 19.95 -256.28 -0.93 -0.07 -0.18 
16.19 22.15 -255.80 -0.72 -0.01 -0.50 
22.19 17.02 -262.85 -0.56 -0.30 -0.59 
17.66 18.52 -262.53 -0.15 -0.43 -0.74 
-2.54 5.14 -264.42 0.06 -0.50 -0.85 
0.33 -5.49 -259.49 0.02 -0.60 -1.01 
2.49 -15.29 -249.92 -0.24 -0.32 -0.81 
-1.42 -12.67 -241.40 -0.48 -0.33 -0.63 
-8.12 -9.43 -233.72 -0.73 -0.24 -0.40 
5.82 -1.92 -220.92 -1.03 0.24 -0.10 
-7.35 -3.30 -224.42 -1.01 0.20 0.16 
-4.38 5.98 -234.10 -1.01 0.07 0.24 
1.30 3.57 -234.41 -1.08 -0.07 0.26 
1.95 8.21 -232.69 -1.03 -0.02 0.26 
11.28 18.22 -224.81 -1.04 0.00 0.16 
6.23 15.90 -226.26 -0.93 -0.04 -0.06 
4.78 22.81 -229.90 -0.82 -0.23 -0.30 
5.86 22.58 -231.18 -0.66 -0.19 -0.59 
7.99 18.26 -238.74 -0.45 -0.40 -0.65 
8.19 -4.50 -235.13 0.14 -0.43 -1.02 
6.67 -6.63 -230.00 0.05 -0.46 -0.99 
2.13 -15.05 -223.35 -0.15 -0.27 -0.88 
-0.80 -3.42 -218.61 -0.39 -0.23 -0.42 
2.20 -8.90 -206.71 -0.82 -0.05 -0.37 
2.95 -6.02 -203.00 -0.99 -0.05 -0.20 
4.39 -7.42 -199.95 -1.00 0.07 0.09 
-1.19 -4.06 -204.36 -0.95 -0.01 0.12 
-3.56 2.82 -209.55 -1.09 -0.06 0.40 
4.81 8.84 -206.81 -1.02 -0.11 0.32 
6.79 10.39 -202.71 -0.95 -0.03 0.28 
8.90 13.58 -199.68 -1.06 -0.15 0.23 
5.60 17.34 -198.92 -0.96 -0.04 0.02 
2.98 25.06 -204.32 -0.81 -0.14 -0.34 
5.98 21.38 -203.90 -0.65 -0.18 -0.61 
20.46 6.67 -205.85 -0.44 -0.36 -1.31 
10.44 19.21 -201.95 0.20 -0.44 -0.76 
-3.05 4.52 -204.85 0.24 -0.51 -0.98 
2.37 -6.12 -200.16 0.17 -0.52 -1.02 
2.14 -16.76 -187.45 -0.04 -0.50 -0.85 
-4.70 -21.86 -175.31 -0.44 -0.29 -0.86 
-9.02 -12.42 -172.13 -0.70 -0.04 -0.29 
-2.98 -2.65 -163.17 -0.93 -0.05 -0.04 
-5.28 3.04 -165.87 -0.95 0.26 0.07 
5.47 1.05 -164.11 -1.03 -0.05 0.12 
18.88 3.97 -148.36 -1.08 0.00 0.38 
6.51 13.11 -146.33 -1.11 -0.02 0.25 
7.73 13.43 -139.91 -1.02 -0.11 0.16 
7.39 12.09 -137.64 -0.98 -0.03 -0.05 
4.33 22.68 -133.40 -0.88 -0.10 -0.21 
12.04 21.57 -134.08 -0.69 0.00 -0.52 
16.78 17.42 -143.05 -0.54 -0.16 -0.62 
19.60 17.41 -141.33 -0.19 -0.63 -0.71 
2.61 5.04 -140.23 -0.03 -0.54 -0.99 
-7.80 -4.54 -139.83 -0.11 -0.45 -0.90 
2.44 -13.37 -134.04 -0.29 -0.25 -0.80 
1.40 -7.80 -115.51 -0.70 -0.24 -0.61 
-0.48 3.16 -114.66 -0.71 -0.25 -0.75 
30.88 -186.14 -55.72 -0.84 -0.07 -0.26 
2.20 -4.57 -50.53 -0.95 -0.18 -0.08 
1.17 1.31 -47.43 -0.94 0.10 -0.04 
4.40 0.48 -48.76 -0.96 -0.02 0.05 
-2.88 1.98 -55.10 -1.02 0.00 0.18 
1.92 5.71 -54.96 -1.05 -0.18 0.24 
7.57 9.03 -49.93 -1.13 -0.03 0.25 
10.47 10.85 -43.17 -1.09 -0.03 0.18 
9.61 15.54 -43.49 -0.91 -0.10 0.03 
2.13 22.34 -46.86 -0.84 -0.20 -0.21 
0.00 21.91 -49.73 -0.66 -0.15 -0.51 
8.31 20.14 -48.31 -0.57 -0.18 -0.75 
8.73 20.27 -57.29 -0.17 -0.36 -0.59 
14.39 9.18 -48.42 0.06 -0.33 -0.98 
0.98 -1.52 -46.16 0.09 -0.48 -1.05 
18.94 107.07 -89.62 -0.51 -0.26 -0.65 
3.95 12.87 -87.55 -0.45 -0.27 -0.75 
9.70 16.30 -86.49 -0.31 -0.20 -0.84 
7.51 17.02 -85.61 0.11 -0.40 -0.94 
1.05 3.91 -86.52 0.22 -0.40 -1.01 
0.28 -5.85 -86.16 0.14 -0.44 -0.95 
0.97 -9.49 -82.53 0.00 -0.45 -0.94 
0.06 -12.15 -78.55 -0.25 -0.28 -0.81 
14.62 35.92 -78.33 -1.03 -0.04 0.28 
12.98 45.10 -95.52 -0.86 -0.20 -0.14 
1.44 21.80 -98.15 -0.67 -0.20 -0.47 
0.18 20.54 -100.27 -0.54 -0.16 -0.71 
7.81 18.72 -100.88 -0.37 -0.17 -0.76 
0.24 15.82 -106.07 0.22 -0.41 -0.77 
-0.54 4.73 -106.26 0.23 -0.43 -1.06 
3.42 -11.15 -100.62 0.22 -0.49 -1.00 
-3.37 -21.45 -96.58 -0.15 -0.35 -0.75 
3.07 -14.26 -87.64 -0.52 -0.23 -0.46 
-1.94 -11.24 -84.06 -0.93 -0.22 -0.25 
-0.19 -6.15 -78.95 -0.88 0.10 -0.01 
5.77 -3.83 -78.04 -0.87 -0.06 0.18 
-4.58 1.62 -84.33 -1.01 0.05 0.38 
5.73 10.46 -80.08 -1.01 -0.11 0.34 
4.36 11.35 -77.55 -1.03 -0.13 0.29 
7.67 14.53 -74.45 -1.02 -0.11 0.20 
11.22 13.68 -74.06 -1.03 -0.11 -0.07 
2.99 20.41 -76.16 -0.83 -0.30 -0.16 
8.86 22.68 -77.09 -0.80 -0.08 -0.39 
16.50 20.12 -82.25 -0.57 -0.24 -0.61 
9.15 14.13 -76.82 -0.13 -0.59 -0.69 
-7.14 0.54 -75.62 -0.17 -0.53 -0.88 
-4.03 -14.84 -63.78 -0.26 -0.45 -0.75 
4.38 -14.25 -50.70 -0.68 -0.18 -0.29 
-7.68 1.04 -46.18 -0.81 -0.26 -0.24 
0.50 5.82 -41.32 -0.91 0.07 -0.20 
8.76 -9.81 -43.69 -1.06 -0.18 -0.14 
1.35 -4.84 -44.08 -1.00 -0.06 0.17 
-5.50 6.04 -51.61 -1.07 -0.22 0.35 
3.64 7.41 -49.14 -1.00 -0.23 0.23 
2.55 11.55 -45.95 -1.10 -0.18 0.24 
4.77 14.92 -39.35 -0.97 -0.19 0.08 
3.57 14.36 -36.64 -0.99 -0.17 -0.11 
12.15 13.98 -30.08 -0.88 -0.11 -0.27 
7.93 20.81 -30.39 -0.79 -0.13 -0.42 
9.54 24.27 -32.34 -0.55 -0.16 -0.54 
10.30 10.60 -31.13 0.09 -0.35 -1.42 
-7.66 1.93 -31.97 0.04 -0.28 -0.97 
-2.60 -15.91 -27.14 -0.28 -0.19 -0.81 
11.57 -21.19 -13.18 -0.43 -0.34 -0.68 
-0.53 -10.93 0.78 -0.95 -0.04 -0.13 
-4.99 -1.54 3.23 -0.95 0.46 0.08 
-5.18 -1.10 -13.89 -1.03 0.06 0.28 
-0.12 -1.07 -18.62 -0.97 -0.15 0.21 
1.62 7.54 -21.85 -1.09 -0.20 0.39 
3.91 7.16 -20.08 -0.87 -0.29 0.18 
-1.09 0.29 -68.83 0.85 -0.55 0.47 
-17.30 15.41 -15.36 0.51 -0.91 0.15 
16.61 8.78 23.42 -0.62 -0.72 0.02 
8.38 5.50 26.02 -0.63 -0.74 0.00 
2.01 4.76 27.25 -0.63 -0.75 0.00 
43.35 32.79 78.05 -0.91 -0.65 0.00 
0.93 -46.18 80.30 -1.09 -0.01 0.04 
5.99 7.41 86.74 -0.86 -0.43 0.14 
8.14 5.43 90.41 -0.91 -0.46 0.13 
-26.65 -55.49 104.18 -0.84 -0.01 -0.33 
-1.52 -1.31 82.85 -0.94 -0.56 0.14 
19.94 6.06 95.92 -0.81 -0.42 0.10 
6.86 -29.75 126.29 -0.39 -0.64 -0.71 
-17.42 6.64 149.51 -0.90 0.04 -0.23 
62.87 43.79 191.71 -1.10 -0.27 0.41 
6.20 14.42 195.99 -0.98 -0.27 0.09 
26.17 33.61 196.72 -0.83 -0.31 -0.24 
-1.23 20.19 187.99 -0.28 -0.58 -0.91 
1.48 1.23 188.48 -0.25 -0.60 -0.81 
1.77 -0.73 190.84 -0.35 -0.61 -0.69 
-4.26 -4.17 193.18 -0.36 -0.58 -0.70 
-2.24 -8.81 200.47 -0.47 -0.45 -0.62 
-4.03 -20.30 213.63 -0.69 -0.16 -0.47 
-4.90 -1.45 216.35 -0.83 -0.10 -0.21 
0.21 -0.95 220.56 -0.97 -0.06 -0.19 
-11.11 -3.91 208.30 -1.18 0.07 0.02 
1.08 4.44 202.66 -1.04 -0.17 0.22 
4.40 11.15 203.39 -1.00 -0.35 0.02 
2.89 4.66 204.62 -0.93 -0.46 0.09 
-2.08 3.30 204.24 -0.86 -0.41 0.04 
-4.44 3.46 202.34 -1.07 -0.43 0.01 
7.99 11.78 214.88 -1.09 -0.44 0.23 
7.16 12.83 222.10 -0.92 -0.30 -0.01 
4.17 16.91 220.96 -0.90 -0.38 -0.09 
9.84 24.31 225.96 -0.74 -0.22 -0.35 
15.32 21.79 220.75 -0.53 -0.22 -0.58 
-2.65 20.43 210.01 -0.04 -0.68 -0.14 
2.70 2.17 215.12 -0.11 -0.51 -0.85 
4.62 -6.93 221.65 -0.24 -0.54 -0.87 
-5.24 -9.86 232.02 -0.41 -0.48 -0.62 
-6.60 -10.15 239.83 -0.70 -0.26 -0.70 
-7.85 -1.75 245.83 -0.85 -0.05 -0.27 
-4.41 -4.81 245.79 -0.75 0.10 -0.14 
5.93 -3.50 239.99 -1.17 -0.15 0.22 
-14.67 6.11 228.83 -1.23 -0.63 0.47 
3.75 5.91 231.15 -0.93 -0.46 0.09 
3.04 4.93 233.03 -0.85 -0.41 0.06 
2.23 4.30 235.60 -1.04 -0.36 0.16 
8.44 10.06 245.94 -1.07 -0.41 0.29 
7.34 14.93 256.49 -0.96 -0.34 0.04 
21.14 20.85 263.28 -0.83 -0.04 -0.06 
10.39 22.31 261.40 -0.71 -0.13 -0.34 
24.53 21.88 249.78 -0.54 -0.31 -0.52 
4.60 20.38 248.48 -0.12 -0.64 -0.66 
0.94 3.47 248.50 -0.12 -0.49 -0.91 
2.66 -1.23 249.82 -0.21 -0.50 -0.79 
2.09 -7.10 256.93 -0.20 -0.52 -0.85 
-8.49 -10.38 262.68 -0.38 -0.37 -0.64 
-6.93 -7.96 271.22 -0.70 -0.16 -0.50 
-4.77 -4.19 277.80 -0.83 0.02 -0.32 
-1.08 -2.37 283.34 -0.90 0.19 -0.02 
16.20 -4.08 281.15 -1.15 0.00 0.07 
-10.85 14.44 267.72 -1.20 -0.45 -0.24 
5.38 7.22 269.24 -0.96 -0.47 0.09 
3.50 5.79 269.33 -0.88 -0.34 0.08 
2.35 4.98 266.12 -1.08 -0.42 0.06 
7.96 24.41 277.68 -0.96 -0.42 0.17 
9.76 23.19 289.97 -0.92 -0.36 -0.29 
7.17 12.91 288.76 -0.77 -0.05 -0.49 
11.41 17.63 283.25 -0.57 -0.23 -0.52 
8.77 18.65 285.15 -0.25 -0.50 -0.28 
-0.81 14.64 285.95 -0.06 -0.39 -0.89 
1.54 6.90 285.85 -0.02 -0.36 -1.00 
2.34 -0.51 286.06 -0.03 -0.43 -0.94 
-0.60 -3.70 287.87 -0.13 -0.43 -0.91 
-5.50 -5.96 296.99 -0.09 -0.30 -0.81 
-6.28 -11.74 300.31 -0.40 -0.09 -0.69 
0.34 -5.78 303.63 -0.70 0.05 -0.47 
-6.68 -1.14 302.24 -0.88 0.02 -0.45 
2.56 -4.67 300.99 -0.96 0.05 -0.21 
10.21 -8.32 303.97 -0.93 0.01 0.05 
0.80 -5.13 296.74 -1.02 0.14 0.32 
2.37 8.97 296.96 -0.99 -0.28 0.12 
3.78 5.83 297.86 -0.94 -0.22 0.10 
4.26 6.26 298.39 -1.05 -0.16 0.14 
6.84 13.07 305.59 -1.06 -0.27 0.26 
10.74 18.33 313.23 -0.92 -0.16 0.09 
14.20 26.91 314.37 -0.81 -0.10 -0.33 
6.77 18.72 313.05 -0.67 -0.16 -0.60 
21.57 11.06 314.65 -0.38 -0.23 -0.62 
11.78 17.30 311.28 0.07 -0.67 -1.07 
8.74 0.35 321.74 -0.03 -0.38 -0.94 
-6.51 -25.38 320.71 -0.30 -0.36 -0.73 
-2.53 -17.08 -327.44 -0.60 -0.22 -0.72 
-4.57 -7.98 -322.22 -0.78 -0.06 -0.37 
0.00 -2.43 -323.62 -0.99 0.02 -0.22 
2.08 -1.82 326.67 -0.97 -0.11 -0.07 
-3.99 -1.13 313.69 -1.01 -0.09 0.02 
-0.92 0.77 305.75 -1.05 -0.64 0.10 
4.62 6.54 309.18 -0.88 -0.41 0.10 
2.17 6.03 308.84 -0.94 -0.35 0.08 
7.08 8.47 319.45 -1.20 -0.35 0.11 
-0.15 16.03 321.40 -1.00 -0.35 0.19 
7.47 17.29 326.51 -0.82 -0.39 -0.21 
12.28 20.73 -323.52 -0.70 -0.16 -0.36 
16.85 18.19 -323.28 -0.53 -0.23 -0.61 
-0.35 3.32 321.52 -0.10 -0.38 -0.67 
-0.03 13.30 322.46 -0.08 -0.31 -1.05 
2.42 -0.75 321.52 -0.13 -0.41 -0.95 
-0.08 0.09 321.93 -0.18 -0.44 -0.92 
0.26 -6.11 325.74 -0.26 -0.37 -0.89 
1.22 1.00 -319.81 -0.35 -0.24 -0.45 
-2.71 -6.99 -311.73 -0.73 0.00 -0.46 
-0.40 -3.78 -307.30 -0.84 0.01 -0.34 
-3.56 -4.08 -310.24 -0.79 0.03 -0.16 
-0.80 -1.62 -313.69 -0.93 0.03 0.00 
4.43 0.57 -315.23 -1.14 0.05 0.16 
-6.29 0.08 323.91 -0.87 -0.29 -0.02 
4.56 7.74 325.65 -0.99 -0.39 0.05 
2.75 5.32 327.47 -0.92 -0.29 0.05 
8.33 3.86 -325.47 -1.22 -0.35 0.24 
6.31 15.09 -316.72 -1.10 -0.35 0.02 
3.68 25.88 -320.22 -0.77 -0.31 -0.16 
15.15 17.70 -316.63 -0.63 -0.27 -0.46 
10.80 17.65 -312.89 -0.50 -0.36 -0.65 
6.40 25.39 -321.57 -0.05 -0.34 -1.18 
2.74 6.00 -319.03 0.00 -0.32 -1.02 
-0.05 0.95 -319.95 -0.08 -0.38 -0.93 
3.35 -1.32 -320.22 -0.17 -0.42 -0.90 
-0.67 -0.75 -317.89 -0.07 -0.37 -0.89 
-1.45 -10.88 -316.78 -0.28 -0.31 -0.84 
-1.13 -14.43 -308.36 -0.54 -0.17 -0.60 
-4.65 -4.29 -306.85 -0.78 0.00 -0.41 
2.39 -4.15 -301.72 -0.88 0.13 -0.23 
1.08 -8.73 -306.11 -1.08 0.00 0.11 
-1.82 -5.22 -314.80 -1.03 0.00 0.24 
2.14 9.23 -325.89 -1.09 -0.01 0.09 
3.72 6.90 -323.04 -0.94 -0.31 0.11 
48.29 42.98 -284.61 -1.07 -0.12 0.07 
12.87 17.22 -281.56 -0.84 -0.15 -0.22 
11.10 22.83 -282.70 -0.62 -0.01 -0.58 
13.97 13.73 -287.82 -0.61 -0.18 -0.70 
-6.57 13.54 -297.07 -0.13 -0.39 -0.42 
2.74 16.17 -295.76 -0.06 -0.29 -0.89 
1.55 4.76 -297.42 0.03 -0.33 -1.05 
1.23 -1.43 -296.10 -0.01 -0.31 -0.99 
2.58 -4.37 -294.06 -0.05 -0.26 -0.98 
6.49 -8.11 -287.43 -0.22 -0.20 -0.90 
-4.87 -11.44 -282.97 -0.36 -0.21 -0.73 
-2.96 -17.08 -273.25 -0.56 -0.13 -0.55 
-0.56 -2.84 -268.33 -0.73 0.10 -0.26 
-3.61 -1.38 -267.89 -1.00 0.23 -0.14 
-5.54 -0.51 -285.42 -1.02 -0.09 -0.10 
7.30 -3.59 -282.90 -1.03 -0.10 0.16 
1.14 1.39 -286.58 -0.85 0.05 0.30 
5.10 6.79 -282.62 -0.95 -0.22 0.14 
4.28 7.28 -283.14 -1.03 -0.19 0.21 
15.39 15.74 -267.18 -1.10 -0.27 0.34 
11.59 15.42 -263.36 -0.93 -0.13 -0.08 
12.18 15.01 -264.09 -0.81 -0.20 -0.22 
6.88 17.55 -264.22 -0.78 -0.26 -0.43 
5.10 15.00 -272.88 -0.66 -0.17 -0.53 
5.21 16.91 -277.48 -0.47 -0.42 -0.53 
2.80 22.78 -279.36 -0.13 -0.53 -0.77 
0.88 6.90 -279.46 0.01 -0.46 -1.06 
3.71 -0.72 -277.52 -0.09 -0.46 -0.88 
0.39 -1.87 -277.52 -0.11 -0.47 -0.84 
1.05 -7.00 -270.68 -0.21 -0.41 -0.85 
0.49 -13.93 -267.37 -0.40 -0.35 -0.74 
7.30 -14.51 -254.73 -0.55 -0.27 -0.81 
-8.26 -6.44 -248.24 -0.84 -0.21 -0.11 
-2.58 5.16 -243.31 -0.95 -0.04 -0.09 
7.40 -1.58 -242.58 -1.11 0.04 0.03 
0.60 -4.80 -246.89 -0.98 -0.06 0.25 
-0.16 7.91 -256.30 -1.03 -0.04 0.23 
4.76 6.51 -252.84 -1.00 -0.22 0.16 
1.83 7.79 -250.14 -1.22 -0.07 0.20 
12.41 10.67 -235.57 -1.01 -0.18 0.24 
13.27 16.61 -229.77 -0.96 0.03 0.06 
15.45 17.43 -227.29 -0.87 0.06 -0.16 
5.76 18.98 -232.57 -0.70 -0.01 -0.44 
17.18 15.17 -233.32 -0.69 -0.05 -0.58 
5.36 -8.60 -256.48 -0.28 -0.47 -1.46 
-0.23 -20.54 -243.95 -0.19 -0.38 -0.89 
1.02 -11.40 -235.09 -0.38 -0.34 -0.81 
1.15 -11.88 -226.13 -0.59 -0.17 -0.54 
-8.40 -11.41 -223.73 -0.83 -0.11 -0.19 
3.87 0.60 -219.94 -0.90 0.05 -0.03 
2.37 -1.59 -225.26 -1.01 -0.02 0.12 
-12.43 -0.99 -244.55 -0.95 -0.28 0.25 
4.94 5.72 -247.45 -0.99 -0.40 0.23 
3.67 6.26 -245.00 -0.88 -0.37 0.13 
0.88 7.27 -246.70 -0.87 -0.31 0.13 
-0.57 3.43 -245.77 -1.11 -0.47 0.18 
7.51 17.56 -234.21 -0.97 -0.43 0.19 
19.00 20.72 -224.02 -0.88 -0.22 -0.04 
11.06 23.08 -217.92 -0.58 -0.37 -0.44 
12.20 19.02 -214.78 -0.46 -0.29 -0.65 
0.66 4.59 -218.11 -0.05 -0.32 -0.57 
5.78 4.74 -217.15 -0.16 -0.35 -0.95 
-0.45 5.74 -216.32 -0.17 -0.46 -0.85 
2.45 -1.95 -213.76 -0.15 -0.37 -0.92 
-2.13 -9.23 -210.31 -0.24 -0.32 -0.93 
-1.09 -10.45 -204.25 -0.44 -0.16 -0.70 
-9.58 -6.48 -202.99 -0.64 -0.06 -0.45 
-4.39 -3.44 -204.21 -0.86 0.00 -0.25 
-3.50 -8.45 -211.29 -1.14 -0.03 0.14 
4.24 0.00 -214.76 -1.03 -0.03 0.14 
-3.60 8.24 -224.15 -1.13 -0.10 0.19 
3.48 6.21 -220.64 -0.90 -0.23 0.09 
1.56 6.68 -222.70 -0.97 -0.24 0.13 
1.32 5.90 -215.69 -1.17 -0.22 0.25 
8.61 14.99 -210.18 -1.02 -0.05 0.18 
8.85 13.87 -207.19 -0.91 -0.17 -0.17 
17.29 16.81 -200.92 -0.84 -0.13 -0.35 
13.82 16.31 -200.81 -0.74 -0.12 -0.41 
7.61 18.53 -209.84 -0.58 -0.21 -0.45 
3.43 51.08 -223.55 -0.06 -0.43 -1.35 
5.83 5.29 -220.07 -0.02 -0.35 -1.03 
3.92 -1.64 -217.38 -0.12 -0.46 -0.88 
-0.15 -1.88 -216.37 -0.21 -0.46 -0.87 
-1.91 -41.99 -187.64 -0.67 -0.11 -0.43 
-8.84 -4.50 -183.80 -0.79 -0.03 -0.15 
3.92 -0.04 -185.60 -0.95 0.16 0.00 
0.28 5.36 -185.75 -0.99 0.16 0.00 
30.68 -51.84 -241.32 -1.03 -0.07 0.04 
5.00 2.93 -243.60 -0.99 -0.08 0.07 
4.48 2.78 -249.32 -1.00 -0.40 -0.15 
2.06 7.38 -251.36 -1.10 -0.28 0.15 
2.83 6.05 -249.16 -0.90 -0.25 0.03 
4.08 7.08 -246.95 -0.98 -0.29 0.09 
-2.78 9.98 -242.47 -1.12 -0.26 0.21 
7.01 15.83 -236.20 -1.00 -0.13 -0.04 
9.96 13.28 -235.81 -0.85 -0.06 -0.16 
16.67 20.51 -234.33 -0.83 -0.08 -0.18 
13.43 23.00 -241.19 -0.67 -0.23 -0.51 
14.48 37.18 -244.17 -0.08 -0.71 -0.86 
1.52 6.07 -244.66 -0.10 -0.56 -0.96 
0.41 -1.80 -243.38 -0.14 -0.50 -0.80 
-0.20 -7.69 -238.39 -0.27 -0.50 -0.83 
-4.67 -6.84 -231.15 -0.43 -0.42 -0.68 
-8.00 -11.25 -225.42 -0.65 -0.24 -0.48 
-9.11 -7.33 -222.22 -0.85 -0.09 -0.23 
6.67 -1.75 -219.04 -0.91 0.04 0.02 
7.43 -5.08 -226.03 -1.03 0.03 0.26 
-5.28 4.55 -238.25 -1.08 -0.32 0.22 
3.09 6.14 -235.49 -0.95 -0.50 0.09 
-0.13 7.43 -236.35 -0.96 -0.35 0.14 
-0.47 8.48 -231.14 -1.05 -0.55 0.31 
6.09 18.55 -227.15 -0.89 -0.44 0.00 
-16.56 11.42 -190.08 -1.09 -0.15 0.19 
1.69 7.50 -192.46 -1.02 -0.35 0.13 
3.97 5.73 -189.69 -0.93 -0.24 0.08 
3.14 5.15 -187.08 -1.08 -0.18 0.16 
17.38 12.65 -176.39 -1.04 -0.19 0.20 
10.38 11.37 -175.19 -0.91 -0.18 0.04 
12.75 16.92 -174.29 -0.88 -0.29 -0.05 
10.40 23.58 -174.41 -0.77 -0.25 -0.27 
12.77 18.25 -174.41 -0.59 -0.33 -0.61 
9.69 16.72 -180.35 -0.32 -0.43 -0.64 
1.38 6.97 -183.67 -0.18 -0.49 -0.84 
2.39 1.96 -183.95 -0.18 -0.56 -0.88 
2.80 -1.48 -179.88 -0.21 -0.64 -0.80 
-3.38 -8.90 -171.39 -0.26 -0.51 -0.81 
-4.92 -17.46 -161.93 -0.66 -0.25 -0.54 
-8.80 -6.44 -156.00 -0.83 -0.11 -0.28 
-4.82 1.06 -151.31 -0.93 0.00 -0.20 
2.87 -2.02 -157.18 -1.00 0.22 -0.09 
-3.06 0.67 -162.49 -1.09 -0.06 0.15 
1.17 10.46 -164.30 -1.16 -0.32 0.57 
4.90 6.69 -161.98 -1.02 -0.39 0.12 
2.71 5.11 -159.32 -0.90 -0.27 0.09 
3.98 6.18 -157.78 -1.04 -0.13 0.15 
5.38 10.62 -151.07 -1.07 -0.29 0.37 
12.57 15.75 -143.93 -0.95 -0.22 0.07 
11.27 16.49 -142.32 -0.86 -0.25 -0.18 
11.35 19.16 -136.60 -0.77 -0.26 -0.30 
7.91 20.74 -135.18 -0.64 -0.18 -0.56 
30.53 15.54 -136.62 -0.42 -0.24 -0.60 
-10.88 21.20 -145.36 -0.02 -0.60 -0.55 
3.72 4.26 -146.19 -0.04 -0.56 -0.89 
1.59 -0.11 -144.81 -0.07 -0.56 -0.84 
1.55 -6.08 -138.84 -0.16 -0.56 -0.91 
-6.98 -9.93 -135.95 -0.42 -0.42 -0.72 
-1.80 -7.36 -127.71 -0.56 -0.34 -0.57 
-4.42 -6.28 -121.38 -0.75 -0.21 -0.41 
-3.08 -7.57 -117.14 -0.96 -0.14 -0.24 
2.63 -2.30 -112.26 -0.96 0.17 0.05 
-2.10 3.96 -122.49 -1.09 0.00 0.02 
-4.43 3.18 -133.16 -1.04 -0.19 0.04 
0.80 6.02 -135.65 -0.99 -0.23 0.07 
3.72 5.64 -133.69 -0.91 -0.30 0.05 
-1.66 9.31 -132.23 -1.06 -0.28 0.10 
60.01 28.36 -102.86 -0.02 -0.57 -0.93 
-4.07 -37.24 -89.78 -0.19 -0.52 -0.85 
-4.30 -10.64 -83.11 -0.43 -0.42 -0.70 
-2.37 -11.71 -70.91 -0.64 -0.29 -0.43 
-9.46 -5.03 -69.00 -0.80 -0.04 -0.22 
0.60 -1.92 -68.75 -0.99 0.02 0.00 
2.47 1.40 -72.75 -0.99 0.01 0.12 
4.28 0.95 -79.29 -1.02 -0.25 0.14 
12.51 9.01 -77.04 -1.13 -0.18 -0.06 
2.26 6.30 -76.79 -0.95 -0.34 0.03 
3.95 5.46 -71.76 -1.18 -0.22 0.00 
4.52 6.99 -66.43 -0.87 -0.32 0.14 
9.57 14.99 -62.92 -0.92 -0.33 0.09 
15.73 15.12 -59.49 -0.92 -0.23 -0.15 
13.60 23.87 -56.68 -0.72 -0.21 -0.31 
16.23 21.73 -57.89 -0.44 -0.32 -0.64 
-3.72 14.15 -61.00 -0.10 -0.47 -0.52 
2.96 2.16 -63.27 -0.17 -0.50 -0.92 
-1.44 -3.90 -62.25 -0.31 -0.51 -0.87 
-11.21 -0.47 -60.50 -0.35 -0.25 -0.15 
-1.98 -8.56 -57.18 -0.55 -0.24 -0.62 
-2.60 -7.74 -51.29 -0.75 -0.13 -0.41 
-9.50 -0.86 -53.55 -0.89 -0.10 -0.30 
0.68 1.40 -51.74 -0.99 0.05 -0.16 
1.51 -8.79 -56.41 -1.03 0.02 0.00 
2.22 0.50 -62.12 -1.02 -0.03 0.22 
0.56 9.70 -69.53 -1.08 0.00 0.08 
4.98 7.68 -65.60 -0.95 -0.33 0.05 
2.69 5.45 -64.33 -1.01 -0.32 0.05 
11.18 13.12 -53.86 -1.17 -0.31 0.20 
8.91 12.70 -46.78 -1.09 -0.19 -0.16 
14.19 18.78 -43.81 -0.81 -0.16 -0.17 
11.52 21.92 -44.66 -0.68 -0.18 -0.46 
15.34 23.49 -49.73 -0.48 -0.39 -0.68 
8.51 22.01 -53.74 -0.02 -0.53 -0.96 
0.40 3.42 -55.08 0.01 -0.58 -0.92 
2.22 -4.04 -53.56 -0.05 -0.58 -0.83 
-7.11 -8.69 -53.01 -0.13 -0.58 -0.82 
-4.09 -11.66 -43.78 -0.40 -0.40 -0.70 
-4.15 -10.49 -38.75 -0.62 -0.29 -0.45 
-6.80 -6.71 -34.29 -0.82 -0.16 -0.27 
-0.18 0.35 -28.80 -0.86 0.01 -0.06 
1.34 5.07 -30.96 -1.01 0.14 0.03 
3.19 2.13 -35.31 -1.07 -0.09 0.03 
5.81 2.47 -35.59 -1.03 -0.15 0.15 
4.30 11.92 -36.90 -1.08 -0.25 0.14 
5.42 3.37 -47.07 -0.92 -0.47 -0.01 
3.07 5.15 -48.80 -0.85 -0.50 0.05 
2.31 3.89 -50.43 -0.81 -0.54 0.01 
2.21 4.31 -50.45 -0.81 -0.55 0.07 
3.53 5.80 -50.70 -0.80 -0.58 0.05 
60.00 17.30 113.16 -0.74 -0.64 -0.03 
1.89 5.21 114.01 -0.74 -0.64 -0.05 
2.28 5.09 114.99 -0.73 -0.65 -0.04 
2.37 5.05 116.03 -0.74 -0.64 -0.02 
-0.33 4.33 114.93 -0.92 -0.63 0.05 
15.16 13.57 131.20 -0.91 -0.65 0.14 
17.41 16.34 147.74 -0.95 -0.53 0.00 
9.65 15.78 152.72 -0.92 -0.31 -0.14 
15.88 16.60 155.63 -0.77 -0.27 -0.27 
15.34 19.07 151.50 -0.57 -0.50 -0.44 
12.22 11.57 144.06 -0.20 -0.61 -0.77 
-5.23 2.20 143.21 -0.29 -0.69 -0.75 
-0.80 -3.42 150.17 -0.36 -0.58 -0.73 
-4.41 -8.49 158.15 -0.44 -0.41 -0.64 
-12.16 -3.71 162.00 -0.76 -0.17 1.00 
-8.18 -1.38 167.14 -0.83 -0.10 -0.26 
-6.08 -1.86 168.81 -0.99 -0.05 -0.16 
0.16 -1.23 161.97 -0.95 0.13 -0.09 
-10.43 -3.71 144.25 -1.05 -0.23 0.16 
-5.83 4.09 135.90 -0.87 -0.31 0.12 
2.67 5.19 137.05 -0.93 -0.32 0.13 
14.56 13.25 145.38 -1.18 -0.27 0.44 
15.99 12.70 155.82 -1.07 -0.30 0.10 
20.69 19.32 148.33 -0.89 -0.15 -0.01 
10.19 21.56 140.58 -0.64 -0.36 -0.26 
21.28 12.16 132.08 -0.35 -0.42 -0.17 
-12.88 6.15 122.64 -0.45 -0.48 -0.99 
-3.81 -0.80 124.69 -0.32 -0.65 -0.72 
-14.42 -5.51 131.91 -0.32 -0.56 -0.72 
-6.35 -18.59 142.16 -0.51 -0.23 -0.66 
-13.67 -4.78 144.97 -0.84 -0.11 -0.39 
-2.12 -2.59 147.73 -0.99 -0.02 -0.19 
29.07 5.71 155.37 -0.96 -0.45 -0.13 
4.20 5.51 158.97 -0.91 -0.33 0.11 
4.58 7.20 156.97 -1.14 -0.50 0.64 
10.16 16.32 168.89 -1.02 -0.43 -0.04 
21.72 60.21 156.14 -0.18 -0.53 -0.68 
-11.90 29.32 154.67 -0.05 -0.17 -1.20 
-4.12 3.31 149.65 -0.02 -0.49 -0.95 
-9.50 -4.75 145.70 -0.09 -0.40 -1.00 
-5.99 -25.72 151.67 -0.35 -0.21 -0.67 
-16.70 -10.55 154.90 -0.77 -0.30 -0.32 
-3.27 -0.78 164.79 -0.89 -0.05 -0.08 
2.67 -15.70 153.86 -0.96 0.03 0.13 
-12.22 12.24 130.50 -1.18 -0.49 0.10 
5.19 8.63 138.01 -0.91 -0.62 0.07 
2.73 3.25 142.80 -1.10 -0.45 0.18 
18.50 11.98 157.08 -1.13 -0.48 0.45 
17.46 12.62 154.76 -0.98 -0.16 0.18 
15.03 24.34 156.46 -0.65 -0.25 -0.08 
21.83 22.90 145.21 -0.66 -0.41 -0.08 
0.31 37.97 142.30 -0.13 -0.42 -0.83 
3.45 -0.76 143.81 -0.21 -0.30 -1.00 
-0.13 -4.50 144.89 -0.40 -0.42 -0.74 
-4.89 -8.47 149.78 -0.46 -0.39 -0.63 
-2.54 -8.19 154.75 -0.61 -0.15 -0.52 
-10.72 -7.70 162.47 -0.75 -0.19 -0.27 
0.88 -7.08 170.06 -0.90 -0.08 -0.10 
-9.49 3.73 165.58 -0.86 0.04 0.14 
18.00 -2.70 160.39 -1.09 0.06 0.31 
0.64 4.11 149.79 -0.98 -0.24 0.08 
4.26 5.59 153.53 -0.92 -0.39 0.11 
15.82 3.10 166.41 -1.16 -0.42 0.25 
12.09 12.72 180.56 -1.18 -0.25 0.13 
11.01 17.62 184.42 -0.87 -0.17 0.03 
9.94 19.75 180.73 -0.74 -0.13 -0.21 
17.94 21.70 179.91 -0.74 -0.18 -0.48 
30.55 18.41 173.50 0.15 -0.38 -0.28 
20.90 10.52 187.27 0.03 -0.58 -0.77 
3.24 2.71 188.91 -0.27 -0.43 -0.85 
-4.64 -5.80 188.86 -0.21 -0.44 -0.94 
-5.69 -17.61 200.53 -0.22 -0.36 -0.65 
-14.00 -11.95 205.30 -0.84 -0.12 -0.30 
-2.72 -8.97 208.26 -0.97 0.00 -0.36 
8.18 -8.01 207.49 -1.06 0.11 0.22 
-10.31 -5.98 175.48 -1.13 -0.28 0.35 
9.14 1.28 177.35 -1.07 -0.26 0.23 
2.94 2.52 186.12 -0.88 -0.38 0.26 
2.76 6.50 192.71 -1.04 -0.38 0.28 
10.03 12.73 206.86 -1.11 -0.18 0.36 
18.70 15.22 212.78 -0.89 -0.09 0.09 
15.46 21.17 213.81 -0.81 -0.15 -0.16 
14.52 18.20 215.94 -0.72 -0.16 -0.48 
6.18 0.71 221.77 -0.32 -0.45 -0.78 
-3.21 0.18 221.60 -0.38 -0.39 -0.82 
-4.58 -5.95 230.56 -0.42 -0.28 -0.74 
-6.04 -10.95 233.15 -0.60 -0.18 -0.49 
-7.75 -10.32 236.71 -0.79 -0.10 -0.35 
-7.47 -8.79 237.01 -0.99 -0.10 -0.01 
6.65 0.58 236.15 -0.91 -0.02 0.15 
1.64 -2.89 222.30 -1.13 0.18 0.15 
2.86 9.47 218.40 -1.03 -0.34 0.12 
4.34 4.59 219.54 -0.93 -0.28 0.04 
-0.30 9.02 219.39 -1.22 -0.37 0.20 
10.05 13.42 234.16 -1.12 -0.38 0.21 
9.08 18.23 232.79 -0.66 -0.14 -0.10 
-1.14 40.94 205.02 -0.34 -0.34 -0.76 
5.61 15.97 201.32 -0.20 -0.27 -0.76 
5.15 3.11 203.77 -0.14 -0.46 -0.91 
1.49 -7.74 206.60 -0.19 -0.42 -0.92 
-4.90 -13.74 212.35 -0.39 -0.33 -0.72 
-4.43 -12.72 223.73 -0.72 -0.09 -0.42 
-7.63 -3.67 230.02 -0.73 0.02 -0.22 
8.56 0.34 226.17 -0.94 -0.01 0.03 
-15.88 -8.65 188.48 -1.11 -0.42 0.04 
-18.10 5.17 174.83 -1.14 -0.50 0.33 
4.14 5.12 180.08 -0.89 -0.58 0.09 
24.66 26.57 207.21 -0.98 -0.41 0.10 
8.43 18.05 211.74 -0.72 -0.32 -0.06 
6.36 23.39 207.91 -0.68 -0.17 -0.42 
31.09 17.84 212.27 -0.67 -0.20 -0.46 
-9.05 18.59 206.26 -0.19 -0.83 -0.84 
-0.17 4.73 205.22 -0.30 -0.63 -0.83 
0.29 -0.18 208.53 -0.27 -0.56 -0.82 
-5.72 -29.62 224.77 -0.54 -0.28 -0.48 
-7.67 -9.78 228.04 -0.72 -0.17 -0.11 
-4.70 -2.00 236.48 -0.84 -0.15 0.09 
-1.08 11.97 228.27 -1.06 0.11 0.04 
-3.00 -1.16 200.34 -0.99 -0.28 0.27 
-2.23 0.56 198.80 -0.86 -0.64 0.11 
1.34 8.69 203.90 -0.88 -0.54 0.20 
8.54 12.73 221.03 -0.92 -0.70 0.23 
5.56 12.90 234.44 -1.07 -0.35 -0.15 
16.36 6.88 241.72 -0.81 -0.21 -0.02 
11.28 18.53 243.97 -0.80 -0.09 -0.14 
9.24 19.03 240.81 -0.71 -0.13 -0.50 
21.79 30.97 235.40 -0.65 -0.25 -0.22 
3.36 15.18 235.51 -0.41 -0.74 -1.02 
-0.92 4.47 234.63 -0.32 -0.55 -0.77 
-1.60 -2.02 235.95 -0.33 -0.50 -0.80 
11.16 -15.68 256.90 -0.33 -0.47 -0.67 
-7.98 -13.00 268.95 -0.75 -0.24 -0.50 
-6.25 2.60 281.17 -0.79 0.01 -0.20 
-5.21 5.94 282.76 -0.85 0.33 0.00 
-7.51 -5.84 252.20 -1.17 0.02 0.05 
-6.92 3.13 236.26 -0.97 -0.35 0.18 
-5.58 5.13 240.18 -0.81 -0.71 0.12 
1.51 1.10 241.44 -1.13 -0.55 0.18 
13.95 15.37 260.17 -0.96 -0.56 0.09 
1.79 23.79 256.76 -0.72 -0.30 -0.01 
-33.83 -105.26 265.71 -0.73 -0.16 -0.70 
-45.59 8.21 221.23 -0.96 -0.54 0.07 
2.26 4.64 223.95 -0.89 -0.43 0.09 
5.32 7.99 234.25 -1.13 -0.45 0.27 
10.57 17.57 247.46 -0.99 -0.24 0.00 
10.37 12.71 246.99 -0.86 -0.10 -0.21 
9.67 16.49 246.75 -0.85 -0.23 -0.29 
7.24 16.99 244.58 -0.69 -0.28 -0.46 
11.33 17.84 240.94 -0.44 -0.37 -0.51 
24.47 16.22 238.03 -0.40 -0.56 -0.59 
3.63 -4.99 239.22 0.01 -0.72 -1.06 
10.50 -7.04 250.60 -0.15 -0.70 -0.87 
-13.18 -15.49 258.09 -0.41 -0.53 -0.61 
-10.08 -4.12 263.99 -0.58 -0.22 -0.42 
-9.44 -4.41 264.08 -0.80 -0.24 -0.38 
-4.40 -6.67 264.13 -1.01 -0.22 -0.25 
-6.06 -2.61 253.50 -0.87 -0.05 -0.13 
-14.87 0.71 234.61 -1.05 -0.44 -0.06 
-4.05 3.68 223.96 -0.96 -0.66 0.01 
-4.61 0.03 226.66 -0.86 -0.53 -0.09 
119.48 134.88 194.31 -0.31 -0.63 -0.29 
1.87 15.48 195.21 0.02 -0.49 -0.61 
-0.44 1.29 193.63 -0.05 -0.59 -0.85 
-11.47 -8.07 189.56 -0.04 -0.59 -0.94 
-5.31 -10.68 191.16 -0.25 -0.33 -0.85 
-6.97 -8.17 195.57 -0.53 -0.22 -0.64 
-21.56 -13.08 191.53 -0.75 -0.07 -0.09 
4.87 8.10 196.23 -0.90 0.10 0.01 
-0.10 -4.05 173.22 -1.11 -0.07 0.10 
-2.29 2.07 166.87 -0.97 -0.37 0.12 
3.38 5.38 168.91 -0.87 -0.36 0.06 
4.46 6.19 170.93 -0.91 -0.41 0.14 
9.01 8.80 180.74 -1.06 -0.66 0.41 
13.88 13.50 188.33 -0.94 -0.36 0.13 
9.83 16.58 190.13 -0.92 -0.32 -0.05 
7.66 20.77 189.04 -0.79 -0.30 -0.26 
8.96 21.69 186.49 -0.69 -0.30 -0.48 
9.41 16.48 192.10 -0.47 -0.35 -0.41 
9.71 19.38 190.80 -0.10 -0.54 -0.74 
-3.14 -0.39 192.82 -0.09 -0.58 -0.91 
-0.80 -14.32 206.56 -0.23 -0.43 -0.77 
-7.93 1.30 212.65 -0.49 -0.22 -0.09 
-14.06 -5.21 216.22 -0.67 -0.07 -0.32 
-10.73 -3.23 209.59 -0.95 0.07 -0.16 
3.63 -6.38 199.60 -0.82 -0.13 0.04 
-11.17 0.13 173.73 -0.95 -0.52 0.20 
-3.46 8.27 164.78 -1.01 -0.63 0.19 
2.13 7.50 171.38 -0.95 -0.45 0.15 
11.84 15.61 188.89 -1.08 -0.47 0.31 
4.55 16.61 194.23 -0.96 -0.24 -0.01 
7.04 21.28 190.87 -0.70 -0.29 -0.12 
9.28 21.05 184.46 -0.56 -0.29 -0.46 
17.06 26.18 188.25 -0.47 -0.44 -0.52 
6.28 17.59 189.86 -0.01 -0.76 -0.82 
0.32 -6.94 194.31 -0.08 -0.55 -1.00 
0.04 -25.71 208.87 -0.38 -0.36 -0.57 
-13.86 -9.16 212.14 -0.64 -0.16 -0.23 
-10.56 -6.91 207.72 -0.86 -0.09 -0.12 
7.07 5.10 202.96 -1.07 -0.01 -0.07 
-6.27 -3.62 189.83 -1.06 -0.38 0.03 
10.65 16.78 187.69 -1.42 -0.25 0.72 
3.51 2.14 192.11 -0.82 -0.41 0.17 
-3.37 4.03 190.92 -0.94 -0.44 0.14 
-0.61 9.56 195.42 -0.97 -0.52 0.18 
0.76 13.13 200.02 -1.01 -0.36 -0.01 
9.87 17.16 202.82 -0.87 -0.31 -0.16 
14.14 19.73 209.78 -0.71 -0.35 -0.42 
26.94 11.21 216.20 -0.67 -0.29 -0.61 
23.77 1.78 210.12 -0.45 -0.39 -0.31 
-7.84 4.84 207.46 -0.24 -0.53 -0.99 
-9.38 -3.36 202.95 -0.17 -0.50 -0.88 
-10.59 -11.48 201.85 -0.25 -0.44 -0.67 
-1.87 -14.89 209.81 -0.61 -0.27 -0.72 
-11.40 -8.05 208.75 -0.85 -0.14 -0.32 
-13.29 -5.39 203.86 -0.96 -0.16 -0.17 
2.66 -1.37 203.23 -1.10 -0.11 0.00 
4.03 -4.10 191.40 -1.03 -0.19 0.20 
-9.99 8.02 181.90 -1.04 -0.46 0.00 
39.57 71.11 186.12 -0.71 -0.04 -0.39 
15.69 17.66 181.82 -0.66 -0.24 -0.52 
15.24 15.90 188.28 -0.47 -0.44 -0.66 
-2.86 3.46 184.15 -0.13 -0.31 -0.93 
-1.72 -11.25 188.95 -0.26 -0.22 -0.82 
-5.38 -10.94 190.01 -0.60 -0.15 -0.82 
2.42 -9.65 155.66 -0.98 0.14 -0.08 
-7.64 0.31 137.56 -1.10 0.01 0.12 
-1.07 6.07 129.58 -0.97 -0.47 0.16 
-0.48 7.68 127.78 -0.91 -0.58 0.17 
4.09 4.65 131.71 -0.91 -0.46 0.10 
20.80 12.80 150.02 -1.16 -0.39 0.38 
12.71 12.28 161.28 -1.05 -0.23 0.07 
7.15 17.68 156.60 -0.80 -0.21 -0.02 
13.11 18.65 159.20 -0.79 -0.26 -0.37 
25.42 36.18 153.94 -0.31 -0.40 -0.08 
-4.47 23.80 152.27 -0.33 -0.44 -0.83 
-0.58 -1.43 152.59 -0.31 -0.47 -0.91 
-4.72 -14.52 154.07 -0.44 -0.41 -0.80 
-7.21 -11.71 155.50 -0.63 -0.27 -0.55 
0.43 -8.59 164.92 -0.75 -0.20 -0.19 
-3.04 6.10 167.69 -0.92 -0.20 -0.19 
9.26 -1.34 160.78 -1.06 -0.07 -0.31 
10.64 -3.12 157.77 -0.97 -0.22 0.10 
4.07 11.17 164.62 -1.09 -0.26 -0.04 
2.35 7.56 168.10 -0.97 -0.32 0.05 
1.35 6.64 168.37 -1.07 -0.23 0.07 
1.41 17.13 167.28 -1.07 -0.23 0.08 
10.02 18.73 169.07 -0.63 -0.53 -0.22 
19.99 10.48 178.36 -0.76 -0.55 -0.46 
25.09 23.52 190.57 -0.63 -0.60 -0.51 
-5.21 26.75 193.17 0.10 -0.52 -0.68 
0.88 3.11 195.32 -0.20 -0.43 -0.88 
-9.89 -8.21 197.62 -0.18 -0.39 -0.91 
-11.58 -16.73 199.44 -0.29 -0.15 -0.42 
25.02 -16.72 196.32 -0.92 -0.09 -0.32 
-6.34 -7.86 190.23 -0.96 0.00 0.02 
-5.92 -2.18 178.23 -0.93 -0.37 0.07 
4.93 6.06 185.06 -0.95 -0.31 0.13 
-0.84 5.15 185.31 -0.99 -0.34 0.12 
18.33 9.63 198.46 -1.08 -0.21 0.40 
3.33 8.89 199.68 -1.08 -0.15 0.27 
8.77 16.20 200.00 -0.95 -0.38 0.00 
5.89 19.12 222.45 -0.86 -0.02 -0.17 
0.48 -5.86 211.20 -0.96 -0.18 0.11 
-12.62 14.20 210.33 -1.04 -0.55 0.20 
6.50 8.85 216.50 -0.89 -0.50 0.01 
16.19 14.87 218.41 -0.74 -0.36 0.08 
11.17 22.74 221.62 -0.71 -0.45 -0.25 
8.46 20.31 221.35 -0.62 -0.40 -0.43 
16.25 24.47 224.59 -0.56 -0.57 -0.18 
-4.55 15.84 223.44 -0.17 -0.52 -0.84 
-3.21 -0.52 223.71 -0.25 -0.60 -0.83 
-3.24 -13.17 229.30 -0.38 -0.48 -0.66 
-8.75 -10.26 233.13 -0.62 -0.43 -0.45 
-8.34 2.11 243.57 -0.70 -0.02 -0.20 
-4.35 -0.12 237.63 -0.88 -0.24 -0.23 
6.30 -1.18 234.38 -1.01 -0.42 -0.11 
4.58 0.81 234.37 -0.90 -0.27 -0.02 
-0.44 -1.06 225.15 -1.04 -0.29 0.06 
-4.50 4.49 221.75 -0.90 -0.52 0.00 
3.14 4.12 223.76 -0.99 -0.42 0.04 
3.20 12.04 231.96 -1.08 -0.53 0.27 
2.27 9.08 232.57 -1.10 -0.52 -0.14 
15.94 23.57 239.59 -0.62 -0.40 -0.20 
11.59 22.02 244.55 -0.64 -0.30 -0.45 
8.87 -37.11 262.79 -0.14 -0.69 -0.89 
-3.06 -18.17 269.42 -0.33 -0.58 0.02 
-4.87 -10.99 275.81 -0.74 -0.32 -0.38 
-6.17 -2.29 283.67 -0.82 -0.16 -0.15 
0.03 2.68 285.30 -0.90 -0.04 -0.14 
0.71 2.79 282.34 -1.09 -0.11 -0.09 
3.50 0.01 279.94 -1.02 -0.19 -0.03 
-2.99 0.02 271.59 -0.94 -0.34 0.09 
4.27 8.16 271.38 -1.07 -0.32 0.08 
3.71 5.70 276.35 -1.01 -0.40 0.10 
0.13 6.06 283.74 -1.14 -0.50 0.26 
8.50 10.28 286.73 -0.88 -0.33 0.06 
8.77 15.07 283.99 -0.73 -0.38 -0.08 
11.04 21.25 285.20 -0.82 -0.31 -0.15 
15.93 20.81 283.45 -0.73 -0.37 -0.44 
20.06 35.93 282.67 -0.22 -0.55 -0.19 
-3.50 6.23 281.77 0.06 -0.70 -1.07 
-3.70 -17.34 285.50 -0.13 -0.57 -0.89 
-6.09 -19.88 286.01 -0.47 -0.51 -0.43 
-5.89 -8.46 290.30 -0.70 -0.30 -0.19 
-0.95 1.35 291.02 -0.84 -0.21 -0.23 
14.88 -4.45 294.30 -1.13 -0.33 -0.19 
-13.02 -4.33 278.03 -0.93 -0.31 0.01 
-5.97 -0.61 271.32 -0.88 -0.58 0.16 
-1.73 0.49 274.82 -0.86 -0.54 0.07 
3.20 5.42 278.76 -0.98 -0.44 0.15 
19.75 11.08 294.52 -1.01 -0.36 0.37 
12.95 15.72 296.52 -0.85 -0.18 0.00 
-0.05 17.56 284.75 -0.91 -0.37 -0.20 
11.94 15.84 292.02 -0.82 -0.53 -0.52 
10.72 32.41 293.17 -0.15 -0.50 0.01 
0.81 25.91 300.69 0.10 -0.54 -0.55 
-5.38 -0.51 298.97 -0.01 -0.39 -0.99 
-6.61 -20.07 303.24 -0.14 -0.51 -0.92 
-3.20 -18.70 304.42 -0.61 -0.36 -0.49 
-2.08 -9.15 310.10 -0.65 -0.19 -0.13 
-3.84 -2.88 310.30 -0.93 -0.32 -0.11 
4.36 -1.60 311.76 -0.99 -0.17 0.04 
15.05 -2.58 308.87 -1.03 -0.42 0.18 
9.30 13.01 304.16 -1.22 -0.42 0.41 
12.95 16.47 304.35 -0.78 -0.42 -0.02 
10.57 12.88 304.98 -0.81 -0.55 -0.08 
13.63 13.44 303.81 -0.71 -0.53 -0.11 
9.17 7.23 300.56 -0.83 -0.59 -0.23 
1.67 5.90 302.83 -0.74 -0.63 -0.14 
3.14 3.31 305.74 -0.72 -0.65 -0.12 
