-0.37 -3.42 -45.74 1.00 -0.08 -0.02 
1.31 2.69 -23.02 1.01 -0.05 0.18 
-0.65 -2.47 -40.14 1.01 -0.08 0.18 
1.44 -2.48 -56.82 1.02 -0.08 0.16 
23.43 -5.31 -69.28 1.19 -0.02 0.21 
10.86 2.74 -81.06 1.18 0.05 0.27 
4.53 -4.42 -106.37 0.74 -0.28 0.27 
5.27 -1.93 -123.63 1.14 -0.05 0.46 
-27.10 58.18 -129.04 1.63 -0.23 0.87 
-6.88 48.76 -111.50 -0.04 -0.33 0.19 
7.62 22.41 -117.52 -0.84 0.10 -0.20 
0.89 2.23 -131.70 -0.91 0.18 0.04 
-3.07 -5.00 -153.67 -0.89 0.05 0.02 
-7.47 -27.50 -185.25 -0.70 -0.22 0.12 
-21.20 -48.76 -229.91 0.44 -0.36 0.48 
23.17 -50.81 -271.12 1.85 -0.26 0.39 
-8.47 2.18 -283.42 1.11 -0.03 0.06 
0.29 -0.38 -296.18 1.07 0.00 -0.02 
-17.97 13.19 -318.35 1.60 0.27 0.64 
-17.57 45.46 -311.48 1.63 -0.23 0.33 
-0.83 44.67 -304.31 -0.09 -0.29 0.43 
2.31 33.09 -312.92 -0.74 0.00 -0.07 
-3.40 -0.61 323.54 -0.99 0.01 -0.20 
-8.67 -6.55 300.38 -0.93 -0.17 0.03 
-10.13 -23.71 271.80 -0.61 -0.17 0.07 
-5.31 -48.42 238.82 0.18 -0.29 0.34 
37.75 -51.08 195.71 2.49 0.06 -0.01 
-8.54 2.92 181.70 1.26 -0.17 0.23 
8.32 2.20 169.81 0.98 -0.31 -0.15 
16.80 -5.00 148.11 1.01 -0.24 -0.21 
11.51 3.64 127.84 1.38 -0.27 0.53 
-8.10 45.34 140.71 2.06 -0.49 0.40 
-5.20 48.91 161.37 -0.06 -0.23 0.28 
-8.78 30.34 156.08 -0.71 0.10 -0.13 
-7.92 0.34 135.20 -0.84 0.09 -0.02 
-12.22 -16.57 103.62 -0.91 -0.11 -0.05 
-1.61 -39.99 68.50 -0.32 -0.10 0.27 
18.65 -51.11 9.82 1.50 -0.15 -0.09 
4.87 -19.89 -12.60 1.93 0.12 0.54 
-3.21 1.80 -27.59 0.91 -0.15 0.02 
-0.40 0.05 -41.66 1.06 -0.01 -0.04 
-4.52 0.54 -55.24 1.51 -0.19 0.56 
-25.14 57.82 -20.53 1.26 -0.39 0.22 
5.10 37.15 -3.10 -0.26 -0.20 0.03 
4.94 1.36 -18.19 -0.86 0.02 -0.18 
-0.29 1.54 -35.72 -0.96 -0.20 0.14 
-1.31 -3.71 -57.30 -0.85 -0.15 0.06 
14.41 -47.55 -100.47 -0.50 -0.34 0.32 
31.68 -74.68 -195.90 2.62 -0.27 -0.01 
-12.60 5.09 -208.14 1.30 -0.04 0.33 
1.11 3.39 -221.56 1.05 -0.01 0.01 
0.89 -4.72 -238.99 0.98 -0.08 -0.02 
-21.04 38.33 -250.89 1.77 -0.08 0.50 
-18.39 45.86 -219.55 1.19 -0.52 0.44 
0.50 42.70 -204.51 -0.28 -0.04 0.03 
4.46 3.48 -218.02 -0.86 0.12 -0.14 
-0.52 1.93 -235.90 -1.01 -0.08 0.12 
-3.59 -3.56 -259.04 -0.86 -0.10 0.01 
-8.76 -5.46 -287.16 -0.76 -0.09 0.14 
37.92 -133.89 290.97 2.22 0.25 0.47 
-7.51 9.09 279.27 0.95 -0.21 0.10 
0.46 0.98 263.72 1.08 -0.05 0.00 
-8.06 -7.63 244.14 1.30 -0.08 0.58 
-9.25 45.98 249.96 1.69 -0.41 0.50 
-11.43 47.57 263.16 0.21 -0.37 0.57 
12.41 33.07 263.32 -0.48 0.03 -0.03 
2.81 -4.64 239.75 -1.03 0.00 -0.13 
-4.24 4.63 220.13 -0.94 -0.09 -0.05 
-1.46 -0.12 203.23 -0.94 -0.07 0.06 
-0.94 -6.98 185.14 -0.92 -0.07 0.03 
-10.96 -26.54 156.08 -0.61 -0.16 0.01 
-5.48 -49.80 104.27 0.68 -0.33 0.11 
12.87 -41.07 85.90 2.19 0.34 0.58 
-12.37 4.24 69.71 1.04 -0.09 0.22 
-2.54 6.27 51.06 1.19 -0.01 0.19 
-14.99 31.44 32.11 1.54 0.05 0.64 
-21.17 46.23 28.27 0.95 -0.23 0.58 
-8.75 62.97 31.01 -0.48 -0.18 0.13 
2.32 7.21 16.98 -0.92 0.00 -0.37 
-0.83 1.42 -0.67 -0.96 -0.12 -0.10 
2.09 0.65 -15.39 -0.94 -0.21 -0.01 
-3.47 2.04 -31.36 -0.97 -0.05 0.01 
-3.30 -33.10 -61.87 -0.61 -0.07 -0.03 
-26.83 -30.50 -93.97 1.84 -0.06 0.48 
-1.42 -1.41 -107.16 0.98 -0.18 -0.01 
-9.57 -2.14 -117.79 1.24 -0.11 0.05 
-26.78 57.98 -76.32 1.78 -0.78 0.10 
8.26 48.74 -47.05 0.00 -0.59 0.19 
18.98 12.22 -51.29 -0.65 0.04 -0.31 
16.36 -4.96 -71.68 -0.93 -0.04 0.15 
9.34 1.71 -86.62 -0.92 0.01 0.21 
9.71 -3.37 -107.06 -0.97 0.13 -0.02 
1.54 -24.11 -140.96 -0.74 0.07 0.06 
-14.93 -49.63 -194.24 0.43 -0.22 0.24 
25.85 -53.86 -244.12 2.43 -0.09 0.67 
-8.11 -1.73 -260.17 0.98 -0.10 0.22 
-0.17 3.00 -277.54 1.13 0.08 -0.02 
-30.50 45.82 -287.55 1.63 0.17 0.78 
-29.27 46.78 -269.69 0.65 -0.68 0.55 
-1.19 26.11 -261.68 -0.41 -0.20 -0.11 
2.41 0.38 -277.63 -0.80 0.02 -0.16 
-0.23 0.97 -292.45 -1.02 -0.08 0.16 
0.42 2.58 -307.76 -0.90 -0.04 0.14 
-4.33 -3.79 327.00 -0.87 -0.02 0.10 
8.23 -43.08 290.22 -0.18 -0.12 0.11 
56.50 -62.81 237.43 3.15 0.15 -0.26 
-9.41 8.35 218.25 0.92 -0.15 0.05 
0.88 3.00 200.58 1.16 0.06 -0.01 
-23.38 45.87 184.20 2.01 0.25 0.61 
-37.39 45.60 211.60 1.29 -0.31 0.27 
0.33 -0.52 158.84 -1.02 -0.18 0.01 
-1.68 2.62 142.02 -0.89 -0.10 -0.08 
-0.84 -1.45 124.80 -0.92 -0.10 0.06 
-3.00 -13.66 101.39 -0.82 -0.13 0.07 
10.81 -45.19 66.75 -0.32 -0.12 0.21 
32.32 -50.99 29.73 1.99 -0.09 0.33 
-10.00 -2.38 13.46 1.30 -0.06 0.31 
-0.66 -2.09 -2.44 0.98 -0.05 0.03 
-0.94 -5.83 -18.85 1.09 -0.01 0.12 
-20.37 46.24 -4.25 1.96 -0.55 0.86 
-1.25 45.89 28.76 0.97 -0.54 0.19 
10.46 30.97 34.74 -0.48 0.34 -0.45 
5.75 -2.71 12.69 -0.99 0.05 -0.14 
-1.95 1.08 -5.60 -0.91 -0.01 -0.13 
-1.46 -4.90 -25.96 -0.94 -0.04 0.06 
-3.83 -0.56 -44.94 -0.94 -0.09 0.12 
-2.30 -25.51 -78.54 -0.68 0.00 0.00 
-3.48 -49.94 -128.79 0.55 -0.22 0.10 
26.22 -50.68 -167.63 2.67 0.27 0.47 
-12.70 -2.34 -180.30 1.03 -0.08 -0.10 
-0.70 -4.18 -195.97 1.00 0.00 -0.18 
6.96 -1.18 -213.32 1.04 0.14 -0.08 
-31.39 45.55 -205.50 2.18 0.02 0.64 
-15.93 46.82 -172.32 0.57 -0.54 0.33 
0.09 0.70 -213.99 -0.95 -0.10 0.01 
-2.89 1.48 -232.95 -0.97 -0.06 0.04 
-5.34 -5.22 -249.81 -0.95 -0.07 0.00 
5.18 -44.71 -288.33 -0.28 0.05 0.08 
-4.67 -50.88 307.86 1.54 -0.15 -0.09 
-2.20 -11.53 282.16 2.00 0.10 0.67 
-7.05 -3.82 267.66 0.93 -0.10 0.00 
2.84 -4.86 252.78 1.11 0.00 0.07 
-25.27 46.20 253.73 1.91 0.14 0.94 
-10.18 47.14 274.67 0.73 -0.74 0.79 
-9.11 36.44 284.94 -0.29 -0.16 0.13 
-2.19 0.52 262.11 -0.89 0.13 -0.39 
-4.48 1.04 243.01 -1.00 -0.15 -0.01 
-1.24 -3.00 224.56 -0.96 -0.15 0.04 
-0.08 1.30 207.71 -0.98 -0.13 0.06 
1.32 -17.95 182.41 -0.70 0.02 0.00 
3.79 -49.92 143.60 0.27 -0.10 0.12 
22.27 -50.92 102.68 3.16 0.17 0.25 
-15.81 -1.62 88.36 1.04 -0.06 0.24 
-3.04 7.44 71.66 1.13 0.00 -0.06 
0.16 -1.62 55.73 1.11 0.01 0.15 
-9.51 36.85 51.26 1.60 -0.22 0.91 
-9.40 46.52 69.91 1.13 -0.59 0.76 
-4.81 50.51 79.94 -0.11 0.00 0.09 
-0.65 6.76 61.92 -0.87 0.21 -0.36 
-1.35 1.63 41.38 -0.97 -0.07 0.00 
-1.60 0.89 23.79 -0.95 -0.18 0.01 
-0.36 1.25 8.13 -0.96 -0.15 0.10 
0.23 0.75 -8.20 -0.92 -0.08 0.03 
-11.71 -24.48 -40.65 -0.55 0.15 -0.10 
1.12 -49.82 -81.55 0.57 -0.25 0.27 
20.14 -50.69 -117.73 2.33 -0.12 0.45 
-14.33 -1.82 -131.60 1.06 -0.16 0.12 
-0.51 -0.56 -147.34 1.09 -0.10 -0.01 
-11.73 -0.01 -167.60 1.31 -0.02 0.39 
-8.87 45.58 -143.88 1.94 -0.45 0.38 
8.95 56.05 -113.89 -0.18 -0.19 0.01 
0.30 12.54 -126.12 -0.77 0.17 -0.36 
2.91 0.23 -143.86 -0.98 -0.12 -0.09 
-0.09 1.81 -160.03 -0.92 -0.11 -0.07 
1.38 2.77 -175.86 -0.95 -0.10 0.02 
-0.32 -2.33 -192.73 -0.99 -0.08 -0.06 
4.82 -15.43 -210.28 -1.01 -0.01 0.00 
-12.47 -38.11 -238.21 -0.20 -0.03 0.08 
6.16 -51.04 -284.61 1.80 -0.17 0.20 
-11.03 -17.44 -300.00 1.74 -0.01 0.64 
-0.68 -3.73 -316.70 0.94 -0.14 -0.05 
-6.62 10.23 325.68 1.62 0.21 0.61 
-12.86 45.47 -323.77 1.59 -0.34 0.48 
-8.73 47.30 -304.83 0.40 -0.47 0.53 
-0.24 37.28 -306.42 -0.68 0.08 -0.29 
1.55 0.26 -325.40 -1.08 -0.06 -0.03 
-3.49 6.21 312.25 -0.92 -0.13 0.03 
0.88 3.25 296.44 -0.95 -0.15 0.14 
-0.67 3.55 279.09 -0.96 -0.09 0.03 
-2.91 -2.47 260.44 -0.98 -0.12 0.01 
-1.75 -21.50 233.79 -0.76 -0.09 0.10 
-9.42 -48.86 192.61 0.20 -0.25 0.32 
16.66 -62.34 142.31 2.15 -0.07 0.42 
-9.54 -5.77 126.64 1.19 -0.16 0.27 
2.51 -0.61 114.55 1.00 -0.03 -0.09 
-1.61 -1.97 97.67 1.04 -0.11 0.10 
-15.94 57.92 126.97 2.12 -0.52 0.70 
8.72 47.37 152.06 0.26 -0.40 0.29 
-2.77 32.38 142.92 -0.65 0.18 -0.47 
4.57 -0.99 123.61 -1.03 -0.20 -0.08 
-1.50 1.77 106.37 -0.93 -0.14 -0.10 
-0.73 2.11 88.93 -0.96 -0.16 -0.01 
-1.83 2.71 71.37 -0.96 -0.14 -0.05 
-1.87 -3.44 54.87 -0.99 -0.15 -0.07 
-3.26 -9.18 34.53 -0.86 -0.07 0.05 
-2.58 -29.35 2.95 -0.51 -0.21 0.16 
-3.65 -49.99 -51.62 0.99 -0.29 0.45 
12.51 -50.63 -102.31 2.01 -0.39 0.24 
-9.15 5.78 -111.74 1.02 -0.22 -0.08 
3.69 -4.11 -128.94 1.01 -0.12 -0.09 
-8.41 21.65 -139.96 1.52 -0.22 0.52 
7.49 -22.29 -210.72 -1.00 -0.22 -0.04 
-1.19 -3.27 -223.35 -0.98 -0.17 0.01 
-4.13 -10.39 -243.21 -0.87 -0.14 0.17 
-0.71 -34.66 -273.06 -0.40 -0.12 0.22 
8.29 -50.19 -317.65 0.92 -0.42 0.31 
-4.24 -23.61 317.60 1.94 0.00 0.83 
0.67 -8.06 296.98 0.90 -0.25 0.26 
0.84 11.55 286.91 1.35 -0.03 0.62 
-7.07 46.07 279.70 1.59 -0.44 0.78 
-6.02 60.73 291.23 0.02 -0.28 0.35 
8.68 24.58 279.13 -0.74 0.08 0.00 
0.33 4.91 261.29 -0.96 -0.16 -0.05 
-1.18 2.69 244.73 -0.96 -0.17 0.03 
-0.09 1.44 228.01 -0.96 -0.17 0.18 
-1.38 3.47 210.53 -0.96 -0.16 0.06 
-3.54 0.64 192.98 -1.00 -0.18 0.05 
-3.12 -18.00 171.82 -0.82 -0.20 0.07 
-9.32 -36.62 136.93 -0.22 -0.15 0.25 
12.57 -50.95 78.09 1.85 -0.33 0.10 
-7.49 -14.85 64.67 1.69 -0.06 0.38 
-5.17 -8.82 48.13 1.07 -0.04 0.13 
-2.86 14.08 32.01 1.28 -0.03 0.24 
-1.68 45.75 27.36 1.83 -0.15 0.47 
-11.01 46.47 33.09 0.68 -0.32 0.61 
-10.66 44.77 33.66 -0.34 -0.18 0.10 
-6.31 11.85 16.06 -1.13 -0.03 -0.52 
-0.95 0.70 -0.58 -0.87 -0.26 -0.02 
-1.71 1.27 -17.93 -0.96 -0.21 0.07 
0.68 3.30 -33.75 -0.94 -0.17 0.03 
-0.99 3.10 -51.00 -0.95 -0.18 0.00 
-2.31 0.24 -66.72 -0.98 -0.21 0.00 
1.99 -6.31 -81.48 -0.88 -0.07 0.06 
7.33 -26.99 -108.38 -0.66 -0.24 0.23 
-2.63 -48.79 -139.11 0.30 -0.23 0.44 
31.43 -50.79 -171.74 1.88 -0.22 0.44 
-15.17 -8.79 -177.71 1.33 0.00 0.46 
-3.92 4.46 -191.31 1.19 0.03 0.37 
-24.48 45.87 -200.35 1.87 -0.07 0.61 
-14.53 46.28 -175.05 0.94 -0.50 0.41 
7.78 35.37 -164.26 -0.38 -0.17 0.09 
1.49 9.35 -181.68 -0.98 0.10 -0.42 
-4.26 3.85 -200.03 -0.93 -0.13 -0.01 
1.42 0.16 -216.80 -0.95 -0.19 0.03 
0.51 3.61 -233.05 -0.96 -0.13 0.09 
-1.27 3.44 -250.39 -0.96 -0.12 0.04 
-1.99 2.46 -266.49 -1.05 -0.13 0.03 
-4.16 -7.87 -284.85 -0.92 -0.04 -0.06 
-3.78 -37.67 -316.81 -0.43 -0.14 0.14 
-0.66 -50.12 285.59 1.02 -0.30 0.20 
-7.45 -9.01 261.42 1.75 -0.22 0.69 
6.64 7.13 237.56 1.32 -0.19 0.48 
5.11 46.00 227.40 1.83 -0.27 0.67 
-10.25 46.63 240.79 0.65 -0.40 0.46 
2.64 39.08 241.95 -0.46 0.05 0.00 
8.09 -1.94 217.88 -1.00 -0.04 0.11 
-1.96 4.44 200.59 -0.95 -0.10 0.07 
0.76 1.36 179.19 -0.96 -0.04 0.24 
-2.57 1.63 161.17 -0.95 -0.13 0.24 
-2.35 1.69 144.17 -0.92 -0.08 0.21 
-4.81 -3.13 124.66 -0.89 -0.08 0.24 
-0.53 -17.45 98.90 -0.76 -0.13 0.25 
-8.14 -48.66 56.75 0.32 -0.29 0.25 
21.90 -50.90 20.71 2.38 -0.15 0.20 
-15.22 -8.11 9.55 1.12 -0.19 0.23 
1.60 11.36 -4.47 1.17 -0.19 0.22 
-5.56 40.83 -19.98 1.87 -0.10 0.60 
-14.86 45.58 -5.27 1.23 -0.36 0.37 
4.69 44.60 2.34 -0.21 -0.05 0.14 
6.18 15.59 -14.97 -0.99 0.15 -0.28 
-4.10 3.16 -39.95 -0.94 -0.16 0.05 
-0.50 3.13 -41.11 -0.94 -0.17 0.06 
-0.30 1.57 -56.66 -0.97 -0.11 0.17 
-1.47 3.59 -13.37 -0.92 -0.23 0.17 
-1.22 2.78 -30.70 -0.94 -0.27 0.22 
-4.37 -0.01 -48.38 -0.98 -0.19 0.05 
-0.41 -30.68 -82.31 -0.67 -0.18 0.24 
-2.57 -49.60 -123.39 0.50 -0.27 0.16 
-3.08 -61.43 -146.10 2.19 0.26 0.56 
-11.34 -3.80 -157.95 1.05 -0.15 0.30 
2.68 8.71 -172.68 1.23 -0.02 0.22 
-14.77 45.71 -176.03 1.65 -0.27 0.54 
-12.17 46.86 -152.37 0.77 -0.68 0.58 
7.55 45.35 -140.19 -0.26 -0.08 0.04 
5.23 -0.89 -158.99 -0.99 0.06 -0.34 
-0.17 1.02 -174.84 -0.94 -0.16 0.17 
2.68 1.72 -190.78 -0.96 -0.11 0.19 
-0.99 4.22 -207.83 -0.95 -0.11 0.15 
-0.73 3.65 -224.60 -0.95 -0.12 0.18 
-0.61 3.21 -246.14 -0.94 -0.10 0.18 
-2.13 0.85 -265.72 -0.95 -0.12 0.16 
-4.84 -11.71 -296.11 -0.84 -0.20 0.22 
-7.91 -27.70 323.97 -0.45 -0.21 0.24 
14.84 -49.88 266.05 1.05 -0.53 0.37 
-9.30 -29.45 248.55 1.90 0.14 0.75 
-1.49 -0.35 229.38 0.93 -0.24 0.35 
-8.29 23.55 215.08 1.55 -0.01 0.75 
-16.71 46.33 228.60 1.38 -0.71 0.69 
-6.76 45.44 245.75 0.03 -0.27 0.18 
2.30 0.38 223.02 -1.12 -0.02 -0.25 
-5.31 3.02 204.93 -0.92 -0.13 0.08 
2.48 0.51 188.90 -0.97 -0.15 0.20 
-1.34 3.55 170.73 -0.93 -0.14 0.14 
-0.30 2.57 153.44 -0.95 -0.17 0.18 
-2.08 2.09 135.57 -0.95 -0.16 0.13 
-1.59 -2.97 118.03 -0.98 -0.20 0.23 
-4.58 -2.78 99.56 -0.89 -0.15 0.24 
2.43 -24.64 69.47 -0.56 0.00 0.16 
18.66 -50.65 12.68 1.25 -0.26 -0.06 
-22.41 -9.89 -9.85 1.57 0.15 0.51 
-2.10 -1.72 -22.66 1.09 0.00 0.34 
-21.96 46.23 -10.70 1.68 -0.36 0.79 
-12.06 46.58 14.67 0.78 -0.62 0.61 
3.15 42.45 23.59 -0.21 0.17 -0.11 
2.53 -4.49 4.00 -1.03 -0.05 -0.20 
-2.86 2.11 -12.70 -0.93 -0.12 0.14 
1.85 -0.54 -29.03 -0.95 -0.15 0.23 
-0.90 2.70 -50.22 -0.95 -0.11 0.20 
-1.66 2.03 -71.94 -0.93 -0.07 0.24 
-2.70 -1.51 -94.95 -0.92 -0.07 0.27 
-4.36 -3.16 -112.40 -0.92 -0.10 0.30 
-5.24 -17.44 -137.53 -0.70 -0.12 0.32 
-13.51 -47.68 -180.67 0.17 -0.19 0.19 
29.45 -50.62 -217.90 2.40 0.11 0.27 
-20.24 9.27 -227.22 1.13 -0.14 0.29 
-0.93 -0.18 -241.73 1.26 -0.03 0.43 
-10.21 45.79 -244.42 1.55 -0.28 0.57 
-4.17 46.80 -234.23 0.85 -0.60 0.70 
-6.52 50.84 -225.61 -0.16 0.02 -0.10 
2.82 -2.97 -245.18 -1.10 -0.03 -0.17 
-3.84 2.21 -262.69 -0.92 -0.24 0.13 
0.70 -0.34 -278.91 -0.92 -0.23 0.23 
-0.84 1.93 -297.16 -0.92 -0.17 0.25 
-0.46 3.09 -314.13 -0.94 -0.28 0.22 
-0.77 1.09 324.48 -0.93 -0.22 0.20 
-1.37 -4.79 303.85 -0.89 -0.24 0.25 
-0.11 -16.50 277.34 -0.65 -0.21 0.34 
-10.89 -49.12 229.94 0.37 -0.39 0.24 
29.81 -50.92 178.37 2.27 0.14 0.44 
-17.45 8.32 165.93 1.08 -0.29 0.27 
3.33 9.98 144.24 1.23 0.03 0.35 
-11.53 33.32 133.22 1.34 -0.21 0.40 
-11.42 46.97 142.86 0.90 -0.49 0.78 
-12.64 42.11 149.35 -0.33 -0.21 0.23 
-0.45 12.61 139.75 -1.03 0.07 -0.10 
-1.39 1.17 124.64 -0.95 -0.04 0.18 
-0.48 -4.15 106.41 -0.86 -0.19 0.35 
-3.79 -0.55 84.51 -0.86 -0.20 0.35 
-14.95 -11.51 44.90 -0.57 -0.17 0.09 
10.83 -48.79 -8.68 0.46 -0.50 0.35 
6.27 -50.55 -55.51 1.78 -0.31 0.35 
-30.23 -4.70 -71.29 1.28 -0.03 0.15 
86.34 -47.66 142.02 1.05 -0.02 0.09 
34.31 -13.81 162.39 1.03 -0.08 0.17 
12.97 -5.75 169.63 1.00 -0.03 0.14 
12.82 -6.97 174.37 1.00 -0.09 0.13 
28.90 -8.38 180.25 1.00 -0.03 0.08 
35.56 -11.85 184.88 1.08 0.01 0.08 
15.54 -5.53 192.88 1.16 0.11 0.16 
8.34 -0.01 202.52 1.01 -0.14 0.12 
7.83 -2.54 206.82 0.80 -0.17 0.17 
9.60 -10.06 213.26 0.91 -0.12 0.20 
10.15 -12.12 221.68 1.30 0.03 0.76 
-8.12 41.82 240.16 1.74 -0.24 0.60 
10.88 43.39 276.57 0.29 -0.40 0.29 
17.91 16.33 287.65 -0.82 0.20 -0.55 
10.69 -10.00 291.19 -1.00 -0.15 0.02 
7.13 -21.09 289.48 -0.87 -0.20 0.03 
15.84 -41.20 285.08 -0.19 -0.35 0.43 
40.02 -67.11 256.07 1.87 -0.22 0.38 
1.46 -4.01 269.93 1.39 0.03 0.40 
12.70 -0.39 275.98 1.02 -0.07 0.04 
11.12 -5.23 284.37 1.19 0.05 0.36 
-3.51 41.81 308.28 1.81 -0.17 0.64 
9.80 43.39 -306.55 0.38 -0.46 0.46 
15.58 27.90 -296.07 -0.65 0.13 -0.25 
7.05 -3.78 -291.49 -1.07 -0.10 -0.16 
7.35 -13.20 -291.05 -0.97 -0.26 0.05 
39.15 -144.66 317.41 1.69 -0.17 0.24 
2.49 -12.08 322.77 1.57 -0.17 0.39 
16.11 -2.95 -321.92 1.02 -0.11 -0.05 
12.04 -0.25 -315.52 1.07 -0.07 -0.04 
-7.31 41.91 -282.73 1.80 -0.20 0.52 
13.81 54.20 -216.72 0.35 -0.44 0.31 
17.01 1.92 -209.30 -0.93 0.11 -0.43 
1.44 -9.16 -204.48 -1.02 -0.12 -0.23 
-9.37 -29.29 -206.58 -0.71 -0.23 -0.07 
-6.98 -53.30 -213.03 0.23 -0.23 0.16 
21.30 -54.48 -240.31 2.38 -0.13 -0.29 
10.78 1.45 -228.79 1.32 -0.25 0.07 
63.18 321.89 -254.38 -0.09 -0.38 0.35 
42.94 25.18 -220.23 1.16 -0.17 -0.05 
-0.76 40.17 -204.98 2.13 -0.27 0.43 
5.50 54.18 -146.57 0.52 -0.50 0.39 
36.65 13.81 -124.53 -1.02 -0.04 -0.38 
10.94 -3.18 -115.19 -0.93 -0.18 0.00 
7.73 -7.77 -112.28 -0.90 -0.13 0.00 
27.65 -15.20 -102.26 -0.74 -0.32 0.32 
-3.94 -65.11 -117.51 0.14 0.06 0.28 
11.44 -67.51 -129.93 2.17 -0.25 0.28 
15.26 -9.54 -116.64 1.13 -0.16 0.01 
-1.25 39.12 -96.94 1.96 -0.25 0.37 
8.06 42.51 -56.86 0.70 -0.47 0.25 
2.19 30.87 -25.72 -0.27 -0.12 0.34 
24.19 16.01 -12.59 -1.08 -0.09 -0.24 
8.50 -2.48 -5.72 -0.93 -0.13 -0.17 
5.49 -11.18 -6.73 -0.86 -0.13 -0.15 
8.50 -49.78 -40.93 -0.18 -0.20 0.04 
66.91 -80.64 -94.10 2.42 -0.13 0.00 
6.37 9.30 -73.45 1.01 -0.30 -0.03 
6.53 4.22 -65.76 1.29 -0.07 0.06 
12.10 41.23 -33.03 2.05 -0.40 0.04 
3.52 43.56 17.46 0.31 -0.46 0.20 
24.17 28.13 42.10 -0.72 0.00 -0.25 
12.24 -3.91 49.07 -1.00 -0.14 0.01 
7.78 -6.14 51.71 -0.93 -0.04 -0.12 
5.66 -25.89 45.59 -0.72 -0.14 0.08 
-2.69 -42.79 28.34 -0.12 -0.29 0.26 
17.88 -54.65 -13.28 1.75 -0.05 -0.08 
2.25 -14.21 -6.54 1.58 -0.38 0.01 
14.48 -5.19 4.81 1.22 -0.15 0.10 
4.46 19.41 19.98 1.66 -0.23 0.25 
0.31 42.04 56.81 1.16 -0.35 0.25 
1.56 44.73 95.57 -0.03 -0.53 0.25 
32.43 -54.12 94.41 -0.82 -0.08 0.01 
1.78 -45.57 73.91 -0.32 -0.26 0.26 
19.79 -54.48 30.01 1.31 -0.17 0.02 
9.63 -20.12 21.07 1.83 -0.40 0.15 
9.69 -3.93 33.87 1.02 -0.13 -0.11 
8.77 -4.25 38.33 1.17 -0.05 0.11 
-8.18 41.34 74.44 2.14 0.00 0.32 
7.95 54.60 119.60 0.34 -0.47 0.14 
26.62 26.90 144.40 -0.90 0.00 -0.33 
16.72 -5.30 150.50 -0.98 -0.07 -0.15 
23.30 -47.11 143.14 -0.87 -0.04 0.07 
5.05 -52.92 145.55 0.32 -0.03 0.43 
17.56 -54.87 123.64 2.14 -0.38 -0.13 
1.34 -9.24 136.46 1.64 -0.07 0.31 
12.12 4.74 143.55 1.10 -0.01 0.01 
-6.01 30.28 139.00 1.67 0.33 0.56 
-1.71 42.36 153.95 1.29 -0.45 0.74 
-0.21 57.06 190.33 -0.17 -0.08 -0.19 
12.21 -13.57 194.32 -0.85 0.18 -0.67 
5.21 -15.48 192.81 -0.86 0.14 -0.30 
1.70 -43.32 175.95 -0.41 0.18 -0.03 
-10.39 -53.78 146.75 1.00 -0.38 0.27 
11.56 -21.03 156.74 1.96 0.10 0.42 
2.38 0.81 167.44 0.90 -0.08 0.02 
14.26 -5.95 171.74 1.17 0.01 -0.08 
8.70 2.01 178.62 1.32 -0.05 0.32 
-4.84 41.42 213.32 1.93 -0.14 0.33 
12.81 42.97 254.93 0.46 -0.39 0.36 
8.83 33.93 275.60 -0.57 0.08 -0.29 
11.42 -6.96 280.48 -0.99 -0.18 -0.02 
8.37 -1.08 284.74 -0.96 -0.20 0.02 
6.38 -11.12 281.94 -0.86 -0.18 -0.04 
4.38 -35.44 259.91 -0.55 -0.28 0.04 
17.84 -53.91 216.49 1.00 -0.49 0.22 
15.25 -23.59 215.96 2.10 0.31 0.53 
12.49 -9.88 221.19 0.97 -0.06 0.19 
18.68 -4.99 224.68 1.06 -0.06 -0.05 
-6.54 16.52 235.07 1.59 0.06 0.72 
-14.64 42.29 290.99 1.44 -0.76 0.49 
6.06 43.15 -324.06 -0.12 -0.06 0.03 
12.64 2.01 -317.59 -0.90 0.08 -0.43 
5.37 -3.50 -314.47 -0.97 -0.31 -0.11 
23.61 -50.23 -316.94 -0.70 -0.24 0.15 
15.82 -53.73 315.35 0.27 -0.22 0.00 
40.84 -54.77 298.40 2.64 -0.09 -0.29 
-0.75 -15.42 310.13 1.28 -0.14 -0.03 
13.14 -2.87 320.26 1.09 -0.08 -0.31 
8.45 36.26 -325.05 1.73 -0.12 0.15 
8.09 41.85 -303.86 1.50 -0.51 0.27 
8.11 43.94 -276.76 0.06 -0.18 0.29 
7.70 6.35 -263.32 -0.92 0.03 -0.41 
17.09 -15.28 -256.45 -1.00 0.20 0.31 
12.69 -11.85 -251.37 -0.81 0.02 0.42 
2.57 -45.50 -257.09 -0.40 -0.04 0.06 
12.06 -54.65 -270.82 1.93 -0.04 -0.32 
-7.67 -3.57 -258.48 1.40 -0.23 0.29 
12.53 -7.65 -251.48 1.02 -0.10 0.02 
11.10 -0.34 -243.79 1.11 -0.12 -0.04 
6.58 33.16 -235.99 1.79 -0.14 0.74 
-2.00 42.06 -206.88 1.15 -0.42 0.38 
1.40 46.05 -186.25 -0.21 0.26 -0.13 
12.11 -5.83 -181.81 -1.06 -0.14 0.01 
9.54 -5.97 -175.18 -0.91 -0.30 0.41 
15.54 -16.81 -169.51 -0.70 -0.21 0.49 
8.54 -38.14 -173.31 -0.33 -0.10 0.35 
7.85 -54.16 -180.32 0.91 -0.31 0.19 
-2.42 -45.96 -163.79 1.97 0.00 0.41 
3.82 -4.44 -150.79 0.93 -0.15 0.09 
10.77 7.05 -144.48 1.19 -0.08 -0.27 
13.46 -0.61 -140.95 1.15 0.00 0.21 
-12.81 41.45 -111.43 2.00 -0.36 0.49 
2.46 42.40 -65.71 0.28 -0.19 -0.02 
10.26 11.29 -50.49 -0.80 0.12 -0.34 
12.91 -8.50 -46.28 -0.97 -0.12 0.21 
13.45 -13.02 -43.51 -0.88 -0.31 0.25 
15.28 -40.74 -56.86 -0.49 -0.10 0.21 
22.22 -54.08 -100.99 1.25 -0.48 -0.28 
-0.10 -29.41 -96.23 2.04 -0.13 0.38 
2.08 -10.40 -89.01 0.97 -0.28 0.09 
13.68 0.98 -82.96 1.18 -0.04 0.00 
4.69 35.85 -63.95 1.89 -0.27 0.55 
2.73 42.42 -22.05 1.31 -0.57 0.48 
15.34 40.44 5.76 -0.15 0.02 0.00 
13.73 -2.20 11.66 -1.02 -0.07 0.01 
8.74 -18.96 15.82 -0.79 -0.18 0.45 
16.81 -30.30 18.08 -0.55 -0.20 0.45 
0.33 -53.56 10.27 0.70 -0.48 0.22 
22.41 -54.41 0.03 2.07 -0.26 0.51 
-5.32 -2.57 6.59 1.10 -0.26 0.28 
11.32 -2.30 13.08 1.12 -0.06 0.03 
-1.27 -234.70 -35.32 -0.01 -0.13 0.43 
38.95 172.44 26.71 1.58 -0.25 0.71 
7.61 42.36 53.94 1.10 -0.53 0.51 
9.87 58.74 86.61 -0.28 -0.05 -0.05 
9.80 -5.43 87.91 -1.12 0.00 -0.07 
0.51 -9.42 89.42 -0.85 -0.17 0.24 
3.25 -31.91 79.96 -0.45 -0.37 0.38 
5.23 -47.33 66.12 0.40 -0.28 0.25 
23.71 -54.33 49.12 2.17 -0.62 0.31 
-1.91 -3.16 56.05 1.09 -0.37 0.25 
11.07 -0.91 63.37 1.04 -0.22 -0.28 
13.89 -8.79 66.97 0.97 -0.09 -0.12 
-8.78 25.40 90.13 1.68 -0.45 0.55 
-6.49 42.15 146.33 2.07 -0.76 0.46 
17.31 28.76 195.66 -0.24 -0.47 -0.18 
12.20 3.30 208.24 -0.83 0.34 -0.31 
5.18 -8.62 208.49 -1.02 -0.29 0.12 
19.44 -27.84 198.85 -0.76 -0.36 0.23 
18.72 -28.53 192.17 -0.38 -0.10 0.34 
28.68 -54.49 170.15 1.30 -0.23 -0.21 
-2.02 -45.54 181.36 2.33 0.22 0.28 
4.11 2.37 194.87 1.08 0.00 0.09 
6.26 11.49 204.48 1.41 0.00 0.14 
-1.53 42.08 246.45 1.70 -0.53 0.40 
16.20 42.70 300.24 0.52 -0.39 0.42 
14.81 34.60 -326.72 -0.35 0.15 -0.16 
14.38 0.89 -326.26 -0.82 0.46 -1.00 
21.22 -34.90 318.19 -0.69 -0.05 -0.48 
19.55 -49.57 291.90 -0.16 -0.03 -0.19 
18.63 -54.96 261.78 2.23 -0.02 -0.32 
15.91 15.20 282.91 1.61 -0.17 -0.07 
10.79 -9.23 288.59 0.97 -0.17 -0.12 
8.10 40.78 305.08 1.74 -0.32 0.38 
-0.10 54.54 -291.47 0.32 -0.56 0.43 
5.71 44.89 -256.49 -0.21 0.07 -0.19 
17.90 -15.87 -250.69 -0.95 0.14 -0.23 
14.53 -9.94 -247.55 -0.89 0.01 -0.32 
-3.06 -48.05 -252.15 -0.57 0.07 0.00 
-6.36 -54.17 -263.12 1.33 -0.23 -0.28 
2.64 -40.84 -266.19 2.10 -0.13 0.33 
11.28 -4.95 -249.52 1.00 -0.13 -0.17 
11.59 0.04 -243.85 1.04 -0.11 -0.15 
4.66 24.67 -236.34 1.80 -0.15 0.29 
7.37 41.73 -197.19 1.34 -0.36 0.25 
-9.13 46.07 -156.60 -0.21 -0.17 -0.30 
8.24 -9.05 -156.97 -0.75 0.27 -0.76 
5.79 -6.93 -156.95 -1.01 -0.08 -0.12 
12.10 -16.63 -155.59 -0.87 -0.07 -0.05 
10.13 -43.34 -166.19 -0.34 -0.06 0.26 
0.12 -54.56 -207.23 1.42 -0.47 0.02 
6.94 -22.84 -200.33 1.95 -0.16 0.42 
12.23 -1.33 -190.27 0.96 -0.29 -0.13 
15.35 2.97 -186.15 1.20 -0.23 -0.11 
28.96 53.04 -147.39 2.54 -0.86 0.57 
-0.54 43.38 -106.24 0.22 -0.37 -0.05 
26.04 13.42 -86.78 -0.71 0.37 -0.47 
13.49 -4.03 -83.64 -0.97 0.15 -0.29 
7.05 -14.81 -84.75 -0.92 0.06 -0.25 
4.61 -40.95 -95.65 -0.54 0.00 0.01 
3.40 -54.32 -135.21 1.02 -0.32 0.07 
28.16 -54.72 -155.69 2.53 -0.60 -0.24 
6.34 -0.10 -139.03 0.85 -0.21 -0.34 
13.74 3.11 -133.97 1.04 -0.25 -0.33 
13.30 40.80 -116.86 2.04 -0.59 0.01 
10.23 41.71 -61.22 1.18 -0.47 0.18 
17.71 45.15 -20.93 -0.07 0.27 -0.13 
19.61 -17.71 -16.79 -0.82 0.38 -0.21 
9.15 -9.54 -22.44 -0.97 0.16 -0.20 
13.87 -31.50 -37.07 -0.68 -0.07 0.12 
14.46 -54.43 -72.34 0.97 -0.20 0.17 
21.79 -55.11 -95.41 2.80 -0.22 0.01 
0.33 1.70 -80.03 0.88 -0.09 -0.16 
13.31 -2.52 -76.21 1.22 -0.09 -0.08 
8.58 22.41 -68.98 1.57 -0.20 0.22 
8.68 41.85 -41.31 1.29 -0.34 0.36 
11.27 44.64 -15.86 -0.07 -0.22 0.64 
5.46 35.37 2.33 -0.64 0.03 0.12 
13.73 6.01 10.17 -0.84 0.16 -0.46 
9.39 -4.19 12.87 -0.95 0.07 -0.40 
8.49 -22.04 10.35 -0.88 0.00 -0.29 
12.99 -49.51 1.53 -0.29 -0.09 0.24 
20.71 -67.08 -38.34 2.26 -0.39 -0.41 
12.24 -5.91 -16.43 1.88 -0.13 0.23 
10.50 -10.69 -14.16 0.97 -0.23 -0.29 
4.10 21.78 -10.73 1.56 -0.02 0.22 
-1.15 41.74 20.13 1.56 -0.41 0.32 
13.86 44.19 52.18 -0.01 -0.28 0.56 
3.71 44.67 78.07 -0.69 0.08 -0.21 
13.03 -7.01 82.90 -0.89 0.18 -0.48 
30.35 -36.23 86.80 -0.91 -0.02 -0.22 
8.33 -48.35 84.39 -0.50 0.00 0.39 
-2.75 -67.18 74.36 1.15 -0.23 0.29 
20.75 -16.18 75.37 1.88 -0.23 0.56 
9.47 -1.84 82.91 1.03 -0.16 -0.03 
14.31 65.13 81.91 1.66 -0.03 0.71 
0.58 0.26 81.94 1.64 -0.01 0.73 
57.28 -1.85 265.65 1.03 -0.03 0.15 
12.44 15.26 269.74 1.58 0.02 0.42 
-1.69 41.68 300.96 1.58 -0.30 0.38 
7.33 44.19 -314.64 0.04 -0.37 0.40 
-0.36 40.41 -297.46 -0.61 0.34 -0.66 
18.74 -10.47 -293.19 -1.01 0.05 -0.18 
9.98 -6.97 -292.50 -0.94 -0.07 -0.15 
8.70 -28.19 -299.40 -0.75 -0.17 0.02 
5.81 -65.67 -311.80 0.27 -0.10 0.39 
23.38 -54.96 315.94 2.17 -0.04 -0.05 
3.98 6.48 -321.39 1.38 -0.13 0.21 
18.06 -0.90 -313.74 1.15 -0.08 0.05 
11.34 15.41 -307.26 1.44 0.00 0.27 
6.42 41.92 -288.07 1.33 -0.31 0.47 
5.89 43.98 -259.17 0.20 -0.35 0.63 
7.19 39.94 -237.00 -0.53 -0.08 0.11 
17.71 5.98 -226.35 -1.10 0.07 -0.55 
6.99 -4.56 -220.56 -0.90 0.01 -0.14 
9.22 -10.61 -215.99 -0.94 -0.03 -0.03 
6.34 -27.10 -218.27 -0.81 -0.06 0.17 
-6.61 -45.59 -229.74 -0.11 -0.16 0.17 
13.20 -54.44 -260.92 1.78 -0.43 0.20 
4.68 -9.50 -248.07 1.72 -0.06 0.58 
31.64 143.02 -206.27 0.74 -0.36 0.54 
3.56 56.47 -182.71 -0.18 -0.07 0.57 
15.28 23.26 -171.32 -1.02 0.00 -0.42 
8.33 -5.53 -164.74 -0.92 0.00 -0.25 
5.74 -17.45 -165.47 -0.96 -0.12 -0.05 
8.57 -35.69 -168.93 -0.54 -0.15 0.27 
5.71 -52.05 -185.35 0.22 -0.38 0.41 
39.35 -54.94 -211.64 2.36 -0.07 -0.06 
5.94 7.83 -191.15 0.93 -0.22 0.06 
14.63 9.26 -187.54 1.44 -0.14 0.39 
10.63 41.79 -163.81 1.34 -0.43 0.45 
10.87 29.54 -137.04 0.27 -0.52 0.61 
8.18 45.56 -101.66 -0.24 -0.30 0.46 
14.67 8.25 -76.29 -0.73 0.17 -0.68 
21.35 -14.66 -67.23 -0.87 0.16 -0.35 
22.32 -24.53 -62.90 -0.85 0.05 -0.12 
-9.95 -42.83 -68.03 -0.41 -0.18 0.32 
11.88 -52.99 -85.23 0.49 -0.36 0.49 
45.56 -67.71 -93.64 2.40 0.03 0.19 
-1.67 41.63 -72.05 1.06 -0.27 -0.11 
20.59 -8.38 -67.64 1.26 -0.13 0.30 
4.18 23.23 -61.06 1.45 -0.16 0.40 
9.57 42.41 -44.35 1.01 -0.35 0.62 
6.05 43.95 -22.17 0.21 -0.31 0.67 
-3.52 46.85 -3.83 -0.50 0.02 -0.33 
14.15 -8.31 4.33 -0.97 0.23 -0.54 
5.40 -11.65 4.06 -0.95 0.03 -0.17 
9.58 -23.25 3.59 -0.84 -0.17 0.18 
12.26 -34.26 1.81 -0.60 -0.13 0.34 
-14.61 -30.59 43.76 1.88 -0.29 0.49 
12.81 -8.62 48.25 0.95 -0.17 -0.04 
9.06 17.85 54.03 1.35 -0.11 0.21 
3.60 28.46 69.76 1.18 -0.18 0.38 
9.43 28.16 89.52 0.72 -0.43 0.70 
-8.35 44.19 129.45 0.12 -0.36 0.58 
25.02 11.64 151.90 -0.81 0.39 -0.80 
8.23 -14.01 148.61 -0.89 0.17 -0.28 
14.73 -23.48 143.32 -0.85 -0.17 0.16 
4.75 -58.58 128.74 -0.17 -0.39 0.33 
23.29 -54.44 114.05 1.03 -0.23 0.33 
41.27 20.33 124.96 1.23 -0.09 0.21 
1.25 40.55 148.99 1.59 -0.28 0.56 
4.09 43.07 181.43 0.51 -0.43 0.48 
20.17 39.01 209.37 -0.57 -0.13 0.19 
14.90 12.60 220.42 -1.04 -0.05 -0.26 
7.21 -6.07 223.05 -0.95 0.06 -0.19 
6.61 -18.80 220.43 -0.93 -0.08 -0.01 
7.96 -57.73 207.72 -0.18 -0.20 0.46 
13.51 -53.61 189.42 0.81 -0.38 0.43 
28.45 -54.66 166.84 2.15 -0.30 0.18 
3.63 -2.24 176.54 0.94 -0.26 0.14 
13.83 14.79 185.96 1.44 -0.12 0.38 
6.57 36.66 212.35 1.18 -0.46 0.55 
5.30 43.49 243.44 0.55 -0.70 0.76 
7.21 42.58 277.84 -0.32 -0.29 0.14 
27.19 5.21 291.41 -1.02 0.14 -0.49 
13.99 -13.23 298.01 -0.95 0.06 -0.15 
11.99 -30.05 295.79 -0.76 0.17 0.12 
16.83 -52.00 281.16 0.09 -0.01 0.39 
21.91 -54.78 259.72 1.51 -0.17 0.01 
-1.72 -29.84 270.81 2.05 -0.07 0.33 
9.91 -5.27 280.40 0.90 -0.14 -0.12 
14.52 7.02 286.24 0.98 -0.03 -0.18 
9.04 -0.74 290.04 1.03 -0.10 0.00 
-1.82 6.08 302.64 0.98 -0.15 0.06 
4.40 -8.44 306.40 0.92 -0.12 0.10 
13.12 -17.56 309.56 1.14 -0.02 0.17 
7.05 -6.66 311.04 1.02 -0.07 0.11 
9.12 -5.12 316.97 1.02 -0.10 0.05 
144.29 -36.87 -4.50 0.40 -1.05 -0.32 
72.06 -45.27 -54.44 0.84 0.00 0.13 
-3.65 -10.68 -58.68 1.06 -0.02 0.16 
-1.44 -10.92 -48.13 1.16 0.01 0.29 
8.32 -8.53 -42.89 0.98 0.00 0.25 
11.94 -2.71 -38.31 1.01 -0.04 0.15 
29.87 -6.81 -31.93 0.99 -0.10 0.08 
34.01 -7.01 -20.35 1.21 0.03 0.34 
-8.30 23.41 -3.07 1.45 0.03 0.71 
1.74 42.87 18.66 0.98 -0.29 0.64 
5.58 44.30 48.32 -0.04 -0.52 0.44 
21.40 9.81 67.12 -0.98 -0.10 -0.32 
5.02 -10.64 71.79 -0.94 -0.02 -0.15 
17.75 -59.81 76.72 -0.45 -0.17 0.50 
-4.43 -47.87 80.63 0.29 -0.12 0.55 
21.68 -67.39 73.48 1.70 -0.19 0.33 
4.19 -9.08 81.67 1.38 -0.07 0.25 
13.06 142.43 161.69 1.58 -0.37 0.48 
6.79 43.41 201.02 0.16 -0.13 0.24 
12.22 5.79 215.21 -0.75 0.27 -0.61 
13.26 -9.96 218.67 -0.90 0.20 -0.34 
16.39 -14.06 221.90 -0.92 0.12 -0.01 
3.87 -19.63 221.10 -0.88 0.08 0.00 
0.36 -52.16 211.95 0.11 -0.04 0.34 
9.99 -67.58 195.00 1.67 -0.39 0.17 
29.90 1.25 202.36 1.02 -0.09 -0.21 
11.38 -6.55 208.81 0.98 -0.06 -0.15 
9.57 -5.47 215.19 1.19 -0.01 0.09 
-3.33 41.15 234.01 2.11 -0.02 0.13 
8.44 42.97 258.29 0.57 -0.26 0.61 
-19.63 46.84 284.58 -0.38 -0.03 -0.25 
19.78 0.75 298.55 -0.91 0.03 -0.67 
19.54 -6.42 308.35 -0.85 0.05 -0.20 
13.63 -12.93 310.48 -0.97 -0.13 -0.23 
25.34 -35.36 315.33 -0.80 -0.13 0.15 
11.54 -50.55 316.66 -0.17 -0.15 0.40 
24.97 -54.47 317.61 1.50 -0.15 0.35 
5.45 -21.99 325.08 1.73 0.16 0.64 
9.02 0.91 -325.48 0.97 -0.07 0.03 
11.81 -5.10 -320.89 1.10 0.01 0.18 
5.80 0.40 -315.24 1.19 0.04 0.42 
17.11 53.21 -312.29 1.23 -0.06 0.61 
15.09 44.04 -299.08 0.23 -0.07 0.92 
4.97 45.76 -281.70 -0.22 0.08 0.40 
11.16 3.71 -268.74 -0.77 0.13 -0.93 
16.71 -6.73 -260.35 -0.84 0.26 -0.38 
5.40 -35.06 -266.63 -0.82 0.10 -0.22 
16.97 -18.91 -262.77 -0.75 0.17 0.50 
-3.01 -44.89 -262.55 -0.16 0.21 0.50 
13.62 -54.74 -276.24 1.27 -0.09 0.13 
15.99 -35.97 -269.72 2.14 0.45 0.64 
10.07 2.37 -264.38 0.82 0.12 -0.04 
15.53 -11.12 -266.15 1.13 0.07 0.28 
-8.35 41.16 -257.68 1.59 0.00 0.39 
0.76 38.69 -244.02 0.74 -0.26 0.74 
10.13 44.25 -219.21 -0.04 -0.20 0.84 
-8.81 47.04 -187.39 -0.59 0.24 -0.21 
19.11 -10.00 -181.28 -0.93 0.29 -0.38 
28.24 -31.36 -183.66 -0.88 0.04 -0.31 
29.86 -46.39 -187.08 -0.79 -0.11 0.25 
7.75 -51.01 -183.08 -0.13 -0.13 0.69 
11.52 -54.48 -175.24 0.87 -0.01 0.21 
21.74 -51.75 -173.18 1.94 0.03 0.51 
8.57 6.29 -169.30 1.07 0.10 0.04 
8.93 -10.08 -163.70 1.04 0.01 0.10 
3.69 3.90 -161.45 1.32 0.18 0.53 
1.46 42.34 -156.98 1.21 0.00 0.64 
7.51 36.31 -144.81 0.00 -0.09 0.86 
7.66 28.73 -133.12 -0.49 -0.07 0.78 
-13.51 44.03 -121.69 -0.75 0.03 -0.37 
19.71 -8.39 -114.92 -0.99 0.07 -0.25 
8.03 0.04 -113.31 -0.90 0.00 -0.04 
23.76 -47.94 -113.32 -0.89 -0.23 0.13 
23.83 -50.72 -112.60 -0.32 -0.10 0.70 
14.48 -47.30 -105.05 0.59 -0.01 0.52 
20.88 -54.51 -104.08 1.44 -0.10 0.32 
10.76 -1.64 -95.71 1.31 0.13 0.19 
8.17 -5.64 -91.93 1.07 -0.05 -0.10 
3.62 6.40 -86.11 1.12 0.01 0.22 
8.17 27.35 -80.01 1.21 0.07 0.49 
8.27 36.99 -72.34 0.72 -0.16 0.70 
9.00 26.73 -58.92 0.14 -0.08 1.05 
6.82 31.63 -45.37 -0.41 -0.13 0.85 
-6.07 45.22 -29.47 -0.79 0.07 -0.15 
9.47 -8.81 -29.09 -0.95 0.02 -0.20 
-6.96 -8.96 -31.49 -0.96 0.00 -0.39 
24.03 -36.59 -34.23 -0.87 -0.32 0.10 
7.97 -50.50 -41.43 -0.17 -0.16 0.53 
19.36 -54.04 -44.72 1.12 -0.04 0.52 
30.72 -54.88 -51.67 1.82 0.00 0.33 
14.31 8.53 -45.77 1.08 0.04 -0.04 
9.67 -2.77 -42.05 0.97 -0.06 -0.06 
1.84 -3.85 -32.55 1.19 0.10 0.24 
0.36 31.71 -22.91 1.38 0.00 0.40 
6.34 42.78 -2.47 0.73 -0.30 0.64 
11.50 32.43 16.92 -0.02 -0.27 0.82 
-4.76 47.14 41.13 -0.70 -0.04 0.22 
14.78 0.77 48.65 -0.93 0.20 -0.19 
10.96 -10.15 49.22 -1.02 -0.05 -0.11 
12.99 -20.38 48.66 -0.81 -0.14 0.57 
17.89 -49.66 40.80 -0.45 -0.18 0.54 
17.30 -67.21 45.99 1.13 0.00 0.35 
17.32 -48.93 45.04 1.59 -0.06 0.31 
9.49 1.27 53.20 1.14 0.02 0.11 
11.95 -1.90 60.69 1.06 0.01 0.03 
-3.49 0.00 71.11 1.07 0.04 0.22 
2.66 49.67 90.26 1.35 -0.10 0.51 
10.97 38.76 117.19 0.25 -0.48 0.85 
9.30 36.36 140.86 -0.22 -0.35 0.82 
0.20 44.83 162.83 -0.70 0.02 -0.09 
16.37 6.66 178.66 -0.79 0.41 -0.48 
8.05 -9.98 175.35 -0.77 0.29 -0.46 
21.29 -37.18 170.82 -0.78 0.00 -0.10 
6.24 -50.68 158.10 -0.33 -0.38 0.57 
11.39 -53.82 144.03 0.89 -0.32 0.41 
16.14 -37.81 150.24 1.87 0.06 0.47 
8.93 3.80 158.74 1.03 -0.03 0.00 
8.54 -3.20 163.34 1.10 -0.03 0.09 
0.61 25.02 172.94 1.49 -0.02 0.50 
5.84 41.97 187.17 0.94 -0.15 0.52 
13.26 55.42 208.50 0.22 -0.24 0.88 
-12.27 43.15 235.15 -0.80 -0.01 -0.34 
16.70 -5.82 241.97 -0.92 0.19 -0.41 
13.13 -15.37 238.15 -0.82 0.05 -0.21 
26.77 -49.49 238.19 -0.67 -0.20 0.42 
8.60 -43.24 246.97 0.05 -0.22 0.63 
32.59 -67.15 255.36 1.48 0.13 0.49 
6.11 -9.10 259.15 1.32 0.24 0.34 
7.99 -2.63 264.48 1.06 0.10 0.08 
-1.40 4.52 268.75 1.19 0.29 0.48 
-5.02 41.98 268.61 1.28 0.19 0.71 
-2.18 38.17 281.08 0.12 -0.08 0.92 
1.75 37.84 297.46 -0.39 -0.04 0.75 
-11.77 19.98 309.03 -0.82 0.22 -0.67 
18.60 -2.57 312.75 -0.90 0.02 -0.20 
8.08 -16.27 309.99 -0.88 0.06 -0.53 
29.52 -49.24 307.15 -0.63 -0.18 0.40 
13.50 -52.04 312.85 0.23 -0.14 0.58 
14.11 -54.59 316.43 1.34 -0.04 0.43 
12.65 -31.15 326.40 1.70 0.19 0.42 
3.06 4.29 -320.47 0.99 -0.12 -0.16 
1.35 0.93 -314.14 1.34 0.10 0.24 
4.72 37.68 -305.94 1.31 -0.12 0.34 
7.58 37.10 -286.70 0.50 -0.28 0.66 
14.25 34.21 -269.91 -0.09 -0.21 0.94 
-3.12 47.87 -252.63 -0.60 0.03 0.08 
17.64 4.35 -243.68 -0.90 0.09 -0.52 
14.28 -26.40 -248.88 -0.89 -0.24 -0.32 
4.83 -34.85 -253.60 -0.75 -0.16 0.36 
3.42 -38.08 -255.87 -0.03 -0.24 0.70 
8.39 -53.54 -259.42 0.93 -0.21 0.68 
12.89 -54.27 -260.82 1.68 0.23 0.53 
6.58 5.43 -255.68 0.99 -0.08 0.05 
14.34 -4.21 -251.85 1.27 0.02 0.30 
-2.56 37.87 -237.95 1.41 -0.02 0.69 
1.73 40.37 -217.36 0.55 -0.31 0.75 
14.60 28.71 -196.24 -0.15 -0.38 0.87 
0.60 42.87 -177.22 -0.64 0.03 0.12 
17.11 -10.61 -176.47 -0.99 0.15 -0.31 
6.06 -23.09 -184.04 -0.94 -0.24 -0.06 
12.12 -39.29 -190.13 -0.37 -0.26 0.62 
8.47 -49.72 -192.38 0.42 -0.25 0.50 
8.34 -54.29 -198.82 1.38 -0.28 0.36 
11.22 -35.34 -196.33 1.75 -0.03 0.46 
9.43 0.83 -189.17 0.86 -0.21 -0.22 
8.93 -0.71 -185.55 1.20 -0.08 0.04 
7.41 28.01 -181.08 1.41 -0.11 0.54 
0.95 42.38 -162.53 0.82 -0.22 0.52 
12.65 31.65 -141.13 0.03 -0.31 0.82 
19.55 37.61 -124.05 -0.50 -0.10 0.56 
12.95 10.47 -114.60 -0.77 0.00 -0.27 
13.59 -2.32 -111.42 -0.97 -0.02 -0.23 
8.91 -18.25 -108.77 -0.96 -0.14 -0.35 
20.75 -36.89 -106.18 -0.74 -0.03 0.36 
14.09 -69.96 -102.36 0.14 -0.19 0.48 
9.96 -54.53 -95.49 1.48 -0.03 0.51 
11.60 -34.40 -91.30 1.62 -0.01 0.43 
8.03 4.73 -84.74 0.97 -0.13 -0.03 
4.89 11.81 -78.20 1.21 -0.09 0.37 
3.95 30.72 -70.08 1.17 -0.10 0.57 
8.86 32.98 -57.46 0.54 -0.30 0.85 
10.43 32.92 -42.29 0.03 -0.22 0.92 
4.44 45.59 -29.67 -0.58 0.03 0.31 
8.21 -1.26 -24.26 -0.95 0.00 -0.29 
14.05 -25.29 -25.76 -0.84 -0.16 -0.05 
4.05 -39.18 -25.08 -0.31 -0.01 0.55 
3.56 -52.77 -28.94 0.52 -0.49 0.62 
16.06 -67.30 -31.45 1.71 -0.05 0.45 
10.15 0.79 -23.76 1.13 -0.03 0.00 
8.44 0.01 -18.97 1.06 -0.13 0.07 
-0.41 28.91 -11.60 1.38 -0.02 0.46 
5.91 30.35 2.75 0.75 -0.27 0.59 
7.37 29.19 22.44 0.23 -0.37 0.93 
8.38 41.92 42.47 -0.38 -0.22 0.64 
6.37 35.41 58.39 -0.89 -0.08 -0.24 
14.24 -5.60 61.92 -0.95 0.13 -0.37 
12.87 -25.29 62.14 -0.92 -0.12 -0.15 
14.99 -43.41 63.95 -0.51 -0.11 0.51 
24.45 -52.79 64.70 0.36 -0.17 0.67 
19.44 -66.62 69.14 1.49 0.14 0.70 
5.22 1.45 79.19 1.15 0.02 0.39 
12.59 1.63 86.11 1.14 0.06 0.38 
-2.30 25.17 94.80 1.29 0.00 0.68 
6.77 35.52 109.61 0.69 -0.29 0.82 
5.35 32.96 129.40 -0.06 -0.41 0.74 
12.53 33.12 150.33 -0.62 -0.27 0.55 
3.40 31.97 164.16 -0.83 0.02 -0.53 
15.94 -8.00 170.77 -0.81 0.20 -0.55 
17.72 -33.28 164.56 -0.75 -0.11 -0.11 
6.41 -45.74 158.29 -0.37 -0.10 0.54 
1.64 -52.95 155.41 0.74 -0.54 0.79 
11.14 -54.02 145.95 1.21 -0.35 0.45 
14.26 -20.14 142.33 1.38 0.06 0.34 
8.25 0.25 147.53 0.96 -0.15 -0.14 
-0.61 2.63 157.43 1.04 -0.06 0.05 
5.90 20.36 167.87 1.36 0.02 0.54 
1.51 42.13 181.10 1.14 -0.23 0.56 
45.52 88.66 238.80 -0.74 0.01 0.02 
16.09 -3.78 244.23 -0.94 0.11 -0.32 
10.30 -18.60 245.81 -0.98 -0.10 -0.18 
13.61 -40.03 247.57 -0.69 0.01 0.52 
3.87 -34.47 252.60 -0.30 -0.16 0.71 
13.10 -53.55 253.58 0.84 -0.08 0.63 
6.57 -48.75 252.69 1.42 -0.07 0.38 
9.86 -11.55 257.86 1.16 -0.09 0.16 
9.46 -7.23 266.10 1.12 -0.01 0.01 
-1.45 7.93 276.16 1.23 -0.08 0.33 
2.60 41.93 294.88 1.42 -0.10 0.43 
68.61 -204.56 287.26 -0.84 -0.15 -0.04 
14.39 -50.07 283.22 -0.28 -0.24 0.48 
21.90 -67.23 259.04 1.31 -0.19 0.34 
13.22 -27.45 264.25 1.54 -0.04 0.22 
12.19 -0.61 274.76 1.10 -0.04 -0.03 
9.68 8.66 284.15 1.22 -0.05 0.13 
-2.83 38.19 301.17 1.46 -0.06 0.44 
7.28 39.57 326.16 0.49 -0.48 0.60 
10.95 34.37 -307.92 -0.13 -0.28 0.74 
9.13 37.25 -290.40 -0.74 -0.09 0.18 
7.53 12.75 -279.73 -0.95 0.05 -0.36 
9.37 -10.81 -281.58 -1.00 0.00 -0.17 
13.96 -25.55 -286.38 -0.83 -0.07 0.17 
31.53 -64.42 -294.89 0.03 -0.22 0.57 
17.73 -54.42 -299.71 1.33 0.00 0.36 
12.08 -31.64 -296.86 1.65 0.04 0.41 
5.89 -8.19 -286.82 1.13 0.06 0.16 
14.44 2.33 -283.01 1.20 0.05 0.06 
-4.99 23.14 -272.50 1.51 0.03 0.53 
-15.32 41.95 -235.63 1.10 -0.40 0.46 
8.11 44.73 -199.80 -0.03 -0.31 0.46 
-2.43 27.87 -174.09 -0.86 0.05 -0.49 
17.97 -6.22 -169.95 -0.91 -0.05 -0.13 
6.82 -13.08 -170.11 -0.95 -0.12 -0.27 
22.68 -39.98 -172.32 -0.74 -0.31 0.29 
18.94 -51.36 -178.84 -0.02 -0.30 0.58 
12.31 -67.09 -174.41 1.50 0.02 0.36 
5.02 -19.78 -164.58 1.63 0.03 0.49 
10.43 3.27 -156.94 0.92 -0.09 -0.07 
9.79 -0.32 -151.65 1.12 -0.01 0.15 
4.14 16.78 -149.00 1.31 0.03 0.51 
1.16 40.55 -134.27 0.97 -0.19 0.66 
5.17 44.10 -110.43 0.14 -0.30 0.71 
9.99 36.92 -91.62 -0.65 -0.18 0.36 
7.48 14.59 -83.96 -1.01 -0.02 -0.32 
16.17 -6.25 -77.42 -0.96 -0.14 -0.11 
14.68 -16.30 -75.17 -0.93 -0.07 -0.08 
17.40 -40.52 -74.74 -0.61 -0.10 0.48 
24.05 -52.54 -75.20 0.32 -0.14 0.61 
26.33 -54.23 -73.00 1.65 0.13 0.38 
8.26 -18.97 -66.87 1.46 0.08 0.52 
8.67 3.24 -59.54 1.00 0.03 0.13 
9.01 -2.83 -42.23 1.15 -0.02 0.35 
0.42 -2.90 -41.41 1.15 -0.01 0.37 
5.15 42.53 -14.89 0.70 -0.28 0.70 
13.31 53.61 12.78 -0.38 -0.14 0.62 
25.94 -0.32 45.48 1.15 0.00 0.24 
6.87 16.39 43.56 1.40 0.11 0.54 
60.53 -34.66 55.65 -0.97 0.00 0.05 
10.86 -29.26 55.81 -0.91 -0.19 0.19 
8.94 -50.17 53.27 -0.32 -0.05 0.41 
8.67 -54.32 40.68 1.20 -0.25 0.29 
17.34 -42.34 35.55 1.66 -0.24 0.34 
5.24 0.19 43.34 1.17 -0.14 0.09 
10.41 1.70 49.28 1.03 -0.13 0.07 
4.53 11.15 56.70 1.23 -0.02 0.41 
4.34 27.44 63.53 1.16 -0.17 0.62 
4.37 33.76 84.31 0.55 -0.40 0.76 
3.99 47.69 114.87 -0.30 -0.26 0.57 
11.30 14.70 128.90 -0.99 -0.10 -0.08 
20.00 -4.13 133.56 -0.99 -0.16 0.09 
9.17 -11.16 138.23 -0.94 -0.19 0.22 
17.62 -33.27 138.11 -0.63 -0.31 0.44 
-3.83 -52.35 132.38 0.21 -0.21 0.41 
-13.20 -51.91 117.86 1.50 -0.16 -0.04 
-1.93 -7.94 120.92 1.66 -0.12 0.50 
6.75 7.97 131.59 0.89 -0.15 -0.08 
10.43 -0.90 135.77 1.16 -0.07 0.36 
-1.88 31.97 154.19 1.24 -0.27 0.48 
8.81 28.91 176.81 0.62 -0.53 0.78 
14.27 28.53 206.18 0.02 -0.52 0.82 
15.08 33.33 229.46 -0.49 -0.18 0.60 
11.99 25.16 243.19 -0.88 0.09 -0.06 
17.45 -3.29 244.53 -0.98 0.06 -0.28 
7.57 -2.95 249.23 -1.00 0.04 -0.22 
20.25 -40.04 247.76 -0.78 0.00 0.21 
15.85 -50.73 239.65 -0.20 -0.19 0.41 
16.10 -54.74 216.19 1.46 -0.16 0.08 
1.79 -18.60 224.94 1.83 -0.07 0.25 
9.46 -11.32 238.43 1.07 -0.01 -0.03 
12.11 2.33 242.04 1.18 -0.04 0.07 
-2.31 42.71 261.48 1.38 -0.07 0.37 
7.61 37.36 279.48 0.73 -0.36 0.67 
-5.59 37.96 307.88 0.00 -0.26 0.77 
7.39 39.22 -320.05 -0.66 -0.25 0.28 
14.66 -1.56 -305.81 -0.85 0.16 -0.35 
20.40 -25.96 -313.09 -0.91 -0.04 0.01 
10.52 -50.03 -309.72 -0.44 0.14 0.61 
10.18 -54.05 -314.15 0.67 -0.13 0.28 
24.03 -54.62 -307.55 1.86 -0.10 -0.07 
0.12 -10.23 -297.25 1.46 -0.09 0.02 
12.90 -1.75 -289.94 0.94 -0.10 -0.26 
5.91 6.14 -281.60 1.27 0.07 0.04 
-5.11 41.34 -266.79 1.60 -0.09 0.22 
1.16 41.40 -239.97 0.57 -0.43 0.73 
11.72 39.64 -209.66 -0.36 -0.41 0.59 
8.67 47.13 -188.47 -0.77 0.01 -0.48 
15.11 -9.99 -184.25 -0.89 0.22 -0.47 
18.87 -37.13 -188.15 -0.82 0.04 -0.30 
15.23 -50.37 -196.29 -0.16 -0.16 0.42 
5.26 -54.41 -202.82 0.97 -0.17 0.35 
28.64 -54.59 -197.75 1.62 -0.22 -0.23 
4.73 -10.41 -188.56 1.54 -0.03 0.00 
6.97 6.73 -180.18 0.81 -0.14 -0.47 
12.16 -5.35 -173.74 0.93 -0.07 -0.38 
