24.77 -5.89 -230.70 0.11 -0.96 0.55 
10.68 -19.99 260.87 1.40 0.08 0.08 
50.53 -35.14 -320.57 0.99 -0.09 0.16 
11.25 -10.19 -314.34 0.96 -0.08 0.13 
14.21 -11.10 -303.67 1.03 -0.08 0.14 
15.58 -12.36 -290.73 1.00 0.01 0.11 
8.00 -10.82 -272.68 1.03 0.02 0.12 
14.08 -12.46 -262.59 1.01 -0.07 0.14 
18.62 -11.08 -248.33 1.11 -0.15 0.18 
18.86 -9.64 -232.07 1.06 -0.15 0.19 
15.63 -9.13 -212.30 0.96 -0.18 0.27 
4.49 -2.45 -189.45 0.79 -0.20 0.13 
10.30 -20.83 -191.86 0.84 -0.42 0.20 
21.15 -16.90 -187.20 1.21 -0.50 0.12 
27.36 2.19 -179.28 1.24 -0.34 0.09 
13.68 -1.35 -148.25 0.82 -0.05 0.27 
-3.08 -9.55 -135.94 0.58 -0.29 0.06 
21.34 -17.14 -142.91 1.20 -0.63 0.15 
25.16 -15.48 -127.54 1.04 -0.23 0.21 
12.70 -11.99 -116.72 1.02 -0.08 0.11 
16.67 -15.67 -116.12 1.05 -0.12 0.17 
13.82 -12.54 -106.59 1.37 0.00 0.07 
22.23 -11.86 -93.70 1.22 0.11 0.09 
18.58 -14.53 -79.78 1.14 0.15 0.11 
13.38 -9.07 -63.45 0.64 -0.06 0.15 
10.10 -7.89 -45.57 0.83 0.00 0.09 
19.97 -15.46 -31.88 1.02 -0.15 0.17 
31.02 -19.63 -11.57 1.27 -0.15 0.26 
12.53 -0.22 21.27 0.79 -0.10 0.32 
-7.17 -8.90 26.99 0.37 -0.27 -0.01 
10.64 -13.12 16.02 1.29 -0.48 0.11 
45.72 -14.35 47.99 1.40 -0.15 0.15 
15.75 5.64 83.40 0.82 0.06 0.24 
85.70 -20.62 156.25 1.17 0.00 0.22 
9.84 -9.75 167.21 1.01 -0.07 0.18 
17.80 -13.62 179.64 0.99 -0.16 0.10 
18.65 -14.76 188.07 1.02 -0.16 0.15 
6.68 -13.61 203.96 1.05 -0.15 0.11 
18.40 -6.39 217.75 1.10 0.00 0.18 
13.17 -11.77 231.77 1.07 -0.20 0.04 
18.67 -17.34 239.49 0.91 -0.09 0.09 
0.19 -5.67 255.15 1.06 -0.12 0.07 
24.08 -12.08 267.23 1.06 -0.05 0.17 
25.27 -6.29 293.84 1.27 -0.13 0.22 
0.31 13.95 326.29 0.57 0.11 0.05 
19.92 -25.19 309.48 1.13 -0.48 0.06 
33.96 -7.51 322.59 1.40 -0.34 0.10 
24.80 -1.25 -292.09 1.03 -0.03 0.39 
-29.46 13.70 -289.63 0.28 0.08 -0.14 
41.86 -49.68 -327.19 1.82 -0.45 0.14 
12.82 11.23 -298.52 0.90 0.09 0.22 
11.64 -4.07 -283.27 1.08 -0.22 0.12 
13.61 -10.71 -266.98 0.99 -0.07 0.12 
18.68 -14.12 -257.62 0.98 -0.07 0.16 
18.27 -12.22 -247.01 1.03 -0.09 0.18 
25.35 -16.85 -236.59 1.25 -0.13 0.19 
17.67 5.62 -203.40 1.27 -0.09 0.33 
-24.82 29.13 -180.82 0.39 0.19 -0.10 
25.82 -53.88 -218.19 1.33 -0.40 -0.06 
45.63 15.13 -206.34 1.53 -0.40 0.10 
6.55 11.79 -157.82 1.22 0.06 0.25 
-8.03 12.86 -152.51 0.17 0.10 -0.11 
34.58 -58.93 -189.89 2.06 -0.52 -0.05 
18.57 14.70 -155.47 1.02 0.00 0.14 
49.22 -32.72 -124.89 0.99 -0.08 0.13 
17.16 -12.45 -115.15 1.02 -0.10 0.16 
16.47 -11.25 -102.54 1.00 -0.11 0.10 
35.48 -17.09 -97.02 1.25 -0.13 0.24 
11.66 -5.10 -62.52 1.20 -0.32 0.29 
-15.82 27.72 -32.94 0.50 0.39 -0.01 
31.30 -47.15 -70.32 1.30 -0.43 -0.04 
45.56 -1.35 -49.91 1.25 -0.32 0.19 
3.16 -7.19 -18.41 1.39 -0.16 0.31 
-38.98 16.10 9.68 0.24 0.28 -0.17 
32.09 -37.52 -21.19 1.16 -0.48 -0.07 
7.42 11.46 3.61 1.21 -0.07 0.36 
18.98 -8.07 14.70 1.03 -0.07 0.13 
16.37 -11.84 27.39 1.02 -0.12 0.11 
19.03 -14.12 38.50 1.01 -0.09 0.15 
18.46 -12.33 50.96 1.00 -0.11 0.13 
17.88 -12.17 62.71 1.03 -0.12 0.11 
24.72 -15.86 73.65 1.41 0.05 0.14 
22.66 4.88 109.65 0.98 -0.02 0.34 
-25.44 6.96 110.61 0.33 -0.24 -0.21 
38.65 -49.69 96.20 1.44 -0.45 0.20 
26.17 -3.68 123.85 1.30 -0.05 0.21 
1.17 19.45 155.37 0.58 0.33 0.13 
-5.29 -5.70 132.06 0.94 -0.33 -0.19 
50.25 -9.96 130.52 1.37 -0.25 0.23 
20.06 -15.08 147.09 0.95 0.11 0.27 
12.58 -9.47 162.92 0.94 -0.09 0.11 
20.19 -16.86 173.50 1.13 -0.03 0.13 
15.91 -14.97 186.83 0.93 -0.11 0.12 
23.55 -12.63 192.18 1.21 0.00 0.09 
19.95 -9.75 210.81 1.09 -0.07 0.07 
18.94 -11.17 222.72 1.04 -0.03 0.07 
29.19 -15.13 231.71 1.13 -0.07 0.13 
3.10 11.51 268.86 1.21 0.07 0.15 
-0.62 11.54 282.27 0.26 0.01 -0.05 
16.19 -34.11 263.80 1.25 -0.71 0.05 
36.17 -7.43 301.23 1.49 -0.32 0.19 
14.13 8.84 -316.80 0.70 0.24 0.20 
-3.25 -7.57 311.97 0.67 -0.54 -0.10 
28.62 -36.25 305.14 1.54 -0.41 0.28 
26.40 -5.87 322.49 1.00 -0.15 0.13 
13.11 -8.56 -318.20 1.00 -0.13 0.05 
19.30 -13.20 -306.13 0.99 -0.08 0.10 
13.27 -12.66 -293.64 1.00 -0.10 0.11 
15.65 -12.59 -282.48 1.02 -0.09 0.15 
15.75 -11.95 -269.94 1.01 -0.10 0.12 
25.61 -14.19 -259.65 1.06 -0.13 0.12 
33.92 -5.40 -247.12 1.36 0.00 0.28 
-10.23 15.42 -204.98 0.71 0.16 0.01 
2.29 -21.02 -214.59 0.61 -0.41 0.00 
19.45 -23.42 -219.33 1.68 -0.44 0.30 
20.28 -2.06 -188.05 1.11 -0.03 0.27 
-12.49 11.60 -167.44 0.42 0.03 -0.05 
29.88 -31.42 -181.61 1.19 -0.52 0.05 
5.69 -2.38 -160.50 1.19 -0.33 0.23 
14.89 -11.12 -147.87 0.99 -0.12 0.12 
14.45 -11.79 -134.47 1.00 -0.12 0.08 
118.38 -50.81 -75.71 1.21 -0.10 0.18 
6.37 2.92 -40.78 1.02 0.06 0.30 
1.38 -7.53 -33.95 0.44 -0.06 0.04 
21.88 -36.39 -50.22 1.26 -0.38 0.15 
19.05 -1.98 -21.45 1.58 -0.19 0.14 
2.18 6.91 5.93 0.34 0.05 0.07 
25.70 -28.54 -15.39 1.21 -0.57 0.06 
25.34 -12.10 -0.12 1.14 -0.25 0.13 
17.08 -10.77 10.63 0.97 -0.04 0.15 
14.23 -10.32 23.03 1.03 -0.14 0.07 
15.39 -11.81 34.91 1.02 -0.10 0.12 
19.80 -14.34 49.15 1.02 -0.09 0.12 
21.13 -13.11 59.35 0.99 -0.12 0.12 
20.25 -17.00 70.42 1.10 -0.10 0.02 
26.97 -5.18 93.40 1.12 -0.23 0.22 
-10.13 17.43 122.66 0.50 0.19 -0.08 
30.98 -26.49 109.72 1.03 -0.39 0.07 
38.43 -11.82 117.25 1.43 -0.24 0.26 
-2.61 8.28 159.34 0.96 0.05 0.15 
-5.48 -4.99 160.27 0.52 -0.19 0.01 
33.26 -37.49 138.47 1.47 -0.76 0.19 
12.21 -12.44 156.12 1.06 -0.19 0.24 
11.41 -8.53 169.90 1.03 -0.09 0.13 
21.36 -15.24 184.69 0.98 -0.07 0.11 
14.85 -13.59 195.60 1.02 -0.09 0.13 
15.41 -12.53 206.32 1.00 -0.09 0.14 
25.67 -16.45 215.47 1.05 -0.12 0.12 
17.12 -7.21 232.70 1.26 -0.06 0.16 
6.35 9.00 278.16 1.00 0.09 0.21 
-21.37 7.58 280.61 0.30 -0.04 0.00 
25.00 -39.37 262.91 1.39 -0.64 0.08 
43.93 11.77 296.38 1.53 0.01 0.11 
0.07 16.66 326.62 0.63 0.22 0.10 
11.51 -30.95 289.41 1.10 -0.45 -0.07 
22.09 -6.69 297.94 1.22 -0.44 0.18 
17.15 -5.28 317.50 0.96 -0.01 0.11 
21.39 -13.81 -319.96 0.97 -0.05 0.06 
20.40 -16.75 -310.28 1.03 -0.11 0.13 
13.86 -11.83 -297.13 1.03 -0.10 0.12 
16.01 -11.96 -283.77 1.02 -0.08 0.12 
15.91 -11.38 -270.29 0.99 -0.08 0.12 
30.70 -18.61 -263.14 1.16 -0.11 0.10 
-8.29 8.87 -213.57 0.98 -0.10 0.30 
-11.14 3.41 -206.35 0.15 0.00 -0.13 
40.29 -41.49 -231.90 1.42 -0.35 0.13 
32.56 -0.28 -192.94 1.57 -0.19 0.05 
2.78 13.52 -153.61 0.88 0.24 0.21 
-4.23 0.71 -161.22 0.59 -0.36 -0.09 
41.89 -38.76 -187.92 1.61 -0.42 0.20 
4.89 -7.87 -164.04 1.03 -0.04 0.17 
12.63 -8.74 -144.47 1.01 -0.11 0.07 
14.17 -10.08 -129.09 0.99 -0.02 0.10 
21.02 -15.84 -115.59 1.01 -0.05 0.11 
28.58 -17.90 -106.12 1.05 -0.10 0.16 
25.95 -5.62 -89.20 1.27 -0.06 0.22 
17.45 5.03 -56.76 1.29 0.01 0.21 
-9.49 7.45 -37.13 0.33 0.12 0.03 
15.82 -36.77 -65.76 1.66 -1.10 0.17 
37.64 -12.72 -42.41 1.52 -0.40 0.12 
15.25 6.29 -6.42 0.72 0.21 0.27 
-6.99 -6.95 -18.37 0.40 -0.23 -0.10 
11.06 -30.24 -29.29 1.57 -0.33 0.26 
28.26 -11.01 -11.62 0.97 -0.02 0.14 
12.35 -9.67 0.61 1.01 -0.11 0.07 
15.49 -12.57 13.11 1.01 -0.08 0.13 
14.70 -12.00 25.12 1.03 -0.09 0.13 
15.32 -12.08 37.21 1.00 -0.10 0.12 
23.19 -15.24 47.37 1.02 -0.12 0.09 
29.26 -10.09 57.72 1.62 -0.03 0.22 
1.00 8.29 97.82 0.69 -0.03 0.20 
-30.74 0.37 96.03 0.41 -0.16 -0.18 
43.39 -44.07 82.89 1.60 -0.64 0.30 
27.92 -2.66 110.04 1.33 -0.02 0.09 
-0.28 13.55 147.57 0.70 0.31 0.18 
3.49 -13.66 124.31 0.78 -0.60 -0.17 
33.58 -10.47 116.96 1.45 -0.43 0.27 
27.79 -4.17 133.19 0.96 0.15 0.14 
17.61 -7.46 144.56 0.98 -0.06 0.11 
15.72 -13.58 154.24 1.00 -0.08 0.10 
16.40 -13.42 167.33 1.01 -0.05 0.17 
17.09 -13.05 178.72 1.02 -0.06 0.18 
13.88 -9.73 194.95 1.02 -0.07 0.14 
16.67 -12.26 206.52 1.00 -0.04 0.11 
21.10 -14.26 217.03 1.04 -0.08 0.17 
12.87 -10.59 230.60 1.00 -0.05 0.10 
29.01 -18.58 237.33 1.33 -0.08 0.21 
-1.82 23.44 288.63 1.12 0.20 0.16 
-10.41 -4.51 292.53 0.49 -0.23 -0.08 
56.07 -43.63 271.37 1.73 -0.30 0.26 
2.82 12.72 319.79 1.26 0.23 0.12 
-6.89 16.90 -315.43 0.30 0.32 0.00 
57.90 -47.62 -322.92 1.47 -0.18 0.15 
10.86 1.06 -297.75 0.96 0.07 0.11 
16.69 -9.46 -289.23 1.01 -0.07 0.15 
19.52 -14.79 -271.44 0.97 -0.06 0.11 
13.71 -11.74 -258.72 1.03 -0.07 0.16 
14.57 -11.48 -245.95 1.00 -0.04 0.14 
16.19 -13.12 -233.88 1.01 -0.07 0.15 
16.92 -14.02 -221.83 0.97 -0.08 0.10 
38.03 -19.21 -219.67 1.48 -0.03 0.26 
-5.41 15.55 -169.23 1.10 0.08 0.21 
-10.45 -12.33 -179.02 0.10 -0.27 -0.15 
48.63 -57.61 -200.25 1.72 -0.24 0.24 
-3.52 -1.32 -154.66 1.53 0.06 0.03 
18.39 10.06 -116.13 0.52 0.30 0.15 
15.96 -16.17 -149.96 0.81 -0.90 -0.07 
25.76 -19.96 -147.65 1.45 -0.37 0.28 
12.31 -11.94 -133.20 0.93 0.00 0.16 
12.77 -11.17 -124.40 1.04 -0.12 0.10 
15.23 -12.10 -111.34 1.00 -0.07 0.10 
15.85 -12.38 -97.71 1.02 -0.09 0.12 
14.90 -12.04 -84.79 1.01 -0.06 0.13 
15.92 -12.22 -73.18 1.02 -0.06 0.13 
15.34 -11.63 -61.40 1.01 -0.09 0.11 
16.62 -14.19 -50.00 1.15 -0.06 0.06 
23.62 -6.01 -23.00 1.05 -0.02 0.37 
-24.52 12.68 -6.15 0.45 -0.04 -0.16 
25.15 -39.32 -29.47 1.03 -0.64 -0.01 
27.91 -1.94 -15.07 1.36 -0.19 0.05 
21.20 6.48 23.90 0.82 0.20 0.32 
-27.89 4.72 16.30 0.49 -0.27 -0.17 
47.76 -40.52 0.07 1.68 -0.22 0.25 
7.29 -10.59 20.05 0.87 0.03 0.11 
15.26 -9.93 29.51 1.02 -0.08 0.11 
16.39 -12.40 43.29 0.96 -0.04 0.10 
15.35 -13.63 54.77 1.03 -0.08 0.14 
14.33 -12.26 67.23 1.02 -0.06 0.16 
14.47 -11.17 80.18 1.02 -0.06 0.16 
14.28 -11.39 92.57 1.03 -0.04 0.11 
31.22 -18.15 96.40 1.67 -0.08 0.20 
-5.96 30.72 145.02 0.89 0.25 0.16 
-6.74 -14.65 139.55 0.64 -0.38 -0.10 
32.32 -25.28 135.54 1.50 -0.33 0.24 
35.08 -6.66 165.28 1.27 -0.21 0.14 
12.39 -1.47 194.29 0.31 0.23 0.18 
30.23 -30.06 172.08 1.45 -0.45 -0.06 
22.88 19.70 212.55 1.18 0.14 0.07 
8.92 -15.26 216.07 1.03 -0.06 0.14 
11.21 -9.09 231.09 1.06 -0.02 0.11 
17.51 -10.34 242.47 1.05 -0.01 0.14 
16.17 -12.91 256.85 0.96 -0.08 0.08 
12.55 -12.74 268.40 1.05 -0.05 0.06 
20.47 -13.50 282.64 1.01 -0.01 0.13 
23.81 -15.78 289.57 1.13 -0.09 0.07 
10.98 -1.28 315.49 1.33 0.13 0.31 
-30.70 21.81 -314.87 0.50 0.14 -0.09 
22.52 -32.80 309.88 1.03 -0.45 -0.09 
30.38 -10.27 -301.41 1.19 -0.09 0.12 
0.37 26.02 -254.19 0.79 0.41 0.17 
8.71 -15.27 -291.57 0.71 -0.58 -0.23 
40.61 -1.21 -300.46 1.46 -0.34 0.37 
2.94 -20.63 -277.85 0.88 -0.11 0.10 
16.14 -12.55 -271.55 0.98 0.00 0.11 
21.38 -16.13 -265.57 1.02 -0.05 0.16 
13.01 -12.40 -254.81 1.03 -0.12 0.17 
16.98 -10.79 -239.95 1.07 -0.06 0.18 
19.87 -8.50 -223.99 1.22 -0.04 0.20 
8.54 10.44 -194.63 1.25 0.08 0.31 
4.37 -12.44 -222.30 0.23 -0.50 -0.12 
63.36 -60.11 -246.13 2.40 -0.10 0.20 
-7.43 -2.39 -193.15 0.97 -0.13 0.03 
-9.08 7.28 -232.87 0.30 -0.54 -0.10 
-2.09 -1.19 -234.93 0.39 -0.68 -0.09 
13.23 4.78 -216.24 1.08 0.12 0.10 
27.22 -19.10 -192.64 1.01 -0.05 0.16 
27.22 -19.10 -192.64 1.01 -0.05 0.16 
11.56 -9.64 -181.60 1.03 -0.08 0.14 
7.52 -7.43 -174.20 1.01 -0.04 0.14 
13.09 -10.97 -156.29 0.98 -0.09 0.11 
22.81 -13.08 -139.31 1.07 -0.04 0.19 
33.30 -1.65 -105.40 1.01 -0.12 0.31 
-2.12 8.58 -85.90 1.01 0.32 0.23 
-13.96 8.22 -80.03 0.32 -0.05 -0.08 
31.24 -58.79 -57.48 1.70 -0.25 0.32 
56.68 -32.17 -11.61 0.98 -0.05 0.11 
16.07 -12.58 0.92 1.03 -0.07 0.14 
14.35 -11.75 13.69 1.01 -0.04 0.13 
14.62 -12.07 25.72 1.01 -0.07 0.12 
15.89 -12.75 37.56 1.02 -0.13 0.14 
13.36 -10.89 52.52 1.00 -0.05 0.11 
21.91 -13.04 63.49 1.25 -0.09 0.15 
5.96 -1.32 102.66 0.93 -0.21 0.29 
-31.47 5.41 103.48 0.27 0.12 -0.10 
44.52 -59.59 74.55 1.69 -0.56 0.06 
16.91 17.20 122.08 1.49 0.07 -0.03 
4.84 14.02 154.50 0.51 0.35 0.15 
3.43 -8.38 134.10 0.87 -0.57 -0.16 
34.89 -4.67 129.05 1.41 -0.26 0.30 
16.41 -12.70 147.12 1.00 -0.10 0.14 
11.71 -10.75 158.64 1.01 -0.08 0.10 
19.12 -14.28 168.47 1.01 -0.08 0.12 
15.16 -11.94 181.43 1.04 -0.09 0.14 
21.24 -13.76 197.89 1.01 -0.08 0.10 
37.42 -16.07 205.05 1.17 -0.16 0.20 
-4.94 18.87 245.53 1.46 0.10 0.24 
-18.93 16.23 259.37 0.03 -0.06 -0.12 
38.11 -42.10 240.53 1.04 -0.54 0.10 
18.92 7.34 257.12 1.70 -0.36 0.20 
37.97 3.19 297.52 0.85 0.10 0.25 
-21.40 -1.58 282.76 0.55 -0.38 -0.04 
20.88 -33.94 272.15 1.41 -0.28 0.28 
1.76 -14.05 288.08 1.05 -0.04 0.11 
10.01 -13.91 299.62 1.03 -0.03 0.13 
12.53 -11.76 312.21 1.02 -0.03 0.12 
15.61 -13.90 326.33 1.01 -0.04 0.10 
13.66 -11.40 -314.61 1.00 -0.03 0.07 
18.18 -15.52 236.66 0.86 -0.19 0.13 
28.48 -18.27 251.60 1.01 -0.11 0.25 
22.81 -14.86 269.52 1.00 -0.09 0.21 
8.27 -7.53 275.66 1.00 -0.11 0.18 
8.11 -7.61 282.09 0.99 -0.11 0.19 
11.70 -9.58 292.65 0.99 -0.08 0.21 
8.42 -7.69 299.60 1.00 -0.08 0.21 
11.43 -9.90 309.50 1.00 -0.06 0.20 
7.84 -7.59 315.87 1.00 -0.08 0.20 
12.30 -11.05 323.44 1.12 -0.09 0.16 
11.63 -8.01 -326.61 1.25 -0.13 0.19 
25.82 -6.04 -312.50 0.88 -0.07 0.39 
-1.30 3.23 -295.84 0.83 0.15 0.29 
-14.86 -5.14 -294.14 0.54 -0.16 -0.03 
8.34 -13.98 -298.88 1.28 -0.68 0.17 
19.83 -11.33 -286.81 1.39 -0.24 0.23 
17.84 -6.36 -274.75 1.04 -0.30 0.26 
7.30 9.18 -246.30 0.64 0.16 0.29 
-7.67 1.29 -242.10 0.49 0.07 0.01 
-3.95 -10.24 -247.02 1.19 -0.53 0.20 
14.82 -12.35 -243.35 1.22 -0.39 0.33 
11.84 -9.79 -228.71 1.00 -0.15 0.26 
28.02 -19.29 -189.82 1.01 -0.10 0.22 
32.93 -20.46 -176.32 1.07 -0.16 0.13 
-16.93 -0.99 -146.18 0.69 -0.25 0.23 
-29.35 -7.78 -145.08 0.64 -0.19 0.02 
0.20 7.94 -104.92 0.69 0.29 0.18 
48.69 -22.12 -87.51 1.07 -0.28 0.26 
48.69 -22.12 -87.51 1.07 -0.28 0.26 
14.46 -12.13 -75.20 1.01 -0.06 0.33 
5.82 -7.09 -70.06 1.00 -0.19 0.20 
10.08 -9.63 -62.09 0.99 -0.16 0.19 
6.66 -7.73 -56.92 0.99 -0.15 0.18 
11.89 -11.08 -38.95 0.96 -0.14 0.14 
28.89 -20.39 -27.88 1.43 0.09 0.16 
28.89 -20.39 -27.88 1.43 0.09 0.16 
34.83 -3.47 9.23 0.87 -0.04 0.38 
23.86 -24.40 22.39 1.04 -0.70 0.12 
23.86 -24.40 22.39 1.04 -0.70 0.12 
25.16 -7.59 50.95 0.85 -0.52 0.27 
-42.93 -3.33 29.55 0.25 -0.58 -0.14 
24.70 -24.41 27.62 1.30 -0.32 0.33 
24.70 -24.41 27.62 1.30 -0.32 0.33 
10.95 -10.09 49.22 0.99 -0.12 0.16 
19.77 -15.39 62.93 1.00 -0.12 0.17 
19.77 -15.39 62.93 1.00 -0.12 0.17 
15.87 -12.00 75.65 1.03 -0.14 0.18 
7.69 -7.13 82.83 1.01 -0.12 0.17 
12.62 -9.88 93.02 0.96 -0.12 0.11 
11.23 -8.94 98.74 1.02 -0.14 0.10 
2.16 1.66 131.37 1.05 -0.05 0.37 
-6.30 -16.31 128.91 0.44 -0.37 -0.04 
-6.30 -16.31 128.91 0.44 -0.37 -0.04 
25.20 -18.12 124.44 1.85 -0.33 0.39 
2.36 -4.18 135.34 1.41 -0.43 0.11 
-20.76 3.42 173.43 0.37 -0.02 0.00 
24.27 -27.62 173.42 1.19 -0.33 0.30 
24.27 -27.62 173.42 1.19 -0.33 0.30 
15.35 -12.93 183.63 1.03 -0.11 0.23 
6.57 -7.77 188.26 0.98 -0.16 0.19 
-2.33 18.97 294.30 0.88 -0.07 0.31 
60.94 -18.76 -320.71 0.94 -0.53 0.29 
45.95 -30.08 325.09 1.10 -0.59 0.12 
45.95 -30.08 325.09 1.10 -0.59 0.12 
27.33 -12.48 -324.72 1.15 -0.23 0.27 
1.12 -6.82 -317.33 1.07 -0.01 0.37 
42.93 -23.22 -264.78 1.24 -0.07 0.17 
80.08 -79.95 -249.66 1.47 -0.35 0.32 
36.81 -24.45 -219.70 1.07 -0.15 0.17 
15.07 -12.15 -204.73 0.97 -0.07 0.13 
39.76 -32.09 -168.48 1.02 -0.15 0.10 
24.36 -13.93 -152.80 1.18 -0.01 0.14 
9.75 9.13 -108.19 1.04 -0.06 0.39 
6.12 -38.47 -122.71 0.39 -0.42 -0.03 
22.67 -16.64 -121.70 1.69 -0.27 0.17 
-2.20 19.92 -71.15 0.84 0.20 0.18 
55.04 -38.69 -82.65 1.13 -0.55 0.13 
27.03 -12.53 -64.70 1.13 0.00 0.39 
17.98 -12.65 -51.07 1.01 -0.09 0.12 
20.64 -16.16 -36.07 1.00 -0.09 0.16 
23.59 -14.70 -21.13 1.00 -0.13 0.17 
22.60 -13.85 -3.87 1.00 -0.12 0.12 
-4.32 -4.44 19.88 1.24 -0.01 0.07 
0.17 12.18 38.38 0.53 0.20 0.05 
44.91 -47.66 22.58 1.63 -0.19 0.38 
37.78 -9.69 62.05 0.94 -0.27 0.23 
65.10 -19.88 102.00 1.07 -0.18 0.17 
52.37 -36.25 140.87 1.01 -0.09 0.15 
20.64 -14.79 155.72 1.01 -0.10 0.15 
23.05 -13.96 170.60 1.00 -0.08 0.16 
95.62 -10.23 249.11 0.90 -0.05 0.33 
-22.10 -10.23 241.20 0.49 -0.43 0.02 
-0.73 41.05 -323.86 0.74 0.48 0.08 
38.90 -32.23 -296.87 1.02 -0.17 0.12 
27.92 -19.86 -278.58 0.99 -0.10 0.13 
38.20 105.02 12.30 0.74 0.17 0.13 
49.31 -24.77 46.21 0.98 -0.17 0.11 
45.10 -27.64 79.69 1.03 -0.08 0.28 
39.42 -25.73 110.98 1.37 -0.07 0.21 
100.72 -53.60 133.38 1.02 -0.13 0.16 
53.51 -31.66 177.46 1.01 -0.10 0.17 
53.34 -13.65 233.37 1.03 -0.17 0.33 
80.27 -55.52 -305.79 1.02 -0.12 0.18 
133.45 -57.30 -252.15 1.42 -0.38 0.19 
97.40 -68.93 -270.74 1.18 -0.56 0.19 
14.97 -6.19 -256.53 1.05 -0.03 0.15 
16.76 -11.08 -244.17 0.99 -0.13 0.11 
15.16 -13.07 -231.48 0.98 -0.11 0.13 
14.80 -12.45 -219.55 1.03 -0.11 0.17 
15.92 -11.75 -207.41 1.01 -0.10 0.15 
16.99 -11.89 -194.92 1.02 -0.12 0.15 
22.39 -15.00 -179.65 1.11 -0.09 0.12 
29.61 -10.88 -163.80 1.24 -0.04 0.17 
-2.10 6.58 -126.67 0.81 -0.02 0.21 
-11.23 -11.71 -124.74 0.51 -0.37 0.03 
21.12 -21.57 -128.67 1.65 -0.44 0.32 
32.70 -8.52 -102.60 0.92 -0.24 0.28 
-3.31 4.41 -80.66 0.72 0.16 0.14 
26.24 -27.06 -84.52 1.12 -0.34 0.16 
20.96 -11.42 -73.97 1.09 -0.09 0.20 
17.62 -14.21 -59.83 1.03 -0.11 0.17 
16.65 -10.60 -44.63 1.00 -0.09 0.12 
15.04 -11.11 -31.13 1.01 -0.08 0.12 
17.02 -13.49 -19.73 0.98 -0.09 0.12 
20.65 -14.44 -9.43 1.06 -0.13 0.16 
1.63 6.62 27.95 1.19 -0.18 0.24 
7.44 2.70 42.72 0.36 0.02 0.03 
20.31 -29.82 35.52 1.14 -0.61 0.23 
26.03 -9.42 51.83 1.20 -0.45 0.19 
-2.11 7.57 81.27 0.83 0.26 0.21 
26.40 -25.26 75.65 1.06 -0.55 0.13 
24.18 -6.26 88.77 1.08 0.00 0.22 
16.75 -12.33 99.63 1.00 -0.13 0.15 
13.77 -11.19 112.61 1.02 -0.10 0.13 
16.66 -12.43 124.70 1.02 -0.10 0.15 
18.73 -12.13 137.12 1.02 -0.11 0.16 
17.20 -12.06 150.40 1.06 -0.09 0.14 
30.94 -1.86 168.72 1.29 -0.09 0.33 
-11.02 21.14 193.90 0.83 0.18 0.01 
-0.74 -13.53 196.58 0.50 -0.43 0.05 
24.09 -21.82 187.56 1.58 -0.44 0.40 
29.26 0.31 231.14 0.74 -0.07 0.27 
-29.13 6.11 234.89 0.63 -0.27 -0.03 
39.61 -28.05 234.93 1.22 -0.44 0.30 
6.92 -11.19 246.80 1.01 -0.25 0.21 
17.01 -12.44 258.31 1.02 -0.14 0.17 
17.71 -12.89 270.93 1.00 -0.12 0.15 
16.54 -12.29 283.08 1.02 -0.13 0.16 
15.84 -11.81 295.94 1.00 -0.11 0.14 
22.42 -16.17 311.36 1.09 -0.09 0.12 
17.59 -11.53 322.53 1.21 -0.11 0.16 
-5.36 -3.11 -292.84 0.65 -0.25 0.18 
-4.81 -5.65 -291.15 0.76 -0.41 0.08 
28.44 -18.24 -285.94 1.52 -0.54 0.31 
22.51 -6.93 -254.18 0.69 -0.06 0.22 
-12.04 -0.94 -259.15 0.77 -0.02 -0.01 
18.29 -5.69 -249.82 1.28 -0.54 0.60 
8.14 -9.45 -238.61 0.99 -0.17 0.15 
17.69 -13.34 -226.77 1.02 -0.15 0.15 
14.93 -13.56 -214.25 0.99 -0.09 0.16 
15.14 -12.60 -202.83 1.03 -0.11 0.20 
14.49 -11.48 -191.06 1.00 -0.12 0.16 
17.83 -11.10 -178.77 1.04 -0.12 0.17 
32.42 -11.43 -168.89 1.25 -0.11 0.30 
-0.31 16.60 -136.06 1.03 0.01 0.18 
-9.12 -9.34 -123.55 0.39 -0.22 0.03 
28.45 -30.32 -128.21 1.53 -0.47 0.41 
22.80 -1.34 -104.56 1.04 -0.47 0.17 
12.08 -1.72 -74.43 0.63 0.20 0.30 
22.13 -28.00 -80.33 1.19 -0.61 0.24 
23.12 -9.26 -73.81 1.08 -0.26 0.24 
10.25 -11.37 -63.36 1.01 -0.21 0.13 
18.95 -13.89 -46.43 1.01 -0.11 0.14 
20.99 -15.13 -31.90 1.02 -0.10 0.16 
15.52 -11.73 -19.36 1.00 -0.11 0.14 
18.41 -12.79 -7.56 1.01 -0.14 0.12 
25.95 -12.36 2.12 1.21 -0.11 0.11 
22.08 6.25 33.11 0.79 0.07 0.30 
-8.19 11.10 36.96 0.70 -0.09 0.01 
15.29 -29.15 31.36 1.37 -0.34 0.24 
22.37 -4.70 61.18 0.83 -0.08 0.34 
-15.71 -1.21 63.13 0.51 -0.16 -0.05 
41.02 -30.55 57.90 1.37 -0.24 0.30 
10.40 -11.85 77.92 0.96 -0.12 0.14 
17.35 -13.93 86.75 1.03 -0.12 0.17 
15.23 -11.40 98.97 1.02 -0.12 0.15 
14.48 -11.97 110.86 1.01 -0.14 0.13 
15.20 -12.55 123.62 1.01 -0.12 0.13 
17.52 -12.34 136.42 1.00 -0.10 0.13 
19.20 -17.02 145.68 1.02 -0.13 0.16 
-1.96 0.93 164.80 1.30 -0.05 0.02 
12.40 0.87 202.48 0.63 0.09 0.23 
-15.26 -20.32 193.63 0.91 -0.60 0.00 
7.11 48.95 310.70 0.97 0.00 0.10 
-0.84 -20.93 298.07 0.81 -0.67 0.00 
25.44 -15.39 297.17 1.16 -0.24 0.27 
15.85 -11.73 311.22 1.04 -0.18 0.16 
15.47 -10.98 324.88 1.00 -0.09 0.13 
15.84 -11.73 -317.20 1.01 -0.08 0.14 
15.99 -13.01 -305.57 0.98 -0.08 0.13 
18.32 -14.04 -295.11 1.04 -0.12 0.14 
17.43 -10.86 -280.91 1.04 -0.09 0.17 
15.34 -10.33 -266.04 1.03 -0.07 0.10 
39.22 -13.94 -249.32 1.18 -0.11 0.20 
0.99 4.86 -223.09 0.63 -0.05 0.28 
10.47 -19.90 -235.11 0.96 -0.93 0.06 
41.56 -15.09 -236.71 1.37 -0.46 0.22 
12.26 -1.48 -201.55 0.88 -0.18 0.25 
-5.19 5.95 -186.17 0.66 0.47 0.15 
33.33 -29.91 -196.98 1.09 -0.36 0.23 
4.61 -8.90 -186.64 1.00 -0.23 0.10 
16.51 -12.25 -174.17 0.99 -0.11 0.17 
14.52 -10.85 -158.18 1.01 -0.12 0.15 
14.16 -12.09 -144.51 0.99 -0.06 0.12 
12.95 -13.09 -135.37 1.04 -0.13 0.15 
20.11 -14.52 -127.16 1.01 -0.14 0.12 
16.81 -11.89 -111.97 1.06 -0.08 0.14 
11.47 -7.65 -95.59 0.96 -0.02 0.15 
40.45 -9.16 -65.54 0.97 -0.29 0.15 
2.92 6.75 -43.74 0.48 0.24 0.24 
13.42 -22.31 -47.25 1.13 -0.78 0.26 
15.86 -4.49 -35.16 1.31 -0.37 0.03 
21.27 -1.08 1.85 0.51 0.00 0.28 
19.66 -27.56 -12.35 1.25 -0.60 0.21 
23.31 -12.76 2.76 0.94 -0.12 0.13 
12.79 -13.16 10.16 0.99 -0.15 0.19 
15.67 -11.58 24.19 0.98 -0.25 0.28 
19.51 -12.18 39.62 1.00 -0.14 0.24 
18.37 -16.70 58.01 0.99 -0.19 0.27 
0.46 -3.49 58.86 0.98 -0.20 0.26 
17.66 -10.84 69.83 0.99 -0.13 0.27 
7.47 -7.54 75.75 0.98 -0.09 0.27 
163.68 -111.10 320.40 1.00 -0.04 0.22 
15.87 -12.34 -322.73 1.01 -0.06 0.18 
14.17 -11.74 -310.47 1.13 -0.05 0.23 
18.79 -10.86 -296.42 1.04 -0.12 0.22 
-0.76 6.82 -261.34 0.89 0.15 0.33 
11.96 -21.87 -264.71 0.90 -0.60 0.21 
21.95 -8.65 -256.70 1.37 -0.36 0.20 
15.86 -7.72 -230.58 0.86 -0.13 0.25 
4.07 0.15 -217.76 0.84 0.27 0.26 
26.30 -30.11 -231.48 1.34 -0.49 0.46 
7.99 -8.38 -211.16 0.97 -0.06 0.17 
16.14 -13.05 -200.05 1.02 -0.11 0.19 
14.13 -11.52 -186.69 0.99 0.00 0.21 
14.24 -12.22 -174.90 1.01 -0.14 0.22 
17.21 -12.00 -162.03 1.08 -0.04 0.23 
12.78 -11.05 -148.40 0.99 -0.05 0.19 
18.12 -14.44 -139.03 1.04 -0.08 0.18 
17.51 -13.81 -127.09 1.11 -0.09 0.13 
26.62 -12.49 -116.52 1.17 -0.01 0.15 
33.79 -7.19 -100.42 1.02 -0.24 0.24 
2.07 0.38 -71.30 0.74 0.07 0.23 
45.82 -34.09 -86.85 1.49 -0.43 0.40 
9.58 -8.35 -63.49 1.28 -0.15 0.14 
1.28 6.82 -23.71 0.64 0.07 0.11 
32.37 -28.32 -30.75 1.28 -0.48 0.35 
10.80 -12.32 -18.53 1.00 -0.18 0.13 
13.90 -11.30 -4.87 1.03 -0.16 0.14 
16.50 -12.21 11.18 0.98 -0.08 0.14 
16.46 -12.96 22.00 1.05 -0.07 0.18 
14.39 -11.18 34.03 1.01 -0.10 0.14 
15.10 -12.20 45.43 1.02 -0.13 0.12 
16.19 -12.15 58.58 1.01 -0.10 0.16 
17.86 -12.77 71.40 1.02 -0.09 0.14 
18.68 -11.90 81.37 1.33 -0.09 0.12 
22.41 0.53 105.27 0.72 -0.09 0.36 
-20.53 -10.20 94.99 0.72 -0.31 -0.06 
29.23 -14.91 97.66 1.54 -0.12 0.32 
20.24 -5.91 130.72 0.67 -0.12 0.24 
3.56 0.08 141.94 0.99 0.07 0.10 
29.92 -22.89 141.86 1.16 -0.42 0.34 
21.05 -12.83 154.31 1.02 -0.12 0.18 
15.82 -11.00 167.88 1.03 -0.11 0.13 
14.39 -11.53 182.60 0.99 -0.07 0.12 
14.80 -13.21 192.88 1.00 -0.09 0.15 
14.56 -12.47 203.33 1.02 -0.13 0.16 
19.13 -13.47 220.38 1.01 -0.11 0.16 
15.39 -11.60 234.06 1.00 -0.09 0.13 
15.90 -12.20 246.47 1.03 -0.07 0.13 
22.31 -13.39 255.20 1.25 -0.12 0.16 
13.54 1.36 283.63 0.63 -0.20 0.27 
-26.26 6.86 295.00 0.74 0.10 -0.07 
30.88 -21.63 293.75 1.24 -0.43 0.24 
23.65 -11.94 307.77 1.08 -0.17 0.29 
-27.29 0.09 -311.31 0.81 -0.01 0.09 
41.58 -8.44 -289.83 1.09 -0.78 0.21 
14.26 -13.26 -283.54 1.02 -0.10 0.17 
13.14 -11.99 -268.71 1.00 -0.12 0.13 
14.57 -13.28 -256.58 1.00 -0.11 0.16 
12.88 -12.42 -244.18 1.03 -0.12 0.20 
14.97 -11.10 -232.01 1.01 -0.10 0.16 
15.55 -11.44 -219.20 1.00 -0.11 0.14 
15.86 -12.02 -206.23 1.01 -0.10 0.15 
17.26 -12.83 -194.36 1.02 -0.11 0.15 
21.26 -15.06 -184.14 1.15 -0.08 0.15 
17.13 -4.72 -161.70 0.84 -0.25 0.32 
-15.55 11.94 -146.58 0.39 0.09 -0.08 
23.84 -35.51 -157.07 1.37 -0.34 0.29 
20.85 -9.36 -137.34 1.24 -0.14 0.16 
3.71 11.82 -94.59 0.66 0.16 0.14 
19.97 -31.04 -106.25 1.18 -0.47 0.16 
15.37 -3.39 -90.39 1.08 -0.06 0.19 
16.56 -11.85 -79.49 1.02 -0.13 0.19 
12.34 -9.90 -64.42 1.00 -0.07 0.13 
12.36 -12.23 -52.91 0.99 -0.09 0.11 
15.23 -13.56 -41.80 1.00 -0.11 0.13 
16.22 -12.61 -29.72 1.06 -0.12 0.17 
19.91 -12.07 -12.15 1.00 -0.06 0.12 
16.22 -11.78 0.66 1.01 -0.09 0.11 
10.41 -13.22 12.01 1.06 -0.03 0.16 
18.59 -13.39 22.40 1.12 -0.11 0.14 
18.38 -4.75 46.83 0.90 -0.24 0.27 
-2.77 9.70 56.92 0.66 0.29 0.04 
42.26 -38.71 54.06 1.27 -0.46 0.28 
8.42 -6.52 76.29 1.22 -0.18 0.10 
9.82 2.59 111.00 0.46 0.08 0.10 
20.23 -29.47 99.74 1.37 -0.42 0.27 
12.53 -6.23 116.22 1.03 -0.12 0.17 
12.37 -10.10 128.11 1.01 -0.13 0.10 
19.68 -15.62 146.84 0.98 -0.06 0.12 
13.04 -12.69 157.91 1.02 -0.09 0.17 
12.51 -12.24 168.29 1.01 -0.11 0.14 
15.42 -12.56 179.62 1.02 -0.14 0.15 
17.04 -12.26 192.90 1.02 -0.12 0.12 
20.37 -13.57 205.35 1.07 -0.09 0.14 
10.86 -3.80 224.07 1.13 -0.16 0.22 
-6.80 12.68 253.91 0.80 0.24 0.07 
-6.86 -31.05 233.02 1.04 -0.90 0.01 
27.73 -13.59 235.92 1.34 -0.32 0.07 
10.74 4.38 285.29 0.65 0.14 0.27 
-6.92 -11.17 273.83 0.82 -0.20 -0.04 
17.55 -2.82 289.27 1.22 0.08 0.28 
15.26 -14.61 298.20 0.99 -0.04 0.23 
13.86 -10.92 313.16 1.07 -0.11 0.17 
15.35 -11.83 326.35 0.97 -0.06 0.13 
14.61 -12.70 -316.99 1.01 -0.11 0.13 
15.07 -12.66 -306.28 1.02 -0.08 0.17 
15.03 -10.92 -292.68 1.02 -0.10 0.15 
24.90 -15.85 -277.58 1.05 -0.11 0.11 
24.06 -15.13 -268.21 1.34 -0.04 0.21 
13.04 2.07 -232.16 0.73 -0.18 0.25 
-21.89 -0.02 -226.45 0.53 0.20 -0.01 
22.31 -31.95 -232.17 1.37 -0.45 0.26 
21.76 -13.46 -212.29 1.09 -0.09 0.23 
0.21 7.67 -181.35 0.78 0.09 0.15 
24.16 -34.29 -199.51 1.30 -0.76 0.04 
23.40 2.41 -180.85 0.97 -0.08 0.12 
15.16 -8.73 -168.38 1.03 -0.16 0.13 
15.59 -11.00 -152.60 0.99 -0.06 0.11 
15.66 -13.41 -142.03 1.00 -0.07 0.16 
13.13 -12.65 -131.24 1.02 -0.12 0.17 
15.07 -11.71 -118.75 1.02 -0.12 0.15 
17.64 -12.87 -106.37 1.05 -0.09 0.12 
15.90 -14.88 -96.86 1.04 -0.04 0.15 
-0.58 -11.66 -81.48 1.11 -0.06 0.05 
30.07 -2.54 -50.34 0.68 0.00 0.27 
-19.27 -5.70 -55.59 0.75 -0.17 0.00 
33.49 -13.55 -46.14 1.48 -0.26 0.26 
12.72 -6.19 -23.33 0.81 -0.12 0.28 
4.92 -1.10 -12.96 0.79 0.17 0.08 
43.87 -33.01 -16.84 1.33 -0.36 0.34 
16.02 -10.65 -1.90 0.91 0.00 0.12 
14.77 -12.97 8.60 1.00 -0.17 0.08 
19.37 -13.62 22.39 1.00 -0.07 0.17 
13.94 -11.21 34.51 1.01 -0.11 0.14 
14.37 -12.57 46.32 1.00 -0.10 0.13 
15.79 -12.10 59.07 1.02 -0.08 0.17 
16.41 -12.04 71.25 1.01 -0.09 0.13 
19.60 -13.06 83.03 1.03 -0.07 0.12 
14.23 -16.82 90.49 1.26 -0.09 0.15 
15.02 -0.26 123.22 0.80 -0.01 0.27 
-9.64 -0.40 122.12 0.62 -0.08 -0.04 
34.89 -20.89 122.96 1.53 -0.25 0.41 
33.72 -9.94 143.92 0.90 -0.17 0.24 
-5.08 2.86 165.39 0.75 0.21 0.12 
37.16 -52.92 140.37 1.51 -0.88 0.11 
19.91 -9.78 156.17 0.90 0.01 0.07 
19.82 -12.67 169.50 1.01 -0.14 0.09 
16.78 -11.44 185.69 1.00 -0.07 0.14 
19.76 -14.98 196.71 1.00 -0.10 0.14 
14.07 -12.78 208.20 1.02 -0.13 0.16 
16.78 -12.25 221.23 1.01 -0.08 0.15 
21.41 -14.35 231.59 1.02 -0.04 0.13 
14.63 -9.03 244.54 1.20 0.01 0.15 
7.90 -6.32 275.93 0.81 -0.27 0.14 
4.78 6.99 291.60 0.84 0.07 0.26 
30.31 -34.86 285.92 1.23 -0.50 0.28 
15.69 -10.55 304.92 1.27 -0.11 0.19 
13.91 4.44 -316.45 0.65 0.04 0.23 
-10.80 -4.24 325.89 0.76 -0.29 0.03 
31.62 -25.76 325.91 1.30 -0.30 0.35 
33.81 -23.27 -291.49 1.01 -0.05 0.10 
14.39 -12.74 -282.28 0.99 -0.04 0.09 
14.76 -12.94 -271.83 1.02 -0.09 0.11 
0.00 0.00 0.00 0.00 0.00 0.00 
37.41 89.79 186.49 0.01 -0.61 0.33 
-26.10 11.42 130.84 1.68 -0.86 0.15 
-14.25 -8.93 77.12 1.16 0.20 0.06 
-12.82 4.21 65.22 0.59 0.01 0.17 
-7.74 0.63 51.97 0.95 -0.04 0.17 
3.93 -3.11 40.18 0.99 -0.07 0.24 
3.39 -2.29 23.07 1.00 -0.12 0.21 
3.25 -4.75 5.49 0.99 -0.11 0.24 
-1.64 -2.22 -10.67 1.00 -0.11 0.17 
0.91 -3.21 -28.34 1.01 -0.12 0.22 
0.15 -2.59 -45.20 1.00 -0.14 0.23 
1.28 -1.98 -61.43 0.99 -0.14 0.20 
0.72 -2.91 -77.15 1.01 -0.15 0.19 
2.67 -3.30 -93.60 1.13 -0.13 0.22 
12.09 -2.54 -105.48 0.64 -0.20 0.30 
-13.90 -2.19 -130.91 0.90 -0.18 0.07 
4.35 -6.25 -145.26 1.07 -0.22 0.19 
-0.74 -3.35 -162.95 1.00 -0.07 0.22 
7.65 -7.72 -184.84 1.21 -0.12 0.17 
0.43 3.67 -188.19 0.78 -0.11 0.38 
-13.35 -4.81 -222.40 0.83 -0.27 0.08 
0.49 -8.17 -243.94 1.11 -0.20 0.22 
-1.07 -3.26 -262.44 1.00 -0.07 0.24 
-0.85 -2.91 -279.42 0.96 -0.08 0.26 
-4.95 -4.02 -291.20 0.93 -0.21 0.15 
5.06 -3.44 -310.07 1.41 -0.04 0.11 
-12.74 -2.20 -324.26 0.90 -0.25 0.06 
-79.05 138.63 -293.06 0.77 0.02 0.15 
-7.98 5.85 307.63 1.03 -0.15 0.11 
0.07 -0.54 294.07 1.00 -0.06 0.10 
0.60 -3.86 275.98 1.00 -0.08 0.10 
-0.07 -3.89 257.81 1.01 -0.10 0.14 
-0.22 -2.57 240.47 1.04 -0.10 0.15 
-0.53 -2.01 219.97 1.01 -0.09 0.10 
1.75 -3.83 202.24 0.98 -0.09 0.10 
3.36 -5.70 184.05 1.12 -0.09 0.10 
3.02 4.68 173.37 1.00 -0.04 0.26 
2.39 -0.25 159.07 0.62 0.04 0.11 
5.28 -13.84 120.86 1.18 -0.40 0.11 
7.57 -3.96 104.82 1.22 -0.08 0.13 
6.81 9.07 93.31 1.00 -0.09 0.26 
-13.95 2.98 75.18 0.82 -0.07 0.02 
-8.19 -12.22 46.56 1.13 -0.31 0.11 
5.57 -3.60 30.80 1.04 -0.12 0.20 
-1.42 -0.28 16.03 1.04 -0.09 0.15 
-0.62 -0.80 1.39 0.98 -0.08 0.09 
0.75 -4.56 -17.10 1.00 -0.09 0.10 
0.21 -4.19 -35.17 1.02 -0.10 0.14 
1.50 -3.63 -52.83 1.01 -0.11 0.12 
-0.30 -4.18 -68.94 1.06 -0.08 0.03 
4.52 -4.30 -86.89 1.31 0.01 0.08 
5.07 10.80 -86.49 0.74 0.00 0.23 
-41.79 5.16 -111.16 0.60 -0.28 -0.14 
14.38 -13.22 -132.37 1.28 -0.30 0.22 
7.48 -2.24 -146.93 1.23 -0.19 0.09 
-16.03 13.60 -142.20 0.76 0.09 0.14 
-1.55 -6.79 -175.87 1.07 -0.59 0.11 
9.34 -0.69 -194.42 1.04 -0.23 0.14 
8.00 -4.49 -311.54 1.01 -0.09 0.12 
-1.05 -2.48 -323.89 1.02 -0.08 0.14 
-1.27 -2.76 313.35 1.00 -0.11 0.10 
0.99 -4.74 294.89 1.00 -0.15 0.08 
-4.24 -7.30 276.27 1.35 0.01 0.06 
5.84 7.11 273.36 0.94 -0.12 0.19 
-23.55 -9.70 238.49 0.62 -0.42 0.04 
5.58 -16.29 199.37 1.55 -0.22 0.24 
28.71 0.26 190.60 0.94 -0.34 0.24 
-17.41 3.65 173.16 0.43 0.03 0.00 
10.83 -17.32 133.35 1.20 -0.11 0.23 
5.76 -4.79 116.97 1.06 -0.10 0.17 
1.92 -3.14 99.77 1.03 -0.11 0.12 
-2.30 -1.55 81.44 1.00 -0.07 0.10 
0.00 -3.15 63.47 1.01 -0.07 0.11 
-1.54 -2.95 45.33 1.02 -0.10 0.11 
-0.58 -3.46 27.51 1.01 -0.10 0.11 
0.61 -3.20 7.03 1.01 -0.10 0.07 
2.62 -7.31 -12.55 1.17 0.02 0.09 
7.09 1.64 -26.79 1.09 -0.23 0.23 
-15.24 17.06 -27.25 0.81 0.09 0.06 
2.97 -7.16 -52.68 0.98 -0.54 0.03 
17.90 -9.21 -75.09 1.31 -0.20 0.23 
-4.15 14.39 -73.42 0.93 0.02 0.27 
-11.10 -16.38 -119.12 0.92 -0.25 -0.07 
10.05 1.27 -130.64 1.25 -0.18 0.20 
-19.43 -8.15 -144.42 0.95 0.03 0.10 
-1.32 -1.83 -157.67 0.98 -0.06 0.05 
0.99 -4.83 -174.54 0.98 -0.06 0.08 
1.03 -4.08 -193.06 1.05 -0.09 0.17 
-0.89 -2.55 -210.98 1.01 -0.10 0.10 
-0.18 -2.90 -227.49 1.02 -0.10 0.10 
0.12 -2.73 -243.85 1.01 -0.09 0.09 
-0.33 14.73 -288.02 1.28 -0.04 0.12 
-5.37 7.63 -299.70 0.63 -0.12 0.13 
3.34 -13.10 321.96 1.16 -0.48 0.20 
-4.83 -3.54 305.05 1.38 -0.07 0.06 
19.51 9.86 302.06 0.71 0.01 0.27 
-36.62 0.37 274.88 0.71 -0.29 0.03 
12.62 -8.79 246.30 1.28 -0.24 0.30 
-5.09 -0.67 231.24 1.05 -0.10 0.07 
1.45 -4.53 214.30 0.99 -0.06 0.08 
0.69 -5.75 196.42 0.95 -0.16 0.12 
2.36 -5.20 170.82 1.12 -0.11 0.09 
1.18 -0.17 153.01 0.97 -0.13 0.05 
0.84 -2.93 136.11 1.00 -0.07 0.07 
2.88 -3.22 119.05 1.01 -0.08 0.10 
0.01 -2.60 101.68 0.98 -0.10 0.06 
-5.23 -9.03 81.20 1.10 -0.08 -0.02 
6.93 2.03 73.10 1.19 -0.03 0.07 
-13.73 11.57 74.21 0.68 -0.02 0.12 
0.44 -8.47 35.45 1.17 -0.66 0.09 
2.62 -0.25 21.75 1.23 -0.18 0.07 
8.56 21.09 21.33 1.01 0.21 0.22 
-11.41 -7.38 0.02 0.81 -0.40 0.11 
-9.17 -4.33 -23.34 1.13 -0.25 0.20 
1.95 -5.79 -43.81 1.05 -0.13 0.15 
-1.52 -2.33 -61.43 1.04 -0.12 0.10 
-1.80 -1.48 -76.01 1.00 -0.07 0.07 
0.58 -3.36 -94.08 1.01 -0.08 0.08 
0.09 -2.82 -110.90 1.02 -0.07 0.09 
-1.00 -2.56 -127.80 1.03 -0.07 0.07 
2.90 -4.46 -146.12 1.02 -0.06 0.08 
0.95 -4.82 -164.20 1.06 -0.09 0.05 
2.00 -4.11 -182.01 1.22 -0.02 0.07 
-12.13 14.16 -173.70 0.88 0.13 0.17 
-25.27 3.23 -192.89 0.66 -0.18 0.00 
3.53 -6.81 -220.79 1.36 -0.28 0.22 
7.03 -2.57 -237.19 1.10 -0.09 0.07 
-12.54 7.63 -238.29 0.81 0.00 0.25 
-17.20 -1.40 -262.56 0.81 -0.49 0.10 
3.38 -11.88 -289.02 1.03 -0.23 0.17 
-8.16 -2.92 -307.52 1.05 -0.22 0.09 
0.63 -3.55 -325.21 1.02 -0.07 0.11 
1.57 -3.94 310.87 1.01 -0.10 0.11 
1.94 -3.70 292.01 1.03 -0.10 0.10 
0.87 -2.45 276.33 1.03 -0.10 0.08 
0.00 -2.14 260.93 1.01 -0.07 0.07 
2.82 -4.61 242.92 1.00 -0.09 0.05 
3.92 -4.38 223.93 1.07 -0.08 0.07 
7.41 -3.08 206.08 1.09 -0.05 0.09 
2.58 2.52 194.34 1.00 -0.11 0.11 
0.22 8.96 189.03 0.84 -0.03 0.20 
-10.05 -8.07 161.73 0.93 -0.57 0.13 
15.55 -3.70 134.35 1.30 -0.20 0.10 
-11.13 0.41 135.36 0.73 -0.38 0.16 
-13.82 -0.08 115.16 1.02 0.03 0.19 
5.96 -12.78 88.23 1.14 -0.42 0.15 
4.67 -4.20 72.73 1.03 -0.07 0.17 
-3.35 -1.04 56.33 1.02 -0.13 0.08 
-0.68 -3.15 38.86 0.99 -0.10 0.07 
-0.93 -4.51 19.82 1.00 -0.12 0.09 
0.16 -3.18 1.31 1.03 -0.11 0.12 
-1.58 -1.67 -14.58 1.02 -0.11 0.07 
-0.64 -2.56 -30.96 1.00 -0.08 0.06 
1.52 -3.78 -49.02 1.02 -0.08 0.09 
1.26 -3.63 -66.76 1.04 -0.09 0.06 
6.68 -4.57 -85.80 1.09 -0.10 0.08 
0.32 3.66 -98.57 0.91 -0.18 0.07 
-19.08 1.50 -110.00 0.95 0.19 0.07 
14.98 -5.44 -135.14 1.12 -0.43 0.09 
8.64 -6.44 -161.81 1.20 -0.13 0.04 
-3.08 16.18 -153.01 0.87 -0.04 0.08 
-24.37 -6.80 -181.67 0.73 -0.40 -0.01 
21.48 8.45 -200.01 1.16 -0.51 0.01 
-14.02 -3.21 -215.81 1.04 -0.17 0.09 
-0.92 -3.95 -232.59 1.02 -0.11 0.08 
0.21 -4.08 -249.91 1.02 -0.09 0.12 
-0.65 -2.84 -267.10 1.02 -0.08 0.11 
-0.79 -1.99 -284.13 1.03 -0.09 0.08 
0.56 -3.18 -300.94 1.00 -0.09 0.05 
2.07 -4.76 -317.79 1.00 -0.12 0.05 
6.52 -5.58 319.30 1.08 -0.06 0.08 
-2.66 -0.10 303.02 1.21 -0.07 0.04 
-9.25 10.51 300.91 0.83 -0.17 0.03 
-11.97 7.36 296.00 0.87 0.13 0.24 
19.18 -4.05 255.28 1.16 -0.27 0.04 
18.99 -10.68 229.66 1.21 -0.15 0.14 
-20.13 23.48 246.70 0.94 0.15 0.15 
-11.00 -17.46 201.48 0.85 -0.53 -0.10 
-20.06 7.66 195.07 1.05 -0.09 0.06 
2.05 -0.36 177.81 1.00 -0.08 0.07 
-1.55 -0.94 163.41 1.01 -0.09 0.04 
0.42 -4.62 144.33 0.98 -0.08 0.05 
1.53 -4.45 125.02 1.05 -0.11 0.11 
-1.13 -1.75 108.71 1.03 -0.10 0.08 
-0.74 -1.75 92.97 1.01 -0.08 0.06 
0.53 -3.02 76.02 1.00 -0.07 0.06 
3.26 -7.86 54.99 0.99 -0.10 0.05 
-1.79 -2.88 39.14 1.08 -0.09 0.07 
-1.81 -0.17 26.12 1.06 -0.05 0.05 
-17.26 11.22 24.93 0.96 0.07 0.13 
-0.02 -11.08 -5.44 1.07 -0.60 0.08 
3.17 -4.37 -24.72 1.20 -0.20 0.10 
-7.99 3.98 -23.75 0.72 -0.17 0.03 
-5.45 4.60 -43.18 1.07 0.13 0.09 
24.22 -7.82 -68.71 1.13 -0.26 0.17 
-11.34 -0.72 -83.13 1.00 -0.19 0.07 
0.36 -3.16 -99.59 1.02 -0.11 0.08 
-0.87 -4.26 -117.93 0.98 -0.11 0.09 
1.81 -5.05 -138.51 1.02 -0.12 0.10 
1.03 -2.39 -156.37 1.05 -0.12 0.07 
-1.80 -3.47 -171.58 0.98 -0.11 0.01 
-3.33 -2.95 -189.13 1.03 -0.10 -0.02 
-4.23 -3.19 -206.55 0.99 -0.15 0.07 
-6.13 -3.03 -221.61 1.17 -0.03 -0.08 
3.91 17.29 -230.97 0.91 -0.09 0.21 
-22.18 16.36 -240.01 0.82 0.32 -0.06 
5.93 -8.45 -270.26 1.14 -0.31 0.03 
7.13 -2.34 -294.32 1.14 -0.45 0.25 
-1.31 6.58 -296.85 0.71 -0.09 0.13 
7.34 -8.02 327.24 1.02 -0.65 0.18 
1.71 -4.78 305.35 1.04 -0.26 0.20 
1.24 -4.31 286.86 1.01 -0.17 0.17 
-0.34 -3.92 268.47 0.99 -0.17 0.11 
1.04 -3.82 249.98 1.03 -0.14 0.13 
0.60 -2.16 233.01 1.01 -0.10 0.10 
-0.71 -2.79 215.50 1.00 -0.10 0.08 
1.74 -4.41 197.17 1.01 -0.10 0.08 
1.74 -3.90 177.87 1.05 -0.08 0.05 
9.15 -5.77 156.73 1.14 -0.03 0.05 
10.18 6.50 148.12 1.00 -0.27 0.16 
-10.35 12.51 145.30 0.82 0.17 0.01 
-7.24 -10.85 109.17 1.29 -0.42 0.18 
23.00 2.05 85.08 0.85 -0.33 0.20 
-20.58 9.62 78.48 0.96 0.30 0.06 
17.29 -25.67 42.48 1.28 -0.45 0.13 
-0.17 1.09 27.71 0.91 0.04 0.06 
3.89 -5.63 2.39 1.05 -0.15 0.06 
-0.26 -3.77 -12.43 0.99 -0.07 0.09 
1.02 -4.43 -30.37 1.03 -0.10 0.12 
-1.36 -1.48 -47.81 1.02 -0.09 0.09 
-1.39 -2.26 -64.64 1.02 -0.11 0.03 
10.00 -6.10 -86.09 1.02 -0.11 0.07 
3.29 -3.50 -102.97 1.05 -0.07 0.05 
5.74 -4.87 -120.81 1.13 -0.17 0.07 
6.97 11.79 -125.86 0.69 -0.02 0.18 
-40.50 9.15 -136.84 0.61 -0.20 -0.23 
2.70 -4.02 -162.47 1.29 -0.16 0.02 
7.62 9.53 -167.78 0.82 -0.06 0.38 
-25.72 10.86 -196.62 0.91 0.05 -0.03 
-0.20 -11.79 -225.51 1.05 -0.13 0.19 
1.07 -6.13 -247.95 1.09 -0.10 0.16 
-0.88 -3.12 -262.97 1.04 -0.08 0.13 
-0.52 -1.79 -276.01 1.00 -0.07 0.09 
2.73 -3.90 -293.22 0.98 -0.05 0.08 
1.68 -3.64 -313.25 1.06 -0.07 0.13 
-0.59 -1.96 326.03 0.96 -0.07 0.08 
2.15 -6.78 306.71 1.05 -0.11 0.04 
-1.25 0.37 296.00 1.08 -0.06 0.01 
8.39 -6.52 273.59 1.03 -0.07 0.01 
6.19 -1.91 254.15 1.19 -0.06 0.08 
-20.76 18.50 263.88 0.83 0.04 0.06 
-8.41 -16.15 229.29 0.90 -0.56 0.07 
0.55 -8.57 202.53 1.37 -0.17 0.07 
8.92 8.28 197.95 0.71 -0.22 0.20 
-15.82 12.98 178.52 0.91 0.19 0.05 
16.71 -20.03 148.33 1.17 -0.34 0.08 
-9.97 -2.50 134.83 0.97 -0.11 0.04 
1.49 -3.89 116.94 1.02 -0.08 0.07 
0.03 -3.23 99.63 1.00 -0.10 0.06 
0.21 -3.84 81.20 1.00 -0.12 0.08 
-1.11 -2.33 64.98 1.02 -0.13 0.05 
7.24 -4.96 41.27 1.03 -0.10 0.07 
-0.57 -3.37 24.87 1.04 -0.11 0.00 
-0.22 1.54 4.73 1.01 -0.20 0.03 
8.78 -2.90 -6.24 0.53 -0.11 0.19 
-1.28 -1.65 -42.24 1.24 -0.47 0.13 
14.59 -0.96 -60.98 1.35 -0.19 0.00 
-5.57 5.34 -60.42 0.76 -0.24 0.30 
-25.33 11.29 -79.99 0.75 0.10 -0.11 
22.16 -21.04 -115.52 1.39 -0.33 0.32 
12.17 -4.72 -146.40 0.96 -0.05 0.10 
0.41 -3.38 -147.96 0.98 -0.06 0.09 
0.22 -3.83 -176.08 0.99 -0.07 0.07 
2.71 -1.64 -227.98 1.02 -0.10 0.08 
2.71 -1.64 -227.98 1.02 -0.10 0.08 
-0.04 -3.01 -240.12 1.01 -0.11 0.03 
1.13 -3.34 -248.38 1.01 -0.08 0.05 
2.79 -4.11 -276.36 1.07 -0.10 0.06 
13.42 -17.23 301.30 1.11 -0.42 0.14 
13.42 -17.23 301.30 1.11 -0.42 0.14 
0.67 -6.73 281.36 1.44 -0.17 0.08 
2.63 -2.84 273.55 1.08 -0.23 0.12 
0.20 -4.02 185.36 0.99 -0.08 0.06 
2.41 -1.77 115.78 1.02 -0.09 0.07 
1.75 -5.62 92.04 1.00 -0.11 0.02 
1.47 -3.23 73.48 1.12 -0.09 0.01 
13.19 1.68 60.35 0.81 -0.15 0.20 
-23.53 6.92 45.17 0.91 0.01 0.01 
13.40 -15.89 13.62 1.17 -0.22 0.12 
10.75 -3.59 -5.07 0.93 -0.27 0.20 
-12.67 12.86 -4.90 0.81 0.05 0.10 
-5.68 -19.45 -40.93 1.27 -0.58 0.04 
-2.44 2.17 -53.40 1.00 -0.19 0.06 
0.93 -3.07 -71.64 1.02 -0.11 0.08 
0.24 -2.42 -85.43 1.02 -0.11 0.07 
-0.13 -3.68 -109.72 1.02 -0.10 0.10 
-0.33 -2.93 -127.87 1.02 -0.12 0.07 
2.36 -4.04 -145.31 1.02 -0.12 0.07 
0.24 -2.69 -161.22 1.02 -0.08 0.06 
0.69 -3.38 -178.74 1.03 -0.07 0.03 
4.43 -3.94 -197.45 1.06 -0.08 0.03 
1.69 -0.50 -214.57 1.06 -0.08 0.05 
-22.90 9.22 -219.84 0.99 0.10 0.04 
15.04 -16.26 -253.63 1.18 -0.36 0.02 
7.20 1.12 -267.29 1.21 -0.07 0.03 
-5.18 8.06 -265.60 0.64 -0.01 0.17 
-19.77 -12.20 -304.51 1.00 -0.21 -0.04 
-6.33 5.64 -316.10 1.08 0.02 0.11 
0.13 -4.10 316.79 1.01 -0.10 0.09 
-1.19 -1.06 301.15 1.05 -0.12 0.14 
-0.97 -2.56 285.16 0.99 -0.08 0.05 
-0.96 -2.79 268.05 1.03 -0.03 0.11 
1.53 -3.34 250.48 1.02 -0.11 0.08 
8.02 -3.95 230.40 0.99 -0.09 0.10 
-2.73 0.59 218.12 1.03 -0.08 0.06 
8.93 -6.87 195.67 1.15 -0.03 0.14 
15.27 0.58 183.97 0.92 -0.22 0.24 
-13.09 18.84 175.92 0.89 0.13 0.00 
30.31 -15.87 143.69 1.20 -0.40 0.17 
5.87 -8.94 116.34 1.22 -0.20 0.10 
6.27 8.03 119.04 0.79 0.05 0.20 
-27.79 15.60 105.63 0.85 0.11 0.06 
-8.92 -13.27 82.80 1.15 -0.25 0.17 
0.81 -6.05 62.90 1.01 -0.18 0.07 
-4.34 -4.44 41.46 1.03 -0.18 0.01 
-0.41 -2.44 22.83 1.02 -0.14 0.00 
-1.35 -2.74 6.92 1.00 -0.10 -0.03 
-0.74 -3.94 -10.34 1.01 -0.09 -0.04 
-0.48 -3.67 -27.64 1.01 -0.05 -0.01 
