10.12 -4.53 -168.32 0.95 -0.09 -0.30 
17.76 -8.33 -103.59 1.02 -0.09 0.13 
8.05 -5.50 -100.32 1.02 -0.12 0.12 
11.61 -6.94 -93.85 1.01 -0.10 0.13 
17.31 -7.96 -83.42 1.02 -0.06 0.15 
7.36 2.66 -61.32 1.35 -0.53 0.37 
38.40 27.10 -7.32 1.08 -0.76 0.45 
4.03 31.88 40.62 0.20 -0.30 0.59 
2.10 10.12 56.72 -0.65 -0.04 0.40 
12.58 -4.00 65.45 -0.86 -0.43 0.42 
10.25 -3.37 69.26 -0.74 -0.43 0.47 
15.95 4.10 75.14 -0.99 -0.43 0.57 
9.20 14.74 97.36 -0.85 -0.78 0.21 
-9.85 -0.02 113.76 -0.64 -0.25 -0.16 
-2.78 -23.55 124.05 -0.52 0.00 0.22 
5.97 -29.77 111.62 -0.18 0.13 1.06 
14.16 -2.90 77.91 -0.25 -0.58 1.60 
17.92 42.15 92.50 -0.46 -1.39 0.73 
-2.23 9.40 116.72 -0.45 -0.32 0.10 
21.14 1.94 138.33 -1.09 -0.19 0.54 
21.44 7.08 151.49 -0.84 0.24 0.34 
9.53 -0.44 160.07 -0.38 0.20 0.51 
10.72 -1.84 168.96 -0.72 0.22 0.26 
8.27 -13.73 151.59 -0.90 -0.03 0.11 
21.91 -9.05 132.88 -1.20 -0.70 0.32 
14.42 4.93 139.74 -0.96 -0.53 0.36 
11.77 17.55 150.12 -1.14 -0.64 0.30 
-2.97 6.34 166.09 -0.66 -0.45 -0.01 
-5.43 -8.94 175.73 -0.67 -0.13 0.09 
2.53 -21.36 181.51 -0.55 0.10 0.52 
13.88 -20.28 169.56 -0.62 0.07 1.00 
24.26 -7.38 143.69 -0.52 -0.55 1.38 
23.65 19.73 136.02 -0.63 -0.78 1.11 
4.57 25.67 147.89 -0.60 -0.66 0.51 
-6.67 8.51 164.85 -0.63 -0.30 0.17 
15.49 -2.49 203.59 -1.13 -0.36 0.17 
4.91 6.71 220.87 -1.06 -0.20 0.20 
15.80 0.45 235.26 -0.98 0.10 0.13 
11.40 1.09 242.89 -0.43 0.27 0.53 
-2.47 -3.56 248.86 -0.79 0.30 0.17 
17.87 -4.57 243.23 -0.95 0.10 -0.04 
23.79 -11.26 230.14 -1.13 -0.40 0.35 
18.44 3.49 237.32 -1.08 -0.36 0.24 
17.94 14.17 244.90 -1.22 -0.44 0.05 
-2.05 7.85 259.25 -0.70 -0.45 0.00 
-5.58 -14.81 266.21 -0.47 -0.12 0.15 
7.86 -24.27 267.37 -0.57 0.30 0.62 
22.76 -22.85 246.62 -0.74 -0.26 1.29 
30.55 11.02 226.64 -0.76 -0.69 1.24 
17.47 28.45 233.56 -0.76 -0.72 0.68 
33.60 4.80 297.87 -1.13 -0.25 0.13 
8.46 5.60 311.46 -1.11 0.03 0.16 
29.97 -8.81 322.30 -0.62 0.17 0.43 
8.09 5.33 -324.28 -0.46 0.32 0.20 
5.68 -1.14 -325.13 -0.56 0.41 0.24 
18.78 -2.37 322.38 -1.21 -0.09 -0.07 
18.75 -6.10 317.03 -0.94 -0.26 0.31 
13.61 2.30 318.84 -1.01 -0.58 0.23 
6.66 8.79 327.32 -1.13 -0.60 0.03 
-1.04 0.02 -311.45 -0.68 -0.36 0.19 
-3.64 -8.87 -310.12 -0.59 -0.06 0.15 
13.28 -23.61 -308.97 -0.67 0.14 0.72 
27.09 -7.73 325.00 -0.75 -0.39 1.30 
24.23 21.96 317.04 -0.78 -0.92 0.79 
14.36 16.92 -325.28 -0.72 -0.69 0.39 
4.22 2.27 -310.85 -0.75 -0.38 0.19 
-0.41 -8.44 -299.71 -0.67 -0.05 0.22 
1.31 -12.02 -300.11 -0.91 -0.10 0.31 
6.22 -3.88 -291.01 -1.17 -0.48 0.55 
6.68 7.10 -272.82 -1.05 -0.29 0.29 
23.80 -3.95 -249.81 -0.47 0.24 0.11 
61.92 -9.08 -270.60 -1.34 -0.72 0.16 
-7.38 11.00 -221.97 -0.78 -0.40 0.11 
-1.27 -6.88 -222.46 -0.54 0.09 0.25 
15.15 -25.55 -232.04 -0.72 0.01 0.79 
30.01 0.74 -245.76 -0.91 -0.52 0.92 
25.94 15.01 -244.50 -0.91 -0.82 0.83 
8.17 15.61 -231.65 -0.89 -0.52 0.27 
24.84 -42.45 -237.41 -0.99 -0.14 0.32 
70.87 -26.85 -198.38 -0.89 0.22 0.21 
16.47 2.54 -187.97 -0.56 0.30 0.27 
45.51 -34.94 -221.51 -1.03 -0.03 0.31 
12.81 24.76 -179.52 -0.96 -0.45 0.12 
-4.83 -5.22 -168.79 -0.55 -0.10 0.14 
1.33 -22.26 -167.92 -0.55 0.03 0.57 
14.87 -15.47 -179.66 -0.90 -0.01 1.00 
26.92 3.74 -190.00 -0.85 -0.46 1.05 
22.33 24.13 -187.81 -0.76 -0.67 0.70 
2.45 -31.92 -184.17 -0.63 0.12 0.26 
8.67 0.06 -165.86 -1.21 -0.34 0.31 
36.96 -15.46 -156.96 -0.20 0.35 0.56 
62.35 -41.95 -221.96 -1.16 -0.27 0.16 
13.95 2.16 -217.59 -1.03 -0.37 0.32 
-11.10 -39.67 -204.13 -0.56 -0.14 0.26 
1.32 -50.86 -128.00 -0.66 -0.14 0.27 
5.48 -7.04 -123.21 -1.23 -0.45 0.46 
6.57 14.43 -101.13 -1.02 -0.17 0.23 
41.35 -11.85 -78.56 -0.64 0.41 0.45 
4.59 2.18 -72.36 -0.43 0.34 0.12 
-4.06 6.53 -72.16 -0.75 0.45 0.06 
38.14 -18.73 -100.22 -1.27 -0.53 0.19 
14.75 13.60 -93.75 -1.07 -0.28 0.03 
29.87 -58.35 -102.50 -0.71 0.03 0.65 
27.15 42.75 -68.50 -0.72 -0.88 0.38 
3.50 -21.52 -70.09 -1.40 -0.46 0.16 
30.99 9.72 -66.75 -0.16 0.49 0.38 
11.42 -24.20 -90.78 -0.99 0.02 0.31 
-11.86 0.16 -56.39 -0.78 -0.51 0.17 
-9.47 -17.52 -47.21 -0.62 -0.20 0.34 
14.04 -16.44 -48.73 -0.82 -0.07 0.93 
37.79 9.45 -56.44 -0.93 -0.66 0.77 
10.61 14.20 -42.74 -0.82 -0.98 0.37 
-10.18 -6.27 -30.30 -0.55 -0.19 0.10 
34.24 19.06 23.90 -0.94 0.11 0.23 
7.08 1.65 25.41 -0.10 0.34 0.47 
42.20 -6.84 -15.04 -1.17 -0.22 0.31 
-15.66 -5.18 19.31 -0.60 -0.58 0.06 
0.79 -29.73 23.94 -0.57 -0.12 0.62 
26.78 -10.59 3.95 -0.72 -0.34 1.03 
39.03 30.26 6.71 -0.74 -0.98 0.62 
-8.27 -25.05 3.66 -0.71 -0.07 0.28 
10.36 -2.74 25.96 -1.20 -0.50 0.57 
7.08 22.73 56.35 -1.37 0.04 0.19 
30.92 -11.47 64.89 -0.36 0.32 0.64 
18.46 -18.55 60.03 -0.84 0.08 0.08 
30.96 41.70 68.45 -1.05 -0.74 -0.07 
16.01 -72.44 72.07 -0.67 0.03 0.81 
37.09 -4.97 45.69 -0.75 -0.48 1.20 
17.27 31.47 53.37 -0.75 -0.94 0.81 
-10.04 4.39 74.35 -0.41 -0.33 0.26 
1.08 -10.16 67.53 -1.24 -0.39 0.12 
85.47 -7.27 113.93 -0.37 0.34 0.42 
6.80 -3.56 118.25 -0.45 0.17 0.36 
73.01 -31.78 102.75 -1.34 -0.59 0.11 
10.87 2.62 109.11 -0.84 -0.49 0.31 
-18.20 -48.55 129.02 -0.27 -0.28 0.28 
24.62 -35.05 110.81 -0.55 0.02 1.52 
-13.45 16.68 168.72 -0.38 -0.24 0.35 
-2.31 -12.42 170.57 -1.42 -0.58 0.20 
11.70 11.06 205.79 -1.36 -0.39 0.06 
35.23 1.49 224.67 -0.31 0.60 0.36 
7.37 1.54 231.67 -0.45 0.33 0.33 
11.03 -5.55 223.10 -1.13 0.33 -0.08 
28.15 -15.75 198.18 -1.51 -0.48 0.05 
21.14 10.14 205.93 -0.88 -0.27 0.27 
0.62 0.85 229.75 -0.75 -0.83 -0.01 
-2.31 -33.97 238.04 -0.44 -0.14 0.37 
34.58 -18.22 213.54 -0.73 -0.24 1.49 
26.35 28.15 217.56 -0.79 -1.05 0.85 
-14.04 4.64 238.96 -0.36 -0.36 0.29 
5.04 -17.61 238.34 -1.38 -0.52 0.44 
5.10 16.59 273.05 -1.10 -0.21 0.01 
26.29 -1.60 280.50 -0.12 0.51 0.62 
4.20 0.76 283.06 -0.75 0.40 0.16 
19.33 -17.63 274.76 -1.11 -0.23 0.15 
23.03 -5.56 268.66 -1.26 -0.54 0.17 
21.62 11.99 270.81 -1.09 -0.20 0.19 
-10.43 -0.70 288.62 -0.53 -0.61 0.06 
0.74 -32.04 297.33 -0.59 -0.18 0.47 
33.10 -14.36 267.76 -0.85 -0.45 1.28 
30.79 22.71 274.66 -0.80 -0.95 0.72 
0.59 12.47 291.98 -0.62 -0.48 0.32 
-1.85 -6.09 294.03 -0.64 0.01 0.16 
5.43 7.36 319.35 -1.37 -0.67 0.21 
34.63 -3.49 -306.35 -0.79 0.00 0.21 
5.35 5.20 -304.69 -0.22 0.59 -0.01 
0.67 5.11 -308.49 -0.62 0.49 0.24 
20.67 -11.64 320.77 -1.26 -0.02 -0.08 
19.80 -1.49 319.62 -1.24 -0.47 0.29 
14.86 13.13 322.83 -1.09 -0.67 -0.03 
-24.43 -18.62 -323.77 -0.41 -0.35 0.13 
31.24 -29.41 -323.17 -0.77 0.09 1.00 
42.57 12.07 315.95 -0.87 -0.70 0.97 
9.77 24.07 -327.50 -0.71 -0.71 0.41 
-7.51 -3.02 -307.92 -0.57 -0.35 0.22 
5.26 -7.77 -302.68 -1.38 -0.58 0.47 
11.44 18.30 -273.80 -1.13 -0.15 0.04 
31.32 -12.34 -260.62 -0.19 0.50 0.41 
76.94 31.34 -234.78 -1.03 -0.45 0.13 
-6.69 -6.52 -219.81 -0.53 -0.46 0.11 
9.16 -30.15 -218.49 -0.68 -0.10 0.62 
29.86 1.22 -237.44 -0.81 -0.57 1.05 
14.83 30.88 -232.06 -0.67 -1.27 0.42 
-7.56 -7.45 -210.01 -0.29 -0.27 0.13 
9.22 -12.22 -204.86 -1.31 -0.88 0.54 
15.11 13.20 -159.92 -1.15 -0.37 0.34 
33.39 5.38 -142.35 -0.40 0.52 0.44 
1.88 0.98 -136.11 -0.45 0.36 0.36 
10.63 -6.17 -139.72 -0.91 0.00 -0.04 
33.91 -17.57 -150.78 -0.98 -0.14 0.32 
24.25 10.17 -156.01 -1.14 -0.28 0.30 
-5.26 9.09 -141.14 -0.67 -0.77 0.03 
-9.54 -29.48 -131.61 -0.45 -0.23 0.36 
24.41 -21.40 -150.24 -0.71 -0.30 1.15 
37.08 18.75 -167.47 -0.79 -0.65 1.01 
-3.20 17.23 -144.85 -0.46 -0.60 0.34 
14.19 -21.98 -146.04 -0.86 -0.15 0.55 
6.23 0.73 -129.31 -1.11 -0.52 0.31 
14.32 16.08 -94.74 -1.28 -0.30 0.11 
32.95 -9.51 -73.97 -0.24 0.41 0.39 
6.86 -2.17 -82.86 -0.87 0.19 0.07 
0.80 2.78 -83.10 -0.88 0.22 0.13 
15.45 -9.00 -112.92 -1.22 -0.69 0.58 
16.42 12.43 -102.20 -1.02 -0.38 0.34 
-7.23 3.66 -86.37 -0.59 -0.61 0.13 
-7.23 3.66 -86.37 -0.59 -0.61 0.13 
17.36 -9.68 -87.78 -0.79 -0.36 1.15 
36.79 12.88 -101.55 -0.80 -0.83 0.85 
1.80 13.03 -84.10 -0.66 -0.57 0.37 
-1.04 -2.99 -72.42 -0.60 -0.06 0.32 
164.77 -36.81 -113.79 -0.74 -0.40 1.27 
47.03 23.85 19.50 -1.05 -0.20 0.22 
25.43 -7.33 48.05 -1.05 0.14 -0.08 
10.33 -1.02 49.47 -0.25 0.50 0.45 
1.33 2.55 53.28 -0.62 0.38 0.34 
9.21 -6.53 43.59 -0.91 0.19 0.14 
20.25 -7.98 18.96 -1.12 -0.25 0.18 
19.19 12.47 25.05 -0.95 -0.28 0.23 
-1.92 4.67 42.58 -0.79 -0.62 0.14 
-17.47 -29.34 47.19 -0.38 -0.35 0.16 
24.38 -20.56 34.17 -0.69 0.08 1.13 
34.94 9.66 11.80 -0.73 -0.62 1.07 
5.80 27.69 31.99 -0.63 -0.65 0.40 
-3.52 -0.82 43.82 -0.53 -0.09 0.27 
2.88 -8.06 56.61 -1.62 -0.76 0.64 
9.51 11.32 80.49 -0.88 -0.03 0.06 
24.40 -17.26 89.67 -0.92 0.31 0.22 
0.36 10.03 95.87 -0.41 0.33 0.09 
-0.67 4.07 95.76 -1.01 0.32 -0.12 
13.67 -9.06 83.66 -0.97 0.03 0.16 
22.96 -3.01 75.40 -1.22 -0.43 0.14 
20.51 5.76 87.65 -0.91 -0.24 0.05 
-2.21 -2.39 102.89 -0.61 -0.48 -0.13 
4.74 -40.81 115.33 -0.42 -0.14 0.73 
30.26 -7.96 96.85 -0.80 -0.45 1.26 
31.45 28.11 97.90 -0.82 -0.98 0.60 
-0.06 9.67 112.01 -0.62 -0.46 0.17 
2.20 -9.93 114.10 -0.81 0.00 0.30 
7.70 9.91 147.57 -1.15 -0.29 0.25 
22.70 -0.46 176.54 -0.98 0.06 -0.03 
22.14 -6.93 184.44 -0.18 0.52 0.50 
1.54 7.85 189.93 -0.59 0.33 0.25 
12.45 -10.52 176.25 -1.05 0.32 -0.08 
22.18 -7.28 157.37 -0.59 -0.21 0.13 
21.01 10.63 165.23 -1.11 -0.29 0.26 
7.11 10.29 177.61 -0.95 -0.53 0.14 
-13.23 -11.55 184.60 -0.67 -0.46 -0.01 
14.26 -40.73 190.33 -0.46 -0.26 0.84 
36.88 8.61 161.79 -0.69 -0.66 1.27 
20.68 26.70 175.19 -0.66 -0.89 0.54 
15.21 23.94 167.09 -0.15 0.46 0.40 
2.28 4.69 167.51 -0.75 0.31 0.26 
-0.97 -4.38 152.28 -0.84 0.23 0.07 
14.36 -16.44 124.29 -1.05 -0.36 0.01 
18.72 6.66 128.44 -0.92 -0.25 0.25 
0.48 14.65 152.72 -0.81 -0.75 -0.11 
-10.14 -26.58 156.03 -0.39 -0.23 0.16 
28.93 -15.50 136.68 -0.91 -0.18 1.00 
42.80 20.07 127.67 -0.92 -0.94 0.64 
11.20 21.19 148.52 -0.72 -0.62 0.17 
-5.02 -9.01 158.04 -0.50 -0.07 0.10 
-3.36 -1.00 180.74 -1.35 -0.53 0.22 
21.46 10.43 210.68 -1.18 -0.02 0.09 
39.20 -21.90 219.92 -0.27 0.43 0.51 
88.14 50.67 229.42 -1.03 -0.42 0.18 
-6.60 1.64 248.03 -0.68 -0.58 -0.01 
1.34 -33.91 252.39 -0.38 -0.31 0.39 
33.78 -10.66 232.86 -0.90 -0.50 1.40 
29.30 28.49 235.94 -0.80 -1.04 0.60 
-6.96 -9.73 254.73 -0.40 -0.43 0.17 
2.19 -6.09 255.78 -0.92 0.02 0.06 
3.01 -0.68 286.30 -1.10 -0.18 0.08 
24.75 0.14 306.90 -0.88 0.18 0.16 
23.41 -14.64 321.14 -0.29 0.31 0.54 
5.47 12.02 325.48 -0.78 0.40 0.22 
6.61 7.97 319.71 -1.08 0.21 -0.31 
17.33 -0.28 297.08 -1.07 -0.19 -0.02 
23.52 0.93 297.46 -1.12 -0.48 0.06 
3.47 -2.00 313.19 -0.82 -0.70 -0.06 
-9.79 -22.54 315.55 -0.42 -0.21 0.17 
18.29 -20.44 289.06 -0.81 -0.33 1.03 
40.90 20.07 272.92 -0.84 -0.91 0.93 
-0.83 14.48 294.17 -0.63 -0.51 0.17 
-3.34 -6.88 303.94 -0.67 -0.06 0.24 
12.39 1.24 313.27 -1.64 -0.43 0.33 
15.93 15.87 -305.16 -0.99 -0.21 0.10 
36.21 -12.09 -288.89 -0.41 0.48 0.35 
4.60 5.07 -280.05 -0.33 0.30 0.66 
11.71 6.03 -278.94 -0.99 0.29 -0.11 
22.58 -6.55 -298.58 -0.96 -0.19 0.00 
25.97 -5.80 -307.97 -1.26 -0.67 0.38 
1.45 9.11 -297.98 -0.95 -0.81 -0.18 
-17.16 -13.83 -294.63 -0.54 -0.24 -0.07 
17.85 -34.49 -290.67 -0.64 -0.15 0.89 
40.22 11.12 -313.57 -0.78 -0.71 1.06 
19.70 22.63 -298.60 -0.70 -0.81 0.32 
-5.91 -6.47 -283.23 -0.44 -0.13 0.03 
0.71 6.68 -259.75 -1.48 -0.48 0.56 
19.62 8.55 -231.97 -0.96 -0.04 0.13 
37.01 -18.22 -216.13 -0.28 0.48 0.45 
-3.31 8.95 -219.37 -0.37 0.32 0.46 
8.50 8.87 -217.82 -1.03 0.25 -0.14 
17.98 -7.77 -235.61 -1.03 -0.13 0.05 
24.52 9.13 -230.18 -1.17 -0.58 0.27 
11.48 14.04 -228.42 -0.97 -0.54 -0.04 
-16.06 -9.26 -220.02 -0.50 -0.40 -0.08 
32.59 -41.81 -227.27 -0.63 -0.18 1.03 
42.87 22.64 -244.12 -0.76 -1.04 0.84 
7.85 21.97 -225.16 -0.68 -0.70 0.22 
-7.26 -5.01 -210.78 -0.50 0.00 0.15 
1.62 -1.16 -190.05 -1.55 -0.74 0.60 
18.97 4.60 -161.46 -0.83 -0.03 0.14 
40.04 -26.26 -141.15 -0.44 0.47 0.43 
4.30 18.37 -133.97 -0.56 0.42 0.32 
10.84 -6.50 -142.48 -1.09 0.19 0.00 
19.54 -9.47 -151.00 -0.83 -0.16 0.21 
17.86 -4.72 -161.69 -1.08 -0.62 0.41 
13.85 4.69 -151.62 -0.79 -0.34 0.27 
-2.59 8.54 -134.86 -0.86 -0.84 0.02 
-18.32 -29.30 -138.87 -0.31 -0.34 0.17 
33.05 -24.22 -166.83 -0.75 -0.29 1.53 
36.47 32.49 -166.86 -0.84 -1.19 0.72 
-4.08 24.71 -145.14 -0.60 -0.45 0.20 
14.66 -11.05 -139.33 -0.78 0.45 0.43 
1.45 -3.51 -110.38 -1.31 -0.37 -0.01 
23.32 -1.49 -79.63 -0.97 0.16 -0.08 
8.45 0.75 -78.98 -0.19 0.56 0.79 
7.30 3.61 -75.48 -0.78 0.34 0.07 
25.44 -12.64 -89.03 -0.92 0.02 0.35 
26.03 3.87 -85.00 -1.27 -0.13 0.41 
22.61 5.20 -79.63 -0.86 -0.21 0.08 
21.09 1.12 -69.53 -0.97 -0.13 0.00 
25.77 0.23 -64.03 -0.90 -0.10 0.02 
15.96 -0.91 -57.20 -0.93 -0.15 -0.01 
85.66 -30.13 171.26 1.01 -0.10 0.14 
9.04 -6.12 176.29 1.01 -0.09 0.14 
34.44 -11.52 198.05 0.99 -0.09 0.15 
11.04 -6.41 202.69 1.02 -0.12 0.13 
11.23 -6.77 209.15 0.99 -0.10 0.17 
14.16 -7.20 216.01 1.01 -0.10 0.16 
8.49 1.94 242.66 1.32 -0.50 0.27 
30.92 18.82 284.96 1.09 -0.95 0.38 
30.54 43.74 -320.81 0.21 -0.27 0.69 
4.45 23.35 -303.23 -0.58 0.07 0.20 
9.22 0.45 -301.04 -1.03 -0.18 0.23 
0.93 8.26 -281.37 -0.87 -0.41 0.00 
-1.88 -12.06 -268.10 -0.57 -0.13 0.11 
3.89 -25.00 -261.18 -0.51 0.12 0.67 
15.43 -16.50 -278.45 -0.64 0.06 1.28 
29.18 8.36 -289.58 -1.02 -0.45 1.15 
16.32 23.77 -285.48 -0.72 -0.63 0.66 
-5.01 6.76 -267.75 -0.36 -0.29 0.20 
4.09 -10.29 -255.57 -1.41 -0.42 0.48 
9.44 8.61 -233.92 -1.04 0.02 0.37 
23.71 -10.17 -218.57 -0.51 0.35 0.35 
5.56 4.74 -216.60 -0.36 0.58 0.24 
7.41 1.40 -210.25 -0.68 0.30 0.29 
7.15 -3.32 -210.92 -1.01 0.31 0.02 
19.32 -8.11 -224.95 -1.20 -0.04 0.38 
15.16 3.97 -220.68 -1.20 -0.31 0.40 
4.00 8.12 -212.68 -0.91 -0.39 0.22 
-8.01 -9.02 -202.32 -0.49 -0.17 0.19 
4.43 -26.82 -195.25 -0.45 0.26 0.80 
22.97 -6.28 -215.01 -0.78 -0.06 1.40 
30.90 17.67 -217.73 -1.03 -0.79 0.83 
6.18 20.80 -208.93 -0.59 -0.39 0.33 
32.46 19.94 -142.88 -0.98 0.07 0.02 
27.21 -17.45 -130.97 -0.33 0.34 0.56 
12.37 10.13 -110.28 -0.49 0.28 0.32 
11.18 2.78 -103.73 -0.91 0.43 -0.06 
12.56 -8.11 -116.74 -0.79 0.24 0.14 
22.55 -6.90 -126.09 -1.25 -0.42 0.30 
12.82 8.13 -115.50 -1.09 -0.26 0.18 
-3.41 6.33 -103.22 -0.84 -0.33 -0.02 
-8.18 -17.20 -97.83 -0.50 -0.13 0.24 
11.27 -18.78 -108.91 -0.49 0.00 0.94 
36.05 3.64 -128.51 -1.09 -0.64 1.31 
19.75 22.78 -115.67 -0.78 -0.89 0.48 
1.69 5.25 -105.79 -0.45 -0.27 0.28 
1.93 -7.28 -100.09 -0.86 0.03 0.08 
9.27 12.49 -71.51 -1.18 -0.24 0.52 
12.68 6.72 -51.30 -0.99 0.01 0.00 
33.26 -11.39 -29.66 -0.35 0.54 0.55 
0.29 8.81 -26.59 -0.33 0.34 0.17 
10.10 -2.67 -34.87 -1.06 0.23 -0.09 
19.16 -8.08 -41.94 -0.81 0.15 0.15 
20.22 -0.03 -42.75 -1.29 -0.46 0.45 
5.50 5.44 -32.57 -0.98 -0.33 0.08 
-7.61 -20.09 -24.36 -0.38 -0.15 0.24 
24.18 -20.41 -19.36 -0.61 0.30 0.97 
32.54 7.59 -27.54 -1.34 -0.56 0.97 
17.77 17.77 -19.95 -0.83 -0.48 0.48 
-0.77 11.74 -13.32 -0.69 -0.19 0.24 
11.92 -8.60 -2.75 -0.93 0.51 0.37 
1.56 4.21 13.51 -1.22 -0.33 0.12 
9.89 1.35 34.96 -1.04 0.02 0.14 
18.24 -4.85 52.48 -0.70 0.43 0.35 
13.19 2.95 59.22 -0.22 0.66 0.34 
7.62 8.70 57.72 -0.72 0.34 0.34 
11.86 -4.45 59.62 -1.08 0.04 0.02 
17.17 -2.81 49.87 -0.89 0.03 0.19 
19.10 -9.50 45.92 -1.33 -0.27 0.05 
-8.34 -76.23 46.46 -0.59 -0.22 0.33 
18.68 -18.30 39.42 -0.65 -0.23 1.10 
31.47 9.09 27.19 -0.89 -0.60 1.02 
21.83 17.18 38.25 -0.89 -0.75 0.49 
1.16 7.74 53.70 -0.54 -0.42 0.28 
5.97 -6.35 64.90 -0.58 0.04 0.41 
1.42 -1.24 74.43 -1.41 -0.55 0.51 
14.89 4.47 96.88 -1.05 -0.05 0.25 
29.33 -8.66 109.74 -0.61 0.47 0.30 
20.93 5.61 83.45 -1.03 0.24 -0.06 
11.72 -5.52 75.27 -0.96 0.00 0.14 
18.71 -3.58 63.98 -1.41 -0.42 0.18 
10.08 5.75 74.98 -1.03 -0.40 -0.09 
-3.97 -2.18 86.93 -0.72 -0.35 0.03 
5.82 -20.75 79.83 -0.72 -0.08 0.85 
46.60 15.91 64.62 -1.13 -0.93 0.92 
16.57 19.81 81.11 -0.74 -0.92 0.26 
1.67 -2.86 104.95 -0.46 -0.13 0.20 
-0.41 0.01 114.98 -1.46 -0.32 0.65 
15.47 10.33 136.27 -1.01 -0.02 0.18 
32.44 -21.06 149.38 -0.24 0.40 0.54 
2.49 4.85 150.50 -0.31 0.51 0.47 
0.35 6.80 146.80 -0.89 0.12 0.02 
12.10 -5.27 134.93 -1.02 0.00 0.22 
149.18 133.31 183.47 -0.83 -0.66 0.53 
6.43 -10.37 223.69 -1.25 -0.33 0.21 
9.97 -0.99 244.78 -1.04 -0.09 0.19 
22.05 1.04 264.00 -1.01 0.16 -0.02 
13.19 -6.48 266.84 -0.37 0.29 0.63 
5.24 7.87 272.62 -0.55 0.29 0.49 
4.77 5.28 271.13 -0.85 0.16 0.00 
14.36 -11.28 272.80 -1.15 0.11 -0.09 
19.67 -9.65 259.47 -1.14 -0.19 0.26 
15.29 3.92 258.02 -1.19 -0.49 0.07 
-0.64 5.83 268.99 -0.86 -0.51 0.00 
-17.51 -10.23 267.78 -0.48 -0.25 0.07 
12.80 -26.03 267.76 -0.61 -0.14 0.71 
146.81 -28.24 -320.05 -0.90 0.22 0.06 
88.22 25.37 -294.34 -1.31 -0.38 0.00 
148.35 -104.05 276.96 -1.16 -0.12 0.12 
103.01 -102.28 248.26 -0.78 -0.35 1.27 
30.50 6.97 229.24 -0.90 -0.51 1.04 
19.15 24.19 239.55 -0.81 -0.72 0.52 
-5.19 11.07 248.17 -0.54 -0.34 0.08 
3.10 -17.16 249.65 -0.86 0.01 0.29 
3.70 0.64 266.76 -1.27 -0.31 0.27 
11.81 1.55 286.76 -0.95 -0.07 0.17 
20.20 9.93 305.45 -1.14 0.14 -0.06 
20.43 -17.66 311.68 -0.10 0.28 0.75 
1.09 6.96 318.48 -0.55 0.21 0.40 
11.10 -0.14 324.08 -0.95 0.26 0.10 
1.47 -2.58 311.69 -0.91 0.13 0.10 
23.56 -6.21 294.48 -1.24 -0.37 0.08 
13.40 7.48 298.25 -1.13 -0.58 -0.09 
-6.03 -0.05 310.16 -0.73 -0.48 -0.09 
74.82 -22.04 -172.02 -1.13 -0.43 0.25 
-5.02 24.98 -169.58 -0.36 0.36 0.52 
9.05 6.51 -165.71 -0.78 0.49 0.18 
2.58 -3.48 -173.20 -1.06 0.15 -0.02 
15.80 -1.56 -185.74 -0.75 0.02 0.15 
17.79 -10.37 -193.86 -1.46 -0.73 0.44 
8.72 7.72 -184.43 -0.92 -0.43 0.07 
-2.57 3.71 -176.13 -0.85 -0.44 0.02 
-7.23 -26.76 -178.28 -0.53 -0.31 0.16 
23.08 -30.01 -178.60 -0.47 -0.19 1.16 
29.40 5.13 -196.06 -0.86 -0.52 1.19 
20.92 28.81 -193.03 -0.74 -0.92 0.50 
-2.53 7.09 -182.72 -0.57 -0.51 0.07 
6.09 -12.45 -178.31 -0.84 0.09 0.29 
34.00 55.64 -142.92 -0.87 0.60 0.09 
11.05 -4.11 -146.66 -0.98 0.11 -0.03 
9.93 -1.49 -165.54 -0.83 -0.09 0.12 
17.85 -1.19 -167.33 -1.13 -0.55 0.31 
10.21 4.38 -159.18 -0.99 -0.46 0.06 
-5.95 0.76 -147.32 -0.76 -0.51 -0.08 
-12.84 -25.91 -150.78 -0.33 -0.36 0.18 
18.11 -12.67 -163.48 -0.83 -0.03 1.22 
39.29 9.96 -169.15 -1.10 -0.86 0.66 
17.61 17.09 -154.90 -0.80 -0.73 0.25 
-8.68 6.78 -145.49 -0.40 -0.29 0.02 
-4.67 -8.95 -154.41 -1.12 -0.34 0.57 
1.05 5.13 -121.13 -1.29 -0.58 0.18 
18.20 -1.93 -99.25 -0.99 -0.01 -0.15 
37.29 -27.49 -81.99 0.10 0.44 0.89 
-6.93 13.45 -80.90 -0.49 0.15 0.33 
0.89 5.90 -87.05 -0.86 0.29 0.07 
14.78 0.68 -98.13 -0.90 0.11 0.28 
26.74 -7.01 -109.87 -1.38 -0.72 0.21 
5.95 9.11 -103.06 -0.91 -0.55 -0.01 
-14.69 -5.35 -100.80 -0.60 -0.52 -0.20 
-0.66 -23.14 -94.03 -0.55 -0.34 0.27 
32.08 -7.17 -108.20 -0.99 -0.29 1.11 
35.22 64.90 -23.07 -0.57 0.51 0.11 
-38.98 -56.33 -25.65 -0.67 -0.37 0.03 
11.53 -19.58 -19.94 -0.75 -0.15 0.74 
30.46 4.24 -30.18 -1.07 -0.47 0.87 
24.43 22.58 -21.68 -0.93 -0.89 0.15 
0.05 4.80 -6.64 -0.52 -0.39 0.00 
4.99 -18.74 -9.33 -0.71 -0.09 0.60 
5.20 0.89 7.15 -1.40 -0.62 0.19 
24.16 4.49 44.41 -0.91 -0.10 0.16 
88.20 -27.61 -48.04 -1.17 -0.09 0.00 
13.43 3.70 -43.40 -1.09 -0.37 0.05 
2.43 3.07 -34.79 -0.91 -0.30 0.00 
16.65 -3.99 102.13 -1.52 -0.64 0.29 
6.72 1.51 121.56 -0.85 -0.22 0.21 
28.50 -4.17 150.16 -0.96 -0.08 0.02 
10.30 -10.60 148.10 -0.15 0.28 0.72 
7.14 9.76 161.26 -0.63 0.39 0.43 
4.72 0.53 158.50 -0.98 0.05 0.26 
16.18 -3.42 150.02 -0.71 -0.01 0.39 
20.91 -0.52 136.98 -1.33 -0.55 0.12 
8.54 5.04 149.24 -0.87 -0.39 0.08 
3.78 2.50 154.36 -0.87 -0.36 -0.01 
-4.58 -3.95 159.65 -0.75 -0.36 -0.05 
9.93 -27.12 173.31 -0.62 -0.40 0.69 
28.04 -7.78 158.53 -0.86 -0.38 1.05 
35.45 16.23 156.29 -1.09 -0.79 0.61 
6.28 20.87 167.88 -0.68 -0.44 0.20 
-7.79 -0.55 172.54 -0.55 -0.24 0.14 
2.03 -11.13 168.46 -1.08 -0.35 0.23 
9.94 5.65 194.09 -1.29 -0.54 0.38 
16.23 0.40 214.54 -0.79 0.00 0.20 
35.37 -22.81 232.02 -0.09 0.45 0.55 
-7.85 1.23 221.72 -0.35 0.27 0.56 
8.42 6.28 228.97 -0.79 0.34 0.24 
11.79 -6.55 222.37 -0.91 0.00 0.12 
12.96 0.95 210.47 -0.96 -0.17 0.29 
13.92 0.98 219.89 -1.02 -0.40 0.06 
-1.90 6.34 230.15 -0.84 -0.31 0.07 
-4.57 -15.82 226.18 -0.62 -0.32 0.15 
17.53 -21.99 227.79 -0.73 -0.07 0.93 
34.78 0.33 215.13 -1.08 -0.63 0.99 
20.86 23.94 225.06 -0.84 -0.78 0.34 
-0.55 8.01 230.97 -0.65 -0.39 0.07 
-2.26 -9.60 238.17 -0.72 -0.15 0.21 
2.75 -0.59 244.68 -1.44 -0.36 0.45 
8.34 6.77 268.31 -1.01 -0.18 -0.01 
35.29 -6.59 294.03 -0.95 0.19 0.05 
20.33 -9.56 300.34 -0.32 0.45 0.68 
5.06 0.26 305.16 -1.02 0.18 -0.04 
21.78 9.79 295.45 -0.96 -0.10 -0.04 
10.27 0.42 290.80 -1.27 -0.25 -0.01 
3.97 2.53 300.20 -0.91 -0.46 -0.13 
-9.33 -13.45 301.02 -0.69 -0.33 -0.03 
65.17 18.29 289.97 -1.02 -0.73 0.59 
65.17 18.29 289.97 -1.02 -0.73 0.59 
-4.30 20.15 299.49 -0.62 -0.69 0.18 
-5.22 3.01 304.05 -0.63 -0.42 0.05 
-1.93 -11.42 310.43 -0.66 -0.14 -0.02 
-0.20 -7.91 312.04 -1.05 -0.44 0.51 
2.19 1.87 327.03 -1.23 -0.36 0.32 
-1.13 9.85 -255.08 -0.69 -0.56 0.16 
-3.60 -9.78 -244.00 -0.63 -0.37 0.17 
-4.27 -18.52 -242.09 -1.35 -0.62 0.27 
13.58 3.29 -216.71 -0.98 -0.23 0.46 
13.12 5.66 -205.85 -0.93 -0.05 0.21 
32.94 -8.65 -190.46 -0.84 0.19 0.08 
9.56 4.93 -181.52 -0.30 0.42 0.77 
8.33 11.26 -172.59 -0.72 0.37 0.21 
9.71 -1.39 -177.86 -0.99 0.15 0.03 
13.16 -7.08 -186.48 -0.93 0.00 0.31 
14.85 -1.17 -197.00 -1.08 -0.26 0.15 
13.33 4.32 -192.70 -1.08 -0.48 0.24 
1.64 2.70 -181.96 -0.83 -0.49 0.02 
-9.11 -12.12 -180.76 -0.60 -0.42 0.13 
12.28 -23.57 -177.46 -0.59 0.00 0.84 
25.51 -6.11 -192.31 -0.75 -0.56 1.11 
28.97 18.69 -198.73 -0.81 -0.78 0.78 
7.11 22.61 -186.27 -0.71 -0.65 0.35 
-6.61 4.63 -172.84 -0.62 -0.33 0.16 
4.74 -12.16 -171.89 -0.86 0.00 0.35 
93.13 -25.65 -87.79 -1.14 0.14 -0.13 
16.64 -3.99 -87.52 -0.11 0.41 0.87 
4.46 11.01 -78.93 -0.42 0.36 0.39 
16.54 -1.90 -84.25 -1.23 0.03 -0.01 
17.87 -1.84 -97.12 -0.93 -0.27 0.09 
14.40 3.61 -89.21 -1.22 -0.40 0.05 
3.66 3.39 -78.78 -0.85 -0.36 -0.07 
-2.16 -17.54 -73.36 -0.54 -0.32 0.15 
8.81 -20.50 -74.84 -0.63 0.21 0.88 
-12.30 9.81 -27.01 -0.41 -0.39 0.16 
-1.52 -15.50 -28.47 -1.40 -0.19 0.26 
5.38 6.00 -4.05 -1.09 -0.18 0.22 
21.93 0.01 15.60 -1.05 0.04 0.05 
20.04 -12.24 25.48 -0.13 0.50 0.81 
4.10 11.68 31.53 -0.48 0.46 0.34 
9.49 -2.81 28.34 -0.85 0.15 0.08 
95.52 49.06 107.87 -0.77 -0.51 0.24 
122.56 -65.91 160.73 -0.23 0.42 0.73 
7.02 10.53 168.29 -0.56 0.42 0.30 
7.52 2.39 166.40 -0.88 0.33 0.05 
22.61 -2.79 159.40 -0.87 0.18 0.18 
18.38 -11.19 146.26 -1.29 -0.48 0.12 
7.74 5.13 156.27 -1.00 -0.40 0.06 
-7.75 -7.94 162.77 -0.61 -0.37 0.12 
189.41 -28.82 315.86 -1.03 0.02 -0.01 
25.32 -14.60 325.47 -0.27 0.43 0.59 
0.47 5.34 327.02 -0.46 0.29 0.47 
2.63 11.87 319.87 -0.81 0.23 0.24 
19.38 -3.64 304.42 -1.23 -0.31 -0.11 
13.71 1.62 313.66 -1.12 -0.52 0.08 
-11.26 -14.21 327.14 -0.58 -0.42 0.02 
8.70 -20.94 -321.63 -0.67 0.04 0.83 
26.36 -3.77 320.95 -0.91 -0.45 0.91 
31.10 15.46 321.88 -1.06 -0.80 0.70 
3.03 15.18 -319.19 -0.57 -0.55 0.25 
0.91 -11.08 -308.55 -0.66 -0.08 0.16 
7.43 1.38 -283.52 -1.24 -0.40 0.38 
14.59 4.28 -267.10 -1.01 -0.13 0.07 
29.76 -7.34 -253.11 -0.48 0.35 0.36 
2.86 3.34 -253.44 -0.44 0.32 0.51 
2.94 4.66 -252.94 -0.81 0.11 0.20 
21.49 -9.89 -262.40 -1.04 0.05 0.13 
18.90 -7.09 -275.37 -1.23 -0.52 0.10 
9.43 4.25 -264.76 -1.03 -0.48 0.13 
-5.60 -2.71 -257.50 -0.64 -0.43 0.06 
2.02 -18.70 -251.23 -0.65 -0.22 0.43 
19.89 -9.08 -257.04 -0.76 -0.41 0.99 
33.97 8.62 -268.48 -0.85 -0.62 0.86 
10.41 17.06 -252.94 -0.68 -0.84 0.31 
-8.44 -3.84 -238.56 -0.45 -0.34 0.23 
4.97 -8.66 -229.11 -1.32 -0.35 0.66 
17.19 7.54 -198.62 -1.02 -0.25 0.35 
33.04 0.10 -174.07 -0.96 0.37 -0.07 
29.16 -15.69 -162.99 -0.35 0.34 0.84 
0.86 7.77 -160.52 -0.53 0.38 0.48 
8.06 3.24 -161.88 -0.77 0.21 0.14 
14.46 -0.95 -168.52 -0.94 -0.09 0.27 
17.18 -5.36 -171.24 -1.46 -0.33 0.07 
4.39 6.26 -166.15 -0.86 -0.36 0.09 
-5.40 -5.59 -166.18 -0.74 -0.34 0.08 
8.72 -19.74 -164.49 -0.70 -0.13 0.68 
45.47 1.34 -181.69 -0.95 -0.62 0.91 
23.82 17.98 -173.13 -0.84 -1.00 0.38 
-6.30 8.58 -157.63 -0.62 -0.54 0.25 
-3.92 -8.71 -145.27 -0.56 -0.03 0.30 
3.91 -3.97 -141.18 -1.33 -0.42 0.52 
15.03 -0.45 -117.82 -1.09 -0.32 0.33 
25.56 6.80 -93.68 -1.00 0.02 0.12 
31.69 -16.12 -85.10 -0.23 0.71 0.70 
1.85 8.51 -78.06 -0.44 0.34 0.45 
5.83 -1.04 -78.30 -0.92 0.29 0.13 
19.01 4.24 -89.17 -0.97 -0.18 0.41 
20.43 -3.16 -89.85 -1.27 -0.61 0.19 
5.00 4.69 -80.39 -0.91 -0.42 0.05 
-6.75 5.30 -71.75 -0.83 -0.29 -0.02 
-15.54 -18.08 -81.59 -0.48 -0.32 0.29 
17.57 -18.70 -96.20 -0.73 -0.16 0.93 
39.92 6.09 -110.83 -0.81 -0.79 0.91 
21.17 28.73 -102.81 -0.81 -0.90 0.47 
-9.19 6.02 -93.19 -0.48 -0.47 0.14 
-4.74 -19.08 -92.13 -0.65 -0.07 0.16 
1.35 2.99 -66.76 -1.51 -0.43 0.53 
33.68 -0.76 -33.55 -0.88 0.07 0.00 
31.11 -20.58 -24.97 -0.10 0.29 0.65 
0.84 8.22 -18.90 -0.34 0.22 0.68 
0.80 6.97 -26.40 -1.01 0.29 0.00 
18.82 0.43 -34.80 -1.04 0.00 0.30 
13.60 -5.18 -42.08 -1.22 -0.35 0.03 
8.61 3.59 -34.77 -1.04 -0.38 0.16 
-4.63 5.05 -31.11 -0.81 -0.40 0.00 
-1.57 -30.49 -24.92 -0.49 -0.26 0.39 
16.76 -10.47 -48.90 -0.75 -0.11 1.61 
35.04 16.83 -63.07 -0.88 -0.97 0.73 
10.97 18.29 -47.47 -0.78 -0.75 0.29 
-10.66 -2.72 -33.14 -0.42 -0.34 0.27 
-3.76 -11.01 -31.72 -1.02 -0.12 0.42 
9.65 8.90 -6.77 -1.33 -0.34 0.47 
16.47 9.09 11.83 -0.95 -0.07 -0.02 
32.38 -23.21 20.68 -0.28 0.20 0.40 
-6.56 4.74 18.76 -0.40 0.14 0.56 
0.61 10.75 22.64 -0.74 0.27 0.15 
10.44 -9.33 10.42 -1.26 0.26 0.01 
31.40 -4.44 -0.16 -1.45 -0.42 0.21 
12.76 9.29 0.87 -0.78 -0.37 0.20 
5.57 0.31 10.55 -0.86 -0.47 0.02 
-0.67 -11.24 16.83 -0.71 -0.41 0.06 
18.76 -28.64 25.33 -0.45 -0.12 0.87 
34.00 10.15 6.98 -1.02 -0.64 1.11 
23.50 23.47 21.87 -0.96 -0.80 0.39 
-4.86 10.94 36.87 -0.49 -0.24 0.23 
-9.77 -21.41 38.76 -1.35 -0.43 0.34 
10.58 1.04 63.73 -1.17 -0.14 0.30 
25.04 -5.21 82.41 -0.72 0.38 0.17 
13.29 -15.85 81.59 -0.13 0.35 0.83 
1.06 5.39 86.66 -0.50 0.21 0.56 
2.66 -6.27 81.78 -1.14 0.24 0.19 
10.83 -1.62 69.94 -1.04 -0.25 0.32 
10.32 3.72 64.33 -0.96 -0.16 0.43 
23.58 -4.75 52.60 -0.77 -0.17 0.35 
15.24 -6.30 49.89 -0.47 -0.82 0.74 
11.37 -6.18 -305.70 0.98 -0.01 0.19 
13.27 -9.41 -305.11 1.01 -0.05 0.21 
67.29 -13.22 -147.12 -0.89 -0.31 0.29 
8.00 0.56 -142.89 -0.89 -0.32 0.26 
10.75 -0.96 -137.67 -0.90 -0.33 0.26 
10.33 -0.65 -132.30 -0.90 -0.33 0.28 
8.01 1.38 -125.26 -0.98 -0.41 0.17 
-2.34 -0.85 -113.49 -0.84 -0.48 0.01 
-4.06 -24.08 -98.90 -0.52 -0.24 0.21 
8.05 -24.47 -92.17 -0.36 0.21 1.01 
18.04 -9.45 -115.50 -0.46 -0.08 1.41 
25.23 23.28 -130.84 -0.82 -0.65 1.16 
7.02 20.34 -121.56 -0.60 -0.57 0.49 
-2.38 1.33 -105.53 -0.56 -0.22 0.18 
1.34 -10.23 -94.17 -1.19 -0.29 0.64 
9.17 9.76 -75.32 -1.03 -0.03 0.37 
15.45 -4.14 -64.21 -0.90 0.17 0.07 
20.98 -1.63 -53.48 -0.27 0.57 0.72 
8.30 -0.76 -45.13 -0.79 0.32 0.24 
17.91 -1.53 -44.82 -0.77 0.33 0.22 
195.29 83.08 -59.56 -0.86 -0.56 0.67 
8.76 13.75 -55.15 -0.82 -0.49 0.46 
-1.85 3.97 -43.60 -0.66 -0.31 0.32 
0.10 -4.24 -39.70 -0.81 -0.03 0.19 
6.49 4.69 -9.11 -1.24 -0.33 0.34 
32.38 -0.34 17.17 -1.06 0.12 0.02 
26.95 -9.38 31.67 -0.30 0.55 0.67 
3.31 9.49 33.04 -0.45 0.44 0.23 
9.12 1.83 38.84 -0.74 0.25 0.02 
10.44 -1.90 19.42 -0.98 0.21 0.10 
24.73 -8.34 13.74 -1.35 -0.53 -0.03 
7.12 4.55 24.17 -0.94 -0.28 0.02 
-1.74 -0.82 33.83 -0.84 -0.32 0.03 
-7.98 -16.59 42.13 -0.53 -0.07 0.36 
24.49 -18.29 17.42 -0.79 -0.13 1.18 
29.96 14.92 2.42 -1.01 -0.69 0.80 
15.57 19.65 12.49 -0.87 -0.81 0.40 
-4.20 8.30 24.34 -0.55 -0.39 0.19 
-2.06 -6.42 25.11 -0.79 -0.04 -0.01 
1.04 1.08 53.74 -1.28 -0.43 0.19 
16.11 6.62 73.77 -0.98 0.07 -0.01 
28.79 -16.76 86.15 -0.46 0.27 0.55 
2.23 10.02 93.80 -0.45 0.28 0.24 
-0.68 5.78 96.89 -0.93 0.26 0.01 
16.13 -7.77 90.37 -0.89 0.18 0.07 
18.76 -7.31 71.73 -1.28 -0.48 0.01 
13.75 5.14 80.69 -1.09 -0.33 0.13 
20.70 -72.26 109.23 -0.52 0.00 0.80 
35.69 1.56 84.15 -0.99 -0.47 1.18 
34.33 20.96 87.73 -1.01 -0.83 0.53 
-5.07 -16.39 82.56 -1.05 -0.19 0.14 
6.29 3.83 101.49 -1.23 -0.30 0.35 
19.27 4.11 125.81 -0.99 -0.01 -0.06 
27.98 -18.04 141.83 -0.38 0.46 0.43 
-1.33 7.74 142.26 -0.55 0.30 0.52 
7.96 -0.99 141.92 -0.89 -0.16 0.15 
10.53 -6.14 133.70 -1.06 0.08 0.08 
22.70 -5.50 125.71 -1.20 -0.63 0.08 
0.48 0.22 139.81 -0.87 -0.49 0.04 
-10.08 -10.94 145.48 -0.66 -0.32 -0.04 
13.98 -28.78 161.73 -0.45 -0.18 0.68 
34.39 3.59 138.63 -1.07 -0.41 1.23 
36.06 18.64 143.15 -1.14 -0.67 0.24 
1.56 20.91 148.36 -0.66 -0.43 0.18 
0.34 -16.11 164.91 -0.79 -0.14 0.00 
1.56 5.52 185.90 -1.17 0.00 0.22 
19.11 2.68 205.28 -1.01 0.19 -0.01 
38.15 -20.94 222.83 -0.30 0.33 0.60 
-2.71 5.51 222.02 -0.41 0.46 0.32 
6.48 5.71 223.40 -0.94 0.53 0.05 
11.81 -2.68 208.61 -0.97 0.19 0.06 
21.53 -0.81 198.66 -1.29 -0.64 -0.04 
8.36 5.59 209.04 -0.93 -0.41 0.09 
-6.47 0.56 215.93 -0.83 -0.38 -0.06 
1.32 -17.13 228.61 -0.65 -0.10 0.36 
16.50 -15.84 224.68 -0.68 -0.03 1.05 
35.40 0.66 204.47 -1.02 -0.45 0.98 
17.81 30.99 211.97 -0.80 -0.72 0.41 
-8.83 7.66 225.25 -0.69 -0.43 0.24 
1.05 -8.83 236.10 -0.70 0.08 0.30 
-1.20 -2.85 244.72 -1.46 -0.74 0.27 
13.28 2.91 271.60 -0.97 -0.04 0.16 
22.93 -10.63 286.48 -0.71 0.34 0.14 
11.41 1.19 287.60 -0.26 0.53 0.72 
-3.07 13.71 291.30 -0.61 0.48 0.19 
14.97 0.13 292.80 -0.79 0.29 0.09 
10.66 1.53 279.13 -0.88 0.18 0.04 
23.66 -5.09 273.75 -1.25 -0.39 0.09 
9.20 4.86 280.44 -1.00 -0.30 -0.11 
-1.46 -1.75 287.13 -0.74 -0.56 -0.07 
-10.93 -20.75 296.95 -0.47 -0.22 0.14 
11.81 -8.07 289.43 -0.68 -0.08 0.96 
36.62 0.88 267.96 -1.01 -0.48 0.96 
25.36 19.09 273.72 -0.92 -0.88 0.52 
-6.99 13.83 284.92 -0.56 -0.61 0.25 
-1.83 -5.51 295.11 -0.69 -0.16 0.20 
0.98 -2.80 294.13 -1.10 -0.14 0.09 
-0.14 9.19 -324.44 -1.06 -0.22 0.09 
15.99 -1.01 -302.87 -0.99 0.20 -0.09 
27.80 -25.64 -290.28 -0.40 0.48 0.62 
4.71 5.89 -286.68 -0.39 0.38 0.41 
5.41 7.47 -290.52 -0.75 0.35 0.10 
15.96 0.33 -297.33 -0.95 0.19 0.01 
17.84 -4.01 -308.38 -1.37 -0.27 0.05 
11.94 1.98 -299.26 -0.90 -0.38 0.19 
0.72 -1.78 -290.45 -0.90 -0.44 0.15 
-4.49 -13.34 -278.42 -0.61 -0.10 0.22 
17.92 -16.46 -294.74 -0.70 0.10 1.03 
35.27 3.83 -313.71 -1.02 -0.47 0.98 
20.07 22.18 -308.97 -0.84 -0.78 0.56 
-5.89 9.04 -300.66 -0.63 -0.47 0.12 
0.79 -7.78 -285.93 -0.84 0.03 0.21 
2.01 6.03 -269.64 -1.38 -0.33 0.21 
5.07 -0.01 -254.51 -0.84 -0.03 -0.01 
23.57 -20.35 -240.28 -0.66 0.55 0.12 
-0.84 7.51 -239.99 -0.31 0.52 0.25 
3.52 10.97 -248.85 -0.73 0.43 0.25 
22.62 -3.63 -254.27 -1.04 0.06 0.00 
21.42 -1.92 -267.57 -1.23 -0.37 -0.04 
11.62 0.36 -258.34 -0.99 -0.41 0.06 
-1.68 1.04 -252.62 -0.82 -0.50 0.01 
-11.64 -17.72 -245.76 -0.76 -0.32 0.18 
10.82 -20.32 -238.42 -0.81 -0.01 0.57 
20.85 -6.10 -246.69 -0.82 -0.42 0.89 
47.63 18.67 -257.63 -0.99 -0.65 0.69 
6.98 22.63 -251.71 -0.77 -0.65 0.20 
-5.91 0.32 -232.80 -0.65 -0.34 0.15 
-2.70 -5.36 -227.05 -0.76 -0.03 0.11 
1.34 1.18 -215.04 -1.48 -0.27 0.16 
5.06 8.22 -192.46 -1.02 -0.02 -0.05 
23.68 6.19 -170.09 -0.83 0.37 -0.21 
6.80 -9.79 -178.65 -0.27 0.26 0.65 
3.16 6.06 -174.62 -0.77 0.29 0.34 
16.81 1.70 -171.03 -0.88 0.01 0.08 
18.94 -4.80 -177.13 -1.00 0.05 -0.12 
21.42 -5.91 -182.09 -1.23 -0.51 0.08 
8.91 3.43 -174.50 -0.97 -0.35 0.13 
-0.36 1.22 -165.00 -0.89 -0.36 0.03 
-6.43 -13.13 -162.32 -0.46 -0.34 0.10 
7.20 -25.62 -165.55 -0.62 0.03 0.74 
31.47 1.89 -182.45 -0.84 -0.62 1.37 
28.35 27.05 -185.06 -0.88 -0.84 0.59 
-1.86 20.10 -173.34 -0.66 -0.65 0.21 
-2.11 -3.97 -156.68 -0.59 -0.08 0.17 
48.77 15.52 -106.45 -0.71 0.46 0.06 
7.05 1.38 -114.15 -1.02 0.33 0.05 
15.65 -1.56 -132.20 -0.87 0.07 0.12 
16.79 -5.08 -139.84 -1.27 -0.52 0.14 
4.02 5.83 -128.25 -0.90 -0.45 0.10 
-3.54 1.02 -117.83 -0.82 -0.35 0.01 
-3.47 -20.96 -113.48 -0.60 -0.23 0.22 
-20.82 -16.27 -79.08 -0.73 -0.14 0.11 
1.43 -3.71 -60.44 -1.26 -0.44 0.24 
6.38 3.53 -40.19 -1.08 -0.14 0.00 
43.08 -11.55 1.59 -0.76 0.23 0.38 
11.09 -12.46 3.60 -0.16 0.44 0.57 
6.41 9.45 10.29 -0.50 0.43 0.37 
9.35 4.34 1.90 -1.10 0.24 -0.04 
12.04 -4.00 -4.57 -0.79 -0.06 0.25 
22.02 -1.68 -17.44 -1.22 -0.36 0.12 
8.20 4.28 -7.97 -0.98 -0.45 0.04 
-5.53 -1.39 -1.23 -0.77 -0.34 -0.04 
0.39 -18.32 17.45 -0.54 -0.32 0.35 
7.30 -21.68 22.82 -0.69 0.03 0.95 
26.39 -5.16 2.75 -0.87 -0.29 1.03 
32.71 21.09 -7.82 -0.97 -0.73 0.63 
5.18 21.68 1.75 -0.75 -0.61 0.18 
-4.89 0.12 12.77 -0.61 -0.17 0.14 
1.66 0.06 22.51 -1.31 -0.35 0.24 
9.08 2.50 42.30 -1.09 -0.22 0.01 
8.01 -0.25 55.79 -0.97 -0.22 -0.19 
16.43 -10.13 63.12 -0.53 0.46 0.40 
6.92 5.07 69.64 -0.53 0.41 0.40 
13.27 4.39 75.16 -0.86 0.25 0.14 
19.08 -4.29 73.47 -0.86 0.07 0.03 
18.80 -7.71 62.65 -1.28 -0.13 -0.07 
10.31 3.45 70.65 -1.09 -0.29 0.07 
-2.98 0.34 79.99 -0.79 -0.36 -0.02 
-7.15 -12.71 90.47 -0.53 -0.11 0.34 
6.19 -12.03 97.32 -0.75 0.42 0.75 
24.97 -4.75 77.55 -0.83 0.02 0.96 
39.80 16.36 69.41 -1.26 -0.81 0.58 
10.29 10.15 76.29 -0.77 -0.54 0.09 
-3.75 -2.38 89.40 -0.58 -0.11 0.06 
2.94 -2.54 94.76 -1.15 -0.25 0.30 
4.11 1.56 119.43 -1.03 -0.18 0.03 
7.32 7.69 133.74 -1.15 0.06 -0.15 
27.04 -10.31 146.84 -0.56 0.48 0.26 
0.94 5.04 144.16 -0.43 0.43 0.34 
9.62 2.16 142.54 -0.66 0.31 0.13 
23.36 -4.67 127.86 -0.97 -0.24 0.24 
17.71 -1.90 129.48 -1.32 -0.86 -0.06 
2.74 4.29 139.41 -0.88 -0.45 0.02 
-6.94 -5.11 143.93 -0.56 -0.49 -0.20 
7.04 -17.22 161.01 -0.65 0.25 0.76 
26.41 -4.46 144.80 -1.20 -0.12 1.01 
36.52 16.95 146.23 -1.14 -0.75 0.48 
9.86 16.72 151.86 -0.72 -0.56 0.27 
-4.50 6.02 162.18 -0.74 -0.27 -0.01 
-0.94 -7.27 168.06 -0.66 -0.10 0.06 
8.57 -9.27 173.89 -1.27 -0.23 0.15 
3.45 -1.01 188.77 -1.08 -0.19 0.09 
12.51 5.25 204.73 -1.04 0.06 0.12 
21.65 -9.77 214.96 -0.84 0.20 0.25 
5.95 6.67 218.42 -0.47 0.41 0.23 
8.31 7.01 224.36 -0.64 0.31 0.27 
6.35 -0.68 212.90 -1.09 0.25 0.04 
21.70 -4.13 204.88 -1.22 -0.36 -0.14 
9.76 2.75 212.84 -0.97 -0.38 0.01 
-0.20 0.15 220.40 -0.83 -0.32 -0.07 
-2.47 -14.40 226.71 -0.59 -0.26 0.18 
6.99 -16.25 221.08 -0.86 0.02 0.65 
30.45 0.22 202.99 -0.99 -0.35 0.91 
33.41 13.03 203.66 -0.97 -0.82 0.49 
9.42 12.74 216.00 -0.77 -0.63 0.33 
-5.43 1.50 230.29 -0.70 -0.36 0.27 
-0.89 -2.92 231.80 -0.84 -0.01 0.17 
4.76 -0.16 245.07 -1.13 -0.43 0.18 
-1.48 2.14 259.84 -1.02 -0.41 0.06 
4.98 9.99 277.02 -1.08 0.00 -0.03 
30.96 -7.58 297.43 -0.51 0.38 0.50 
12.81 3.78 306.89 -0.53 0.42 0.05 
4.81 1.73 308.60 -0.67 0.19 0.14 
10.60 0.23 299.97 -0.95 0.04 0.13 
21.85 -7.35 290.64 -1.39 -0.57 -0.27 
10.27 2.57 299.18 -0.93 -0.36 -0.02 
3.92 0.50 304.41 -0.87 -0.33 -0.05 
-3.19 -16.51 311.15 -0.54 -0.35 -0.03 
3.36 -16.30 314.32 -0.83 0.10 0.79 
36.12 -4.43 293.49 -1.07 -0.32 0.86 
23.68 26.59 304.93 -0.94 -0.81 0.43 
-2.59 15.46 317.28 -0.70 -0.44 0.14 
0.64 -1.77 324.90 -0.62 0.02 0.06 
5.09 -3.69 -320.32 -1.33 -0.29 0.10 
1.88 -6.23 -303.89 -0.92 0.03 -0.21 
18.44 -2.42 -284.00 -1.06 0.08 -0.14 
9.48 -0.45 -288.08 -0.34 0.55 0.34 
6.90 0.44 -283.76 -0.73 0.30 0.23 
5.70 -2.06 -296.18 -1.18 0.14 0.00 
19.06 -10.66 -303.20 -0.61 -0.14 0.17 
21.07 -6.30 -310.73 -1.23 -0.48 0.29 
11.62 3.34 -305.71 -1.05 -0.42 0.26 
-1.09 8.33 -296.48 -0.85 -0.50 0.04 
-9.63 -6.59 -286.37 -0.59 -0.33 0.06 
5.98 -18.30 -277.10 -0.76 0.12 0.59 
25.71 -3.40 -291.53 -0.99 -0.20 1.01 
34.33 14.14 -291.95 -1.16 -0.71 0.45 
-3.35 28.75 -275.28 -0.76 -0.57 0.10 
-3.11 -6.22 -269.00 -0.59 -0.07 0.01 
8.49 -14.83 -269.64 -1.26 -0.15 0.08 
-11.19 6.17 -244.98 -1.07 -0.17 0.07 
11.01 10.10 -217.70 -1.10 0.15 -0.20 
21.88 -15.57 -212.18 -0.45 0.43 0.54 
9.75 8.69 -202.89 -0.47 0.34 0.24 
12.41 -7.79 -209.99 -0.87 0.28 0.04 
30.99 -6.96 -227.73 -1.19 -0.27 -0.14 
13.07 -0.41 -222.19 -1.14 -0.55 0.11 
3.19 2.27 -216.54 -0.84 -0.38 -0.01 
-5.23 -7.23 -208.00 -0.68 -0.40 0.03 
10.13 -23.16 -204.86 -0.70 0.06 0.59 
-10.52 -20.35 -75.96 -0.75 -0.38 0.11 
4.97 -30.25 -64.52 -0.67 -0.19 0.46 
0.06 0.13 -63.89 -0.66 -0.13 0.57 
-21.80 53.49 98.51 -0.57 -0.36 0.11 
4.30 -10.40 101.98 -0.88 -0.09 0.06 
204.70 76.66 32.00 -0.95 -0.65 0.71 
11.33 16.92 39.29 -0.89 -0.70 0.38 
57.17 -15.39 37.94 -0.87 0.20 0.20 
16.39 -3.94 35.77 -1.07 -0.01 0.20 
15.92 1.07 30.30 -0.86 -0.20 0.27 
14.07 -2.22 35.69 -1.18 -0.44 0.15 
25.59 -70.27 51.34 -0.73 -0.17 0.56 
18.58 -6.29 44.08 -0.91 -0.30 0.87 
30.73 8.95 35.74 -0.94 -0.61 0.73 
14.75 18.46 44.00 -0.86 -0.75 0.40 
-1.29 1.14 57.61 -0.65 -0.46 0.21 
0.10 -4.02 72.50 -0.66 -0.09 0.33 
6.39 -6.40 67.94 -1.13 -0.16 0.30 
2.29 5.87 94.61 -1.04 -0.34 0.11 
16.13 5.40 115.20 -0.94 0.03 0.14 
19.56 -11.94 120.70 -0.67 0.46 0.27 
6.11 -2.32 121.04 -0.48 0.19 0.45 
7.49 1.57 122.47 -0.79 0.29 0.27 
13.20 -2.24 119.90 -0.95 0.16 0.27 
14.63 -0.10 103.33 -1.03 -0.22 0.13 
11.53 5.04 111.74 -1.12 -0.42 0.33 
0.05 1.48 120.30 -0.81 -0.40 0.13 
-4.78 -11.47 125.32 -0.50 -0.25 0.18 
18.51 -18.37 116.83 -0.84 -0.21 1.02 
32.05 9.18 101.69 -0.96 -0.59 0.88 
13.15 20.17 104.74 -0.90 -0.92 0.37 
-1.90 5.32 117.36 -0.62 -0.50 0.13 
1.04 -8.30 130.86 -0.60 -0.16 0.29 
6.21 -7.89 133.96 -1.26 -0.43 0.24 
6.03 -0.06 150.73 -1.01 -0.33 0.16 
10.78 4.75 168.91 -1.02 -0.10 0.07 
17.94 -15.18 175.22 -0.33 0.41 0.66 
0.92 3.28 177.99 -0.57 0.12 0.64 
3.37 5.89 175.98 -0.90 0.20 0.26 
18.56 -1.30 169.21 -1.01 -0.19 0.34 
17.28 -5.06 163.66 -1.27 -0.62 0.00 
-0.65 3.32 171.74 -0.77 -0.38 0.12 
-4.34 -3.48 172.75 -0.69 -0.28 0.15 
16.37 -20.81 180.04 -0.67 -0.19 0.65 
28.58 -7.75 170.02 -1.12 -0.36 1.05 
25.44 19.15 172.32 -1.04 -0.72 0.45 
0.00 13.76 182.61 -0.71 -0.55 0.25 
0.20 -4.86 194.13 -0.64 -0.04 0.23 
5.43 -8.80 198.28 -1.29 -0.20 0.20 
6.49 3.47 215.95 -1.04 -0.09 0.27 
16.74 5.58 230.03 -1.04 -0.01 -0.05 
20.92 -9.16 238.47 -0.47 0.29 0.56 
3.79 7.66 243.38 -0.51 0.34 0.37 
10.50 -0.71 244.54 -0.76 0.17 0.19 
16.82 -1.17 242.50 -0.93 0.10 0.12 
18.61 -4.36 228.27 -1.26 -0.40 0.04 
11.72 4.89 239.00 -1.06 -0.39 0.14 
-9.92 0.63 249.94 -0.79 -0.54 -0.05 
-7.17 -16.60 261.09 -0.50 0.05 0.46 
15.12 -15.10 249.67 -0.82 0.09 1.02 
36.62 8.36 233.45 -1.09 -0.52 0.90 
20.20 23.55 245.57 -0.95 -0.78 0.37 
-9.30 3.37 248.07 -0.60 -0.39 0.16 
-0.81 -4.25 260.58 -0.66 -0.13 0.11 
-3.74 -12.43 261.85 -1.83 -0.24 0.04 
7.84 6.16 277.64 -0.92 0.00 0.16 
16.58 0.78 288.38 -1.02 0.13 -0.11 
4.66 -3.30 288.88 -0.33 0.26 0.76 
109.47 -83.76 207.46 -0.93 -0.22 0.96 
25.64 -23.73 266.73 -1.31 -0.55 0.50 
5.61 11.71 289.06 -0.95 -0.16 0.24 
21.81 1.88 307.92 -0.90 0.05 -0.02 
20.79 -15.92 312.40 -0.30 0.38 0.73 
5.45 8.87 319.14 -0.57 0.26 0.41 
10.95 -0.62 318.27 -1.00 0.15 0.06 
20.70 0.47 312.08 -1.02 -0.09 0.24 
16.33 -2.02 304.20 -1.18 -0.48 -0.02 
2.17 2.98 309.57 -0.88 -0.39 0.12 
-6.07 -9.69 312.82 -0.65 -0.45 0.15 
10.04 -18.74 317.98 -0.67 0.02 0.78 
32.25 -0.54 306.68 -1.07 -0.53 0.89 
24.66 20.31 312.34 -0.95 -0.88 0.45 
-6.63 5.58 327.28 -0.62 -0.39 0.15 
129.82 -87.94 -281.86 -0.35 0.35 0.61 
3.94 6.85 -274.78 -0.54 0.26 0.48 
6.22 7.19 -273.96 -0.87 0.25 0.11 
18.32 -8.27 -285.88 -0.92 0.09 0.30 
22.67 -5.37 -297.09 -1.35 -0.56 0.00 
5.24 5.66 -288.32 -1.03 -0.48 0.20 
-11.72 -7.16 -276.56 -0.62 -0.31 0.12 
-0.15 -18.50 -268.88 -0.66 -0.35 0.44 
25.60 -14.05 -279.76 -0.98 -0.25 0.86 
34.31 14.15 -290.41 -0.94 -0.51 0.80 
12.33 16.57 -281.81 -0.85 -0.78 0.31 
-5.25 -1.12 -263.05 -0.69 -0.41 0.23 
4.17 -1.73 -253.62 -0.91 0.08 0.22 
8.44 1.10 -230.36 -1.04 -0.31 0.22 
17.18 0.58 -211.53 -0.87 0.03 -0.02 
15.20 -12.97 -206.25 -0.25 0.35 0.73 
10.49 5.68 -200.62 -0.53 0.26 0.45 
13.32 2.04 -209.26 -0.83 0.05 0.17 
23.83 -4.67 -225.36 -1.31 -0.61 0.13 
8.90 8.48 -209.86 -1.08 -0.57 0.16 
-3.07 4.05 -198.92 -0.83 -0.35 0.05 
-6.09 -18.39 -192.26 -0.43 -0.24 0.15 
9.44 -22.45 -203.47 -0.80 0.00 1.01 
42.30 4.39 -215.87 -0.94 -0.55 1.02 
11.23 22.82 -204.38 -0.69 -0.78 0.40 
-4.67 -1.78 -191.79 -0.61 -0.22 0.20 
-0.45 1.93 -178.98 -1.27 -0.33 0.43 
4.33 2.88 -155.33 -1.06 -0.15 0.02 
22.60 -15.51 -147.74 -0.21 0.50 0.55 
5.79 0.99 -142.49 -0.45 0.05 0.71 
13.57 -1.77 -145.43 -0.80 0.11 0.40 
18.65 -9.19 -163.25 -1.23 -0.38 0.34 
14.20 -0.80 -164.85 -0.97 -0.49 0.38 
4.48 2.36 -161.58 -0.79 -0.45 0.39 
9.94 -3.32 -158.18 -0.81 -0.45 0.55 
14.90 0.61 -158.27 -0.69 -0.40 0.43 
