2.62 1.24 48.63 0.92 -0.04 0.44 
38.04 45.95 60.45 0.89 0.00 0.43 
0.36 -0.89 60.20 0.93 -0.04 0.40 
0.24 0.81 61.78 0.98 0.00 0.50 
-2.18 0.48 61.80 0.95 0.00 0.39 
4.45 25.67 66.50 0.97 0.17 1.25 
-3.68 37.60 71.44 0.86 -0.20 1.11 
-3.30 37.12 79.83 0.28 -0.27 0.80 
0.46 28.34 87.85 -0.58 -0.03 0.27 
0.74 7.83 85.77 -0.93 -0.06 0.19 
13.12 -17.39 79.75 -0.81 0.17 0.40 
-0.92 34.06 99.43 -0.42 -0.03 0.81 
3.31 7.79 97.88 -1.15 -0.06 0.10 
14.83 -19.81 84.62 -0.86 0.16 0.15 
-16.96 9.67 89.25 0.26 -0.01 1.60 
-4.32 17.92 99.67 -0.29 -0.03 0.77 
-13.80 0.41 93.48 -0.75 0.05 0.35 
3.76 -4.84 85.53 -0.43 -0.61 1.12 
1.91 4.28 83.59 -0.21 -0.42 0.99 
12.13 4.34 81.99 -0.41 -0.17 0.71 
11.20 -14.15 73.60 0.69 0.01 1.36 
-6.39 16.32 83.44 0.26 -0.04 1.06 
2.58 4.70 86.88 -0.75 -0.10 0.54 
13.93 -17.35 77.43 0.80 0.02 1.50 
-13.50 15.87 88.48 0.15 -0.06 1.00 
-0.32 3.68 94.28 -0.07 -0.21 1.16 
-1.29 16.16 99.56 -0.15 -0.43 1.00 
-58.78 -173.76 61.62 2.01 -0.11 2.83 
-12.83 28.74 77.89 -0.89 0.08 0.34 
8.31 -23.00 55.34 -1.39 0.18 -0.20 
33.66 -46.57 44.47 1.48 0.52 1.90 
-13.05 25.21 53.14 -0.14 -0.01 1.03 
-4.67 27.64 66.36 -0.94 0.11 0.31 
-1.46 -1.31 61.64 -0.91 0.00 0.44 
0.30 1.48 58.58 -0.62 -0.08 0.58 
-0.15 -1.73 47.37 -0.54 -0.14 0.40 
7.22 -32.01 34.66 -0.26 -0.46 1.05 
-2.96 3.05 34.88 -0.36 -0.56 1.44 
2.24 6.26 35.56 -0.36 -0.36 0.89 
23.38 -16.80 31.97 0.51 -0.08 1.07 
-6.52 18.02 43.85 0.54 0.01 1.16 
-8.40 -0.21 38.06 -1.11 -0.12 0.59 
17.30 5.60 35.48 -0.82 -0.25 0.80 
1.38 -5.79 32.23 0.78 -0.17 1.40 
-12.07 19.28 48.21 0.26 0.06 1.17 
-7.36 -2.94 40.78 -0.76 -0.16 0.54 
8.96 -1.45 39.24 -0.43 -0.22 1.11 
-5.70 14.68 43.30 0.23 -0.48 1.58 
5.48 28.19 57.80 -0.14 -0.30 0.70 
-2.37 13.16 63.63 -0.73 -0.03 0.30 
2.67 -0.28 62.65 -1.01 -0.13 0.33 
12.27 -19.02 47.72 -0.39 -0.19 0.74 
-14.60 13.92 50.99 0.36 -0.19 1.48 
-5.93 29.71 64.96 -0.55 0.05 0.52 
-16.60 -4.55 64.17 -1.53 0.22 0.00 
1.71 -16.01 53.65 -0.73 0.03 0.37 
3.85 -15.19 40.35 0.25 0.04 1.29 
-4.95 14.62 45.96 0.11 -0.33 1.22 
-0.30 10.74 52.68 -0.32 -0.11 0.84 
-2.35 20.71 64.93 -0.81 -0.21 0.64 
4.90 2.54 58.81 -0.77 -0.29 0.54 
2.49 3.68 50.79 -0.34 -0.27 0.53 
1.80 -10.85 45.68 -0.24 -0.48 0.78 
7.17 -11.15 42.56 -0.04 -0.40 1.37 
0.86 5.91 43.37 -0.29 -0.28 1.09 
7.95 6.84 38.69 -0.34 -0.23 0.98 
-39.26 56.25 69.10 0.09 -0.15 0.97 
-8.90 -10.01 69.99 -0.51 -0.21 0.82 
16.25 6.95 62.18 -0.62 -0.39 0.95 
6.63 -5.08 45.37 0.64 -0.06 1.20 
1.51 53.81 38.28 0.24 -0.24 1.30 
0.67 23.23 47.98 0.22 -0.26 1.10 
3.10 29.32 56.82 -0.35 -0.11 0.49 
-2.24 7.68 56.64 -0.76 -0.18 0.51 
5.33 -4.54 52.00 -0.96 -0.10 0.50 
13.80 -8.55 44.77 -0.31 -0.10 0.81 
13.37 -18.40 37.23 0.07 0.36 1.41 
2.05 27.80 51.74 0.23 -0.13 1.22 
-9.28 22.33 64.16 -0.71 -0.05 0.46 
-3.54 -0.86 64.84 -1.42 0.15 0.02 
0.86 -13.31 48.77 -0.59 -0.11 0.58 
-13.29 -20.42 32.00 0.27 0.35 1.48 
-3.88 7.45 38.16 0.15 -0.12 1.27 
-6.91 27.45 56.87 -0.75 0.04 0.43 
-4.44 6.42 60.30 -1.11 0.13 0.21 
-0.33 -3.33 51.15 -0.63 -0.06 0.57 
4.64 -2.93 42.71 -0.44 -0.28 0.58 
4.87 -12.88 39.27 -0.09 -0.40 0.82 
1.17 -4.20 38.51 -0.34 -0.43 1.25 
-0.03 3.69 41.52 -0.27 -0.36 1.13 
-46.90 -86.41 32.04 -1.05 -0.25 0.54 
9.50 8.86 27.11 -0.73 -0.27 0.99 
28.32 -24.22 19.45 0.26 0.03 1.00 
-1.04 14.28 30.95 0.41 -0.31 0.88 
-8.65 25.37 46.37 0.08 -0.03 1.03 
-12.64 0.53 47.69 -0.73 -0.04 0.63 
6.50 78.79 71.42 0.14 -0.28 1.03 
-4.30 23.15 80.27 -0.18 -0.21 0.66 
-1.08 8.74 83.97 -0.96 -0.18 0.40 
1.85 2.69 81.23 -0.80 -0.18 0.61 
7.56 -2.92 72.88 -0.76 -0.23 0.59 
33.00 -2.30 79.08 -0.03 0.03 1.01 
-3.88 14.16 82.56 0.09 -0.17 1.31 
-15.28 22.46 94.24 -0.60 -0.12 0.64 
-3.19 3.51 93.63 -1.40 0.15 0.13 
0.31 3.48 86.57 -0.84 0.08 0.37 
-2.38 -20.22 70.22 0.39 -0.23 1.63 
-6.98 16.17 74.76 -0.11 -0.06 1.14 
-8.90 13.41 87.49 -0.62 -0.11 0.60 
-5.07 1.76 89.66 -1.05 0.00 0.43 
1.19 -4.97 86.82 -0.54 -0.28 0.77 
1.10 -12.96 84.25 -0.43 -0.20 0.66 
8.51 -7.73 81.29 -0.16 -0.20 0.71 
0.80 -3.34 75.80 -0.20 -0.40 1.14 
3.11 -3.41 76.51 -0.11 -0.56 1.36 
3.53 3.76 77.39 -0.49 -0.22 1.02 
-16.85 42.14 113.01 0.65 0.04 0.94 
-21.56 15.24 118.33 -0.06 -0.03 0.85 
2.49 0.10 124.85 -0.94 0.08 1.09 
18.35 2.35 119.64 -0.53 -0.06 0.78 
4.75 -20.70 107.10 0.95 -0.01 1.13 
-5.31 13.47 119.18 0.76 0.00 1.13 
-8.59 8.83 134.50 -0.38 0.07 0.78 
1.96 -1.45 141.06 -0.41 -0.22 0.97 
-0.23 7.97 138.93 -0.09 -0.23 1.05 
2.33 2.42 133.11 -0.29 -0.29 1.17 
-2.30 11.35 133.06 0.43 -0.10 1.24 
-5.17 31.88 139.90 0.17 -0.31 0.92 
0.87 20.28 147.76 -0.85 -0.04 0.19 
-1.67 4.29 148.79 -0.62 -0.36 0.80 
7.25 6.49 148.17 -1.04 -0.18 0.36 
23.47 -2.73 151.41 -0.29 -0.19 0.89 
-21.69 14.68 148.47 0.15 -0.24 1.35 
-11.32 25.47 158.62 -0.19 -0.28 0.74 
-4.93 18.91 172.49 -1.34 0.03 -0.01 
5.43 -5.81 161.99 -1.14 -0.07 0.18 
16.23 -19.77 150.43 -0.05 -0.09 0.58 
-12.68 12.41 151.34 0.36 -0.78 1.43 
-1.74 17.92 162.71 -0.29 -0.35 0.91 
-6.75 13.95 171.39 -1.11 -0.16 0.35 
4.77 5.50 168.53 -0.73 -0.30 0.49 
0.99 -2.20 167.76 -0.57 -0.27 0.46 
-5.72 -3.54 162.01 -0.34 -0.26 0.73 
-2.79 -4.86 158.01 -0.36 -0.24 1.18 
-0.19 1.95 160.58 -0.43 -0.32 1.21 
10.82 -7.79 155.32 -0.47 -0.13 0.93 
6.67 -1.32 148.80 0.31 0.06 1.02 
-6.18 9.70 150.55 0.31 -0.28 1.11 
-13.38 9.18 162.16 -0.24 0.00 0.91 
-8.52 -7.09 155.76 -0.86 -0.03 0.87 
7.08 11.00 153.61 -0.66 -0.04 0.76 
16.51 -11.02 142.75 0.48 -0.13 0.95 
0.66 14.72 153.21 0.31 -0.19 1.06 
-2.46 -4.31 162.75 -0.17 -0.07 0.92 
-8.78 -3.68 161.69 -0.63 -0.21 0.88 
4.08 6.22 161.80 -0.03 -0.30 1.03 
-0.39 -4.00 164.87 -0.19 -0.27 1.31 
-0.55 12.26 163.02 0.16 -0.25 1.20 
-2.70 30.53 170.07 -0.16 -0.18 0.63 
-2.25 13.20 177.97 -0.79 -0.11 0.29 
2.23 -1.80 174.64 -0.78 -0.21 0.69 
5.59 -1.25 170.25 -1.08 -0.10 0.30 
26.01 -11.93 158.09 0.07 -0.06 0.75 
-1.62 19.08 166.34 0.23 -0.35 1.30 
-11.18 23.15 183.91 0.01 -0.14 0.93 
-1.29 28.20 200.34 -1.28 0.27 -0.14 
7.28 -14.50 190.64 -1.05 0.10 0.23 
16.06 -6.88 174.41 -0.32 -0.06 0.80 
2.38 -27.09 139.01 -0.29 -0.36 0.82 
3.97 -3.43 137.95 -0.18 -0.27 0.99 
-0.08 1.19 141.60 -0.16 -0.48 1.28 
1.13 10.69 141.53 -0.40 -0.20 1.04 
9.67 3.59 135.01 -0.35 -0.07 0.79 
2.78 -7.73 125.04 0.51 -0.07 1.21 
-10.48 11.03 138.80 0.22 -0.13 1.02 
-13.28 -6.33 148.16 -0.38 -0.17 0.92 
4.14 4.97 152.56 -0.68 -0.17 1.23 
13.45 15.00 145.75 -0.59 -0.16 0.75 
3.62 -7.82 133.54 0.48 -0.19 1.28 
-8.91 4.76 156.84 0.10 -0.31 0.89 
-8.73 -3.01 163.03 -0.67 -0.01 0.82 
5.26 0.44 163.65 -0.23 -0.16 1.27 
1.11 8.99 161.49 -0.07 -0.34 0.94 
3.47 3.05 159.36 -0.33 -0.17 1.12 
8.07 1.13 162.07 0.08 -0.39 1.16 
0.20 30.08 173.75 -0.15 -0.17 0.64 
-1.25 10.18 187.85 -0.70 -0.07 0.41 
1.07 2.17 183.65 -0.66 -0.10 0.86 
6.26 -1.26 176.19 -0.90 -0.01 0.53 
14.75 -15.35 154.23 -0.20 -0.12 0.87 
0.34 -25.73 143.11 0.60 0.09 1.39 
-13.09 18.75 159.47 0.06 -0.17 1.00 
-6.42 16.53 171.28 -0.49 -0.21 0.64 
-8.17 -4.75 165.60 -1.23 0.00 0.58 
9.95 -9.36 148.74 -0.40 -0.16 0.69 
5.34 -13.73 133.54 0.72 -0.41 1.45 
-4.23 9.12 142.55 -0.01 -0.28 1.03 
-6.37 29.72 161.65 -0.51 -0.17 0.64 
-5.03 -3.86 157.52 -0.97 0.00 0.55 
1.81 1.90 155.54 -0.38 -0.39 0.85 
0.55 -2.77 154.73 -0.34 -0.34 0.88 
0.92 -5.60 151.04 -0.25 -0.28 0.78 
-35.72 77.48 195.88 0.36 -0.31 0.82 
-9.51 7.90 204.02 0.10 -0.26 0.88 
-10.29 -15.32 207.62 -0.33 -0.18 0.90 
-0.39 6.32 210.01 -0.47 -0.25 1.69 
2.55 20.77 203.66 -0.35 -0.19 0.88 
21.25 -15.18 192.97 0.62 -0.13 0.89 
-3.99 15.30 203.15 0.19 -0.45 0.91 
-10.73 1.78 222.89 -0.16 -0.16 0.82 
-5.73 -14.08 227.74 -0.30 -0.18 0.87 
0.82 1.65 230.80 -0.14 -0.14 1.44 
2.72 12.53 228.74 -0.02 -0.23 1.06 
2.10 16.31 228.60 -0.08 -0.19 1.12 
3.20 3.78 223.94 -0.23 -0.11 1.07 
-10.53 18.62 227.53 0.09 -0.19 0.99 
-2.31 18.75 236.66 -0.54 -0.08 0.48 
-1.85 4.81 238.56 -0.86 0.00 0.56 
4.35 -2.45 232.55 -0.86 -0.07 0.57 
7.64 -12.73 217.77 -0.29 -0.06 0.78 
-3.35 -15.07 206.02 0.43 -0.20 1.25 
-1.12 14.90 217.83 0.42 -0.20 1.27 
-9.87 22.91 239.80 -0.31 -0.10 0.75 
-7.91 16.82 259.24 -1.42 0.60 0.24 
10.19 -4.75 251.50 -0.93 0.01 0.50 
16.02 -7.89 241.31 0.14 -0.04 1.02 
-3.85 14.11 247.89 0.25 -0.29 1.30 
-6.19 24.95 268.51 -0.15 -0.11 0.82 
-12.90 22.82 294.71 -1.43 0.76 0.07 
-0.21 5.73 288.04 -0.51 -0.41 0.91 
2.24 1.11 288.07 -0.68 -0.17 0.67 
3.82 -5.06 283.46 -0.52 -0.19 0.62 
1.93 -4.59 278.05 -0.33 -0.23 0.83 
4.18 0.98 275.73 -0.08 -0.30 0.98 
0.89 -1.97 275.69 -0.01 -0.33 1.21 
-0.86 0.84 277.56 -0.17 -0.33 1.16 
1.24 10.48 280.05 -0.33 -0.25 1.00 
18.72 -4.97 273.43 -0.02 -0.08 0.92 
-4.57 9.56 275.21 0.28 -0.30 0.94 
-12.06 12.33 285.83 0.12 -0.16 1.08 
-4.98 -12.10 281.76 -0.74 -0.15 0.94 
11.71 17.19 280.60 -0.61 -0.19 0.84 
18.94 -22.07 267.84 0.72 0.00 1.33 
-5.76 15.51 278.45 0.37 -0.06 1.23 
-20.58 -7.33 285.77 -0.67 -0.02 0.69 
4.17 -1.74 291.89 -0.22 -0.13 1.19 
2.89 8.00 287.91 -0.16 -0.28 0.99 
4.32 5.57 284.47 -0.28 -0.23 1.10 
8.61 -3.78 280.63 0.16 -0.21 1.18 
-0.69 19.75 284.56 -0.01 -0.23 0.83 
-3.57 20.15 295.99 -0.36 -0.19 0.68 
-0.01 5.99 298.85 -0.94 0.04 0.42 
0.10 4.14 298.58 -0.73 -0.14 0.70 
4.13 -8.31 291.93 -0.80 -0.01 0.57 
21.67 0.65 283.12 -0.19 -0.16 0.94 
-4.12 10.32 285.32 0.28 -0.17 1.50 
-6.18 22.56 298.96 0.03 -0.13 1.04 
-12.30 5.94 287.97 -1.36 0.20 0.07 
-0.25 5.30 287.07 -1.24 0.00 0.16 
-127.00 -6.62 66.87 0.25 -0.17 1.25 
2.69 1.22 50.85 0.92 -0.05 0.47 
2.84 1.02 51.10 0.89 -0.02 0.48 
1.18 0.38 51.36 0.89 -0.08 0.44 
0.66 -0.61 54.59 0.92 -0.07 0.44 
18.21 12.13 69.81 1.32 -0.09 1.19 
6.71 42.22 76.17 1.08 -0.16 1.03 
5.01 43.79 83.36 0.41 -0.25 0.57 
2.23 28.65 96.85 -0.47 -0.01 0.30 
7.29 -4.16 80.65 -0.96 0.02 0.39 
6.09 -1.50 74.28 -0.93 -0.03 0.38 
24.54 2.81 73.82 -0.43 0.11 0.80 
-3.27 18.80 81.59 0.04 -0.20 1.49 
-10.11 26.42 102.19 -0.40 -0.01 0.55 
-45.31 -21.20 53.42 -1.32 0.74 -0.29 
-1.27 4.31 46.35 -0.96 0.12 0.42 
14.95 -6.39 32.43 -0.51 0.10 0.63 
-5.48 -15.46 22.28 0.44 -0.05 1.68 
-8.11 14.03 33.90 -0.24 0.00 0.97 
40.65 60.59 65.81 -0.28 -0.25 1.00 
-32.75 33.52 93.87 0.29 -0.13 1.10 
-10.62 -6.34 101.27 -0.23 -0.24 0.73 
4.62 -11.20 104.30 -0.16 -0.10 1.41 
9.15 21.74 99.35 -0.38 -0.05 0.89 
10.69 -13.56 88.66 0.65 -0.07 0.94 
-4.04 14.10 98.87 0.42 -0.27 0.96 
-7.89 4.46 109.50 -0.08 -0.16 0.85 
-1.38 -6.45 115.30 -0.32 -0.10 1.14 
2.65 4.43 115.53 0.00 -0.17 1.23 
5.36 8.25 117.92 -0.02 -0.30 1.30 
-6.94 4.17 114.55 0.38 -0.32 1.09 
2.17 32.91 124.21 0.05 -0.27 0.81 
-1.55 25.20 137.64 -0.55 -0.03 0.46 
-5.39 -1.18 125.87 -0.97 0.06 0.19 
0.51 4.81 126.13 -0.87 -0.08 0.56 
9.05 -0.80 122.06 -0.90 -0.01 0.39 
17.25 -12.67 109.77 -0.38 0.07 0.74 
-5.00 11.20 114.59 0.21 -0.22 1.55 
-6.04 29.57 135.30 -0.32 -0.16 0.71 
2.38 36.76 163.34 -1.34 0.79 -0.18 
-0.30 -0.50 155.04 -1.02 0.02 0.41 
15.15 -2.97 146.14 -0.46 0.00 0.69 
-4.05 -10.73 137.61 0.09 -0.12 1.41 
-10.49 -5.31 91.44 -0.99 0.07 0.26 
1.37 3.89 91.60 -0.77 -0.05 0.62 
1.74 0.23 88.86 -0.72 -0.03 0.61 
1.63 -12.35 79.09 -0.50 -0.12 0.59 
2.25 -11.92 73.40 -0.16 -0.20 0.75 
2.31 -6.04 65.29 0.06 -0.45 1.28 
4.66 0.47 68.62 -0.02 -0.28 1.23 
2.32 7.24 71.30 -0.17 -0.20 1.00 
10.99 8.40 69.91 -0.34 -0.06 0.99 
-3.32 3.19 56.01 0.54 -0.05 1.19 
-0.78 19.83 68.67 0.50 -0.14 1.17 
-24.89 7.66 67.52 -0.42 -0.19 0.43 
10.69 -1.43 77.39 -0.91 -0.21 0.90 
22.41 -13.86 65.32 -0.54 -0.11 0.86 
8.29 -1.47 59.95 0.43 -0.13 1.16 
-6.04 23.49 70.36 0.42 -0.03 1.15 
-17.42 -5.86 72.57 -0.62 -0.24 0.51 
3.49 -10.11 78.40 -0.45 -0.27 1.05 
1.31 4.96 80.22 -0.16 -0.34 0.99 
2.05 2.91 82.53 -0.13 -0.34 0.98 
-14.26 4.63 82.19 0.11 -0.20 1.04 
47.02 49.48 88.84 0.05 -0.12 0.43 
-10.65 50.76 92.98 0.10 -0.24 1.35 
13.89 12.59 103.77 -0.19 -0.28 0.80 
2.13 20.18 110.84 -0.50 -0.06 0.58 
-1.33 5.13 110.28 -0.84 0.05 0.48 
3.43 -8.99 102.98 -0.87 0.00 0.52 
18.54 4.23 88.45 -0.22 -0.05 0.98 
-3.26 2.49 91.96 0.17 -0.12 1.45 
-10.17 14.91 110.38 -0.23 -0.15 0.83 
-5.42 6.63 125.63 -0.85 0.06 0.57 
7.02 5.47 116.64 -1.07 0.01 0.61 
7.19 -4.04 105.56 -0.74 0.02 0.56 
9.39 -14.20 94.75 -0.01 0.04 1.12 
-8.22 10.02 103.95 0.07 -0.17 1.24 
-6.91 12.34 120.28 -0.42 -0.03 0.80 
-5.10 20.02 126.48 -1.10 0.14 0.35 
-1.88 0.18 126.05 -0.55 -0.24 0.90 
2.61 -0.20 122.75 -0.58 -0.21 0.78 
0.32 -1.20 118.21 -0.48 -0.18 0.67 
-1.63 -3.01 112.29 -0.27 -0.26 0.91 
5.58 -11.63 112.28 -0.11 -0.31 0.80 
0.03 -5.17 101.71 0.14 -0.19 1.29 
-0.19 2.90 104.51 0.04 -0.24 1.31 
-0.77 8.94 105.25 -0.14 -0.29 1.01 
13.30 6.86 108.05 -0.19 -0.13 1.07 
16.26 -13.18 103.26 0.53 0.03 0.95 
-0.41 11.99 112.79 0.45 -0.05 0.93 
-8.84 8.45 125.41 0.13 -0.02 0.94 
-8.58 -7.67 123.18 -0.59 0.00 1.09 
0.40 15.71 120.26 -0.30 -0.37 1.09 
12.42 3.38 121.06 -0.19 -0.03 0.88 
0.28 -6.52 110.94 0.67 0.06 1.13 
1.48 16.84 120.18 0.46 0.12 1.00 
-10.16 -1.85 125.25 -0.22 -0.03 0.74 
3.13 -10.85 123.68 -0.21 -0.23 1.43 
0.66 10.37 121.54 0.01 -0.22 1.26 
-4.76 14.76 121.75 0.10 -0.28 1.32 
-2.09 26.11 132.09 0.18 -0.18 0.83 
-4.22 19.45 141.85 -0.36 -0.07 0.53 
-4.15 9.71 150.07 -0.95 0.02 0.45 
3.80 1.13 146.72 -0.82 -0.10 0.65 
4.24 -3.15 140.92 -0.78 -0.10 0.61 
7.42 0.54 129.58 -0.60 -0.14 0.67 
9.19 -13.12 118.73 0.07 -0.22 1.23 
-3.14 7.92 135.13 -0.09 -0.18 1.04 
28.73 -7.16 123.88 -0.81 -0.24 0.57 
12.73 -8.85 113.22 -0.18 -0.23 0.80 
-7.34 11.86 122.61 0.54 -0.30 1.51 
-3.33 13.66 132.62 -0.42 -0.27 0.83 
-4.10 12.28 141.55 -0.58 -0.30 0.68 
-5.89 5.75 148.93 -0.90 0.00 0.59 
1.35 2.53 148.10 -0.62 -0.34 0.69 
-0.77 2.04 148.67 -0.58 -0.27 0.76 
3.97 -3.07 145.20 -0.63 -0.25 0.65 
5.84 -6.99 135.65 -0.27 -0.25 0.74 
-1.83 -4.89 130.59 0.15 -0.28 1.01 
1.22 -7.78 125.28 0.07 -0.40 1.02 
-0.12 2.13 135.47 -0.16 -0.40 1.20 
-2.53 8.24 137.08 0.00 -0.34 0.98 
7.70 7.86 137.81 -0.29 -0.22 0.96 
16.14 -15.81 125.71 0.55 -0.02 0.85 
-7.71 6.33 134.65 0.53 -0.08 1.00 
-12.05 1.32 144.33 0.05 -0.05 0.89 
3.06 -8.97 151.09 -0.14 -0.24 1.13 
1.01 13.88 148.68 -0.10 -0.24 1.35 
10.35 11.12 140.13 0.04 -0.07 0.83 
9.38 -2.91 131.42 0.53 -0.03 1.10 
0.03 8.33 144.75 0.32 -0.05 1.07 
-10.33 -7.26 150.19 -0.07 -0.11 0.77 
2.50 -4.90 154.68 0.08 -0.16 1.48 
0.43 8.52 153.57 0.14 -0.17 1.17 
4.51 10.58 152.55 0.00 -0.18 1.23 
-2.80 18.06 150.09 0.33 -0.23 1.25 
-2.92 19.09 157.58 0.01 -0.26 0.77 
-4.77 22.07 169.55 -0.46 -0.10 0.51 
-2.47 5.13 173.17 -0.94 0.02 0.42 
2.91 2.89 171.81 -0.86 -0.08 0.53 
4.94 -1.95 166.12 -0.84 -0.04 0.53 
14.37 -10.20 156.36 -0.22 0.00 0.67 
-9.75 7.09 162.29 0.31 -0.25 1.46 
-9.46 16.61 181.24 -0.38 -0.15 0.89 
-9.29 15.73 194.21 -0.93 0.13 0.42 
9.55 -1.50 187.57 -0.91 -0.21 0.50 
11.73 -5.74 178.52 -0.91 0.02 0.39 
16.57 -13.19 164.03 0.00 -0.21 0.93 
-2.47 19.31 180.68 -0.16 -0.21 1.05 
-4.14 10.76 190.68 -0.61 -0.13 0.80 
-4.34 9.30 199.73 -0.62 -0.18 0.78 
-3.94 11.90 198.90 -1.04 0.00 0.22 
2.15 0.83 198.69 -0.64 -0.32 0.65 
3.35 -2.77 193.45 -0.55 -0.23 0.52 
5.14 -11.48 185.39 -0.27 -0.36 0.74 
4.26 -9.30 175.71 0.10 -0.37 1.07 
-5.16 -2.71 171.81 0.05 -0.53 1.28 
-1.41 7.32 174.59 -0.01 -0.28 1.07 
18.29 8.94 176.42 -0.10 -0.25 0.99 
10.34 -8.01 166.39 0.75 -0.04 1.07 
-6.83 12.27 177.00 0.48 -0.05 1.02 
-2.61 -0.21 188.92 0.00 0.00 0.83 
5.17 -9.15 193.18 -0.15 -0.21 1.35 
1.56 17.66 188.14 -0.18 -0.17 1.14 
7.75 6.27 174.91 0.07 -0.08 0.75 
-8.86 12.04 178.12 0.57 -0.23 1.10 
-5.05 1.61 192.65 0.02 -0.22 0.88 
-3.05 -12.22 198.17 -0.07 -0.24 0.92 
1.14 -5.54 200.99 -0.02 -0.21 1.44 
0.47 14.30 196.78 0.06 -0.21 1.18 
2.12 18.45 198.64 -0.01 -0.28 1.33 
-4.31 30.08 203.86 -0.07 -0.36 0.94 
-0.94 18.05 216.74 -0.38 -0.26 0.48 
-3.46 13.47 225.41 -1.02 0.16 0.10 
2.26 0.55 221.30 -0.91 -0.10 0.46 
5.47 -9.87 213.31 -0.85 -0.04 0.36 
9.11 -12.05 198.26 0.03 -0.35 1.05 
-1.74 9.66 202.53 -0.19 -0.38 1.16 
-6.78 10.52 212.78 -0.32 -0.33 1.02 
-3.35 17.62 230.91 -0.60 -0.07 0.63 
12.44 0.73 221.79 -0.97 -0.11 0.45 
5.97 -2.60 214.91 -0.84 -0.02 0.43 
6.81 -15.65 197.71 0.00 -0.22 1.06 
-3.85 10.74 202.68 -0.15 -0.37 1.04 
-5.53 11.44 209.67 -0.31 -0.30 0.99 
-8.08 10.65 222.23 -0.61 -0.21 0.65 
-3.98 3.00 225.20 -0.79 -0.14 0.66 
1.57 4.89 222.76 -0.60 -0.40 0.75 
-0.91 3.22 223.58 -0.60 -0.34 0.70 
0.11 1.12 220.24 -0.53 -0.29 0.61 
1.06 -9.86 211.04 -0.34 -0.33 0.68 
2.62 -8.47 204.22 -0.14 -0.50 1.08 
1.25 -7.20 201.09 -0.09 -0.67 1.19 
0.34 6.51 202.51 -0.14 -0.44 1.08 
10.40 3.90 197.99 -0.16 -0.34 1.01 
-19.46 13.37 240.09 0.18 -0.15 0.90 
-6.18 -9.21 240.85 -0.10 -0.22 0.98 
1.58 12.45 242.27 -0.13 -0.19 1.45 
5.12 17.45 236.84 -0.10 -0.22 0.89 
15.21 -11.44 230.80 0.68 -0.13 0.96 
-5.55 11.52 237.27 0.25 -0.09 0.96 
-8.64 4.45 245.26 0.04 -0.17 1.02 
-1.68 -6.62 251.72 -0.43 -0.24 0.92 
1.44 9.05 251.71 -0.10 -0.28 1.32 
-4.97 7.74 253.06 0.00 -0.46 1.15 
1.56 19.59 262.88 0.00 -0.29 0.92 
-7.59 20.47 271.67 -0.55 -0.23 0.36 
0.96 -4.20 269.88 -0.71 -0.30 0.66 
6.71 6.25 266.39 -0.76 -0.18 0.64 
-20.77 53.91 319.48 -0.50 -0.22 0.70 
-5.77 12.32 -320.54 -0.90 -0.13 0.39 
3.49 2.89 -321.09 -1.01 0.07 0.51 
12.52 -0.49 325.23 -0.91 -0.02 0.47 
7.30 -3.86 310.24 -0.48 -0.10 0.54 
-9.47 -1.37 303.55 0.45 -0.52 1.50 
-4.30 11.85 320.43 -0.22 -0.34 0.99 
-10.76 17.80 -320.36 -0.87 0.20 0.51 
-1.24 3.17 -326.00 -0.90 -0.03 0.40 
3.22 2.00 323.57 -0.49 -0.22 0.64 
-0.04 -5.74 315.57 -0.49 -0.23 0.54 
13.09 -29.55 307.84 -0.02 -0.42 1.36 
0.80 -0.15 311.06 -0.07 -0.45 1.20 
0.07 6.59 310.12 -0.11 -0.26 0.94 
12.12 5.80 308.90 -0.29 -0.11 0.93 
-7.38 3.20 306.55 0.49 -0.15 1.07 
-11.00 -7.31 312.92 0.05 -0.25 0.81 
7.34 -8.58 323.08 -0.14 -0.23 1.28 
-0.82 13.69 319.45 -0.02 -0.24 1.16 
6.08 9.38 308.06 0.13 -0.08 0.87 
-18.14 8.35 308.37 0.58 -0.20 1.06 
-4.15 4.55 321.33 0.18 -0.25 0.97 
-2.27 -6.43 -327.55 -0.29 -0.13 1.01 
-1.07 7.24 327.24 0.05 -0.30 1.27 
-5.64 8.61 -325.55 0.05 -0.33 1.24 
0.36 25.72 -312.29 0.04 -0.38 0.90 
-4.34 24.93 -301.24 -0.58 -0.14 0.35 
-0.02 2.21 -302.53 -0.90 -0.14 0.34 
5.10 3.24 -305.22 -0.92 -0.20 0.39 
20.36 -14.80 -323.39 -0.29 -0.10 0.93 
-4.19 14.18 -317.80 -0.02 -0.46 1.20 
-7.50 18.30 -298.29 -0.32 -0.27 0.82 
-13.68 4.15 -283.08 -1.05 0.07 0.33 
12.18 6.76 -288.31 -0.95 0.00 0.54 
10.08 -1.29 -304.89 -0.76 -0.01 0.50 
10.41 -19.64 -324.37 0.16 -0.23 1.21 
0.29 7.56 -314.78 -0.16 -0.42 1.13 
-6.83 11.43 -299.69 -0.30 -0.32 0.89 
4.28 -81.25 -258.66 -0.08 -0.63 1.22 
0.39 -1.11 -254.17 -0.10 -0.37 1.20 
-2.64 9.46 -254.01 -0.01 -0.41 1.02 
6.12 15.49 -257.81 -0.25 -0.33 0.88 
13.43 -7.54 -264.85 0.73 -0.13 1.25 
-10.06 5.15 -251.42 0.29 -0.12 0.91 
-7.16 -14.85 -249.12 -0.15 -0.22 0.88 
5.07 4.14 -243.81 -0.08 -0.24 1.56 
5.00 19.36 -251.57 -0.11 -0.19 0.98 
19.44 -11.79 -264.48 0.62 -0.12 0.96 
-12.29 10.00 -246.56 0.21 -0.17 0.94 
-9.07 -6.02 -237.73 -0.10 -0.10 0.81 
2.74 -3.58 -230.82 0.02 -0.19 1.47 
0.84 12.11 -232.09 0.02 -0.26 1.09 
-1.45 12.35 -237.67 0.05 -0.36 1.29 
1.62 17.76 -230.68 0.19 -0.43 0.99 
-4.50 30.43 -215.96 -0.21 -0.23 0.60 
-1.87 15.45 -210.09 -0.87 0.00 0.23 
1.48 -0.99 -212.61 -0.82 -0.19 0.57 
6.26 1.45 -218.33 -0.97 -0.01 0.29 
9.27 -18.20 -235.94 -0.23 -0.20 0.94 
-0.36 8.23 -228.67 -0.19 -0.33 1.18 
-5.48 12.43 -219.31 -0.38 -0.28 0.94 
-1.74 12.51 -208.72 -0.68 -0.06 0.60 
0.70 2.88 -207.94 -0.90 0.02 0.62 
12.53 -6.82 -220.19 -0.82 0.01 0.47 
0.43 3.96 -220.87 -0.78 0.00 0.49 
-3.45 11.95 -227.08 0.15 -0.42 1.25 
2.98 10.72 -211.83 -0.83 -0.10 0.49 
3.10 -12.21 -229.41 -0.52 -0.17 0.64 
3.10 -12.21 -229.41 -0.52 -0.17 0.64 
0.47 -5.44 -238.12 -0.18 -0.27 0.72 
2.87 -5.45 -242.88 -0.03 -0.25 0.76 
-0.97 -8.72 -252.42 0.29 -0.30 1.44 
-1.16 11.86 -248.27 0.24 -0.26 1.08 
31.37 2.74 68.58 0.92 -0.09 0.45 
11.91 1.19 72.07 0.94 -0.09 0.44 
3.16 0.32 72.92 0.93 -0.08 0.46 
4.52 0.60 74.28 0.92 -0.10 0.44 
3.16 0.97 75.85 0.93 -0.07 0.47 
7.83 19.92 80.91 1.17 0.12 1.03 
10.69 43.71 75.04 0.74 -0.13 0.95 
7.49 30.50 72.68 0.21 -0.11 0.83 
8.07 20.20 73.01 -0.40 -0.06 0.56 
6.61 7.67 71.37 -0.91 0.16 0.46 
14.15 -13.46 64.12 -0.78 0.14 0.47 
2.05 -18.26 48.88 0.47 0.06 1.60 
-4.48 27.69 72.03 -0.33 0.07 0.84 
5.31 24.14 89.54 -0.80 0.49 0.37 
4.38 -1.72 77.64 -1.02 0.30 0.24 
4.44 -18.99 63.83 -0.67 0.23 0.46 
7.38 -15.43 41.16 0.56 0.09 1.33 
0.61 28.16 60.79 0.10 -0.08 1.06 
-7.03 18.19 76.93 -0.54 0.21 0.71 
-10.72 14.43 88.63 -1.05 0.57 0.41 
8.82 -0.89 79.32 -0.63 0.03 0.64 
12.33 0.96 71.46 -0.42 -0.03 0.65 
3.75 -15.01 56.11 -0.13 -0.12 0.67 
-7.99 -14.35 44.04 0.10 -0.50 1.26 
10.24 0.55 51.53 -0.16 -0.14 1.28 
3.42 4.43 52.34 0.08 -0.22 1.14 
9.72 8.04 50.52 -0.35 -0.14 0.95 
12.11 -20.46 38.90 0.92 0.00 1.16 
-5.09 16.80 50.27 0.47 0.00 1.06 
-6.14 -0.52 55.73 -0.40 -0.06 0.73 
10.87 -5.24 61.43 -0.32 -0.11 0.96 
21.58 7.99 53.91 -0.34 0.00 0.81 
-7.78 -4.45 43.14 0.94 -0.15 1.33 
-4.11 15.84 57.73 0.47 -0.01 1.02 
4.42 158.23 79.17 0.47 -0.21 1.21 
1.99 35.20 87.57 -0.08 -0.15 0.62 
-0.40 18.96 99.96 -0.82 0.12 0.15 
3.92 -5.87 93.89 -0.70 -0.06 0.79 
7.96 -1.73 89.42 -1.03 0.00 0.34 
10.90 -14.67 80.62 -0.33 0.03 0.66 
1.18 -17.41 70.21 0.69 -0.17 1.79 
-3.71 25.44 82.37 -0.12 -0.10 1.01 
-0.29 24.05 97.46 -0.93 0.12 0.38 
9.56 2.88 91.05 -1.17 0.03 0.24 
13.41 -11.76 81.35 -0.56 -0.03 0.62 
5.82 -20.99 72.76 0.21 0.15 1.54 
0.30 28.16 85.58 -0.25 -0.11 0.91 
-9.27 19.24 95.78 -0.79 0.14 0.44 
-0.86 6.60 97.28 -1.16 0.12 0.20 
39.58 -36.36 68.21 0.04 -0.28 1.10 
1.01 0.67 71.42 -0.09 -0.37 1.25 
4.89 6.94 73.50 -0.19 -0.17 1.07 
6.22 -4.51 72.57 -0.01 0.10 0.88 
8.90 -4.59 61.55 0.60 0.09 1.06 
4.74 13.69 73.59 0.55 0.00 1.01 
-6.89 4.02 86.15 -0.03 0.00 0.91 
-1.04 -0.02 84.59 -0.40 -0.08 1.28 
12.41 13.47 79.16 -0.16 -0.11 1.01 
14.69 -10.47 67.04 0.59 -0.05 1.05 
0.25 16.07 78.98 0.40 -0.03 1.00 
-2.47 6.88 89.05 0.04 -0.25 0.77 
0.98 -12.59 94.97 -0.09 -0.11 1.18 
5.92 3.55 98.49 -0.03 -0.25 1.24 
6.98 2.26 99.86 -0.01 -0.25 1.14 
10.01 -2.56 102.79 0.27 -0.22 1.15 
-4.77 18.73 106.72 0.19 -0.21 0.92 
-2.83 19.02 113.09 -0.23 -0.22 0.74 
1.05 6.34 118.80 -0.85 -0.09 0.59 
4.26 3.20 116.99 -0.72 -0.26 0.68 
8.55 -5.36 112.04 -0.72 -0.04 0.55 
14.32 -9.59 97.52 0.00 -0.05 0.99 
-2.27 10.67 104.33 0.19 -0.41 1.33 
-3.40 18.47 118.49 -0.20 -0.22 0.82 
-3.59 9.77 133.40 -0.96 0.07 0.53 
13.52 3.34 125.59 -0.97 -0.03 0.47 
13.08 -4.77 112.08 -0.48 -0.06 0.69 
12.10 -8.46 108.62 0.12 -0.06 1.21 
-1.50 9.81 113.62 0.00 -0.21 1.22 
1.66 17.03 121.37 -0.42 -0.15 0.80 
-5.29 14.80 138.45 -0.61 -0.06 0.66 
-1.73 7.13 141.77 -0.86 -0.14 0.62 
6.48 2.63 140.94 -0.64 -0.21 0.72 
5.18 -1.49 135.89 -0.51 -0.20 0.66 
1.64 -7.61 124.05 -0.38 -0.21 0.68 
-2.32 -16.07 109.41 0.05 -0.41 0.89 
11.67 -12.19 106.77 0.32 -0.47 1.01 
4.39 -1.02 105.36 0.29 -0.40 1.26 
2.81 4.11 108.24 0.16 -0.27 1.16 
8.81 9.24 108.36 -0.01 -0.18 1.11 
17.23 -3.26 103.69 0.50 -0.08 0.89 
-1.03 8.64 108.97 0.47 -0.13 0.96 
-3.74 3.54 118.83 0.18 -0.16 0.93 
4.15 -4.85 127.20 -0.09 -0.19 1.13 
4.62 8.45 122.63 -0.09 -0.15 1.20 
18.25 0.00 114.18 0.08 -0.02 0.83 
-4.17 1.95 108.31 0.56 -0.10 1.06 
-3.62 10.60 117.73 0.40 -0.09 0.98 
-0.75 -2.24 122.51 -0.23 -0.10 0.91 
5.02 -0.38 125.32 0.05 -0.15 1.22 
4.12 6.67 127.51 0.09 -0.20 1.10 
4.10 -8.50 124.47 0.13 -0.04 1.06 
-4.40 17.92 129.43 0.45 -0.15 1.18 
-4.71 27.90 142.03 0.00 -0.21 0.80 
-0.46 17.24 151.45 -0.66 -0.07 0.48 
2.63 2.43 148.39 -0.74 -0.19 0.63 
6.72 0.84 143.65 -0.80 -0.28 0.59 
8.51 -6.55 134.87 -0.55 -0.14 0.70 
9.00 -16.27 126.18 0.43 -0.13 1.35 
0.02 13.22 138.19 0.01 -0.35 1.07 
-1.43 21.64 162.83 -0.46 -0.15 0.76 
-0.53 11.78 171.41 -1.11 0.21 0.36 
9.38 -9.00 161.11 -0.86 -0.05 0.49 
20.93 -7.93 147.53 0.07 -0.15 0.97 
5.48 8.12 153.79 0.20 -0.37 1.36 
-2.37 22.17 175.40 -0.26 -0.20 0.89 
-0.97 12.42 187.13 -0.91 0.11 0.53 
7.07 5.16 183.92 -0.78 -0.08 0.53 
4.96 -2.96 182.03 -0.64 -0.12 0.72 
3.04 -4.49 174.28 -0.49 -0.12 0.72 
2.78 -6.74 163.65 -0.16 -0.37 0.75 
8.09 -13.67 154.89 0.05 -0.43 0.92 
3.00 1.27 153.85 0.28 -0.23 1.10 
13.39 -1.17 156.33 0.08 -0.08 1.26 
4.98 0.24 160.70 0.11 -0.17 1.19 
3.46 8.14 163.38 0.05 -0.11 1.18 
12.84 9.10 159.47 0.03 -0.04 1.02 
4.89 3.11 157.10 0.49 -0.01 1.11 
-6.92 6.61 168.83 0.02 -0.03 0.88 
-0.22 -5.28 172.20 -0.24 -0.22 1.19 
5.17 10.10 170.70 -0.40 -0.05 1.16 
20.55 -7.50 158.67 0.31 -0.09 0.97 
-3.93 13.85 165.62 0.41 -0.20 0.87 
-6.00 3.92 172.75 -0.03 -0.10 0.81 
1.85 -8.82 176.43 -0.28 -0.27 1.14 
3.72 7.16 178.78 0.02 -0.18 1.05 
4.25 5.19 178.83 0.00 -0.17 1.05 
-0.96 9.01 178.46 -0.06 -0.24 1.31 
6.68 13.18 186.71 0.00 -0.28 1.04 
-2.35 17.77 195.51 -0.20 -0.24 0.78 
-3.30 19.13 205.16 -0.57 -0.26 0.50 
2.36 5.55 207.69 -0.88 -0.10 0.48 
4.79 5.71 207.81 -0.87 -0.24 0.52 
9.33 -8.15 201.01 -0.89 0.00 0.29 
19.14 -24.22 185.17 -0.12 -0.06 0.85 
-2.29 18.63 193.59 0.26 -0.38 1.28 
-5.85 31.13 214.04 -0.40 -0.10 0.65 
-0.69 10.89 226.78 -1.26 0.30 0.19 
9.89 -23.02 207.05 -0.69 0.05 0.38 
-4.48 -12.77 197.06 0.38 -0.33 1.49 
0.65 15.41 210.69 -0.01 -0.29 1.07 
-5.38 19.96 225.48 -0.73 -0.03 0.50 
0.10 0.31 224.52 -0.95 0.01 0.53 
3.74 1.61 222.48 -0.58 -0.22 0.77 
2.82 1.46 219.86 -0.64 -0.20 0.71 
5.27 -1.14 213.39 -0.49 -0.24 0.65 
3.19 -10.56 206.47 -0.27 -0.30 0.75 
5.00 -8.10 202.78 0.15 -0.31 0.98 
11.00 -6.06 201.90 0.00 -0.42 1.16 
7.84 -1.43 207.35 -0.01 -0.30 1.19 
2.22 8.44 209.76 -0.04 -0.28 1.07 
17.39 3.20 205.53 0.08 -0.02 0.93 
0.73 5.24 205.91 0.39 -0.16 0.89 
-16.45 36.54 231.41 0.36 -0.13 1.11 
-8.41 7.37 240.57 0.03 -0.17 1.00 
1.02 0.79 245.75 -0.29 -0.13 0.96 
3.83 4.91 247.00 -0.03 -0.21 1.11 
3.24 6.34 246.55 -0.09 -0.16 1.05 
4.19 10.90 248.17 -0.11 -0.23 1.19 
-0.48 21.93 253.25 -0.22 -0.35 0.99 
1.33 16.25 262.72 -0.48 -0.22 0.59 
0.79 7.41 271.33 -0.65 -0.14 0.46 
3.95 -0.90 267.62 -0.80 -0.20 0.54 
5.38 5.34 264.71 -1.03 -0.13 0.33 
16.48 -23.58 256.18 -0.64 0.00 0.35 
-2.80 -17.04 247.23 0.57 -0.27 1.63 
-7.28 18.73 267.32 -0.05 -0.20 0.98 
-2.33 18.31 285.85 -0.93 0.13 0.42 
14.13 -3.47 274.10 -0.97 0.03 0.39 
24.79 -7.07 270.18 -0.19 0.00 0.84 
0.21 5.42 269.31 0.53 -0.41 1.63 
-3.34 23.94 283.19 -0.26 -0.06 0.85 
-5.55 12.86 294.39 -0.89 0.02 0.40 
2.86 3.06 290.47 -0.82 -0.06 0.56 
4.08 -1.86 288.87 -0.64 -0.19 0.71 
2.79 -0.11 285.41 -0.57 -0.17 0.74 
2.85 3.46 278.62 -0.42 -0.27 0.67 
3.24 -8.67 273.05 -0.33 -0.31 0.74 
0.52 -3.64 264.54 0.00 -0.45 0.94 
5.73 -3.74 263.01 0.00 -0.53 1.18 
7.91 8.38 268.88 -0.16 -0.30 1.05 
19.88 -2.71 261.11 0.11 -0.02 0.85 
-2.66 10.42 265.88 0.44 -0.25 0.95 
-4.86 3.96 273.35 -0.02 -0.15 0.91 
5.52 1.69 281.87 -0.40 -0.20 1.27 
12.00 10.91 279.66 -0.29 -0.06 0.83 
20.16 -11.09 278.17 0.49 -0.06 1.11 
-6.83 12.04 288.17 0.21 -0.01 1.01 
0.64 0.18 295.87 -0.24 -0.15 0.92 
4.77 -2.58 296.06 -0.05 -0.26 1.16 
3.60 6.43 296.11 0.00 -0.22 1.08 
-2.49 9.79 296.34 0.10 -0.25 1.37 
-3.69 19.56 303.17 -0.04 -0.35 0.97 
-1.19 20.03 314.93 -0.34 -0.36 0.58 
3.05 17.73 -326.01 -0.74 -0.12 0.43 
4.50 3.78 -327.66 -0.87 -0.16 0.37 
2.74 4.56 -326.91 -0.87 -0.19 0.46 
9.33 -7.26 324.15 -0.96 -0.09 0.34 
17.23 -27.88 310.61 0.47 -0.11 1.40 
-4.14 9.60 320.19 0.07 -0.30 1.29 
-4.58 29.43 -309.73 -0.47 -0.01 0.68 
-4.17 9.90 -311.30 -1.34 0.21 -0.06 
11.39 -14.53 -321.35 -0.85 0.05 0.31 
-3.45 -21.68 323.54 0.77 -0.28 1.87 
-4.36 21.31 -317.48 -0.29 -0.19 0.98 
-1.98 22.46 -301.07 -0.82 -0.04 0.44 
6.58 5.40 -303.85 -0.85 -0.06 0.46 
5.96 -1.19 -304.31 -0.71 -0.13 0.68 
4.08 1.28 -307.17 -0.67 -0.16 0.61 
4.28 -6.90 -313.39 -0.59 -0.23 0.61 
4.62 -8.92 -326.49 -0.21 -0.28 0.84 
13.18 -9.12 324.83 0.01 -0.41 1.13 
3.22 -1.62 323.58 0.01 -0.42 1.26 
-0.82 8.15 327.21 0.03 -0.33 1.09 
6.79 11.64 -321.46 -0.42 -0.23 0.93 
20.81 -16.17 323.29 0.33 -0.02 0.95 
0.63 10.28 -319.97 0.21 -0.18 0.99 
-9.40 7.39 -312.56 -0.25 -0.15 0.85 
1.50 2.77 -318.51 -0.75 -0.35 0.98 
28.06 -23.09 322.44 0.64 -0.10 1.16 
1.27 12.21 -322.92 0.22 -0.28 0.99 
-10.19 14.96 -310.52 0.00 -0.21 0.95 
-1.93 -1.99 -308.12 -0.54 -0.18 0.87 
3.62 2.09 -307.66 -0.32 -0.34 1.10 
6.43 5.99 -306.59 -0.34 -0.38 0.92 
8.61 7.95 -307.74 -0.46 -0.32 1.11 
0.94 8.98 -303.85 -0.37 -0.49 0.97 
7.24 3.00 -296.92 -0.30 -0.23 0.77 
-0.96 18.43 -284.77 -0.36 -0.23 0.77 
3.68 12.00 -275.64 -1.20 0.13 0.05 
4.18 6.14 -274.88 -0.70 -0.27 0.71 
9.00 2.09 -280.29 -0.82 -0.21 0.52 
12.29 -3.61 -285.11 -0.73 -0.07 0.53 
9.97 -18.24 -296.28 0.27 -0.04 1.36 
-5.76 17.62 -286.84 0.00 -0.25 1.18 
-7.05 21.56 -265.84 -0.72 -0.04 0.47 
9.92 -0.16 -280.41 -1.06 0.10 0.35 
5.88 -10.01 -290.90 -0.70 0.00 0.53 
5.10 -17.60 -302.94 0.32 -0.19 1.48 
-5.33 12.57 -291.64 -0.13 -0.38 1.08 
-9.04 13.15 -278.08 -0.72 -0.07 0.62 
-5.86 8.08 -277.22 -1.01 0.02 0.42 
5.56 2.17 -278.01 -0.66 -0.27 0.66 
4.79 3.84 -278.14 -0.74 -0.19 0.67 
5.29 2.84 -279.33 -0.72 -0.20 0.64 
7.32 -2.56 -284.61 -0.64 -0.12 0.60 
6.11 -1.75 -295.58 -0.32 -0.29 0.77 
4.12 -7.10 -300.89 -0.09 -0.31 0.83 
2.91 -2.24 -307.27 -0.09 -0.45 1.00 
17.48 26.66 -293.26 -0.23 -0.29 0.98 
12.68 8.26 -293.60 -0.16 -0.16 0.84 
-11.04 -12.14 -275.95 -0.35 -0.27 0.78 
-1.19 2.93 -275.61 -0.35 -0.27 0.77 
316.56 -118.02 -313.45 0.07 -0.05 1.13 
-5.21 8.18 -299.45 -0.10 -0.25 1.14 
-6.79 17.69 -281.40 -0.49 -0.18 0.74 
0.02 7.25 -275.38 -0.86 0.07 0.62 
4.72 2.79 -278.02 -0.66 -0.25 0.64 
3.00 1.79 -277.24 -0.67 -0.17 0.72 
4.05 -34.49 -321.30 0.01 -0.40 0.85 
3.71 -0.65 -323.58 0.05 -0.37 1.12 
6.32 -5.19 -326.68 0.17 -0.43 1.13 
4.76 1.21 -322.36 0.08 -0.37 1.12 
0.13 8.85 -318.80 0.11 -0.37 1.04 
10.18 8.84 -318.28 -0.15 -0.19 1.02 
7.07 0.82 -321.65 0.47 -0.23 1.04 
-8.32 8.89 -315.82 0.29 -0.21 1.01 
-1.87 -3.56 -310.83 -0.32 -0.30 0.91 
4.50 5.18 -311.34 -0.30 -0.22 1.14 
15.43 3.88 -316.59 -0.25 -0.16 0.84 
11.02 -9.59 -323.67 0.63 -0.12 1.24 
-7.91 13.26 -312.69 0.27 -0.03 1.09 
-6.70 1.24 -307.83 -0.43 -0.27 0.70 
2.85 -1.27 -307.48 -0.20 -0.36 1.12 
3.82 4.73 -306.42 -0.03 -0.37 0.92 
4.39 4.44 -306.61 -0.11 -0.33 1.02 
4.61 0.51 -310.49 -0.11 -0.27 1.19 
-1.04 9.35 -310.01 0.16 -0.46 1.30 
-0.03 23.58 -301.02 0.13 -0.28 0.87 
-6.12 19.06 -291.13 -0.55 -0.13 0.43 
1.21 2.65 -287.71 -0.85 -0.14 0.53 
7.13 -1.57 -291.34 -0.84 -0.12 0.48 
14.91 -4.80 -303.63 -0.52 -0.11 0.60 
4.42 -10.42 -311.53 0.60 -0.33 1.59 
-1.15 10.62 -300.29 -0.03 -0.35 1.13 
-3.19 23.04 -282.70 -0.48 -0.12 0.68 
1.84 7.71 -279.57 -1.03 0.00 0.39 
10.54 -8.22 -286.30 -0.82 -0.11 0.50 
26.87 -8.30 -295.96 0.09 -0.06 1.03 
-3.51 6.51 -286.64 0.06 -0.21 1.29 
-10.74 14.71 -276.44 -0.24 -0.15 1.01 
-2.74 11.25 -270.60 -0.99 -0.08 0.36 
5.71 -1.57 -274.01 -0.65 -0.29 0.61 
5.64 -6.04 -278.19 -0.51 -0.29 0.75 
4.35 1.18 -284.39 -0.34 -0.27 0.80 
6.80 1.10 -288.78 -0.08 -0.37 0.83 
2.47 -1.71 -292.44 -0.05 -0.38 0.92 
11.20 -14.15 -291.33 0.03 -0.50 1.22 
4.63 0.49 -285.83 0.04 -0.37 1.20 
10.14 11.03 -283.52 -0.19 -0.23 0.91 
23.90 -4.52 -285.73 0.31 -0.15 0.79 
-6.20 7.42 -282.32 0.37 -0.31 1.08 
-9.55 7.94 -274.50 -0.03 -0.28 0.89 
3.54 5.98 -269.30 -0.37 -0.22 1.01 
14.47 1.65 -274.93 -0.32 -0.18 0.87 
6.59 -8.77 -283.62 0.58 -0.27 1.30 
-2.79 10.39 -273.09 0.19 -0.20 1.03 
0.14 6.08 -258.99 -0.18 -0.18 0.90 
5.83 -4.57 -256.09 -0.28 -0.23 0.96 
4.24 5.53 -255.81 -0.05 -0.31 1.04 
10.06 3.35 -256.64 -0.09 -0.27 1.18 
2.25 12.65 -253.49 0.00 -0.33 1.07 
3.44 14.67 -243.92 -0.03 -0.37 0.91 
-2.72 17.07 -228.09 -0.56 -0.03 0.58 
3.44 4.11 -230.07 -0.80 -0.06 0.58 
7.95 -4.26 -235.27 -0.70 -0.18 0.72 
11.04 -6.15 -251.34 -0.38 -0.10 0.67 
-4.32 -2.34 -251.58 0.61 -0.26 1.61 
-5.07 22.26 -237.41 -0.17 -0.18 0.94 
-0.92 11.31 -221.64 -0.87 0.05 0.55 
9.91 0.29 -229.34 -0.85 -0.06 0.55 
10.77 -6.36 -241.11 -0.59 -0.01 0.62 
3.46 -15.04 -246.71 0.67 -0.26 1.51 
0.49 11.53 -229.10 -0.14 -0.11 1.15 
-3.04 15.94 -201.78 -0.69 0.19 0.63 
7.06 1.83 -208.77 -0.59 0.13 0.96 
5.36 7.23 -213.49 -0.44 -0.13 0.83 
4.53 1.95 -211.93 -0.51 -0.03 0.88 
5.14 2.91 -210.05 -0.46 -0.02 0.92 
