-0.28 -0.18 -115.79 0.92 0.41 0.23 
1.27 -0.51 137.67 1.01 0.10 0.14 
1.27 -0.51 137.67 1.01 0.10 0.14 
0.99 -0.47 138.86 1.01 0.11 0.13 
0.88 -0.55 139.33 1.01 0.10 0.12 
4.74 -0.30 153.86 1.01 0.10 0.11 
4.04 -2.90 166.94 1.01 0.13 0.11 
0.78 0.06 168.44 1.01 0.06 0.10 
1.72 -0.10 169.59 1.01 0.12 0.13 
0.62 -0.64 170.61 1.01 0.06 0.13 
1.19 -0.64 171.63 1.01 0.08 0.10 
0.24 -0.08 172.71 1.00 0.07 0.11 
0.70 -0.68 173.79 1.00 0.08 0.11 
2.43 -0.11 175.05 0.98 0.06 0.10 
1.06 -0.45 176.00 1.02 0.08 0.11 
0.63 -0.73 177.22 1.01 0.09 0.14 
1.06 -0.74 178.41 1.01 0.10 0.12 
3.23 0.19 180.49 1.01 0.02 0.10 
0.30 -0.78 181.05 1.00 0.12 0.15 
-2.65 -1.15 181.21 1.01 0.15 0.14 
0.25 -1.24 182.93 1.03 0.04 0.07 
4.26 -0.31 183.56 1.02 0.13 0.12 
0.02 -0.66 184.73 1.00 0.10 0.12 
1.89 -0.23 185.70 1.03 0.08 0.10 
1.40 0.45 186.53 1.03 0.08 0.12 
2.69 -0.53 186.62 0.99 0.23 0.19 
-1.33 -1.61 187.81 1.01 0.13 0.09 
-1.39 -1.04 188.87 1.02 0.08 0.08 
2.77 -0.28 190.20 1.01 0.11 0.12 
6.19 -0.45 192.59 1.01 0.13 0.13 
-1.60 -0.34 193.10 1.00 0.13 0.11 
2.10 -0.64 194.09 1.02 0.09 0.13 
0.22 -0.55 195.59 1.00 0.14 0.14 
1.83 -0.86 196.54 1.01 0.12 0.13 
0.14 -0.39 197.51 1.01 0.09 0.10 
-0.28 -1.40 198.82 0.99 0.12 0.16 
0.87 -0.92 199.89 1.00 0.12 0.11 
4.88 -0.56 200.55 0.99 0.12 0.08 
1.98 -0.21 201.33 1.01 0.09 0.13 
1.38 -0.48 202.51 1.00 0.13 0.13 
1.08 -1.25 203.73 1.01 0.13 0.13 
1.45 -0.84 204.65 1.00 0.11 0.09 
1.96 -0.44 205.96 1.00 0.08 0.09 
2.97 0.20 207.53 1.01 0.12 0.10 
1.24 -0.11 208.34 1.01 0.07 0.16 
0.49 -0.71 209.11 1.00 0.12 0.13 
1.30 -0.79 210.12 1.01 0.09 0.09 
1.71 -0.19 211.01 1.01 0.14 0.10 
1.40 -0.41 211.86 1.01 0.12 0.12 
1.32 -0.20 212.91 1.01 0.10 0.12 
1.54 -0.33 213.87 1.01 0.12 0.11 
1.42 -0.53 214.93 1.00 0.12 0.11 
1.07 -0.45 216.00 1.01 0.12 0.11 
1.98 -0.27 217.07 0.99 0.11 0.10 
2.65 -0.55 218.29 0.98 0.11 0.14 
1.01 -0.58 219.11 1.00 0.12 0.12 
0.00 -0.56 220.96 0.99 0.09 0.13 
4.27 -0.47 222.00 1.00 0.15 0.09 
-0.18 -0.72 223.15 1.00 0.11 0.12 
0.44 -0.20 224.51 1.01 0.10 0.13 
0.26 0.19 225.77 1.01 0.15 0.14 
-3.02 -1.14 226.92 1.03 0.06 0.09 
6.75 0.34 228.41 1.02 0.13 0.15 
1.17 0.26 229.36 1.01 0.09 0.15 
5.52 -0.23 231.63 0.98 0.12 0.18 
-2.29 -0.40 232.64 0.99 0.07 0.14 
-1.53 -0.94 233.84 1.01 0.07 0.13 
3.02 -0.13 234.99 1.00 0.07 0.16 
7.24 -0.45 240.63 1.00 0.10 0.15 
1.30 -0.11 242.11 1.01 0.05 0.15 
3.34 -1.40 242.51 1.04 0.13 0.13 
-1.05 -1.28 243.29 1.07 0.05 0.14 
4.00 -0.59 244.86 1.01 0.06 0.10 
-1.28 -0.41 245.48 1.00 0.14 0.14 
0.48 -0.72 245.53 1.01 0.04 0.14 
-0.30 -0.32 246.51 1.03 0.08 0.11 
0.77 -0.60 247.15 1.02 0.09 0.15 
1.75 -0.54 248.28 1.01 0.10 0.15 
2.68 -0.78 248.86 0.98 0.08 0.14 
0.36 -1.73 250.86 1.01 0.13 0.11 
1.33 0.06 251.25 1.01 0.06 0.10 
3.27 -0.04 252.90 1.01 0.11 0.13 
1.10 -0.89 253.85 1.00 0.09 0.09 
2.55 -0.37 255.33 1.02 0.12 0.11 
0.33 -1.41 255.72 1.00 0.12 0.11 
0.02 -0.56 255.43 1.10 0.06 0.05 
6.04 0.26 255.38 1.00 0.16 0.16 
-0.64 -1.10 256.80 1.02 0.09 0.07 
18.62 -13.96 275.33 1.02 0.01 -0.03 
-0.16 0.42 275.51 1.02 0.18 0.15 
-1.50 0.49 276.97 1.01 0.04 0.03 
9.27 -0.20 275.45 0.99 0.14 0.09 
-11.51 1.11 275.87 1.04 0.02 0.09 
-4.67 -1.77 276.69 1.05 0.08 0.15 
2.94 -0.51 277.86 1.03 0.17 0.13 
0.50 -0.89 279.21 1.00 0.11 0.12 
2.63 -0.59 280.60 1.00 0.08 0.12 
-0.58 -1.33 281.46 1.01 0.12 0.12 
-0.18 -1.44 282.83 1.01 0.12 0.14 
6.27 -1.41 284.67 1.01 0.13 0.05 
5.34 -0.97 287.20 0.98 0.20 0.06 
8.83 0.45 288.65 1.01 0.17 0.11 
3.09 -0.57 290.04 1.00 0.05 0.09 
2.49 -0.14 291.23 0.99 0.09 0.10 
2.57 -0.21 292.66 1.00 0.11 0.12 
2.75 -0.17 293.69 1.02 0.10 0.11 
-0.21 -0.11 295.12 1.00 0.07 0.14 
0.82 1.73 296.28 1.02 0.08 0.11 
4.83 0.10 294.82 1.02 0.32 0.26 
-3.07 0.32 293.52 1.00 0.13 0.18 
2.84 -0.30 296.28 0.98 0.00 0.15 
1.55 -1.13 297.21 0.96 0.30 0.23 
7.24 -0.06 299.30 1.02 0.07 0.15 
-0.11 -1.48 303.90 1.02 0.19 0.18 
-3.98 -0.66 304.10 0.99 0.16 0.18 
9.56 -1.02 304.80 0.83 -0.04 0.02 
-0.61 -0.37 305.56 1.00 0.10 0.21 
3.86 -0.50 307.65 1.01 0.13 0.15 
-1.24 -0.26 309.53 1.02 0.09 0.14 
0.64 -1.38 311.46 0.99 0.07 0.09 
-0.87 1.38 311.43 1.02 0.10 0.18 
4.33 -0.09 315.43 0.96 -0.02 0.15 
-2.77 -0.37 316.13 1.01 0.15 0.19 
5.53 -1.37 316.68 1.02 0.14 0.20 
1.74 -0.58 318.03 0.98 0.16 0.18 
2.78 -0.87 319.10 0.98 0.19 0.20 
4.42 -0.89 319.94 0.98 0.17 0.15 
1.70 -0.23 320.94 1.01 0.08 0.14 
2.41 -0.52 321.91 0.98 0.14 0.18 
1.07 -0.81 323.86 0.99 0.09 0.17 
-0.54 -1.09 323.44 0.85 -0.05 0.02 
-8.45 -0.80 323.36 1.17 0.05 0.15 
11.09 -0.39 318.15 0.82 0.06 -0.03 
-7.44 -0.74 318.52 1.07 -0.14 0.08 
-2.42 -1.48 319.58 1.01 0.13 0.12 
-13.50 -2.93 327.46 1.11 0.09 0.14 
-4.89 4.73 -324.40 1.06 0.47 0.30 
-4.21 1.14 -324.51 0.99 0.01 0.24 
-5.42 0.38 -323.30 1.06 -0.05 0.15 
0.00 -0.29 -321.00 0.99 0.20 0.17 
2.50 -0.13 -319.99 1.00 0.16 0.20 
-5.15 -4.31 -315.08 1.00 0.15 0.20 
29.68 2.79 -317.66 1.12 0.25 0.21 
-6.12 3.00 -317.67 1.04 0.01 0.12 
-12.68 -2.35 -312.55 1.00 0.37 0.25 
7.18 0.86 -312.47 0.96 0.22 0.20 
-5.38 -7.25 -305.26 1.05 0.18 0.21 
19.95 4.13 -302.41 1.11 0.44 0.19 
-7.32 -5.67 -297.45 0.82 0.10 0.17 
-25.86 -1.88 -292.85 0.97 0.29 0.22 
9.41 1.34 -291.36 1.01 0.17 0.20 
2.57 -0.47 -290.98 0.99 0.13 0.18 
0.14 -0.85 -289.35 0.97 0.15 0.21 
3.78 -0.88 -288.53 1.00 0.18 0.17 
0.27 0.04 -288.69 1.02 0.18 0.15 
2.36 0.10 -287.32 0.97 0.15 0.22 
2.50 0.00 -286.32 0.99 0.20 0.19 
0.83 -0.77 -284.85 0.99 0.19 0.18 
-0.08 0.65 -285.00 0.98 0.16 0.21 
1.58 -0.55 -283.65 1.00 0.13 0.17 
-0.81 -0.17 -282.75 0.98 0.20 0.20 
6.63 0.09 -281.75 0.99 0.16 0.19 
-1.68 -0.54 -280.68 0.96 0.21 0.20 
-2.13 -0.85 -281.82 1.01 0.19 0.21 
0.99 -1.19 -279.90 0.97 0.11 0.17 
0.14 -0.81 -278.08 0.98 0.15 0.18 
3.69 -0.66 -275.79 1.00 0.18 0.19 
