-79.41 88.25 -151.59 0.98 0.27 0.31 
-0.26 -2.01 -141.15 0.95 0.19 0.33 
3.44 6.01 -126.48 1.04 0.19 0.50 
1.16 1.67 -116.65 0.82 0.15 0.57 
5.12 -1.34 -105.02 0.71 0.18 0.63 
-1.33 -6.32 -95.12 0.80 0.48 0.51 
6.41 -8.60 -81.04 0.98 0.24 0.23 
4.14 -6.37 -69.22 0.92 0.26 0.23 
1.90 -1.84 -54.01 0.91 0.32 0.22 
3.51 -0.83 -40.16 0.98 0.27 0.25 
0.84 -2.23 -20.76 0.93 0.27 0.29 
1.04 -1.97 -7.63 0.96 0.24 0.31 
2.26 14.18 37.87 0.73 0.15 0.62 
8.92 -2.40 51.42 0.96 0.30 0.73 
5.06 -8.93 67.79 1.00 0.30 0.16 
5.33 -4.35 83.23 0.99 0.27 0.26 
2.40 -3.77 97.41 0.96 0.24 0.25 
2.07 -3.34 110.54 0.88 0.22 0.28 
0.91 -2.44 127.68 0.95 0.25 0.28 
1.46 -1.30 142.11 0.94 0.25 0.32 
2.20 3.00 158.14 1.04 0.33 0.45 
1.80 0.51 168.31 0.83 0.10 0.50 
6.23 4.22 182.81 0.75 0.20 0.65 
4.17 -5.02 243.70 0.96 0.31 0.27 
0.64 -2.47 256.31 0.88 0.30 0.29 
0.58 -1.79 269.80 0.93 0.23 0.32 
4.60 3.27 290.61 0.91 0.20 0.42 
-4.26 0.17 302.15 0.87 0.16 0.53 
-1.24 -1.35 311.30 0.83 0.18 0.57 
-0.42 -1.88 -280.10 0.96 0.25 0.25 
-1.32 -2.64 -268.03 0.91 0.30 0.30 
-1.74 -1.15 -250.69 0.96 0.23 0.30 
1.10 -1.71 -236.89 0.95 0.20 0.36 
4.91 -0.10 -220.69 0.93 0.25 0.46 
-5.16 3.57 -208.41 0.76 0.13 0.43 
-4.22 -1.37 -199.67 0.83 0.21 0.64 
1.71 -3.71 -183.24 0.75 0.24 0.74 
-10.72 -6.58 -169.34 0.95 0.32 0.38 
4.17 -8.64 -157.98 0.91 0.29 0.28 
0.43 -4.51 -143.92 1.00 0.26 0.23 
6.41 -0.99 -127.48 0.93 0.36 0.16 
-0.04 -2.57 -112.69 1.02 0.18 0.26 
1.87 -0.13 -97.90 0.93 0.25 0.35 
2.15 0.98 -80.66 0.94 0.19 0.49 
-0.48 0.70 -68.32 0.88 0.12 0.48 
-0.17 5.56 -58.30 0.77 0.16 0.64 
9.69 5.00 -42.32 1.07 0.50 0.78 
5.69 -6.11 -28.18 0.93 0.34 0.13 
-0.07 -5.93 -16.98 1.06 0.16 0.22 
2.36 -2.10 0.40 0.97 0.21 0.26 
-1.48 -3.76 12.45 0.94 0.29 0.28 
1.33 -1.08 30.49 0.98 0.24 0.36 
1.23 3.56 42.69 1.00 0.39 0.48 
32.75 -16.70 97.70 0.80 0.48 0.17 
7.71 -3.69 113.04 0.96 0.36 0.32 
1.87 -2.10 129.06 0.98 0.29 0.26 
-2.06 -2.58 141.92 0.93 0.31 0.32 
1.04 -1.76 155.57 0.95 0.29 0.35 
3.03 3.12 169.79 0.85 0.36 0.53 
-6.74 -0.60 182.15 0.80 0.08 0.49 
2.23 1.86 196.24 0.72 0.17 0.55 
-4.44 -0.57 211.69 0.64 0.30 0.87 
3.65 -8.95 223.80 1.01 0.12 0.20 
-0.13 -8.53 232.68 0.90 0.28 0.20 
-0.87 -3.68 245.37 0.92 0.29 0.26 
4.12 -0.87 260.95 0.93 0.40 0.26 
1.91 -2.01 275.37 0.94 0.32 0.30 
1.05 0.55 291.10 0.90 0.34 0.44 
-3.73 0.35 303.91 0.84 0.25 0.48 
-1.05 1.45 309.96 0.87 0.17 0.62 
1.63 2.94 321.66 0.65 0.15 0.67 
9.03 1.05 -323.69 0.81 0.68 0.48 
13.50 -5.71 -310.49 0.83 0.45 0.22 
5.45 -4.36 -295.10 1.02 0.31 0.23 
4.44 -1.86 -281.53 0.93 0.43 0.24 
-1.55 -3.77 -267.81 1.00 0.15 0.31 
0.72 -2.09 -253.65 0.96 0.28 0.37 
2.14 -0.01 -237.92 0.93 0.30 0.53 
-1.29 0.59 -226.53 0.81 0.12 0.50 
-1.82 6.74 -213.21 0.83 0.10 0.65 
0.00 -2.89 -196.43 0.88 0.30 0.90 
1.48 -11.33 -184.37 1.17 0.28 0.00 
4.68 -5.43 -173.84 0.93 0.27 0.29 
-0.21 -5.89 -156.49 0.92 0.27 0.23 
-1.04 -1.49 -143.56 0.86 0.37 0.33 
-0.03 -1.45 -129.48 0.91 0.32 0.36 
3.68 -1.07 -114.28 0.90 0.29 0.43 
-0.75 2.81 -102.21 0.91 0.32 0.44 
2.14 2.62 -94.23 0.73 0.28 0.58 
1.87 -0.65 -80.71 0.55 0.29 0.74 
-4.86 -6.63 -68.89 1.03 0.45 0.36 
6.65 -11.71 -51.44 1.03 0.21 0.20 
-1.00 -2.53 -34.06 1.02 0.24 0.30 
3.45 -2.18 -21.04 0.82 0.38 0.26 
0.21 -2.20 -7.53 0.93 0.33 0.32 
1.00 1.31 9.95 0.87 0.40 0.46 
-14.14 4.05 19.99 0.92 0.06 0.47 
2.94 -5.86 30.11 0.88 0.29 0.68 
-11.04 0.15 90.90 0.83 0.37 0.35 
4.14 0.08 106.63 0.93 0.30 0.44 
-5.21 7.68 120.02 0.86 0.14 0.53 
2.04 14.39 135.05 0.69 0.20 0.67 
1.34 -1.04 150.52 0.44 0.52 0.81 
-25.66 -17.74 156.35 1.35 0.22 0.44 
3.76 -17.13 164.81 0.83 0.28 0.42 
0.40 -6.76 179.92 0.99 0.34 0.48 
0.81 -3.23 194.01 0.71 0.40 0.44 
2.02 -1.36 213.36 0.92 0.23 0.47 
10.09 3.73 232.96 0.91 0.42 0.52 
11.04 11.20 247.58 0.77 0.18 0.71 
1.67 12.71 263.34 0.30 0.13 0.47 
-6.52 6.80 281.10 1.06 0.00 1.32 
20.32 6.78 292.10 1.16 0.28 0.51 
11.09 -8.29 310.28 0.85 0.25 0.37 
1.71 -2.05 -327.53 0.85 0.46 0.33 
3.67 -2.12 -311.37 0.75 0.29 0.40 
2.22 -2.23 -293.91 0.90 0.29 0.44 
-21.58 -39.97 -235.92 1.15 0.26 0.21 
3.96 -8.23 -225.46 0.95 0.15 0.43 
-1.46 4.44 -202.99 0.91 0.39 0.35 
-0.27 -1.85 -186.20 0.84 0.35 0.41 
0.32 -2.05 -172.16 0.88 0.38 0.42 
-5.94 -0.27 -156.10 1.02 0.33 0.51 
6.43 3.84 -145.87 0.70 0.10 0.48 
2.69 0.68 -130.19 0.72 0.37 0.75 
25.07 -16.46 -105.42 1.27 0.43 0.27 
8.05 8.09 -39.94 0.85 0.35 0.40 
-21.52 -0.30 -29.20 1.01 0.02 0.51 
-3.83 9.18 -14.54 0.74 0.07 0.78 
6.08 16.42 14.52 1.01 0.52 1.12 
7.32 -15.33 17.82 0.84 0.41 0.31 
7.83 -5.02 27.54 0.67 0.64 0.39 
-0.12 -2.37 47.50 1.02 0.43 0.23 
1.61 -4.57 65.60 0.83 0.26 0.37 
0.42 -1.28 79.39 0.84 0.33 0.44 
1.48 -1.84 93.40 0.89 0.31 0.41 
1.62 -1.91 107.32 0.91 0.29 0.42 
2.55 -0.77 120.35 0.97 0.29 0.47 
4.91 -0.26 134.61 0.88 0.37 0.41 
3.99 -2.34 147.90 0.84 0.36 0.42 
3.47 -1.55 161.29 0.89 0.31 0.47 
-17.59 6.36 173.40 0.99 0.29 0.59 
14.00 7.00 191.81 0.59 0.18 0.71 
-4.23 2.10 252.98 0.86 0.41 0.34 
4.39 -8.46 268.94 0.91 0.36 0.37 
-3.21 -0.29 282.64 0.91 0.46 0.39 
