0.00 0.00 0.00 0.00 0.00 0.00 
-83.92 -136.84 -160.95 0.29 -0.36 0.98 
-34.83 -20.54 -195.53 0.25 -0.47 0.82 
0.48 -2.77 -198.94 0.35 -0.42 0.97 
-2.04 -0.36 -204.31 0.36 -0.36 0.85 
-5.42 -2.57 -205.88 0.33 -0.43 0.94 
4.51 -2.52 -202.55 0.49 -0.42 0.85 
-4.10 1.09 -207.52 0.50 -0.44 1.03 
-6.12 -0.40 -214.63 0.36 -0.48 0.91 
3.64 1.27 -220.66 0.34 -0.50 0.90 
8.83 4.31 -224.07 0.26 -0.37 0.95 
2.21 -2.98 -222.02 0.33 -0.26 0.88 
1.88 -2.88 -227.30 0.49 -0.14 0.97 
-5.27 -1.81 -235.84 0.08 -0.32 0.96 
-2.46 1.45 -227.18 -0.01 -0.40 1.17 
-0.73 -4.85 -216.61 0.48 -0.61 1.14 
0.25 -2.21 -212.76 0.49 -0.19 1.10 
13.12 8.19 -223.26 0.50 -0.08 0.92 
13.74 0.77 -243.98 0.08 0.04 0.62 
-2.83 -8.81 -264.54 -0.03 0.15 0.72 
-8.58 -12.63 -280.75 -0.13 0.03 0.80 
-10.19 -15.25 -285.16 -0.03 0.26 0.80 
-2.00 -1.31 -281.99 0.07 -0.38 1.19 
-22.42 -5.36 -266.56 0.29 -0.20 1.24 
-8.48 -0.01 -254.08 0.36 -0.50 1.15 
-0.32 -1.02 -246.81 0.57 -0.14 0.82 
-7.27 -6.40 -258.28 0.47 -0.22 0.92 
-5.58 -6.96 -277.88 0.58 -0.33 1.01 
-6.35 2.38 -302.69 0.43 -0.75 1.19 
2.76 9.04 -317.47 0.00 -0.35 1.05 
9.95 13.74 -322.83 0.08 -0.15 0.94 
-3.09 -0.97 -312.56 0.00 -0.05 0.62 
0.22 6.98 -293.66 0.11 -0.01 1.18 
-50.78 -12.66 279.94 0.62 -0.15 1.20 
-8.09 0.32 251.02 0.44 -0.48 1.15 
-3.20 -0.90 233.09 0.12 -0.19 0.88 
-9.25 -2.66 227.68 0.11 -0.36 0.89 
1.50 -2.19 240.90 0.11 -0.33 1.05 
-5.99 -4.36 257.47 0.53 -0.62 1.23 
9.30 -1.19 272.11 0.62 -0.27 1.17 
7.22 -1.10 276.44 0.54 -0.13 0.89 
5.24 8.04 262.73 0.31 -0.05 0.79 
14.46 -0.50 242.11 0.12 0.10 0.91 
-0.26 -7.56 212.80 -0.01 0.34 0.72 
-19.12 -8.68 184.52 0.04 0.00 0.73 
-10.38 -7.05 167.04 0.08 -0.32 0.84 
-11.85 -28.34 165.46 0.08 -0.05 1.04 
-12.27 -1.28 173.61 0.40 -0.16 1.38 
-0.40 -1.04 189.98 0.37 -0.66 1.28 
3.29 1.79 209.69 0.65 -0.60 1.05 
12.46 0.62 220.44 0.69 -0.05 0.91 
-6.59 -4.62 215.52 0.59 -0.15 0.73 
-8.47 -9.14 195.01 0.76 -0.08 0.91 
-19.45 0.75 160.77 0.37 -0.83 1.43 
5.06 11.65 139.44 0.21 -0.30 1.56 
11.84 18.44 135.67 -0.13 -0.24 1.04 
7.47 30.19 151.56 -0.20 0.00 0.00 
-2.41 15.15 171.39 -0.11 0.40 0.85 
-17.40 -3.34 184.12 0.01 0.52 0.33 
-39.48 -16.09 191.24 0.92 -0.20 0.66 
8.55 8.21 172.98 0.39 -0.03 1.60 
0.53 0.38 150.54 0.62 -0.58 1.21 
-0.77 2.40 128.88 0.23 -0.41 0.94 
-3.38 -0.89 122.76 0.00 -0.08 0.77 
-2.27 0.49 134.23 0.15 -0.34 1.14 
-5.43 -5.40 158.75 0.47 -0.62 1.16 
9.66 -5.28 173.60 1.08 -0.46 1.10 
10.72 5.34 169.49 0.43 -0.24 1.08 
20.57 6.92 154.63 0.50 -0.03 0.77 
0.15 -4.77 124.08 0.23 0.22 0.58 
9.88 -3.55 96.11 -0.30 0.37 0.41 
-4.16 -16.14 78.48 -0.18 -0.11 0.66 
-0.36 -20.02 75.27 0.07 0.13 1.03 
-14.68 2.01 86.36 0.14 -0.18 1.42 
1.18 1.40 103.01 0.40 -0.52 1.25 
9.49 4.53 113.78 0.76 -0.02 0.81 
-1.11 -6.44 101.39 0.51 0.18 0.90 
-20.89 -7.21 77.01 0.49 -0.12 1.25 
-6.89 3.68 57.54 0.27 -0.77 1.45 
13.13 18.08 53.81 0.10 -0.60 0.83 
-6.06 4.52 67.78 -0.17 -0.11 0.68 
24.53 -4.90 95.11 -0.20 -0.15 0.33 
5.28 -4.53 107.82 0.24 0.00 0.60 
-14.28 -14.08 111.13 0.57 -0.12 0.77 
-5.05 8.99 96.99 0.87 -0.14 1.33 
-23.22 -16.59 69.05 0.33 -0.18 1.52 
-2.34 -3.46 49.55 0.05 -0.35 0.95 
-7.81 -2.22 45.09 0.26 -0.37 0.94 
0.09 1.77 59.74 0.09 -0.53 1.29 
-8.60 -9.87 78.19 0.59 -0.61 1.28 
1.69 -0.61 83.75 0.75 -0.51 1.03 
16.81 4.50 74.37 0.48 -0.16 0.66 
-2.83 10.40 55.22 0.23 0.22 1.01 
1.93 -7.47 24.31 0.01 0.04 0.70 
-20.37 -1.61 4.93 0.00 0.19 0.77 
-20.10 -21.18 -9.98 -0.19 -0.35 0.82 
-5.55 -20.93 -7.27 0.11 -0.12 0.96 
11.20 -1.56 7.40 0.38 -0.53 1.27 
-3.08 -1.50 29.86 0.53 -0.41 1.08 
1.59 0.44 34.67 0.61 0.02 0.73 
-9.49 -7.56 20.40 0.60 -0.04 0.88 
-19.17 -5.12 -2.55 0.81 -0.63 1.33 
8.89 3.59 -20.07 -0.07 -0.49 1.23 
3.67 21.92 -30.06 0.31 -0.43 1.11 
15.73 22.51 -25.04 -0.27 0.18 0.47 
-10.77 -0.31 -11.28 -0.17 0.18 0.63 
-3.14 -1.21 -3.60 -0.01 0.16 0.51 
-37.85 -25.45 7.00 0.42 -0.05 0.49 
14.01 7.62 -7.60 0.87 -0.10 1.45 
-19.52 -16.79 -34.26 0.33 0.03 1.30 
-0.11 2.16 -53.32 0.11 -0.47 0.97 
-4.98 -0.87 -58.52 0.16 -0.27 0.91 
1.70 2.77 -48.34 0.12 -0.35 1.14 
-2.24 -5.78 -24.24 0.40 -0.35 1.23 
13.50 13.82 -21.00 0.95 -0.12 1.06 
-4.83 -1.91 -33.25 0.45 0.00 1.16 
-2.36 3.98 -52.93 0.60 -0.59 0.88 
16.82 11.63 -72.83 -0.13 0.24 0.51 
-5.94 -10.47 -94.72 -0.18 -0.06 0.51 
-15.32 -17.21 -105.79 0.09 -0.19 0.81 
-8.48 -5.02 -101.42 0.34 -0.46 1.50 
-6.82 2.68 -89.61 0.09 -0.23 1.32 
-2.45 4.39 -63.92 0.35 -0.03 1.02 
8.07 -1.03 -65.28 0.57 0.06 0.69 
-8.04 -6.46 -84.40 0.54 0.02 0.99 
-21.01 -5.13 -112.17 0.39 -0.72 1.29 
10.88 15.62 -130.74 0.01 -0.27 1.02 
-13.02 -0.66 -137.29 0.21 -0.27 1.12 
10.49 18.83 -129.75 -0.43 0.23 0.72 
-11.81 2.09 -116.95 -0.08 -0.13 0.82 
1.86 6.19 -102.93 -0.16 0.30 0.60 
-13.21 -7.76 -91.07 0.17 0.17 0.56 
-8.65 -6.11 -97.53 0.65 0.38 0.95 
-20.90 -5.54 -120.68 0.71 -0.24 1.52 
-8.97 -6.52 -144.29 0.15 -0.39 1.34 
-1.48 1.56 -147.89 0.03 -0.20 0.79 
-4.03 -3.16 -134.86 0.17 -0.42 1.09 
4.20 -0.82 -115.88 0.81 -0.12 1.25 
2.55 -0.15 -119.07 0.53 -0.01 0.94 
5.97 7.61 -130.20 0.42 -0.12 1.01 
7.41 5.89 -149.90 0.16 0.15 0.80 
2.03 -4.97 -173.41 -0.10 0.20 0.56 
-3.80 -14.00 -189.50 -0.07 0.11 0.84 
-3.39 -11.63 -195.41 -0.08 0.11 0.76 
-25.24 -10.92 -189.14 0.00 -0.47 1.33 
73.69 79.56 -189.88 0.17 -0.33 1.14 
-3.04 10.81 -178.10 -0.08 -0.27 0.70 
18.49 8.64 -166.38 -0.22 0.21 0.34 
-18.67 -8.80 -150.46 0.19 0.13 0.49 
-0.44 -9.88 -139.06 0.49 0.34 1.04 
-7.36 4.24 -160.96 0.68 -0.33 1.32 
-9.81 -0.87 -180.18 -0.02 -0.67 1.20 
0.73 -2.95 -175.28 0.00 -0.25 1.00 
5.70 -5.06 -155.02 0.46 -0.30 1.34 
-1.32 -0.47 -155.79 0.70 -0.08 0.92 
6.37 2.31 -168.98 0.48 -0.17 0.92 
5.04 4.09 -188.15 0.37 -0.06 0.90 
0.86 -2.85 -209.85 -0.03 0.36 0.61 
1.24 -0.86 -235.01 -0.17 0.04 0.80 
-4.50 -13.67 -249.66 -0.09 0.06 0.73 
-3.95 -19.13 -246.77 -0.11 0.12 1.03 
-4.83 -2.93 -235.24 0.52 -0.52 1.47 
-4.67 -0.25 -217.99 0.32 -0.19 1.12 
-6.17 -1.58 -211.14 0.75 0.01 0.82 
-9.93 -6.15 -226.25 0.59 -0.08 1.05 
-7.43 1.85 -254.48 0.43 -0.34 1.25 
17.26 11.48 -270.99 0.02 -0.55 1.33 
-1.63 7.00 -269.61 0.04 -0.40 0.90 
6.28 12.18 -256.18 -0.20 0.03 0.81 
-4.38 5.63 -240.11 0.01 0.09 0.79 
-6.69 0.74 -228.66 0.05 0.23 0.64 
-18.59 -11.50 -224.70 0.48 -0.04 0.86 
-13.59 -9.16 -237.71 0.95 -0.22 1.25 
-14.10 -3.97 -261.58 0.64 -0.32 1.25 
-12.10 -0.79 -288.69 0.30 -0.47 0.97 
-4.57 -3.32 -290.70 -0.02 -0.16 0.77 
2.56 -0.14 -270.32 0.20 -0.64 1.07 
-1.61 -6.63 -246.05 1.09 -0.34 1.41 
9.07 6.99 -248.16 0.57 -0.27 0.90 
-0.37 -5.15 -260.39 0.26 0.16 0.72 
14.55 -0.44 -288.01 0.19 -0.02 0.68 
-0.53 -2.73 -310.56 -0.04 0.12 0.90 
-8.48 -10.18 -324.89 -0.06 0.01 0.73 
-7.01 -17.39 -324.01 -0.11 0.01 0.91 
-11.97 -3.98 -308.35 0.26 -0.56 1.46 
9.79 3.08 -285.44 1.08 -0.04 1.22 
-1.69 -5.33 -290.26 0.53 0.32 0.57 
-13.39 -8.02 -307.60 0.58 0.00 1.01 
-13.57 -2.09 325.46 0.60 -0.36 1.44 
12.42 14.77 312.59 -0.04 -0.47 1.24 
9.21 21.52 317.15 0.18 -0.20 0.80 
20.38 11.07 -325.69 -0.24 0.32 0.15 
-5.54 6.53 -311.04 0.09 0.21 0.53 
-25.24 -16.49 -307.13 0.60 0.05 1.03 
-6.36 -2.79 -322.44 0.48 -0.24 1.12 
-0.24 -6.38 310.94 0.52 -0.42 1.39 
2.06 -0.99 298.87 -0.01 -0.38 0.76 
-1.81 0.89 302.14 0.28 -0.34 1.08 
2.08 -1.39 316.26 0.39 -0.38 1.09 
12.34 3.53 -326.79 0.70 -0.22 1.22 
-63.89 -21.15 -31.81 0.88 -0.44 1.26 
41.61 55.13 29.14 -0.09 0.33 0.60 
-21.55 -8.39 45.20 0.13 0.44 0.33 
-41.34 -17.69 53.97 0.53 0.36 0.66 
-8.07 -9.57 38.13 0.85 -0.14 1.51 
-1.66 0.53 17.14 0.43 -0.43 1.26 
-1.50 -0.79 9.88 -0.01 -0.23 0.71 
6.68 -2.87 28.93 0.47 -0.08 1.00 
-3.36 -7.16 44.88 0.68 -0.39 1.14 
9.90 2.43 48.03 0.98 -0.31 1.09 
5.43 2.07 39.69 0.60 -0.08 0.89 
13.84 11.26 22.86 0.41 0.00 0.97 
12.81 -1.18 -15.01 0.12 0.29 0.57 
15.78 5.79 -41.84 -0.44 0.07 0.61 
14.23 -20.21 -60.13 -0.18 0.14 0.73 
-32.25 -21.06 -58.56 -0.06 0.00 0.84 
3.68 -2.29 -52.35 0.43 -0.44 1.26 
-7.21 -0.37 -37.56 0.39 -0.63 1.29 
11.65 8.39 -26.30 0.72 0.22 1.09 
-3.34 -3.56 -31.90 0.42 0.09 0.68 
-14.94 -14.81 -49.28 0.46 -0.05 1.17 
-17.70 0.90 -76.69 0.61 -0.45 1.25 
1.19 12.20 -92.08 0.11 -0.55 1.22 
8.13 25.91 -84.23 0.00 -0.63 0.60 
-9.78 11.40 -66.46 -0.14 0.49 0.75 
15.45 6.50 -47.07 -0.15 0.63 0.22 
-15.30 0.90 -35.00 0.27 0.43 0.35 
-26.72 -12.46 -41.60 0.71 0.21 1.21 
3.27 -8.46 -60.99 0.59 0.00 1.54 
-7.57 -3.37 -86.66 0.13 -0.59 0.97 
-1.86 -2.07 -101.57 0.21 -0.05 0.95 
-8.20 -3.86 -103.09 0.19 -0.03 0.97 
-3.55 0.97 -89.93 0.32 -0.22 1.19 
2.17 -3.44 -71.93 0.47 -0.27 1.09 
0.31 3.35 -63.33 0.70 -0.21 1.09 
6.14 2.79 -64.63 0.43 0.07 1.12 
5.96 -0.86 -72.83 0.26 0.06 0.97 
9.61 7.72 -90.25 0.25 -0.04 0.90 
2.73 -1.01 -112.08 0.03 0.35 0.92 
10.07 -6.61 -135.76 -0.11 0.22 0.45 
-11.79 -4.40 -146.55 -0.17 0.11 0.41 
-8.34 -27.85 -147.42 -0.06 0.11 1.15 
-6.97 0.23 -142.80 0.14 -0.07 1.41 
-12.11 -2.47 -119.51 0.51 -0.06 1.28 
2.65 -1.90 -118.80 0.57 0.12 0.66 
-14.31 -5.06 -133.18 0.54 -0.16 0.84 
-25.26 -7.62 -157.68 0.71 -0.25 1.23 
14.08 16.86 -177.44 0.34 -0.80 1.26 
8.58 16.79 -181.72 0.02 -0.42 0.89 
0.40 12.26 -158.14 -0.22 0.05 0.25 
-9.48 -4.23 -141.95 -0.27 -0.07 0.66 
2.64 -0.70 -124.71 0.16 0.00 0.57 
-13.42 -15.31 -114.99 0.67 0.10 1.06 
-13.30 -3.09 -124.73 0.75 -0.16 1.24 
-14.08 -11.82 -148.00 0.64 0.08 1.30 
-3.84 -6.03 -169.46 0.29 -0.35 1.02 
-3.69 0.56 -170.95 0.05 -0.24 0.90 
-1.66 -2.78 -157.44 0.37 -0.40 1.01 
8.72 -3.71 -134.28 0.58 -0.32 1.17 
6.05 5.07 -126.77 0.82 -0.02 1.09 
2.40 3.92 -130.65 0.55 -0.04 0.82 
8.89 6.76 -146.45 0.34 -0.16 1.11 
6.22 5.47 167.89 1.23 -0.28 0.13 
14.71 5.53 190.65 1.34 -0.58 0.11 
40.62 18.04 230.02 1.10 -0.46 0.47 
7.87 -12.60 241.96 0.00 0.18 0.51 
9.19 -9.14 229.39 0.37 -0.24 0.94 
-0.80 -36.38 254.81 0.82 -1.28 1.07 
13.37 2.81 264.08 1.34 -0.19 1.53 
7.34 5.73 260.91 0.64 -0.25 0.77 
-36.94 -120.94 188.84 -0.45 0.32 0.33 
-3.91 -43.31 180.66 0.20 -0.27 1.00 
-3.16 -3.03 198.21 0.28 -0.51 1.45 
11.55 -2.09 227.98 1.00 -0.48 1.17 
17.12 19.00 236.65 0.70 0.06 0.71 
-6.65 -4.70 235.10 0.22 0.27 0.34 
-12.59 -17.01 214.66 0.62 0.13 0.89 
-17.49 -8.02 185.84 1.14 -0.28 1.09 
-13.50 8.15 156.51 0.85 -0.56 1.32 
11.97 30.37 149.83 0.44 -1.07 0.57 
46.79 -51.45 -19.38 0.31 -0.16 0.96 
-3.25 1.38 -29.45 0.15 -0.28 0.68 
-9.66 8.68 -21.18 0.08 -0.14 0.84 
5.94 -30.18 13.21 1.54 -1.53 1.28 
13.62 10.08 23.37 0.65 -0.38 0.81 
4.30 9.27 11.53 0.20 0.13 0.73 
16.10 3.81 -14.36 0.06 0.11 0.71 
-1.49 -1.52 -43.36 -0.06 0.10 0.79 
6.14 -8.51 -70.73 -0.42 0.08 0.58 
8.64 -8.13 -85.50 -0.17 -0.10 0.71 
-5.87 -27.92 -78.16 0.04 0.16 0.96 
-12.31 3.69 -66.83 0.49 -0.32 1.70 
-4.22 -8.50 -39.12 0.78 -0.56 1.41 
32.37 18.90 -21.83 1.01 0.38 1.03 
-6.36 1.95 -26.21 0.17 0.10 0.19 
-17.17 -14.34 -41.86 0.56 0.24 0.94 
2.16 -4.74 -82.30 0.81 -0.36 1.56 
-11.61 2.72 -111.75 0.59 -0.39 1.63 
12.44 25.92 -120.00 0.14 -0.32 0.97 
0.22 25.08 -120.07 -0.31 0.15 0.30 
18.40 23.00 -86.52 -0.32 0.15 0.44 
-1.02 -6.75 -69.41 0.06 0.00 0.36 
-20.37 -5.71 -75.19 0.61 0.11 0.79 
-16.44 -48.96 -73.81 0.64 0.78 1.74 
-0.04 1.17 -101.38 0.86 -0.54 1.42 
13.86 -0.38 -129.92 0.35 0.41 1.16 
9.35 2.75 -141.24 -0.03 -0.35 0.32 
-25.93 -6.65 -134.58 -0.02 -0.29 0.82 
10.80 -2.28 -109.61 0.86 -0.30 1.74 
11.90 10.44 -91.43 0.87 -0.22 1.15 
12.72 12.24 -89.73 0.60 -0.21 0.78 
10.18 -0.10 -102.12 0.08 0.58 0.65 
3.24 -1.79 -140.56 0.01 0.31 0.70 
39.11 -2.42 -165.22 -0.30 -0.11 0.24 
8.19 -20.48 -153.95 -0.22 0.79 0.56 
-18.72 -7.16 -141.25 0.26 0.02 1.64 
-3.12 -0.10 -122.72 0.27 -0.14 1.36 
5.96 9.51 -105.60 0.70 0.01 0.96 
-6.01 -6.63 -109.33 0.48 0.13 0.65 
-1.12 -4.65 -130.58 0.57 0.13 0.98 
-26.03 1.63 -158.65 0.64 -0.77 1.29 
13.98 14.81 -166.73 0.21 -0.49 1.12 
7.38 7.59 -169.61 -0.29 0.08 0.89 
0.85 11.02 -163.03 -0.03 -0.13 0.68 
-3.64 1.40 -151.01 -0.07 0.03 0.64 
-6.44 10.24 -135.72 0.09 0.05 0.52 
-0.35 -23.13 -127.89 0.32 0.45 0.78 
-28.49 -19.51 -145.41 0.84 0.35 1.45 
9.58 1.47 -174.35 0.58 -0.41 1.44 
3.69 2.74 -192.56 0.11 -0.15 0.73 
-15.03 -7.93 -190.94 0.04 -0.21 0.74 
-21.15 -23.90 -180.94 0.77 -1.33 1.00 
35.97 -0.57 -156.70 1.09 -0.95 1.14 
10.08 -0.70 -150.38 0.88 -0.15 0.74 
8.28 8.52 -156.59 0.74 -0.05 0.81 
13.71 7.47 -188.41 0.13 0.27 0.48 
5.35 -6.93 -218.78 -0.23 0.06 0.44 
13.03 -7.97 -241.58 -0.38 0.01 0.41 
-10.20 -31.59 -242.61 -0.12 -0.03 0.74 
-31.31 -11.16 -217.89 0.06 0.28 1.06 
25.30 -2.81 -191.95 1.29 -0.19 1.23 
-1.40 5.83 -186.82 0.67 0.22 0.48 
-15.33 -11.87 -198.49 0.74 0.22 0.83 
-16.58 -1.31 -226.13 0.72 -0.38 1.10 
-3.01 7.42 -253.55 0.28 -0.37 1.21 
-5.14 6.90 -260.18 0.37 -0.18 1.38 
22.61 33.65 -259.54 -0.08 -0.09 0.69 
21.49 24.61 -247.81 -0.27 0.46 0.04 
-39.96 8.81 -228.23 0.05 0.47 0.40 
-43.49 -11.27 -218.41 0.29 0.31 0.75 
-6.30 -19.30 -229.48 0.75 -0.24 1.49 
-27.74 -3.94 -262.87 1.03 -0.25 1.25 
5.63 7.75 -288.23 0.36 -0.56 1.07 
9.48 5.54 -289.38 -0.17 -0.26 0.37 
-17.10 -8.63 -282.51 0.00 -0.10 0.80 
-6.05 -12.14 -261.62 0.84 -0.90 1.26 
29.91 -21.48 -238.91 1.33 -0.64 1.59 
-0.01 6.77 -234.36 0.78 -0.76 0.82 
17.30 9.15 -244.90 0.38 -0.16 0.59 
1.12 -8.70 -269.59 0.14 0.54 0.87 
4.39 5.96 -295.38 -0.08 -0.17 0.81 
13.82 -2.08 -317.09 -0.33 0.17 0.33 
-46.71 -15.30 -320.90 -0.40 0.62 0.23 
18.09 -23.47 317.79 0.72 -1.52 1.10 
10.74 12.34 -319.51 0.23 -0.66 1.60 
21.09 -0.73 -301.98 0.95 -0.25 1.11 
-8.39 0.85 -306.83 0.41 0.25 0.52 
-13.79 -7.53 -309.09 0.87 -0.11 0.88 
-20.84 5.11 318.23 0.50 -0.73 1.43 
18.43 32.32 301.33 0.10 -0.41 1.10 
-6.72 9.91 300.66 -0.17 -0.09 0.50 
13.57 8.29 314.75 -0.15 0.26 0.38 
-26.42 -0.20 325.66 0.04 0.13 0.75 
0.44 -3.33 327.25 0.27 0.03 0.72 
-19.72 -15.65 319.03 0.65 0.31 1.19 
-10.74 -13.78 283.51 0.77 -0.63 1.65 
8.63 5.01 268.57 0.16 -0.26 0.65 
-23.93 -4.13 264.49 0.13 -0.20 1.18 
-5.78 -12.21 292.26 0.41 -0.66 1.48 
44.31 9.24 319.56 1.17 -0.08 0.90 
13.79 5.55 307.03 0.58 -0.04 0.45 
15.38 7.99 276.42 0.06 0.41 0.52 
1.39 1.77 245.58 -0.14 -0.06 0.46 
-11.95 -12.64 224.98 -0.54 -0.40 -0.09 
-11.47 -32.09 226.22 -0.19 0.02 1.18 
-5.71 -12.43 250.85 0.57 -0.65 1.45 
-110.81 -61.06 154.56 0.96 -0.01 1.08 
-20.77 10.03 124.11 0.74 -0.86 1.16 
5.96 14.34 108.63 0.08 -0.49 1.26 
1.74 19.32 112.31 0.43 -0.14 0.95 
17.27 32.55 119.18 -0.30 0.40 0.43 
-8.98 1.13 138.90 -0.36 0.24 0.20 
-13.64 -6.64 158.41 0.36 0.01 0.59 
-35.48 -25.84 155.29 0.95 0.31 0.99 
-24.12 -15.58 139.11 0.93 -0.12 1.49 
12.51 17.44 107.46 0.44 -0.51 1.21 
-9.85 -2.19 103.08 -0.06 -0.19 0.35 
-14.74 -13.14 117.39 0.33 -0.68 1.07 
14.83 -15.56 139.19 1.18 -0.93 1.86 
4.73 4.50 144.59 0.77 -0.18 0.65 
10.50 2.03 132.59 0.13 0.03 0.67 
26.15 27.52 100.12 0.19 -0.37 0.52 
0.63 -25.19 87.94 -0.54 0.57 -0.10 
-31.01 -34.50 71.17 0.12 -0.58 0.85 
16.52 -1.10 64.93 0.30 -0.50 1.26 
6.19 -23.87 105.51 0.56 -0.56 2.02 
18.16 20.98 121.14 1.02 -0.16 0.60 
-13.26 -14.98 117.27 0.42 0.10 0.39 
-31.06 -10.28 85.61 1.25 0.27 1.27 
-17.04 18.86 65.48 1.00 -1.73 0.77 
11.60 29.24 68.96 0.19 -0.40 0.85 
5.21 21.87 78.06 -0.30 -0.04 0.73 
3.59 14.54 97.54 0.07 0.06 0.39 
-18.96 -14.62 116.72 -0.22 0.11 0.18 
0.16 -1.08 127.14 0.56 0.24 0.67 
-31.15 -24.71 109.35 0.77 0.46 1.35 
-17.01 -8.15 81.61 0.93 -0.29 1.50 
8.55 -3.29 53.01 0.42 -0.28 1.10 
0.12 -3.87 44.33 0.05 -0.04 0.43 
-14.74 -3.29 54.05 0.15 -0.15 1.00 
-6.63 -5.43 80.03 1.02 -0.65 1.32 
19.21 15.88 102.20 0.93 -0.14 0.99 
1.57 3.39 104.70 0.43 -0.24 0.85 
0.43 -7.62 92.29 0.55 -0.21 0.89 
11.41 18.13 65.32 0.35 -0.28 0.99 
17.49 -0.13 33.59 0.01 0.14 0.44 
10.79 -14.85 8.16 -0.22 0.15 0.65 
-34.36 -22.65 -8.42 -0.18 -0.01 0.60 
-21.37 -0.82 15.66 0.33 -0.82 1.32 
12.47 -4.01 41.39 1.08 -0.40 1.66 
20.20 18.04 59.28 0.51 -0.04 0.82 
-7.25 -7.44 56.53 0.28 0.30 0.32 
-16.17 -23.80 40.27 0.70 0.48 0.87 
-17.82 -0.38 3.35 0.32 -0.50 1.72 
-10.15 11.71 -37.39 1.00 -0.97 1.14 
-2.29 32.65 -28.07 -0.09 -0.36 0.57 
-7.63 12.77 -17.90 -0.33 -0.15 0.75 
-19.14 8.18 2.06 -0.27 -0.09 0.89 
1.55 -1.71 21.38 -0.34 0.28 0.29 
8.81 -0.31 40.07 0.24 0.00 0.45 
-17.82 -20.03 40.65 0.13 1.07 0.60 
-26.05 -15.94 37.45 1.11 0.82 1.61 
-5.79 -9.67 -0.90 0.54 -0.30 1.01 
0.67 -7.27 -28.30 0.51 -0.14 0.93 
-4.78 -4.48 -34.98 -0.02 0.13 0.61 
-7.45 7.84 -26.63 0.05 0.03 0.73 
2.70 -7.06 8.39 1.07 -0.63 1.49 
15.05 18.93 31.63 1.02 -0.32 0.72 
-1.45 -3.06 31.92 0.73 -0.32 1.13 
2.46 5.63 27.78 0.45 -0.33 0.67 
-0.77 4.28 12.79 0.31 0.15 0.79 
3.94 14.14 -8.00 0.13 -0.12 0.97 
-102.31 -114.45 92.48 -0.11 0.82 0.82 
-11.38 12.72 106.47 0.67 0.30 1.81 
14.34 9.47 125.50 0.94 -0.12 1.33 
41.51 62.28 24.66 0.36 -0.64 1.36 
-15.47 17.39 2.54 0.48 0.35 1.10 
-16.90 20.64 9.01 -0.36 0.02 0.30 
6.35 15.06 25.41 -0.30 0.13 0.31 
1.28 -0.74 42.57 0.23 0.41 0.62 
-24.34 -29.03 39.60 0.63 0.28 1.11 
-11.96 -22.47 16.46 0.64 0.37 1.91 
12.19 -7.41 -10.04 0.23 -0.34 1.02 
-9.72 -3.45 -13.99 0.16 -0.19 0.68 
-20.48 6.78 8.33 0.01 -0.36 1.37 
21.17 18.09 32.18 1.48 -0.34 1.33 
3.83 -4.05 37.66 0.38 0.35 0.60 
11.34 3.06 17.67 0.00 0.13 1.07 
-6.75 9.03 -10.18 0.05 0.27 0.47 
9.20 -8.11 -36.27 -0.15 0.19 0.74 
11.29 -14.88 -45.95 -0.23 0.15 0.46 
-30.66 -22.95 -43.26 0.06 0.07 0.92 
-15.17 2.35 -25.85 0.25 -0.12 1.75 
16.74 15.26 3.61 0.89 -0.35 1.53 
-1.92 19.23 5.92 0.53 0.34 0.39 
-5.31 -18.91 -0.32 0.19 0.03 0.57 
-12.78 -15.34 -24.91 0.58 0.48 1.31 
-10.02 -18.01 -57.41 0.49 0.03 1.79 
19.91 18.92 -75.69 0.06 -0.57 1.12 
2.80 30.02 -70.23 0.02 0.18 0.50 
-20.28 1.55 -48.13 -0.07 0.05 0.75 
-10.34 -3.01 -26.56 0.14 0.12 0.55 
-19.38 -14.86 -32.01 0.48 0.21 1.01 
-32.56 -30.48 -53.37 0.94 0.03 1.46 
2.91 8.72 -85.99 0.67 -0.95 1.40 
14.83 -6.03 -99.81 0.27 -0.22 0.85 
-6.03 4.70 -99.19 -0.05 0.09 0.33 
-20.88 -4.03 -77.00 0.24 -0.25 1.42 
1.52 -3.31 -50.53 0.77 -0.57 1.52 
12.52 2.97 -39.53 0.80 -0.01 1.17 
3.10 1.78 -47.16 0.39 -0.07 0.81 
15.38 0.28 -76.66 0.12 -0.03 0.56 
7.57 -5.28 -103.91 -0.45 0.21 0.28 
13.97 -18.25 -117.06 -0.31 0.03 0.27 
-44.54 -26.54 -112.19 0.00 -0.06 0.97 
-10.13 -6.67 -91.62 0.46 -0.81 1.79 
22.47 2.34 -62.57 0.85 -0.54 1.16 
13.48 17.70 -56.90 0.48 0.25 0.68 
-15.65 -25.63 -73.20 0.37 -0.03 0.76 
-16.19 -17.32 -104.50 0.64 -0.56 0.94 
-16.85 -5.42 -141.18 0.88 -0.69 1.22 
-15.83 7.88 -160.50 0.40 -0.86 1.53 
23.69 34.21 -163.82 -0.09 -0.07 0.26 
-17.60 7.50 -151.06 -0.43 0.15 0.64 
-5.41 -0.73 -129.88 -0.14 0.05 0.73 
-22.37 7.00 -117.40 0.09 0.16 0.65 
-4.41 -8.83 -112.70 0.44 -0.01 0.80 
-28.26 -23.66 -137.62 0.82 -0.27 1.45 
-10.98 -0.62 -178.86 0.72 -0.54 1.45 
0.11 0.34 -202.92 -0.03 -0.19 0.58 
-14.73 -4.63 -198.11 0.05 -0.11 0.83 
-5.56 -16.96 -179.45 0.47 -0.59 1.15 
13.67 2.10 -151.26 0.87 -0.60 1.30 
12.92 15.64 -144.27 0.76 0.12 0.90 
7.53 3.25 -148.91 0.44 0.12 0.81 
20.16 9.79 -169.26 0.09 0.08 0.76 
29.62 6.44 -197.21 -0.51 0.39 0.49 
-63.54 -40.55 -130.42 0.27 -0.39 1.67 
-2.14 -0.31 -103.48 1.03 -0.83 1.50 
7.50 12.83 -86.83 0.50 -0.04 0.78 
7.73 5.88 -92.35 0.18 0.19 0.50 
-6.84 -23.38 -114.70 0.32 -0.01 0.75 
-15.47 9.85 -146.10 1.11 -1.25 1.40 
-5.52 19.84 -177.97 0.50 -0.53 1.36 
15.34 14.70 -174.52 -0.15 -0.55 0.67 
33.24 10.49 -274.44 0.08 0.22 0.69 
0.56 -6.04 247.29 1.10 0.12 0.00 
0.56 -6.04 247.29 1.10 0.12 0.00 
-4.81 -6.10 243.42 1.00 0.08 -0.01 
-0.91 -2.62 237.44 1.07 0.12 0.04 
-2.82 0.58 233.58 1.03 0.13 -0.02 
-1.66 -1.05 232.11 1.02 0.12 -0.05 
0.37 -1.84 229.87 1.03 0.10 -0.02 
-2.30 -4.08 226.61 1.03 0.09 -0.04 
0.02 -3.55 224.02 1.03 0.11 -0.01 
-7.60 -8.98 193.10 1.04 0.14 0.11 
-3.27 -2.61 190.05 1.02 0.14 0.10 
-5.29 -4.12 185.86 1.01 0.14 0.06 
-1.11 -4.55 180.78 1.04 0.16 0.12 
-5.26 3.29 196.21 1.50 -0.04 0.48 
17.26 15.20 213.17 0.99 -0.60 0.27 
27.18 20.26 239.68 0.72 -0.39 0.50 
6.02 12.98 259.29 0.23 -0.14 0.49 
-8.82 -15.34 247.93 0.87 0.17 1.13 
-15.75 -14.53 224.22 0.74 -0.44 1.10 
8.47 10.34 200.36 0.26 -0.33 1.49 
5.15 19.05 196.54 0.25 -0.22 0.91 
14.74 16.76 203.98 -0.04 -0.01 0.69 
3.78 7.48 214.98 -0.14 0.25 0.69 
1.25 13.38 228.64 0.10 0.24 0.77 
-8.51 -5.91 238.36 0.33 0.22 0.52 
-16.78 -9.30 236.48 1.08 0.53 1.36 
-14.38 -13.19 212.75 0.50 -0.07 1.37 
0.15 1.94 191.72 0.05 -0.22 0.94 
-9.10 -4.23 190.15 -0.03 -0.10 0.91 
-8.68 -2.17 200.49 0.17 -0.23 1.22 
-1.91 -4.02 223.08 0.63 -0.41 1.17 
14.99 15.84 230.58 1.02 -0.04 1.03 
19.31 8.42 222.54 0.37 0.11 1.07 
19.73 -0.11 190.30 0.17 0.16 0.36 
10.23 -3.39 165.14 -0.24 0.20 0.43 
1.76 -8.75 143.87 -0.22 -0.02 0.55 
-9.09 -23.65 140.85 -0.18 0.32 0.78 
-10.87 -3.99 151.21 0.09 -0.71 1.43 
3.84 -4.68 173.77 0.78 -0.20 1.50 
5.97 6.46 181.29 0.73 0.11 0.66 
-14.02 -7.97 169.08 0.54 0.14 0.81 
5.98 4.17 143.36 0.41 -0.56 1.30 
-2.38 1.83 116.71 0.34 -0.12 1.37 
1.47 14.22 101.88 0.11 -0.34 1.22 
-0.29 17.51 104.74 -0.18 -0.06 0.46 
8.03 6.17 115.97 -0.38 0.21 0.45 
0.51 17.19 132.56 -0.14 0.30 0.63 
-12.38 -3.28 144.27 0.10 0.18 0.40 
-24.05 -20.62 145.74 0.47 0.31 0.78 
-12.67 -12.54 126.56 0.46 0.46 1.68 
-6.60 -6.45 103.42 0.50 -0.14 1.50 
-0.34 -0.01 86.61 0.00 -0.12 0.71 
-7.55 -4.31 87.99 0.12 -0.23 0.90 
4.71 3.03 111.69 -0.04 -0.10 1.13 
-6.63 -1.27 126.84 0.23 0.04 0.93 
1.90 9.22 124.99 0.74 -0.32 0.92 
4.64 5.71 121.04 0.40 0.02 1.02 
-4.71 3.02 110.15 0.25 0.31 0.65 
-3.15 7.92 83.05 0.16 0.30 0.95 
5.16 -3.09 55.47 -0.04 -0.01 0.65 
8.93 12.02 34.55 -0.45 0.03 0.51 
8.58 -17.93 22.63 -0.23 0.07 0.73 
-4.95 -26.60 22.97 -0.06 0.24 0.89 
-10.05 -9.66 32.82 -0.03 -0.03 1.32 
-3.44 -4.66 54.68 0.47 -0.22 1.27 
-1.26 0.57 71.90 0.80 -0.13 1.08 
14.57 4.24 71.95 0.50 0.04 0.50 
-8.98 -9.50 60.56 0.82 0.01 0.73 
-16.41 -6.05 28.75 0.87 -0.51 1.33 
-2.03 7.67 -0.78 0.31 -0.04 1.36 
1.58 6.11 -13.50 0.30 -0.30 0.87 
-11.54 26.67 -3.48 0.02 -0.46 0.39 
16.01 21.72 14.03 0.06 -0.29 0.98 
4.82 7.31 26.86 -0.43 0.52 0.15 
-15.75 -3.77 47.14 -0.02 0.23 0.25 
-7.28 4.35 41.56 0.48 0.14 0.98 
-31.39 -10.84 29.08 0.90 0.69 1.43 
2.16 -10.41 -5.42 0.35 -0.50 1.35 
2.48 -6.68 -20.63 0.15 -0.02 0.77 
-6.80 1.40 -12.55 0.16 -0.09 0.89 
-17.06 -6.11 13.31 0.67 -0.32 1.40 
13.95 -8.82 26.13 1.65 -0.34 0.89 
14.83 4.50 25.99 0.67 -0.06 0.91 
1.65 6.78 19.39 0.60 -0.04 1.07 
15.98 5.38 -8.36 0.15 0.22 0.72 
4.24 -3.23 -41.32 0.02 0.12 0.52 
-32.70 -22.66 73.73 0.35 -0.06 1.62 
30.47 6.47 97.40 0.98 -0.09 1.07 
3.88 16.72 98.79 0.33 0.34 0.60 
-3.91 -15.39 90.69 0.32 0.11 0.63 
-11.84 -20.36 74.57 0.48 0.17 1.10 
-19.49 -10.42 45.71 0.91 -0.39 1.37 
-2.76 5.42 20.66 0.21 0.04 1.21 
-12.10 4.80 9.20 0.34 0.08 0.96 
8.90 27.03 9.34 -0.20 0.13 0.54 
-31.87 -6.54 26.72 -0.02 -0.03 0.85 
9.31 4.61 36.40 -0.22 0.34 0.56 
-2.71 2.58 46.12 0.04 0.27 0.53 
-6.16 -4.59 46.99 0.26 0.37 0.76 
-29.07 -19.24 38.99 0.96 0.54 1.39 
-12.45 -12.08 11.40 0.96 -0.40 1.22 
3.78 -3.87 -4.91 0.26 -0.15 0.95 
-2.75 -3.44 -14.02 0.15 -0.04 0.77 
-2.31 2.85 -4.96 0.16 -0.16 1.01 
6.00 8.62 13.67 0.61 -0.10 1.43 
-1.64 5.66 28.09 0.67 -0.24 1.07 
2.69 7.17 30.45 0.58 0.10 1.08 
13.41 3.42 17.40 0.08 0.06 1.02 
8.86 4.42 -3.75 0.16 0.30 0.72 
10.66 -2.77 -29.81 -0.32 0.15 0.40 
15.25 -4.29 -52.99 -0.36 -0.15 0.65 
-1.46 -26.32 -52.87 -0.13 0.31 0.87 
-17.86 -14.30 -49.13 0.16 -0.22 1.31 
-4.68 -0.30 -32.16 0.44 -0.22 1.53 
11.12 20.77 -18.76 0.69 0.13 0.89 
-8.42 -12.40 -24.09 0.46 0.10 0.61 
-16.26 -20.51 -44.53 0.71 0.12 1.10 
-13.72 -2.00 -76.05 0.71 -0.72 1.22 
6.78 20.22 -104.44 0.39 -0.43 1.36 
0.53 8.75 -107.14 0.00 0.12 0.96 
2.08 18.38 -104.62 -0.28 0.19 0.46 
-3.20 4.28 -87.39 -0.38 0.19 0.47 
-9.12 11.91 -65.31 -0.03 0.17 0.87 
-14.48 -6.13 -54.86 0.14 0.28 0.51 
-22.84 -23.65 -62.31 0.79 0.56 1.00 
-25.71 -4.53 -91.33 0.64 0.06 1.53 
4.54 -1.61 -112.70 0.65 -0.41 1.27 
7.89 0.32 -134.27 0.42 0.13 0.98 
-1.93 2.84 -136.94 -0.03 0.02 0.34 
-14.73 -4.06 -122.94 0.17 0.06 0.88 
-16.40 -4.29 -104.05 0.54 -0.61 1.31 
13.62 9.91 -83.61 0.78 -0.33 1.20 
17.70 2.81 -66.84 0.53 0.18 0.90 
9.01 7.41 -74.08 0.50 -0.10 0.99 
15.38 1.26 -93.85 0.06 0.27 0.65 
19.18 4.52 -118.67 -0.40 0.21 0.71 
-0.14 -13.95 -143.57 -0.36 0.55 0.27 
1.96 -12.69 -163.31 -0.48 0.21 0.34 
-4.80 -20.58 -167.38 -0.44 0.18 0.63 
-22.93 -35.66 -163.21 0.10 0.09 1.02 
-8.31 -3.36 -155.13 0.37 -0.16 1.38 
0.14 -7.21 -137.17 0.59 -0.30 1.23 
9.21 0.62 -112.52 0.71 -0.20 1.08 
7.42 13.33 -102.30 0.48 -0.02 1.10 
0.55 14.23 -107.18 0.46 0.24 0.45 
-5.20 -23.52 -114.23 0.28 -0.04 0.54 
-16.69 -16.26 -138.34 0.88 -0.04 1.26 
-9.53 3.10 -174.04 0.65 -0.64 1.19 
1.43 -12.37 -191.47 0.22 -0.53 0.69 
-0.62 7.33 -203.18 0.42 0.39 1.10 
-8.37 10.29 -216.34 0.48 0.30 0.95 
-1.20 6.58 -224.83 0.67 0.07 1.38 
8.29 14.14 -237.82 0.01 -0.16 0.87 
-3.66 16.89 -237.38 -0.07 0.08 0.73 
5.13 4.37 -217.02 -0.15 0.17 0.83 
-8.18 18.77 -205.29 -0.23 0.51 0.80 
-10.14 0.78 -194.89 -0.17 0.43 0.35 
-38.58 -23.33 -192.73 0.43 0.25 0.68 
7.30 -13.08 -198.26 0.57 -0.16 1.60 
-2.87 -6.76 -210.63 0.55 0.24 1.06 
-3.03 -10.37 -235.75 0.71 -0.09 1.09 
4.60 -6.42 -252.86 0.17 0.00 0.84 
-5.86 2.52 -255.64 0.16 -0.07 0.93 
-3.01 1.65 -239.00 0.47 -0.24 1.17 
8.66 21.03 -229.60 1.03 0.49 1.54 
-5.68 -9.81 -225.17 0.44 0.60 1.11 
3.55 4.99 -230.33 0.29 -0.30 0.75 
-12.23 0.06 -258.18 0.34 -0.20 0.99 
8.97 -4.78 -283.90 -0.24 0.47 0.53 
20.58 7.41 -313.05 -0.36 -0.38 0.45 
3.79 -20.92 -320.52 -0.45 0.14 0.64 
-19.90 -34.89 -308.99 0.14 -0.08 1.34 
-6.10 11.42 -292.24 0.33 0.11 1.59 
9.86 14.64 -281.46 0.82 0.32 0.87 
-7.54 -10.43 -287.35 0.56 0.20 0.47 
-16.86 -7.48 -316.25 0.80 0.01 1.18 
-2.90 19.71 301.46 0.47 -0.59 1.46 
1.41 13.60 295.41 -0.03 -0.16 1.17 
4.63 18.37 296.81 -0.01 -0.21 0.80 
-5.92 13.57 307.21 -0.21 0.05 0.90 
-8.49 7.35 317.40 -0.22 0.40 0.75 
-9.03 -5.12 -316.62 -0.17 0.43 0.26 
14.37 3.17 -308.33 0.23 0.55 0.67 
-7.26 -23.74 -307.91 0.51 0.65 1.18 
-23.26 -9.93 -326.47 0.63 0.44 1.30 
-0.96 -1.70 294.35 0.48 -0.18 1.21 
3.59 -8.33 280.51 0.07 -0.35 0.73 
-10.10 9.13 289.80 0.31 0.20 1.10 
1.38 5.21 323.31 0.60 0.04 1.20 
8.22 7.05 -321.05 1.04 -0.09 1.01 
5.82 6.62 -326.51 0.31 0.07 0.90 
2.69 6.59 316.71 0.42 -0.06 0.68 
10.07 11.29 297.13 0.06 0.41 0.96 
6.49 -0.31 271.84 -0.34 0.29 0.29 
12.50 -12.59 251.60 -0.47 0.33 0.66 
12.95 -6.31 243.74 -0.30 0.36 0.70 
-26.76 -26.51 247.35 -0.19 0.12 0.63 
-34.03 -14.15 264.53 0.21 0.03 1.24 
12.65 -14.29 287.02 0.78 -0.48 1.40 
11.12 13.78 299.75 0.59 0.10 0.88 
-2.44 -0.38 294.65 0.50 0.16 0.65 
-6.86 -10.98 283.47 0.47 0.18 0.86 
-12.23 -11.22 258.93 0.71 -0.16 1.18 
-6.39 13.91 228.25 0.53 -0.52 1.26 
-24.32 -2.74 217.64 0.24 -0.56 0.83 
17.74 32.98 217.64 0.01 -0.09 0.89 
-2.32 8.27 224.66 -0.50 -0.03 0.36 
5.05 11.57 241.25 -0.22 0.23 0.86 
-2.27 3.93 248.57 -0.18 0.27 0.38 
-22.20 -14.24 256.82 -0.19 0.55 0.27 
-16.11 -14.42 258.96 0.52 0.48 1.09 
-1.25 -18.40 254.87 0.39 0.26 1.45 
-7.97 -4.26 231.92 0.55 -0.19 1.21 
3.46 -6.72 213.45 0.36 -0.09 0.97 
-6.93 -3.94 208.95 0.19 0.09 0.72 
-6.05 6.26 212.57 0.29 0.00 1.03 
2.66 3.78 229.73 0.64 -0.21 1.36 
-0.19 4.16 243.51 0.88 0.09 1.19 
4.04 6.05 247.37 0.21 0.24 1.18 
9.53 8.73 236.01 0.31 0.37 0.63 
7.16 0.57 215.96 0.07 0.30 0.78 
14.70 5.08 193.94 -0.12 0.47 0.63 
-7.97 5.45 166.50 -0.28 -0.17 0.66 
5.77 -7.41 157.44 -0.77 0.25 0.08 
2.77 -19.78 154.27 -0.43 0.60 0.31 
-14.09 -29.17 150.02 -0.02 -0.06 0.91 
-20.55 -15.51 162.79 0.31 -0.13 1.26 
5.40 -8.95 191.97 0.89 -0.37 1.42 
12.71 17.41 208.87 0.82 0.01 1.11 
-4.02 2.08 213.72 0.51 0.13 0.34 
-15.85 -9.00 199.95 0.92 0.20 0.75 
-14.58 -7.68 167.27 0.88 -0.62 1.33 
-5.95 -3.69 142.51 0.53 -0.21 1.50 
49.44 39.90 140.70 0.04 -0.33 0.84 
-10.49 23.89 147.74 -0.24 -0.08 0.46 
-12.87 -0.37 178.61 -0.04 0.22 0.41 
-3.58 -9.69 200.65 0.66 -0.28 0.88 
8.37 -0.65 206.78 0.38 0.17 1.11 
-18.23 -23.67 193.57 0.86 0.17 1.51 
-12.46 9.26 154.05 0.79 -0.60 1.16 
3.21 -6.34 128.50 0.01 -0.26 1.05 
-2.21 -3.34 127.86 0.02 -0.10 0.63 
-6.87 3.60 139.68 0.17 -0.29 1.09 
-8.22 -13.05 171.93 0.56 -0.80 1.44 
10.37 11.42 186.20 1.48 -0.13 1.16 
16.99 11.57 184.97 0.73 -0.40 0.75 
24.81 14.45 168.50 0.17 0.10 0.60 
-19.19 -4.01 140.12 0.13 0.04 0.74 
40.68 10.20 118.59 -0.74 -0.32 0.27 
6.57 -12.50 108.03 -0.26 0.21 0.54 
-29.10 -38.22 108.39 -0.03 0.36 0.85 
-17.37 -15.86 121.72 0.10 -0.90 1.73 
16.69 -6.10 145.71 1.05 -0.51 1.36 
7.20 16.69 155.18 0.67 0.00 0.84 
-13.80 -9.84 147.10 0.31 0.11 0.30 
-17.62 -17.40 123.67 0.69 -0.06 1.04 
-3.30 0.82 82.02 0.72 -0.72 1.39 
-0.59 5.66 57.90 0.44 -0.34 1.49 
-5.65 21.67 48.01 0.15 -0.24 1.13 
7.46 19.30 51.67 -0.20 0.08 0.44 
6.12 17.35 66.93 -0.25 0.00 0.70 
-6.90 5.08 82.82 -0.23 0.17 0.62 
-12.15 6.27 98.38 -0.21 0.36 0.26 
-24.69 -6.45 94.87 0.14 -0.05 0.78 
-16.29 -30.96 85.45 0.55 0.20 1.37 
-12.07 -7.66 59.75 0.83 -0.27 1.40 
8.42 6.65 34.18 0.29 -0.42 1.13 
2.28 -1.19 21.09 0.08 -0.16 0.65 
-10.03 -8.84 27.42 0.16 -0.10 0.85 
-6.99 -24.85 57.80 0.78 -0.60 1.22 
10.68 2.71 75.28 0.96 -0.25 1.31 
29.97 8.36 83.30 0.99 -0.35 0.98 
-3.84 8.71 67.29 0.17 0.42 0.90 
4.87 -0.22 45.25 0.05 0.03 0.72 
6.94 0.50 13.96 -0.10 0.01 0.51 
9.99 -1.53 -7.04 -0.65 0.25 0.41 
-3.26 -33.56 -13.59 -0.23 0.20 0.47 
-21.82 -33.90 -10.09 -0.24 -0.33 1.24 
-8.18 -7.68 8.59 0.38 -0.30 1.61 
13.54 -11.18 37.93 1.32 -0.55 1.16 
6.19 5.70 37.91 0.49 0.22 0.41 
-5.15 -15.79 28.18 0.78 0.06 0.98 
-15.13 -3.73 -2.62 0.94 -0.15 1.25 
0.82 14.93 -28.29 0.50 -0.47 1.40 
1.86 20.37 -33.52 -0.03 -0.43 0.88 
12.00 24.30 -28.20 -0.18 0.02 0.56 
