35.59 26.44 -11.69 1.32 -0.49 -0.25 
5.04 -10.38 241.99 1.04 0.13 0.09 
-47.36 -13.80 250.92 1.01 0.20 0.00 
-47.36 -13.80 250.92 1.01 0.20 0.00 
-0.73 -5.94 236.06 1.03 0.00 0.00 
-2.11 -4.95 233.65 1.14 0.16 0.08 
-19.42 -12.68 234.57 0.95 0.06 0.11 
-7.89 -3.03 231.91 0.81 0.21 0.06 
-7.89 -3.03 231.91 0.81 0.21 0.06 
-5.89 -3.70 228.14 0.99 0.04 0.04 
6.38 -0.35 225.90 1.03 0.16 0.13 
16.52 4.00 223.69 1.03 0.19 0.10 
6.91 1.32 222.33 0.99 0.24 0.07 
0.00 -2.41 219.37 0.98 0.26 0.08 
-2.31 -2.72 217.55 1.00 0.26 0.13 
-37.56 -11.65 221.18 1.03 0.57 0.20 
15.77 -22.05 263.35 1.31 -0.49 -1.15 
11.76 -37.36 291.74 0.95 -0.43 -0.93 
-34.06 -136.83 100.73 0.73 0.27 0.51 
-29.67 -34.84 57.47 2.40 0.79 -0.24 
-32.40 -28.84 92.17 1.57 0.21 0.26 
116.92 -132.15 171.80 1.37 -0.35 0.09 
-114.65 -147.92 107.76 -0.44 0.67 0.59 
-15.16 -41.56 67.30 0.32 -0.42 0.39 
-6.04 -157.85 122.45 1.18 -0.58 -0.92 
15.57 -45.05 142.57 1.04 -0.61 -0.95 
20.98 -46.74 171.13 0.22 -0.37 -0.25 
-8.57 -12.84 178.49 -0.13 -0.09 0.97 
14.23 11.51 158.92 -0.75 -0.17 0.00 
-207.82 -190.82 123.49 0.92 -1.07 -0.78 
-19.30 -49.97 123.79 1.43 -0.40 -1.11 
-219.77 -210.37 -86.37 -0.18 -0.15 0.26 
11.84 -41.99 -133.40 0.62 -0.19 0.53 
35.33 -163.56 -104.29 1.25 -0.28 -1.05 
-197.10 -198.21 -302.33 -0.31 0.28 0.59 
-103.05 8.35 -246.76 1.24 -0.42 -0.51 
1.86 -18.40 -231.55 1.14 -0.42 -0.69 
20.24 -41.56 -205.02 1.05 -0.48 -0.99 
4.99 -49.29 -182.44 0.17 -0.15 -0.14 
-29.25 -22.18 -178.10 -0.20 -0.38 0.80 
19.81 -27.14 -213.48 -0.89 -0.30 0.23 
-125.43 -80.75 -102.34 1.20 -0.51 -0.85 
-140.30 -222.24 -295.32 -0.68 0.46 -0.03 
-51.41 -47.63 315.33 -0.06 0.03 0.44 
-16.03 -48.55 271.82 1.01 -0.21 0.37 
-51.46 -23.48 249.46 1.84 0.32 -0.23 
-35.82 -0.48 267.26 1.48 -0.55 -0.12 
12.31 -29.10 299.12 1.54 -0.44 -0.63 
22.70 -32.65 -317.05 0.84 -0.41 -0.68 
-118.97 -159.00 180.95 -0.51 -0.41 0.41 
-9.90 -30.19 149.78 0.81 -0.45 0.72 
40.53 -24.56 110.51 0.94 0.36 0.52 
54.91 -170.71 189.19 0.52 -0.50 -0.75 
34.94 -33.02 230.21 0.13 -0.35 -0.38 
22.19 -15.39 261.20 -0.37 0.06 0.59 
11.55 1.22 258.35 -0.94 0.68 -0.13 
-206.48 6.69 106.62 1.98 -0.30 -0.83 
33.44 -125.48 257.52 -0.23 0.12 0.42 
-10.36 -10.17 243.43 -0.66 -0.13 0.47 
12.91 -22.25 228.04 -0.60 -0.51 0.38 
-16.28 -46.48 188.24 0.34 -0.27 0.76 
-167.84 -54.47 263.01 1.24 -0.60 -0.06 
-2.69 -23.76 294.40 1.15 -0.87 -0.42 
17.58 -21.64 -316.15 0.47 -0.66 -0.21 
-61.07 -80.56 236.96 -0.26 -0.25 0.79 
-10.68 -36.41 225.63 0.43 0.28 0.63 
-44.72 -35.75 201.42 0.99 0.32 0.79 
-45.38 -10.43 209.98 1.23 -1.29 -0.56 
-2.12 -12.98 242.47 1.33 -0.68 -0.64 
7.65 -19.20 268.64 1.12 -0.65 -0.72 
23.79 -19.50 319.19 0.69 -0.81 -0.30 
-52.08 -191.15 232.31 -0.38 -0.08 0.61 
-177.71 -79.41 303.20 1.36 -1.12 -0.12 
-0.29 -24.59 -322.00 1.37 -0.94 -0.58 
22.13 -28.84 -277.28 0.58 -0.50 -0.31 
-0.39 -22.79 -237.09 -0.15 -0.25 0.44 
4.25 3.19 -231.39 -0.68 0.11 0.53 
-26.64 -35.73 -260.33 -0.57 0.16 0.49 
-6.95 -33.31 -299.54 0.48 -0.60 0.92 
12.37 -25.28 320.64 0.92 0.37 0.52 
-52.33 -29.38 293.38 1.85 -0.65 -0.75 
-13.94 5.32 314.53 1.27 -0.39 -0.21 
6.48 -19.24 -314.25 1.38 -0.70 -0.46 
10.39 -9.59 -288.98 0.79 -0.70 -0.61 
3.78 -178.95 302.74 -0.66 0.20 0.47 
-2.17 -36.88 267.33 0.11 -0.15 0.90 
8.23 -28.84 244.23 0.91 0.26 1.32 
90.86 -136.30 324.16 1.15 -0.64 -0.78 
-208.42 -40.42 125.88 -0.76 -0.95 -0.20 
-5.20 -24.85 81.48 -0.24 -0.28 0.74 
31.30 -18.36 56.19 0.73 -0.62 1.15 
-44.39 -28.58 16.03 0.79 0.09 0.69 
6.75 -77.29 214.24 0.15 -0.51 0.05 
1.41 -22.13 245.68 -0.24 -0.14 0.34 
-81.62 -200.72 47.40 0.63 -0.26 1.04 
-50.01 -50.85 -2.11 1.87 0.29 0.52 
59.64 -158.44 168.82 -0.03 -0.42 0.09 
22.48 28.82 172.38 -0.17 0.75 0.03 
-16.57 -21.52 145.83 -0.61 -0.37 0.82 
13.05 -22.59 120.55 -0.47 0.30 0.59 
2.02 -42.14 84.79 0.51 -0.08 0.71 
-52.43 -27.66 35.28 3.10 -1.18 0.30 
-52.96 -14.85 42.65 1.13 -0.59 -0.06 
10.60 -23.55 59.45 1.32 -0.33 -0.58 
16.16 -31.72 78.25 0.85 -0.56 -0.73 
40.24 -26.22 108.76 0.46 -0.77 -0.49 
24.92 1.57 147.70 -0.11 -0.14 0.16 
9.73 16.70 162.26 -0.59 0.45 0.36 
-12.09 -23.78 157.17 -0.81 0.91 -0.41 
-12.40 -40.00 127.41 -0.22 0.06 0.72 
-4.16 -48.86 95.09 0.43 -0.05 0.77 
55.91 -78.43 218.82 1.48 -0.42 -0.32 
18.77 -13.09 268.02 0.67 -0.51 -0.09 
28.52 26.10 318.32 -0.06 0.08 0.15 
2.66 2.90 323.89 -0.92 0.28 -0.02 
-207.00 -7.58 -327.04 1.31 -0.53 -0.46 
-12.99 11.66 -315.22 1.32 -0.49 -0.32 
5.06 -8.18 -296.07 1.23 -0.58 -0.36 
7.74 -17.17 -271.99 1.11 -0.48 -0.44 
6.89 -26.63 -238.47 0.12 -0.66 0.14 
24.28 1.21 -204.63 -0.29 -0.43 0.34 
46.65 41.60 -156.54 -0.48 0.79 -0.22 
-18.74 -32.68 -182.78 -0.54 0.34 -0.13 
-127.50 31.56 -157.82 1.30 -0.20 0.16 
-11.93 -17.80 -147.70 1.30 -0.43 -0.44 
15.77 -26.29 -121.75 1.30 -0.42 -0.41 
35.52 80.44 -71.03 -0.92 0.03 -0.40 
103.05 181.61 -31.87 1.68 -0.23 -0.26 
-12.44 -12.44 -18.00 1.45 -0.73 -0.10 
-16.71 -25.93 -4.94 1.12 -0.50 -0.27 
13.59 -14.71 22.04 0.95 -0.56 -0.29 
7.83 -16.54 52.01 0.36 -0.63 0.06 
33.04 20.32 95.04 -0.23 -0.28 0.28 
19.36 22.93 98.60 -0.88 0.15 0.14 
-0.36 -13.34 94.47 -0.89 -0.01 0.21 
-13.04 -32.72 53.32 -0.40 0.08 0.40 
-52.66 -50.26 3.81 0.92 -0.49 0.33 
-9.67 45.23 -14.42 2.47 -0.78 -0.79 
2.23 -2.69 3.72 1.48 -0.19 -0.06 
9.39 7.88 25.93 0.88 -0.68 -0.30 
15.76 -6.42 74.17 0.41 -0.48 0.00 
37.05 36.30 130.44 -0.45 0.06 0.34 
-8.58 -1.73 124.95 -0.89 0.22 0.00 
-26.48 -32.24 87.66 -0.89 0.08 0.25 
-39.12 -46.53 25.77 0.28 -0.92 0.24 
81.08 -56.63 117.42 1.28 -0.20 -0.60 
-74.48 -111.93 61.60 -0.63 -0.08 0.51 
-12.58 -13.17 50.44 0.02 -0.50 1.13 
13.51 -48.79 18.39 0.84 -0.09 0.62 
-63.40 -42.10 6.40 1.38 0.72 0.35 
-49.83 -39.23 2.43 1.40 -0.09 -0.64 
29.79 -5.25 20.45 1.16 -0.29 -0.66 
25.64 -12.31 46.79 0.76 -0.49 -0.49 
53.35 19.83 107.01 0.19 -0.42 0.21 
-28.15 -132.22 84.02 -0.27 0.29 0.83 
-7.46 -40.48 76.18 0.06 0.19 0.91 
-65.78 -62.61 112.09 1.25 -0.86 -0.52 
12.22 -27.81 133.30 2.11 -0.53 -0.34 
27.71 -2.76 191.26 1.08 -0.35 -0.68 
56.92 54.08 238.97 -0.17 0.12 0.04 
24.28 -199.29 112.51 0.01 -0.17 0.64 
107.62 28.53 186.16 1.05 -0.21 -0.41 
18.27 -4.40 231.42 0.73 -0.52 -0.24 
50.30 47.22 282.18 -0.52 0.12 0.20 
56.67 42.46 318.87 -0.62 0.33 -0.17 
-24.40 -38.76 306.24 -0.67 0.40 -0.05 
-16.01 -55.07 299.64 -0.52 0.31 0.74 
-63.78 -63.36 242.57 0.34 0.06 0.05 
115.12 -0.10 284.58 0.57 -0.60 -0.15 
242.80 252.51 -168.62 1.35 -0.26 -1.20 
-2.35 -43.73 -170.61 1.45 -0.28 -0.31 
26.11 -7.23 -156.27 1.30 -0.33 -0.60 
125.99 37.30 -71.83 -0.46 0.08 0.49 
47.20 48.52 -38.80 -0.17 0.85 -0.27 
-2.82 -22.80 -40.96 -0.50 0.55 0.21 
125.28 55.74 15.87 1.30 -0.28 -0.77 
31.81 17.04 49.86 0.73 -0.57 -0.43 
54.32 43.95 86.75 -0.05 -0.30 0.50 
57.18 58.07 120.90 -0.33 0.29 -0.10 
57.18 58.07 120.90 -0.33 0.29 -0.10 
-17.18 -30.09 133.74 -0.15 0.21 0.45 
-33.34 -47.46 106.17 0.11 0.57 0.91 
26.26 -39.44 131.05 1.09 -0.28 -0.68 
42.86 27.17 138.73 0.82 -0.57 -0.30 
42.86 27.17 138.73 0.82 -0.57 -0.30 
64.52 93.58 191.04 0.10 0.06 0.41 
11.38 25.12 202.19 -0.07 0.00 0.38 
63.05 48.31 231.81 -0.25 -0.34 0.61 
46.27 32.73 248.93 -0.50 0.45 0.42 
13.30 12.13 244.89 -0.68 0.54 -0.29 
-24.07 -24.97 235.19 -0.61 0.63 -0.13 
-26.60 -52.79 225.45 -0.13 0.41 0.72 
-64.55 -63.26 163.81 0.99 -0.14 0.25 
14.85 -11.61 156.13 1.02 -0.19 -0.73 
10.00 0.04 170.15 1.25 -0.60 -0.47 
22.73 10.28 195.93 0.77 -0.72 -0.29 
44.78 37.70 238.93 0.06 -0.34 0.20 
56.30 60.51 302.12 -0.46 0.33 -0.91 
-14.05 -20.21 293.61 -0.52 0.65 -0.17 
-22.66 -23.78 286.04 -0.50 0.64 0.25 
-13.66 -5.52 254.68 -0.70 0.41 0.60 
-65.27 -63.62 192.55 1.04 -0.25 -0.27 
19.04 30.90 176.97 0.94 -0.13 -0.48 
-37.70 -21.73 173.72 0.66 -0.19 -0.31 
15.23 -16.53 178.41 1.31 -0.26 -0.72 
21.27 -28.55 212.24 1.43 -0.53 -0.71 
43.98 7.86 248.08 0.48 -0.49 -0.14 
55.33 61.55 293.69 -0.28 0.00 -0.18 
-22.39 -16.25 282.62 -0.54 0.77 -0.87 
-37.69 -33.02 271.56 -0.54 0.59 -0.14 
-12.45 -24.63 272.30 -0.39 0.49 0.65 
-53.24 -56.26 235.30 0.05 0.25 0.75 
-77.67 -41.51 249.87 0.94 -0.14 -0.39 
-11.64 -38.73 254.65 1.42 -0.69 -0.89 
45.04 -4.65 251.17 0.86 -0.63 -0.68 
30.23 17.03 273.98 0.71 -0.54 0.10 
40.37 24.45 291.84 0.12 -0.25 0.71 
49.19 33.29 297.94 -0.35 0.11 0.62 
55.15 33.03 316.38 -0.48 0.80 -0.76 
-9.77 -23.13 304.19 -1.14 0.43 -0.42 
-27.16 -43.11 299.54 -0.40 0.39 0.44 
-62.26 -61.62 244.82 0.33 0.61 0.26 
-65.71 -62.92 182.93 3.99 -2.38 0.44 
-6.17 -4.56 183.92 0.93 -0.21 -0.64 
38.75 -15.39 189.56 1.65 -0.25 -0.95 
49.65 -4.29 191.51 0.78 -0.51 -0.50 
44.48 54.67 224.61 0.42 -0.38 -0.09 
34.89 15.57 236.37 -0.32 -0.03 0.74 
23.53 20.51 242.86 -0.42 0.77 0.02 
-1.60 -5.34 230.23 -0.26 0.66 -0.91 
4.32 -3.63 237.92 -0.51 0.61 0.22 
-15.84 -43.47 233.38 -0.37 0.69 0.98 
-54.48 -71.69 173.02 -0.33 0.04 0.44 
-13.26 -1.41 151.76 1.21 -0.93 -0.87 
2.94 -1.94 156.54 0.97 -0.59 -0.90 
23.89 -8.28 159.01 0.79 -0.64 -0.60 
43.23 15.89 176.11 0.78 -0.92 0.00 
53.96 49.73 201.96 -0.17 -0.26 0.26 
46.83 46.74 232.22 -0.54 0.80 -0.02 
-6.77 -16.42 217.06 -0.51 0.70 -0.65 
-14.53 -18.70 200.64 -0.59 0.57 -0.06 
-158.54 181.18 214.95 1.00 0.10 0.00 
2.91 -2.16 206.76 1.04 0.06 0.08 
70.69 70.17 -308.44 1.26 0.45 0.09 
219.62 -249.88 -23.34 1.11 -0.19 0.51 
-20.23 -7.07 -66.31 1.55 -0.75 -0.13 
-52.46 -23.62 -65.79 1.03 -0.41 -0.19 
-18.85 -41.26 -39.76 1.47 -0.70 -0.72 
29.84 -14.85 -2.79 1.04 -0.77 -0.90 
35.87 -25.74 36.78 0.28 -0.14 -0.32 
30.56 2.29 49.68 -0.59 0.27 0.17 
-39.23 -48.88 -0.08 0.19 0.56 -0.32 
-7.37 -22.80 -42.86 1.31 -0.87 0.35 
-36.48 -2.20 -92.37 1.83 0.30 0.01 
35.63 9.10 -41.57 1.54 0.37 0.08 
-51.61 -28.59 -50.50 1.16 -0.13 -0.05 
-22.90 -48.55 -15.85 1.53 -0.63 -0.49 
14.37 -37.13 32.94 0.83 -0.52 -0.61 
29.16 -15.13 73.74 0.48 0.05 0.01 
11.41 -0.72 61.65 -0.81 0.15 0.47 
-47.69 -33.69 12.14 0.28 -0.26 0.02 
6.52 -24.50 -35.28 0.72 -0.34 0.66 
-24.23 -24.22 -80.79 1.84 0.26 -0.08 
-12.10 -0.11 -36.81 1.31 0.17 0.07 
-17.37 -10.74 -51.25 1.09 0.00 0.07 
-41.81 -23.16 -26.14 1.67 -0.59 -0.44 
9.27 -34.22 19.40 1.48 -0.56 -0.78 
16.16 -35.17 61.86 0.48 -0.15 -0.26 
38.10 31.01 81.69 -0.12 0.03 0.32 
-1.32 -46.78 32.42 -0.77 1.73 -0.55 
42.53 -10.39 -15.09 0.02 -0.76 0.68 
-10.22 -35.33 -49.57 1.63 -0.40 0.53 
0.89 2.91 -53.92 1.36 -0.14 0.21 
-51.53 -26.16 -75.12 1.19 -0.10 0.22 
-19.93 1.70 -24.57 1.63 -0.45 -0.34 
11.28 -29.47 15.58 0.89 -0.94 -0.45 
30.14 -22.98 65.83 0.60 -0.14 -0.27 
40.41 5.38 93.94 -0.25 0.41 0.29 
14.87 -18.92 60.66 -1.33 0.30 -0.36 
-1.74 -44.45 10.90 1.54 -0.70 0.65 
-23.50 -45.83 -25.94 1.83 0.58 0.01 
-12.11 -21.29 24.61 1.61 0.24 -0.04 
-35.61 5.17 5.28 1.47 -0.21 -0.07 
-37.12 -100.69 60.40 2.04 -0.71 -0.69 
39.05 -34.76 110.82 0.87 -0.65 -0.62 
38.47 -10.91 149.11 0.02 0.16 -0.12 
46.05 14.66 159.77 -0.64 0.68 0.19 
-50.83 -49.76 110.27 0.65 0.30 -0.58 
41.83 -18.52 60.51 0.60 -0.71 0.85 
-24.10 -27.38 22.10 2.01 0.06 0.17 
-25.08 17.59 61.60 1.77 0.73 -0.01 
-27.09 -5.69 72.14 1.41 -1.05 -0.77 
-0.26 -37.99 89.86 1.36 -0.92 -0.89 
23.63 -32.84 118.81 0.85 -0.63 -0.81 
31.28 -47.93 154.10 0.43 -0.15 -0.12 
-1.15 9.31 136.27 -0.81 0.07 0.28 
-9.85 -48.74 87.01 0.30 -0.49 0.37 
-5.56 -27.95 37.25 0.72 -0.13 0.31 
-24.30 13.33 -12.26 2.61 -0.91 -0.10 
-26.20 -11.16 -10.16 0.48 0.08 0.00 
19.10 -3.50 6.70 1.48 -0.56 -0.30 
-14.68 -43.68 43.88 1.60 -0.72 -0.52 
15.92 -43.51 75.92 0.80 -0.41 -0.74 
38.76 -22.35 105.74 -0.02 0.00 0.10 
44.81 10.52 103.06 -0.59 0.50 0.12 
-52.52 -33.54 53.79 0.52 -0.35 -0.33 
-50.70 -9.73 15.54 0.79 -0.22 0.73 
-52.02 -16.44 1.78 2.25 -0.79 0.29 
-0.47 3.74 3.48 0.99 0.32 0.05 
-24.25 -19.52 49.60 2.03 -0.52 -0.41 
0.36 -41.68 94.75 1.48 -0.66 -0.60 
23.92 -32.53 136.72 0.14 -0.22 -0.28 
43.37 13.56 160.67 -0.33 0.50 0.04 
40.36 -46.33 135.08 -1.12 0.96 -0.51 
0.96 -31.65 85.57 0.79 -1.33 0.91 
-11.58 -20.81 55.61 1.16 -0.13 0.62 
-6.13 30.18 25.19 1.59 -0.79 -0.25 
-45.58 -15.87 30.41 1.26 -0.74 0.12 
7.20 -15.49 59.94 1.48 -0.63 -0.84 
18.56 -39.87 106.94 1.16 -0.74 -0.55 
30.74 -13.48 141.80 -0.10 -0.07 -0.23 
34.66 13.87 146.53 -0.72 0.80 0.00 
-49.59 -48.23 97.27 0.07 0.24 -0.24 
4.98 -43.11 47.51 1.12 -0.34 0.51 
-34.92 -8.81 -1.99 2.91 0.08 -0.40 
-30.94 0.52 4.53 0.83 0.44 0.00 
-6.87 -75.52 43.16 1.83 -0.55 -0.96 
23.98 -36.73 74.65 0.87 -0.35 -0.74 
11.34 -46.70 88.94 -0.12 -0.43 -0.24 
41.09 23.60 112.50 0.29 0.61 0.45 
4.47 -46.72 62.99 -0.73 1.19 -0.19 
43.93 -49.42 13.24 0.43 -0.27 0.69 
-35.46 -31.39 -27.25 1.89 0.01 0.15 
9.51 -0.57 -12.61 1.20 -0.39 -0.04 
-52.41 -27.10 -26.45 0.99 -0.24 -0.11 
-9.68 -34.97 4.40 1.80 -0.69 -0.54 
28.66 -20.02 47.33 1.16 -0.55 -0.57 
25.96 -29.14 88.57 0.25 -0.17 -0.17 
38.40 17.26 111.09 -0.43 0.48 0.19 
42.59 -22.82 102.77 -1.24 0.36 -0.20 
-12.89 -16.76 53.26 0.69 -1.43 0.73 
-45.01 -48.27 11.26 1.22 -0.42 0.05 
-12.07 -1.80 -1.80 1.60 -0.48 0.04 
-52.29 -24.24 -12.06 1.20 -0.37 0.01 
-29.96 -33.91 14.28 1.61 -0.61 -0.69 
9.70 -42.15 52.31 1.16 -0.46 -0.83 
37.95 -26.19 91.37 0.11 -0.20 -0.22 
21.88 3.09 104.49 -0.13 0.04 0.45 
42.31 -46.24 54.98 -1.20 1.22 -0.42 
-3.40 -30.00 5.48 0.55 -0.88 0.37 
19.48 8.88 -6.03 0.84 -0.33 0.07 
-2.59 12.65 -35.30 1.48 -0.89 0.68 
-52.47 -50.69 -8.37 1.84 -0.73 0.04 
44.00 -44.48 11.21 1.39 -0.34 -1.04 
44.15 -45.06 39.64 0.75 -0.14 -0.99 
8.66 -12.78 38.44 -0.13 0.50 0.46 
43.71 42.68 5.14 -0.87 -0.40 -0.22 
-29.56 -49.82 -44.37 1.24 -1.03 0.56 
-20.24 -11.83 -65.14 1.52 -1.21 1.51 
31.40 -15.70 -114.65 2.04 -1.83 -0.10 
165.99 -185.49 1.38 0.73 -0.42 -0.68 
38.09 4.14 9.61 -0.29 0.53 0.30 
32.63 -43.50 -1.78 -1.27 1.32 -0.04 
30.37 -48.75 -51.28 0.36 -0.84 0.56 
-6.03 16.31 -93.41 2.31 -0.20 0.38 
-50.57 0.96 -87.93 0.83 0.40 -0.12 
-2.87 -20.45 -53.62 1.50 -0.91 -1.01 
42.65 -55.35 -10.74 1.00 -0.66 -1.00 
44.20 -30.42 19.11 0.29 0.11 -0.09 
46.01 7.02 37.72 -0.64 0.92 -0.68 
-52.37 -49.68 -11.79 0.89 -0.43 -0.86 
16.57 -32.60 -61.55 1.48 -0.49 0.38 
-7.61 -14.60 -110.81 3.70 -0.19 -0.41 
-52.53 -10.14 -98.47 0.58 -0.34 -0.56 
3.91 -38.50 -76.51 1.37 -1.02 -1.27 
40.91 -32.84 -31.54 1.38 -0.28 -1.02 
45.75 -19.71 19.01 0.60 0.43 0.28 
5.54 -32.74 -30.50 -1.10 0.25 -0.21 
9.58 -22.80 -80.01 1.13 -0.56 0.86 
-17.93 -25.05 -122.68 1.48 -0.76 0.12 
-17.76 -20.42 -167.85 2.29 -0.40 0.03 
-52.91 -44.05 -145.28 0.92 -0.92 -1.10 
4.93 -49.38 -135.32 1.01 -0.62 -1.27 
33.92 -46.39 -118.16 0.67 -0.11 -0.64 
45.75 -2.78 -106.88 -0.26 0.23 0.23 
44.30 -6.91 -127.73 -0.92 -0.06 -0.15 
-35.72 -50.32 -177.24 1.05 -0.07 0.62 
-41.62 -55.93 -231.34 1.12 -0.01 0.17 
44.74 4.35 -180.79 0.92 0.12 0.10 
-48.18 -49.33 -162.04 1.54 -0.86 -1.09 
9.53 -29.98 -136.39 1.50 -0.64 -0.90 
31.18 -31.56 -103.75 0.57 -0.40 -0.53 
36.18 -5.65 -71.10 0.00 0.00 0.02 
34.61 -22.56 -69.40 -1.13 0.14 -0.64 
-38.77 -57.95 -131.29 0.74 -0.86 0.37 
-16.22 -41.31 -146.12 1.28 0.32 0.59 
-18.16 1.22 -150.80 1.23 -0.53 -0.09 
-52.57 -21.64 -146.02 1.14 -0.52 -0.17 
-9.80 -52.73 -113.18 1.48 -0.54 -0.82 
17.44 -38.57 -88.24 0.74 -0.58 -0.61 
50.57 0.14 -58.39 -0.34 -0.14 0.01 
42.65 -2.76 -63.18 -1.05 0.27 0.08 
-53.88 -48.99 -112.69 0.27 -0.53 0.21 
6.77 -28.15 -151.73 0.97 -0.54 0.43 
-6.06 13.32 -177.81 1.22 0.11 -0.28 
-45.79 -35.51 -148.49 1.30 -0.20 -0.32 
-233.52 -43.01 -258.01 1.66 -0.14 -0.05 
-52.77 -19.58 -218.46 1.32 -0.82 -0.65 
7.15 -43.28 -190.74 1.35 -0.62 -1.28 
43.72 -29.38 -158.57 0.69 -0.31 -0.68 
46.25 16.48 -146.93 0.00 0.29 -0.35 
23.32 -41.72 -167.39 -1.27 0.57 0.01 
-23.17 -22.87 -202.51 0.79 -1.53 0.22 
-40.10 -39.49 -224.52 1.55 -0.63 0.93 
-51.21 -26.89 -264.67 1.64 0.09 -0.26 
-65.96 -24.94 -239.18 1.18 -0.97 -0.49 
6.42 -28.32 -219.03 1.10 -0.50 -1.09 
18.34 -36.47 -201.13 0.59 -0.48 -0.91 
41.96 -1.39 -168.86 0.19 -0.40 -0.18 
40.57 25.06 -189.32 -0.50 -0.01 0.15 
-48.86 -47.15 -138.78 -0.53 1.42 -0.17 
-8.36 -7.06 -188.04 0.92 -0.70 0.21 
-64.78 -40.53 -213.59 2.05 -0.28 0.56 
114.77 -171.48 -71.32 0.54 -0.37 -0.51 
31.28 -3.70 -55.67 -0.36 0.08 0.16 
21.54 -24.62 -94.46 -1.26 0.67 0.08 
27.05 -23.50 -143.72 0.65 -1.31 0.80 
-15.26 -14.16 -156.72 0.75 -0.47 0.20 
-38.43 -29.69 -191.38 2.71 -0.05 0.40 
-65.73 -21.88 -161.02 1.30 -0.64 -0.46 
5.10 -36.21 -137.45 1.42 -0.58 -1.02 
32.13 -41.55 -109.68 0.85 -0.46 -1.04 
44.84 -25.77 -78.87 0.15 0.04 -0.21 
45.57 10.07 -80.41 -0.22 0.24 0.56 
-20.14 -23.37 -129.67 -0.56 -0.21 0.06 
15.26 -23.80 -179.18 0.50 -0.77 0.69 
17.85 -16.03 -202.70 0.99 -0.39 0.20 
-64.36 -15.64 -183.79 0.75 0.04 -0.46 
-37.23 -39.08 -155.07 1.42 -0.43 -0.82 
17.51 -30.80 -125.25 0.90 -0.51 -1.04 
36.64 -46.60 -96.96 0.40 -0.29 -0.55 
46.96 26.06 -46.66 0.15 0.64 -0.19 
-24.28 -45.22 -93.14 -0.87 0.82 -0.36 
-17.93 -35.14 -142.89 0.97 -0.85 0.16 
-19.02 -13.92 -138.30 0.72 -0.23 0.14 
42.23 15.45 -151.20 0.89 -1.05 -0.10 
-52.93 -23.43 -127.45 1.27 -0.80 -0.91 
5.38 -49.82 -102.24 1.57 -0.54 -1.40 
44.37 -45.23 -70.59 0.93 0.07 -0.69 
46.85 2.06 -34.18 0.13 0.38 0.17 
-3.59 -30.35 -82.59 -1.05 0.68 -0.06 
30.30 -20.49 -131.86 0.55 -0.70 0.89 
26.78 -1.94 -181.36 1.65 -1.06 -0.03 
-17.72 -14.89 -209.23 1.98 -0.32 0.29 
-20.64 -22.94 -172.80 1.56 -0.89 -0.53 
12.23 -24.01 -138.08 1.40 -0.74 -0.73 
31.91 -20.28 -96.43 0.68 -0.56 -0.58 
31.23 -1.60 -59.70 0.01 0.15 0.19 
28.58 -0.17 -73.48 -1.08 0.57 -0.18 
-51.99 -50.27 -122.99 1.46 -0.90 0.19 
-27.76 -14.81 -165.81 0.99 -0.85 0.17 
-26.65 -8.07 -215.32 2.73 -0.17 -0.11 
-52.95 -11.60 -206.42 1.17 -0.85 -0.49 
0.83 -32.31 -170.97 1.42 -0.64 -0.58 
43.34 5.30 -120.68 0.99 -0.46 -0.57 
-3.58 -16.86 -89.78 -0.19 0.31 0.02 
43.72 -10.41 -132.14 -1.04 -0.36 0.39 
-15.38 -35.05 -181.40 0.60 -0.82 0.24 
-40.70 -124.69 -64.37 1.34 -0.67 -0.73 
37.83 -26.61 -30.83 0.44 -0.59 -0.70 
42.87 0.35 2.85 0.09 -0.06 -0.04 
28.16 13.96 -20.20 -0.88 0.21 0.00 
-39.42 -49.78 -69.71 1.24 -1.13 0.45 
-53.18 -47.93 -76.29 0.64 -0.56 0.21 
-38.63 -37.56 -101.33 2.69 -0.18 -0.17 
-53.02 -43.15 -81.71 1.41 -0.90 -0.82 
28.90 -49.79 -51.32 1.10 -0.55 -0.93 
43.47 -25.63 -16.90 0.38 -0.24 -0.59 
47.31 16.58 17.46 -0.10 0.46 -0.18 
-41.42 -45.81 -15.38 -0.98 0.71 0.06 
29.79 -31.96 -64.64 0.60 -1.11 0.54 
-6.07 -12.61 -71.65 0.89 -0.20 0.23 
-5.26 -7.32 -93.47 1.58 -0.56 0.04 
-30.76 -15.15 -89.68 0.79 0.06 -0.08 
7.30 -27.13 -56.70 1.57 -0.81 -1.10 
11.34 -37.22 -28.48 0.87 -0.47 -0.98 
40.98 -22.29 2.48 0.16 -0.23 -0.23 
36.77 12.51 27.91 -0.26 0.30 0.05 
10.06 -38.75 -21.60 -0.93 0.76 -0.42 
2.72 -37.63 -71.11 0.73 -0.75 0.67 
19.94 -57.60 -119.80 2.19 0.42 0.55 
-50.12 -23.25 -124.90 0.71 -0.02 0.09 
-22.74 -16.59 -85.21 1.45 -0.90 -0.26 
37.63 -20.07 -22.84 1.04 -0.51 -0.63 
37.88 -9.39 27.45 0.40 0.20 0.04 
-2.21 -5.28 -5.01 -0.98 0.22 0.23 
-6.95 -50.15 -54.52 0.69 -0.40 0.27 
5.20 -11.63 -77.94 0.87 -0.18 0.08 
8.88 10.11 -27.14 0.43 -0.81 -0.01 
-65.93 -24.68 -7.72 1.57 -1.34 -0.93 
34.81 -34.17 -270.45 0.38 -0.58 0.37 
4.03 2.59 280.06 0.97 0.32 -0.01 
22.12 -8.98 267.22 1.01 0.12 0.28 
-5.54 -7.67 214.67 1.02 0.18 0.07 
-9.06 -8.45 206.42 1.03 0.19 0.07 
-4.70 -4.81 201.91 1.02 0.18 0.08 
0.51 -2.57 197.70 1.02 0.18 0.08 
-4.28 -5.76 192.55 1.02 0.18 0.08 
0.79 -2.41 188.27 1.03 0.18 0.06 
-2.76 -4.15 184.02 1.02 0.20 0.08 
-1.36 -3.38 180.32 1.00 0.19 0.07 
-1.32 -4.25 176.30 1.02 0.20 0.07 
-4.06 -4.22 172.68 1.07 0.16 0.07 
-11.34 -8.55 169.51 1.01 0.20 0.04 
-25.21 -8.68 170.61 1.04 0.15 0.00 
-38.56 -14.08 171.64 1.11 0.07 -0.05 
-21.57 0.51 187.65 1.08 -0.27 -0.23 
-13.89 -4.30 191.59 1.01 -0.20 -0.47 
5.15 -24.75 195.65 1.20 -0.62 -1.09 
22.50 -43.77 209.80 1.16 -0.30 -1.27 
10.22 -49.74 232.73 0.66 -0.44 -0.51 
36.71 -29.98 258.28 0.12 -0.02 0.54 
16.94 0.88 218.80 -0.94 0.08 0.43 
-11.32 -49.94 169.30 0.65 -0.39 0.39 
-34.98 -28.44 137.31 1.19 0.11 0.16 
10.31 -21.22 187.86 -0.02 -1.15 0.30 
-65.20 7.26 186.04 1.50 -0.52 -0.54 
-8.37 -49.75 208.56 1.28 -0.64 -1.02 
30.04 -45.66 233.38 0.97 -0.14 -1.37 
38.06 -34.86 261.61 0.31 0.24 0.06 
44.14 10.64 247.90 -0.60 -0.10 0.53 
-51.42 -50.31 198.39 0.39 0.03 -0.23 
12.73 -23.86 148.88 0.98 -0.40 0.48 
-12.80 -22.71 99.37 2.55 -0.62 0.13 
-15.64 1.22 111.76 0.85 0.14 0.09 
-25.81 -41.53 124.43 1.42 -0.51 -0.85 
16.47 -42.31 141.73 1.12 -0.61 -0.93 
26.94 -34.63 165.20 0.39 -0.36 -0.81 
38.73 -8.99 180.76 -0.11 0.00 0.08 
45.25 -0.26 148.02 -1.45 0.54 -0.32 
20.95 -50.90 98.52 1.21 -0.29 0.20 
-51.30 -50.67 75.57 2.20 0.04 -0.62 
12.44 -30.43 126.37 1.32 0.23 -0.15 
-52.40 -42.02 149.89 1.60 -0.70 -1.08 
55.90 -27.59 210.64 1.48 0.26 -1.12 
25.52 -42.21 244.49 0.52 0.04 -0.08 
45.78 -2.57 239.81 -0.62 0.48 0.39 
-48.28 -48.04 190.30 0.02 0.77 -0.09 
11.33 1.40 152.00 0.96 -0.38 0.30 
-51.18 -39.97 115.28 2.22 0.41 -0.15 
-31.63 -29.44 149.10 1.23 0.36 0.01 
12.19 -36.15 181.40 1.49 -0.89 -0.96 
3.10 -38.16 218.97 1.25 -0.85 -1.05 
35.75 -32.34 248.04 0.46 -0.30 -0.48 
41.72 -6.58 268.76 -0.27 0.05 0.23 
45.59 9.64 273.49 -0.89 0.64 -0.31 
-44.11 -31.00 223.99 0.14 -1.19 -0.09 
25.83 -49.41 206.46 0.92 1.27 0.98 
-8.32 -29.78 175.62 1.82 -0.28 0.29 
-50.33 7.93 171.25 1.34 -0.12 -0.18 
-49.76 -29.41 214.58 1.36 -0.45 -0.55 
6.18 -24.67 233.84 0.87 -0.48 -1.03 
16.73 -40.79 249.41 0.53 -0.46 -0.88 
32.99 -20.92 267.78 -0.17 -0.41 -0.13 
40.76 2.57 282.37 -0.29 0.54 0.55 
-35.24 -27.21 261.15 -0.78 0.40 -0.22 
-21.09 -6.03 211.64 0.42 -1.36 0.74 
-14.44 -11.50 172.95 0.51 -0.48 0.44 
-17.19 -22.08 151.02 1.09 -0.12 0.03 
-48.00 2.40 160.19 1.21 -0.46 -0.39 
-12.75 -7.24 186.36 1.24 -0.36 -0.45 
12.76 -25.83 208.78 0.96 -0.65 -0.92 
26.27 -27.73 228.21 0.52 -0.51 -1.05 
31.33 -21.71 247.63 -0.08 -0.29 -0.27 
43.76 10.44 273.87 -0.19 -0.14 0.30 
7.11 4.92 252.83 -1.06 0.20 0.06 
-11.31 -34.12 203.32 0.29 -0.79 0.53 
-27.20 -50.33 160.03 1.27 -0.78 0.54 
-31.42 6.13 124.91 1.45 0.07 -0.36 
-36.19 -48.29 138.88 1.37 -0.70 -0.15 
-49.57 -28.57 152.08 1.08 -0.59 -0.94 
5.21 -44.22 173.17 0.83 -0.75 -1.02 
43.36 -24.43 201.68 0.09 -0.22 -0.46 
44.49 8.76 230.56 -0.28 0.00 0.25 
-4.19 -17.50 255.49 -1.02 1.49 -1.31 
-53.71 -48.81 205.98 0.29 -0.65 -0.39 
-31.16 -49.99 170.80 1.02 -0.12 0.82 
19.45 -6.46 134.01 1.16 0.03 -0.10 
-20.95 -9.55 156.05 1.00 -0.37 -0.09 
-23.33 -20.98 182.74 1.39 -0.48 -0.51 
2.32 -27.64 208.51 1.00 -0.48 -0.76 
15.02 -30.98 225.17 0.39 -0.43 -0.73 
39.36 -10.55 245.98 -0.22 -0.53 -0.09 
37.34 11.36 266.74 -0.62 -0.11 0.21 
20.04 5.99 271.27 -0.92 0.57 0.00 
-22.55 -33.42 230.71 -0.17 -0.54 0.53 
-22.84 -33.08 180.95 0.28 -0.70 0.49 
-16.48 -18.14 147.13 1.11 -0.69 0.20 
-52.67 7.66 154.36 1.92 -1.01 -0.56 
7.41 -29.93 189.78 1.16 -0.57 -1.18 
19.76 -26.88 206.89 0.44 -0.37 -1.14 
35.80 -18.13 231.65 0.04 -0.35 -0.13 
41.63 -9.68 245.38 -0.42 -0.31 0.33 
44.85 39.29 251.34 -0.92 0.26 -0.17 
-39.44 -45.66 201.83 -0.43 -0.11 0.25 
-17.22 -48.71 152.08 0.19 -0.47 0.71 
1.51 -11.82 106.62 1.07 -0.32 0.64 
-48.30 -10.04 123.99 1.20 -0.67 -0.27 
-29.63 -25.06 139.81 1.11 -0.63 -0.95 
2.66 -33.06 155.99 1.41 -0.55 -1.27 
44.27 -42.12 198.40 1.04 -0.24 -0.88 
25.27 -7.73 216.23 -0.17 0.11 0.09 
45.45 -0.56 220.99 -0.72 0.38 0.39 
-54.09 -49.55 171.23 0.72 -1.09 0.12 
5.90 -32.67 137.30 0.87 -0.05 0.40 
-38.66 3.96 88.04 2.38 -0.46 -0.07 
-52.68 -38.04 76.98 1.61 -0.61 -0.31 
0.06 -41.83 89.17 1.28 -0.42 -0.96 
30.80 -44.12 110.76 0.93 -0.37 -0.94 
43.49 -9.48 154.14 0.14 -0.17 -0.26 
22.59 -9.88 147.97 -0.72 0.00 0.48 
-53.75 -40.79 98.71 0.08 -0.62 0.34 
-29.58 -36.27 45.28 0.87 -0.31 0.24 
-36.18 -11.61 -4.48 2.61 -0.60 -0.18 
-39.38 -16.29 41.86 1.02 -0.62 -0.22 
41.49 -5.27 60.17 1.35 -0.49 -1.55 
26.23 -42.05 89.93 0.79 -0.10 -0.88 
42.33 -5.37 128.57 -0.05 -0.18 0.09 
44.62 18.18 148.77 -0.46 0.50 0.02 
-37.99 -46.45 99.51 -0.46 0.69 -0.31 
-36.15 -50.54 49.75 1.07 -0.58 0.32 
-27.23 -22.39 12.57 1.84 0.68 0.04 
32.65 15.79 34.90 1.81 0.85 0.20 
-53.03 -36.27 58.23 1.41 -0.88 -0.66 
13.75 -35.83 86.90 1.22 -0.40 -0.94 
44.52 -40.09 120.40 0.53 -0.21 -0.39 
27.00 -15.41 140.27 -0.23 -0.24 0.61 
-26.30 -8.01 118.10 -1.03 0.25 0.39 
-54.14 -45.94 68.59 0.31 -0.65 0.05 
10.34 -28.35 25.69 0.73 -0.33 0.46 
-51.44 2.09 -23.66 2.34 0.43 -0.35 
90.99 -103.28 90.46 1.13 -0.40 -0.91 
26.97 -25.14 120.04 0.23 -0.32 -0.13 
25.80 -10.53 139.78 -0.42 -0.13 0.44 
1.91 -15.13 123.58 -0.75 -0.11 1.01 
-24.56 -24.80 74.07 0.15 -0.51 0.01 
-33.51 1.97 54.75 1.22 -0.61 0.62 
-43.92 1.66 28.04 1.58 0.48 -0.37 
-14.83 34.20 73.34 1.92 0.76 -0.18 
-35.01 1.90 70.36 1.53 -0.79 -0.46 
5.23 -16.20 105.86 1.51 -0.69 -0.42 
16.86 -33.76 136.29 0.84 -0.48 -0.75 
12.67 -26.93 163.71 0.14 -0.49 -0.02 
19.07 -9.46 176.15 -0.55 -0.37 0.29 
-26.92 -23.76 132.27 -0.72 -0.18 0.25 
41.42 -0.26 90.08 0.29 -1.25 0.84 
-26.03 -31.82 50.10 0.91 -0.47 0.40 
-34.63 -33.52 21.21 1.59 -0.16 0.07 
-37.40 -17.08 23.91 1.00 -0.45 -0.52 
11.82 -25.52 39.16 1.18 -0.69 -0.96 
22.63 -27.87 57.41 0.86 -0.43 -0.96 
31.77 -23.58 77.57 0.20 -0.49 -0.39 
17.64 -0.27 98.39 -0.44 -0.14 0.38 
-32.31 -36.21 64.94 -0.61 -0.52 0.43 
-2.01 -0.28 15.49 0.31 -0.73 0.45 
-41.63 -4.34 -33.55 1.13 -0.66 -0.10 
-39.38 -1.29 -83.06 2.46 0.16 -0.20 
-44.80 -25.62 -86.32 1.27 -0.51 -0.34 
26.05 -40.68 -60.87 1.27 -0.50 -1.03 
28.78 -33.01 -31.33 0.84 -0.42 -0.79 
40.34 -11.64 0.88 0.11 -0.04 0.18 
15.28 7.51 -6.39 -0.49 -0.05 0.43 
-51.73 -56.35 70.55 0.62 -1.27 -0.45 
-21.56 -28.63 87.50 1.53 -0.93 -0.36 
-189.26 -24.53 -271.73 -0.21 -0.26 0.19 
-327.52 -256.58 -64.83 0.39 -0.45 -0.52 
20.78 -7.04 -45.35 -0.20 -0.24 0.23 
19.28 0.28 -65.50 -0.94 -0.04 0.40 
-53.80 -35.72 -115.01 0.42 -0.61 0.02 
-10.01 -22.04 -156.97 0.99 -0.50 0.45 
-61.03 -13.34 -167.22 1.63 -0.48 0.06 
-20.56 -19.17 -156.96 1.14 -0.56 -0.58 
5.72 -34.46 -137.55 1.29 -0.54 -0.98 
23.81 -33.93 -120.94 0.65 -0.39 -0.85 
41.41 -14.93 -107.38 0.06 -0.52 0.04 
34.55 11.88 -110.47 -0.55 -0.08 0.35 
-48.54 -36.55 -159.98 -0.20 0.09 0.37 
1.24 2.62 -201.20 0.52 -1.21 0.12 
-1.06 -1.20 -238.28 0.87 -0.52 0.02 
-32.82 -26.29 -280.53 2.28 -0.15 0.17 
-52.71 -32.01 -247.42 1.19 -0.92 -0.66 
11.69 -33.33 -221.16 0.91 -0.48 -0.92 
268.56 -52.65 -232.82 1.33 -0.19 -0.37 
-13.91 -18.38 -217.71 1.19 -0.42 -0.65 
7.63 -32.28 -200.33 1.09 -0.40 -0.99 
24.79 -28.35 -181.51 0.35 -0.41 -0.76 
41.36 -18.00 -166.49 -0.12 -0.56 -0.04 
18.43 -7.45 -171.01 -0.63 -0.23 0.29 
-22.03 -45.89 -217.85 -0.43 0.40 0.13 
1.96 -38.09 -240.43 1.04 0.06 0.59 
-58.49 -34.36 -249.20 1.43 0.22 0.00 
-51.16 -19.77 -223.80 1.03 0.08 -0.18 
-1.48 -34.14 -206.30 1.18 -0.55 -0.96 
2.55 -18.97 -188.91 0.92 -0.48 -0.89 
21.05 -34.93 -171.97 0.20 -0.47 -0.65 
21.84 -23.00 -151.39 -0.16 -0.03 0.30 
6.62 0.91 -175.33 -0.79 -0.31 0.40 
-23.69 -38.88 -216.40 0.07 -0.42 0.58 
-1.60 -28.67 -265.66 0.88 -0.38 0.46 
-52.00 -27.16 -279.85 1.52 -0.27 -0.03 
-53.04 -38.45 -273.10 1.05 -0.72 -0.72 
-14.43 -39.51 -258.23 1.14 -0.63 -0.97 
24.40 -34.69 -240.71 0.60 -0.40 -0.90 
36.56 -22.07 -215.15 -0.02 -0.33 -0.05 
24.03 -9.28 -219.89 -0.38 -0.18 0.42 
-2.21 -15.18 -256.34 -0.64 0.00 0.43 
-6.54 -24.58 -305.85 0.54 -0.91 0.51 
-29.11 -10.95 327.67 1.04 -0.65 0.07 
-52.44 -13.42 -317.35 1.54 -0.99 -1.12 
1.07 -13.13 -302.80 1.08 -0.88 -0.90 
17.50 -31.30 -285.25 0.90 -0.31 -1.11 
50.74 -49.42 -263.12 0.30 -0.67 -0.55 
33.81 0.92 -235.08 -0.41 0.00 0.30 
12.33 -0.41 -243.34 -0.77 0.20 0.29 
-54.33 -48.82 -292.85 0.20 -0.52 0.00 
-4.44 -28.28 319.45 0.87 -0.44 0.64 
-51.75 -13.99 295.54 1.72 -0.11 -0.03 
-53.11 -40.34 297.66 1.15 -0.81 -0.66 
-5.33 -35.96 300.97 1.06 -0.47 -1.05 
30.64 -35.73 315.99 0.87 -0.31 -1.16 
44.67 -31.91 -294.32 0.30 0.00 -0.16 
24.59 1.62 -282.47 -0.75 0.31 0.00 
-6.42 -42.12 324.62 -0.72 0.35 -0.13 
14.25 -43.20 262.73 0.88 -0.17 0.56 
-52.24 -32.15 212.98 2.98 -0.50 0.19 
-52.02 -27.88 218.91 1.01 -0.32 -0.27 
11.74 -30.02 235.43 1.14 -0.06 -0.63 
15.63 -31.41 253.41 0.99 -0.51 -1.35 
37.62 -41.92 282.30 0.38 -0.24 -0.28 
26.12 -8.05 285.83 -0.57 -0.16 0.36 
2.47 -45.04 236.07 -0.35 -0.21 0.24 
-6.03 -13.18 174.19 0.81 -0.83 0.57 
-47.91 -33.17 137.70 1.74 -0.03 -0.03 
-32.68 -21.88 162.55 0.90 -0.16 -0.13 
163.78 -72.05 274.79 0.01 -0.17 0.00 
44.55 14.33 275.49 -0.58 0.09 0.33 
-20.73 -22.35 225.73 -0.56 0.58 0.06 
18.27 -19.76 176.22 0.60 -0.71 0.56 
