16.99 -6.50 154.14 -0.43 0.39 0.75 
2.52 2.15 144.38 0.03 0.66 0.48 
2.52 2.15 144.38 0.03 0.66 0.48 
-6.35 -16.85 109.02 -0.06 0.70 0.12 
19.86 -25.09 101.02 2.21 1.29 0.39 
-0.68 5.86 124.10 1.51 0.59 0.65 
-2.56 63.42 128.55 0.32 0.29 0.71 
4.35 27.76 120.18 -0.22 0.04 0.48 
-4.58 4.11 114.96 -0.87 0.46 0.36 
4.35 -7.41 98.21 -0.78 0.22 0.51 
15.19 -33.52 73.94 -0.44 0.27 0.50 
-34.92 19.54 76.98 0.37 0.54 1.17 
-27.57 29.60 118.18 -0.21 0.39 0.64 
1.62 15.02 135.73 -0.91 0.69 0.46 
13.51 -9.20 93.49 -0.67 0.41 0.67 
15.54 -26.60 54.65 -0.14 0.28 0.36 
135.01 -132.17 -102.54 0.54 -0.45 0.55 
30.32 4.47 -100.38 0.34 0.41 1.29 
1.13 -3.64 -115.46 -0.08 0.73 0.57 
43.04 -27.18 -152.30 1.30 0.46 0.53 
-29.70 5.50 -134.76 1.11 0.15 0.49 
-2.97 26.62 -129.64 0.97 0.32 0.56 
-2.55 3.19 -109.95 0.06 0.59 0.42 
-16.58 -4.85 -136.89 0.19 0.46 0.60 
-38.27 -49.25 -185.77 1.74 0.52 0.41 
14.50 15.91 -178.23 0.96 0.44 0.44 
-11.57 33.43 -141.15 1.16 0.11 0.63 
12.33 26.73 -129.94 0.87 0.28 1.34 
4.84 33.31 -141.62 -0.29 -0.27 0.50 
3.72 3.04 -146.33 -0.62 0.29 0.41 
-4.42 -30.50 -177.65 -1.10 0.56 0.07 
33.36 -42.76 -211.90 1.08 0.52 0.78 
0.26 7.43 -198.23 0.65 0.28 1.24 
-4.12 40.44 -169.99 -0.42 0.29 0.51 
-1.94 -12.40 -187.00 -0.89 0.32 0.39 
4.23 -24.40 -212.44 -0.71 0.44 0.49 
36.28 -50.10 -238.41 1.46 0.57 0.62 
1.12 20.32 -231.82 0.49 0.22 0.82 
-9.99 29.68 -210.31 -0.09 0.22 0.60 
-24.51 -0.55 -195.05 -1.25 0.78 0.12 
6.72 -42.43 -242.66 0.83 -0.32 -0.14 
19.39 4.67 -232.45 1.21 0.54 1.46 
-6.56 -9.98 -240.06 0.34 0.33 0.53 
-2.98 -2.59 -283.32 0.38 0.54 0.39 
-23.04 -4.66 -311.73 0.79 0.10 0.65 
3.62 4.87 -297.98 1.14 0.25 0.89 
42.11 27.12 -247.44 0.10 1.22 0.54 
12.08 0.10 -250.37 0.20 0.38 0.60 
16.31 -13.74 -291.78 -0.16 0.68 0.24 
-117.74 -137.87 -263.09 1.03 0.40 1.27 
-15.88 -4.53 -223.07 0.42 0.26 0.77 
14.27 32.52 -215.28 -0.35 0.46 0.71 
4.55 -3.53 -233.61 -0.41 0.17 0.80 
2.31 -17.08 -259.73 -0.64 0.53 0.59 
29.44 -38.53 -304.19 1.29 0.37 0.80 
5.53 12.62 -293.76 0.84 0.09 1.12 
-17.44 26.91 -280.51 -0.64 0.15 0.33 
0.68 -11.16 -305.93 0.23 -0.43 0.36 
-36.77 -49.57 -308.46 0.97 0.59 1.32 
-4.49 0.35 -309.13 0.62 0.27 0.92 
-17.06 -20.55 -327.51 -0.22 0.63 0.23 
27.28 -36.06 301.11 1.34 1.03 0.12 
1.62 27.49 317.80 1.27 0.23 0.81 
-3.05 -4.81 -298.91 0.24 0.13 0.83 
0.55 19.73 -306.24 0.51 0.44 0.43 
-3.00 -4.97 -320.90 0.25 0.63 0.57 
20.36 -19.56 285.20 1.02 0.89 0.13 
18.99 31.55 300.29 1.18 0.38 0.46 
-14.51 30.25 -315.64 1.21 0.59 0.76 
18.59 43.02 307.85 0.59 0.39 0.80 
-8.94 4.49 317.95 -0.28 -0.63 0.52 
-73.45 72.95 -191.31 -0.44 0.33 0.60 
0.39 -4.16 -216.20 -0.64 0.39 0.59 
1.54 -24.83 -254.20 -0.80 0.40 0.42 
-32.00 -2.81 -229.92 1.79 0.80 1.96 
18.83 14.33 -200.51 -0.16 0.43 0.67 
5.04 -50.02 -247.07 -0.56 0.59 0.62 
11.33 -50.10 -254.58 2.20 1.50 0.61 
7.91 16.83 -242.57 0.99 0.69 0.51 
14.18 16.92 -221.49 0.64 0.25 0.67 
-0.07 8.22 -216.05 0.48 0.59 0.74 
1.39 -10.02 -250.82 -0.12 0.58 0.45 
-36.28 -35.08 -260.19 2.08 0.76 0.97 
2.34 -1.56 -239.23 1.36 0.70 0.76 
0.10 46.67 -225.00 0.47 0.33 0.61 
3.01 25.14 -228.89 -0.25 0.06 0.66 
-0.46 5.37 -232.50 -0.25 -0.03 0.66 
-10.11 1.16 -233.49 -0.97 0.50 0.40 
9.37 -10.88 -261.69 -0.88 0.36 0.33 
19.33 -50.17 -274.57 1.54 0.86 1.02 
-7.14 16.55 -269.96 0.52 0.40 1.17 
-14.72 14.28 -219.66 -0.37 0.21 0.49 
-12.67 3.73 -225.51 -0.71 0.88 0.64 
3.50 -10.90 -266.99 -0.58 0.50 0.59 
36.59 -49.85 -284.89 1.33 0.66 0.73 
-16.87 22.05 -278.05 0.67 0.15 0.77 
-5.68 -31.20 -228.20 -0.76 0.26 0.47 
-0.78 16.22 -215.32 0.90 0.48 1.40 
1.37 -1.75 -233.66 0.01 0.14 0.47 
-7.35 -8.09 -264.63 0.02 0.26 0.74 
2.28 -29.29 -288.78 1.07 0.76 0.73 
-4.70 24.32 -283.23 1.10 0.32 0.65 
9.98 18.56 -247.10 0.40 0.47 0.54 
-5.26 -1.80 -252.19 0.12 0.53 0.47 
10.81 -4.95 -281.33 -0.12 0.46 0.11 
-20.09 -39.29 -290.87 1.39 0.63 0.63 
0.19 6.45 -271.76 1.44 0.68 0.62 
5.41 1.78 -229.98 0.36 0.48 0.72 
11.27 27.56 -250.55 0.18 0.00 0.67 
-4.25 17.13 -262.87 -0.09 0.39 1.02 
-3.36 10.78 -271.79 -0.68 0.01 0.28 
4.83 -15.83 -295.56 -0.84 0.52 0.40 
31.85 -49.80 -319.27 0.86 0.81 0.63 
-21.72 14.34 -304.20 0.56 0.28 0.97 
19.11 41.93 -279.46 -0.02 0.84 0.70 
8.33 -1.42 -318.61 -0.19 0.20 0.82 
-2.81 -10.94 305.79 -0.90 0.58 0.35 
38.99 -32.49 272.79 2.21 0.90 1.11 
2.81 46.69 315.08 0.46 0.40 0.93 
-49.54 -19.15 -298.39 -1.27 1.64 -0.28 
-4.96 -7.01 316.99 -0.13 0.15 0.48 
4.23 -19.85 277.38 0.41 0.00 0.53 
-17.34 22.32 277.45 0.43 0.58 0.84 
-3.92 -6.20 245.32 -0.26 0.61 0.41 
-22.73 -29.64 226.93 1.10 1.34 1.03 
10.03 -0.78 238.05 0.78 0.23 0.64 
3.96 13.85 278.39 0.59 0.86 0.89 
1.86 7.94 281.53 -0.39 0.28 0.19 
16.95 -23.99 265.73 -0.36 0.54 0.56 
8.37 -34.28 260.25 1.77 0.80 0.80 
-9.42 21.27 270.95 1.64 0.43 0.69 
0.54 23.95 295.54 -0.46 0.00 0.17 
8.24 0.89 281.79 1.11 0.42 1.62 
-5.42 31.22 279.42 0.33 -0.18 0.90 
1.06 2.84 270.12 -0.94 0.40 0.32 
6.92 -10.73 243.48 -1.04 0.58 0.47 
20.14 -49.48 213.07 0.49 0.41 0.47 
-10.92 17.33 215.22 0.64 0.33 1.01 
-23.69 34.62 243.44 -0.21 0.15 0.73 
0.92 22.71 253.62 -0.90 0.56 0.33 
4.82 -1.90 244.14 -0.60 0.47 0.71 
-1.06 -21.65 216.79 -0.92 0.59 0.18 
32.76 -43.07 177.12 1.14 0.74 0.68 
-3.56 10.69 178.14 0.31 0.26 1.06 
-17.06 26.72 202.46 0.14 0.06 0.67 
-50.94 -4.06 258.23 -1.19 0.65 0.06 
43.69 -37.24 216.50 0.39 -0.41 1.15 
-2.32 1.56 199.74 0.32 -0.28 1.26 
-5.62 1.75 192.90 -0.22 0.45 0.50 
21.93 -27.60 168.40 0.66 0.73 0.31 
-7.02 28.93 165.42 0.95 -0.02 0.54 
3.22 26.08 177.86 0.57 0.51 0.71 
-7.11 7.82 182.35 0.08 0.74 0.66 
1.77 -13.31 154.18 -0.26 0.81 0.38 
-8.91 -38.40 139.57 1.74 1.00 0.90 
22.89 -0.19 155.30 0.82 0.62 0.71 
-16.91 46.84 164.53 0.45 0.65 0.37 
20.79 -10.57 156.19 0.06 0.65 1.01 
-10.36 29.44 144.36 0.15 0.15 1.11 
-5.97 32.73 125.73 -0.55 -0.04 0.21 
10.74 -15.89 112.79 -1.23 0.19 0.04 
23.26 -49.30 95.54 0.30 0.31 0.33 
-4.00 20.47 97.12 0.76 0.37 1.05 
-15.77 27.52 120.67 -0.28 0.13 0.64 
-3.85 15.54 129.79 -0.84 0.47 0.54 
7.53 -6.51 111.95 -0.54 0.27 0.76 
7.21 -17.62 92.66 -0.63 0.29 0.68 
3.70 -40.47 58.06 0.68 0.65 0.59 
-9.83 18.74 65.55 0.41 0.10 0.93 
-6.42 30.73 79.85 -0.28 0.25 0.51 
-40.96 -13.65 66.89 -0.56 0.20 -0.09 
-5.82 -40.93 55.44 0.54 0.20 1.49 
-0.09 -14.04 55.01 0.29 0.35 1.27 
2.78 -4.36 38.53 -0.04 0.37 0.41 
19.83 -25.93 22.12 0.74 0.83 0.59 
12.54 34.89 33.87 1.28 0.81 0.72 
-10.85 20.80 42.63 -0.03 0.22 0.51 
-1.88 -1.32 54.68 -0.15 0.34 0.73 
7.83 -2.75 43.03 -0.02 0.32 0.83 
12.68 -33.69 14.28 0.36 0.49 0.36 
-47.62 -9.56 9.88 1.83 0.56 1.09 
-24.34 36.19 15.64 0.97 0.71 0.80 
-20.37 21.64 19.54 -0.87 0.56 0.19 
27.95 -26.60 15.98 1.11 0.11 1.60 
-1.53 31.81 9.88 -0.10 0.07 0.71 
5.11 21.74 -0.70 -0.59 -0.03 0.19 
-8.75 -7.23 -4.34 -1.27 0.32 0.25 
13.58 -40.55 -30.58 -0.23 0.55 0.44 
-1.49 -52.71 -58.47 -0.57 0.38 0.80 
10.98 -26.52 -76.16 -0.80 0.25 0.37 
-4.41 -27.87 -73.03 2.54 1.02 1.56 
-11.63 31.53 -55.39 0.19 0.48 1.03 
-9.18 15.96 -49.32 -0.51 0.21 0.33 
5.79 -40.89 -53.59 0.20 0.12 0.80 
27.23 -36.66 -75.49 0.81 0.51 1.25 
-51.31 183.11 6.96 -0.57 -0.20 0.27 
-8.27 -10.62 -0.05 0.47 0.06 1.22 
17.25 -5.78 -23.09 -0.60 0.22 0.31 
-2.61 -46.16 -31.30 2.20 1.64 0.84 
23.78 26.86 -22.85 1.16 0.62 0.50 
-4.82 1.15 -6.44 -0.67 0.49 0.31 
-28.02 44.03 -4.35 1.10 0.74 0.82 
-2.52 38.68 -21.84 0.06 -0.22 0.65 
3.68 6.84 -18.30 -0.64 0.13 0.52 
4.23 -11.30 -37.04 -1.06 0.40 0.32 
-67.95 -37.56 -94.13 -1.06 0.47 0.06 
4.22 -7.05 -113.15 -0.59 0.39 0.70 
10.64 -41.76 -136.41 -0.36 0.47 0.46 
29.76 -90.29 -278.36 -0.16 0.56 0.44 
8.18 -23.34 -313.41 0.85 -0.08 1.25 
11.31 -3.70 -314.61 -0.32 -0.16 1.08 
21.03 -1.78 312.06 -0.11 0.40 0.42 
-44.77 -1.49 305.88 0.82 -0.05 1.06 
11.59 27.68 -325.34 0.69 0.21 0.64 
-18.44 12.18 -315.41 -0.06 0.57 0.34 
3.78 -3.58 320.43 0.05 0.67 0.99 
9.13 -35.10 281.36 0.05 0.74 0.26 
-38.36 -33.51 266.21 1.55 0.57 1.31 
-3.70 19.07 281.62 1.07 0.50 0.66 
-36.47 -2.82 303.64 -0.95 0.93 0.77 
-6.84 34.45 309.22 0.33 0.02 0.91 
1.62 -49.17 -305.09 1.49 0.25 1.80 
-6.52 41.49 -285.60 0.03 0.43 0.78 
-11.28 19.77 -266.07 -0.84 0.41 0.18 
20.59 -4.95 -274.99 0.07 0.71 1.35 
8.08 4.00 -302.78 -0.68 0.46 0.56 
-67.77 92.21 -161.24 -0.28 0.41 0.33 
-26.60 -47.22 -173.24 -0.18 0.93 0.68 
-5.26 -15.26 -195.84 -0.04 -0.03 0.14 
-0.45 -2.16 -192.00 0.64 0.44 1.40 
-3.33 0.98 -202.16 0.22 0.71 0.78 
7.79 -13.03 -238.91 0.47 0.38 0.62 
30.57 20.07 -244.42 0.28 0.51 0.69 
0.73 0.56 -274.52 0.59 0.38 0.86 
10.55 -3.63 -312.24 -0.17 0.16 0.29 
-21.38 -45.14 -322.51 1.11 0.73 0.71 
1.40 17.03 -310.16 1.47 0.79 0.57 
-25.75 58.58 -289.56 0.37 0.68 0.16 
21.58 -22.40 -293.91 1.26 0.86 1.68 
-23.62 37.73 -290.52 0.90 0.16 1.04 
6.65 25.16 -306.81 -0.22 -0.04 0.48 
8.64 -3.82 -323.44 -0.84 0.35 0.44 
41.01 -25.13 284.18 -0.54 0.20 0.34 
-14.82 25.28 288.36 0.60 0.07 1.32 
-14.88 26.78 -326.47 -0.14 0.50 0.72 
-20.55 4.48 -305.47 -1.03 1.21 0.39 
7.35 -1.48 -324.56 -0.02 0.32 1.06 
-1.76 -9.19 306.63 -0.72 0.63 0.66 
-14.53 -47.35 284.00 0.10 0.63 0.62 
-9.69 27.40 299.16 0.70 -0.03 0.83 
-10.76 25.95 -318.39 -0.27 0.33 0.56 
-12.51 13.74 -307.58 -0.61 1.35 0.57 
-3.12 -3.59 324.93 -0.40 0.14 0.34 
8.67 -50.49 279.14 0.66 0.14 0.40 
27.99 -2.73 294.78 0.14 0.53 0.87 
-10.19 21.61 245.27 0.03 0.37 0.17 
-40.77 -25.09 235.21 1.60 0.70 1.48 
-13.01 -2.20 -265.42 1.06 0.28 0.18 
-2.14 -0.44 -268.16 1.01 -0.01 -0.05 
10.42 27.04 -278.10 1.58 0.29 0.76 
7.04 5.57 -278.54 0.67 0.12 0.54 
10.84 0.04 -278.20 0.63 0.25 0.78 
-15.84 21.50 319.15 0.65 0.48 0.47 
-16.45 4.92 315.70 1.22 0.33 1.09 
-5.77 3.76 -325.06 0.72 0.33 0.72 
-0.45 -2.34 -327.59 0.04 0.56 0.64 
3.77 -15.83 318.85 0.41 0.76 0.71 
15.65 -48.49 300.60 1.53 1.00 0.48 
22.23 4.87 314.14 0.64 0.53 0.50 
4.58 45.70 -303.49 1.85 0.69 0.50 
-4.60 30.22 -317.88 -0.29 0.09 0.43 
1.60 28.11 324.22 0.09 0.07 1.10 
3.87 17.67 305.81 -0.83 -0.05 0.34 
13.50 -23.74 287.19 -1.09 -0.10 0.09 
16.94 -40.09 283.05 1.85 1.09 1.19 
-5.12 14.47 291.81 0.48 0.36 1.16 
-16.34 27.93 317.86 -0.40 0.09 0.53 
-11.13 -12.45 301.28 -0.72 0.00 0.59 
1.79 4.91 289.76 -1.09 0.41 0.18 
10.33 -39.72 243.63 -0.58 0.43 0.04 
13.84 8.70 251.43 0.31 0.00 1.15 
-9.71 30.58 267.90 0.23 0.29 0.90 
-46.42 -25.05 287.30 -1.40 0.51 -0.72 
29.82 -11.05 287.53 0.39 0.39 1.78 
-0.83 -3.63 275.77 -0.17 0.32 0.71 
12.28 -9.56 237.22 0.56 0.52 0.77 
-50.49 -41.07 202.41 0.96 0.58 1.15 
11.78 -22.40 218.99 0.76 0.59 0.63 
1.70 45.89 232.38 0.84 0.50 0.31 
3.55 -0.76 238.39 0.12 0.46 0.78 
1.83 0.16 225.67 0.03 0.50 0.74 
-36.59 34.28 259.33 1.44 0.56 0.60 
3.12 -0.66 286.42 0.49 0.42 0.52 
-3.33 8.00 288.30 0.74 0.71 0.83 
-7.21 36.42 269.90 0.91 0.12 1.10 
9.92 41.68 245.99 -0.17 -0.25 0.46 
2.35 4.11 239.06 -0.84 0.09 0.00 
0.05 -24.65 222.38 -1.07 0.43 0.23 
8.07 -27.88 187.51 0.02 0.21 0.53 
-3.42 -0.44 190.82 0.61 0.20 1.35 
-29.71 17.24 217.01 0.37 0.24 1.07 
10.47 28.07 231.76 -0.49 0.29 0.50 
18.58 -3.79 211.07 -0.29 0.07 0.92 
3.02 -0.13 198.23 -0.82 0.30 0.48 
2.18 -24.74 167.27 -0.62 0.33 0.39 
-16.71 -18.74 168.00 1.05 0.22 1.51 
-17.43 44.54 180.45 0.27 0.42 0.90 
-15.19 46.90 222.97 -0.47 0.66 0.14 
30.96 7.31 203.58 0.15 0.61 1.45 
-5.56 1.80 179.24 -0.38 0.07 0.27 
33.01 -36.08 174.15 -0.13 -0.13 0.22 
-4.74 -4.25 161.51 0.24 -0.15 1.56 
1.45 -4.94 157.19 0.14 0.09 1.08 
7.13 -3.77 140.52 -0.32 0.58 0.66 
-17.32 -20.31 117.79 0.86 0.44 0.91 
-5.58 -14.64 135.75 2.18 0.63 0.77 
-24.99 16.55 160.21 -0.59 0.50 0.00 
-3.49 -6.61 156.24 0.37 0.46 0.93 
3.44 -6.13 137.97 0.11 0.52 0.82 
24.39 -16.53 102.97 0.12 0.48 0.51 
11.73 17.08 102.29 0.64 0.06 0.62 
-7.83 -1.52 115.65 1.42 0.66 0.84 
-13.48 43.72 135.50 -0.08 0.70 0.18 
5.93 -10.76 129.05 0.51 0.38 1.12 
-2.15 9.72 138.14 0.43 0.61 1.46 
8.38 48.02 111.31 0.02 0.17 0.69 
8.48 0.33 85.93 -0.51 0.37 0.33 
0.37 3.00 77.80 -0.76 -0.09 0.59 
5.55 -19.48 58.82 -0.99 0.03 0.29 
14.72 -27.15 41.95 -0.03 0.34 0.44 
-4.63 12.03 43.47 0.54 0.07 1.31 
-7.56 46.07 58.66 0.34 0.19 0.72 
-9.12 35.00 61.68 -1.14 0.52 0.13 
10.97 -9.17 53.36 -0.78 0.06 0.43 
7.67 -19.02 36.83 -1.08 0.20 0.28 
10.96 -12.66 6.34 0.18 0.44 -0.05 
0.92 3.40 19.78 0.05 0.51 1.34 
-27.36 33.07 23.15 -0.06 0.09 0.48 
-51.23 -45.45 28.13 -1.72 0.30 -0.83 
-17.40 -7.80 12.56 -0.22 -0.06 0.88 
12.28 -16.51 14.58 -0.62 0.15 0.30 
2.37 3.12 10.35 0.09 0.59 0.80 
4.23 -27.73 -27.75 0.45 0.84 0.63 
-21.56 -20.47 -38.22 1.20 0.41 0.83 
6.08 -0.17 -28.18 1.25 0.66 0.72 
-3.32 25.61 2.25 -0.11 0.75 0.31 
-1.15 -4.06 2.16 0.42 0.65 0.80 
2.62 -3.86 -12.15 0.13 0.54 0.81 
17.03 -5.09 -45.90 -0.05 0.39 0.41 
-20.45 -12.14 -58.50 1.00 0.51 0.91 
4.02 -2.79 -45.74 1.06 0.77 0.88 
-11.24 37.99 -24.88 -0.92 0.51 -0.01 
3.29 -7.75 -29.18 0.69 0.72 1.20 
-7.24 9.95 -12.39 0.73 0.35 1.28 
12.83 30.56 -50.53 -0.66 0.21 0.29 
10.40 -14.33 -61.78 -0.36 0.01 0.44 
2.89 3.63 -68.01 -0.97 0.13 0.59 
20.15 -28.82 -94.61 -0.46 -0.11 0.34 
-17.19 17.51 -93.84 0.47 0.14 1.39 
-8.55 27.54 -70.24 -0.43 0.22 0.60 
-17.22 29.25 -58.69 -1.23 0.57 -0.14 
15.56 -9.83 -67.57 -0.69 0.46 0.63 
2.65 -14.79 -86.08 -0.98 0.30 0.14 
5.80 -29.43 -110.11 0.18 0.46 0.60 
3.44 20.87 -101.55 0.62 0.21 1.18 
-17.38 49.34 -93.52 -0.34 0.37 0.42 
-31.40 -26.63 -85.90 -1.42 0.41 -0.86 
-13.33 -0.42 -100.28 -0.30 0.11 0.49 
12.19 -38.97 -95.40 -0.33 0.12 -0.28 
13.37 -23.56 -93.77 0.63 1.15 2.32 
-7.72 0.67 -89.15 -0.03 0.31 0.45 
3.47 -6.51 -110.14 -0.19 0.65 0.32 
-69.65 59.67 -32.98 0.14 0.48 0.49 
1.06 -0.32 -40.17 0.32 0.55 0.65 
2.25 13.28 -74.78 -0.08 0.54 0.59 
30.04 -42.96 -87.14 0.38 0.83 1.16 
13.20 4.73 -90.43 0.61 0.26 0.92 
-0.61 -11.64 -70.45 1.45 0.68 0.84 
-8.20 3.59 -29.92 -0.24 0.85 0.63 
0.20 11.01 -51.65 0.85 0.45 1.14 
9.84 32.71 -71.67 0.28 0.29 0.98 
-9.22 23.34 -118.08 0.03 0.14 0.72 
2.99 0.82 -96.83 -0.52 -0.19 0.38 
-4.35 1.25 -108.82 -1.12 0.25 0.30 
20.13 -32.62 -112.60 -0.94 -0.11 0.21 
5.07 -15.60 -126.20 1.16 0.73 1.20 
-17.85 27.41 -114.93 0.14 0.39 0.87 
2.07 28.71 -107.27 -0.91 0.26 0.34 
20.57 -1.68 -122.65 -0.43 0.25 0.89 
5.90 2.95 -133.85 -0.89 0.21 0.43 
13.62 -31.74 -151.04 -0.97 0.47 0.33 
-39.39 -129.25 -200.17 -0.54 0.00 0.23 
-13.03 -7.41 -218.82 -0.37 -0.01 0.39 
8.48 -47.94 -240.84 0.11 -0.17 0.43 
3.71 29.16 -245.52 -0.51 -0.06 1.11 
12.08 -7.20 -251.55 -0.17 0.05 0.99 
3.68 2.89 -259.84 -0.28 0.12 0.89 
21.63 -15.91 -271.98 0.00 0.41 0.65 
-11.83 1.12 -279.51 0.54 0.31 0.85 
-14.43 -5.39 -258.83 1.55 0.81 0.96 
0.31 0.32 -228.74 -0.01 0.44 0.54 
-0.28 -1.24 -231.91 0.56 0.63 0.74 
4.10 11.71 -264.51 0.03 0.65 0.65 
2.32 -62.12 -288.45 1.86 1.77 1.47 
6.63 1.16 -283.61 0.24 0.60 0.47 
-13.74 3.26 -265.28 1.38 0.64 0.80 
-6.98 10.13 -238.60 -0.13 0.52 0.67 
-8.13 13.87 -234.26 0.68 0.65 1.42 
14.74 46.14 -283.52 -0.07 0.00 0.50 
13.39 5.26 -304.04 -0.34 -0.41 0.45 
1.01 8.91 -294.64 -0.80 -0.10 0.70 
15.58 -25.96 -308.60 -1.35 -0.07 0.18 
31.88 -48.05 -308.15 0.89 1.08 0.56 
4.82 -14.94 -273.93 0.75 0.60 1.15 
-12.51 42.59 -261.36 -0.55 0.47 0.40 
-18.81 20.43 -256.46 -1.42 0.84 -0.08 
4.36 -11.42 -261.31 -0.89 0.74 0.54 
11.59 -30.35 -300.38 -0.01 0.53 0.32 
-6.58 11.28 -291.35 0.42 -0.20 1.16 
-19.03 55.37 -282.41 -0.21 0.27 0.52 
-46.90 1.55 -253.56 -1.13 0.83 0.38 
10.54 0.12 -276.25 -0.02 0.20 1.11 
-6.05 -18.79 -293.34 -0.45 0.47 0.54 
40.55 -25.95 -311.08 -0.07 -0.22 0.77 
9.93 1.06 -310.03 0.13 0.36 1.98 
15.00 1.86 -312.80 -0.67 0.46 0.08 
20.12 -22.19 315.55 0.58 0.64 0.76 
2.89 -7.58 309.82 0.92 0.51 1.17 
-1.57 2.21 321.75 0.95 0.65 0.92 
2.39 16.61 -318.25 -0.40 0.65 0.49 
-0.76 -3.92 -322.87 0.13 0.50 0.80 
3.31 -0.91 307.16 -0.49 0.51 0.58 
22.77 -48.41 306.16 1.14 0.97 1.05 
1.72 0.98 304.31 0.65 0.44 0.72 
-2.11 15.17 317.32 1.57 0.75 0.63 
4.18 -7.33 -317.34 -0.28 0.51 0.51 
-14.67 27.51 -322.44 1.40 0.73 1.41 
6.90 33.53 315.46 -0.35 -0.11 0.68 
-0.43 16.32 296.87 0.06 0.05 0.71 
-7.16 6.21 294.52 -1.18 0.26 0.17 
17.31 -29.85 281.88 -0.78 0.27 0.43 
-0.48 -21.78 270.33 1.38 0.57 1.49 
5.44 34.88 280.38 0.20 0.45 0.84 
-14.95 35.52 290.54 -0.95 0.63 0.03 
36.20 -20.25 286.44 -0.40 0.47 0.77 
5.57 -11.01 267.38 -0.82 0.59 0.45 
15.22 -24.45 237.33 -0.43 0.23 0.46 
-13.65 17.94 240.09 0.42 -0.03 1.39 
-7.77 27.05 257.44 0.42 0.44 0.85 
-6.92 38.89 280.42 -0.57 0.67 0.36 
24.89 -17.92 258.64 -0.12 0.22 0.58 
1.78 -25.73 233.17 -0.35 -0.32 0.17 
11.74 7.69 234.04 0.70 0.61 1.75 
-1.99 4.79 228.34 -0.18 0.13 0.96 
26.02 -8.47 209.67 -0.64 0.31 0.21 
-24.32 -11.33 189.54 0.62 0.44 1.29 
-13.84 3.75 192.17 0.69 0.64 1.01 
0.21 -22.36 227.15 0.30 0.22 0.76 
7.71 2.83 227.57 0.07 0.69 0.59 
2.55 7.51 198.14 -0.06 0.60 0.67 
18.10 -28.57 172.55 0.90 1.00 0.48 
10.52 10.73 176.78 0.72 0.18 0.74 
-2.96 0.24 192.22 1.55 0.77 0.73 
-11.78 0.94 205.14 -0.33 0.47 0.38 
3.16 1.86 197.45 0.82 0.47 1.37 
-1.43 38.53 182.19 0.16 0.28 0.78 
-11.09 25.34 161.82 -0.46 -0.28 0.29 
4.59 -4.02 176.54 -0.51 0.43 0.91 
1.52 1.42 160.36 -1.14 0.33 0.17 
33.59 -46.10 153.23 -0.35 0.21 0.26 
-106.06 -123.84 128.29 -0.81 0.70 0.72 
5.70 4.52 106.04 -0.34 0.37 0.90 
11.19 -2.34 70.26 -0.75 0.06 0.57 
-10.18 -5.94 69.20 0.79 0.12 1.45 
2.67 4.65 85.60 0.07 0.40 0.94 
-4.49 29.32 106.85 -0.34 0.42 0.45 
-1.19 -36.79 59.98 -0.11 0.07 0.39 
13.85 -47.65 67.59 -0.05 0.42 0.10 
10.20 -10.72 60.08 1.39 1.01 1.27 
-6.64 5.48 60.23 0.44 0.73 0.94 
-0.85 20.81 32.98 -0.25 0.39 0.23 
-17.43 -31.88 15.45 0.88 0.95 1.17 
-2.61 -2.73 26.36 0.45 0.65 0.85 
3.72 40.79 28.23 0.63 0.24 0.55 
45.00 -12.38 -87.88 0.67 0.72 0.65 
-8.98 7.49 -82.11 0.61 -0.21 0.80 
5.12 -30.80 -56.87 1.26 0.74 0.61 
4.65 27.13 -54.65 -0.01 0.36 0.25 
-0.51 16.43 -40.88 0.10 0.76 0.55 
-1.66 20.23 -60.41 0.65 0.67 1.27 
0.60 43.56 -84.00 0.22 -0.17 0.71 
2.86 7.66 -86.31 -0.45 0.06 0.44 
8.81 -1.13 -100.44 -1.40 0.47 0.19 
21.55 -47.18 -126.30 -0.15 0.39 0.20 
-11.37 16.41 -131.57 0.55 0.16 1.13 
-10.20 25.02 -120.31 0.25 0.47 0.99 
2.32 27.38 -102.25 -0.54 0.43 0.47 
5.00 -8.74 -118.30 -0.58 0.26 0.65 
2.91 -1.17 -130.86 -0.84 0.50 0.42 
5.27 -25.43 -159.20 -0.53 0.32 0.72 
5.43 -41.84 -151.10 1.14 0.95 1.44 
-4.84 9.76 -140.10 0.23 0.65 1.00 
4.41 33.45 -140.74 -0.09 0.35 0.86 
-36.61 19.08 -96.11 -1.26 1.14 -0.18 
-1.61 -4.17 -123.25 -0.17 0.48 0.84 
-10.03 -43.50 -147.82 -0.12 0.04 0.30 
28.45 -21.46 -157.21 0.85 0.49 1.39 
-4.96 -1.41 -160.40 0.85 0.42 1.16 
5.04 12.63 -161.96 -0.20 0.64 0.53 
24.92 14.82 -194.38 0.26 0.55 0.61 
-6.56 7.00 -191.70 0.60 0.01 0.73 
2.57 -23.21 -169.59 0.83 0.49 0.68 
10.60 37.34 -161.50 0.64 0.49 0.35 
2.38 -2.85 -153.80 0.36 0.60 0.54 
-0.92 -3.28 -173.45 0.15 0.61 0.59 
22.48 -28.64 -195.11 0.85 0.58 0.78 
-16.38 -11.88 -206.04 0.81 0.22 0.70 
-2.25 -4.19 -198.37 0.89 0.63 0.68 
-2.25 24.76 -189.41 0.88 0.48 0.50 
-8.90 12.97 -168.80 -0.08 0.64 0.41 
4.67 -1.06 -174.02 0.70 0.55 1.28 
-3.58 26.20 -202.99 0.43 0.31 1.05 
-3.49 17.51 -219.08 -0.21 0.03 0.46 
0.14 -0.63 -218.76 -0.96 0.42 0.30 
4.14 -29.29 -237.65 -0.83 0.36 0.28 
23.29 -43.46 -236.38 1.45 0.90 1.03 
0.92 16.63 -227.77 0.50 0.55 1.09 
-0.33 33.08 -203.78 -0.49 0.53 0.53 
3.58 -11.71 -220.85 -0.70 0.19 0.44 
1.14 -0.34 -236.54 -0.63 0.33 0.61 
1.63 -22.07 -260.08 -0.68 0.35 0.48 
24.51 -42.15 -272.09 1.41 0.85 1.06 
-5.26 11.15 -272.17 0.27 0.50 1.01 
-53.60 -28.48 296.57 -0.33 -0.08 -0.07 
-20.58 -3.45 226.35 -1.26 1.60 -0.15 
-9.96 -8.20 241.24 0.98 0.28 0.26 
-123.89 90.53 309.71 0.23 0.18 0.92 
5.43 4.97 292.56 -0.08 0.00 0.57 
28.17 -49.74 309.41 0.68 0.42 0.76 
-4.08 -0.81 313.77 0.43 0.51 0.67 
-5.04 24.55 273.99 -0.11 0.51 0.39 
-27.55 -26.03 257.79 1.07 0.71 1.12 
-2.27 -14.47 276.05 1.63 0.91 0.57 
4.50 5.16 280.03 0.14 0.51 0.41 
0.96 -6.06 246.91 -0.12 0.98 0.23 
-36.71 -28.07 205.83 1.30 0.59 1.13 
-8.49 -6.21 229.31 1.23 0.85 0.37 
-1.51 47.15 240.79 0.36 1.07 0.44 
23.42 48.66 196.13 -0.19 -0.45 0.57 
-3.41 13.16 197.46 -0.51 -0.35 0.04 
-1.00 -0.18 204.75 -0.87 0.52 0.50 
-33.82 129.61 234.03 0.34 0.37 0.89 
13.07 35.43 252.50 -0.35 0.59 0.52 
23.59 -9.77 228.00 -0.70 0.52 0.51 
-6.76 -32.25 198.28 -0.81 0.36 0.11 
18.92 -37.44 177.29 1.81 0.82 0.97 
10.98 3.02 187.81 0.37 0.22 0.93 
-13.96 41.11 193.26 0.16 0.11 0.76 
-0.65 29.79 213.52 -0.79 0.48 0.22 
12.36 -25.53 188.94 -0.27 0.23 0.50 
5.27 -37.72 156.48 0.42 0.15 0.40 
-37.02 -23.23 139.98 -0.35 -0.48 1.55 
29.03 17.58 170.26 -0.23 0.46 0.90 
13.03 -13.92 152.80 -0.45 0.42 0.49 
32.22 -49.44 137.14 1.08 0.99 1.04 
26.47 3.61 154.73 0.47 0.42 0.62 
-17.21 9.27 156.44 1.41 0.53 0.61 
-23.99 20.79 191.76 -0.21 0.56 0.13 
4.54 -6.37 178.52 0.04 0.80 0.41 
20.31 -10.78 132.39 0.81 0.39 0.27 
-21.18 -8.22 125.30 0.98 -0.18 0.87 
2.88 0.54 137.87 1.13 0.59 0.65 
9.28 37.11 145.95 0.75 0.45 0.12 
12.79 -2.00 174.20 0.61 1.10 0.66 
-2.00 18.06 156.71 0.96 0.44 1.07 
2.49 27.55 117.82 0.37 0.11 0.83 
-6.85 7.18 136.31 -0.38 -0.15 0.50 
2.05 3.06 116.90 -0.68 0.58 0.50 
8.26 -27.22 96.16 -0.57 0.72 0.68 
15.36 -26.13 46.90 0.88 0.39 0.67 
-8.05 10.36 57.24 0.56 0.38 0.97 
-24.83 27.16 99.00 0.03 0.08 0.79 
39.30 25.41 103.23 0.02 0.67 0.64 
17.51 -2.46 66.10 -0.29 0.47 0.67 
-5.95 -18.85 40.43 -0.56 0.66 0.41 
-10.87 -32.60 -21.45 1.34 0.37 0.54 
-6.61 3.20 3.50 0.50 0.16 0.79 
-1.25 29.64 51.81 0.06 0.67 0.63 
-47.88 12.78 50.32 -0.61 1.37 0.25 
28.42 -41.15 1.05 -0.08 -0.84 0.14 
-36.00 11.87 1.25 1.11 0.70 0.86 
-5.44 8.51 -8.30 0.49 0.53 0.53 
-11.35 16.92 -26.03 -0.12 0.48 0.59 
19.35 -50.35 -51.04 1.06 0.67 0.40 
-12.32 7.38 -29.41 0.69 -0.43 0.66 
2.57 -16.77 -6.94 0.80 0.53 0.50 
6.64 27.88 12.40 0.47 0.57 0.45 
5.35 6.02 -0.20 0.29 0.79 0.45 
14.71 -13.77 -32.40 0.00 0.62 0.34 
-5.11 -49.70 -36.48 1.39 1.07 0.48 
5.45 13.44 -25.46 1.06 0.54 0.41 
4.17 18.83 -12.63 1.28 0.65 0.86 
-7.81 15.58 -5.52 0.28 0.42 0.58 
2.00 40.24 -36.58 0.23 0.29 0.92 
0.73 12.75 -38.09 -0.41 0.20 0.57 
0.67 9.10 -48.61 -0.74 0.38 0.45 
3.14 -17.00 -63.42 -0.74 0.50 0.63 
17.01 -21.23 -80.45 -0.60 0.47 0.84 
0.09 -12.40 -73.53 1.08 0.52 1.38 
-16.32 24.11 -48.74 0.17 0.44 0.98 
12.04 25.78 -34.05 -0.49 0.78 0.52 
3.53 -9.56 -56.49 -0.55 0.56 0.50 
5.92 -16.68 -84.27 -0.41 0.61 0.79 
33.89 -45.87 -93.51 1.06 0.84 0.75 
-6.26 9.71 -83.75 0.47 0.62 0.98 
-49.88 34.59 -45.43 0.69 0.58 0.73 
-18.95 16.68 -26.86 0.78 0.16 0.70 
-5.32 0.35 -4.19 0.51 0.55 0.97 
-4.58 -2.63 -22.28 0.27 0.52 0.76 
15.34 -11.79 -58.25 -0.02 0.43 0.28 
-4.76 -44.10 -76.43 1.64 1.37 1.04 
11.66 -1.64 -48.06 1.00 0.78 0.76 
15.46 45.83 -35.91 1.08 0.61 0.38 
1.12 5.41 -39.19 -0.14 0.05 0.45 
-3.05 27.65 -45.87 0.20 0.38 1.16 
9.45 4.34 -60.91 -0.26 0.25 0.77 
5.58 -6.99 -63.26 -0.95 0.42 0.46 
21.25 -34.54 -112.37 -0.27 0.53 0.44 
-14.24 22.04 -99.61 0.52 0.12 0.94 
-19.65 27.54 -80.08 -0.29 0.29 0.67 
-9.85 18.18 -66.16 -1.02 0.82 0.23 
5.65 -7.86 -77.85 -0.60 0.67 0.58 
5.90 -29.29 -103.86 -0.57 0.49 0.42 
29.03 -35.97 -139.98 1.25 0.65 0.67 
-1.40 12.22 -125.35 0.51 0.37 0.97 
-20.44 39.09 -97.54 -0.35 0.40 0.22 
-49.19 -19.21 -92.60 -0.93 0.89 0.04 
-27.66 -8.32 -122.26 0.17 0.24 -0.25 
14.62 -32.61 -110.29 1.42 0.98 2.07 
9.37 13.15 -108.65 0.67 0.49 1.03 
-1.87 -2.13 -115.34 -0.06 0.43 0.41 
30.33 -20.34 -160.51 0.75 0.85 0.06 
-13.47 -4.34 -162.58 0.97 0.03 0.69 
-7.52 -0.15 -144.64 0.88 0.55 0.63 
16.45 18.15 -124.93 0.82 0.27 0.41 
3.45 13.67 -121.67 0.58 0.51 0.38 
-4.03 -6.32 -137.55 0.32 0.59 0.59 
-1.95 -24.82 -184.94 0.79 0.71 0.13 
-29.37 6.37 -170.76 0.85 -0.35 0.64 
-10.42 -6.68 -148.65 1.18 0.53 0.54 
-3.47 34.80 -138.33 0.50 0.55 0.36 
9.56 8.88 -139.33 0.32 0.35 0.66 
-1.73 29.82 -130.24 0.31 0.46 1.01 
-1.42 21.66 -151.35 -0.36 0.01 0.43 
4.01 -2.47 -155.10 -0.62 0.25 0.57 
-2.18 -16.08 -171.83 -1.10 0.61 0.26 
35.33 -34.83 -207.81 1.26 0.52 0.87 
-14.75 16.40 -174.95 0.09 0.39 0.95 
-7.63 33.04 -159.63 -0.64 0.71 0.45 
8.96 -12.35 -175.02 -0.57 0.49 0.63 
9.08 -20.52 -203.60 -0.57 0.47 0.58 
-62.20 4.61 -85.60 -0.82 1.41 0.32 
-6.15 -8.01 -121.40 -0.02 0.06 0.12 
3.06 -47.56 -107.28 2.18 1.11 2.27 
-3.50 9.42 -106.72 0.45 0.56 0.81 
4.82 -2.56 -124.17 0.12 0.41 0.48 
11.62 0.23 -154.06 1.02 0.87 0.54 
-51.31 -24.61 -167.52 1.11 0.16 0.68 
-30.71 11.53 -156.53 1.00 0.42 0.82 
14.64 -12.86 -120.36 0.48 -0.22 0.67 
16.20 11.64 -124.40 0.50 0.20 0.71 
1.15 -4.67 -151.27 0.44 0.24 0.81 
30.24 -33.24 -185.06 0.60 0.62 0.35 
-28.38 -14.08 -188.88 0.97 0.09 0.44 
10.36 19.44 -166.19 1.19 0.46 0.44 
12.53 -10.12 -150.68 0.53 0.18 0.49 
-30.26 46.38 -140.26 0.34 0.29 0.22 
20.62 15.50 -153.86 -0.18 -0.07 0.72 
-0.70 11.30 -158.17 -0.56 0.14 0.54 
5.11 -6.26 -169.93 -0.63 0.49 0.81 
22.59 -24.67 -188.98 -0.57 0.33 0.73 
33.94 -30.80 -215.60 2.05 0.88 1.04 
-13.22 32.96 -187.18 -0.18 0.80 0.72 
-15.48 23.19 -194.96 -1.41 0.64 -0.11 
2.96 -6.56 -208.81 -0.72 0.31 0.68 
15.52 -36.13 -232.11 -0.57 0.29 0.54 
-30.12 29.92 -198.72 0.68 0.02 0.92 
-9.86 35.24 -185.38 -0.41 0.33 0.63 
-12.94 -10.92 -199.28 -0.69 0.11 0.24 
4.24 -48.86 -218.03 0.46 0.58 0.94 
26.91 9.77 -238.29 1.33 -0.17 1.74 
5.19 -4.34 -222.16 -0.20 0.54 0.72 
1.47 -12.80 -237.46 -0.30 0.37 0.34 
-8.94 -38.96 -243.48 1.81 0.88 1.22 
-0.17 -2.54 -232.35 1.02 0.40 0.76 
21.01 27.81 -220.20 0.67 0.23 0.46 
11.49 -7.42 -204.68 0.27 0.50 0.55 
-13.79 -6.63 -211.41 -0.09 0.59 0.49 
-35.09 -30.78 -201.25 1.82 0.75 1.12 
21.85 4.09 -186.21 1.61 0.62 0.94 
9.51 16.08 -174.38 -0.03 0.44 0.56 
-7.37 28.39 -186.00 0.28 0.33 0.87 
-1.97 17.82 -195.28 -0.33 -0.06 0.83 
-0.17 7.92 -194.18 -0.76 -0.03 0.50 
26.61 12.53 -237.94 -1.65 0.20 -0.18 
27.39 -49.83 -227.45 1.01 0.67 0.69 
-6.26 10.44 -217.26 0.22 0.28 1.12 
-23.84 21.90 -166.97 -0.20 0.13 0.68 
-34.41 -8.96 -153.70 -0.93 1.63 0.43 
16.14 1.89 -188.86 -0.27 0.54 0.96 
-2.30 -21.50 -208.29 -0.89 0.52 0.50 
41.32 -39.53 -248.82 3.27 0.13 1.38 
5.29 26.09 -232.92 0.20 0.23 0.92 
-19.32 4.94 -208.24 -1.13 0.99 0.23 
-20.01 10.31 -246.26 -0.01 0.06 0.01 
23.10 -48.96 -228.45 0.91 0.49 1.89 
7.35 -9.35 -226.49 0.63 0.36 1.06 
4.95 -9.34 -236.97 -0.16 0.43 0.50 
19.45 -37.32 -258.30 0.85 0.80 0.57 
-47.84 -6.35 -259.16 1.39 0.30 0.92 
-15.87 6.39 -247.72 0.90 0.50 0.72 
-30.61 17.32 -214.12 1.25 0.13 1.05 
-6.11 -2.69 -212.60 -0.23 0.29 0.46 
11.28 -5.45 -238.99 -0.13 0.32 0.70 
231.65 306.61 152.70 0.15 0.56 0.60 
-10.54 15.78 162.39 0.50 0.24 1.03 
-20.81 35.67 178.77 -0.46 0.33 0.54 
-21.93 -6.64 163.94 -1.18 0.09 -0.09 
-0.52 -1.22 154.61 -0.82 0.35 0.54 
20.94 -35.93 131.23 -0.46 0.30 0.43 
-21.91 11.93 145.96 0.35 0.10 1.18 
-10.30 36.74 160.37 -0.29 0.33 0.50 
-39.74 -27.66 166.35 -0.74 0.37 0.02 
19.91 -49.26 170.17 0.62 0.54 1.14 
-12.85 2.36 151.80 0.44 0.33 0.91 
7.47 0.96 123.89 -0.55 0.39 0.49 
7.17 -27.27 116.83 1.63 1.13 1.25 
-3.40 -21.30 138.87 0.97 0.34 0.61 
-0.31 29.92 150.92 0.44 0.39 0.61 
3.97 -4.26 157.11 0.23 0.38 0.57 
1.39 -24.47 137.07 0.38 0.42 0.37 
14.40 -39.71 113.98 1.56 0.77 0.70 
-1.18 3.09 135.31 1.41 0.50 0.66 
-4.95 20.65 140.29 0.60 0.38 0.54 
-3.93 36.64 142.77 0.46 0.13 0.75 
2.75 20.75 145.15 -0.16 -0.03 0.81 
7.39 17.14 134.79 -0.52 0.26 0.48 
9.72 -4.24 113.16 -1.18 0.48 0.33 
26.20 -44.55 85.77 0.91 0.46 1.10 
-13.84 17.54 101.45 0.40 0.02 1.08 
-2.78 24.97 137.95 -0.28 0.56 0.69 
-6.00 -15.85 116.94 -0.84 0.45 0.25 
3.34 -16.41 89.21 -0.39 0.39 0.72 
3.07 -25.30 54.77 -0.20 0.49 0.64 
65.51 -94.65 -60.50 0.09 -0.33 0.54 
24.80 -14.71 -99.27 0.05 0.23 1.23 
-14.34 -42.87 -58.57 0.78 0.68 0.96 
27.08 26.99 -86.45 0.46 0.14 0.44 
-1.52 -2.92 -105.99 -0.37 0.44 0.64 
22.28 -35.36 -111.29 1.30 1.04 0.31 
10.08 26.61 -109.28 0.95 0.67 0.48 
-1.42 21.19 -118.41 0.57 0.32 0.78 
-12.64 25.72 -108.13 0.07 0.22 0.57 
8.17 -7.05 -114.93 -0.10 0.44 0.79 
17.47 -7.37 -147.49 -0.36 0.39 0.31 
25.34 -50.48 -149.10 1.60 1.01 0.27 
11.26 18.62 -144.09 0.85 0.63 0.60 
1.24 26.15 -133.53 0.25 0.39 0.58 
-9.01 -9.44 -121.74 0.39 0.26 0.89 
1.17 13.79 -115.32 0.51 0.18 1.25 
14.32 35.56 -135.90 0.31 -0.13 0.81 
5.26 11.60 -145.55 -0.55 0.09 0.39 
9.96 -11.47 -159.58 -0.82 0.35 0.62 
27.97 -56.23 -205.94 0.46 0.37 0.62 
-2.54 17.15 -197.05 0.45 0.24 1.08 
-9.93 35.65 -181.14 -0.22 0.27 0.70 
-12.53 2.59 -173.72 -1.13 0.45 0.09 
3.13 -6.10 -188.40 -0.48 0.45 0.82 
6.84 -29.55 -207.25 -0.54 0.58 0.59 
18.21 -38.78 -224.59 1.77 0.49 1.02 
-17.12 45.27 -203.64 0.32 0.47 1.02 
-6.71 37.43 -189.80 -0.52 0.14 0.12 
-19.66 -18.88 -199.71 -0.34 0.72 0.38 
42.07 -48.45 -203.27 0.08 0.11 0.39 
-0.35 -29.59 -205.70 1.27 0.56 1.83 
-6.76 25.63 -203.89 0.35 0.40 0.86 
-2.43 -2.68 -209.99 -0.06 0.37 0.51 
12.31 -17.37 -248.10 -0.06 0.54 0.33 
-9.63 -28.31 -260.16 1.10 0.57 0.89 
-5.55 3.02 -254.38 0.86 0.62 0.73 
-9.53 35.91 -238.40 0.32 0.38 0.42 
-1.45 3.95 -235.42 -0.41 0.59 0.42 
26.73 -32.28 -263.23 -0.02 0.89 0.24 
-10.10 -23.19 -278.07 1.02 0.55 0.60 
-4.59 12.55 -265.57 1.19 0.57 0.69 
