0.05
-0.05
0.01
0.00
-0.01
-0.01
0.02
0.00
0.03
0.10
0.13
0.11
-0.11
-0.05
-0.13
-0.23
-0.19
0.13
0.21
0.07
0.11
0.08
0.03
-0.05
-0.04
0.00
-0.03
0.23
0.39
0.26
0.63
0.44
0.23
0.00
0.06
-0.01
-0.06
0.00
-0.01
-0.06
0.04
0.10
0.57
0.45
0.36
0.31
0.23
0.22
0.13
0.27
-0.10
0.00
0.01
-0.03
-0.06
0.16
0.10
0.31
0.33
0.22
0.30
0.23
0.27
0.14
0.13
0.02
0.00
0.01
-0.03
0.00
0.17
0.20
0.26
0.29
0.33
0.26
0.22
0.22
0.13
0.02
-0.02
0.00
0.00
-0.05
-0.04
-0.05
-0.09
0.28
0.21
0.28
0.36
0.09
0.09
0.03
-0.02
0.00
-0.11
0.00
-0.12
-0.17
0.26
0.19
0.01
0.45
0.19
0.24
0.21
-0.09
0.17
-0.03
-0.04
-0.01
0.01
-0.08
-0.11
-0.13
0.12
0.28
0.12
0.29
-0.03
0.14
-0.07
-0.11
-0.12
0.17
0.16
0.23
0.23
0.19
0.04
-0.04
0.12
-0.01
-0.06
-0.09
-0.09
0.12
0.21
0.25
0.24
0.41
0.10
0.18
0.16
0.00
-0.03
0.00
-0.03
-0.04
0.12
0.06
0.34
0.09
0.09
0.07
0.13
0.01
0.10
-0.11
-0.07
-0.13
-0.03
0.07
0.17
0.36
0.25
0.10
-0.05
0.07
-0.11
-0.01
-0.02
0.39
0.28
0.21
0.21
0.15
0.04
0.00
0.00
-0.07
0.00
-0.17
0.19
0.12
0.38
0.27
0.19
0.19
0.00
0.00
-0.02
0.00
-0.06
-0.04
-0.06
0.15
0.24
0.18
0.01
0.01
0.01
-0.02
0.00
0.08
0.26
0.26
0.21
0.13
0.07
0.10
0.12
-0.16
0.01
0.05
-0.01
0.29
0.18
0.18
-0.05
0.10
0.02
-0.01
0.00
0.00
0.15
0.30
0.23
0.20
0.14
0.05
0.07
-0.12
-0.02
-0.02
0.06
