-1.21 -2.60 -23.75 0.05 0.05 1.01 5 
-1.06 -2.89 -23.88 0.06 0.06 1.01 109 
-1.10 -2.51 -23.82 0.05 0.06 1.02 214 
-1.05 -2.55 -23.72 0.05 0.05 1.02 318 
-1.02 -2.40 -23.74 0.05 0.05 1.01 422 
-1.09 -2.58 -23.80 0.05 0.05 1.02 527 
-1.09 -2.48 -23.87 0.06 0.05 1.02 630 
-1.09 -2.45 -23.81 0.05 0.05 1.02 735 
-0.85 -2.61 -23.76 0.06 0.05 1.02 839 
-1.16 -2.53 -23.63 0.06 0.05 1.01 944 
-1.07 -2.41 -23.63 0.05 0.05 1.02 1048 
-1.24 -2.64 -23.76 0.05 0.05 1.01 1153 
-1.16 -2.24 -23.82 0.06 0.06 1.02 1257 
-0.89 -2.69 -23.68 0.06 0.05 1.02 1361 
-0.97 -2.53 -23.45 0.05 0.05 1.02 1465 
-1.01 -2.66 -23.95 0.05 0.05 1.03 1569 
-1.24 -2.50 -23.85 0.06 0.05 1.01 1674 
-1.04 -2.52 -23.66 0.05 0.05 1.02 1778 
-1.12 -2.43 -23.69 0.05 0.05 1.01 1883 
-0.95 -2.66 -23.69 0.05 0.05 1.02 1987 
-0.95 -2.53 -23.79 0.05 0.05 1.02 2092 
-0.92 -2.82 -23.80 0.05 0.05 1.01 2196 
-1.10 -2.43 -23.53 0.05 0.06 1.02 2300 
-0.99 -2.66 -23.62 0.05 0.05 1.02 2404 
-1.12 -2.43 -23.78 0.05 0.06 1.02 2508 
-1.13 -2.61 -23.73 0.06 0.04 1.02 2613 
-0.99 -2.50 -23.81 0.05 0.06 1.02 2717 
-1.06 -2.46 -23.79 0.06 0.05 1.02 2822 
-1.08 -2.63 -23.99 0.05 0.05 1.02 2926 
-1.15 -2.76 -23.75 0.05 0.05 1.02 3031 
-1.01 -2.73 -23.88 0.05 0.05 1.02 3135 
-1.01 -2.57 -23.67 0.05 0.05 1.01 3239 
-1.11 -2.44 -23.76 0.06 0.05 1.02 3344 
-1.02 -2.47 -23.90 0.05 0.05 1.02 3447 
-1.08 -2.64 -23.85 0.06 0.05 1.03 3552 
-1.03 -2.47 -23.77 0.05 0.06 1.02 3656 
-1.02 -2.53 -23.53 0.06 0.05 1.02 3761 
-1.24 -2.56 -23.72 0.06 0.05 1.02 3865 
-1.16 -2.49 -23.69 0.06 0.06 1.03 3970 
-1.08 -2.59 -23.68 0.06 0.05 1.02 4074 
-0.78 -2.58 -23.62 0.05 0.05 1.02 4178 
-1.08 -2.60 -23.79 0.05 0.05 1.01 4283 
-1.02 -2.47 -23.77 0.05 0.05 1.01 4386 
-1.15 -2.56 -23.78 0.06 0.05 1.02 4491 
-1.02 -2.62 -23.76 0.06 0.05 1.02 4595 
-1.02 -2.50 -23.50 0.05 0.05 1.02 4700 
-0.99 -2.63 -23.60 0.06 0.06 1.02 4804 
-1.08 -2.38 -23.93 0.05 0.05 1.03 4909 
-1.08 -2.52 -23.75 0.05 0.05 1.02 5013 
-1.05 -2.36 -23.95 0.06 0.06 1.03 5117 
-1.05 -2.77 -23.80 0.06 0.05 1.03 5222 
-1.14 -2.33 -23.68 0.05 0.05 1.02 5325 
-0.98 -2.72 -23.81 0.05 0.05 1.02 5430 
-0.98 -2.43 -23.79 0.05 0.05 1.01 5534 
-0.92 -2.01 -24.01 0.05 0.06 1.03 5639 
-2.11 -2.27 -23.63 0.06 0.06 1.02 5743 
-0.96 -2.86 -23.41 0.05 0.05 1.01 5848 
-1.16 -2.54 -23.76 0.05 0.05 1.02 5952 
-0.91 -2.47 -23.76 0.05 0.05 1.02 6056 
-1.15 -2.44 -23.66 0.05 0.05 1.02 6161 
-1.58 -1.99 -23.89 0.05 0.05 1.02 6265 
-0.88 -2.63 -23.64 0.06 0.05 1.01 6369 
-0.96 -2.56 -23.48 0.06 0.05 1.02 6473 
-1.37 -2.31 -23.77 0.06 0.06 1.02 6578 
-1.31 -2.57 -23.57 0.06 0.05 1.01 6682 
-0.92 -2.47 -23.59 0.06 0.05 1.02 6787 
-1.09 -2.50 -23.82 0.06 0.05 1.02 6891 
-1.08 -2.54 -23.82 0.06 0.05 1.02 6995 
-0.95 -2.78 -23.76 0.05 0.05 1.02 7100 
-1.15 -2.51 -23.86 0.06 0.05 1.02 7204 
-1.05 -2.43 -23.59 0.06 0.06 1.01 7309 
-1.07 -2.39 -23.87 0.05 0.05 1.02 7412 
-1.14 -2.53 -23.67 0.05 0.05 1.01 7517 
-1.14 -2.56 -23.59 0.05 0.05 1.02 7621 
-0.98 -2.51 -23.71 0.05 0.05 1.02 7726 
-1.11 -2.60 -23.68 0.06 0.05 1.02 7830 
-1.10 -2.63 -23.69 0.06 0.05 1.01 7934 
-1.09 -2.48 -23.53 0.06 0.05 1.01 8039 
-0.98 -2.72 -24.06 0.05 0.06 1.02 8143 
-0.90 -2.56 -23.79 0.05 0.06 1.01 8248 
-1.07 -2.70 -23.73 0.05 0.05 1.02 8351 
-1.11 -2.49 -23.88 0.06 0.05 1.02 8456 
-1.20 -2.47 -23.74 0.05 0.05 1.03 8560 
-0.85 -2.44 -23.62 0.05 0.05 1.02 8665 
-1.06 -2.64 -23.76 0.06 0.06 1.02 8769 
-1.24 -2.53 -23.55 0.05 0.05 1.03 8873 
-1.15 -2.47 -23.74 0.05 0.06 1.03 8978 
-1.11 -2.39 -23.73 0.06 0.05 1.02 9082 
-1.04 -2.66 -23.79 0.06 0.05 1.01 9187 
-1.11 -2.51 -23.53 0.05 0.05 1.02 9291 
-1.07 -2.62 -23.78 0.05 0.05 1.02 9395 
-1.08 -2.50 -23.65 0.05 0.05 1.02 9499 
-1.16 -2.44 -23.76 0.05 0.05 1.02 9604 
-1.05 -2.60 -23.60 0.06 0.05 1.01 9708 
-1.07 -2.50 -23.57 0.06 0.05 1.01 9812 
-1.09 -2.52 -23.78 0.06 0.05 1.02 9917 
-1.16 -2.57 -23.76 0.06 0.05 1.02 10021 
-1.03 -2.59 -23.59 0.06 0.05 1.02 10126 
-1.14 -2.52 -23.85 0.05 0.05 1.01 10230 
-1.02 -2.53 -23.71 0.06 0.05 1.03 10335 
-0.97 -2.37 -23.76 0.05 0.05 1.02 10439 
-1.18 -2.56 -23.84 0.05 0.05 1.02 10543 
-1.04 -2.62 -23.68 0.05 0.06 1.03 10647 
-0.95 -2.60 -23.68 0.05 0.05 1.02 10752 
-1.08 -2.23 -23.89 0.06 0.05 1.01 10856 
-1.02 -2.61 -23.46 0.06 0.06 1.01 10960 
-1.02 -2.54 -23.78 0.05 0.05 1.02 11065 
-1.12 -2.55 -23.65 0.06 0.05 1.02 11169 
-1.09 -2.40 -23.78 0.06 0.05 1.01 11274 
-1.02 -2.49 -23.62 0.05 0.05 1.02 11378 
-1.08 -2.39 -23.81 0.05 0.05 1.01 11483 
-1.11 -2.63 -23.77 0.06 0.05 1.03 11587 
-1.02 -2.46 -23.90 0.06 0.05 1.02 11692 
-1.05 -2.48 -23.76 0.05 0.05 1.02 11796 
-1.14 -2.15 -23.69 0.06 0.05 1.02 11900 
-1.08 -2.57 -23.60 0.05 0.05 1.01 12005 
-0.93 -2.37 -23.71 0.05 0.05 1.02 12109 
-1.11 -2.63 -23.70 0.05 0.06 1.01 12213 
-1.03 -2.37 -23.81 0.05 0.06 1.01 12317 
-1.21 -2.43 -23.60 0.05 0.05 1.02 12422 
-1.11 -2.42 -23.53 0.05 0.06 1.01 12526 
-1.06 -2.64 -23.47 0.05 0.05 1.02 12631 
-1.18 -2.65 -23.71 0.06 0.05 1.02 12735 
-1.05 -2.62 -23.70 0.06 0.05 1.02 12839 
-1.25 -2.38 -23.76 0.05 0.05 1.02 12944 
-1.01 -2.55 -23.83 0.06 0.05 1.02 13048 
-1.03 -2.35 -23.76 0.06 0.05 1.02 13153 
-1.13 -2.63 -23.68 0.05 0.05 1.02 13257 
-1.17 -2.35 -23.83 0.06 0.05 1.02 13362 
-1.03 -2.74 -23.56 0.06 0.06 1.01 13466 
-1.06 -2.44 -23.79 0.06 0.05 1.01 13571 
-1.04 -2.50 -23.68 0.06 0.05 1.02 13675 
-1.11 -2.67 -23.78 0.05 0.06 1.02 13779 
-1.05 -2.66 -23.69 0.05 0.05 1.02 13883 
-1.17 -2.47 -23.87 0.06 0.05 1.02 13987 
-1.10 -2.62 -23.55 0.05 0.05 1.01 14092 
-1.18 -2.50 -23.50 0.05 0.05 1.02 14196 
-1.23 -2.53 -23.66 0.06 0.05 1.01 14301 
-0.96 -2.41 -23.71 0.06 0.05 1.02 14405 
-1.05 -2.50 -23.90 0.05 0.05 1.02 14510 
-1.07 -2.44 -23.83 0.06 0.05 1.02 14614 
-1.11 -2.43 -23.53 0.06 0.05 1.03 14718 
-0.79 -2.45 -23.44 0.06 0.05 1.02 14823 
-1.05 -2.45 -23.98 0.05 0.05 1.03 14927 
-1.04 -2.37 -23.50 0.05 0.05 1.02 15032 
-1.13 -2.61 -23.92 0.05 0.05 1.02 15136 
-0.91 -2.44 -23.95 0.06 0.06 1.01 15241 
-1.13 -2.66 -24.05 0.06 0.05 1.03 15345 
-0.91 -2.61 -24.06 0.06 0.05 1.02 15450 
-1.15 -2.56 -23.60 0.05 0.05 1.02 15553 
-1.10 -2.42 -23.71 0.06 0.05 1.03 15657 
-1.05 -2.46 -23.78 0.05 0.05 1.02 15762 
-1.07 -2.60 -23.68 0.06 0.05 1.01 15866 
-1.18 -2.56 -23.67 0.06 0.06 1.01 15971 
-1.00 -2.53 -23.72 0.06 0.05 1.02 16075 
-1.09 -2.50 -23.86 0.06 0.05 1.02 16180 
-1.05 -2.46 -23.80 0.06 0.05 1.02 16284 
-0.98 -2.43 -23.69 0.05 0.05 1.02 16389 
-1.15 -2.50 -23.73 0.06 0.05 1.01 16493 
-1.18 -2.53 -23.77 0.05 0.06 1.03 16598 
-1.04 -2.53 -23.69 0.05 0.06 1.02 16702 
-1.19 -2.53 -23.89 0.06 0.05 1.02 16806 
-1.15 -2.61 -23.54 0.06 0.05 1.02 16911 
-1.04 -2.50 -23.77 0.05 0.05 1.02 17015 
-1.05 -2.50 -23.50 0.05 0.06 1.02 17120 
-1.04 -2.46 -23.75 0.06 0.05 1.02 17223 
-1.08 -2.67 -23.40 0.05 0.05 1.01 17328 
-1.16 -2.53 -23.92 0.05 0.06 1.02 17432 
-0.99 -2.78 -23.77 0.06 0.05 1.02 17537 
-1.16 -2.42 -23.48 0.06 0.05 1.01 17641 
-1.16 -2.49 -23.66 0.05 0.05 1.02 17745 
-1.11 -2.53 -23.87 0.06 0.05 1.02 17850 
-0.92 -2.65 -23.76 0.06 0.06 1.02 17954 
-1.01 -2.40 -23.75 0.06 0.06 1.01 18059 
-0.99 -2.37 -23.80 0.06 0.05 1.02 18163 
-1.08 -2.48 -23.83 0.06 0.05 1.01 18268 
-1.02 -2.76 -23.76 0.05 0.06 1.02 18372 
-1.05 -2.65 -23.83 0.05 0.05 1.02 18477 
-1.11 -2.56 -23.60 0.06 0.05 1.02 18581 
-1.13 -2.48 -23.76 0.06 0.06 1.03 18685 
-1.10 -2.53 -23.72 0.06 0.05 1.02 18790 
-1.06 -2.51 -23.76 0.05 0.05 1.02 18894 
-0.93 -2.85 -23.76 0.06 0.05 1.02 18998 
-1.23 -2.42 -23.62 0.06 0.05 1.02 19102 
-0.95 -2.74 -23.76 0.06 0.06 1.02 19207 
-1.16 -2.46 -23.54 0.05 0.05 1.02 19311 
-0.91 -2.56 -23.76 0.06 0.05 1.02 19416 
-1.12 -2.46 -23.80 0.05 0.05 1.02 19520 
-1.15 -2.61 -23.50 0.06 0.06 1.02 19624 
-1.09 -2.44 -23.66 0.06 0.06 1.02 19729 
-1.06 -2.73 -23.60 0.05 0.05 1.02 19833 
-1.22 -2.40 -23.77 0.05 0.05 1.02 19938 
-0.91 -2.63 -23.73 0.06 0.05 1.01 20042 
-1.07 -2.53 -23.66 0.06 0.06 1.02 20147 
-1.05 -2.56 -23.63 0.06 0.06 1.01 20251 
-1.15 -2.33 -23.77 0.06 0.05 1.02 20356 
-0.98 -2.44 -23.58 0.05 0.05 1.02 20460 
-1.17 -2.47 -24.02 0.05 0.05 1.01 20564 
-0.99 -2.61 -23.88 0.06 0.05 1.01 20668 
-0.97 -2.66 -23.56 0.06 0.05 1.02 20772 
-1.16 -2.66 -23.83 0.05 0.05 1.02 20877 
-1.15 -2.40 -23.85 0.06 0.05 1.02 20981 
-1.09 -2.53 -23.67 0.05 0.05 1.02 21086 
-1.21 -2.34 -23.64 0.06 0.05 1.02 21190 
-1.05 -2.62 -23.85 0.05 0.06 1.02 21295 
-1.23 -2.43 -23.89 0.06 0.05 1.02 21399 
-1.03 -2.65 -23.75 0.05 0.05 1.02 21504 
-1.08 -2.50 -23.69 0.06 0.05 1.01 21608 
-1.12 -2.57 -23.82 0.05 0.05 1.02 21712 
-1.11 -2.47 -23.74 0.06 0.05 1.02 21817 
-1.26 -2.58 -23.60 0.06 0.05 1.01 21921 
-0.98 -2.63 -23.78 0.06 0.06 1.01 22026 
-1.01 -2.59 -23.59 0.06 0.05 1.02 22130 
-1.10 -2.34 -23.77 0.06 0.05 1.02 22235 
-1.12 -2.60 -23.76 0.05 0.06 1.02 22338 
-1.18 -2.21 -23.89 0.05 0.05 1.01 22443 
-1.04 -2.72 -23.71 0.06 0.05 1.03 22547 
-1.02 -2.36 -23.66 0.06 0.05 1.02 22651 
-1.05 -2.44 -23.57 0.05 0.05 1.02 22756 
-0.99 -2.40 -23.37 0.06 0.05 1.01 22860 
-0.96 -2.42 -23.89 0.05 0.05 1.01 22965 
-0.98 -2.40 -23.87 0.05 0.05 1.01 23069 
-1.16 -2.31 -23.70 0.06 0.05 1.02 23174 
-1.27 -2.53 -23.82 0.05 0.05 1.02 23278 
-1.11 -2.63 -23.60 0.05 0.05 1.02 23383 
-1.02 -2.56 -23.63 0.05 0.05 1.02 23487 
-1.18 -2.51 -23.75 0.06 0.05 1.02 23591 
-0.96 -2.42 -23.84 0.05 0.05 1.02 23696 
-1.05 -2.63 -23.84 0.06 0.06 1.01 23800 
-1.12 -2.56 -23.54 0.05 0.05 1.01 23905 
-1.16 -2.51 -23.79 0.05 0.05 1.03 24009 
-1.02 -2.35 -23.61 0.06 0.05 1.02 24113 
-1.16 -2.70 -23.67 0.06 0.06 1.02 24217 
-0.94 -2.56 -23.84 0.06 0.05 1.01 24322 
-0.89 -2.54 -23.81 0.05 0.05 1.02 24426 
-1.15 -2.53 -23.91 0.05 0.06 1.02 24530 
-1.02 -2.56 -23.69 0.06 0.05 1.02 24635 
-1.17 -2.63 -23.69 0.06 0.05 1.02 24739 
-1.10 -2.56 -23.71 0.05 0.05 1.02 24844 
-1.10 -2.49 -23.76 0.06 0.05 1.02 24948 
-1.06 -2.50 -23.58 0.05 0.05 1.02 25053 
-0.95 -2.47 -23.67 0.05 0.05 1.02 25157 
-1.10 -2.56 -23.91 0.06 0.05 1.01 25262 
-0.96 -2.40 -23.67 0.05 0.05 1.02 25366 
-1.22 -2.34 -23.65 0.06 0.05 1.02 25470 
-1.03 -2.63 -23.82 0.05 0.05 1.02 25575 
-1.24 -2.37 -23.69 0.06 0.05 1.03 25679 
-0.95 -2.46 -23.44 0.05 0.05 1.02 25783 
-1.07 -2.36 -23.73 0.05 0.06 1.01 25887 
-1.15 -2.55 -24.18 0.05 0.05 1.02 25992 
-1.18 -2.43 -23.90 0.05 0.05 1.02 26096 
-1.11 -2.71 -23.76 0.05 0.05 1.02 26201 
-1.31 -2.28 -23.86 0.06 0.05 1.02 26305 
-1.10 -2.56 -23.62 0.05 0.05 1.02 26409 
-1.02 -2.59 -23.62 0.06 0.05 1.02 26514 
-1.02 -2.56 -23.66 0.05 0.05 1.02 26618 
-1.23 -2.58 -23.68 0.05 0.05 1.02 26723 
-0.91 -2.58 -23.73 0.06 0.05 1.01 26827 
-1.20 -2.37 -23.97 0.05 0.05 1.02 26932 
-1.02 -2.66 -23.51 0.06 0.05 1.01 27036 
-1.00 -2.44 -23.82 0.06 0.05 1.02 27141 
-1.19 -2.48 -23.97 0.05 0.05 1.01 27245 
-1.15 -2.42 -23.88 0.06 0.05 1.02 27350 
-1.19 -2.73 -23.71 0.05 0.05 1.02 27454 
-1.15 -2.37 -23.69 0.06 0.05 1.01 27557 
-1.00 -2.66 -23.64 0.05 0.05 1.01 27662 
-1.19 -2.37 -23.56 0.05 0.06 1.02 27766 
-1.12 -2.59 -23.84 0.05 0.05 1.02 27871 
-1.00 -2.50 -23.73 0.06 0.05 1.03 27975 
-0.98 -2.73 -23.62 0.06 0.05 1.02 28080 
-1.08 -2.50 -23.73 0.06 0.05 1.02 28184 
-0.95 -2.52 -23.82 0.05 0.05 1.02 28289 
-1.04 -2.50 -23.84 0.06 0.05 1.02 28393 
-0.94 -2.59 -23.81 0.05 0.05 1.01 28497 
-1.21 -2.53 -23.58 0.06 0.05 1.02 28602 
-1.04 -2.52 -23.73 0.05 0.05 1.02 28706 
-0.97 -2.62 -23.81 0.06 0.05 1.02 28811 
-1.17 -2.69 -23.69 0.06 0.06 1.02 28915 
-1.15 -2.47 -23.69 0.05 0.05 1.02 29020 
-0.97 -2.69 -23.76 0.05 0.05 1.02 29124 
-1.27 -2.53 -23.82 0.05 0.06 1.02 29228 
-1.08 -2.45 -23.76 0.06 0.05 1.02 29332 
-1.05 -2.50 -23.63 0.06 0.05 1.01 29436 
-0.84 -2.58 -23.75 0.06 0.06 1.02 29541 
-0.90 -2.31 -23.48 0.06 0.05 1.01 29645 
-1.07 -2.56 -23.97 0.05 0.05 1.02 29750 
-1.21 -2.44 -23.76 0.06 0.05 1.01 29854 
-0.98 -2.56 -23.60 0.06 0.06 1.03 29959 
-0.96 -2.49 -23.76 0.06 0.05 1.02 30063 
-1.07 -2.61 -23.90 0.06 0.05 1.02 30168 
-1.13 -2.56 -23.64 0.05 0.05 1.02 30272 
-1.16 -2.63 -23.83 0.05 0.06 1.02 30376 
-1.17 -2.53 -23.62 0.06 0.05 1.02 30481 
-1.11 -2.71 -23.69 0.05 0.05 1.02 30585 
-1.06 -2.45 -23.93 0.05 0.05 1.01 30690 
-1.01 -2.34 -23.63 0.06 0.05 1.02 30794 
-1.15 -2.32 -23.90 0.06 0.05 1.02 30898 
-1.07 -2.54 -23.82 0.05 0.05 1.02 31002 
-1.16 -2.75 -23.70 0.06 0.05 1.01 31107 
-1.05 -2.50 -23.65 0.06 0.05 1.02 31211 
-0.99 -2.47 -23.79 0.06 0.05 1.02 31315 
-1.14 -2.56 -23.82 0.06 0.06 1.02 31420 
-1.08 -2.39 -23.75 0.05 0.05 1.02 31524 
-1.11 -2.56 -23.73 0.06 0.05 1.02 31629 
-1.05 -2.47 -23.58 0.06 0.05 1.02 31733 
-1.07 -2.64 -23.82 0.06 0.05 1.02 31838 
-1.11 -2.63 -23.76 0.06 0.05 1.03 31942 
-1.11 -2.56 -23.79 0.06 0.05 1.02 32047 
-1.03 -2.50 -23.84 0.06 0.05 1.02 32151 
-0.89 -2.42 -23.53 0.05 0.05 1.02 32256 
-0.99 -2.62 -23.66 0.06 0.05 1.02 32360 
-0.99 -2.49 -23.69 0.06 0.05 1.01 32464 
-1.13 -2.47 -23.70 0.05 0.05 1.02 32568 
-1.19 -2.50 -23.78 0.05 0.05 1.01 32672 
-1.05 -2.38 -23.79 0.06 0.05 1.02 32777 
-0.84 -2.47 -23.79 0.05 0.05 1.02 32881 
-0.98 -2.53 -23.50 0.05 0.05 1.02 32986 
-1.11 -2.51 -23.50 0.05 0.05 1.03 33090 
-1.13 -2.63 -23.82 0.06 0.05 1.02 33195 
-0.99 -2.53 -23.94 0.06 0.05 1.03 33299 
-1.20 -2.48 -24.12 0.05 0.05 1.02 33403 
-0.89 -2.51 -23.68 0.06 0.05 1.02 33508 
-0.89 -2.58 -23.58 0.05 0.05 1.01 33612 
-1.14 -2.55 -23.78 0.05 0.06 1.01 33717 
-1.10 -2.56 -23.39 0.05 0.05 1.03 33821 
-1.01 -2.32 -23.63 0.06 0.05 1.01 33926 
-1.19 -2.54 -23.69 0.06 0.05 1.02 34030 
-1.02 -2.40 -23.65 0.05 0.05 1.02 34135 
-1.02 -2.53 -23.66 0.06 0.06 1.01 34238 
-0.95 -2.32 -23.69 0.06 0.06 1.02 34342 
-1.00 -2.47 -23.65 0.05 0.05 1.02 34447 
-1.26 -2.52 -23.81 0.06 0.05 1.02 34551 
-1.02 -2.61 -23.85 0.05 0.05 1.01 34656 
-0.95 -2.44 -23.79 0.05 0.06 1.02 34760 
-1.02 -2.53 -23.70 0.05 0.06 1.02 34865 
-1.15 -2.33 -23.83 0.05 0.05 1.01 34969 
-1.02 -2.51 -23.73 0.05 0.05 1.01 35074 
-0.98 -2.44 -23.85 0.06 0.04 1.02 35178 
-1.10 -2.56 -23.58 0.05 0.05 1.02 35282 
-1.03 -2.56 -23.69 0.05 0.05 1.01 35387 
-1.11 -2.56 -23.51 0.06 0.05 1.01 35491 
-1.07 -2.63 -23.88 0.06 0.05 1.02 35596 
-0.99 -2.63 -23.82 0.06 0.05 1.02 35700 
-1.15 -2.48 -23.60 0.05 0.05 1.02 35805 
-1.09 -2.52 -23.83 0.06 0.05 1.02 35908 
-1.11 -2.42 -23.76 0.05 0.06 1.02 36013 
-0.85 -2.50 -23.85 0.06 0.05 1.02 36117 
-1.18 -2.40 -23.79 0.05 0.05 1.02 36221 
-1.08 -2.74 -23.82 0.05 0.05 1.02 36326 
-1.06 -2.50 -23.94 0.06 0.05 1.02 36430 
-1.03 -2.47 -23.76 0.06 0.05 1.02 36535 
-1.11 -2.29 -23.80 0.05 0.05 1.02 36639 
-1.13 -2.61 -23.66 0.05 0.05 1.02 36744 
-0.95 -2.44 -23.52 0.05 0.05 1.02 36848 
-1.09 -2.65 -23.83 0.05 0.05 1.01 36953 
-0.97 -2.34 -23.54 0.05 0.05 1.01 37057 
-1.25 -2.60 -23.69 0.06 0.06 1.01 37161 
-1.10 -2.52 -23.73 0.06 0.05 1.02 37266 
-0.89 -2.65 -23.61 0.05 0.06 1.02 37370 
-1.05 -2.43 -23.86 0.06 0.06 1.02 37475 
-1.16 -2.47 -23.88 0.05 0.06 1.03 37578 
-1.15 -2.52 -23.58 0.06 0.06 1.01 37683 
-1.06 -2.64 -23.94 0.05 0.06 1.02 37787 
-1.05 -2.60 -23.74 0.05 0.05 1.03 37892 
-1.07 -2.31 -23.74 0.06 0.06 1.02 37996 
-0.94 -2.66 -23.77 0.06 0.05 1.02 38100 
-1.05 -2.37 -23.84 0.05 0.05 1.02 38205 
-1.11 -2.47 -23.60 0.06 0.05 1.00 38309 
-1.05 -2.53 -23.67 0.06 0.05 1.02 38414 
-1.21 -2.56 -23.73 0.06 0.05 1.02 38518 
-1.08 -2.48 -23.82 0.05 0.05 1.02 38623 
-1.11 -2.61 -23.70 0.06 0.05 1.01 38727 
-1.07 -2.66 -23.49 0.06 0.06 1.03 38832 
-1.06 -2.38 -23.80 0.06 0.05 1.02 38936 
-1.13 -2.40 -23.85 0.05 0.05 1.02 39041 
-1.04 -2.38 -23.81 0.06 0.05 1.02 39145 
-1.05 -2.69 -23.63 0.06 0.05 1.00 39248 
-1.11 -2.36 -23.73 0.06 0.05 1.01 39353 
-0.99 -2.45 -23.78 0.05 0.05 1.02 39457 
-0.98 -2.56 -23.73 0.06 0.05 1.02 39562 
-1.13 -2.42 -23.76 0.05 0.05 1.03 39666 
-1.06 -2.56 -23.87 0.06 0.05 1.02 39771 
-1.11 -2.43 -23.89 0.05 0.05 1.01 39875 
-0.97 -2.44 -23.65 0.05 0.05 1.01 39980 
-1.13 -2.57 -23.76 0.06 0.05 1.02 40084 
-1.11 -2.67 -23.76 0.05 0.05 1.02 40188 
-0.95 -2.58 -23.89 0.05 0.05 1.02 40293 
-1.11 -2.51 -23.64 0.06 0.05 1.02 40397 
-0.99 -2.35 -23.63 0.06 0.05 1.02 40502 
-1.09 -2.63 -23.89 0.06 0.06 1.02 40606 
-1.09 -2.38 -23.69 0.05 0.05 1.02 40711 
-0.98 -2.73 -23.86 0.06 0.05 1.01 40815 
-1.08 -2.35 -23.76 0.05 0.05 1.02 40919 
-0.95 -2.44 -23.72 0.05 0.05 1.02 41023 
-1.09 -2.60 -23.65 0.06 0.05 1.02 41127 
-0.98 -2.48 -23.75 0.06 0.05 1.02 41232 
-0.95 -2.44 -23.61 0.06 0.05 1.01 41336 
-0.85 -2.56 -23.59 0.06 0.06 1.01 41441 
-1.19 -2.40 -23.98 0.06 0.05 1.02 41545 
-1.00 -2.41 -23.73 0.05 0.05 1.02 41650 
-1.09 -2.55 -23.93 0.06 0.05 1.02 41754 
-1.10 -2.60 -23.75 0.06 0.05 1.02 41859 
-1.14 -2.46 -23.79 0.06 0.05 1.02 41963 
-1.09 -2.64 -23.93 0.06 0.05 1.01 42067 
-1.06 -2.41 -23.83 0.06 0.05 1.01 42172 
-1.23 -2.47 -23.61 0.06 0.05 1.02 42276 
-1.09 -2.46 -23.70 0.05 0.05 1.02 42381 
-1.12 -2.60 -24.02 0.05 0.06 1.02 42485 
-1.11 -2.50 -23.92 0.06 0.06 1.02 42589 
-1.15 -2.52 -23.75 0.06 0.06 1.01 42693 
-1.10 -2.41 -23.87 0.06 0.06 1.03 42798 
-0.99 -2.30 -23.76 0.05 0.05 1.01 42902 
-1.13 -2.50 -23.82 0.06 0.05 1.02 43006 
-0.91 -2.65 -23.85 0.05 0.05 1.02 43111 
-1.09 -2.57 -23.64 0.06 0.05 1.03 43215 
-0.96 -2.66 -23.76 0.05 0.05 1.02 43320 
-1.16 -2.59 -23.47 0.05 0.06 1.02 43424 
-0.95 -2.50 -23.74 0.06 0.05 1.02 43529 
-1.21 -2.46 -23.58 0.06 0.05 1.02 43633 
-0.98 -2.50 -23.91 0.06 0.05 1.02 43738 
-1.25 -2.37 -23.77 0.05 0.05 1.01 43842 
-1.03 -2.49 -23.97 0.05 0.06 1.02 43947 
-1.18 -2.59 -23.85 0.05 0.05 1.02 44051 
-1.02 -2.47 -23.92 0.05 0.05 1.02 44155 
-1.18 -2.56 -23.92 0.06 0.05 1.02 44259 
-0.92 -2.28 -23.78 0.05 0.05 1.02 44363 
-1.05 -2.33 -23.75 0.06 0.05 1.02 44468 
-1.06 -2.66 -23.73 0.05 0.05 1.02 44572 
-1.05 -2.51 -23.85 0.05 0.05 1.02 44677 
-0.85 -2.66 -23.95 0.05 0.05 1.02 44781 
-1.11 -2.56 -23.76 0.05 0.05 1.02 44886 
-1.15 -2.50 -23.65 0.05 0.06 1.02 44990 
-0.98 -2.61 -23.79 0.06 0.05 1.02 45094 
-1.11 -2.53 -23.57 0.05 0.05 1.02 45199 
-0.96 -2.52 -23.67 0.06 0.05 1.02 45303 
-0.97 -2.66 -23.87 0.05 0.06 1.02 45408 
-1.04 -2.42 -23.99 0.06 0.05 1.02 45512 
-1.05 -2.57 -23.83 0.05 0.05 1.02 45617 
-1.05 -2.41 -23.76 0.06 0.06 1.02 45721 
-1.05 -2.66 -23.85 0.05 0.05 1.01 45826 
-1.01 -2.70 -23.83 0.06 0.06 1.02 45929 
-1.17 -2.43 -23.82 0.05 0.06 1.02 46033 
-1.16 -2.49 -23.80 0.06 0.06 1.02 46138 
-0.97 -2.56 -23.79 0.05 0.06 1.02 46242 
-1.08 -2.52 -23.83 0.06 0.05 1.03 46347 
-1.18 -2.53 -23.91 0.05 0.05 1.02 46451 
-1.02 -2.66 -23.89 0.06 0.05 1.01 46556 
-0.97 -2.62 -23.76 0.05 0.06 1.02 46660 
-1.18 -2.82 -23.57 0.06 0.05 1.02 46765 
-1.15 -2.41 -23.72 0.06 0.05 1.02 46869 
-1.02 -2.45 -23.70 0.06 0.05 1.02 46973 
-1.18 -2.58 -23.89 0.05 0.05 1.02 47078 
-1.10 -2.34 -23.66 0.05 0.05 1.02 47182 
-1.12 -2.51 -23.71 0.05 0.06 1.01 47287 
-1.12 -2.56 -23.95 0.06 0.05 1.02 47391 
-0.98 -2.57 -23.94 0.05 0.05 1.02 47496 
-1.03 -2.58 -23.60 0.06 0.05 1.02 47600 
-1.00 -2.52 -23.73 0.06 0.05 1.01 47704 
-1.02 -2.61 -23.66 0.05 0.05 1.02 47808 
-0.99 -2.46 -23.98 0.05 0.06 1.02 47912 
-1.14 -2.55 -23.82 0.06 0.05 1.03 48017 
-1.08 -2.38 -23.75 0.06 0.05 1.02 48121 
-1.11 -2.38 -23.66 0.05 0.05 1.03 48226 
-1.05 -2.53 -23.90 0.05 0.05 1.02 48330 
-1.22 -2.73 -23.53 0.05 0.05 1.01 48435 
-1.08 -2.47 -23.78 0.05 0.05 1.02 48539 
-1.11 -2.55 -23.59 0.05 0.05 1.02 48644 
-0.99 -2.53 -23.78 0.06 0.05 1.02 48748 
-1.06 -2.56 -23.73 0.05 0.05 1.01 48852 
-0.97 -2.41 -23.75 0.05 0.05 1.02 48957 
-1.15 -2.53 -23.79 0.05 0.05 1.02 49061 
-1.24 -2.31 -23.66 0.06 0.05 1.02 49166 
-1.16 -2.45 -23.69 0.05 0.05 1.02 49270 
-1.05 -2.41 -23.82 0.05 0.05 1.02 49374 
-1.14 -2.40 -23.89 0.06 0.06 1.01 49478 
-1.17 -2.42 -23.72 0.05 0.05 1.02 49583 
-1.13 -2.52 -23.76 0.05 0.05 1.01 49687 
-1.11 -2.35 -23.62 0.05 0.05 1.03 49792 
-1.08 -2.33 -23.60 0.05 0.06 1.02 49896 
-1.34 -2.47 -23.59 0.06 0.05 1.03 50000 
-1.05 -2.58 -23.73 0.06 0.05 1.01 50105 
-1.19 -2.41 -23.66 0.06 0.04 1.01 50209 
-1.05 -2.66 -23.90 0.06 0.05 1.01 50314 
-1.10 -2.50 -23.82 0.06 0.05 1.02 50418 
-1.05 -2.66 -23.73 0.05 0.05 1.02 50523 
-1.22 -2.47 -23.67 0.06 0.05 1.02 50627 
-1.17 -2.41 -23.66 0.06 0.05 1.01 50732 
-1.07 -2.31 -23.67 0.06 0.05 1.02 50836 
-1.03 -2.54 -23.85 0.05 0.05 1.02 50940 
-1.11 -2.58 -23.75 0.06 0.05 1.02 51045 
-1.04 -2.56 -23.92 0.06 0.05 1.02 51148 
-1.11 -2.41 -23.80 0.05 0.05 1.03 51253 
-1.02 -2.52 -23.79 0.06 0.05 1.02 51357 
-1.28 -2.54 -23.71 0.05 0.05 1.02 51462 
-1.09 -2.37 -23.73 0.05 0.06 1.02 51566 
-1.02 -2.49 -23.93 0.05 0.05 1.01 51671 
-0.98 -2.62 -23.82 0.06 0.05 1.02 51775 
-1.08 -2.55 -23.67 0.06 0.05 1.01 51879 
-1.04 -2.64 -23.60 0.05 0.05 1.03 51984 
-1.20 -2.40 -23.73 0.05 0.05 1.01 52088 
-0.99 -2.69 -23.66 0.05 0.05 1.02 52193 
-1.28 -2.50 -23.56 0.06 0.05 1.02 52297 
-1.14 -2.61 -23.70 0.05 0.05 1.02 52402 
-0.98 -2.48 -23.89 0.06 0.06 1.02 52506 
-1.13 -2.58 -23.86 0.05 0.05 1.02 52611 
-1.05 -2.59 -23.69 0.06 0.05 1.02 52715 
-0.94 -2.55 -23.80 0.05 0.05 1.02 52818 
-1.24 -2.43 -23.66 0.05 0.05 1.02 52923 
-1.02 -2.65 -23.72 0.05 0.05 1.01 53027 
-1.19 -2.60 -23.79 0.05 0.05 1.03 53132 
-1.25 -2.80 -23.66 0.05 0.05 1.02 53236 
-1.08 -2.28 -23.79 0.05 0.05 1.02 53341 
-1.19 -2.53 -23.84 0.05 0.05 1.01 53445 
-1.15 -2.65 -23.82 0.05 0.05 1.01 53550 
-1.07 -2.61 -23.86 0.05 0.05 1.03 53654 
-1.06 -2.32 -23.57 0.05 0.05 1.02 53758 
-0.98 -2.46 -23.83 0.05 0.05 1.01 53863 
-1.11 -2.45 -23.92 0.05 0.05 1.02 53967 
-1.05 -2.60 -23.84 0.05 0.05 1.02 54072 
-1.12 -2.63 -23.76 0.06 0.05 1.02 54176 
-1.06 -2.75 -23.66 0.05 0.05 1.01 54281 
-0.96 -2.44 -23.66 0.05 0.05 1.02 54385 
-1.17 -2.60 -23.82 0.05 0.05 1.02 54489 
-1.05 -2.45 -23.66 0.07 0.06 1.02 54593 
-1.08 -2.45 -23.60 0.05 0.05 1.02 54697 
-0.98 -2.37 -23.79 0.06 0.05 1.01 54802 
-1.10 -2.63 -23.73 0.06 0.05 1.02 54906 
-1.01 -2.58 -23.61 0.06 0.05 1.02 55011 
-1.24 -2.49 -23.65 0.06 0.05 1.02 55115 
-0.98 -2.53 -23.68 0.05 0.05 1.01 55220 
-1.03 -2.47 -23.51 0.05 0.05 1.01 55324 
-1.07 -2.49 -23.82 0.06 0.05 1.02 55429 
-0.97 -2.60 -23.98 0.05 0.06 1.01 55533 
-1.16 -2.62 -23.75 0.06 0.05 1.01 55638 
-1.05 -2.47 -23.89 0.06 0.06 1.01 55742 
-1.19 -2.60 -23.70 0.05 0.05 1.02 55846 
-1.11 -2.41 -23.88 0.05 0.06 1.02 55951 
-1.06 -2.47 -23.70 0.06 0.05 1.02 56055 
-1.19 -2.66 -23.72 0.06 0.05 1.01 56159 
-0.90 -2.69 -23.59 0.05 0.05 1.03 56263 
-1.07 -2.42 -23.82 0.05 0.06 1.02 56368 
-1.06 -2.50 -23.63 0.05 0.06 1.02 56472 
-1.11 -2.56 -23.59 0.06 0.05 1.03 56577 
-0.96 -2.68 -23.71 0.05 0.05 1.01 56681 
-1.04 -2.45 -23.68 0.06 0.05 1.02 56785 
-1.04 -2.66 -23.35 0.05 0.05 1.02 56890 
-1.11 -2.56 -23.76 0.05 0.05 1.03 56994 
-1.11 -2.49 -23.92 0.05 0.05 1.02 57099 
-1.11 -2.50 -23.61 0.05 0.05 1.01 57203 
-1.06 -2.51 -23.70 0.05 0.05 1.02 57308 
-1.18 -2.44 -23.87 0.06 0.05 1.01 57412 
-0.98 -2.73 -23.95 0.06 0.05 1.01 57517 
-1.21 -2.31 -24.03 0.06 0.06 1.02 57621 
-1.13 -2.60 -23.75 0.05 0.05 1.02 57725 
-1.20 -2.33 -23.60 0.05 0.05 1.01 57829 
-1.02 -2.70 -23.67 0.06 0.05 1.03 57933 
-1.13 -2.52 -23.69 0.05 0.06 1.02 58038 
-1.00 -2.66 -23.83 0.05 0.05 1.02 58142 
-1.03 -2.36 -23.75 0.06 0.06 1.02 58247 
-0.94 -2.53 -23.63 0.05 0.05 1.02 58351 
-0.94 -2.50 -23.94 0.05 0.05 1.02 58456 
-1.11 -2.55 -23.71 0.06 0.05 1.02 58560 
-1.08 -2.56 -23.84 0.05 0.05 1.02 58664 
-0.88 -2.55 -23.73 0.05 0.06 1.01 58769 
-1.20 -2.44 -23.66 0.06 0.05 1.02 58873 
-1.15 -2.63 -23.74 0.05 0.05 1.02 58978 
-1.13 -2.41 -23.67 0.06 0.05 1.02 59082 
-1.02 -2.36 -23.52 0.06 0.05 1.01 59187 
-1.17 -2.49 -23.96 0.06 0.06 1.01 59291 
-1.26 -2.81 -23.81 0.05 0.06 1.02 59396 
-1.11 -2.50 -23.63 0.05 0.06 1.02 59500 
-1.02 -2.55 -23.78 0.05 0.05 1.02 59603 
-1.21 -2.34 -23.64 0.05 0.06 1.02 59708 
-1.13 -2.65 -23.67 0.06 0.05 1.02 59812 
-1.10 -2.56 -23.76 0.05 0.05 1.02 59917 
-1.17 -2.63 -23.73 0.06 0.05 1.02 60021