0.76 -1.27 -23.34 1.01 -0.20 0.28 5 
1.20 -1.80 -22.20 1.02 -0.18 0.28 109 
0.54 -3.33 -25.02 1.01 -0.19 0.28 214 
1.49 -2.95 -23.47 1.01 -0.20 0.29 318 
0.68 -3.20 -23.53 1.01 -0.19 0.28 422 
-1.70 -3.27 -23.80 1.01 -0.19 0.29 527 
-2.85 -2.39 -22.98 1.01 -0.19 0.28 631 
-2.04 -2.44 -23.42 1.01 -0.20 0.28 735 
-2.81 -2.53 -23.85 1.01 -0.19 0.29 839 
-3.33 -1.31 -23.95 1.01 -0.20 0.29 944 
-0.40 -1.42 -23.93 1.02 -0.20 0.30 1048 
-0.89 -1.11 -24.07 1.01 -0.20 0.29 1153 
-4.73 -0.70 -23.24 1.01 -0.18 0.29 1257 
-5.29 -0.79 -22.70 1.01 -0.20 0.29 1361 
2.25 -2.38 -24.25 1.00 -0.20 0.30 1466 
-0.92 -3.30 -24.89 1.01 -0.19 0.29 1570 
0.27 -3.10 -25.03 1.01 -0.20 0.30 1674 
-0.98 -2.73 -23.45 1.00 -0.20 0.29 1778 
-2.56 -3.67 -24.26 1.01 -0.20 0.29 1883 
-0.53 -3.21 -23.50 1.02 -0.19 0.30 1987 
-0.47 -2.67 -22.89 1.01 -0.19 0.29 2092 
1.53 -3.66 -24.27 1.01 -0.18 0.28 2196 
1.27 -3.00 -23.53 1.01 -0.20 0.29 2300 
1.85 -3.47 -24.11 1.00 -0.19 0.29 2405 
2.27 -2.71 -23.86 1.01 -0.19 0.27 2509 
-0.85 -2.98 -23.96 1.01 -0.19 0.28 2614 
-1.23 -3.16 -23.11 1.01 -0.19 0.28 2718 
-0.67 -3.23 -23.62 1.02 -0.19 0.30 2822 
-1.98 -2.68 -22.95 1.02 -0.19 0.28 2926 
-3.02 -2.53 -23.18 1.01 -0.19 0.27 3031 
0.67 -2.70 -22.58 1.01 -0.21 0.28 3135 
1.04 -2.25 -22.87 1.02 -0.19 0.28 3239 
-0.75 -1.89 -23.68 1.02 -0.20 0.29 3344 
-0.03 -2.63 -23.31 1.01 -0.19 0.28 3448 
-3.32 -2.38 -23.50 1.01 -0.19 0.28 3553 
-1.73 -2.02 -24.05 1.02 -0.19 0.29 3657 
-0.75 -3.00 -24.11 1.02 -0.20 0.29 3762 
-0.92 -1.82 -23.56 1.01 -0.20 0.29 3865 
0.06 -2.31 -23.21 1.01 -0.20 0.28 3970 
-0.58 -2.53 -23.27 1.02 -0.20 0.28 4074 
-1.64 -2.74 -23.75 1.01 -0.19 0.29 4178 
-1.32 -2.08 -23.41 1.01 -0.20 0.28 4283 
-1.00 -2.38 -23.85 1.01 -0.19 0.29 4387 
-0.89 -3.50 -23.64 1.01 -0.21 0.29 4492 
1.40 -3.64 -24.24 1.00 -0.20 0.29 4596 
0.63 -2.95 -23.28 1.01 -0.20 0.29 4701 
-0.89 -2.42 -23.53 1.02 -0.20 0.29 4805 
-1.62 -2.45 -23.44 1.01 -0.19 0.29 4910 
-2.63 -2.27 -23.95 1.01 -0.20 0.29 5013 
-2.63 -1.52 -24.23 1.01 -0.20 0.29 5117 
-1.72 -2.29 -23.83 1.01 -0.20 0.28 5222 
-1.34 -2.82 -23.74 1.01 -0.20 0.29 5326 
-0.58 -2.12 -23.76 1.02 -0.20 0.28 5431 
-1.21 -2.30 -23.53 1.02 -0.20 0.29 5535 
-2.10 -3.04 -23.79 1.01 -0.20 0.29 5640 
-1.79 -2.45 -23.77 1.01 -0.19 0.29 5744 
-1.60 -2.31 -23.53 1.00 -0.20 0.29 5849 
-0.56 -2.19 -23.96 1.02 -0.20 0.29 5953 
-1.09 -2.34 -23.49 1.01 -0.19 0.29 6057 
-1.20 -2.21 -23.73 1.01 -0.19 0.28 6162 
-1.05 -1.86 -23.79 1.01 -0.20 0.29 6265 
0.10 -2.44 -23.58 1.01 -0.20 0.30 6370 
-0.84 -2.82 -23.84 1.01 -0.19 0.29 6474 
-0.62 -2.34 -23.62 1.01 -0.20 0.29 6579 
-1.66 -2.50 -23.85 1.02 -0.20 0.29 6683 
-2.50 -3.12 -23.76 1.01 -0.20 0.30 6788 
-1.17 -2.91 -23.68 1.01 -0.20 0.29 6892 
-0.46 -2.77 -23.57 1.02 -0.20 0.28 6996 
-0.01 -2.79 -23.61 1.01 -0.19 0.29 7101 
-1.63 -2.31 -23.81 1.01 -0.20 0.29 7205 
-0.27 -2.15 -23.66 1.01 -0.20 0.29 7310 
-0.60 -2.25 -23.88 1.01 -0.20 0.29 7413 
0.02 -2.57 -23.94 1.02 -0.20 0.29 7518 
-0.65 -2.44 -23.79 1.01 -0.20 0.28 7622 
0.17 -2.66 -23.92 1.01 -0.20 0.30 7727 
0.10 -2.57 -23.41 1.01 -0.20 0.28 7831 
0.02 -2.53 -24.18 1.01 -0.19 0.29 7936 
0.36 -2.61 -23.87 1.01 -0.20 0.29 8040 
-1.83 -1.65 -23.34 1.01 -0.19 0.28 8144 
-2.28 -2.71 -23.82 1.01 -0.19 0.29 8249 
-2.46 -2.17 -23.69 1.01 -0.20 0.29 8353 
-2.55 -2.09 -24.18 1.01 -0.20 0.29 8457 
-1.70 -2.43 -23.78 1.01 -0.20 0.31 8561 
-1.35 -2.14 -24.08 1.01 -0.20 0.30 8666 
-0.43 -2.82 -23.43 1.00 -0.20 0.30 8770 
-0.64 -2.69 -23.93 1.01 -0.20 0.29 8875 
-0.76 -2.73 -23.88 1.02 -0.20 0.29 8979 
-2.20 -2.21 -23.70 1.02 -0.20 0.28 9083 
-0.66 -2.06 -23.77 1.01 -0.20 0.29 9188 
-1.31 -2.22 -23.33 1.01 -0.20 0.30 9292 
-1.54 -2.37 -23.44 1.00 -0.20 0.30 9397 
-0.96 -2.55 -24.18 1.02 -0.20 0.29 9501 
-0.78 -2.14 -24.12 1.01 -0.20 0.30 9605 
-1.62 -2.78 -23.96 1.01 -0.20 0.29 9709 
0.07 -2.75 -23.65 1.00 -0.20 0.30 9814 
-0.80 -2.53 -23.53 1.01 -0.20 0.29 9918 
-0.39 -2.16 -23.71 1.00 -0.20 0.29 10022 
-1.05 -2.69 -23.50 1.01 -0.19 0.29 10127 
-0.32 -2.50 -23.72 1.00 -0.20 0.29 10231 
-0.80 -3.11 -23.43 1.01 -0.20 0.29 10336 
0.08 -3.12 -24.04 1.01 -0.20 0.28 10440 
0.01 -2.74 -23.50 1.01 -0.20 0.29 10545 
0.10 -2.82 -23.58 1.02 -0.19 0.29 10649 
-1.49 -2.88 -23.64 1.01 -0.20 0.29 10754 
-2.42 -1.83 -23.50 1.01 -0.20 0.29 10858 
-2.08 -1.79 -24.04 1.02 -0.20 0.29 10962 
-1.74 -2.63 -24.25 1.01 -0.21 0.29 11067 
-1.28 -2.84 -23.66 1.01 -0.19 0.30 11171 
-1.66 -2.10 -23.98 1.01 -0.19 0.29 11275 
-0.77 -2.60 -23.76 1.01 -0.19 0.29 11379 
-2.21 -2.41 -24.18 1.01 -0.20 0.29 11484 
-0.36 -2.23 -23.85 1.01 -0.20 0.29 11588 
-0.65 -3.00 -23.71 1.02 -0.20 0.30 11693 
-0.76 -2.89 -23.93 1.01 -0.20 0.30 11797 
-1.02 -2.30 -23.96 1.01 -0.19 0.29 11901 
-1.30 -2.53 -24.19 1.02 -0.20 0.29 12006 
-1.45 -2.86 -24.11 1.01 -0.20 0.29 12110 
-0.14 -3.12 -24.20 1.00 -0.19 0.28 12215 
-0.58 -2.40 -23.18 1.01 -0.20 0.30 12319 
-0.47 -2.21 -23.60 1.01 -0.19 0.29 12424 
-0.59 -2.63 -23.63 1.01 -0.20 0.28 12528 
-1.41 -2.04 -24.01 1.02 -0.19 0.30 12633 
-1.71 -2.84 -23.69 1.01 -0.20 0.29 12737 
-0.96 -2.80 -24.05 1.01 -0.19 0.29 12841 
-1.28 -2.80 -23.27 1.01 -0.20 0.29 12946 
-0.12 -2.91 -23.63 1.01 -0.20 0.28 13050 
-1.52 -3.03 -23.29 1.01 -0.20 0.28 13155 
-1.60 -2.27 -23.62 1.01 -0.20 0.29 13259 
-2.01 -1.95 -23.79 1.02 -0.20 0.29 13364 
-1.82 -2.50 -23.98 1.01 -0.20 0.28 13467 
-1.50 -2.43 -23.80 1.01 -0.19 0.28 13572 
-0.60 -2.46 -23.51 1.01 -0.20 0.29 13676 
-0.79 -2.81 -23.31 1.01 -0.19 0.29 13780 
-1.69 -2.42 -23.73 1.01 -0.20 0.29 13885 
-1.08 -2.24 -23.72 1.01 -0.19 0.29 13989 
-0.90 -2.55 -23.45 1.01 -0.20 0.29 14094 
-0.81 -2.86 -23.46 1.01 -0.20 0.29 14198 
-0.39 -2.52 -23.53 1.01 -0.20 0.30 14303 
-1.33 -2.45 -23.51 1.02 -0.20 0.29 14407 
-1.50 -2.69 -23.60 1.01 -0.19 0.30 14512 
0.30 -2.85 -24.18 1.01 -0.19 0.29 14616 
-0.50 -2.33 -22.81 1.00 -0.19 0.28 14721 
-1.10 -2.73 -23.33 1.01 -0.20 0.29 14825 
-0.82 -2.51 -23.34 1.00 -0.19 0.28 14929 
-2.37 -2.80 -23.66 1.01 -0.20 0.29 15034 
-1.15 -2.61 -23.84 1.01 -0.20 0.28 15138 
-1.34 -2.66 -24.07 1.01 -0.20 0.29 15243 
-0.96 -2.41 -23.37 1.01 -0.20 0.29 15347 
0.30 -2.68 -23.67 1.01 -0.20 0.29 15452 
0.41 -2.89 -23.34 1.01 -0.20 0.28 15556 
-0.63 -2.59 -23.89 1.01 -0.19 0.29 15660 
-1.89 -1.94 -23.92 1.01 -0.20 0.29 15764 
-1.56 -2.19 -23.90 1.01 -0.21 0.28 15868 
-1.19 -2.56 -23.97 1.01 -0.20 0.29 15973 
-1.05 -2.69 -23.81 1.01 -0.20 0.29 16077 
-1.27 -2.31 -23.39 1.01 -0.20 0.29 16182 
-1.86 -2.40 -24.00 1.01 -0.20 0.29 16286 
-0.59 -2.82 -24.11 1.00 -0.20 0.28 16391 
-1.44 -2.24 -23.10 1.01 -0.21 0.29 16495 
-1.32 -1.92 -23.29 1.01 -0.20 0.29 16600 
-0.57 -2.41 -23.89 1.02 -0.20 0.29 16704 
-2.02 -2.11 -24.03 1.01 -0.20 0.29 16808 
-1.09 -3.11 -23.84 1.00 -0.20 0.29 16913 
-0.66 -2.91 -24.24 1.01 -0.19 0.28 17017 
-0.66 -2.56 -23.33 1.01 -0.20 0.29 17122 
-0.41 -2.67 -23.70 1.01 -0.19 0.29 17226 
-0.54 -2.85 -23.73 1.01 -0.20 0.29 17331 
-0.79 -2.87 -24.05 1.01 -0.20 0.28 17435 
-0.19 -2.82 -24.26 1.02 -0.21 0.29 17540 
0.66 -3.11 -23.94 1.01 -0.21 0.29 17644 
0.30 -2.95 -23.37 1.01 -0.20 0.29 17748 
-0.18 -2.70 -23.26 1.01 -0.20 0.28 17852 
-0.65 -2.74 -23.44 1.01 -0.20 0.29 17956 
-1.03 -2.98 -23.97 1.01 -0.19 0.29 18061 
-1.98 -2.66 -23.87 1.01 -0.20 0.28 18165 
-2.33 -2.15 -23.35 1.01 -0.20 0.29 18270 
-2.34 -2.49 -24.00 1.01 -0.20 0.28 18374 
-1.87 -2.53 -23.91 1.01 -0.20 0.27 18479 
-1.31 -2.44 -23.84 1.01 -0.19 0.29 18583 
-1.02 -2.66 -23.29 1.01 -0.20 0.28 18688 
-1.27 -2.76 -24.24 1.01 -0.19 0.29 18792 
-1.79 -2.43 -23.27 1.01 -0.20 0.29 18896 
-0.23 -2.37 -24.03 1.01 -0.20 0.29 19001 
0.69 -2.14 -23.66 1.02 -0.20 0.28 19105 
-0.05 -2.38 -23.92 1.01 -0.21 0.29 19210 
0.02 -2.42 -23.71 1.01 -0.20 0.28 19314 
-1.77 -2.30 -23.72 1.01 -0.20 0.29 19419 
-2.09 -2.70 -23.51 1.01 -0.20 0.29 19523 
1.10 -2.17 -23.37 1.01 -0.20 0.28 19628 
-0.66 -2.31 -23.80 1.01 -0.20 0.29 19732 
-0.79 -2.23 -23.49 1.01 -0.20 0.29 19836 
0.43 -2.37 -23.98 1.01 -0.20 0.30 19941 
-1.03 -2.65 -23.47 1.01 -0.20 0.28 20044 
-1.00 -2.73 -23.39 1.01 -0.21 0.30 20149 
0.08 -2.62 -23.21 1.01 -0.21 0.29 20253 
0.57 -2.58 -23.25 1.01 -0.20 0.29 20358 
0.58 -2.70 -23.40 1.01 -0.20 0.29 20462 
-0.50 -2.56 -23.40 1.00 -0.21 0.29 20567 
-2.50 -2.24 -23.73 1.01 -0.20 0.30 20671 
-2.93 -2.02 -23.60 1.02 -0.21 0.29 20775 
-2.50 -1.81 -23.98 1.01 -0.20 0.29 20880 
-0.36 -2.23 -23.28 1.01 -0.21 0.29 20984 
0.15 -2.64 -22.66 1.01 -0.20 0.29 21089 
-1.16 -2.38 -23.08 1.01 -0.21 0.29 21193 
-1.24 -1.95 -23.95 1.01 -0.21 0.29 21298 
-2.47 -2.80 -24.38 1.01 -0.20 0.30 21402 
-1.12 -2.49 -24.17 1.01 -0.21 0.30 21507 
0.48 -2.77 -24.39 1.02 -0.20 0.29 21611 
1.53 -3.22 -23.53 1.01 -0.21 0.29 21715 
0.75 -3.61 -24.27 1.01 -0.20 0.30 21820 
-1.45 -2.87 -23.55 1.01 -0.20 0.30 21924 
-4.05 -3.02 -24.23 1.01 -0.20 0.30 22029 
-1.89 -2.96 -23.89 1.00 -0.20 0.30 22132 
-1.21 -2.40 -23.64 1.01 -0.21 0.28 22237 
0.16 -2.64 -23.28 1.01 -0.21 0.29 22341 
-0.47 -2.74 -23.40 1.01 -0.20 0.28 22446 
-0.89 -2.66 -24.09 1.00 -0.20 0.28 22550 
-1.57 -3.06 -23.93 1.00 -0.20 0.28 22654 
-0.86 -2.90 -23.86 1.01 -0.20 0.29 22759 
-0.59 -2.47 -22.50 1.01 -0.21 0.30 22863 
-1.24 -2.56 -23.33 1.01 -0.20 0.28 22968 
-0.56 -2.85 -23.60 1.01 -0.20 0.29 23072 
-1.73 -2.53 -23.18 1.01 -0.20 0.29 23177 
-2.57 -3.05 -24.35 1.01 -0.20 0.29 23281 
-1.76 -2.96 -23.55 1.01 -0.21 0.29 23386 
-1.85 -2.27 -23.24 1.01 -0.21 0.29 23490 
-1.67 -2.69 -23.71 1.02 -0.21 0.29 23595 
-0.30 -1.73 -23.22 1.01 -0.21 0.29 23699 
-1.08 -1.47 -23.21 1.01 -0.20 0.28 23803 
0.05 -2.09 -23.53 1.02 -0.22 0.30 23908 
-0.14 -2.15 -24.21 1.01 -0.20 0.28 24012 
-1.79 -1.63 -24.02 1.01 -0.21 0.29 24117 
-3.06 -1.17 -23.17 1.00 -0.21 0.30 24221 
-3.21 -2.62 -23.24 1.00 -0.22 0.30 24325 
0.08 -2.34 -23.03 1.01 -0.22 0.30 24429 
-0.16 -2.79 -23.20 1.01 -0.21 0.28 24534 
0.04 -2.38 -23.35 1.00 -0.21 0.30 24638 
-1.73 -2.56 -23.54 1.00 -0.22 0.29 24742 
-0.27 -2.34 -24.08 1.01 -0.21 0.29 24847 
0.31 -2.39 -24.07 1.00 -0.22 0.30 24951 
0.01 -2.63 -23.84 1.01 -0.22 0.30 25056 
-1.18 -2.82 -23.34 1.01 -0.21 0.31 25160 
-0.82 -2.04 -23.74 1.01 -0.21 0.29 25265 
-0.82 -2.56 -23.98 1.01 -0.21 0.30 25369 
-0.60 -3.66 -23.40 1.01 -0.22 0.30 25474 
0.58 -3.54 -23.31 1.01 -0.21 0.29 25578 
1.44 -3.37 -22.73 1.01 -0.21 0.29 25682 
0.41 -3.09 -23.63 1.01 -0.21 0.29 25787 
1.37 -2.69 -22.74 1.01 -0.21 0.30 25891 
0.80 -2.98 -23.66 1.01 -0.20 0.29 25996 
-1.03 -1.84 -24.02 1.01 -0.20 0.29 26100 
-2.92 -2.24 -23.53 1.01 -0.21 0.29 26205 
-3.34 -2.44 -23.69 1.01 -0.21 0.30 26309 
-1.90 -2.13 -23.42 1.01 -0.21 0.29 26414 
-2.82 -2.27 -23.85 1.02 -0.21 0.29 26517 
-2.58 -2.89 -23.53 1.00 -0.21 0.29 26621 
-0.76 -3.04 -23.84 1.00 -0.21 0.29 26726 
-0.92 -2.27 -23.17 1.00 -0.22 0.29 26830 
-1.63 -1.91 -23.36 1.01 -0.21 0.30 26935 
-2.11 -2.18 -23.57 1.00 -0.22 0.29 27039 
-2.31 -2.48 -23.57 1.01 -0.21 0.30 27144 
-1.17 -1.30 -24.05 1.01 -0.22 0.29 27248 
-0.09 -2.61 -23.61 1.00 -0.22 0.29 27353 
-1.36 -2.49 -23.25 1.01 -0.22 0.29 27457 
-0.88 -1.97 -23.34 1.01 -0.22 0.30 27561 
-1.31 -2.15 -23.31 1.00 -0.21 0.29 27666 
-1.10 -1.95 -23.76 1.01 -0.22 0.31 27770 
0.98 -1.81 -23.50 1.00 -0.21 0.30 27875 
1.21 -2.51 -23.11 1.00 -0.22 0.30 27979 
1.12 -2.56 -23.34 1.01 -0.21 0.30 28084 
-0.51 -1.98 -23.50 1.01 -0.22 0.30 28188 
-3.30 -2.21 -24.33 1.01 -0.22 0.30 28293 
-3.01 -2.05 -23.40 1.01 -0.22 0.31 28397 
-2.09 -2.06 -23.73 1.00 -0.22 0.30 28502 
-1.54 -2.56 -24.05 1.00 -0.22 0.31 28606 
-0.64 -2.13 -23.29 1.01 -0.22 0.30 28710 
-1.67 -2.66 -23.58 1.01 -0.22 0.30 28814 
-1.66 -2.37 -23.97 1.01 -0.22 0.30 28918 
-1.55 -2.56 -23.76 1.00 -0.22 0.30 29023 
-1.19 -2.56 -23.65 1.01 -0.22 0.31 29127 
-0.73 -2.94 -23.89 1.01 -0.22 0.30 29232 
-0.06 -2.62 -23.65 1.00 -0.22 0.31 29336 
-0.15 -2.58 -24.07 1.00 -0.22 0.30 29441 
1.15 -3.36 -24.02 1.00 -0.22 0.31 29545 
1.30 -3.55 -24.48 1.01 -0.22 0.30 29649 
1.61 -3.47 -23.93 1.00 -0.22 0.29 29754 
0.63 -3.02 -23.62 1.00 -0.22 0.30 29858 
0.73 -2.99 -23.48 1.01 -0.22 0.30 29963 
-2.00 -2.76 -23.54 1.00 -0.22 0.30 30067 
-1.52 -2.29 -24.17 1.00 -0.21 0.30 30172 
-1.42 -2.34 -23.52 1.01 -0.22 0.30 30276 
-1.44 -2.63 -23.52 1.00 -0.21 0.29 30381 
-1.25 -2.41 -23.85 1.00 -0.22 0.30 30485 
-1.87 -2.37 -24.59 1.01 -0.22 0.30 30589 
-1.41 -2.96 -24.19 1.00 -0.21 0.29 30694 
-0.82 -2.54 -23.51 1.00 -0.22 0.29 30798 
-0.63 -3.02 -23.93 1.00 -0.21 0.31 30903 
-1.39 -2.63 -24.51 1.01 -0.22 0.30 31007 
-1.52 -2.24 -24.56 1.01 -0.20 0.29 31111 
-0.85 -2.57 -24.63 1.01 -0.21 0.29 31215 
-0.91 -2.71 -24.22 1.01 -0.21 0.29 31320 
-1.08 -2.63 -23.99 1.01 -0.21 0.29 31424 
-1.44 -2.45 -23.61 1.01 -0.21 0.29 31528 
-1.20 -2.67 -23.93 1.02 -0.20 0.29 31633 
-0.60 -2.29 -23.44 1.01 -0.20 0.28 31737 
-1.73 -2.63 -23.72 1.01 -0.21 0.29 31842 
-2.99 -2.31 -23.47 1.01 -0.21 0.29 31946 
-3.44 -1.50 -23.84 1.02 -0.21 0.29 32051 
-2.85 -1.95 -24.42 1.01 -0.21 0.29 32155 
-1.08 -2.21 -23.63 1.01 -0.21 0.30 32260 
-0.63 -2.92 -23.71 1.01 -0.22 0.29 32364 
-1.16 -3.24 -23.52 1.01 -0.21 0.30 32468 
-1.05 -2.27 -23.46 1.00 -0.21 0.30 32573 
-2.05 -2.61 -24.16 1.01 -0.20 0.29 32677 
-1.46 -2.83 -24.21 1.01 -0.21 0.29 32782 
-0.28 -2.46 -23.36 1.00 -0.22 0.30 32886 
-0.82 -2.76 -23.88 1.01 -0.22 0.30 32991 
1.15 -2.30 -23.07 1.01 -0.22 0.29 33095 
-1.87 -2.39 -23.57 1.01 -0.21 0.29 33200 
-0.85 -2.92 -24.19 1.01 -0.22 0.29 33304 
-1.51 -2.07 -23.53 1.00 -0.21 0.29 33409 
0.36 -2.47 -23.50 1.01 -0.22 0.30 33512 
0.81 -2.25 -23.66 1.00 -0.21 0.29 33616 
-0.60 -2.27 -24.60 1.01 -0.21 0.30 33721 
-0.74 -2.51 -24.84 1.01 -0.22 0.29 33825 
-0.47 -2.53 -23.61 1.00 -0.22 0.30 33930 
-0.64 -2.99 -23.57 1.00 -0.20 0.29 34034 
-0.55 -3.14 -23.37 1.01 -0.20 0.29 34139 
-3.50 -2.52 -24.31 1.01 -0.21 0.29 34243 
-2.08 -2.13 -23.80 1.01 -0.21 0.29 34348 
-2.15 -2.66 -24.32 1.01 -0.21 0.30 34452 
-1.37 -2.32 -24.06 1.01 -0.21 0.29 34556 
1.53 -3.93 -24.50 1.01 -0.21 0.29 34661 
1.27 -4.78 -24.77 1.01 -0.21 0.28 34765 
1.24 -2.92 -23.50 1.02 -0.20 0.28 34870 
-0.80 -2.94 -25.21 1.01 -0.20 0.29 34974 
0.28 -2.63 -23.80 1.01 -0.21 0.28 35079 
-3.15 -3.28 -23.06 0.98 -0.20 0.27 35183 
-1.43 -2.92 -22.24 1.02 -0.22 0.28 35288 
0.69 -2.81 -22.55 0.99 -0.22 0.27 35392 
0.04 -1.94 -21.04 1.02 -0.21 0.29 35496 
-2.53 -0.46 -23.55 1.00 -0.19 0.28 35601 
-6.12 -2.86 -25.48 1.02 -0.20 0.29 35705 
-6.38 -3.34 -26.18 1.00 -0.23 0.30 35809 
-0.20 -2.02 -22.71 1.02 -0.21 0.29 35913 
-1.56 -2.21 -24.88 1.01 -0.20 0.27 36018 
2.66 -3.15 -24.26 1.01 -0.22 0.31 36122 
-1.53 -1.53 -22.62 1.01 -0.19 0.27 36227 
-2.04 -2.79 -25.16 1.00 -0.21 0.30 36331 
1.31 -2.62 -22.72 1.02 -0.21 0.29 36435 
-0.31 -3.66 -23.46 1.00 -0.21 0.29 36540 
-2.31 -3.03 -23.21 1.02 -0.20 0.29 36644 
-2.51 -1.94 -24.15 1.01 -0.21 0.29 36749 
-2.60 -3.42 -24.08 1.01 -0.21 0.29 36853 
-1.56 -3.38 -24.69 1.00 -0.21 0.28 36958 
-0.85 -1.66 -23.91 1.01 -0.20 0.28 37062 
-0.83 -2.85 -24.48 1.01 -0.21 0.29 37167 
-1.05 -2.78 -23.46 1.03 -0.22 0.29 37271 
-2.47 -3.63 -26.33 1.00 -0.21 0.29 37376 
1.40 -0.81 -23.50 1.03 -0.21 0.30 37480 
-3.39 -3.50 -25.19 1.00 -0.19 0.29 37584 
-0.87 -3.18 -22.73 1.01 -0.21 0.29 37689 
-3.81 -1.29 -24.48 1.02 -0.18 0.27 37793 
-3.18 -3.44 -25.49 1.01 -0.20 0.29 37898 
-0.89 -2.47 -22.53 1.02 -0.22 0.29 38002 
-1.76 -2.72 -22.69 1.01 -0.21 0.28 38107 
2.87 -2.60 -22.77 1.01 -0.21 0.29 38211 
0.52 -2.54 -23.77 1.02 -0.20 0.29 38315 
-2.73 -2.46 -24.31 1.01 -0.21 0.27 38419 
-1.89 -2.84 -23.43 1.01 -0.20 0.29 38523 
0.15 -3.22 -24.50 1.01 -0.23 0.29 38628 
2.35 -2.90 -22.90 1.01 -0.21 0.29 38732 
0.94 -2.79 -23.31 1.00 -0.20 0.28 38837 
1.83 -2.85 -23.29 1.01 -0.20 0.28 38941 
-1.27 -1.98 -23.45 1.01 -0.20 0.28 39046 
-2.39 -1.55 -24.01 1.01 -0.21 0.29 39150 
-1.42 -2.07 -23.39 1.01 -0.21 0.29 39255 
-1.98 -2.05 -23.79 1.01 -0.21 0.30 39359 
-1.60 -2.57 -23.47 1.01 -0.20 0.29 39463 
-2.67 -2.27 -23.75 1.01 -0.21 0.28 39568 
-1.21 -2.33 -23.11 1.01 -0.21 0.28 39672 
-2.27 -1.82 -23.62 1.01 -0.21 0.29 39777 
-1.55 -1.82 -23.69 1.01 -0.20 0.30 39881 
-2.36 -2.44 -23.47 1.01 -0.20 0.28 39986 
-2.31 -2.61 -23.79 1.01 -0.20 0.29 40090 
-1.66 -2.44 -22.54 1.01 -0.22 0.29 40195 
-0.89 -2.58 -23.43 1.00 -0.21 0.30 40299 
0.37 -2.35 -22.91 1.01 -0.21 0.28 40403 
-0.94 -1.83 -22.97 1.01 -0.21 0.29 40508 
1.03 -3.85 -23.75 1.01 -0.21 0.29 40612 
-0.46 -2.10 -23.34 1.01 -0.22 0.29 40716 
-2.46 -2.11 -23.28 1.01 -0.22 0.29 40820 
0.24 -2.79 -22.95 1.00 -0.21 0.29 40925 
-0.73 -2.21 -22.98 1.01 -0.22 0.29 41029 
-1.38 -2.26 -24.05 1.01 -0.21 0.29 41134 
-1.25 -2.16 -24.51 1.01 -0.22 0.29 41238 
0.08 -2.40 -24.24 1.00 -0.22 0.30 41342 
0.55 -2.40 -23.74 0.99 -0.22 0.29 41447 
1.86 -2.95 -23.16 1.01 -0.22 0.30 41551 
-1.95 -2.44 -24.44 1.01 -0.21 0.28 41656 
-2.94 -2.20 -23.58 1.01 -0.22 0.30 41760 
-4.66 -2.79 -24.11 1.00 -0.22 0.30 41865 
-0.56 -3.25 -24.28 1.00 -0.21 0.29 41969 
-1.77 -2.02 -22.98 1.01 -0.21 0.29 42074 
-2.33 -3.08 -23.18 1.01 -0.22 0.29 42178 
-3.02 -2.18 -23.06 1.00 -0.23 0.30 42283 
-2.89 -0.82 -22.56 1.01 -0.21 0.28 42387 
-4.15 -2.19 -23.87 1.01 -0.23 0.30 42491 
-2.37 -2.73 -23.57 1.00 -0.22 0.30 42596 
-4.31 -2.01 -23.97 0.99 -0.22 0.28 42700 
-0.37 -1.96 -23.52 1.00 -0.24 0.30 42805 
-1.94 -2.16 -23.15 1.00 -0.22 0.30 42909 
-3.56 -2.57 -23.78 1.01 -0.23 0.28 43013 
-2.01 -1.63 -23.84 1.01 -0.23 0.31 43117 
-0.63 -2.41 -24.02 1.01 -0.24 0.30 43222 
0.89 -3.11 -23.56 1.00 -0.23 0.30 43326 
-0.79 -2.48 -24.67 1.00 -0.22 0.29 43430 
-0.32 -2.08 -24.34 1.01 -0.22 0.29 43535 
-1.56 -2.35 -23.94 1.01 -0.23 0.31 43639 
0.89 -3.10 -24.46 0.99 -0.21 0.29 43744 
0.32 -2.74 -22.92 1.01 -0.23 0.30 43848 
1.19 -4.11 -23.54 1.00 -0.22 0.29 43953 
0.47 -2.73 -23.22 1.00 -0.21 0.28 44057 
-2.66 -2.28 -24.82 1.00 -0.22 0.29 44162 
-2.96 -1.33 -24.26 1.01 -0.22 0.30 44266 
-1.65 -2.60 -23.60 1.00 -0.23 0.30 44370 
-0.95 -2.74 -23.75 1.00 -0.22 0.30 44475 
-0.47 -2.82 -23.56 1.01 -0.22 0.30 44579 
-0.53 -3.12 -23.93 1.00 -0.22 0.30 44684 
-1.32 -2.79 -23.16 1.01 -0.22 0.30 44788 
-2.44 -2.77 -24.45 1.00 -0.21 0.29 44893 
-2.53 -2.39 -24.35 1.00 -0.22 0.30 44997 
-0.68 -2.44 -23.89 1.00 -0.22 0.30 45102 
0.70 -3.03 -23.57 1.00 -0.22 0.29 45205 
-1.38 -2.07 -23.93 1.01 -0.22 0.29 45309 
-2.20 -1.78 -23.71 1.02 -0.23 0.30 45414 
-3.73 -2.60 -24.21 1.01 -0.22 0.28 45518 
-1.98 -2.66 -23.89 1.01 -0.22 0.29 45623 
-0.01 -3.09 -23.25 1.01 -0.23 0.29 45727 
-1.53 -2.86 -23.57 1.00 -0.21 0.29 45832 
0.33 -2.98 -23.85 1.01 -0.23 0.31 45936 
0.72 -1.98 -23.75 1.01 -0.21 0.28 46041 
0.73 -2.82 -23.77 1.01 -0.22 0.30 46145 
-0.60 -2.94 -24.14 1.01 -0.21 0.29 46249 
0.28 -2.73 -23.66 1.01 -0.23 0.30 46354 
1.01 -2.74 -23.18 1.01 -0.22 0.29 46458 
-0.24 -3.14 -23.73 1.01 -0.22 0.30 46563 
-1.63 -1.82 -23.57 1.01 -0.22 0.29 46667 
-3.60 -2.60 -24.63 1.01 -0.22 0.29 46772 
-1.07 -2.52 -24.02 1.01 -0.22 0.29 46876 
-1.06 -2.16 -23.73 1.01 -0.21 0.30 46981 
-1.95 -2.87 -23.60 1.00 -0.21 0.29 47085 
-1.82 -2.25 -23.63 1.01 -0.22 0.30 47190 
-1.49 -2.52 -23.59 1.00 -0.22 0.29 47294 
-1.56 -2.89 -23.88 1.00 -0.22 0.29 47398 
-1.98 -1.77 -23.44 1.00 -0.22 0.30 47502 
-1.79 -2.05 -23.49 1.01 -0.22 0.29 47606 
-0.11 -2.32 -23.40 1.00 -0.22 0.29 47711 
-1.48 -2.38 -23.60 1.01 -0.22 0.29 47815 
-1.06 -2.05 -23.15 1.01 -0.21 0.29 47920 
-1.47 -1.99 -23.44 1.01 -0.22 0.30 48024 
-1.00 -2.33 -23.24 1.01 -0.22 0.30 48129 
-1.25 -2.36 -23.22 1.01 -0.23 0.30 48233 
0.00 -2.58 -23.29 1.01 -0.23 0.29 48337 
-1.92 -2.30 -23.25 1.01 -0.22 0.29 48442 
-0.97 -2.71 -23.75 1.00 -0.23 0.31 48546 
-1.52 -2.21 -23.04 1.01 -0.23 0.30 48651 
0.41 -2.26 -24.00 1.00 -0.23 0.29 48755 
0.52 -1.74 -23.75 1.00 -0.22 0.29 48860 
0.56 -2.05 -24.35 1.00 -0.24 0.30 48964 
1.82 -2.56 -23.72 1.01 -0.22 0.30 49069 
-1.04 -2.43 -24.24 1.00 -0.22 0.30 49173 
-0.29 -2.60 -24.11 1.01 -0.23 0.30 49277 
-1.07 -1.73 -24.25 1.01 -0.23 0.29 49382 
-0.87 -2.78 -23.78 0.99 -0.22 0.31 49486 
-2.71 -3.15 -24.50 1.00 -0.22 0.30 49591 
-1.52 -2.72 -24.10 1.00 -0.22 0.31 49694 
-2.26 -2.25 -23.60 1.01 -0.21 0.31 49799 
-1.55 -3.23 -24.21 1.01 -0.23 0.30 49903 
-1.17 -3.79 -23.79 1.00 -0.22 0.30 50008 
-0.99 -3.56 -24.08 1.00 -0.22 0.30 50112 
-1.06 -2.51 -23.41 1.01 -0.21 0.29 50216 
-1.97 -2.71 -23.80 1.00 -0.22 0.29 50321 
-1.02 -2.92 -23.56 1.00 -0.22 0.29 50425 
-1.44 -2.54 -23.70 1.00 -0.22 0.30 50530 
-0.58 -2.60 -23.86 1.01 -0.22 0.29 50634 
-0.26 -2.76 -24.16 1.01 -0.23 0.31 50739 
0.53 -2.56 -23.09 1.01 -0.22 0.30 50843 
-2.40 -3.40 -24.37 1.01 -0.22 0.29 50948 
-2.01 -2.63 -23.69 1.00 -0.22 0.30 51052 
0.25 -2.24 -23.49 1.01 -0.21 0.30 51156 
-0.18 -3.52 -24.37 1.00 -0.23 0.29 51261 
-0.21 -2.14 -23.42 1.00 -0.21 0.29 51365 
0.11 -3.55 -24.43 1.01 -0.22 0.30 51470 
-2.23 -2.13 -23.69 1.00 -0.21 0.28 51574 
-3.08 -3.13 -23.89 1.00 -0.23 0.30 51679 
0.09 -2.05 -23.69 1.01 -0.22 0.30 51783 
-0.80 -2.31 -24.32 1.00 -0.21 0.28 51888 
-0.70 -2.71 -24.31 1.01 -0.21 0.29 51991 
-1.40 -1.76 -24.40 1.01 -0.22 0.30 52096 
-1.34 -2.44 -24.01 1.00 -0.21 0.30 52200 
-1.36 -2.63 -23.66 1.01 -0.22 0.30 52304 
-0.92 -2.47 -23.29 1.00 -0.22 0.30 52409 
-1.08 -2.76 -23.51 1.01 -0.21 0.30 52513 
-1.43 -2.40 -23.80 1.01 -0.22 0.29 52618 
-0.43 -1.53 -23.76 1.01 -0.22 0.30 52722 
-0.76 -2.67 -23.81 1.01 -0.22 0.29 52827 
-0.39 -2.89 -24.05 1.01 -0.22 0.30 52931 
-0.56 -2.31 -23.89 1.01 -0.22 0.30 53036 
-0.24 -2.48 -23.83 1.00 -0.22 0.30 53140 
-0.59 -2.42 -23.07 1.00 -0.21 0.30 53244 
0.57 -2.14 -23.63 1.01 -0.21 0.29 53349 
0.20 -2.66 -23.60 1.01 -0.21 0.29 53453 
-0.16 -3.01 -23.75 1.00 -0.21 0.30 53558 
-1.55 -2.62 -24.04 1.01 -0.21 0.30 53662 
-1.47 -2.26 -23.32 1.00 -0.21 0.29 53767 
-2.23 -2.52 -23.85 1.01 -0.21 0.30 53871 
-1.58 -2.23 -23.71 1.01 -0.21 0.29 53976 
-0.79 -2.78 -23.43 1.00 -0.22 0.30 54080 
-0.76 -2.76 -23.25 1.01 -0.22 0.30 54184 
-2.41 -2.21 -23.55 1.00 -0.22 0.29 54288 
-2.56 -2.25 -23.74 1.01 -0.21 0.30 54392 
-1.99 -2.38 -23.79 1.00 -0.22 0.30 54497 
-1.81 -1.42 -24.34 1.01 -0.22 0.29 54601 
-1.19 -2.34 -24.06 1.01 -0.22 0.31 54706 
-0.07 -2.85 -23.86 1.01 -0.22 0.31 54810 
0.06 -2.65 -23.69 1.00 -0.22 0.29 54915 
-0.25 -2.53 -23.77 1.00 -0.21 0.30 55019 
-0.66 -2.57 -23.95 1.01 -0.22 0.30 55123 
-1.12 -2.22 -24.14 1.02 -0.22 0.30 55228 
-0.19 -3.01 -23.76 1.00 -0.22 0.30 55332 
-0.56 -2.95 -23.47 1.00 -0.21 0.29 55437 
-0.28 -2.72 -23.65 1.01 -0.21 0.29 55541 
-0.42 -2.98 -23.38 1.01 -0.21 0.29 55646 
-1.39 -2.92 -23.68 1.00 -0.22 0.30 55750 
-1.09 -2.48 -23.54 1.00 -0.21 0.30 55855 
-2.85 -3.06 -23.81 1.00 -0.21 0.29 55959 
-0.46 -2.59 -23.73 1.00 -0.22 0.30 56064 
0.21 -1.89 -23.27 1.01 -0.21 0.29 56168 
-0.11 -2.34 -23.85 1.00 -0.21 0.29 56272 
-1.15 -1.93 -23.63 1.00 -0.21 0.31 56377 
-1.34 -2.16 -23.16 1.00 -0.21 0.30 56481 
-1.52 -2.23 -23.83 1.01 -0.22 0.30 56585 
-1.31 -2.51 -23.35 1.02 -0.22 0.29 56689 
-1.98 -2.46 -23.46 1.01 -0.22 0.30 56794 
-1.56 -2.61 -23.60 1.00 -0.22 0.29 56898 
-1.47 -2.15 -23.48 1.01 -0.22 0.28 57003 
-1.90 -2.01 -23.67 1.00 -0.22 0.30 57107 
-1.44 -2.61 -23.93 1.00 -0.22 0.31 57211 
-0.25 -2.91 -23.89 1.00 -0.22 0.30 57316 
-0.24 -2.10 -23.60 1.00 -0.22 0.30 57420 
0.17 -2.50 -23.40 1.00 -0.22 0.31 57525 
-0.71 -2.46 -23.49 1.01 -0.22 0.30 57629 
-1.24 -2.08 -23.85 1.01 -0.22 0.30 57734 
-0.72 -2.06 -23.96 1.00 -0.22 0.29 57838 
-0.91 -1.50 -24.11 1.01 -0.23 0.29 57943 
-0.10 -2.65 -23.90 1.00 -0.22 0.30 58047 
-0.73 -2.67 -23.26 1.00 -0.22 0.30 58151 
-0.40 -2.49 -23.22 1.01 -0.22 0.30 58256 
-1.22 -2.69 -23.45 1.00 -0.21 0.31 58360 
-2.50 -2.49 -23.85 1.00 -0.22 0.30 58465 
-2.04 -1.90 -23.58 1.00 -0.22 0.31 58569 
-1.50 -2.32 -23.93 1.00 -0.22 0.31 58673 
-0.53 -2.51 -23.50 1.01 -0.23 0.31 58777 
-0.36 -2.74 -23.83 1.00 -0.22 0.31 58882 
-0.66 -2.73 -24.05 1.00 -0.22 0.31 58986 
-0.06 -2.39 -23.44 1.00 -0.21 0.30 59090 
-2.06 -2.59 -24.31 1.01 -0.22 0.31 59195 
-1.08 -2.44 -24.51 1.00 -0.21 0.30 59299 
-0.83 -2.54 -24.02 1.00 -0.22 0.30 59404 
-1.08 -2.40 -23.86 1.00 -0.22 0.31 59508 
-1.11 -2.57 -23.64 1.00 -0.22 0.31 59613 
-1.21 -2.57 -23.50 1.01 -0.22 0.30 59717 
-2.10 -2.31 -23.68 1.00 -0.21 0.30 59822 
-1.98 -2.34 -23.60 1.01 -0.22 0.31 59926 
-1.66 -2.70 -23.61 1.00 -0.22 0.31 60030 